n: 100
m: 8
Pi:U[1-99] 12 28 9 87 78 82 16 6 30 43 47 84 13 14 40 55 94 8 40 89 16 90 47 28 77 35 97 16 71 70 75 66 81 74 16 21 25 43 34 14 52 36 33 42 76 18 49 58 20 91 90 65 19 15 88 69 59 41 54 88 9 13 85 70 5 86 97 99 8 96 26 74 94 13 26 22 73 77 72 32 7 38 94 92 21 20 46 73 64 40 80 69 87 36 6 93 97 63 82 49 
Si:U[1-49]
0 8 3 14 19 25 12 40 37 31 42 20 4 12 41 8 46 24 9 16 28 8 3 28 16 7 48 43 2 29 18 31 47 15 39 41 40 47 14 9 24 10 40 19 27 7 21 29 33 28 43 27 38 29 11 22 47 11 13 41 13 20 29 30 24 49 19 49 18 17 38 27 27 13 19 39 31 42 16 43 7 49 19 49 12 23 27 3 24 25 16 39 49 26 41 34 19 8 38 47 34 
40 0 10 45 13 41 47 14 40 22 15 32 11 22 18 29 45 11 38 28 1 12 36 7 9 36 45 19 43 4 1 41 36 12 16 33 3 10 4 27 12 41 4 31 34 19 47 48 3 15 46 49 7 24 29 17 21 13 36 43 45 18 34 27 41 48 32 39 27 15 7 49 35 39 40 21 45 19 37 29 24 33 36 30 40 20 44 41 16 7 7 48 31 24 27 20 34 11 13 5 3 
40 30 0 22 27 43 30 13 47 49 45 40 15 44 20 42 15 47 7 22 11 44 40 13 30 26 48 4 40 38 9 43 17 41 40 20 7 11 1 34 23 32 20 31 13 45 39 8 22 3 14 38 46 12 7 47 16 32 34 27 22 21 1 35 44 17 8 3 21 11 5 23 20 33 7 34 15 32 2 48 27 26 22 45 13 39 47 16 14 27 43 27 20 46 17 32 43 34 33 7 28 
4 27 37 0 43 11 45 20 11 28 48 46 15 21 20 21 22 14 10 37 41 28 10 2 7 33 41 36 26 10 37 23 26 6 49 5 38 31 43 9 29 4 25 16 8 21 44 9 38 29 34 37 33 6 23 10 37 24 39 25 15 37 17 7 9 13 45 25 25 26 31 1 14 26 10 10 43 23 18 34 14 43 41 12 17 31 40 18 46 28 20 45 27 14 19 32 28 12 21 43 42 
27 29 32 44 0 29 20 8 12 16 31 7 12 18 21 8 3 32 9 30 28 24 36 12 27 19 21 23 22 28 26 27 13 26 27 17 2 2 24 19 17 18 32 33 20 2 5 44 5 36 11 13 46 38 45 4 46 29 38 14 42 46 15 13 9 49 23 7 3 47 19 9 6 44 24 46 31 16 31 42 32 45 5 16 13 20 19 30 31 31 21 46 40 16 28 48 26 10 7 7 15 
5 45 20 45 6 0 44 6 48 24 8 26 38 17 24 22 26 29 16 16 42 38 32 18 2 23 1 39 36 31 1 2 31 49 19 10 9 44 47 14 36 40 44 32 47 31 21 37 33 43 35 2 16 29 13 23 14 15 47 30 47 1 46 21 47 48 44 15 15 23 18 13 35 3 25 39 45 48 20 49 18 46 9 22 12 1 14 16 17 35 48 30 31 45 31 24 5 49 32 30 12 
44 29 24 10 22 40 0 10 26 5 15 49 1 11 6 25 39 33 24 39 35 7 31 27 42 45 17 16 7 35 14 40 29 45 18 39 15 14 10 18 29 39 12 46 15 30 25 31 6 28 20 17 11 38 1 25 21 16 8 39 35 22 32 19 48 17 7 43 11 32 3 9 36 24 35 36 9 23 33 27 49 20 18 43 46 25 47 29 40 27 17 28 17 15 20 24 19 18 24 42 37 
26 27 43 42 41 30 11 0 12 36 31 34 1 34 23 3 15 34 42 19 26 14 28 38 34 49 18 6 5 45 38 26 15 21 8 10 21 12 12 47 8 47 26 30 25 19 22 18 40 25 10 15 14 8 9 43 24 32 49 29 41 31 34 36 5 15 18 7 26 24 34 3 42 8 27 31 49 38 9 21 38 11 41 26 3 28 37 22 41 31 20 30 36 4 24 40 13 35 14 15 25 
30 33 10 2 46 18 26 19 0 35 27 9 49 38 38 32 27 20 33 36 14 33 49 20 45 47 29 43 3 4 9 24 1 10 13 5 15 39 14 48 15 16 44 22 14 9 11 35 48 10 5 4 17 29 4 10 28 44 42 15 46 19 33 16 6 10 7 41 47 12 9 22 9 47 26 38 42 13 38 4 27 26 24 7 29 5 48 32 18 44 42 49 15 32 24 5 17 5 37 35 26 
4 27 4 25 44 39 40 39 42 0 47 41 41 15 22 7 8 11 44 14 38 35 42 31 44 26 20 20 47 43 16 39 11 24 25 19 30 14 24 45 41 11 7 13 37 14 37 22 31 9 16 34 16 21 13 5 33 11 31 23 41 33 11 19 10 12 41 12 31 37 40 3 16 25 8 38 37 23 31 43 11 48 23 20 13 5 43 35 32 18 25 2 33 9 24 10 26 18 13 48 28 
42 8 14 9 18 23 23 49 6 4 0 15 32 6 40 17 3 7 30 34 9 33 21 29 30 21 14 13 40 22 19 20 27 12 12 40 14 14 22 6 13 32 15 11 43 32 12 38 32 29 1 1 9 41 29 24 30 49 27 10 27 44 48 9 17 24 17 25 12 3 46 45 41 9 5 33 30 17 5 17 9 44 45 29 23 19 34 15 16 49 6 43 24 4 33 45 10 45 35 29 44 
26 10 15 22 43 21 15 25 46 22 31 0 30 12 7 21 46 11 46 48 28 10 3 43 1 32 20 24 12 3 32 16 28 14 20 35 30 25 16 48 25 33 42 18 43 14 36 8 34 45 41 1 3 49 14 20 1 22 6 28 13 46 34 43 30 7 43 46 2 21 2 37 16 6 37 16 24 17 17 43 15 12 16 1 19 37 13 3 29 15 38 35 38 7 22 18 34 19 37 47 12 
1 13 13 29 20 3 6 25 12 27 10 20 0 28 27 4 39 32 47 42 32 48 10 42 24 14 11 34 44 18 48 24 21 21 43 3 29 26 7 8 2 3 5 18 5 29 13 39 9 29 41 6 16 6 47 1 35 5 1 2 37 15 47 29 28 20 45 19 26 39 48 16 6 25 12 30 16 11 29 26 48 4 48 42 26 39 28 41 3 9 16 37 28 45 12 14 39 18 30 49 33 
37 30 32 12 28 11 45 42 19 9 36 30 38 0 26 16 24 3 47 44 11 9 6 14 38 9 39 19 9 17 10 41 29 25 46 41 42 8 38 46 29 12 24 35 46 27 26 20 14 26 10 32 30 49 46 49 11 35 5 37 30 36 21 8 49 47 43 18 45 11 44 1 21 34 11 32 33 16 45 40 32 20 1 21 32 17 26 43 34 47 28 25 48 7 43 30 2 25 5 15 11 
16 23 24 17 12 28 10 20 20 45 24 17 5 16 0 15 25 29 14 4 22 37 16 41 34 46 5 20 17 49 44 23 24 22 47 2 47 3 21 44 20 16 3 3 48 20 18 4 6 31 48 9 15 30 42 27 6 36 14 28 38 8 32 18 30 9 26 3 33 49 42 29 45 44 1 12 8 14 22 9 47 35 38 40 13 19 4 2 3 46 30 42 25 45 27 35 7 1 12 41 31 
22 32 27 40 24 39 41 28 25 26 9 13 35 10 44 0 43 39 34 48 22 14 8 7 6 29 45 4 7 46 40 41 19 35 26 9 41 28 23 14 42 41 2 44 45 34 5 31 36 17 43 18 10 49 34 2 11 44 27 40 5 12 49 15 3 24 4 22 47 25 5 6 44 18 42 10 16 4 6 4 3 23 24 10 18 31 34 23 38 44 16 24 38 38 7 15 43 21 46 10 9 
27 29 41 17 10 12 25 16 38 31 49 27 1 35 27 42 0 37 7 42 5 24 25 29 25 28 23 39 25 10 4 4 35 11 24 17 29 32 1 49 39 20 8 36 39 37 1 33 15 4 18 30 26 42 34 32 42 29 41 15 21 17 1 4 7 8 38 11 1 13 2 36 48 10 48 48 47 26 9 2 31 17 9 25 33 15 21 21 10 25 9 22 27 24 39 22 40 24 16 13 23 
5 2 6 18 46 6 17 17 41 7 13 25 7 17 2 19 9 0 12 7 19 34 12 2 2 7 44 2 18 9 43 10 46 31 6 15 19 3 26 5 29 42 46 6 35 37 12 13 15 37 15 36 38 15 31 11 6 12 42 43 23 44 28 27 49 45 17 10 30 42 37 14 4 35 18 6 39 37 45 9 18 38 20 39 31 21 43 39 35 28 45 41 19 17 41 2 33 29 45 5 4 
13 1 32 29 15 34 35 44 18 10 4 44 8 34 41 20 13 30 0 19 31 42 12 17 48 48 47 48 40 28 18 49 30 12 37 39 21 49 17 6 2 1 13 39 16 6 8 18 2 32 9 6 22 33 5 48 27 14 48 45 10 20 16 19 44 36 35 29 12 46 41 1 26 48 8 22 34 20 33 39 49 37 48 28 37 17 15 23 6 45 5 28 37 45 48 12 24 11 28 20 40 
3 30 5 40 20 10 6 19 25 35 15 39 47 47 3 26 23 5 25 0 18 14 3 9 47 1 18 21 8 8 11 33 30 32 32 10 46 13 45 9 12 23 48 1 29 42 2 48 4 26 10 33 42 37 43 6 18 37 2 34 30 13 32 32 36 45 2 41 23 34 4 14 32 43 41 10 23 11 46 5 1 12 8 18 32 12 29 21 48 24 26 16 49 16 47 32 44 7 7 43 47 
25 15 42 19 26 1 8 2 13 36 12 18 6 43 31 41 16 35 34 46 0 49 2 46 16 27 25 11 45 12 6 42 44 35 3 11 4 17 2 38 36 35 49 11 27 5 26 38 11 34 2 5 27 48 6 6 28 47 46 40 8 42 2 19 34 34 19 10 48 34 35 8 1 26 37 31 46 45 44 42 2 28 39 42 15 44 8 37 23 3 29 13 3 16 15 3 41 23 49 22 12 
8 10 15 27 18 31 21 36 6 47 17 17 37 16 5 8 9 16 38 18 4 0 43 10 39 14 13 39 3 31 34 20 10 20 45 22 32 33 2 21 33 43 14 9 17 19 3 12 7 24 31 27 20 47 38 3 5 44 1 2 13 2 33 10 29 10 40 45 44 21 30 26 25 21 1 16 17 38 7 43 7 16 31 14 26 38 21 33 23 21 48 26 25 15 36 39 19 30 37 12 46 
26 29 7 45 10 6 4 33 39 2 33 13 46 26 36 17 30 21 38 21 1 39 0 37 17 27 16 36 27 16 48 12 1 11 37 43 47 10 15 12 37 8 47 17 21 38 42 47 27 11 3 21 33 26 35 42 32 28 31 37 11 4 30 4 19 8 17 12 25 43 8 2 34 22 14 41 25 4 11 31 14 29 14 9 12 32 5 49 24 9 3 21 44 11 35 43 29 7 22 18 7 
24 16 10 35 37 46 8 24 46 2 32 4 25 2 12 5 5 5 44 28 31 18 18 0 22 41 13 35 5 16 42 49 6 2 4 35 15 32 39 42 48 46 40 49 13 1 39 45 3 36 45 33 37 41 25 1 42 16 13 26 42 40 14 39 7 1 42 18 41 9 15 15 4 30 41 15 33 41 9 17 16 24 49 30 12 2 37 13 23 20 25 29 29 45 38 29 9 8 13 48 49 
21 43 23 25 15 30 32 47 12 44 7 28 5 45 5 13 20 46 21 17 19 43 27 5 0 17 21 13 24 29 7 32 13 7 48 42 28 1 28 5 49 9 41 9 43 15 45 20 32 21 47 26 25 22 45 39 16 12 49 4 15 29 2 3 34 27 33 40 43 26 23 5 48 38 37 1 16 33 27 42 13 5 31 33 41 44 7 31 32 34 3 5 34 6 34 30 25 13 43 7 21 
9 40 29 22 11 4 48 27 17 31 7 49 41 27 20 6 46 34 7 45 44 13 22 19 46 0 46 6 31 35 22 47 37 9 21 4 3 35 41 40 27 2 44 19 40 7 37 10 33 40 20 45 35 29 10 42 38 34 41 39 10 10 34 24 19 30 3 41 6 14 39 48 42 1 12 28 22 8 21 10 47 46 10 48 40 47 49 37 17 34 36 25 23 38 32 17 41 39 49 3 15 
41 32 15 26 5 2 33 19 30 27 3 19 29 46 49 9 48 6 22 49 17 10 42 32 4 28 0 15 11 3 15 40 46 18 47 5 9 34 39 4 7 30 40 16 41 49 49 16 42 3 6 30 48 45 36 48 4 21 42 38 38 2 36 4 40 36 6 2 43 5 39 2 9 22 9 17 4 38 5 15 9 5 47 32 4 28 20 34 21 16 41 7 9 8 19 30 26 24 33 17 18 
31 13 7 49 38 29 29 26 42 11 40 48 5 44 43 4 33 15 16 4 48 30 47 11 19 35 31 0 41 6 8 29 26 24 14 9 18 25 44 34 29 49 44 19 39 41 12 25 44 37 27 16 18 48 33 44 22 18 27 5 26 14 46 7 41 15 22 44 15 4 35 46 39 19 46 16 22 4 21 34 1 33 34 1 13 1 9 15 46 42 14 8 16 27 10 30 23 8 48 6 33 
11 30 15 44 17 24 19 26 10 9 12 28 38 19 30 28 3 17 31 49 27 15 14 28 35 16 13 33 0 29 15 23 43 35 25 7 44 27 38 18 17 3 27 8 21 19 43 48 33 7 21 47 21 17 42 24 16 43 9 35 14 20 36 8 26 38 47 48 5 31 37 15 42 44 14 30 39 41 48 16 48 27 44 8 24 18 29 7 24 5 6 43 29 20 37 41 45 22 40 25 41 
31 13 4 2 5 10 3 11 26 28 15 12 13 20 15 24 34 42 23 9 2 2 5 5 11 12 19 46 42 0 49 30 9 41 48 34 5 25 9 24 49 7 16 40 24 7 5 30 44 32 46 34 21 46 28 42 8 3 48 14 22 3 17 49 17 31 20 9 38 39 28 29 36 30 19 38 12 48 24 10 43 2 46 36 35 1 33 23 17 27 1 7 35 43 35 38 42 4 39 23 6 
44 5 25 12 36 39 37 17 1 31 22 12 45 3 31 15 31 48 42 4 32 34 32 5 26 39 11 24 48 42 0 40 11 24 10 39 29 38 10 32 15 42 32 40 4 30 13 2 36 29 2 49 12 11 29 32 45 24 43 40 1 45 43 4 13 47 10 40 9 26 41 27 49 27 19 15 26 1 10 25 29 10 12 4 42 38 35 9 3 48 9 6 19 29 28 26 25 9 18 28 34 
21 5 20 36 40 26 22 37 32 49 3 42 44 39 17 18 40 4 28 36 3 30 27 42 30 49 24 42 10 26 13 0 36 41 11 5 42 26 3 11 33 7 1 44 11 43 42 47 13 19 16 5 36 7 45 3 41 18 49 37 3 33 28 36 32 16 35 29 17 5 29 5 15 34 8 13 27 23 11 2 5 46 49 30 49 46 27 10 11 25 26 20 36 41 42 19 42 45 13 17 32 
49 7 14 48 43 18 5 9 26 37 40 2 25 16 49 24 43 4 9 32 49 24 16 40 7 18 36 6 29 33 13 45 0 47 47 26 23 20 45 24 21 43 1 32 13 3 27 45 31 10 14 6 33 7 7 31 41 8 47 18 39 29 16 24 43 33 2 5 12 44 31 46 33 37 15 15 22 20 4 23 4 43 20 28 29 3 33 48 34 31 44 47 24 12 5 6 11 27 45 49 42 
18 20 23 11 30 46 35 36 5 46 26 24 19 45 46 49 43 4 16 39 44 31 28 42 6 2 17 12 37 26 28 39 6 0 19 21 48 41 39 46 23 18 11 27 1 30 5 28 24 32 41 5 26 28 47 40 49 9 42 37 45 18 2 23 49 17 4 49 14 37 28 29 15 17 32 14 16 11 40 42 1 8 37 47 21 44 32 28 40 37 17 19 43 9 41 26 22 3 9 26 3 
13 39 9 35 38 19 21 30 23 5 19 39 31 8 37 48 21 9 28 2 30 11 37 3 14 19 8 37 24 40 21 6 43 33 0 21 13 10 43 32 32 32 21 5 40 15 6 27 20 26 31 20 44 46 22 29 48 2 21 1 43 48 48 25 28 19 23 6 7 11 15 34 32 40 49 32 34 13 40 40 32 38 23 28 37 11 20 45 1 7 47 12 18 10 18 48 20 5 28 44 38 
33 12 15 2 20 31 34 7 8 7 17 38 22 35 4 22 42 32 9 22 6 49 3 32 30 7 3 33 45 19 12 23 34 30 32 0 10 18 38 21 27 36 21 46 11 14 9 39 20 14 16 32 38 16 41 24 24 11 10 10 38 18 46 49 15 36 35 37 31 16 45 48 16 47 9 25 32 26 6 6 33 22 24 46 1 30 49 48 9 9 21 33 33 9 8 45 23 21 47 6 49 
26 20 40 41 44 18 3 47 1 32 45 16 46 45 40 15 24 25 3 30 1 18 43 8 36 33 2 48 13 29 43 20 2 40 4 41 0 23 15 33 38 1 35 32 28 49 33 30 27 3 22 19 46 12 11 45 41 36 31 35 2 14 12 12 19 43 34 34 49 6 49 48 37 35 26 41 37 19 38 39 8 9 26 25 12 3 6 46 25 41 42 11 16 11 37 36 17 26 17 18 18 
23 7 39 6 21 1 26 26 44 18 34 34 42 38 1 19 23 35 40 8 2 31 48 13 31 26 19 49 20 2 10 9 35 45 34 13 10 0 47 21 17 2 19 31 20 17 24 27 26 14 41 31 9 47 15 39 45 1 36 33 46 19 11 45 43 34 44 35 34 11 25 12 32 3 18 22 44 36 33 19 28 38 17 42 30 2 17 29 46 23 4 39 12 32 43 20 48 38 3 17 13 
15 24 48 30 37 5 25 19 29 21 20 22 23 49 30 27 29 30 22 18 37 14 34 32 2 8 16 27 21 10 47 9 11 39 35 18 31 39 0 39 35 14 3 30 21 8 9 37 12 33 46 2 35 45 21 49 45 20 28 4 6 44 41 19 19 39 35 14 47 24 26 11 37 7 30 18 9 42 30 29 30 32 20 34 9 20 11 41 23 25 42 5 2 33 45 31 39 42 34 40 36 
44 2 41 43 38 47 44 29 38 5 13 44 31 22 12 34 35 41 43 31 25 1 7 34 1 25 16 48 15 39 30 8 38 19 21 40 17 9 15 0 12 33 35 37 24 31 45 18 21 14 10 17 12 49 9 17 32 5 27 40 12 33 14 49 49 39 49 9 27 32 4 34 45 8 30 44 18 24 27 36 23 47 47 41 2 23 1 20 20 21 8 35 41 10 36 49 43 41 34 32 4 
30 2 28 41 24 42 40 7 41 23 34 25 25 17 24 18 45 31 41 23 21 26 6 26 2 13 8 37 11 26 20 45 33 37 1 30 4 17 35 48 0 25 11 17 10 7 37 22 5 16 37 36 41 12 25 34 26 19 44 21 9 14 6 34 34 2 12 15 26 14 13 45 5 14 15 42 29 41 30 5 32 12 30 47 17 6 40 2 13 23 18 46 36 36 1 46 28 11 6 47 20 
15 31 44 21 16 10 31 25 33 48 37 38 11 6 19 2 18 14 19 48 31 46 24 17 33 7 17 4 7 49 31 16 13 26 6 13 27 19 41 25 28 0 13 31 29 41 8 16 45 30 3 23 23 23 21 4 24 17 29 39 29 42 49 1 2 8 36 28 1 14 22 19 39 18 48 46 25 22 19 34 5 4 39 27 48 35 19 20 29 21 7 24 2 28 46 21 19 7 14 7 12 
10 8 38 43 47 43 48 41 6 25 2 46 4 22 7 3 2 15 43 47 44 46 32 24 20 29 24 40 38 49 32 26 7 11 19 12 15 42 23 41 40 28 0 22 14 37 18 32 6 33 40 21 44 26 11 22 1 49 18 4 46 11 24 38 14 44 34 11 7 20 39 23 25 8 36 37 13 3 40 43 49 47 35 5 15 31 13 9 20 47 19 17 2 48 23 40 14 29 32 4 25 
3 2 10 1 12 31 10 37 7 18 18 13 32 45 2 33 20 2 1 22 28 39 25 48 8 48 19 36 41 8 22 25 45 22 45 5 42 3 10 32 9 5 32 0 43 1 49 8 35 5 45 17 21 45 35 47 37 17 11 20 4 27 45 37 4 21 41 27 6 46 41 44 5 28 49 43 16 43 25 11 27 15 11 49 11 27 32 44 10 1 45 24 42 39 40 48 34 36 11 36 40 
13 33 30 38 35 14 8 27 45 21 35 24 46 18 37 7 49 39 46 34 32 20 22 38 2 16 12 36 36 27 29 32 3 17 42 41 5 18 24 33 9 40 7 16 0 44 34 47 6 26 3 9 11 3 7 3 38 42 36 30 38 18 36 10 49 3 44 47 36 46 46 5 41 15 32 38 33 36 8 6 10 27 2 41 29 27 43 38 11 35 39 31 39 9 22 21 6 2 20 32 27 
47 34 6 8 39 16 27 2 3 23 37 49 44 26 30 29 39 49 44 47 21 8 33 48 35 41 42 12 11 11 20 8 44 5 26 8 37 33 8 41 20 23 47 26 29 0 28 31 32 45 16 45 23 25 35 13 22 12 7 37 43 40 15 6 7 5 41 22 38 45 35 12 1 12 8 20 42 41 19 4 6 19 39 29 3 43 48 21 47 24 8 32 27 20 32 14 19 46 49 19 27 
10 35 39 8 7 20 42 44 39 3 31 34 34 23 17 25 5 19 45 12 34 29 19 17 43 7 36 22 30 37 9 32 7 1 10 45 43 43 24 36 37 1 11 11 19 23 0 48 10 9 42 33 33 25 26 27 11 15 34 7 23 29 14 35 14 44 42 40 43 10 3 27 40 38 14 10 3 40 43 16 23 27 37 1 4 20 19 7 48 25 47 28 40 13 45 8 16 33 48 27 13 
6 15 20 21 34 30 17 45 4 21 41 44 35 13 8 42 16 40 30 38 12 33 37 18 21 20 40 38 12 21 41 48 5 22 10 6 9 3 36 8 18 27 13 22 4 46 31 0 23 22 10 5 5 19 6 37 23 40 49 15 39 11 2 41 46 25 23 5 47 38 32 24 5 13 46 46 38 31 35 40 3 28 42 32 12 16 20 46 47 3 36 3 10 30 14 17 7 34 17 4 46 
48 19 47 8 4 32 31 6 10 42 12 44 15 8 14 26 45 21 24 8 13 15 25 27 18 18 47 23 10 42 37 39 6 29 47 11 7 43 20 43 39 1 3 22 48 34 21 46 0 26 40 10 47 15 18 46 26 32 7 17 12 41 44 43 41 3 19 47 32 23 9 22 26 24 22 19 24 45 41 47 48 28 23 34 34 2 5 30 49 49 45 12 39 18 21 41 39 14 4 1 24 
2 20 42 36 33 13 30 40 23 11 49 27 49 36 43 41 4 23 7 13 25 7 40 34 1 35 2 14 49 26 32 13 17 12 34 46 9 44 38 20 19 17 42 30 15 33 45 44 38 0 38 29 27 31 2 47 38 29 40 5 45 8 42 43 49 25 13 42 12 33 13 3 18 5 4 34 36 16 19 18 10 7 48 18 44 33 5 8 45 47 15 41 30 7 17 7 4 12 2 29 39 
48 32 12 8 2 12 20 35 42 22 24 23 28 16 32 36 6 14 15 35 27 41 2 43 36 46 46 32 30 6 9 28 7 11 16 23 40 15 24 47 14 17 38 47 43 1 9 27 37 39 0 14 4 46 5 27 7 24 47 41 44 19 9 6 39 49 37 18 27 8 24 8 35 29 22 36 41 37 23 44 11 41 19 23 26 5 39 7 26 25 5 1 15 35 21 11 48 1 36 41 10 
39 17 13 2 10 42 34 17 34 42 45 36 18 4 10 8 48 26 42 25 21 18 20 15 29 43 7 10 42 27 13 34 41 20 38 20 7 26 1 47 17 43 20 32 48 11 21 21 36 35 9 0 30 44 36 23 13 14 22 42 25 18 1 4 15 47 18 15 29 31 7 1 24 16 36 7 25 48 26 24 28 38 6 15 15 26 36 20 24 13 1 1 40 6 17 25 9 44 42 12 4 
37 10 11 32 30 15 30 36 44 20 33 49 6 47 20 15 48 31 35 23 13 45 37 36 8 14 12 46 32 25 26 43 23 17 41 9 15 48 44 4 20 8 42 33 3 41 14 25 28 18 35 24 0 36 26 26 18 19 1 8 20 21 4 26 10 8 19 10 35 31 9 18 13 19 16 35 24 21 44 33 23 25 37 44 47 7 42 38 39 10 18 3 30 1 39 28 40 26 21 46 11 
27 5 32 3 48 9 29 34 26 3 15 32 14 4 47 4 35 17 9 43 17 24 13 45 35 24 3 48 19 7 38 9 31 12 1 14 43 29 49 36 2 9 11 34 25 3 12 11 48 25 23 33 21 0 32 38 30 33 11 46 6 30 44 10 33 8 6 29 27 22 8 10 31 38 31 18 34 18 40 46 41 17 43 41 25 46 41 32 23 28 19 25 28 11 31 2 8 28 41 4 3 
25 8 22 4 28 33 45 45 43 11 35 35 31 2 14 18 22 6 17 49 40 12 39 40 19 23 45 6 27 18 45 19 34 18 31 6 41 45 11 48 5 29 22 44 4 7 4 22 10 1 20 14 43 13 0 28 30 42 35 3 41 15 47 9 37 22 48 46 1 32 31 24 1 35 13 32 25 47 18 4 39 12 21 41 41 24 26 42 5 7 44 29 29 43 29 28 39 37 16 30 21 
11 35 8 28 14 36 23 21 42 41 44 18 1 25 2 4 42 40 34 2 44 7 3 22 8 40 11 40 34 37 18 24 49 36 24 44 39 42 25 43 37 7 32 31 40 16 30 35 30 24 45 42 26 40 42 0 2 38 1 9 45 36 7 19 13 5 7 29 20 39 7 17 18 38 41 9 21 49 22 33 34 21 24 48 29 10 8 44 39 47 29 37 45 16 22 23 1 32 37 1 27 
36 5 3 49 18 29 35 9 35 34 20 32 29 3 32 23 46 20 43 33 37 10 22 8 43 8 15 3 9 15 10 16 38 21 8 36 42 5 4 32 14 25 15 14 21 34 21 38 14 28 22 15 27 41 4 32 0 27 21 4 39 7 25 10 37 24 43 21 2 17 3 6 7 44 34 36 46 1 17 30 41 22 25 20 10 45 2 1 21 13 18 35 17 30 37 21 28 21 31 24 30 
35 42 45 38 13 45 26 17 9 12 28 33 22 28 35 9 8 10 25 17 35 44 26 33 30 31 10 45 25 39 37 46 9 29 47 36 10 40 1 36 13 43 38 17 17 34 43 28 22 2 10 44 7 13 6 23 10 0 25 28 34 14 44 33 33 43 46 44 27 19 29 34 24 19 17 8 34 44 10 20 12 13 7 40 9 42 18 14 10 4 33 34 18 38 27 7 42 7 38 27 27 
36 29 30 4 17 12 3 9 49 17 26 29 21 32 49 32 47 31 28 12 11 37 12 46 19 32 48 8 21 35 43 33 36 29 48 25 25 2 48 16 47 12 30 41 6 31 34 24 31 48 44 3 32 7 10 14 46 15 0 12 21 28 29 27 12 29 47 15 5 6 35 17 28 44 11 35 36 3 4 2 6 11 28 28 17 25 26 42 43 26 13 5 8 34 27 43 3 25 48 18 16 
30 39 48 28 21 21 49 36 25 2 24 15 35 16 15 31 39 49 38 45 48 16 33 29 47 11 49 11 4 26 40 28 14 3 45 44 17 42 9 14 41 4 33 33 16 24 15 26 4 9 22 26 36 22 22 22 16 35 8 0 48 46 32 29 6 48 6 17 16 26 12 33 22 35 44 49 5 45 49 36 34 49 48 17 47 40 17 28 46 26 3 24 17 49 11 15 48 9 34 47 24 
30 49 40 45 36 44 46 42 42 30 18 13 12 32 24 33 5 35 4 36 14 20 17 4 36 8 8 32 15 40 42 47 28 26 29 49 29 11 17 1 21 10 28 20 19 11 8 45 19 44 7 29 16 36 8 3 25 34 30 17 0 39 11 31 19 41 17 30 4 25 42 45 25 33 46 34 36 42 33 42 16 45 39 43 37 2 34 34 15 29 10 11 7 15 2 36 13 34 17 21 47 
42 31 20 16 27 39 33 40 36 34 14 44 24 38 18 38 41 38 45 13 17 44 16 46 32 27 35 18 18 34 42 16 22 31 48 28 14 47 20 24 49 22 46 11 30 33 41 19 40 41 26 10 35 39 7 29 13 36 6 27 1 0 29 43 22 18 49 45 42 21 15 47 33 6 18 19 36 24 6 25 42 41 10 49 49 29 8 17 46 15 3 12 34 26 17 6 18 33 28 42 4 
3 36 35 42 26 49 15 27 34 38 17 39 14 22 41 3 22 22 6 15 34 7 28 3 14 24 24 12 8 28 49 27 20 16 41 6 21 34 7 36 43 16 12 44 41 27 25 44 16 19 17 13 29 3 23 7 39 32 44 7 42 48 0 24 36 18 2 39 23 41 18 14 44 11 21 4 37 42 22 16 10 47 15 18 11 26 1 2 43 6 18 11 49 3 33 22 15 12 18 31 49 
17 14 40 25 34 16 28 14 43 24 26 36 47 47 47 32 14 48 27 15 41 9 43 31 41 26 30 6 12 20 38 16 19 2 8 37 21 28 28 31 15 25 43 11 4 10 39 39 47 43 14 8 25 25 45 32 12 2 25 5 6 15 35 0 23 4 13 24 8 32 44 9 9 22 41 21 4 32 36 45 47 40 23 15 18 6 24 25 6 31 49 29 5 6 37 48 4 33 44 31 26 
5 38 37 19 46 35 27 36 20 7 36 46 27 49 45 41 8 17 22 45 36 44 28 38 6 30 26 22 8 22 24 20 29 17 13 21 28 34 27 46 5 19 5 48 4 9 32 43 24 18 19 29 18 35 44 49 6 9 33 10 6 38 12 19 0 31 22 42 12 43 46 33 18 19 22 39 16 13 29 12 12 30 37 1 31 5 28 20 12 20 1 23 32 13 11 7 4 37 44 43 47 
48 40 47 40 47 31 9 26 3 42 20 21 16 44 6 28 27 14 11 2 16 44 4 8 5 49 11 15 22 45 33 14 25 23 19 40 19 49 2 14 42 22 46 27 2 5 22 10 17 19 1 33 36 39 31 43 2 41 26 33 5 34 16 43 1 0 43 29 25 24 34 26 17 9 31 34 22 2 7 37 4 5 37 19 4 47 12 45 38 42 20 33 10 6 9 6 41 19 27 14 24 
9 9 10 21 21 20 3 32 31 19 37 49 6 22 4 34 10 39 41 38 22 13 18 44 32 21 37 3 39 2 40 10 35 7 42 21 44 48 24 31 41 21 25 37 21 48 27 9 7 6 25 40 23 9 38 29 36 37 1 26 20 45 21 4 37 45 0 9 6 29 23 21 6 11 24 29 43 29 18 29 30 14 45 48 46 20 42 45 40 3 36 31 32 16 5 15 26 33 8 10 22 
32 39 40 21 9 42 40 32 24 40 45 36 28 39 14 25 16 5 19 15 9 3 35 14 38 7 17 44 42 6 30 37 17 25 47 26 17 41 35 48 48 18 44 44 34 6 17 9 23 33 42 20 7 47 42 23 17 40 46 22 44 36 39 36 17 30 29 0 29 29 46 12 2 36 35 10 7 15 27 36 12 40 1 9 33 22 37 26 26 44 47 14 34 33 23 40 41 8 39 19 14 
12 19 29 36 45 4 34 44 22 34 8 44 18 22 46 21 35 15 4 35 15 7 21 11 3 31 42 45 49 33 4 17 43 27 37 7 30 34 38 44 47 31 19 38 11 33 25 3 10 27 11 23 32 23 6 40 41 22 4 23 37 31 2 34 48 36 45 14 0 18 11 24 42 43 47 26 30 27 39 8 5 30 39 18 27 3 10 15 16 27 22 37 31 27 44 42 18 42 35 28 19 
39 4 47 45 37 2 29 44 25 21 18 12 29 45 17 12 5 43 44 11 37 14 28 5 13 43 26 39 49 1 18 1 43 36 7 15 48 43 34 37 42 42 12 24 17 48 45 19 37 11 32 47 2 44 28 17 23 5 2 20 46 31 23 18 10 18 6 12 47 0 17 10 9 45 42 11 26 7 17 41 12 22 44 11 16 26 42 8 16 10 27 44 28 9 43 33 10 38 48 21 48 
26 49 24 14 9 26 12 43 39 37 27 2 24 10 33 39 43 32 28 38 18 10 37 35 6 37 30 39 19 30 35 14 49 1 48 1 48 12 9 8 7 2 15 21 11 8 15 36 14 43 25 24 17 23 13 41 34 19 7 9 46 42 13 13 48 20 15 44 33 38 0 27 31 42 18 37 8 16 35 4 4 30 31 31 5 21 39 34 32 1 39 37 9 45 21 9 28 1 32 22 4 
27 44 39 39 39 3 42 10 39 5 4 40 21 1 14 10 27 21 20 8 10 23 14 1 46 41 31 28 19 6 34 45 19 18 34 28 38 31 15 26 37 8 32 36 31 39 17 35 23 17 37 15 24 4 27 1 12 26 35 26 24 18 35 26 26 18 48 21 20 14 3 0 27 14 46 32 21 21 49 7 6 30 7 44 4 12 25 49 23 38 27 22 36 5 44 35 41 43 15 14 38 
27 5 28 23 16 9 15 21 34 36 33 6 29 44 17 37 3 31 18 18 33 32 46 41 28 26 32 13 31 44 49 37 45 48 36 15 28 36 2 16 25 28 17 23 5 10 5 41 38 11 12 29 9 40 46 30 46 47 18 45 33 7 18 30 12 12 45 6 32 37 7 36 0 9 7 27 9 40 12 27 6 6 14 11 17 1 36 43 39 33 39 49 11 25 46 46 9 45 13 14 15 
28 13 27 13 23 24 24 38 38 33 19 37 7 17 26 28 22 26 35 22 7 6 37 35 12 16 46 25 46 12 37 37 27 46 36 36 14 38 25 41 49 17 25 43 17 20 2 42 18 24 16 28 35 30 1 38 44 10 37 29 41 32 15 3 27 39 37 40 43 24 42 41 24 0 21 38 8 39 3 17 28 18 19 17 46 2 8 23 23 7 5 2 25 7 46 19 16 11 1 21 30 
13 29 1 6 37 25 35 29 43 21 16 29 45 10 22 18 38 48 12 17 39 17 32 10 36 25 39 10 18 39 21 45 24 46 45 46 19 23 16 3 39 19 5 43 29 35 43 40 41 23 38 29 1 21 28 38 32 25 26 42 38 28 31 43 39 10 7 15 37 20 35 34 45 32 0 12 4 32 45 1 45 22 25 43 15 43 4 37 32 35 11 39 47 30 3 48 25 18 29 32 39 
31 32 46 45 42 26 24 6 48 31 2 43 36 11 42 39 11 49 42 13 29 4 16 44 49 2 19 9 6 48 1 14 26 17 34 24 6 11 44 25 49 36 43 31 41 25 33 42 5 6 10 15 7 35 49 44 33 41 22 33 33 41 32 43 33 40 18 27 35 30 25 8 16 8 40 0 28 15 12 40 20 11 30 12 41 35 3 20 1 44 35 35 6 12 27 9 8 33 21 12 21 
7 5 22 1 7 39 18 23 16 39 43 44 9 10 4 8 8 27 7 14 18 6 43 36 13 20 38 26 13 45 5 24 37 2 17 42 8 23 22 28 20 35 32 28 48 46 1 16 12 15 49 18 48 13 24 35 48 38 38 24 10 8 43 41 32 26 6 14 22 26 23 10 12 34 43 41 0 19 22 40 20 4 26 30 15 36 3 30 29 22 14 35 37 34 24 32 23 44 42 14 34 
7 21 49 44 35 13 34 30 41 36 6 12 23 44 31 29 34 25 48 29 29 8 25 16 10 37 44 38 15 29 9 18 37 12 12 16 16 7 33 29 22 36 14 27 2 18 36 9 36 11 39 40 24 24 30 24 35 32 22 49 46 23 36 20 12 6 10 2 10 8 10 13 3 32 44 22 25 0 35 44 20 32 16 17 21 40 5 47 11 26 1 38 28 46 2 3 20 15 8 11 45 
40 25 15 24 13 14 6 41 34 18 34 11 32 38 34 14 12 12 44 28 47 38 36 28 13 21 45 37 10 42 36 20 13 17 12 1 24 39 30 2 1 31 49 2 1 32 44 25 43 8 27 38 14 37 22 10 32 25 23 25 25 43 7 16 26 28 1 5 17 13 20 33 12 36 9 43 15 48 0 28 11 32 14 47 25 16 18 14 1 23 38 13 20 47 32 43 32 46 25 46 14 
22 40 21 1 29 42 33 33 45 1 29 18 23 41 46 38 37 34 23 47 9 30 11 22 7 42 46 39 12 29 15 21 20 14 45 36 23 24 36 5 9 14 26 15 47 38 12 4 15 10 6 10 26 45 45 5 8 48 46 24 35 12 14 7 1 3 2 24 32 31 11 42 49 47 6 46 29 20 47 0 28 35 8 27 45 28 23 1 31 48 31 38 26 4 13 45 9 23 33 7 39 
2 6 1 2 35 41 34 25 41 39 39 35 40 13 44 47 36 29 22 32 20 9 12 35 9 35 32 11 17 10 34 20 10 10 34 39 13 12 48 19 16 4 10 48 36 29 5 15 44 33 29 32 47 32 16 19 2 6 19 45 38 34 24 34 23 20 9 42 49 29 19 36 23 49 3 36 13 48 8 14 0 49 32 28 49 4 26 7 49 37 25 40 21 41 40 29 8 8 27 4 27 
12 18 15 37 44 29 15 13 41 43 19 38 12 47 31 3 28 35 28 1 23 39 19 27 15 46 13 32 12 10 36 22 48 34 18 3 15 31 7 21 31 48 31 36 10 10 14 41 43 21 12 28 36 30 19 49 19 48 45 45 40 10 20 5 10 15 27 18 14 35 7 30 42 46 3 40 47 21 24 28 49 0 31 38 14 13 13 3 49 7 1 49 32 31 32 23 41 26 24 2 26 
35 10 31 16 4 33 20 32 10 45 2 34 16 23 47 23 35 5 33 26 24 38 36 44 19 47 43 36 45 46 39 13 43 30 11 14 30 47 49 43 17 12 15 18 47 30 1 6 44 27 23 22 8 19 30 33 5 35 6 5 28 27 27 33 10 23 27 26 12 25 19 33 5 19 42 20 27 11 38 23 18 25 0 32 7 16 42 36 3 29 3 26 43 46 46 25 26 11 31 2 23 
19 29 18 44 33 28 1 4 26 43 25 39 46 29 20 28 10 19 3 18 5 46 36 45 23 28 30 47 14 30 10 35 35 39 41 45 38 36 49 30 17 30 45 24 45 7 24 15 5 13 37 14 7 15 25 24 44 11 34 47 40 6 27 46 9 10 3 14 9 26 14 20 41 15 40 17 1 9 6 28 6 10 4 0 24 12 22 38 11 32 18 30 11 20 1 12 16 45 9 31 15 
2 25 3 45 29 32 4 31 31 42 49 45 39 42 24 21 20 41 38 42 9 23 27 28 11 36 37 20 1 13 40 41 37 10 18 44 3 13 21 25 39 25 48 18 12 22 1 42 12 47 30 41 48 4 18 15 33 24 24 36 14 13 36 49 22 44 39 45 28 31 2 9 48 43 44 45 10 19 36 8 19 37 31 23 0 48 1 29 14 37 14 47 23 27 39 30 29 12 33 39 42 
6 25 44 34 9 12 11 9 7 8 34 12 28 23 4 35 33 43 24 28 12 22 46 20 46 6 18 29 19 11 2 30 37 34 16 41 32 23 14 14 21 19 10 36 14 38 35 48 6 13 34 41 12 11 12 16 49 9 12 6 10 10 16 37 27 22 43 40 9 3 31 19 43 8 6 15 2 9 9 42 32 39 9 35 44 0 44 40 27 48 45 6 4 34 17 48 22 32 33 30 46 
7 48 3 31 38 11 2 26 15 13 37 17 2 44 27 29 11 8 46 14 24 49 49 39 47 12 42 1 14 24 45 48 7 45 43 35 36 34 34 17 38 31 28 24 4 12 41 11 26 38 20 37 28 47 11 42 18 18 2 31 32 34 25 14 38 40 34 27 32 41 18 7 14 26 17 8 39 22 36 9 10 7 2 11 2 1 0 37 33 35 8 8 28 20 1 5 39 9 34 38 29 
39 5 3 46 46 39 43 4 47 14 39 11 3 42 19 5 4 46 2 45 35 22 29 6 49 8 9 33 18 21 14 7 36 18 31 18 47 40 28 17 19 25 32 32 40 49 44 17 15 36 41 6 34 13 28 12 25 34 5 8 20 43 34 9 33 34 1 33 19 5 6 47 32 20 31 5 29 4 26 18 13 48 27 47 24 9 28 0 39 34 15 8 21 28 47 16 28 43 42 27 44 
39 29 10 11 9 24 36 25 18 22 33 34 9 6 2 19 19 31 21 4 39 21 20 46 18 46 37 14 16 34 27 47 4 37 49 39 19 11 1 13 41 3 9 19 25 39 12 2 23 42 17 47 3 44 42 27 47 17 6 23 31 48 2 13 46 22 6 31 44 33 48 28 31 35 26 31 30 16 19 45 44 5 39 31 46 23 31 30 0 26 11 48 8 34 44 47 16 37 27 30 9 
1 25 37 41 14 6 24 31 3 3 25 34 37 41 9 45 39 4 34 3 18 19 43 21 43 3 24 11 30 8 48 20 3 42 12 15 16 27 38 1 13 19 39 44 41 19 12 46 16 39 14 37 15 36 49 20 35 1 41 10 15 8 41 8 10 41 47 20 14 11 17 29 3 5 17 27 17 14 22 23 27 14 17 26 18 15 3 43 18 0 11 21 2 27 7 25 22 20 42 44 4 
9 30 4 23 13 4 8 30 23 16 46 29 13 20 17 12 23 46 48 35 33 44 44 22 40 43 16 16 13 2 40 39 15 24 26 40 42 39 8 4 1 2 24 40 25 23 42 17 15 38 10 4 23 21 3 17 29 14 17 33 17 29 5 31 43 35 46 36 39 47 7 8 3 42 42 34 12 30 14 26 6 45 26 34 6 29 45 2 32 2 0 44 38 38 47 12 39 23 6 4 22 
9 31 38 33 46 17 13 46 44 18 41 20 26 36 24 13 16 10 48 48 10 43 48 39 9 45 31 1 46 42 16 43 4 6 26 44 28 29 4 39 45 24 42 45 26 17 9 32 36 34 28 31 30 11 35 23 11 22 3 22 33 32 3 25 13 47 21 45 18 21 41 47 39 2 6 19 12 13 23 10 44 37 6 25 6 9 37 13 27 35 47 0 5 13 44 48 8 41 41 17 9 
19 14 17 43 36 29 27 43 25 31 17 49 20 13 9 5 45 15 15 33 5 30 27 35 17 45 5 22 27 12 17 4 34 39 19 6 19 31 49 47 29 27 18 23 7 16 33 13 38 24 12 5 1 9 3 34 15 38 21 46 38 31 10 24 29 4 3 31 1 46 38 36 40 49 10 9 17 33 1 23 11 45 17 32 12 32 19 29 21 24 7 36 0 13 31 17 46 13 30 4 7 
33 30 43 4 12 20 26 47 47 23 31 22 33 5 31 40 4 22 1 29 6 46 3 43 34 26 16 6 44 26 12 25 25 8 11 2 25 8 34 9 28 34 49 37 42 7 32 12 30 9 2 28 15 43 25 46 34 34 49 5 3 49 15 34 11 22 45 23 14 6 5 10 20 40 11 21 26 25 8 15 12 49 7 44 35 21 27 26 2 12 22 6 33 0 47 36 40 6 10 19 15 
11 40 31 10 30 38 32 16 7 21 8 19 26 40 1 46 42 33 7 37 39 49 16 28 44 26 9 38 14 2 28 10 13 39 36 7 21 5 33 7 48 19 3 21 30 42 10 1 3 32 5 5 29 2 18 31 9 15 40 27 3 44 26 41 21 34 18 12 42 29 32 2 14 46 17 20 23 4 30 44 26 40 48 29 30 33 21 46 10 35 2 8 28 25 0 19 18 29 32 9 25 
4 29 31 5 13 29 1 24 49 5 43 21 49 44 38 2 38 49 35 25 22 10 46 33 38 2 48 26 3 33 9 42 8 39 9 46 49 43 3 3 43 5 33 29 35 33 43 15 21 48 20 7 10 20 10 4 5 45 21 25 16 29 24 27 37 1 42 28 28 40 3 11 48 36 23 21 31 7 6 8 17 13 13 32 18 32 32 45 46 21 1 6 12 2 41 0 43 13 31 32 23 
35 17 23 6 31 9 45 24 21 12 27 26 44 25 12 14 26 47 36 8 31 35 42 21 18 40 25 28 12 42 2 2 37 19 27 12 16 19 3 32 36 42 43 34 6 25 1 4 41 27 26 39 33 49 37 27 41 30 39 36 5 14 3 25 2 2 30 21 43 19 35 7 10 7 43 49 43 44 49 22 18 24 14 43 32 39 15 37 3 2 35 37 1 19 44 37 0 42 22 14 25 
3 37 43 24 47 38 20 40 17 21 36 27 11 21 44 32 13 27 35 24 44 15 13 29 15 2 15 21 30 47 13 2 11 23 12 35 5 28 21 9 7 11 44 37 12 42 37 13 36 13 22 16 19 47 9 27 10 32 36 33 20 26 13 49 11 35 38 7 22 21 13 1 45 16 43 12 47 45 9 2 42 22 44 16 47 43 16 17 36 39 5 17 32 6 27 16 38 0 35 33 14 
43 1 18 32 26 31 3 2 24 13 32 24 17 2 8 24 33 6 4 39 18 24 31 48 13 17 39 16 48 46 39 17 41 26 19 10 24 11 20 25 16 23 8 11 29 3 40 19 32 27 1 44 2 29 35 11 44 19 14 40 19 41 36 41 5 27 21 20 33 16 7 19 40 21 26 31 10 9 28 30 2 3 33 48 40 40 32 13 48 41 6 46 16 2 46 42 13 29 0 48 8 
24 35 37 41 1 22 48 7 48 5 20 30 14 42 39 37 35 49 41 7 34 3 8 42 42 9 31 31 23 41 41 49 34 34 29 47 49 32 18 45 40 11 35 36 4 10 12 1 34 40 16 31 38 5 42 31 25 12 22 36 19 21 47 42 47 41 17 20 47 27 49 46 21 1 44 33 16 42 39 9 33 3 33 32 3 21 31 19 21 33 22 38 44 10 14 35 49 15 28 0 14 
17 22 28 1 29 28 39 21 37 28 3 42 24 1 18 34 2 18 4 20 15 10 21 6 3 37 36 19 13 42 9 39 45 40 12 7 49 26 31 30 33 1 16 44 16 32 44 41 39 25 31 46 4 22 34 32 12 32 43 44 30 45 11 7 29 42 22 45 48 35 39 1 36 3 12 39 2 48 33 31 30 10 19 47 31 17 31 36 25 49 48 26 11 4 19 21 37 26 23 47 0 
