n: 100
m: 6
Pi:U[1-99] 3 77 71 28 48 37 38 98 25 62 67 56 60 8 22 61 8 80 50 61 10 75 50 18 76 33 15 12 82 68 56 89 8 3 72 58 6 37 86 42 85 37 5 28 61 13 90 85 7 97 94 85 21 22 42 68 66 68 20 12 29 26 84 20 35 53 59 91 23 38 41 56 84 49 48 34 20 14 72 60 80 11 55 4 69 81 90 12 58 48 78 80 69 53 20 58 26 79 12 17 
Si:U[1-99]
0 11 64 20 55 29 8 18 31 64 78 91 7 43 78 85 97 99 99 55 81 28 48 90 99 28 24 99 63 61 48 99 99 99 21 99 70 10 31 79 72 99 48 99 99 91 91 84 87 61 99 25 99 88 73 99 64 33 16 99 99 15 99 61 99 19 25 12 13 40 99 9 99 96 99 15 81 1 25 57 3 99 66 48 99 6 99 79 19 9 15 99 99 99 58 82 99 99 99 99 99 
34 0 34 58 46 29 25 27 66 46 48 99 40 39 99 97 7 82 99 99 99 61 18 78 99 7 99 30 4 91 90 48 22 24 99 79 36 99 99 30 99 99 66 99 19 70 75 99 99 81 99 99 33 82 99 99 99 99 33 99 99 49 37 40 67 36 22 96 99 99 64 90 28 99 99 99 99 99 66 99 72 87 99 99 42 36 16 15 18 99 99 90 99 31 99 34 18 99 99 22 99 
30 38 0 40 3 42 18 51 59 44 99 99 99 3 19 99 99 99 33 7 78 97 93 99 66 99 51 99 76 99 97 30 40 21 46 99 99 43 18 3 99 52 99 81 3 22 99 72 99 93 19 93 99 99 15 87 4 25 28 25 39 69 99 90 94 58 37 99 19 99 58 99 99 85 81 18 49 51 42 99 87 10 99 18 27 40 90 70 99 43 70 10 99 99 64 3 99 99 52 96 58 
11 10 40 0 34 36 53 27 41 46 93 99 99 13 64 54 87 90 76 84 82 18 63 99 99 42 33 99 99 82 99 30 99 22 12 97 99 7 99 66 15 99 67 73 49 49 85 48 99 57 61 99 99 99 70 12 99 1 99 99 34 79 99 6 60 46 96 99 99 21 88 64 67 45 99 45 13 15 88 73 52 4 33 99 99 75 99 88 6 25 24 99 99 66 78 99 76 49 97 99 99 
55 2 9 36 0 37 31 22 61 10 1 90 37 99 34 93 99 99 90 99 55 99 10 55 99 67 84 81 99 4 99 99 34 99 99 31 28 51 75 99 99 99 30 99 99 57 3 99 82 99 31 64 24 99 49 39 99 4 63 33 99 16 27 99 64 49 43 58 99 66 94 18 10 66 7 87 31 33 49 99 75 49 67 52 75 49 30 99 57 79 16 99 91 75 99 69 99 79 1 84 73 
6 3 13 11 20 0 51 54 56 4 99 27 22 99 79 87 27 99 52 99 99 99 99 9 78 99 48 60 99 99 82 99 43 4 22 99 4 9 99 12 66 63 99 21 79 99 88 49 22 99 99 48 99 99 99 99 75 28 63 99 46 99 99 93 99 7 99 19 37 16 99 99 75 51 10 99 22 99 99 15 99 60 99 40 9 99 66 13 93 31 84 99 93 7 9 19 99 10 79 88 69 
20 56 30 56 18 16 0 47 36 59 76 99 99 43 99 99 99 28 36 99 87 24 13 99 99 99 15 16 76 99 19 85 99 45 99 75 99 76 70 99 58 7 18 99 18 52 3 7 33 15 27 99 99 99 99 99 99 21 88 99 45 99 99 7 94 52 85 18 99 99 99 99 85 99 10 52 39 99 99 99 61 99 42 61 46 4 45 99 63 75 40 99 99 40 12 33 36 18 1 99 13 
44 44 19 45 47 50 26 0 50 35 99 91 96 99 99 10 99 34 99 99 48 64 99 99 99 99 46 16 72 99 99 40 16 48 48 57 96 51 99 37 99 72 33 99 22 99 99 99 91 49 48 99 27 72 42 99 39 99 69 37 4 37 99 78 99 19 99 12 39 81 99 99 69 67 64 99 24 90 99 99 1 22 36 81 45 99 42 48 99 73 33 85 3 54 99 24 72 99 99 31 19 
47 2 20 7 54 23 6 62 0 12 43 91 99 85 99 99 99 99 99 10 54 99 79 94 99 49 99 36 87 57 99 70 31 88 99 66 82 99 99 4 4 99 99 99 99 85 40 81 99 84 61 30 99 99 70 99 99 99 99 99 3 99 99 33 99 99 37 30 99 99 10 99 99 36 99 58 19 63 99 42 37 99 87 99 61 63 82 99 97 54 99 99 99 27 27 42 76 82 33 99 99 
60 56 22 47 29 22 59 20 62 0 99 99 72 99 99 67 99 42 13 82 99 25 99 36 31 58 4 15 54 15 1 7 7 99 51 58 57 72 85 19 25 6 67 54 76 90 99 76 49 99 51 3 99 12 90 49 94 58 52 99 99 90 25 99 67 99 79 49 84 27 63 19 34 46 61 96 66 22 99 99 4 64 40 27 16 22 69 42 58 33 99 99 7 99 45 99 66 99 99 99 69 
45 52 91 85 42 3 61 67 78 51 0 39 52 14 10 61 52 24 10 35 45 70 1 99 99 99 99 99 99 99 42 24 60 52 99 6 30 22 60 99 99 27 63 1 76 43 97 78 45 88 6 43 46 99 87 99 70 61 99 88 99 34 57 97 31 85 99 45 70 7 99 88 49 99 58 99 79 97 21 36 99 96 57 99 81 76 49 91 99 99 48 48 57 28 99 99 99 99 43 42 10 
99 81 99 15 6 63 99 99 48 99 32 0 1 12 42 1 50 40 2 8 99 99 99 39 96 1 52 64 37 46 63 36 99 96 99 36 99 28 73 40 99 99 85 81 99 99 99 99 88 82 78 99 28 3 82 99 94 99 27 99 52 43 21 99 99 66 99 46 75 45 99 99 99 52 45 67 99 19 70 60 70 99 19 99 99 12 94 88 90 39 73 99 12 40 99 31 99 21 12 99 99 
91 90 99 34 99 99 63 76 96 13 51 58 0 30 34 37 4 4 60 58 99 99 75 84 99 6 99 67 21 19 91 69 64 1 34 51 99 40 84 33 99 99 52 21 46 88 42 84 46 16 99 19 40 40 94 99 82 99 63 84 88 99 75 70 21 54 58 21 22 66 79 99 67 99 58 40 73 99 84 63 36 34 99 99 99 99 27 99 58 99 18 66 16 99 99 99 99 43 78 91 46 
69 40 99 91 99 12 99 99 99 99 54 3 28 0 38 60 36 53 24 4 27 94 76 96 99 99 25 99 21 85 60 22 72 99 58 76 60 79 99 78 43 55 78 99 99 99 99 99 46 99 51 78 70 96 61 24 19 99 99 97 99 99 15 51 99 12 90 99 99 42 99 82 52 34 85 3 21 33 15 84 3 66 43 34 99 3 94 99 72 10 99 67 72 55 99 19 99 99 75 99 58 
76 94 97 28 79 79 99 79 61 54 3 5 3 25 0 34 22 12 29 4 1 10 99 99 99 12 73 99 55 85 42 90 99 75 67 73 99 99 99 99 99 43 67 43 51 42 99 58 87 99 99 99 84 16 99 3 99 7 99 18 94 1 31 88 79 99 70 28 99 63 85 99 19 99 94 6 57 37 99 37 51 99 84 99 36 99 87 43 84 28 55 87 46 99 45 75 99 79 9 16 4 
13 99 99 51 97 57 43 99 93 40 36 60 55 28 24 0 48 30 28 36 33 99 52 43 28 81 99 51 99 27 99 91 37 27 52 99 99 97 99 67 60 99 99 99 9 52 60 99 37 82 60 93 84 78 36 13 52 46 51 84 99 99 21 91 67 99 19 9 99 99 40 24 99 3 18 82 31 99 99 96 51 99 54 21 99 16 57 76 52 99 99 21 45 99 66 99 34 99 55 69 90 
18 99 24 34 37 82 42 7 93 45 60 42 12 24 40 11 0 62 52 57 7 99 75 36 69 99 67 16 33 78 48 19 99 3 99 48 99 99 39 64 85 73 6 76 99 87 99 99 99 12 99 9 33 15 70 22 99 99 78 69 87 85 99 99 49 99 63 18 67 57 99 99 54 43 52 99 31 33 12 28 31 99 52 99 78 99 99 99 99 99 37 49 4 18 99 25 60 99 87 99 78 
70 99 12 19 99 93 37 24 97 18 4 24 38 11 6 54 2 0 36 40 52 15 37 99 99 99 61 99 16 90 1 48 24 99 60 81 99 78 25 99 6 99 87 9 75 49 42 42 99 85 64 51 84 69 57 43 90 99 63 99 99 99 99 99 31 99 99 99 91 84 99 99 64 31 93 49 84 13 3 72 79 99 16 99 12 99 99 99 22 99 99 99 90 22 99 6 99 7 91 31 33 
52 49 99 42 99 99 72 99 61 46 27 12 18 2 32 44 16 20 0 4 78 99 99 91 91 99 51 46 82 99 82 31 88 66 99 9 99 99 99 90 58 99 42 46 15 99 99 99 10 88 52 31 1 13 99 99 91 18 54 99 40 10 99 96 49 97 19 99 30 1 81 25 60 99 99 57 99 42 31 99 16 99 55 99 54 33 9 25 51 78 37 27 39 93 99 81 58 33 88 99 54 
61 87 99 40 99 99 15 99 99 21 58 10 20 23 47 56 40 42 21 0 16 55 99 99 51 1 78 99 37 58 70 6 75 18 39 72 96 24 30 37 78 19 31 30 99 99 96 79 99 70 99 99 81 99 69 15 61 84 43 75 51 33 72 99 25 99 46 99 48 99 99 9 73 99 81 79 4 82 28 6 99 27 75 67 48 99 99 99 60 99 90 51 40 31 9 54 3 99 99 66 16 
18 70 25 99 37 57 93 99 99 55 88 21 99 99 43 27 93 40 42 99 0 31 14 54 39 23 44 4 10 42 99 66 16 79 66 75 55 66 81 28 61 13 99 39 99 99 57 99 73 99 58 9 99 99 58 99 67 87 99 43 99 99 99 99 99 25 82 99 88 54 60 43 99 85 82 18 7 67 99 4 99 64 67 99 99 99 37 84 37 64 33 99 99 99 73 76 99 1 99 99 42 
42 4 99 1 99 75 15 36 99 99 78 99 99 57 99 28 99 84 63 99 12 0 31 56 61 52 44 6 66 2 99 99 99 99 43 76 99 90 51 91 19 57 39 48 63 39 13 99 16 16 99 79 99 94 51 99 99 99 36 46 99 99 30 39 97 78 99 73 72 31 87 87 99 7 46 48 99 99 76 99 93 39 60 34 66 99 54 43 13 99 99 84 24 99 1 99 99 57 6 51 57 
99 87 64 99 99 99 76 91 64 99 30 69 81 99 43 72 99 96 15 30 41 62 0 14 12 54 64 5 36 55 25 31 42 49 27 99 55 15 60 33 99 13 45 99 91 79 73 99 55 55 88 90 25 93 33 84 73 94 9 22 99 99 84 99 3 7 99 73 99 99 24 16 99 52 22 99 55 99 10 99 99 69 99 3 99 88 99 96 73 61 34 55 99 1 70 99 69 78 96 73 99 
94 48 43 99 99 99 52 15 99 88 99 48 16 33 99 99 49 30 99 16 65 26 6 0 11 59 54 48 12 52 99 61 33 73 99 16 39 99 58 76 99 90 63 99 99 16 73 3 49 3 4 99 13 13 76 84 69 81 64 85 61 84 15 76 73 99 99 88 96 49 39 99 64 90 60 49 99 10 16 99 61 99 33 99 99 51 99 96 58 99 99 88 40 99 10 19 30 4 97 88 6 
99 88 82 99 99 99 63 19 99 43 34 99 82 36 99 16 15 88 85 99 60 41 37 28 0 24 40 22 6 10 13 55 55 99 1 75 99 18 99 31 3 64 99 94 22 99 72 99 88 3 99 99 75 99 99 72 72 96 96 94 1 30 99 49 99 99 4 12 24 99 84 52 96 33 70 4 33 30 64 99 27 27 66 99 99 99 54 78 57 45 39 99 28 99 58 99 3 67 79 3 99 
52 21 99 52 34 63 88 34 28 99 78 99 99 99 99 85 24 99 58 13 15 4 48 8 62 0 42 24 54 11 99 99 52 57 25 87 85 87 99 10 58 19 64 66 91 76 99 22 33 48 60 46 15 99 12 99 72 15 4 99 9 99 93 91 99 99 39 84 99 81 6 33 99 31 97 84 99 99 79 57 99 99 39 99 10 54 24 57 99 36 67 54 99 6 72 66 1 99 48 60 99 
99 33 70 4 99 99 27 99 63 99 93 28 99 97 25 99 94 54 15 3 33 64 39 6 11 30 0 25 54 20 73 99 85 99 99 99 57 28 87 48 99 99 85 79 60 70 34 73 99 13 99 67 91 88 90 55 28 99 99 67 10 37 88 34 99 52 75 9 88 99 99 99 73 64 82 24 57 99 64 99 99 99 84 37 79 40 99 99 37 99 40 45 39 7 12 99 96 70 10 99 79 
88 7 99 61 10 99 99 67 9 99 66 1 31 70 18 99 72 60 99 99 31 5 49 17 33 3 43 0 8 25 97 99 99 40 96 25 6 99 99 12 28 84 99 87 99 99 99 88 31 99 1 99 24 46 12 27 49 7 39 52 4 99 19 99 18 31 27 16 19 73 99 99 94 99 82 99 12 7 99 99 85 55 99 75 10 31 99 99 33 99 67 99 99 45 27 99 99 99 33 75 52 
48 69 96 13 72 99 27 13 99 99 90 39 84 79 99 25 39 70 27 1 51 51 16 25 52 60 47 9 0 18 99 7 85 99 99 99 76 99 99 69 61 72 87 3 82 67 61 55 13 30 99 99 99 99 99 85 13 51 99 33 9 99 3 28 99 63 99 64 99 91 55 58 94 99 7 57 99 99 34 19 43 6 15 81 12 99 69 81 22 99 85 12 72 99 48 37 78 76 76 42 99 
3 99 60 90 9 45 72 55 96 88 99 99 99 99 99 39 90 99 99 76 62 58 44 28 2 22 16 27 32 0 99 99 99 43 43 73 13 99 99 6 31 99 94 99 66 99 7 90 79 69 99 57 54 99 15 6 25 99 85 24 99 79 99 85 76 99 7 21 99 24 12 99 84 27 37 99 21 99 48 99 57 10 88 99 99 28 6 63 85 31 99 99 43 57 12 57 67 48 54 12 84 
19 64 99 84 4 60 99 99 54 99 6 99 99 49 39 99 85 99 99 72 4 81 51 78 9 99 66 10 7 22 0 43 29 1 62 25 50 24 12 29 64 40 99 66 12 99 99 75 99 99 99 99 99 48 93 99 99 57 37 81 99 28 99 91 3 78 99 21 99 18 99 18 40 39 99 99 79 99 52 60 99 76 27 99 99 49 99 45 99 34 49 99 6 75 99 49 99 39 99 37 1 
85 37 99 55 51 79 99 34 61 46 18 93 99 99 45 90 99 99 21 88 99 43 25 16 99 27 99 99 19 99 35 0 46 43 22 32 45 64 45 2 33 82 16 31 99 99 96 48 99 99 37 99 99 85 61 87 99 9 99 13 99 93 40 28 39 94 18 99 84 45 76 90 4 69 66 16 99 66 19 37 99 99 1 64 73 99 87 54 48 99 93 99 99 19 91 63 84 66 69 18 1 
69 99 99 99 99 99 9 84 99 7 45 49 78 3 99 79 70 93 99 55 99 84 58 48 70 99 99 75 99 99 42 26 0 7 65 34 15 50 6 0 99 82 57 99 42 46 48 28 99 33 79 91 94 99 96 99 37 18 28 72 81 91 99 60 75 63 99 37 24 30 27 57 99 51 99 99 6 52 3 99 99 99 99 99 99 61 58 99 99 99 73 9 99 46 99 7 99 99 99 69 9 
36 99 99 43 16 21 99 13 99 99 99 58 69 97 94 99 43 55 54 99 90 99 64 99 48 52 99 99 60 99 65 63 43 0 65 8 7 10 50 32 28 81 99 87 99 33 16 75 69 12 99 99 1 87 99 13 7 99 21 3 99 37 88 99 79 1 99 99 19 36 82 99 70 99 99 40 99 99 57 99 6 73 99 19 99 55 99 24 48 93 64 31 34 21 99 88 99 99 85 99 76 
39 6 99 6 88 99 43 49 94 48 60 93 93 72 55 42 70 99 85 81 72 96 3 99 96 99 54 55 46 13 19 18 12 20 0 54 51 25 19 58 93 49 99 99 4 93 97 99 99 18 18 99 24 99 43 46 90 30 99 70 99 99 99 76 27 15 40 99 99 51 39 99 22 48 99 96 60 81 57 24 3 30 99 27 73 99 30 63 94 99 28 99 51 87 9 82 99 99 19 15 99 
99 12 24 99 96 28 64 73 16 99 94 99 46 76 30 12 99 99 99 52 6 88 61 4 99 99 46 99 79 58 24 28 39 1 0 0 24 44 62 21 99 97 70 99 99 99 99 66 39 76 51 58 54 18 9 90 99 46 52 99 46 34 99 1 99 91 16 99 48 19 51 30 37 99 9 99 87 16 88 99 27 37 99 81 79 16 16 99 91 49 99 49 99 30 99 9 87 25 99 99 13 
81 81 99 85 99 87 91 21 39 31 57 75 99 13 99 64 99 88 99 99 99 54 42 99 45 60 46 99 15 76 34 14 53 62 64 48 0 24 52 60 99 93 60 51 61 24 87 81 3 48 39 99 73 99 91 6 99 99 6 99 10 93 99 66 99 19 90 99 99 54 48 27 99 66 67 63 99 99 99 85 99 37 55 99 99 99 7 99 61 82 93 78 81 19 42 99 99 67 40 12 31 
84 99 60 61 99 99 81 40 91 22 61 79 61 42 99 24 85 85 40 48 51 99 99 99 24 99 90 99 31 99 37 14 49 0 38 34 23 0 42 10 99 54 82 1 99 99 99 34 66 99 49 13 90 37 4 57 94 99 99 6 60 54 99 99 97 7 58 19 91 10 99 51 99 42 85 54 37 69 99 60 1 99 18 66 48 99 61 99 99 6 79 93 87 34 70 19 58 40 99 40 99 
9 99 51 69 99 91 28 99 33 99 99 31 58 27 99 99 99 99 93 9 99 6 99 99 48 33 91 58 99 33 57 19 44 65 37 9 0 57 0 34 99 99 36 99 58 57 10 85 87 99 27 91 99 63 99 78 99 91 25 99 61 97 99 6 99 93 99 99 99 99 82 66 57 67 39 15 99 99 99 70 85 61 99 85 78 28 97 27 57 99 99 40 99 54 96 64 49 37 99 72 99 
99 28 42 99 73 61 99 99 87 55 81 16 99 63 99 40 99 31 99 99 90 45 99 36 99 99 97 67 57 99 18 10 20 19 1 4 4 16 57 0 69 33 93 3 99 52 99 88 28 99 55 51 72 85 22 21 99 99 99 73 72 10 69 99 93 27 99 58 58 10 78 99 99 34 43 73 51 7 91 9 34 30 3 99 99 99 73 90 99 99 63 99 1 99 75 99 84 99 99 52 78 
25 55 88 69 99 84 85 99 99 45 18 88 99 79 99 39 16 76 99 61 99 90 85 18 36 82 99 73 27 81 54 88 67 18 78 99 64 36 99 78 0 2 39 44 17 58 65 2 19 2 99 9 93 99 37 28 30 57 90 39 31 45 52 99 49 67 90 63 6 67 58 99 64 19 79 90 99 99 99 79 99 99 79 94 99 33 93 99 4 70 34 48 99 31 97 99 36 99 18 99 58 
61 37 99 88 99 40 43 1 99 33 67 99 46 24 63 42 16 99 10 99 99 90 96 6 91 99 10 31 19 61 67 10 9 88 27 19 7 4 12 4 16 0 20 8 58 53 62 6 23 60 79 99 99 99 69 1 1 21 99 72 31 99 99 99 6 28 61 43 34 99 99 37 60 99 36 99 99 82 79 70 90 99 9 30 27 99 66 57 13 52 51 42 15 93 72 76 10 99 99 69 4 
99 36 54 7 99 45 51 99 30 99 39 37 82 28 10 51 94 93 66 99 91 72 99 67 99 99 99 99 21 99 78 99 36 96 99 99 22 99 99 99 32 15 0 28 4 30 42 22 27 16 99 99 99 99 67 24 25 81 99 42 93 99 99 99 99 99 19 43 88 99 54 42 99 15 76 67 97 99 40 99 99 99 69 90 10 30 96 12 99 99 90 99 66 99 3 81 27 48 51 12 99 
99 30 30 99 96 99 21 34 13 99 81 76 61 64 81 16 91 99 45 31 99 45 78 31 58 99 99 12 99 99 99 91 66 30 69 15 99 99 57 99 9 4 38 0 20 29 25 5 30 18 91 99 99 99 45 99 57 82 97 99 19 96 22 69 99 58 57 99 45 12 49 99 85 19 31 82 72 21 25 99 31 87 87 99 99 70 16 49 99 75 75 99 97 96 99 99 90 70 81 69 13 
19 63 25 99 4 28 28 99 25 69 99 99 6 10 3 34 46 99 99 27 22 99 19 99 87 4 76 46 57 55 61 30 91 46 99 91 99 3 99 82 8 3 58 48 0 42 2 54 17 47 99 99 69 57 99 99 60 48 25 60 99 93 75 96 60 61 99 67 7 39 99 33 99 13 48 99 12 30 73 46 99 99 99 99 67 63 61 99 22 25 99 57 99 99 4 99 82 52 21 10 57 
99 66 7 90 87 3 43 1 99 48 49 1 99 99 99 73 31 13 57 60 99 93 99 69 99 99 99 52 99 99 99 99 82 94 28 88 99 28 69 22 3 26 38 14 38 0 26 40 2 1 99 22 78 94 36 91 42 99 81 57 88 85 22 99 78 99 79 90 16 99 78 99 93 27 99 27 13 99 99 99 7 99 76 99 63 99 99 24 18 42 99 30 18 31 55 99 99 99 99 24 91 
10 99 57 99 22 99 18 99 6 85 93 64 85 99 88 40 99 49 81 15 99 19 99 99 97 99 99 99 70 10 43 72 78 99 93 19 78 72 40 99 38 36 14 20 36 16 0 12 56 62 57 99 99 10 99 99 97 34 99 46 88 97 99 99 31 88 28 49 99 99 24 21 73 93 96 22 99 54 60 1 42 18 31 7 57 99 45 15 99 24 99 99 30 99 76 76 99 16 3 25 97 
63 28 99 99 91 54 99 99 99 69 52 39 99 15 27 69 70 51 99 16 99 99 63 30 21 99 25 42 99 99 66 19 99 40 70 66 99 37 90 88 34 64 54 54 6 35 44 0 3 22 99 69 99 39 60 99 9 99 52 76 64 99 33 97 99 88 39 94 99 82 25 99 15 72 78 99 99 99 43 19 3 16 99 9 99 99 1 99 85 99 31 99 40 73 45 99 93 64 48 97 88 
99 96 91 1 99 84 99 99 99 61 96 40 25 70 99 87 99 10 69 88 85 99 99 27 67 99 99 81 99 88 88 12 99 43 31 97 84 24 21 99 38 54 16 6 26 15 55 51 0 34 99 99 99 45 60 67 99 72 88 87 15 57 90 79 99 97 99 18 91 7 99 33 96 49 69 99 99 99 40 99 63 55 99 33 99 82 99 15 54 90 70 75 66 99 99 49 96 55 43 10 24 
99 34 30 46 99 22 99 42 30 73 58 49 99 7 19 81 15 55 60 99 48 99 99 90 3 84 27 37 81 99 58 90 99 30 6 99 99 7 12 99 37 12 46 40 6 7 14 14 64 0 1 1 96 99 25 48 19 99 99 61 99 99 39 85 84 3 99 9 99 1 99 81 84 99 70 99 84 73 99 24 99 39 99 70 55 34 51 63 81 51 90 99 99 76 22 7 99 85 91 99 99 
99 90 55 48 99 99 33 84 99 99 82 99 75 10 4 94 96 99 76 99 99 52 52 87 63 99 61 52 99 22 52 97 15 99 99 34 99 96 99 63 25 94 54 7 19 81 99 12 49 10 0 46 65 56 5 7 12 37 12 5 99 27 88 99 99 39 3 28 66 90 52 27 82 22 6 51 24 76 9 22 51 94 39 99 7 51 28 63 57 46 90 99 31 51 57 70 6 30 91 85 40 
16 73 16 94 6 99 39 4 99 27 99 99 34 99 45 3 42 15 30 46 37 99 33 99 99 4 66 64 81 61 34 21 42 1 93 30 99 99 99 21 1 99 99 99 54 99 57 16 15 99 17 0 22 15 22 58 21 8 36 58 85 96 19 13 94 99 99 37 99 99 72 99 48 33 94 6 61 51 78 1 42 99 99 88 99 55 99 45 72 18 81 99 49 64 15 66 33 7 69 99 81 
25 99 6 99 16 27 99 63 4 55 99 99 13 79 78 99 99 12 99 99 36 69 45 99 99 99 39 63 99 99 99 99 45 90 99 99 19 99 9 78 24 51 99 99 99 99 1 31 57 99 39 14 0 8 10 4 64 51 30 28 49 99 90 57 99 99 99 54 75 94 33 51 99 72 99 15 99 99 48 34 39 99 99 1 99 99 99 70 72 81 55 99 43 25 99 51 18 85 99 1 99 
67 27 99 25 99 99 7 12 19 94 90 99 79 97 3 99 99 27 99 7 96 99 99 58 99 49 58 63 46 37 99 24 19 99 84 72 97 51 39 94 63 64 99 69 99 99 87 99 34 99 64 56 60 0 61 40 66 50 25 2 73 15 99 4 93 94 91 28 99 99 43 99 45 99 10 13 27 18 99 75 67 15 58 91 24 79 93 7 3 30 24 6 99 99 69 37 40 60 99 97 87 
10 69 61 99 24 16 67 64 91 60 25 99 64 99 88 58 99 7 99 15 99 39 61 58 99 75 30 88 7 79 99 64 51 31 33 99 49 87 99 79 99 22 99 99 54 49 85 31 22 84 32 14 0 33 0 16 2 30 34 43 99 46 7 91 66 39 27 97 99 96 27 99 40 99 99 16 99 99 40 99 99 94 72 99 91 99 99 99 43 42 85 1 51 84 99 28 99 99 63 72 36 
15 39 1 99 16 99 6 51 52 52 57 45 99 99 99 12 57 99 99 99 24 99 99 93 40 99 91 64 99 87 99 9 96 99 99 67 99 18 99 9 99 63 99 52 58 69 99 72 43 90 14 40 9 21 28 0 33 52 48 28 99 99 97 99 19 99 99 99 19 78 6 99 55 21 99 27 73 22 36 99 48 57 67 90 87 99 18 54 25 60 99 21 42 96 93 99 13 16 81 37 81 
67 27 99 78 52 93 30 52 99 99 37 99 99 88 49 42 54 99 40 30 99 99 99 99 36 79 3 99 16 81 28 6 70 99 99 7 97 51 99 43 46 87 75 19 78 7 43 99 61 7 12 37 63 6 32 53 0 21 63 34 99 40 99 99 99 99 99 1 64 78 99 66 28 88 12 99 99 99 99 99 9 49 6 45 45 87 81 60 54 81 99 52 21 96 99 99 70 21 58 99 43 
36 21 16 25 81 3 13 88 99 99 99 34 34 15 22 28 99 13 4 21 85 16 70 99 61 99 64 94 99 99 99 51 90 15 99 10 22 99 16 55 99 78 99 46 99 16 99 99 97 3 58 36 28 62 12 12 18 0 32 30 34 69 99 99 25 1 99 99 99 99 25 16 99 45 99 90 99 99 78 90 73 88 85 99 99 99 33 99 99 99 31 99 99 79 87 57 99 6 99 60 39 
99 99 76 64 99 99 99 75 21 99 66 99 99 85 63 37 4 76 19 99 49 88 99 76 16 75 40 37 99 16 99 1 63 99 18 79 64 12 18 91 99 85 94 13 39 57 30 82 21 18 56 56 53 40 56 20 20 14 0 54 70 88 45 1 73 87 93 48 99 91 55 99 49 19 30 96 99 4 79 99 99 87 99 39 63 99 99 70 54 46 99 18 99 36 99 58 93 75 99 4 99 
99 99 99 99 15 16 18 28 25 16 48 99 4 82 99 70 33 94 43 48 46 79 99 10 99 94 57 24 7 99 99 31 24 60 51 96 60 99 70 99 97 12 13 28 97 79 48 85 82 3 55 14 26 18 61 29 47 38 26 0 24 99 99 66 67 82 99 51 99 36 93 12 99 18 90 99 96 34 13 97 75 52 99 30 67 25 30 99 15 52 99 48 30 79 99 88 16 99 48 15 99 
99 97 99 99 99 24 40 39 43 99 99 88 99 76 7 99 99 99 99 46 99 51 97 12 99 16 96 99 99 99 75 94 31 24 99 22 40 27 46 64 42 75 79 99 67 99 99 78 27 67 63 67 4 99 73 84 78 27 30 52 0 28 46 28 38 9 53 19 10 2 97 99 99 30 99 64 82 36 99 99 99 52 90 88 67 99 99 51 67 37 1 99 90 99 52 99 99 18 96 99 90 
90 15 70 99 99 87 18 99 97 6 99 99 99 99 99 82 16 78 67 99 99 40 7 79 63 99 33 7 6 99 15 58 67 66 99 99 99 81 90 99 99 99 75 99 99 30 34 25 28 99 46 40 33 43 78 96 91 99 99 99 29 0 30 10 53 65 18 16 14 43 99 64 67 15 99 34 57 15 99 90 36 72 54 18 99 30 93 33 99 28 99 64 75 60 52 51 70 16 25 85 99 
3 75 99 25 84 27 48 28 90 28 79 99 99 36 37 48 99 84 76 27 52 34 13 82 13 70 99 99 45 99 93 99 96 99 99 99 34 99 99 43 51 84 9 99 99 1 52 27 33 58 4 58 96 46 99 99 91 99 10 99 42 58 0 57 47 64 18 56 46 12 99 99 99 99 57 42 90 21 9 18 99 63 99 13 61 82 99 10 99 99 99 66 91 85 10 99 22 48 31 54 54 
99 99 25 9 81 64 58 72 31 4 99 99 60 99 16 99 22 99 28 99 66 12 49 64 99 60 57 24 99 91 99 99 45 61 60 99 48 99 99 18 42 55 37 57 49 12 3 60 99 10 16 3 30 94 99 87 21 78 87 99 8 17 64 0 16 56 8 2 2 37 70 36 22 63 69 25 40 99 57 25 99 99 67 66 99 7 99 84 31 91 85 19 55 42 99 57 31 66 99 99 99 
99 21 99 94 19 99 54 99 60 28 99 51 99 25 99 99 55 99 78 45 67 72 81 99 99 69 99 75 42 33 55 99 66 99 82 99 90 21 60 88 67 58 63 94 88 76 73 99 28 99 99 25 61 99 72 51 99 72 51 99 40 58 5 37 0 30 60 23 52 12 99 94 99 99 49 99 48 97 93 13 67 37 94 67 52 99 90 12 99 99 99 19 60 99 42 66 78 79 45 40 75 
99 90 70 9 99 99 99 93 99 82 64 58 81 99 45 30 99 99 43 30 99 66 39 99 30 99 3 99 99 76 51 6 75 75 28 99 96 61 57 88 3 43 1 75 12 93 22 57 7 99 54 99 99 99 54 51 99 40 99 70 22 20 24 16 48 0 6 65 58 50 27 99 93 99 99 4 45 99 99 99 99 99 75 99 84 99 78 99 58 99 97 4 4 99 27 10 88 55 28 57 55 
79 64 99 85 79 94 84 99 61 88 94 81 19 99 9 99 36 30 58 51 58 67 85 99 99 76 36 99 15 99 99 4 99 99 87 57 61 90 31 25 43 7 72 49 99 99 93 99 13 76 73 49 69 99 75 70 13 55 31 64 57 19 39 41 2 26 0 28 32 56 99 49 82 90 99 99 55 4 9 99 99 99 40 28 99 49 79 61 25 99 99 99 99 99 45 88 99 61 70 7 99 
66 3 69 99 99 1 90 58 76 99 63 28 99 84 55 99 46 34 69 25 97 60 66 21 91 36 99 45 37 79 99 36 57 94 52 72 27 25 22 99 25 99 16 10 24 99 55 99 10 99 25 51 85 99 63 54 99 99 99 40 66 33 62 62 16 12 17 0 44 12 97 45 28 30 99 27 28 7 99 99 99 91 6 36 99 99 99 9 30 84 99 63 99 99 46 25 99 1 31 99 99 
79 84 34 78 99 46 9 99 99 9 99 66 99 51 55 15 99 82 55 99 22 7 9 60 99 33 28 19 99 85 16 9 72 34 51 99 66 30 12 27 99 99 99 99 63 99 99 13 99 99 36 54 28 99 21 10 69 6 55 99 16 62 9 45 51 31 60 30 0 32 99 96 36 91 39 99 3 81 99 91 66 42 88 3 99 99 3 61 15 27 18 76 21 99 99 99 46 24 99 99 12 
33 96 99 99 34 31 61 45 40 99 37 28 75 99 99 85 99 99 52 28 73 99 99 27 70 75 40 33 15 36 99 42 25 33 99 34 33 7 99 91 22 99 76 85 99 12 58 99 24 99 99 99 78 99 27 99 1 39 7 51 48 60 63 17 1 13 32 18 23 0 28 49 24 99 13 97 96 88 45 94 18 66 55 46 16 33 54 27 87 99 87 99 99 78 42 99 99 54 21 7 99 
99 99 81 12 88 15 99 75 99 33 99 34 99 69 61 99 79 73 78 99 45 70 99 13 99 99 37 78 18 9 12 99 63 21 99 60 96 93 66 87 37 33 99 99 49 99 99 10 45 99 99 99 76 99 78 73 78 43 63 99 91 63 99 4 60 99 96 72 99 70 0 52 38 58 52 26 55 58 28 11 99 45 81 45 36 51 99 99 46 15 60 99 28 90 15 94 99 67 24 36 27 
87 51 85 90 27 99 99 15 48 99 46 36 49 85 33 27 19 81 4 99 99 99 91 99 16 28 85 99 96 15 99 43 10 57 87 37 99 45 99 99 51 9 84 99 99 49 24 73 99 81 99 99 27 82 94 45 85 87 67 99 99 72 99 99 96 99 99 79 40 43 16 0 4 17 8 58 20 4 26 45 58 82 40 99 6 69 99 99 93 40 99 99 78 99 9 99 99 1 10 99 97 
99 69 24 22 84 87 55 99 4 99 99 76 16 99 51 66 99 99 28 49 99 49 36 43 15 43 84 88 85 93 99 67 10 90 87 99 9 27 13 40 81 99 85 99 28 91 99 99 94 21 99 99 42 96 31 99 99 99 79 97 34 99 63 99 99 58 93 99 90 99 32 6 0 21 3 60 22 44 56 6 81 82 34 66 39 33 31 21 99 94 99 33 76 22 99 27 99 70 52 99 93 
48 99 84 99 28 69 81 93 54 99 36 99 70 99 15 6 76 99 57 4 75 99 84 30 99 48 46 52 66 99 99 63 45 16 37 99 90 99 64 84 99 75 99 94 99 22 61 99 10 99 70 55 30 21 34 40 99 73 99 99 55 99 99 48 67 99 72 19 99 63 34 42 17 0 55 58 0 10 33 16 99 69 99 99 4 82 15 99 24 42 9 99 45 99 93 45 90 66 91 45 99 
99 91 61 42 22 99 99 6 9 46 60 64 43 48 37 91 99 82 70 99 91 57 43 31 99 99 24 82 99 99 9 99 99 96 99 60 70 99 31 45 36 73 30 94 58 37 99 69 97 90 42 1 18 64 99 49 16 73 31 15 99 81 51 63 99 3 43 99 28 45 46 42 44 30 0 56 12 20 56 58 99 99 52 99 99 99 7 99 4 88 73 13 3 16 82 9 13 88 9 37 64 
15 51 69 99 21 78 9 9 99 60 48 28 99 99 99 76 40 99 58 75 18 90 99 99 99 99 99 63 16 99 39 40 39 75 34 99 30 54 72 76 99 85 58 85 10 12 99 99 99 99 99 99 91 54 25 21 25 99 10 99 22 99 99 51 31 60 25 99 9 99 24 34 50 27 30 0 56 52 65 26 99 99 24 30 99 6 99 99 16 99 34 64 31 54 27 99 99 99 99 88 91 
40 99 25 69 61 52 58 99 79 55 99 54 28 39 96 99 4 78 52 18 85 99 12 49 40 36 76 39 99 37 99 12 99 73 34 37 90 99 81 97 99 43 28 99 37 6 22 93 93 91 19 99 15 67 99 22 99 37 78 9 1 99 99 55 67 99 67 99 99 91 50 0 26 26 3 3 0 4 29 10 54 99 79 37 85 3 99 99 99 81 93 52 22 91 6 39 99 58 58 99 76 
6 99 84 99 99 99 85 99 10 19 12 21 99 99 52 99 4 85 84 99 57 49 28 99 6 99 27 84 69 99 99 99 99 48 79 10 76 48 94 1 99 96 34 99 58 99 48 78 99 94 84 67 48 79 7 99 99 99 27 45 99 46 79 3 37 73 13 21 99 99 19 64 64 1 14 46 16 0 18 62 99 66 6 73 10 99 99 84 9 99 28 16 58 51 12 45 99 57 82 46 52 
6 81 99 15 16 21 40 97 1 25 24 76 99 99 72 84 10 99 51 94 90 54 76 99 91 99 88 99 7 48 99 97 67 99 67 4 99 24 21 58 85 49 72 99 55 39 93 99 99 24 13 75 99 99 52 99 99 99 99 81 85 61 36 99 99 99 49 36 82 84 36 57 8 18 30 2 16 63 0 46 43 93 81 99 34 19 66 90 27 99 46 78 99 6 48 91 33 37 48 90 60 
69 33 60 79 19 99 27 99 85 99 19 99 99 99 58 7 70 99 60 73 84 99 81 99 93 91 6 99 76 63 96 58 99 97 99 6 99 52 31 22 48 4 18 99 39 1 99 27 60 99 24 99 7 21 99 99 99 42 61 15 10 78 15 99 7 99 99 9 63 63 19 44 34 13 51 13 10 6 40 0 99 96 18 99 99 87 61 73 28 99 99 99 99 57 13 99 25 43 82 99 66 
78 76 78 99 64 69 97 99 91 52 15 81 91 99 88 99 93 45 22 36 99 99 99 79 49 72 99 46 70 99 99 34 61 33 30 49 72 99 1 73 34 67 48 99 64 99 42 99 66 99 25 99 34 99 19 99 99 97 7 22 69 10 75 42 37 43 43 58 34 70 99 49 48 99 57 16 52 78 87 52 0 66 51 19 26 50 28 26 9 1 96 85 99 75 75 99 43 90 99 19 99 
73 99 36 63 99 54 88 99 3 39 99 22 21 99 93 60 66 99 67 99 93 37 46 99 99 99 79 34 39 99 99 99 10 84 63 99 99 99 42 99 82 99 90 49 66 52 99 99 84 33 54 82 10 82 85 36 99 99 99 58 9 24 21 40 99 63 99 99 99 3 15 43 28 51 13 99 99 99 99 99 35 0 65 6 44 40 66 34 3 1 99 99 42 52 91 99 99 66 33 42 64 
7 94 99 78 99 99 99 79 48 36 9 43 31 9 99 72 93 19 60 58 99 46 72 34 99 51 82 91 99 99 99 24 27 4 99 54 96 85 99 42 58 34 25 19 85 18 69 99 99 87 78 46 99 99 27 49 84 99 99 99 99 99 36 99 91 22 61 73 99 13 72 99 57 93 54 99 99 39 52 99 27 21 0 56 23 46 31 39 14 32 19 99 82 99 34 99 99 18 99 96 99 
70 55 22 12 99 99 99 99 67 64 87 24 37 99 1 99 7 99 4 6 30 76 99 30 22 61 99 61 78 18 31 73 6 99 16 70 99 40 99 34 51 3 99 46 55 27 99 90 99 60 99 99 99 58 1 99 73 13 19 1 49 76 99 88 57 99 81 64 97 49 66 79 99 40 55 93 87 99 60 96 14 8 14 0 18 7 18 14 8 9 21 64 99 39 39 85 36 97 99 4 79 
46 99 99 58 99 60 42 99 91 60 13 39 99 88 99 64 67 66 99 15 99 75 99 82 99 99 48 31 99 99 99 10 30 15 82 37 13 99 73 99 12 88 99 99 99 91 55 75 99 40 99 12 81 7 51 60 99 55 99 99 91 78 33 99 51 40 82 99 57 54 7 7 87 75 99 40 96 99 99 99 57 35 26 12 0 8 56 64 1 4 99 12 99 64 12 78 97 73 73 94 79 
78 1 19 99 99 33 31 39 70 54 57 25 99 70 94 99 12 13 31 99 99 99 99 96 27 99 33 99 39 99 99 24 96 81 6 99 79 99 99 91 7 99 93 99 1 52 78 45 99 82 27 99 37 36 54 57 99 99 42 37 58 99 99 99 99 34 13 9 48 48 94 49 99 99 25 99 55 10 37 99 7 4 62 40 41 0 23 17 27 8 40 72 37 18 90 70 15 4 21 13 93 
99 70 99 24 63 96 82 49 99 64 10 39 99 48 30 99 99 75 49 99 58 99 96 99 99 85 51 99 51 57 73 4 28 99 33 99 99 99 99 66 46 51 99 99 61 28 3 15 99 99 58 99 84 97 99 99 79 94 99 3 45 42 99 99 73 99 9 72 63 49 99 16 9 99 99 75 60 99 57 22 52 52 6 16 14 47 0 28 24 20 99 66 63 91 27 99 66 70 99 7 69 
99 99 61 99 99 61 73 96 78 90 99 7 99 88 99 21 99 99 9 99 33 99 49 99 37 34 57 99 6 99 3 31 10 87 12 99 30 28 99 99 99 78 28 61 27 88 99 73 27 82 52 99 25 99 88 99 99 55 79 37 99 99 99 15 91 51 67 99 58 45 43 28 96 7 99 61 52 99 99 99 43 59 54 62 36 15 0 0 22 36 25 58 52 99 99 54 48 99 24 57 84 
7 61 46 99 99 99 36 99 99 66 24 42 78 58 99 81 21 99 24 99 85 99 42 99 99 99 81 99 99 31 99 99 99 19 66 85 99 96 37 84 99 99 99 99 43 30 99 81 93 99 99 99 25 28 31 85 94 6 25 45 4 6 27 79 93 42 79 18 34 13 51 99 99 33 99 3 99 99 99 99 12 36 42 62 58 56 46 51 0 34 99 60 43 51 43 64 19 18 48 99 99 
33 99 99 99 72 45 9 99 25 16 10 76 22 24 99 99 99 16 96 9 91 31 99 73 99 28 72 48 99 99 99 93 58 33 48 99 15 69 84 34 22 99 16 99 49 99 99 99 7 13 15 13 46 15 99 93 99 70 73 99 90 22 99 22 34 28 99 99 48 58 72 54 30 33 88 87 48 99 46 99 52 51 33 20 44 58 62 61 2 0 3 37 18 99 93 73 58 99 55 51 99 
99 13 45 48 99 90 99 31 70 99 87 85 99 99 99 58 84 99 99 13 99 99 63 49 99 37 39 25 70 99 93 52 75 99 19 12 99 99 64 36 3 99 99 7 81 78 73 99 34 99 52 81 12 96 45 75 99 90 43 99 99 99 51 46 61 43 99 99 10 99 99 58 99 91 99 13 82 69 99 61 45 99 99 96 99 22 10 58 78 87 0 40 36 13 32 2 49 22 9 12 72 
31 31 34 99 88 66 82 99 43 99 51 96 99 18 25 3 7 99 99 27 99 99 99 85 27 46 67 1 19 31 48 40 34 99 93 24 40 99 42 33 67 4 99 40 99 43 85 99 99 21 19 19 42 13 33 52 99 61 99 99 99 42 61 99 31 91 70 99 69 99 79 99 10 91 90 99 99 97 93 99 94 36 54 99 52 99 90 93 7 57 12 0 56 38 16 59 45 34 66 6 1 
25 99 1 40 48 48 88 93 49 60 99 99 81 99 99 99 24 99 78 93 16 24 19 91 72 99 27 15 90 99 40 33 30 57 99 99 61 99 34 99 99 99 99 99 99 99 58 70 27 99 67 45 49 66 99 37 43 42 28 99 99 18 57 99 99 1 99 88 16 24 66 57 66 33 37 6 99 15 10 31 13 18 36 22 25 99 22 10 99 22 0 35 0 50 43 48 6 34 64 20 27 
99 99 42 60 99 99 99 34 4 99 18 22 36 63 99 84 88 61 82 63 93 57 99 99 69 99 10 99 12 99 43 94 15 40 99 99 30 99 99 66 99 99 9 10 99 63 99 61 52 99 24 99 39 91 9 91 99 49 15 99 58 90 96 19 58 21 10 49 87 99 90 55 39 99 99 73 88 99 24 99 79 79 99 15 46 16 60 13 99 99 52 50 54 0 61 37 54 21 4 58 85 
99 99 87 99 24 9 1 43 99 10 63 99 99 99 6 19 9 28 39 99 99 12 99 99 27 99 99 60 63 42 99 99 16 34 99 22 43 52 73 1 91 99 43 15 99 99 99 99 99 84 3 99 99 67 10 27 16 54 99 90 99 66 99 99 99 54 42 99 99 60 90 54 27 49 99 96 39 91 99 3 99 45 75 88 99 87 54 52 12 1 6 30 49 31 0 62 21 43 10 1 66 
99 39 97 60 4 73 76 30 40 91 88 99 75 99 99 76 99 85 57 52 67 99 52 93 49 40 28 6 87 10 99 76 99 61 24 60 43 3 1 1 22 51 61 99 64 99 99 49 99 99 33 90 99 16 61 1 99 33 99 1 48 99 69 70 99 91 99 28 99 51 99 99 99 78 66 67 99 85 99 85 46 45 93 19 99 99 73 72 99 97 11 19 46 33 19 0 14 18 47 24 52 
46 42 39 12 81 99 72 7 72 51 1 81 73 30 31 99 99 82 70 96 99 34 99 99 36 99 93 99 10 6 60 57 64 78 61 99 93 99 36 39 99 42 31 99 1 99 18 99 58 99 79 57 99 57 99 34 99 54 1 75 49 18 87 99 99 99 81 15 49 99 99 37 22 99 19 63 75 99 18 99 58 93 12 99 64 6 4 99 99 99 9 4 52 48 12 2 0 13 44 42 4 
1 10 84 99 99 99 3 46 34 1 10 25 99 99 79 34 99 54 99 99 99 39 36 36 99 4 6 99 61 21 99 37 75 99 99 96 99 48 4 73 99 99 55 72 3 12 49 43 66 96 42 36 99 34 96 42 99 27 82 97 13 1 90 64 43 61 45 24 58 73 94 99 55 99 70 99 67 99 99 99 78 99 33 15 99 21 40 99 45 99 7 56 66 22 41 63 48 0 58 2 99 
90 33 99 64 27 72 99 12 94 4 81 99 99 85 42 99 52 60 13 52 37 99 66 99 82 99 25 43 99 84 99 42 88 25 48 33 73 7 18 99 99 18 73 94 72 46 99 19 99 52 45 99 87 90 43 99 67 54 37 99 70 99 24 22 99 99 99 99 76 99 19 99 48 99 69 99 58 21 88 27 99 99 70 99 99 99 84 99 97 99 51 15 1 62 58 58 6 36 0 18 75 
99 7 58 55 10 90 19 18 16 40 99 99 99 99 99 94 40 81 21 9 6 99 9 99 99 3 99 1 99 99 24 99 58 45 1 40 99 99 99 46 99 70 78 24 43 99 99 21 99 34 6 99 99 99 25 19 99 18 66 99 57 15 99 91 99 24 1 99 97 16 99 78 99 99 37 55 34 30 18 99 99 84 33 15 46 99 99 15 58 99 52 58 6 24 26 62 2 3 5 0 58 
3 99 1 73 25 63 27 61 99 99 85 27 36 22 99 6 99 99 43 99 90 57 99 9 99 99 18 84 99 99 94 99 39 61 57 55 94 93 99 99 51 51 99 99 99 99 75 66 64 99 7 45 10 91 81 99 3 13 91 57 88 31 52 34 40 27 40 48 82 99 58 99 73 99 10 99 46 37 57 61 3 57 67 99 37 91 31 99 1 99 99 64 84 18 99 42 21 49 99 70 0 
