n: 100
m: 10
Pi:U[1-99] 13 3 34 36 68 40 53 96 37 49 73 97 79 53 88 78 88 33 97 91 50 43 7 56 29 31 5 98 14 55 28 80 11 8 53 81 5 38 59 62 58 68 35 79 58 88 57 71 95 72 41 17 58 38 62 92 43 62 48 70 36 85 76 55 64 26 69 79 35 53 24 12 94 94 75 90 99 74 37 25 60 69 74 74 6 91 67 36 21 77 22 33 99 46 46 96 73 35 94 2 
Si:U[1-99]
0 52 54 11 52 57 42 35 52 23 99 55 19 99 67 57 99 54 99 99 85 60 82 99 91 99 99 99 78 67 99 99 99 93 1 91 99 16 1 99 84 69 19 99 91 99 60 64 84 25 61 99 94 39 99 1 36 99 78 49 39 54 99 99 52 39 64 13 99 63 85 42 4 99 99 99 37 79 67 19 99 85 16 99 99 3 15 99 52 45 99 79 52 99 21 54 43 15 99 28 88 
60 0 1 32 24 46 1 37 46 4 99 63 99 99 22 99 52 43 99 57 36 27 51 51 99 51 99 99 10 7 99 51 79 4 99 22 99 99 52 73 99 99 33 99 99 16 9 99 24 45 45 78 99 70 60 40 21 31 1 64 18 99 88 99 99 27 28 67 99 55 94 48 99 7 52 78 99 79 22 84 99 21 99 99 99 99 96 99 99 13 79 76 15 9 24 93 99 63 69 99 30 
40 18 0 14 50 52 14 4 46 64 99 99 7 99 22 97 99 54 75 99 99 7 99 99 24 43 99 3 76 31 99 42 69 99 39 18 40 15 63 16 7 60 58 61 37 27 99 36 99 90 99 30 49 61 13 79 99 99 10 99 99 1 18 24 37 22 16 28 18 99 6 55 24 99 37 99 97 84 99 39 99 99 30 27 99 99 99 27 69 19 7 33 85 87 94 99 51 99 99 19 79 
50 37 6 0 34 48 47 27 6 11 96 39 94 99 3 12 99 49 15 36 99 88 24 58 96 9 25 99 55 66 76 99 34 7 99 51 15 6 21 48 73 99 99 16 99 76 99 49 33 99 48 46 97 37 87 28 67 93 58 13 12 42 6 30 99 99 82 4 6 6 67 18 15 18 76 27 21 25 99 15 60 88 27 99 99 99 12 15 81 99 63 37 70 75 99 72 9 99 6 99 99 
7 20 14 15 0 10 43 56 36 15 40 37 22 6 99 54 99 99 31 96 99 99 66 60 99 99 93 37 99 10 21 52 60 19 99 4 12 99 52 99 99 12 45 36 34 49 96 42 99 18 99 88 22 24 9 99 97 15 24 67 94 57 79 42 99 99 78 87 99 99 99 99 57 99 84 99 60 31 85 4 99 99 76 99 99 54 45 99 99 42 99 49 42 30 16 81 93 33 9 61 88 
26 62 49 8 40 0 36 4 6 39 93 52 63 99 99 55 55 84 48 13 18 64 12 99 33 45 99 99 84 60 99 99 55 99 99 99 82 10 99 99 82 99 99 15 99 99 63 30 31 6 99 3 84 99 10 61 58 99 96 99 18 37 99 99 7 99 3 99 99 67 19 90 69 3 22 99 99 33 99 99 49 99 48 60 42 3 99 99 72 19 39 99 99 42 15 34 99 99 99 40 72 
62 25 50 47 22 58 0 7 63 8 19 99 99 99 52 99 99 64 76 99 40 99 99 99 37 18 99 99 88 70 30 99 27 99 79 21 33 21 18 54 4 99 10 31 57 99 99 99 40 31 99 99 99 12 33 10 99 93 99 75 81 87 99 42 99 58 97 99 99 99 69 6 43 90 51 21 91 25 81 21 16 6 24 39 25 99 81 99 58 51 70 39 63 99 36 33 34 54 61 99 99 
31 44 63 59 10 24 17 0 49 26 43 24 99 45 57 54 99 99 88 19 99 51 99 99 34 25 64 73 99 3 94 81 99 88 27 46 87 45 13 99 99 99 51 36 99 40 28 79 16 99 48 88 55 63 99 99 33 75 99 66 73 99 99 36 27 75 91 12 91 28 91 63 73 25 75 99 48 96 94 99 3 99 57 99 45 27 54 46 6 99 99 99 31 99 36 78 87 60 99 99 7 
2 10 22 23 30 52 26 23 0 60 76 99 66 30 48 81 7 67 99 18 99 46 34 99 60 72 99 99 22 90 99 99 48 99 72 30 99 51 15 34 9 52 73 99 99 28 34 22 99 70 70 42 79 45 54 63 43 99 34 99 99 99 3 30 72 63 16 52 93 85 88 15 99 61 60 99 99 99 97 99 57 66 99 28 60 82 99 99 99 49 99 99 30 93 45 76 99 37 54 84 99 
54 17 54 28 51 24 64 32 23 0 16 90 51 85 99 18 99 58 6 99 42 90 21 21 58 85 18 43 93 99 99 84 99 93 99 21 99 22 99 99 99 76 70 58 99 1 85 21 64 31 22 58 13 99 6 99 99 99 16 3 16 99 99 88 16 64 99 24 99 48 99 66 22 43 19 99 36 99 99 84 99 66 43 36 45 99 99 9 55 25 93 57 25 51 99 54 99 60 99 99 21 
54 88 4 69 33 16 40 99 69 67 0 48 30 53 52 7 10 13 5 62 99 27 54 99 61 99 84 7 99 91 4 99 99 99 91 72 99 75 94 99 52 99 9 19 85 99 93 93 6 48 99 99 99 93 61 66 31 42 63 99 7 69 64 99 99 99 87 9 99 63 27 96 18 79 57 18 99 99 33 99 15 79 93 52 12 85 94 99 99 64 51 91 96 16 99 88 90 99 99 76 61 
15 93 19 99 99 91 34 99 36 84 16 0 2 14 44 26 5 22 22 66 7 99 99 99 99 99 66 10 54 99 99 87 99 60 57 61 99 13 21 33 84 16 69 78 60 3 58 57 99 99 21 99 99 99 99 99 48 15 28 25 76 76 99 99 81 99 99 99 96 34 3 36 99 49 76 99 99 99 43 94 9 36 13 99 36 42 99 87 40 99 45 99 13 33 99 27 99 99 15 25 99 
90 6 21 66 66 99 96 99 99 42 53 56 0 23 62 26 6 50 21 20 22 99 58 99 31 99 99 93 99 99 46 99 31 79 99 36 33 12 72 66 55 93 99 33 99 99 7 13 99 69 99 30 69 90 99 99 63 85 57 64 99 33 79 46 42 75 99 99 69 99 99 12 52 99 99 27 97 99 99 45 99 69 22 51 70 37 45 99 99 40 99 99 99 99 48 99 99 31 99 15 39 
99 45 99 42 33 84 82 82 99 97 10 28 9 0 58 32 64 58 58 4 99 58 60 48 99 99 52 33 99 73 43 99 54 99 99 99 64 28 28 7 12 22 28 51 39 90 6 40 99 33 73 99 21 99 99 1 66 99 58 31 64 69 27 99 36 25 88 91 24 33 99 69 69 24 12 99 99 99 99 87 18 99 99 22 97 99 94 67 90 43 99 48 6 6 30 6 75 99 97 85 25 
61 34 18 99 72 99 82 21 99 81 34 51 6 61 0 56 9 62 15 46 69 99 99 49 52 1 9 52 40 99 43 66 46 3 99 43 15 99 96 3 99 99 82 99 85 58 99 22 99 10 99 21 73 1 67 99 72 42 34 99 45 99 22 43 88 15 40 52 99 46 99 16 58 99 4 22 25 99 19 99 99 90 7 99 18 61 60 99 99 94 19 78 88 7 91 88 99 52 10 15 69 
33 55 66 33 45 96 49 1 99 99 53 16 16 27 52 0 63 22 48 38 99 99 99 99 90 7 99 99 64 81 52 99 13 22 91 45 99 27 12 99 88 91 99 99 36 1 3 73 82 99 99 40 70 82 99 91 10 99 99 99 94 72 48 99 57 73 99 69 42 36 22 99 31 7 99 99 61 33 63 3 75 99 99 99 99 99 99 99 70 99 27 99 73 99 99 99 58 27 75 30 99 
46 99 93 99 99 18 28 99 48 99 38 36 4 16 17 1 0 30 55 26 88 48 78 51 82 81 61 88 75 88 99 63 99 4 10 9 63 16 60 61 99 99 99 13 99 28 13 81 99 37 63 99 99 75 7 15 84 39 10 37 99 69 99 45 72 99 52 60 58 19 72 61 58 99 75 99 87 99 70 99 99 81 99 81 99 21 99 27 39 60 12 72 99 75 19 99 7 37 99 87 67 
99 9 21 31 4 13 33 99 60 24 6 62 15 26 62 50 62 0 61 3 3 36 63 99 99 9 99 40 76 88 24 52 96 51 64 28 99 64 22 69 55 25 99 43 63 99 99 9 99 99 70 99 73 99 75 34 51 84 16 70 61 99 58 28 99 81 99 51 3 15 34 45 99 79 52 94 52 16 13 45 27 99 49 51 21 16 99 91 52 99 75 96 99 96 51 99 46 19 99 36 75 
72 91 99 48 12 70 97 99 99 99 36 8 64 29 38 60 13 35 0 58 28 99 99 43 99 61 99 10 99 10 99 58 99 66 76 1 66 3 31 22 99 22 16 99 52 99 52 6 54 99 28 96 33 15 19 21 99 93 84 97 99 99 24 57 52 58 63 75 99 46 99 99 99 72 49 46 61 49 99 72 64 99 57 76 99 84 72 99 99 10 99 31 42 45 97 99 99 21 87 66 10 
99 99 54 54 46 24 99 48 55 79 27 49 15 36 30 64 16 23 49 0 99 25 48 36 21 99 72 99 67 88 76 60 99 99 99 72 49 12 93 58 31 99 96 99 39 10 87 81 99 33 99 55 99 75 88 91 84 99 88 88 27 99 99 99 21 58 99 7 96 42 42 99 30 99 9 85 28 99 6 99 87 99 43 99 99 37 99 99 72 91 64 67 64 87 76 99 25 4 10 99 73 
99 99 99 96 25 18 78 4 9 99 88 84 58 99 33 33 40 99 99 34 0 20 23 38 65 40 26 47 48 63 99 69 99 45 18 34 99 63 99 64 99 93 72 99 69 99 99 99 28 7 15 99 90 19 60 99 24 27 21 99 39 75 99 93 33 99 87 99 73 37 99 99 85 63 99 99 96 10 12 99 99 99 88 84 91 97 99 99 30 36 99 72 28 97 42 30 99 25 27 99 73 
63 10 16 99 99 19 36 27 99 99 15 13 60 99 99 99 97 99 85 10 26 0 17 31 56 41 61 24 12 12 99 99 72 78 91 10 78 21 64 99 30 99 54 1 96 24 10 30 49 22 12 27 19 99 99 48 96 73 30 43 96 76 4 99 7 99 9 57 24 99 64 12 99 60 40 85 21 19 99 34 7 58 36 96 87 76 9 54 34 99 99 25 34 60 99 64 99 99 58 99 99 
27 43 99 90 99 18 99 72 87 99 22 57 60 99 99 99 99 63 30 99 52 31 0 7 28 44 33 36 62 49 4 49 99 25 99 99 99 34 58 88 16 51 46 99 84 6 19 82 18 99 81 49 37 85 99 99 6 24 12 51 76 90 72 30 54 15 36 34 99 99 69 99 99 87 96 28 99 30 99 19 99 99 13 39 66 66 22 39 99 99 96 46 6 99 99 99 75 78 55 63 27 
82 99 10 90 75 99 99 39 55 99 78 88 13 99 69 99 3 99 81 99 8 42 50 0 45 21 54 47 52 19 96 63 99 27 57 9 13 43 64 99 99 24 27 99 22 96 46 99 37 99 3 99 99 7 99 39 99 13 46 51 79 16 72 99 99 42 9 72 99 99 99 19 81 99 99 25 36 99 57 34 88 12 99 37 60 99 76 99 99 22 99 99 99 28 99 99 99 99 54 64 99 
99 99 97 94 99 34 55 99 79 39 39 61 81 73 42 78 43 90 99 15 6 58 54 32 0 2 54 64 2 0 99 51 99 51 30 99 30 99 99 69 49 99 90 99 99 52 4 22 99 33 4 87 24 24 58 36 99 48 93 99 99 99 99 61 96 99 87 99 33 43 84 99 99 99 67 99 99 3 99 36 37 99 4 60 33 99 21 99 24 99 99 30 67 99 37 45 99 48 30 67 99 
75 10 99 25 87 70 15 3 22 99 99 99 99 60 4 82 28 82 91 54 20 61 54 4 22 0 62 54 41 42 99 16 99 54 99 91 99 99 7 91 36 48 99 1 99 46 15 39 99 6 60 64 76 99 88 24 99 99 99 19 76 13 99 28 96 40 30 99 72 99 30 99 99 99 97 99 99 99 99 22 99 39 99 99 99 84 99 9 82 88 19 70 12 9 99 99 99 99 72 16 99 
99 24 64 99 99 99 54 70 99 99 6 25 21 46 7 99 66 4 49 99 16 44 47 7 39 23 0 50 38 16 99 96 19 10 99 99 7 99 99 99 99 70 4 51 99 39 99 39 99 66 67 99 40 7 99 99 48 37 99 99 99 99 87 99 66 93 55 99 9 99 79 84 70 99 45 99 99 99 99 66 99 82 99 99 99 34 48 19 99 27 21 72 52 3 85 12 3 42 99 60 57 
24 99 75 94 82 91 18 31 6 87 99 99 52 76 91 99 52 99 49 70 24 58 56 10 1 41 24 0 64 36 99 99 31 1 48 99 7 99 28 99 19 13 82 78 99 93 21 63 97 9 61 70 66 99 61 99 42 76 99 99 18 13 21 10 75 25 99 15 43 99 21 4 37 72 72 99 25 31 99 39 99 88 30 19 99 99 52 22 99 79 36 40 60 99 13 42 33 99 9 99 99 
18 99 99 87 64 21 10 99 36 90 37 18 37 99 99 61 99 60 99 55 26 41 12 54 54 26 23 56 0 58 25 99 75 99 40 99 24 25 91 36 99 52 70 99 36 99 3 79 99 99 99 99 99 78 99 99 82 21 60 99 30 9 99 99 39 96 99 28 28 99 31 99 1 63 99 75 99 99 37 76 99 81 57 54 18 48 16 66 28 94 4 61 46 99 63 99 99 48 84 19 46 
99 39 16 36 12 66 60 84 99 13 99 99 99 52 96 99 64 84 51 36 48 40 50 11 20 21 57 20 16 0 99 90 3 31 99 45 99 99 28 51 39 76 99 99 99 99 25 99 61 79 19 16 46 42 1 84 85 96 21 67 99 99 13 99 99 4 18 22 69 79 99 9 3 99 69 99 81 99 81 67 1 88 52 60 51 9 99 99 40 51 97 42 99 70 99 99 21 64 99 99 96 
16 72 25 81 7 87 99 99 94 88 99 99 25 51 99 69 94 99 99 99 99 66 4 99 82 19 64 99 9 34 0 53 55 9 64 14 6 16 36 24 99 55 96 99 69 99 55 51 55 99 99 99 70 84 52 76 54 25 99 79 9 99 99 43 18 39 99 34 55 99 73 49 99 55 63 49 99 99 72 76 99 99 63 48 99 99 99 81 91 97 27 99 15 99 99 67 90 31 12 99 99 
57 82 66 36 31 99 99 6 72 99 82 99 46 22 99 30 33 99 85 99 99 81 28 69 51 24 57 49 12 97 32 0 55 5 52 66 40 38 22 32 16 69 85 99 85 94 99 99 99 84 99 99 10 19 99 54 84 99 60 34 99 99 81 42 99 99 99 30 19 52 91 31 45 36 79 36 99 39 12 99 69 16 24 75 18 85 52 15 87 73 48 99 39 51 64 99 21 55 99 67 99 
97 99 99 88 9 60 39 94 60 84 99 99 97 4 90 70 60 18 1 31 25 99 27 46 99 66 60 99 99 15 41 26 0 50 60 60 9 36 50 23 82 76 27 99 1 99 57 78 88 22 99 76 81 70 99 28 12 4 36 99 55 99 99 99 3 99 99 6 93 99 25 99 60 42 72 3 99 99 99 99 84 99 19 99 99 99 99 25 99 70 99 99 63 37 22 12 40 99 42 3 78 
4 99 85 22 27 79 99 99 60 99 99 31 49 69 7 93 99 99 6 31 99 84 99 64 94 60 6 99 43 18 20 2 51 0 56 16 13 34 18 26 34 99 45 99 40 40 39 13 99 36 99 75 99 99 55 25 99 87 99 99 15 67 85 99 99 99 85 37 55 99 99 45 63 81 85 99 99 51 13 24 99 85 21 99 99 52 21 87 18 64 40 99 16 72 25 33 99 37 57 99 28 
1 22 28 25 55 40 99 27 99 31 99 99 99 54 70 96 24 61 99 78 37 1 99 10 85 10 99 3 99 90 12 36 7 43 0 48 10 54 49 50 99 24 99 25 19 99 99 99 79 99 57 94 34 90 99 99 43 24 99 67 4 99 99 36 3 99 81 81 76 99 94 48 39 34 40 61 82 73 30 60 99 22 99 76 99 43 36 39 99 99 99 69 1 21 42 33 30 91 99 99 99 
99 57 16 51 46 96 75 49 99 94 73 51 46 66 78 99 99 96 70 99 51 99 78 99 1 99 99 10 24 99 32 25 12 28 56 0 28 38 52 24 27 40 99 99 6 99 99 49 52 42 81 15 99 99 67 99 99 7 99 91 99 99 57 79 15 52 34 99 21 39 28 99 99 99 99 51 99 94 99 73 43 13 4 67 82 88 34 57 7 4 10 58 99 58 87 6 79 91 84 4 85 
99 76 37 99 99 42 99 93 66 82 99 75 99 97 99 84 93 99 99 99 96 99 99 48 4 12 90 99 61 99 40 20 64 24 36 53 0 1 4 60 21 79 96 99 1 46 9 36 13 49 99 99 9 3 99 99 97 9 99 93 16 63 85 99 57 28 84 99 66 48 51 52 18 99 85 99 99 61 99 99 99 88 99 82 99 7 75 99 93 99 99 99 60 99 94 99 1 21 99 28 64 
99 78 99 99 99 79 99 88 99 58 27 99 46 34 93 13 99 84 99 60 1 24 33 99 25 63 7 15 84 4 50 40 58 50 20 58 4 0 51 31 63 1 88 99 18 97 33 63 99 91 93 45 21 99 99 99 34 24 99 84 97 28 1 40 99 94 25 99 42 99 37 13 48 99 75 36 99 22 99 99 3 99 19 90 12 69 99 55 48 99 25 31 99 73 99 87 99 22 99 99 99 
99 99 63 90 22 99 66 12 99 16 24 97 78 10 99 13 55 99 28 99 3 99 99 70 87 99 36 99 99 34 21 56 40 2 36 56 8 22 0 44 99 72 66 97 99 24 99 99 99 99 99 64 42 40 12 10 99 78 48 88 55 1 76 21 3 99 60 76 99 94 81 99 93 60 49 28 40 88 99 66 16 57 90 85 87 48 99 99 90 37 99 99 42 99 37 99 93 69 66 64 99 
40 99 88 60 64 9 82 99 99 99 13 75 36 10 4 9 21 99 82 99 16 75 1 99 42 87 34 75 21 88 31 13 9 23 7 34 58 49 56 0 37 27 99 99 69 18 99 99 1 9 43 7 96 24 61 91 34 99 96 99 1 7 99 99 99 96 24 75 61 13 75 99 18 24 39 49 69 49 19 99 99 58 52 60 72 99 99 99 88 99 99 99 16 15 99 52 39 27 99 99 18 
28 99 75 9 39 99 96 43 99 99 99 1 66 60 99 85 67 13 76 60 22 99 99 99 21 18 99 99 45 93 30 78 72 99 99 99 99 99 82 67 0 58 33 12 14 44 3 1 56 24 27 66 4 85 81 85 72 99 39 99 61 30 27 69 31 99 22 99 69 99 16 22 10 99 85 7 54 64 3 48 52 1 99 49 99 76 99 99 99 40 99 19 99 99 73 25 99 76 10 99 24 
3 49 69 51 51 99 66 64 99 16 46 99 3 22 99 84 99 99 39 15 99 63 49 4 4 51 99 88 39 42 99 24 99 93 25 49 99 99 42 22 3 0 56 12 60 4 56 34 28 17 79 96 99 55 51 7 37 67 90 7 99 99 12 93 30 31 99 99 78 63 99 18 64 1 70 69 93 72 40 99 37 7 54 99 7 99 94 94 6 99 99 99 72 37 87 27 99 31 99 99 99 
82 42 97 75 75 66 99 66 88 99 99 64 99 31 54 99 99 84 99 99 69 99 76 57 76 99 69 99 6 28 4 99 99 99 88 57 57 78 64 13 10 4 0 50 14 20 36 32 61 26 99 49 25 21 57 93 99 99 84 99 99 99 9 10 52 6 99 79 97 99 99 39 67 31 99 99 99 37 99 3 64 99 75 90 99 94 13 97 99 28 60 99 34 81 46 63 99 66 99 42 99 
4 99 48 99 99 24 27 85 30 75 99 37 40 99 30 57 22 99 99 99 34 90 99 1 99 91 33 88 97 99 72 99 90 4 64 99 99 51 58 12 20 24 65 0 12 48 12 62 31 62 63 78 28 99 99 99 99 51 27 30 99 54 33 99 84 99 79 99 52 10 51 27 88 99 24 94 19 69 43 99 94 37 46 46 79 21 76 33 87 43 88 99 40 9 81 93 63 93 10 99 46 
99 3 84 18 19 54 99 37 85 10 24 79 69 79 99 99 31 99 75 99 97 99 82 70 54 27 99 99 21 99 70 18 87 99 87 99 93 99 70 99 18 63 47 46 0 33 2 28 24 52 76 69 69 13 58 99 67 99 28 24 79 99 99 99 69 99 99 97 33 99 3 4 67 19 39 99 99 60 93 99 51 48 69 61 31 99 90 99 70 64 99 99 93 7 78 43 99 54 99 63 99 
99 69 99 45 58 21 28 52 99 97 99 93 87 94 84 75 99 10 99 27 30 99 6 24 76 99 99 51 60 99 76 72 99 37 79 99 99 84 64 27 63 57 22 59 53 0 53 4 64 15 75 7 76 42 99 30 13 27 82 64 99 72 30 99 69 99 6 10 81 27 99 3 9 99 97 99 49 48 1 72 39 99 99 99 99 49 49 70 52 91 48 99 64 7 63 99 99 99 99 99 97 
82 73 48 30 48 72 6 70 72 15 99 99 99 28 99 99 91 99 36 51 99 99 99 4 28 99 30 28 84 96 45 99 79 30 7 13 90 12 99 79 64 64 14 49 28 8 0 20 1 40 51 99 55 99 99 30 82 99 99 61 99 78 99 57 99 66 99 69 85 1 66 88 99 99 22 99 66 24 99 27 78 99 15 19 4 76 46 93 99 84 99 60 99 99 97 22 99 46 61 99 85 
99 99 37 99 34 99 48 72 4 91 9 40 63 33 19 30 46 99 46 49 18 76 31 25 90 10 10 54 87 64 99 67 43 18 81 43 10 30 99 6 62 24 8 22 3 38 64 0 58 34 85 19 39 99 99 12 64 33 87 16 99 72 99 18 99 99 99 13 99 99 48 99 25 75 88 54 99 99 99 99 61 42 3 48 9 66 7 24 12 99 81 99 66 97 99 99 61 16 63 99 99 
64 67 99 99 97 52 99 99 51 61 6 99 99 19 45 99 99 18 36 72 48 24 99 49 52 4 99 88 70 42 93 99 73 19 42 93 24 99 78 99 54 55 24 36 12 47 8 59 0 26 21 4 72 45 42 99 90 55 45 36 99 99 63 69 22 99 99 99 40 99 6 15 99 19 40 19 99 61 19 46 79 52 99 16 30 78 99 49 99 49 55 40 78 99 99 99 16 88 99 4 91 
99 99 99 28 99 60 39 19 82 21 99 54 99 48 30 31 99 91 27 81 30 99 99 40 10 94 16 99 76 15 81 64 99 99 99 78 43 63 99 94 5 20 34 18 48 56 9 14 36 0 99 76 99 87 70 99 99 25 99 99 99 99 36 69 99 19 99 57 7 13 60 52 94 13 15 99 10 96 94 30 6 99 54 39 22 54 70 99 64 99 99 99 61 99 67 99 99 94 45 99 63 
99 99 67 64 99 22 91 31 40 40 75 54 99 69 99 34 43 6 31 13 99 99 39 36 28 51 42 22 84 64 66 99 24 99 49 30 91 10 73 78 54 52 78 88 99 22 81 99 34 99 0 60 40 64 44 17 48 25 13 36 46 87 36 40 24 78 99 64 49 10 19 99 42 28 99 99 48 67 96 73 87 16 52 99 73 84 87 99 18 99 64 78 99 7 37 55 91 99 99 75 99 
63 49 99 99 81 91 10 58 99 45 99 51 18 19 99 31 73 76 94 30 99 99 49 76 99 37 99 99 42 54 85 79 79 28 99 99 99 99 99 3 4 72 21 22 25 37 66 99 37 88 0 0 8 4 33 0 63 7 20 41 70 99 28 48 13 99 70 99 93 58 99 67 94 99 90 99 6 99 75 75 4 1 9 99 99 99 22 99 54 99 99 58 37 81 99 34 42 3 45 79 97 
66 78 99 99 58 57 96 99 99 99 76 33 9 99 15 25 24 99 66 99 63 99 99 99 99 99 99 99 99 66 99 36 19 93 27 99 34 99 49 78 24 99 30 16 70 99 99 63 99 99 5 26 0 35 6 57 10 57 25 31 33 19 88 31 99 15 72 99 15 99 37 67 49 30 99 91 99 63 40 99 99 99 48 46 99 16 49 61 99 99 99 19 79 99 99 99 22 99 16 99 72 
99 66 99 99 69 99 99 52 76 99 76 99 99 18 99 18 99 93 81 3 99 57 99 99 1 99 12 36 82 99 13 78 4 85 99 45 99 99 72 13 72 99 99 99 99 99 94 36 43 75 47 6 38 0 56 56 48 64 6 62 99 73 39 28 99 30 99 22 52 58 99 39 99 63 90 39 99 99 99 58 78 61 16 93 55 84 24 99 49 99 54 39 70 99 90 55 52 99 12 99 45 
31 57 6 99 4 18 13 94 78 99 10 99 78 88 99 67 99 99 99 21 87 99 99 99 99 85 99 99 99 99 99 4 58 33 99 99 30 66 85 31 97 99 12 99 99 39 99 99 99 82 52 12 12 2 0 1 36 28 38 27 99 15 87 52 91 33 6 99 70 39 90 12 33 99 10 99 99 99 30 99 99 99 91 63 99 70 99 25 99 99 22 58 60 93 25 94 99 99 36 99 78 
72 97 99 6 1 46 72 3 37 25 99 99 88 61 43 67 99 33 24 93 7 46 90 97 18 99 99 76 96 99 39 81 4 99 99 99 81 27 1 19 78 64 99 58 21 6 60 99 3 99 32 13 44 25 11 0 59 39 32 20 84 60 84 10 81 15 82 99 46 30 7 52 99 31 99 99 99 57 90 99 99 99 4 72 30 99 99 46 40 12 85 99 10 21 99 34 69 37 58 82 73 
33 99 99 33 46 99 73 16 90 15 87 1 22 99 64 99 7 72 99 69 88 1 90 99 99 60 99 99 31 3 99 25 99 3 99 69 99 52 99 45 99 12 55 12 84 85 25 99 99 81 34 15 22 40 62 29 0 53 62 22 61 58 33 42 93 63 99 30 90 87 99 99 43 99 4 99 30 79 82 99 94 15 22 72 99 49 13 40 69 99 99 21 99 82 52 36 60 33 69 91 15 
99 30 72 42 99 97 66 73 99 99 99 60 63 66 3 25 99 99 88 99 94 99 99 40 24 43 99 94 75 52 99 99 45 58 67 99 1 99 19 99 61 28 25 19 49 33 96 90 75 99 38 46 56 26 23 36 44 0 17 20 99 99 46 46 99 39 16 60 99 99 63 46 24 99 45 87 49 22 99 99 99 99 61 45 99 99 27 73 31 99 37 1 99 70 99 99 79 79 99 99 15 
99 51 85 75 73 67 99 70 99 99 91 12 25 99 99 16 7 13 12 1 57 13 34 99 3 99 99 99 42 31 18 99 99 25 27 33 99 52 99 43 99 99 99 99 99 99 76 60 40 60 6 66 38 62 21 64 22 28 0 22 99 43 4 99 99 99 63 7 99 69 99 99 7 99 51 40 99 99 31 99 24 99 27 64 99 70 58 82 13 99 75 99 99 99 99 99 99 91 79 96 94 
82 42 39 43 87 54 27 58 19 72 99 99 21 99 99 91 54 12 99 33 99 93 99 31 99 99 46 13 99 31 31 88 99 22 99 24 36 88 99 81 57 33 85 58 99 31 99 99 19 99 5 41 49 28 26 56 44 29 25 0 99 99 19 48 73 99 99 12 40 90 76 99 30 39 15 25 91 67 42 99 99 7 69 9 99 99 4 6 85 6 34 99 27 99 57 73 99 67 99 30 52 
99 28 99 99 69 15 64 99 15 99 99 99 9 99 19 99 1 9 99 31 90 99 6 81 64 30 99 99 33 70 48 99 99 57 99 99 99 78 70 54 36 52 99 99 60 69 93 40 34 99 99 45 99 90 3 99 99 43 99 42 0 9 34 43 8 4 1 36 41 29 99 99 31 67 22 58 45 61 73 99 99 99 73 99 73 19 16 19 97 99 97 63 54 67 99 76 97 99 21 13 78 
16 99 88 78 99 99 91 54 99 43 7 81 61 78 67 76 96 99 81 33 99 91 10 99 99 46 9 27 81 99 60 6 99 30 25 31 99 99 99 96 99 79 63 78 58 51 79 99 90 99 22 78 99 99 45 58 13 25 69 48 36 0 31 56 45 18 50 45 27 60 82 99 28 99 99 34 31 52 54 48 96 67 99 4 75 34 93 99 88 36 99 39 58 52 64 66 24 33 99 99 99 
72 27 99 3 99 99 18 99 99 37 48 84 67 52 18 70 37 34 99 48 99 78 99 99 99 99 1 99 79 19 63 48 70 1 99 12 9 99 99 99 3 99 57 6 87 3 21 99 54 99 99 78 73 48 60 16 21 84 13 99 23 52 0 57 59 49 36 30 8 62 76 84 66 99 99 90 66 52 22 28 33 57 7 31 99 88 99 99 15 27 70 39 19 10 99 90 4 99 82 99 6 
28 33 67 99 24 99 36 99 75 16 57 64 99 61 42 99 99 15 99 70 99 99 61 99 6 49 60 99 99 99 99 4 99 55 81 66 16 99 81 88 46 31 15 99 99 99 57 99 61 73 75 22 33 33 63 63 72 90 99 36 22 24 29 0 41 59 59 57 58 18 58 99 99 12 99 99 99 99 16 99 4 45 81 99 4 30 16 84 28 99 75 10 99 51 61 66 51 58 99 99 60 
99 84 99 99 27 99 7 67 99 90 79 84 4 10 66 90 99 99 99 12 99 99 36 58 36 58 99 94 99 58 36 99 6 99 99 99 16 19 99 97 93 49 51 99 91 76 34 70 99 16 99 99 15 99 64 82 63 82 99 99 58 44 61 27 0 47 4 43 57 22 7 70 52 24 99 30 6 99 99 33 99 54 96 1 34 16 21 30 99 99 88 22 40 4 99 76 93 42 22 79 97 
4 30 99 48 99 30 55 22 19 49 99 30 99 99 99 12 70 99 82 70 99 43 16 7 99 99 81 99 99 48 45 66 99 46 39 40 93 48 37 99 79 99 13 99 45 97 99 72 84 24 28 99 90 31 99 51 99 85 90 88 10 16 51 61 25 0 11 31 66 4 99 99 34 99 99 66 63 4 9 99 78 48 97 25 76 99 58 4 97 7 94 99 99 99 28 99 46 79 22 99 99 
99 90 99 18 13 72 67 99 99 3 66 96 27 99 99 88 93 99 15 63 6 99 55 99 40 99 66 99 96 33 99 99 82 99 99 93 15 63 78 99 49 99 99 96 99 97 99 31 46 27 46 99 82 99 49 79 99 99 64 96 45 26 24 18 43 13 0 46 51 47 99 19 99 43 85 99 99 52 99 19 90 99 31 99 99 3 69 42 99 91 9 19 12 99 99 99 94 52 64 91 99 
39 37 99 51 46 51 99 88 99 99 72 99 42 67 78 40 76 73 54 99 99 99 99 99 82 51 97 22 34 88 25 67 73 99 64 58 99 42 99 27 99 99 43 69 94 49 69 79 99 16 4 43 99 99 21 1 7 19 69 10 23 66 10 61 30 52 8 0 32 16 99 40 99 36 18 27 34 99 72 99 99 72 1 67 82 99 27 99 1 84 99 33 99 99 76 1 99 15 99 52 25 
7 99 99 91 99 30 73 49 99 99 76 61 99 99 94 99 58 99 25 58 99 37 69 10 99 25 66 99 78 99 75 25 37 46 82 78 99 93 24 70 33 45 99 82 99 39 81 9 79 73 99 28 10 12 99 99 99 88 99 33 29 9 41 55 58 37 47 21 0 4 27 99 10 99 30 99 99 67 79 96 63 99 85 99 6 99 22 76 99 81 81 13 15 99 60 7 99 99 99 57 52 
99 7 99 16 39 63 63 99 99 22 45 3 84 60 22 85 52 75 99 22 63 13 22 99 64 99 69 51 99 99 99 6 13 99 43 46 75 99 12 85 99 69 69 57 99 19 19 24 99 18 99 34 70 43 27 99 99 49 88 6 35 20 30 20 30 59 63 34 2 0 51 99 67 58 99 99 99 94 99 70 99 19 99 99 99 7 99 3 7 72 99 15 1 34 58 52 49 99 69 99 78 
30 45 4 45 99 99 99 88 99 57 99 99 84 99 4 28 1 42 99 99 99 99 99 99 85 39 99 99 64 99 99 87 99 33 97 45 99 7 99 99 18 99 55 99 99 49 13 28 55 49 12 31 99 75 97 46 99 66 34 18 99 99 99 28 6 99 99 16 99 79 0 33 50 50 26 26 21 62 32 2 99 4 99 99 31 78 70 39 99 46 93 99 22 15 87 61 99 42 97 99 99 
72 99 66 12 67 90 99 24 15 76 61 66 51 99 39 78 4 99 48 3 58 63 99 33 34 16 54 99 24 76 99 99 43 99 99 99 88 76 96 45 27 99 99 99 99 12 99 99 7 64 99 15 85 16 99 99 73 96 93 18 99 76 63 39 52 63 99 58 99 43 6 0 60 28 52 34 20 40 52 22 46 99 36 27 99 99 99 70 58 99 4 81 63 27 16 4 67 93 99 28 99 
1 99 99 60 10 99 1 70 99 99 1 16 99 99 99 99 99 18 64 15 99 99 99 99 63 81 99 99 99 78 99 70 87 76 90 91 66 99 57 99 85 99 99 36 19 28 18 34 72 99 46 49 45 99 99 99 48 99 51 58 42 69 85 28 27 69 73 13 36 99 1 66 0 30 57 2 58 37 27 61 46 57 70 99 99 51 97 99 63 31 46 63 87 72 81 31 99 99 70 99 55 
87 9 99 99 79 94 99 99 15 99 43 99 1 54 63 99 99 99 99 55 49 76 99 99 70 99 73 45 75 27 99 99 99 39 99 99 24 18 90 27 99 99 99 12 9 1 99 97 51 6 15 99 99 99 9 36 3 99 55 88 93 9 15 81 78 79 28 99 99 24 45 48 17 0 34 35 12 20 18 16 9 97 54 87 4 79 85 51 57 99 37 57 49 15 58 99 99 16 6 3 82 
4 12 55 97 93 78 90 75 25 39 99 87 78 57 70 99 99 99 79 61 52 61 88 10 99 57 40 25 40 67 99 39 69 73 51 67 99 34 43 54 21 99 6 66 60 99 12 99 3 48 34 75 99 99 21 93 63 4 72 73 22 99 91 66 99 10 99 99 43 99 20 44 41 24 0 40 63 30 32 22 45 64 27 99 10 69 72 99 69 99 99 67 99 13 99 25 48 96 99 99 99 
84 94 58 40 78 99 99 73 99 90 99 99 99 31 99 34 10 61 81 85 88 99 99 69 73 58 97 93 99 99 99 99 99 28 87 99 61 84 31 76 6 91 99 25 33 99 39 88 7 64 46 72 49 81 43 22 6 72 10 76 9 19 72 99 30 3 70 64 58 6 56 58 62 4 0 0 52 26 4 23 12 10 31 99 99 99 81 27 21 36 43 12 99 99 18 81 16 1 99 96 91 
15 49 16 99 40 79 97 21 99 88 61 99 99 7 55 99 99 70 99 34 78 48 90 99 99 99 61 48 99 99 28 22 42 28 99 99 40 81 99 24 99 99 99 39 3 99 25 49 99 66 22 99 48 49 99 99 99 30 99 33 99 81 12 99 25 82 93 49 22 99 0 63 36 8 18 13 0 25 32 24 99 93 88 87 64 22 99 99 96 28 63 6 99 99 22 36 24 52 93 25 39 
24 91 93 55 69 99 78 73 78 99 99 91 73 99 99 48 99 82 31 15 99 87 99 42 99 21 51 81 99 99 99 55 3 13 13 97 63 9 30 58 76 99 12 94 30 69 54 99 6 24 99 99 16 75 99 46 60 79 99 81 39 99 40 99 69 99 10 99 99 99 22 62 47 20 36 36 54 0 47 9 24 99 69 46 94 37 34 99 31 6 99 81 93 7 94 99 31 70 99 78 99 
93 76 81 93 99 24 99 46 99 66 70 60 99 40 93 73 6 70 64 27 99 99 7 99 60 43 66 99 81 82 99 22 40 43 99 72 45 84 58 99 72 16 1 72 22 76 33 16 99 99 66 48 25 37 49 99 10 27 22 99 43 3 91 66 73 70 81 9 78 99 5 56 18 42 14 42 53 14 0 31 96 3 99 78 67 97 96 22 94 31 91 45 73 81 99 40 99 1 85 99 45 
30 99 85 99 49 37 99 30 42 3 7 72 64 75 91 18 99 52 69 45 94 99 99 22 9 99 85 9 34 40 70 99 57 99 99 99 75 66 99 9 99 84 33 42 99 99 18 1 13 99 99 3 58 27 1 6 99 22 22 90 4 99 85 60 52 82 99 99 25 99 8 27 32 52 51 24 57 44 1 0 30 99 99 99 31 49 99 97 99 40 75 99 64 87 33 6 73 39 99 72 31 
96 58 15 22 49 99 99 99 31 75 99 52 99 70 99 72 18 99 81 18 42 99 99 99 9 73 19 42 99 27 81 99 93 97 94 36 99 19 76 70 67 28 99 99 99 99 93 60 24 99 99 4 90 49 15 97 99 99 99 72 24 58 99 1 61 40 67 99 61 49 27 7 54 85 99 99 99 57 63 99 0 25 58 12 58 7 13 12 8 47 75 99 66 19 19 99 99 97 25 54 15 
99 4 99 21 99 66 79 1 73 40 99 15 57 75 39 99 94 61 39 40 99 61 3 96 99 99 81 99 99 46 99 99 28 99 99 24 22 99 72 99 22 99 99 72 99 48 3 19 91 96 64 1 37 90 67 36 99 61 64 22 49 88 99 78 43 99 99 67 99 99 49 46 63 99 66 94 52 66 15 57 32 0 35 50 64 42 55 30 34 42 99 90 3 66 30 10 61 99 99 94 99 
45 12 72 84 99 99 99 42 76 91 18 54 99 43 40 36 91 88 1 18 99 93 34 10 46 99 99 43 99 40 99 10 4 52 6 99 60 99 99 84 73 99 30 18 52 99 79 76 16 60 99 33 78 93 93 99 27 18 45 99 55 99 60 1 84 94 99 99 99 99 85 99 9 97 16 73 97 99 49 7 52 32 0 63 36 33 28 6 32 2 42 25 99 99 99 99 34 88 45 52 99 
94 99 27 9 99 93 25 36 10 78 12 30 99 97 99 6 99 49 18 99 12 99 82 76 75 67 37 57 99 24 7 75 99 99 99 48 36 72 49 66 6 99 99 79 28 99 39 33 85 90 99 60 82 60 87 91 99 99 1 39 99 99 99 12 99 99 40 84 60 99 15 96 24 15 99 49 99 84 87 99 12 19 63 0 34 36 1 62 53 27 31 34 1 97 99 99 99 25 75 31 87 
99 99 99 57 22 99 18 18 99 69 99 67 36 57 99 99 45 96 45 37 52 99 67 1 99 34 57 99 3 16 22 3 99 88 18 12 75 9 40 81 43 99 51 99 28 51 9 99 99 13 24 97 99 99 99 97 99 46 91 99 60 30 30 60 42 88 85 99 36 72 73 28 46 25 24 24 3 25 1 82 65 41 56 56 0 48 54 26 26 22 73 99 13 55 87 99 16 82 99 45 37 
99 39 99 49 51 99 99 87 82 99 7 99 63 99 67 45 99 99 4 57 28 99 42 84 21 99 57 99 93 99 99 67 76 1 84 15 49 33 3 46 91 81 42 49 69 45 55 60 69 99 36 24 55 6 49 63 7 99 45 24 99 96 99 36 99 70 16 99 73 99 99 99 45 99 64 99 66 99 40 99 40 10 45 2 18 0 27 34 4 50 55 36 39 31 37 99 67 39 93 99 99 
99 10 16 57 99 33 99 22 91 30 99 61 99 4 19 52 99 64 99 99 94 99 99 99 99 37 55 12 61 46 58 37 27 81 78 97 48 99 99 6 25 67 73 67 24 15 28 22 99 99 16 84 66 99 42 99 58 28 73 61 27 99 99 99 13 90 99 7 76 36 99 99 3 99 16 64 99 99 51 96 55 52 33 40 44 23 0 0 48 52 34 99 51 82 81 9 42 30 99 73 96 
87 48 37 31 94 99 52 19 99 99 54 9 4 66 34 99 10 43 48 6 61 99 99 73 99 99 99 60 52 52 70 99 55 6 72 22 48 99 48 54 52 6 99 99 79 99 82 99 31 88 51 99 57 43 99 99 21 99 99 75 25 99 99 60 6 99 55 99 99 99 81 61 72 45 1 99 40 24 70 54 29 62 51 38 64 18 56 0 8 17 40 28 99 99 99 4 55 76 6 30 66 
82 96 99 39 64 58 99 28 99 99 49 69 99 27 99 99 88 99 22 99 91 99 99 60 1 67 69 27 24 99 99 94 52 99 82 49 46 79 15 91 30 99 25 18 63 99 91 63 4 99 10 99 27 99 99 93 25 99 82 40 12 88 99 34 81 99 36 99 22 99 75 24 18 16 99 99 45 40 76 90 3 56 7 60 45 20 49 26 0 43 99 55 63 33 99 96 76 55 9 1 99 
99 99 94 22 99 66 75 87 1 12 87 99 99 67 60 99 43 24 99 67 99 99 49 30 99 33 78 16 99 99 96 94 42 99 55 87 99 55 42 99 57 70 99 63 72 58 22 99 55 99 99 97 90 94 34 1 99 99 37 99 99 99 88 73 66 99 99 99 96 99 60 52 99 64 52 57 4 48 97 99 5 28 53 24 47 53 11 13 24 0 99 24 90 9 99 99 54 21 99 99 16 
4 36 55 99 99 21 99 43 99 72 99 33 21 96 40 81 99 99 45 85 84 42 99 99 40 34 75 27 99 99 88 99 99 36 66 99 75 99 72 66 99 16 99 4 99 34 51 99 31 87 30 99 13 27 99 55 57 99 88 9 70 84 99 99 30 30 31 45 52 99 6 58 61 93 33 99 99 99 31 99 46 99 24 90 78 27 99 37 99 99 0 46 22 23 53 5 28 9 41 32 79 
16 67 99 99 81 72 48 99 66 49 22 12 82 84 99 21 90 99 99 13 99 99 82 99 99 54 42 49 10 99 60 99 52 99 78 99 91 79 99 49 12 33 33 99 69 45 66 9 22 21 69 99 28 64 99 90 99 34 99 99 27 99 81 40 12 99 52 76 99 46 97 99 61 99 60 69 93 81 55 57 57 99 99 66 99 46 78 9 1 99 9 0 28 12 12 48 34 2 39 63 49 
99 99 99 52 81 1 99 99 12 55 99 21 99 1 28 99 48 37 3 49 49 24 78 61 99 70 99 99 99 67 99 96 99 99 99 37 82 31 64 75 99 99 99 90 99 12 99 99 85 27 21 42 99 66 99 99 31 22 1 76 28 27 99 79 99 99 31 88 99 60 93 63 87 1 99 99 97 51 9 69 76 30 30 99 90 81 19 36 99 85 56 51 0 14 54 12 35 6 60 66 99 
4 7 54 60 99 99 9 30 76 40 99 99 13 43 16 90 54 85 40 99 91 37 99 3 1 63 85 99 85 57 52 87 42 42 82 55 99 55 49 30 30 51 66 31 99 10 33 49 7 99 28 99 99 84 42 58 61 93 99 99 30 99 99 99 70 87 46 51 46 99 39 99 73 85 99 99 99 54 42 99 57 99 99 99 46 72 7 79 93 99 44 36 32 0 30 2 44 8 60 30 12 
99 99 15 90 64 1 64 84 27 99 88 99 57 13 9 57 99 93 25 99 27 99 19 99 10 99 99 99 99 85 76 81 99 93 49 88 99 12 99 99 57 99 82 16 64 55 99 85 13 19 67 30 15 99 24 6 99 1 72 99 99 99 99 51 30 1 82 9 63 1 36 72 99 45 28 70 81 72 87 99 91 99 15 70 49 25 76 76 99 66 44 40 24 52 0 49 48 53 48 21 21 
6 99 99 99 99 43 28 99 55 58 57 63 99 81 96 43 99 99 60 51 33 94 39 82 34 27 79 4 99 63 87 70 40 22 99 75 48 99 99 60 24 99 7 58 99 13 37 81 99 97 33 99 7 99 99 99 99 99 57 99 78 21 84 67 7 25 99 99 30 51 49 24 88 99 63 39 99 36 64 25 64 48 10 99 33 16 99 97 57 99 52 0 48 64 23 0 25 40 6 28 31 
79 99 99 99 39 61 7 75 25 81 27 99 54 91 55 88 99 18 99 34 79 93 99 66 88 39 97 22 7 99 99 96 84 90 96 99 99 7 13 99 99 99 97 54 97 13 6 99 21 4 96 21 58 61 81 43 49 33 79 3 99 55 99 63 10 72 99 73 52 57 55 88 99 85 15 97 34 85 97 4 99 27 99 73 99 39 63 99 99 61 6 3 22 49 38 0 0 66 19 32 48 
64 99 4 99 99 87 99 12 99 99 99 82 67 99 99 99 55 30 99 99 3 99 99 99 36 54 13 58 43 46 99 99 54 42 55 97 99 13 39 67 66 70 36 34 94 67 99 99 27 13 7 52 6 9 99 99 21 96 45 60 37 37 49 99 91 40 99 99 24 75 99 99 69 45 99 99 99 82 99 99 10 55 13 36 37 54 27 21 99 99 8 29 12 40 56 31 10 0 33 62 91 
75 82 99 69 99 93 61 58 55 99 66 99 99 75 52 69 60 51 10 31 99 28 67 58 21 63 99 85 70 78 27 70 99 75 70 66 99 78 9 31 51 28 10 40 39 67 12 55 54 75 99 84 61 99 91 51 52 10 73 70 21 99 99 76 18 21 52 99 4 87 76 39 93 64 91 99 3 30 45 99 48 99 36 75 79 96 99 48 42 99 1 10 60 48 2 42 11 59 0 28 99 
70 99 96 73 75 15 85 99 99 79 85 99 60 75 99 1 40 99 99 18 99 91 24 99 72 99 66 40 30 49 91 1 99 99 24 99 60 99 36 10 99 82 19 84 88 64 73 24 4 85 99 90 34 3 99 61 15 99 19 99 99 99 99 67 70 99 99 15 99 48 99 66 99 99 55 99 99 87 70 73 52 69 99 99 45 99 99 22 99 99 14 12 38 6 6 4 1 13 28 0 13 
84 15 96 99 76 88 84 57 91 99 58 97 54 99 10 99 13 21 54 13 99 4 27 99 6 99 96 27 99 99 99 99 81 99 79 90 82 99 70 91 12 99 90 33 99 99 13 99 66 99 40 24 19 99 72 99 16 73 99 24 84 81 27 3 99 99 37 63 63 87 39 3 1 91 48 99 99 24 57 93 99 73 99 12 63 99 60 45 46 40 99 99 91 99 99 57 99 99 25 99 0 
