n: 100
m: 10
Pi:U[1-99] 90 8 7 14 4 58 17 74 65 96 48 47 66 62 86 54 65 23 66 5 52 20 78 89 38 63 72 24 16 6 25 32 73 22 12 67 22 79 25 85 83 50 68 53 26 93 40 99 55 80 88 69 84 87 17 13 47 74 53 51 33 52 17 15 85 16 2 4 77 34 97 1 41 78 64 19 12 18 31 4 84 95 9 20 41 74 73 40 82 61 14 56 2 6 10 1 22 73 36 27 
Si:U[1-49]
0 13 22 25 11 8 6 13 6 8 40 39 18 49 45 49 9 1 15 19 3 49 36 39 34 49 43 46 42 6 33 49 49 39 49 34 49 49 49 49 49 12 42 42 15 43 49 13 49 49 4 49 25 49 40 33 37 3 49 49 49 37 1 25 37 6 49 22 49 28 49 3 49 49 22 37 40 49 10 45 49 25 49 49 28 16 49 33 6 49 7 36 49 49 19 24 49 19 49 27 25 
12 0 28 21 14 26 22 8 12 20 49 48 49 4 36 49 25 49 42 49 49 40 49 49 9 27 49 49 39 6 49 49 9 49 45 42 9 40 28 49 40 31 24 49 49 33 9 49 49 49 7 21 19 46 43 49 9 49 49 49 49 49 30 3 49 15 3 31 42 10 46 31 4 49 24 15 49 33 42 12 49 31 7 49 18 37 9 28 49 49 18 49 39 10 33 4 48 49 24 49 49 
26 21 0 18 13 15 16 27 30 28 45 33 49 49 49 49 30 48 22 16 46 43 24 36 19 49 48 16 9 30 6 3 10 46 49 3 49 31 49 45 10 49 45 49 12 49 6 49 49 40 1 1 18 49 49 42 48 49 4 9 48 49 25 49 6 42 30 49 48 19 49 49 49 16 31 24 40 31 42 30 34 4 49 25 34 7 42 40 28 49 36 48 42 49 49 49 37 49 7 49 49 
9 24 24 0 18 4 23 31 25 8 31 49 4 37 49 12 12 49 7 7 49 36 49 21 49 42 49 49 42 7 43 9 4 9 21 46 24 49 49 21 13 49 3 49 27 40 4 46 12 49 24 42 13 49 49 49 19 49 48 28 46 43 49 30 31 33 49 49 49 49 42 18 15 19 48 10 49 49 21 18 21 49 49 49 49 49 18 19 9 27 39 46 49 49 9 21 21 27 49 25 49 
3 30 21 31 0 32 14 5 12 4 31 24 9 24 49 49 49 49 42 48 36 4 49 28 49 48 34 49 49 49 3 49 49 12 19 49 45 21 31 39 15 49 49 3 15 49 19 10 6 42 40 28 42 49 49 31 19 9 33 49 13 49 7 34 49 49 3 25 49 49 10 49 49 46 49 49 49 10 10 22 28 30 10 49 24 7 49 48 49 49 40 49 49 22 33 27 6 49 16 34 39 
10 12 0 28 31 0 14 6 6 26 24 18 49 49 49 49 39 49 10 13 31 10 19 40 16 49 49 19 49 49 45 49 49 36 49 27 7 12 49 49 24 7 49 12 45 49 21 46 49 37 49 6 49 36 9 25 49 3 31 33 49 37 46 49 49 28 36 48 49 49 10 49 49 49 49 43 16 22 24 37 33 37 49 49 28 49 1 12 49 49 12 1 42 42 15 49 42 49 49 13 18 
0 16 26 12 8 23 0 6 21 28 3 34 49 49 12 43 48 49 49 49 49 49 10 25 49 36 49 25 1 24 21 16 31 30 18 49 37 39 27 49 49 42 15 42 28 49 22 16 21 3 49 49 16 49 49 10 49 49 25 49 34 49 1 18 49 49 37 42 49 13 19 21 34 49 46 49 49 48 36 3 12 22 28 49 7 49 27 49 22 43 9 49 34 19 49 49 42 1 12 31 49 
32 22 4 26 0 27 7 0 6 2 10 49 6 19 19 49 40 49 42 16 36 42 49 49 15 49 24 30 49 40 36 6 33 36 49 49 42 37 21 49 37 49 28 49 28 49 48 15 49 34 6 27 39 49 12 49 36 49 49 49 36 24 31 49 37 12 27 15 45 48 49 36 49 49 31 49 34 49 33 49 24 28 4 25 45 18 49 48 49 49 39 40 45 27 49 49 4 49 49 49 25 
28 21 22 8 21 8 18 20 0 31 3 19 39 49 31 42 49 12 46 49 43 49 49 19 4 37 49 13 3 49 45 34 49 49 49 49 49 22 40 49 49 49 31 15 43 27 7 49 45 49 49 39 49 46 49 19 49 33 40 49 22 4 7 31 21 3 49 39 49 21 46 6 49 49 13 24 49 36 49 49 36 49 22 49 13 49 36 33 30 6 49 49 28 42 49 18 19 4 49 49 49 
19 32 18 15 28 8 6 4 25 0 15 49 49 15 7 40 49 49 49 42 33 27 13 10 49 43 21 7 13 19 22 12 6 49 49 49 49 30 49 24 34 49 49 40 37 28 49 4 21 6 21 43 16 28 49 36 34 45 13 24 40 49 30 27 30 19 49 12 3 49 49 12 49 12 7 16 49 49 46 19 30 34 1 49 15 43 49 37 40 27 27 49 45 45 49 46 24 22 27 43 49 
28 31 49 49 39 30 45 49 12 6 0 30 14 22 23 8 19 20 9 30 16 49 25 49 19 4 4 49 49 49 49 49 42 42 1 22 49 13 49 49 49 49 49 25 42 12 49 42 43 49 42 43 16 45 22 24 49 13 49 1 34 10 24 27 27 49 28 48 49 49 6 21 49 31 49 7 49 49 15 19 49 24 10 46 49 28 40 49 19 18 45 37 49 15 22 49 25 1 3 10 49 
33 49 37 39 4 10 49 31 49 49 27 0 29 20 9 17 23 18 10 12 1 31 49 22 48 49 28 34 39 49 21 49 22 4 46 31 45 49 45 36 40 25 49 49 1 21 36 49 45 12 34 49 21 40 39 9 9 49 21 9 37 49 46 49 19 49 3 49 49 49 37 28 1 1 49 49 49 49 49 6 25 13 9 4 3 4 1 49 49 30 10 49 49 4 1 43 34 6 49 28 48 
49 46 25 13 24 15 49 49 49 49 28 3 0 24 15 12 26 7 25 22 36 49 3 49 31 49 49 42 49 37 6 39 28 34 15 13 49 34 4 9 13 22 36 33 40 12 48 49 49 30 49 49 18 49 49 1 21 49 21 31 9 49 49 13 49 6 49 45 49 43 49 34 25 49 31 28 24 22 4 49 16 49 12 49 49 9 49 6 13 49 49 4 13 30 31 1 49 37 9 49 13 
28 43 49 27 18 49 45 42 22 49 2 18 21 0 12 31 11 18 4 28 27 39 49 12 49 28 49 49 49 49 49 21 3 28 49 49 48 16 10 49 3 15 49 46 49 49 25 49 36 3 13 28 21 30 31 6 40 49 49 27 9 7 22 21 49 49 49 49 12 49 19 49 42 39 49 37 49 28 34 13 1 10 49 36 49 3 36 15 49 46 31 49 42 49 1 49 4 7 49 49 45 
43 10 49 24 24 45 49 42 9 49 8 30 20 30 0 12 18 12 18 5 49 42 3 9 37 49 30 49 24 49 48 43 48 49 9 7 43 34 18 34 24 30 46 7 1 49 39 49 19 22 43 18 16 30 40 18 45 49 22 15 48 49 49 49 49 49 49 45 12 30 18 13 49 49 13 45 48 16 49 27 40 28 49 33 48 49 24 45 49 12 46 49 27 1 4 49 46 6 49 4 49 
22 49 49 45 49 4 45 37 49 49 10 17 26 11 20 0 5 3 18 19 27 49 4 13 46 49 49 49 15 10 15 27 42 24 30 21 49 27 6 30 49 45 49 33 49 15 13 7 49 49 49 49 30 49 13 49 49 39 18 9 49 13 33 33 27 49 49 49 49 49 49 21 49 49 49 49 49 49 18 13 49 42 15 49 6 49 43 16 49 22 12 49 43 28 7 45 36 36 1 31 36 
31 49 15 22 49 33 43 49 39 15 32 7 10 8 16 23 0 7 21 3 19 7 49 30 49 22 34 24 37 10 33 4 43 24 48 19 39 49 49 10 16 13 49 18 7 19 49 4 49 49 19 49 21 31 18 49 7 7 12 15 49 37 49 49 33 49 3 12 6 9 16 49 45 49 15 28 28 49 27 49 27 3 36 9 34 49 42 49 49 28 46 49 33 13 16 49 49 49 49 49 25 
9 28 39 49 31 22 48 49 49 33 31 23 6 26 8 9 27 0 16 9 49 3 49 21 49 42 49 31 36 16 49 25 22 46 42 24 49 34 37 19 33 3 40 24 13 42 19 49 45 49 6 4 46 49 25 21 18 49 39 25 12 28 16 49 49 9 33 27 46 10 49 49 49 1 10 49 36 28 40 10 45 16 6 1 19 40 49 37 21 19 28 7 3 12 33 24 24 49 6 12 3 
49 49 7 31 6 1 4 49 49 15 21 29 16 30 16 10 22 32 0 2 49 22 16 24 48 49 10 15 49 12 49 3 9 27 10 49 43 16 49 9 21 10 43 22 49 13 40 49 30 12 6 16 49 48 49 49 19 19 28 49 46 49 19 19 49 49 43 37 28 39 49 49 40 28 45 42 25 49 40 1 49 49 40 37 43 49 49 30 49 49 49 49 18 40 49 25 40 49 7 42 9 
42 48 16 33 24 21 33 49 43 18 16 27 1 19 18 15 26 17 8 0 49 3 24 15 1 18 24 10 39 1 16 33 48 19 37 46 37 4 9 16 49 24 15 7 49 49 34 12 43 37 42 3 42 49 13 30 36 49 49 30 12 49 49 45 27 37 45 19 49 10 49 43 28 16 49 39 22 9 49 49 49 13 40 49 49 25 49 12 36 49 13 27 10 36 49 3 33 6 21 49 49 
16 49 37 46 49 49 49 43 34 28 30 49 16 12 40 49 49 27 31 37 0 30 1 12 21 9 16 4 13 20 9 46 49 13 6 49 49 31 28 40 48 49 43 48 4 49 49 42 9 49 22 37 49 9 39 49 6 7 49 16 49 49 49 42 28 49 9 21 49 49 28 25 34 12 48 13 21 34 49 3 34 9 12 13 7 43 3 40 4 49 31 49 46 46 19 49 49 49 48 45 49 
49 49 7 49 4 49 49 49 49 30 49 3 19 49 28 49 46 49 49 49 2 0 27 24 31 26 24 30 24 4 16 49 49 31 18 13 13 49 49 7 36 36 49 49 31 49 19 49 33 34 24 49 49 49 13 28 12 43 49 25 49 34 49 49 49 42 22 49 49 49 49 49 19 9 13 49 9 36 4 49 45 31 42 1 28 4 34 36 49 49 49 21 49 49 16 33 49 10 48 49 10 
49 9 31 49 46 18 49 49 43 24 25 31 18 49 49 49 19 49 49 1 6 17 0 29 20 0 13 18 2 6 37 21 19 18 28 49 10 1 49 34 1 49 7 34 33 49 28 10 49 49 49 49 49 49 34 1 49 22 21 27 49 28 49 27 13 43 49 12 9 49 49 22 49 49 6 49 13 42 25 49 49 30 49 21 19 39 30 46 36 49 39 21 31 49 1 30 49 12 1 49 3 
49 30 36 21 43 30 42 43 49 45 16 36 49 49 3 22 21 6 45 37 14 12 24 0 6 24 8 10 29 3 49 36 30 46 30 15 21 31 21 46 18 42 49 49 49 42 19 13 7 33 48 49 49 40 21 49 49 18 49 16 49 4 21 34 49 30 31 3 24 49 49 31 13 49 34 22 28 43 16 19 34 1 49 37 12 49 16 49 22 49 13 49 43 19 31 22 3 49 9 16 13 
3 49 9 39 3 39 49 6 49 48 48 49 9 49 49 49 46 49 34 49 4 4 6 14 0 9 31 26 21 20 10 49 48 15 49 15 4 36 49 45 49 25 49 3 30 7 49 40 27 21 49 21 49 48 49 16 10 10 7 33 49 15 33 49 49 15 42 13 40 3 49 13 49 49 24 49 25 49 49 31 49 37 1 9 25 49 49 19 43 24 9 49 49 49 49 40 24 49 49 16 49 
49 39 49 49 10 12 49 49 49 18 28 21 49 42 49 49 42 19 25 1 5 5 24 25 12 0 4 15 28 4 16 13 49 31 15 36 19 49 16 49 49 49 16 49 49 40 49 22 25 27 48 36 16 12 15 45 22 49 37 48 37 4 6 49 49 49 49 49 42 49 49 46 43 28 18 24 39 49 24 18 49 27 49 49 49 16 18 49 46 13 49 3 49 21 12 49 49 34 33 9 30 
4 49 19 45 16 49 30 49 42 6 49 49 42 18 49 19 46 9 19 46 24 26 3 10 28 12 0 22 4 15 33 43 33 46 49 49 49 46 4 18 49 9 49 31 49 49 49 34 39 1 49 49 33 37 49 49 21 22 49 49 36 33 15 36 45 49 48 36 49 3 49 7 49 1 49 27 45 49 49 9 6 49 49 27 22 37 49 49 13 49 49 48 7 49 34 45 7 45 42 40 22 
25 37 15 33 49 43 49 22 37 3 48 30 3 28 49 10 42 49 48 6 18 6 7 18 10 2 32 0 4 26 4 30 22 19 33 49 9 46 21 25 49 3 21 49 37 31 49 30 48 9 49 25 49 15 31 24 49 33 10 46 7 34 49 43 49 37 39 48 49 30 16 39 37 19 1 15 22 18 40 46 25 9 31 49 49 46 42 46 3 49 39 49 49 49 22 37 49 49 25 3 21 
49 49 37 49 48 6 40 19 34 42 15 36 33 28 49 49 25 33 49 49 25 15 5 12 16 16 21 2 0 3 18 33 49 7 49 49 6 49 12 3 43 49 19 12 49 42 25 43 1 46 9 49 49 24 49 49 40 9 49 49 34 49 49 49 49 12 49 31 22 27 25 49 49 49 37 49 49 28 40 49 7 15 49 46 49 6 49 42 48 4 49 15 49 3 49 21 18 13 46 1 27 
13 19 22 42 49 49 49 49 49 49 25 43 49 49 24 49 49 12 49 42 2 4 4 22 3 0 16 25 16 0 49 49 49 22 49 25 36 18 49 40 49 21 49 39 39 4 13 46 49 39 10 39 45 16 49 37 49 49 12 46 31 49 33 37 49 49 36 30 37 33 49 25 24 16 27 30 18 43 49 21 21 37 15 49 7 13 15 46 42 45 27 25 40 10 34 21 49 49 49 28 49 
39 43 49 7 25 49 49 48 16 1 49 6 49 42 28 25 15 18 31 19 12 40 19 37 49 18 49 10 40 49 0 6 8 10 7 12 17 14 16 12 43 13 9 49 28 4 49 6 49 49 49 49 49 34 19 22 49 22 24 42 49 7 30 3 3 12 6 49 6 6 39 22 42 31 31 49 49 3 49 12 31 49 22 49 49 4 31 40 46 48 16 40 40 7 18 49 15 49 43 49 45 
12 49 37 36 6 49 10 3 49 49 15 16 49 6 49 40 40 43 49 22 49 18 49 48 42 16 49 42 37 3 2 0 19 21 31 15 20 2 6 5 49 10 13 34 49 36 49 49 24 39 3 49 49 49 9 49 25 4 13 49 4 49 16 49 28 24 13 19 45 1 49 49 49 22 40 49 4 49 49 9 39 21 22 46 46 49 49 49 6 49 49 43 19 49 36 4 3 1 49 49 27 
49 30 49 45 36 27 37 9 49 49 37 7 49 49 49 28 4 16 49 49 46 30 49 49 49 16 7 19 43 49 20 0 0 1 6 9 28 11 32 18 37 18 40 49 49 24 49 12 4 16 49 49 21 25 12 36 49 24 33 49 33 49 42 39 49 49 49 49 31 49 4 46 16 31 49 39 37 40 13 37 24 39 6 34 7 25 49 39 3 6 49 24 49 49 33 6 48 48 10 49 49 
46 43 45 43 49 9 49 3 49 49 49 13 40 7 36 37 49 37 6 27 37 42 43 39 15 49 49 49 49 22 22 14 25 0 32 12 8 14 32 21 49 49 24 33 34 16 31 46 40 49 37 13 42 25 49 42 39 49 45 49 49 27 49 49 42 27 49 49 33 49 12 4 3 30 24 49 45 37 24 49 49 43 49 42 24 49 4 3 49 49 45 42 49 42 24 34 49 3 42 49 49 
40 19 6 34 12 48 15 31 49 49 25 48 15 49 19 49 49 49 16 28 49 48 49 30 49 33 7 49 21 28 23 8 0 6 0 22 22 15 10 2 4 49 16 19 49 34 49 45 21 49 30 49 1 49 24 42 40 49 49 7 49 37 49 24 49 49 40 43 6 15 3 49 49 37 42 49 37 43 13 49 42 18 45 43 49 49 40 3 49 37 49 13 39 7 49 18 40 34 31 40 48 
42 15 15 39 7 3 31 49 49 27 28 48 49 49 46 18 49 6 49 9 49 13 24 4 49 19 27 48 16 3 14 14 26 18 12 0 27 7 22 15 49 49 39 37 45 9 48 1 34 12 6 49 49 12 16 33 46 13 49 42 46 46 37 18 49 48 49 49 30 33 15 27 49 3 9 36 48 31 33 49 49 43 6 40 18 22 48 31 18 39 16 34 19 10 43 49 49 49 4 49 49 
33 16 9 15 16 28 49 36 42 7 49 22 1 49 27 39 7 24 49 16 28 19 49 16 24 49 48 39 49 13 3 14 28 32 31 20 0 20 8 8 18 39 49 24 19 19 49 36 24 24 6 30 18 49 15 21 49 28 49 1 12 49 40 22 3 9 49 1 24 19 49 49 39 13 24 34 49 48 30 42 48 49 16 4 15 49 49 21 34 22 12 49 15 30 36 49 24 3 4 21 49 
42 33 30 31 34 49 28 6 10 6 39 49 24 31 31 24 1 49 22 24 49 49 49 22 28 49 49 21 25 15 23 19 13 23 10 18 28 0 19 24 3 25 49 27 48 7 9 49 43 19 49 49 21 16 49 49 49 9 1 4 49 18 37 21 42 40 25 49 43 36 24 3 25 34 24 49 49 22 49 49 49 18 21 25 49 49 24 3 3 49 19 43 49 49 37 4 42 49 49 12 30 
49 43 39 4 49 49 30 19 37 19 12 3 49 19 13 49 18 15 49 21 49 49 48 49 27 49 27 22 49 37 13 22 29 8 3 2 12 9 0 10 49 19 42 33 7 25 45 49 36 6 24 40 49 40 31 49 49 49 31 21 33 27 19 37 7 22 49 40 49 9 24 49 9 49 49 39 49 12 12 42 13 12 7 49 49 31 49 25 31 49 43 49 4 27 13 19 21 16 42 24 31 
49 25 49 24 49 22 36 49 49 49 18 49 46 15 49 49 40 1 42 49 19 49 39 27 25 4 13 49 49 49 7 4 10 20 4 12 2 6 18 0 45 10 49 9 49 49 49 13 43 42 46 10 46 4 40 49 49 13 3 49 25 49 12 13 40 49 46 49 7 43 31 22 49 49 7 45 12 21 7 49 43 18 1 22 12 49 24 21 25 25 40 9 30 28 24 48 10 1 39 39 49 
46 9 48 36 48 49 49 25 3 22 21 28 49 49 21 39 19 36 7 19 45 4 40 49 37 48 3 27 21 45 48 24 49 9 46 34 33 49 33 49 0 32 26 6 13 1 24 16 7 3 49 21 13 31 49 49 49 34 36 49 49 49 31 27 31 49 49 49 45 36 49 46 49 36 31 25 18 25 42 25 34 10 37 18 25 21 43 27 9 49 49 39 6 6 49 49 37 49 49 21 49 
19 49 18 43 1 42 18 49 49 49 25 13 33 39 13 3 49 49 49 36 9 49 49 22 9 49 1 27 3 39 49 34 49 21 49 28 49 15 6 16 17 0 4 27 26 17 31 6 26 22 49 49 19 33 49 24 15 49 49 10 39 6 4 34 30 34 27 48 24 49 24 49 6 49 43 43 25 49 39 49 6 21 13 31 1 3 1 30 46 49 7 33 49 49 46 22 37 49 36 49 4 
43 27 34 49 28 49 31 40 22 49 45 36 3 6 49 25 36 42 45 21 49 49 43 49 15 22 1 33 49 36 3 21 49 1 45 16 27 48 13 49 23 15 0 20 24 3 16 8 4 24 49 22 49 49 49 7 46 1 30 10 39 34 49 45 49 7 49 49 49 49 49 49 40 13 49 49 13 6 49 27 4 42 49 30 33 28 22 21 33 49 36 36 36 46 28 46 15 49 33 33 18 
28 49 49 43 46 46 3 49 49 49 40 18 10 31 49 42 16 9 49 49 27 22 22 40 13 37 19 43 22 49 24 30 39 30 40 10 49 36 49 49 16 16 30 0 26 2 24 18 32 30 34 42 49 49 43 48 18 49 48 49 49 18 49 39 45 21 42 49 3 49 16 28 19 49 34 42 22 49 46 49 13 18 30 7 28 10 49 39 43 9 1 19 46 12 36 28 49 49 45 43 40 
49 40 24 49 49 3 19 21 22 49 49 15 39 43 28 24 1 49 15 16 49 42 10 16 49 7 6 24 40 49 33 7 49 49 49 49 7 36 46 15 21 27 1 11 0 19 20 5 29 2 13 49 39 34 24 12 1 43 46 16 49 28 18 36 22 19 34 43 10 15 42 13 49 49 16 49 34 22 16 19 49 12 21 1 33 6 49 49 13 34 22 49 45 1 24 45 39 49 34 16 45 
33 30 15 19 30 16 7 49 19 49 25 49 16 42 49 49 34 3 28 33 49 10 46 31 27 49 49 43 18 49 45 46 49 30 49 49 21 49 18 49 16 2 29 2 1 0 31 0 4 20 45 16 13 3 1 49 49 19 12 49 49 15 49 49 27 39 49 49 49 21 37 49 33 49 21 31 49 49 49 40 49 48 25 48 49 46 34 49 49 21 49 49 9 1 39 6 49 37 33 16 9 
49 21 12 43 28 49 49 49 27 21 49 45 49 48 18 31 49 37 25 34 9 49 27 49 43 37 45 31 16 48 12 48 1 1 49 7 49 27 49 48 19 27 8 14 30 9 0 0 8 19 43 49 25 24 49 49 30 25 40 4 6 21 49 49 15 28 33 49 36 36 49 49 49 18 39 37 49 49 3 49 49 6 49 45 49 48 49 24 49 15 22 48 39 49 49 13 19 19 40 49 16 
49 48 31 28 6 18 49 39 49 45 49 18 7 43 31 27 49 36 49 49 49 18 49 43 33 33 49 18 36 6 15 37 19 49 49 49 13 49 49 49 22 2 26 15 10 30 12 0 20 16 22 1 39 34 30 25 45 39 49 37 49 40 9 3 49 16 4 49 33 9 18 49 49 49 49 1 45 49 46 45 49 21 12 22 48 49 49 25 16 49 9 30 30 4 6 4 49 4 28 34 1 
49 39 25 39 49 27 3 3 49 25 49 49 49 49 3 9 33 49 18 49 49 28 49 40 19 49 31 9 49 43 30 15 15 4 49 19 49 25 13 1 13 23 14 4 8 11 24 31 0 12 6 25 22 49 49 49 30 49 12 49 3 49 49 49 36 9 7 49 48 16 49 28 49 49 3 4 3 49 49 49 49 49 49 31 31 3 49 1 4 49 48 28 49 49 1 49 48 48 49 46 7 
25 1 13 33 49 49 45 45 45 6 6 49 1 49 6 10 25 49 16 16 49 49 21 33 49 33 30 19 27 10 49 33 37 49 25 27 49 18 28 3 27 3 0 28 24 28 2 10 4 0 49 19 18 36 37 46 25 9 36 45 43 15 36 49 24 49 49 24 28 36 19 49 49 45 49 45 28 49 12 21 22 49 9 7 49 49 24 49 49 34 4 37 49 7 22 49 40 39 34 6 49 
49 49 49 49 43 49 49 40 13 22 15 49 34 10 31 49 3 21 4 48 37 24 37 15 45 49 21 22 49 49 49 49 25 21 16 33 1 45 49 49 7 49 16 37 18 7 49 24 49 49 0 4 30 24 31 32 5 21 18 23 13 49 1 10 43 49 19 15 1 49 10 36 49 49 39 49 13 34 49 49 49 34 22 46 7 16 49 31 45 24 48 49 33 10 49 39 24 33 49 4 16 
33 36 34 49 9 49 49 49 49 24 24 46 45 1 19 21 36 39 7 7 12 13 46 36 49 49 48 24 49 49 49 49 49 43 49 30 45 43 49 43 12 15 48 49 33 30 49 10 49 42 26 0 2 26 17 21 21 4 16 10 49 24 49 24 27 49 49 42 49 49 49 24 10 40 46 49 30 3 6 25 3 39 49 49 31 49 45 49 43 43 49 49 7 37 45 45 13 49 18 37 49 
37 49 40 3 28 25 27 37 43 45 12 42 21 45 49 42 49 4 6 9 45 7 36 48 49 43 37 34 15 49 25 49 49 40 13 49 34 18 10 49 10 49 49 49 49 39 16 36 37 15 12 23 0 10 27 28 22 18 22 19 49 40 31 49 4 49 4 43 36 49 30 49 37 45 40 18 3 49 49 4 25 49 49 33 27 49 27 9 49 31 27 40 49 33 19 49 49 49 46 1 49 
37 49 22 49 48 36 49 6 37 13 49 22 21 25 7 36 10 21 43 10 6 24 49 37 19 49 43 49 49 49 40 49 24 49 16 36 49 45 34 49 45 16 49 49 49 24 49 10 49 36 26 20 9 0 0 14 13 28 14 10 46 49 49 24 49 49 49 4 48 16 40 19 49 49 49 27 45 49 30 45 49 49 30 30 49 7 49 12 24 49 49 19 3 15 49 15 1 49 28 49 49 
49 25 22 1 30 49 30 48 49 43 24 18 49 25 18 19 22 39 49 36 12 49 49 25 34 21 7 49 46 7 48 24 7 31 33 49 49 21 48 19 49 15 7 48 3 21 9 45 49 42 2 7 31 30 0 0 10 2 25 22 25 3 49 49 13 42 49 49 39 49 49 15 4 10 49 49 27 46 49 12 18 49 49 33 49 49 12 3 21 1 48 30 21 30 40 49 49 49 25 49 10 
30 25 49 24 15 18 25 16 49 19 49 49 46 7 49 49 49 49 22 43 22 43 33 25 25 15 21 49 13 34 49 49 25 49 22 6 43 19 43 49 19 49 49 13 49 48 19 39 49 34 13 6 3 26 8 0 4 13 14 8 45 49 27 49 39 49 9 19 6 49 49 36 49 9 49 40 4 49 4 18 9 49 18 1 49 49 36 7 40 34 49 6 15 45 49 19 49 12 22 49 49 
25 6 22 21 36 1 6 49 49 49 40 49 40 40 42 22 12 36 24 49 37 4 49 30 49 39 49 42 7 46 49 49 49 10 33 34 49 22 30 43 49 40 36 15 18 40 31 12 49 49 28 5 16 22 28 29 0 2 5 32 49 34 48 49 49 28 49 12 16 37 6 34 22 49 49 49 12 40 12 49 49 49 27 49 46 37 33 1 49 46 45 49 49 28 46 31 34 19 15 48 49 
49 37 30 10 10 49 49 49 49 49 49 49 19 3 49 33 3 40 43 42 49 6 4 49 49 46 49 36 1 43 49 33 49 49 10 22 49 49 9 48 48 24 42 34 33 49 36 33 25 48 8 0 16 17 18 14 20 0 15 28 10 39 33 49 21 49 49 19 49 49 30 43 24 49 6 49 49 49 46 39 42 7 42 49 1 43 18 49 37 34 40 22 49 45 19 28 30 49 21 13 49 
45 49 39 45 24 49 9 18 24 13 43 49 30 49 31 49 49 40 49 7 7 49 9 10 49 6 3 49 49 9 49 34 40 33 4 49 28 49 3 49 24 49 15 43 24 49 6 49 18 49 18 25 14 14 10 6 27 30 0 10 49 40 10 13 7 49 31 49 49 48 49 1 43 22 49 39 49 40 37 49 25 1 49 42 1 42 1 49 49 24 40 49 28 19 6 27 49 49 15 49 49 
42 15 49 22 30 13 49 49 49 49 39 12 42 3 19 49 49 49 49 15 49 15 49 49 40 49 9 49 30 10 25 36 48 46 1 49 18 7 28 30 37 28 6 39 49 49 49 37 15 6 8 22 19 16 4 28 30 0 25 0 49 49 49 49 49 49 39 49 24 22 45 31 36 36 49 49 28 1 46 49 40 1 16 42 19 48 22 4 15 12 48 39 39 49 36 28 9 49 10 13 9 
28 34 46 49 37 10 16 49 42 9 49 49 48 9 49 9 49 49 12 19 39 49 49 37 42 12 24 31 36 49 40 45 37 6 49 31 49 19 49 49 18 49 12 27 45 18 19 43 36 7 49 9 46 49 48 3 48 49 12 49 0 14 2 19 19 32 23 16 18 14 49 37 3 30 49 49 49 18 3 4 34 6 49 49 25 27 49 49 39 43 42 49 45 4 25 7 49 43 49 49 42 
16 28 43 10 49 42 10 49 13 42 45 12 49 49 9 49 10 49 27 46 49 49 7 28 49 36 49 6 25 48 36 49 49 49 49 7 22 1 49 48 43 36 34 49 28 9 27 27 22 33 12 7 24 13 42 49 21 49 31 49 22 0 20 7 2 10 23 16 28 19 49 24 25 43 49 49 49 48 10 24 24 49 49 49 10 31 21 6 30 49 46 49 46 33 49 46 49 49 49 37 49 
40 7 28 49 27 49 49 49 24 36 4 19 49 21 49 4 45 7 13 16 42 42 42 10 49 13 49 33 36 49 49 49 7 40 46 1 49 28 45 25 31 49 9 49 49 49 43 49 15 49 19 1 48 3 19 42 49 49 43 16 9 32 0 19 19 12 18 12 26 16 13 3 49 45 22 22 40 37 49 31 49 42 33 25 49 49 49 49 15 49 49 48 13 49 42 45 49 1 49 13 43 
49 33 30 22 4 39 49 13 25 48 46 34 48 30 49 49 10 36 16 49 33 49 3 9 48 49 1 10 19 49 49 7 49 33 21 49 13 19 3 42 48 7 4 21 25 48 49 45 21 24 49 27 28 10 40 6 13 49 18 13 27 2 10 0 12 11 32 2 29 31 24 49 1 9 6 27 49 49 49 49 27 33 48 10 34 6 15 27 16 49 49 22 49 24 21 12 49 25 49 33 45 
45 42 19 22 49 49 46 49 49 49 1 49 1 19 10 49 7 49 16 12 24 19 39 7 7 49 28 37 13 33 46 9 24 40 49 18 19 48 49 27 18 27 18 28 3 31 49 9 21 16 46 16 43 49 49 16 24 22 49 49 26 31 32 2 0 8 3 20 20 32 15 43 25 27 7 16 4 40 42 45 12 49 39 49 49 49 49 49 25 30 24 49 24 6 49 42 49 42 25 49 9 
9 49 34 7 16 46 33 12 22 15 24 12 49 49 49 28 42 27 49 28 49 45 25 45 10 10 10 49 12 49 28 25 42 49 49 24 49 49 39 49 49 45 48 31 49 9 19 25 49 10 49 40 49 45 49 49 1 16 1 37 19 22 10 20 20 0 12 8 4 32 49 7 49 7 16 46 48 49 28 27 49 34 45 48 49 49 19 31 49 27 18 4 49 49 48 46 15 16 31 49 46 
19 49 10 36 37 19 49 31 6 49 16 27 28 40 49 7 9 21 46 49 49 40 27 49 37 10 31 49 22 49 49 49 34 40 49 3 49 39 49 28 19 22 4 12 31 18 49 49 12 49 18 21 49 12 7 9 4 27 13 49 10 10 22 26 10 25 0 17 23 30 49 49 10 49 25 1 49 21 36 4 33 1 49 49 30 49 48 19 49 43 13 48 36 49 28 45 31 13 12 6 42 
13 15 3 49 18 49 46 49 49 49 42 43 48 42 19 12 49 21 49 48 49 34 30 49 45 49 49 18 27 10 49 49 49 34 31 27 43 49 36 43 49 49 10 4 45 49 1 49 49 49 36 30 49 6 42 49 15 3 19 25 24 21 6 2 16 3 2 0 2 30 27 49 49 12 49 43 49 49 49 49 45 21 39 45 49 49 45 49 28 43 30 7 27 9 46 36 49 16 49 24 49 
49 46 24 12 49 9 49 49 34 6 48 22 15 49 16 31 18 49 49 31 10 13 49 42 49 7 49 49 30 13 49 39 49 6 49 9 49 25 6 49 24 25 49 10 49 46 45 49 49 49 21 4 49 49 49 49 3 3 31 49 20 6 22 22 9 3 26 12 0 30 31 30 49 3 18 49 49 21 49 1 49 34 27 16 1 25 34 34 10 39 24 43 9 49 49 13 46 48 4 49 27 
49 49 49 49 28 49 49 24 49 49 49 6 24 49 40 37 33 36 49 27 21 10 49 27 49 39 19 37 1 21 42 39 24 24 36 49 49 34 28 49 9 46 48 49 49 19 40 49 49 1 49 49 3 7 34 49 25 24 49 40 31 6 16 30 6 27 31 15 26 0 21 49 49 34 46 49 7 1 39 49 49 49 25 49 31 18 45 31 49 28 34 4 18 49 36 22 49 49 21 13 1 
49 7 31 4 18 49 49 49 27 27 7 49 12 37 13 9 19 49 49 42 49 15 12 18 49 4 36 27 28 18 22 36 43 49 18 4 49 49 49 40 49 21 3 10 49 49 36 31 49 16 49 45 34 49 39 49 49 48 49 39 49 49 49 49 4 49 33 49 42 16 0 27 16 12 30 26 14 7 8 18 9 4 49 1 7 30 22 10 21 40 49 49 36 21 34 49 49 49 49 12 12 
24 27 49 30 40 40 39 24 39 49 49 3 49 49 49 49 31 13 49 40 21 49 10 16 25 49 31 25 49 16 33 39 3 27 28 49 49 49 49 49 49 49 49 39 1 6 19 40 49 6 49 49 48 7 49 27 4 43 49 4 49 33 49 49 16 49 9 6 49 40 8 0 13 10 32 10 7 10 11 30 49 12 49 39 6 9 49 49 31 49 45 49 24 7 9 9 18 28 3 49 4 
49 49 13 49 49 49 42 49 30 37 4 19 49 49 27 48 1 1 49 21 49 49 1 49 30 48 42 49 15 49 49 36 49 4 40 18 16 39 6 42 49 15 45 43 39 39 6 28 49 4 49 22 49 49 28 22 25 24 49 37 49 45 49 45 43 18 49 48 49 49 22 4 0 14 22 12 25 6 1 28 4 18 21 39 49 49 43 49 6 49 13 6 4 9 49 49 31 49 31 13 49 
27 40 25 9 36 45 49 28 49 39 49 49 24 30 4 36 49 49 49 19 48 49 22 34 49 46 10 37 49 27 49 19 42 28 4 24 15 16 24 18 45 9 24 34 31 7 48 16 27 6 9 22 34 49 49 43 30 28 22 36 40 36 21 37 34 49 33 49 49 49 2 0 8 0 3 5 16 8 6 10 34 3 46 49 49 42 28 33 24 49 49 49 13 22 49 49 10 4 37 49 24 
40 49 49 49 37 43 49 18 21 15 30 4 49 49 49 49 7 49 49 49 27 36 4 49 16 42 49 42 7 19 4 48 48 15 49 19 33 49 18 43 49 9 36 10 31 49 49 49 15 19 16 49 27 3 13 49 49 15 28 49 49 49 49 4 49 49 48 45 18 43 32 26 25 27 0 18 4 1 12 32 12 40 49 27 9 49 49 34 27 49 46 19 6 3 39 49 42 27 22 42 49 
34 28 36 33 33 37 13 49 45 49 15 21 31 40 28 49 24 7 21 1 49 49 15 10 16 1 42 15 42 25 40 4 49 4 30 24 3 49 3 25 49 49 40 36 49 49 49 16 31 10 31 43 49 4 43 4 21 10 49 13 36 10 49 49 48 34 49 18 12 48 4 16 7 15 9 0 24 7 32 27 37 13 49 19 18 18 49 49 49 49 46 34 16 49 15 24 34 42 49 46 10 
39 37 6 49 42 19 48 13 15 30 40 34 9 36 1 49 27 22 4 49 9 16 49 49 1 13 49 49 39 49 45 4 45 49 3 49 49 46 49 49 37 16 49 33 19 31 49 4 10 49 49 49 3 27 42 49 33 49 49 42 49 49 27 45 49 43 49 49 49 39 7 18 12 17 12 29 0 7 3 5 31 49 49 39 49 49 1 49 49 40 49 43 49 49 49 34 49 31 49 22 43 
49 31 49 49 49 49 1 30 10 49 49 25 49 7 12 49 49 49 49 33 19 34 31 25 49 48 3 49 7 34 36 49 49 49 13 49 27 30 24 24 49 25 28 4 43 7 6 40 33 49 30 49 49 12 6 22 49 33 34 49 24 4 48 46 18 39 21 12 49 12 17 22 11 10 29 27 31 0 12 9 33 49 30 49 28 31 9 36 37 16 9 49 49 49 48 19 1 34 6 49 25 
22 40 49 10 49 49 49 21 34 13 49 49 16 49 49 4 49 49 31 40 49 46 49 49 30 10 10 33 25 33 34 19 30 6 27 49 49 34 1 48 49 49 49 49 48 49 13 49 49 49 19 49 42 49 30 49 48 49 25 22 16 49 27 19 19 10 9 49 30 49 17 10 23 15 28 9 32 28 0 18 37 49 27 21 49 34 22 43 22 49 42 49 49 10 49 49 1 18 16 34 37 
49 13 21 49 18 49 49 4 49 37 49 25 27 18 34 10 12 49 10 49 49 46 27 49 9 12 45 49 49 37 45 49 49 49 27 49 1 42 16 21 33 49 33 22 46 19 49 6 49 27 4 49 49 49 36 49 49 10 21 49 49 49 49 37 10 4 49 49 36 49 9 12 4 32 13 4 26 22 23 0 49 24 3 49 21 46 49 31 49 39 27 49 6 48 33 49 49 49 49 19 49 
27 31 16 49 4 48 49 49 49 9 27 33 49 21 49 49 37 49 15 25 25 39 49 49 31 15 45 37 15 21 49 49 49 49 31 42 30 16 42 43 7 31 49 49 49 40 49 49 15 49 13 48 42 49 4 7 18 49 33 18 49 15 49 49 49 28 49 49 9 49 27 15 49 13 49 18 49 39 12 49 0 14 8 25 6 27 10 28 22 28 22 49 37 18 13 39 49 49 42 49 30 
49 45 34 42 13 3 6 31 1 4 24 43 30 25 48 49 49 31 39 49 49 30 49 9 49 30 49 12 4 30 49 49 27 13 49 46 4 49 1 48 15 37 49 49 27 49 19 49 43 49 49 33 16 49 49 3 49 49 33 3 12 49 30 49 6 49 25 1 12 3 49 49 7 12 25 49 39 30 21 46 25 0 28 20 28 32 2 20 26 28 33 4 49 25 46 40 19 49 4 49 27 
27 49 43 45 22 33 30 49 49 49 27 4 43 36 21 31 48 49 49 33 9 22 19 25 16 49 49 49 49 34 49 49 43 31 49 31 49 16 49 15 36 49 49 18 33 49 49 25 43 42 18 49 18 49 49 45 49 21 25 31 49 49 49 3 48 49 49 16 49 21 49 40 30 39 19 49 9 46 37 49 7 7 0 25 23 8 13 26 25 29 10 49 49 49 49 31 49 33 49 49 42 
49 45 49 49 21 6 10 24 49 34 49 42 10 27 28 49 49 7 33 48 30 28 3 30 19 24 49 34 49 18 49 49 49 49 49 18 48 49 30 22 4 15 49 49 4 49 49 33 21 9 49 49 30 16 21 37 37 25 49 3 1 49 4 4 4 49 34 36 49 37 49 30 25 49 45 49 39 39 49 28 8 30 19 0 2 10 8 5 8 6 12 36 49 13 49 1 49 34 49 7 31 
10 6 49 49 24 4 49 31 25 36 21 49 49 27 39 36 24 49 13 15 49 49 49 37 49 19 49 40 12 49 49 49 49 16 27 37 22 39 25 49 49 49 42 49 49 49 3 18 30 15 30 31 27 49 34 36 49 25 25 36 49 49 15 30 49 49 34 6 22 49 49 27 39 19 28 15 24 1 6 49 0 10 16 26 0 22 25 7 21 20 49 22 3 1 27 1 45 21 24 49 49 
28 22 49 42 16 42 25 49 43 49 49 31 4 15 25 28 49 49 40 49 21 46 13 43 7 33 49 48 49 13 49 6 12 40 49 49 43 37 25 49 3 15 49 18 30 9 49 25 22 4 37 25 49 49 42 49 49 28 45 7 16 49 12 49 6 4 3 37 49 13 46 49 31 22 27 49 25 19 16 49 12 30 24 14 10 0 8 2 6 28 13 19 30 49 49 6 49 10 31 10 4 
49 49 7 39 3 49 37 1 24 22 36 3 6 49 21 9 49 43 49 49 13 49 43 49 43 49 28 13 13 22 49 49 9 42 49 22 36 49 49 49 18 21 49 49 10 6 49 43 49 36 4 36 25 40 46 31 18 27 45 46 19 22 13 49 49 49 7 21 49 49 49 49 49 49 49 13 16 49 49 45 23 9 12 12 0 3 0 3 0 20 49 49 49 49 4 4 34 3 49 42 49 
24 42 4 49 25 24 28 49 46 3 31 49 1 7 31 49 13 10 1 33 49 4 36 42 15 3 49 30 40 39 49 12 37 7 12 30 39 49 46 42 10 13 27 49 36 49 4 49 48 18 49 15 49 48 15 49 42 31 19 22 21 4 31 9 43 49 48 21 49 46 4 49 49 49 19 28 16 36 13 15 29 31 19 6 16 10 20 0 32 29 7 33 49 49 49 43 15 49 19 49 10 
43 49 1 49 49 4 49 27 22 49 16 31 49 27 19 49 40 9 6 49 36 49 1 49 1 19 49 18 9 49 42 18 48 49 27 27 10 31 49 49 18 36 36 49 13 21 49 28 49 28 49 49 16 45 49 13 49 42 16 49 39 49 4 43 1 12 49 49 49 37 49 49 3 10 49 22 27 18 49 13 22 20 2 7 30 21 3 28 0 4 3 39 49 49 22 49 49 19 49 27 22 
33 7 49 19 45 18 37 49 43 49 49 48 25 43 39 21 49 24 4 49 3 49 12 12 12 19 49 6 19 34 3 3 22 49 1 49 49 49 49 45 49 36 24 49 22 21 30 27 49 25 49 48 49 49 36 49 39 49 9 49 46 24 6 33 49 36 48 16 43 28 30 19 28 27 49 42 49 37 33 49 32 22 28 11 5 9 7 31 2 0 19 37 21 24 46 42 49 45 10 49 37 
49 22 30 16 49 42 49 49 49 49 18 49 39 46 6 49 49 49 21 7 1 7 40 49 33 31 25 18 49 49 49 43 49 49 16 10 39 49 16 22 6 6 39 49 49 36 49 10 36 49 49 49 30 28 21 49 49 9 45 36 49 49 49 15 10 36 18 18 43 49 49 49 7 30 34 18 49 7 12 49 15 15 49 6 48 49 37 40 48 36 0 13 24 21 13 4 13 8 12 32 49 
21 15 49 49 49 3 49 6 49 30 25 49 18 7 49 49 3 49 49 21 49 49 1 49 10 43 16 12 36 9 18 13 33 21 34 46 22 49 16 1 49 31 36 49 49 49 40 36 49 49 12 6 21 27 48 34 1 16 6 49 19 30 30 49 3 49 36 28 49 43 39 49 45 28 49 49 15 12 39 40 45 21 33 49 25 10 48 49 48 49 12 0 9 8 11 16 4 18 5 28 18 
49 42 48 49 49 4 49 49 16 49 49 30 4 33 1 6 49 43 49 49 12 48 18 25 36 49 49 49 37 40 33 49 9 6 49 39 49 48 49 49 18 37 49 18 34 49 40 49 28 49 24 10 39 21 27 22 22 22 31 48 4 49 46 22 49 40 49 49 1 46 49 3 19 49 12 6 24 27 18 49 48 49 49 49 4 18 3 43 45 49 1 18 0 18 5 14 5 19 14 12 46 
10 16 49 49 49 49 28 39 21 49 49 18 49 49 28 31 13 24 33 6 4 22 22 31 13 49 25 31 49 49 49 42 4 43 43 49 3 10 49 49 40 30 42 49 25 36 45 25 49 49 6 49 13 49 49 34 40 34 22 49 49 49 28 12 27 39 49 15 3 21 46 3 37 49 40 49 36 42 49 3 27 37 39 34 49 49 33 45 49 7 18 28 8 0 24 22 8 7 0 18 49 
49 49 24 49 49 34 49 4 13 7 22 19 49 31 19 49 49 43 25 49 24 13 19 25 22 49 10 43 43 49 49 18 19 49 10 49 31 1 30 13 42 37 25 7 6 34 33 49 40 42 49 49 49 10 49 43 33 49 49 49 10 24 49 49 31 33 45 42 28 49 25 31 49 46 49 12 48 48 27 10 49 42 48 18 9 1 28 49 49 21 18 3 32 24 0 17 1 32 22 24 31 
16 21 37 40 25 39 24 49 16 49 13 27 18 22 30 15 30 22 22 16 49 49 6 21 37 10 33 28 49 43 36 31 49 45 43 15 18 49 12 49 12 40 42 6 49 49 49 49 39 3 49 12 30 24 15 19 7 49 49 48 49 21 6 49 4 22 49 30 39 49 10 33 3 1 18 49 31 22 3 10 49 6 19 45 40 34 7 49 45 49 32 7 14 19 5 0 22 3 6 15 49 
10 18 45 49 21 25 3 49 49 18 19 42 49 49 49 31 49 28 49 49 42 34 13 18 40 30 6 3 49 37 24 49 15 1 49 48 30 49 7 21 42 27 49 6 36 28 22 46 49 1 18 30 24 49 49 48 13 3 21 49 12 33 49 49 49 21 49 45 22 15 45 4 45 49 6 25 12 48 37 48 6 7 31 22 31 18 48 49 43 42 9 6 1 22 27 28 0 14 22 8 45 
49 39 48 21 21 49 49 43 34 4 12 13 19 30 49 31 36 49 49 45 22 4 34 49 10 15 34 49 39 28 10 7 19 49 3 49 49 31 49 43 25 49 15 40 49 39 10 9 24 49 49 30 43 22 49 33 49 49 43 3 49 45 49 43 9 49 9 43 46 4 45 3 49 34 36 19 19 49 16 16 3 16 28 6 24 13 40 45 49 40 10 22 30 8 0 32 30 0 25 26 37 
16 45 34 49 39 42 1 48 43 45 3 12 49 49 49 49 36 48 49 15 42 24 49 1 19 4 33 49 49 49 9 49 49 49 49 3 28 4 22 37 42 28 49 49 49 34 49 49 12 21 49 48 22 43 49 37 42 4 28 42 49 49 16 45 49 13 9 27 49 37 49 10 21 24 33 43 42 49 30 49 33 27 13 18 7 49 49 27 21 40 6 2 5 32 27 16 29 12 0 21 10 
42 27 40 49 31 13 15 3 6 19 25 24 49 27 12 13 19 42 49 49 10 7 21 49 48 42 15 49 13 49 10 30 49 4 34 49 49 37 19 28 4 7 6 33 33 43 49 22 45 49 16 46 9 49 25 12 34 7 3 10 25 24 39 49 36 49 24 49 10 24 49 9 49 49 49 24 49 49 10 27 1 48 33 7 48 18 49 39 43 49 6 16 27 28 22 15 23 15 10 0 43 
49 45 40 31 9 46 34 21 49 9 49 28 49 49 49 18 49 48 48 40 39 13 49 49 49 36 36 36 1 19 49 33 49 21 48 43 4 49 43 19 34 43 4 49 49 49 19 49 22 49 49 3 24 42 49 30 6 49 49 36 45 27 10 49 49 45 49 1 28 4 49 49 21 36 33 48 3 25 49 49 49 49 42 36 49 12 12 30 16 46 19 49 49 27 49 22 43 49 46 33 0 
