n: 100
m: 2
Pi:U[1-99] 81 19 43 94 27 86 58 83 52 92 23 57 22 47 53 72 79 80 87 52 77 72 82 39 59 11 45 72 90 6 17 13 79 31 99 65 34 20 3 11 12 4 63 17 54 67 15 74 63 79 91 36 50 77 76 74 94 81 75 88 65 57 51 13 64 6 61 13 92 89 77 61 49 46 44 91 75 19 78 46 23 57 46 65 3 55 6 75 77 66 10 66 53 55 55 79 22 55 33 70 
Si:U[50-99]
0 61 34 44 40 53 66 62 55 36 99 99 99 93 99 99 99 99 90 76 99 99 99 99 99 99 96 99 93 99 99 99 99 84 99 85 99 99 99 99 99 84 75 99 94 99 99 99 99 99 99 99 99 96 99 97 99 87 99 85 99 99 87 99 99 85 99 99 91 99 81 82 99 99 99 99 81 99 99 90 99 75 93 82 99 79 99 99 76 99 76 99 99 99 99 99 88 93 99 99 99 
33 0 35 56 59 61 64 65 40 51 99 99 99 99 99 82 99 99 99 84 75 91 99 99 97 99 99 99 99 78 99 93 99 99 99 99 99 99 84 93 99 99 99 75 97 99 88 75 99 84 99 99 99 99 91 78 99 99 99 99 78 99 99 99 99 82 99 93 99 99 79 99 99 99 99 85 96 90 99 99 99 99 79 99 99 99 99 99 84 78 99 75 99 90 84 99 99 99 99 99 99 
52 63 0 33 33 50 46 40 58 63 99 99 91 85 99 84 94 99 76 93 99 94 82 99 99 99 99 99 99 97 78 96 79 99 99 88 96 99 97 99 99 99 99 99 99 94 85 81 99 99 99 99 99 99 81 79 99 99 81 99 99 87 99 79 99 99 90 99 99 99 99 91 99 99 99 99 99 99 99 99 99 99 99 99 91 99 99 99 99 99 99 87 99 99 99 99 99 99 94 99 93 
52 59 45 0 63 58 64 59 42 48 99 99 81 99 99 99 99 99 99 99 99 99 96 90 76 99 99 99 99 99 88 99 99 99 99 99 99 99 99 99 82 99 82 99 99 94 93 99 99 84 99 99 85 99 99 99 81 99 99 99 99 81 99 82 85 87 99 75 97 99 99 93 99 99 99 99 93 99 99 99 99 78 99 79 99 76 99 99 81 99 99 79 81 99 99 99 91 99 88 88 99 
52 60 36 60 0 65 39 60 36 56 99 76 99 99 99 91 99 99 99 99 99 93 99 99 99 79 99 99 99 99 99 99 99 99 88 99 91 90 99 99 99 99 99 99 85 93 88 99 99 93 85 93 99 99 99 99 97 99 96 96 99 93 93 99 99 99 99 99 85 99 79 99 99 99 99 99 99 85 99 99 78 81 99 99 99 94 75 99 81 99 99 79 99 99 76 99 99 99 99 99 99 
52 52 60 61 44 0 62 40 46 33 99 99 76 99 99 99 90 99 99 99 99 99 99 99 99 99 82 99 78 99 87 99 99 99 99 87 96 99 99 99 99 99 99 75 79 99 87 99 99 79 99 87 94 99 75 99 91 99 87 99 99 99 99 81 96 82 99 99 99 99 91 99 94 91 97 99 99 99 90 99 99 90 99 99 99 99 84 99 97 99 99 99 78 99 96 99 99 75 97 99 79 
57 60 41 40 41 39 0 42 48 57 99 91 99 99 99 99 84 99 90 99 99 87 99 87 99 99 99 99 99 99 85 99 79 99 99 99 99 99 99 99 99 99 85 96 87 99 82 88 99 99 99 99 99 99 99 99 84 99 81 99 99 99 84 99 99 99 99 99 93 99 99 91 99 99 99 79 99 78 90 94 78 99 99 99 99 99 99 99 91 78 99 99 99 99 75 96 99 99 87 99 99 
41 66 38 54 61 50 52 0 48 34 84 99 87 99 99 82 84 99 99 99 94 99 79 99 99 84 76 99 96 99 99 99 99 99 99 90 99 99 99 99 82 91 99 99 96 99 99 99 99 75 99 99 96 97 99 99 91 99 99 99 99 99 93 99 94 99 79 84 99 97 94 99 99 79 99 99 99 99 96 99 99 99 99 81 99 99 99 99 94 85 96 99 99 84 99 99 99 97 96 99 97 
41 42 50 63 54 42 35 46 0 58 99 99 99 99 99 96 99 99 99 99 94 81 99 99 99 99 99 99 84 99 99 99 99 99 99 99 99 99 99 99 99 99 99 88 99 99 99 99 84 99 90 99 99 99 94 99 99 87 76 99 99 84 99 99 78 99 88 85 78 99 99 99 75 82 99 91 99 99 99 90 99 99 99 99 76 78 99 99 99 99 99 99 93 99 99 99 78 99 75 99 76 
44 42 36 34 50 42 60 64 48 0 84 99 99 76 99 99 99 99 99 99 99 91 96 96 99 99 99 99 81 99 88 84 99 99 78 99 99 99 99 99 79 99 99 99 97 99 87 99 97 99 99 99 99 99 99 99 99 79 99 99 81 99 99 82 87 91 79 99 99 99 99 79 99 99 99 99 79 99 96 87 99 99 81 99 78 99 85 81 99 87 99 90 94 99 99 99 99 99 88 78 90 
99 75 93 99 99 99 99 85 99 99 0 61 40 37 65 52 51 56 37 35 93 93 99 79 90 99 99 99 99 99 99 75 99 99 99 99 87 99 84 97 99 99 99 90 99 99 88 99 99 99 99 99 97 99 99 87 99 96 99 82 99 99 99 99 99 99 99 99 99 99 96 99 91 75 99 75 87 91 99 91 99 99 99 85 85 99 99 85 85 99 94 99 99 99 99 99 99 99 78 76 99 
99 87 99 99 99 99 99 99 99 99 58 0 63 50 64 58 40 41 54 63 99 99 99 99 94 99 99 99 99 99 99 99 99 99 99 99 99 99 99 99 99 99 99 84 99 99 99 99 99 99 78 99 99 91 96 79 99 99 99 99 87 99 93 99 99 99 99 99 99 99 99 91 99 99 79 85 99 99 99 87 99 99 99 99 93 99 75 99 99 99 99 99 99 91 99 99 84 99 99 99 99 
78 90 99 99 99 78 99 99 78 99 58 43 0 48 66 61 44 46 38 44 99 84 99 93 99 99 99 99 99 78 99 78 99 99 99 81 94 99 99 85 99 91 99 99 99 87 99 84 99 99 99 99 99 99 99 99 99 87 99 99 99 99 78 90 91 99 99 84 99 75 99 99 99 99 99 96 99 99 99 99 90 99 99 99 90 99 99 99 99 82 99 81 99 79 78 99 99 99 99 99 99 
99 99 99 75 94 99 99 99 76 99 46 62 64 0 56 50 62 46 57 60 78 99 99 99 84 90 99 99 99 99 99 99 99 99 99 90 99 99 99 99 82 99 99 99 99 99 99 99 99 99 76 99 99 99 82 99 99 99 99 99 75 97 99 99 99 76 99 84 96 99 99 99 99 99 99 99 99 99 85 87 99 99 99 87 99 99 99 99 99 87 99 91 99 99 99 76 99 93 99 99 99 
99 90 88 99 99 75 99 87 99 99 47 35 58 37 0 55 38 39 37 59 99 99 99 85 99 88 87 99 84 82 99 99 99 99 99 97 91 81 99 99 87 99 79 84 91 97 99 97 99 99 99 94 99 96 99 99 99 99 75 78 99 99 99 99 87 90 99 99 99 91 76 99 96 99 99 99 78 99 87 99 99 91 99 94 99 99 99 99 99 99 99 99 99 99 82 94 99 99 99 99 87 
99 99 99 99 90 81 97 91 99 99 42 37 36 33 37 0 53 62 42 62 99 99 99 99 99 99 99 88 99 99 87 99 87 99 99 87 99 99 99 99 75 99 84 99 99 99 99 99 99 99 99 99 99 99 82 99 82 99 99 99 99 99 99 76 99 78 78 99 99 85 99 82 96 99 94 99 99 85 99 99 99 82 85 75 99 79 93 99 99 99 99 99 82 99 99 90 99 99 99 85 99 
99 99 99 82 96 99 99 99 99 99 40 37 59 64 41 52 0 50 46 64 99 99 94 99 99 93 99 99 85 99 99 93 99 99 99 99 88 85 81 99 99 99 99 75 99 99 82 99 99 99 96 99 78 75 82 82 99 96 81 99 99 99 93 99 99 99 99 91 81 99 99 99 97 99 99 90 82 99 99 99 99 99 99 99 99 90 99 99 99 79 97 99 94 99 99 99 99 99 91 99 97 
99 99 99 99 85 90 99 99 99 99 48 54 54 48 49 44 50 0 51 48 99 99 99 99 99 85 99 78 99 99 96 99 90 99 87 81 93 96 99 99 99 99 99 99 91 99 99 99 99 99 85 93 96 99 99 99 99 99 99 99 99 88 99 88 91 99 99 81 99 99 99 99 99 99 75 99 99 99 99 99 75 99 84 87 99 99 99 99 99 99 90 99 84 99 99 90 99 97 99 91 94 
96 99 99 88 96 99 75 99 93 99 37 49 50 51 41 62 44 40 0 57 99 99 99 99 99 99 99 99 99 99 99 76 90 99 82 96 99 99 99 99 99 99 99 99 99 90 99 99 96 84 99 99 91 76 78 99 99 99 99 75 99 75 90 99 85 99 91 99 99 99 99 99 99 99 99 99 96 99 82 99 78 94 99 99 99 99 99 99 99 99 76 85 99 99 99 99 81 99 99 99 99 
79 78 99 99 78 99 99 91 99 99 49 36 64 44 38 62 44 46 43 0 99 99 84 91 99 99 84 99 99 99 82 81 99 82 99 84 93 99 75 99 99 99 99 93 94 99 99 99 99 99 96 75 99 99 99 87 88 99 99 99 99 90 99 99 99 99 99 99 96 99 84 99 78 76 99 99 79 99 90 78 99 82 84 99 88 99 99 93 99 99 99 87 99 99 87 75 99 99 91 99 87 
99 99 99 99 99 78 99 79 78 85 78 99 87 99 85 99 99 99 99 87 0 52 48 60 41 58 37 60 48 45 99 99 99 99 99 75 99 75 88 94 99 99 99 99 99 99 94 85 99 99 78 99 99 90 85 99 99 99 99 99 99 99 88 93 99 99 99 99 99 99 84 99 99 99 99 99 87 99 99 99 90 99 79 99 96 99 99 99 99 99 99 99 99 79 99 99 99 91 99 99 76 
87 99 78 99 99 99 99 99 99 99 99 99 94 99 99 99 99 99 99 99 52 0 38 61 56 48 61 43 34 49 99 99 90 75 87 99 99 99 91 97 99 99 99 99 99 97 99 99 87 94 88 79 99 76 91 99 90 97 99 99 96 91 99 91 99 81 93 99 99 78 99 84 81 99 99 93 99 99 81 90 99 75 99 79 94 99 99 99 99 82 99 99 99 99 99 99 81 99 99 99 99 
99 99 81 99 99 99 99 99 99 76 99 99 99 91 75 99 97 82 99 99 52 52 0 39 39 62 48 52 62 64 99 99 97 99 99 99 91 99 99 99 99 99 93 90 78 99 99 84 99 99 99 99 81 99 85 99 99 99 99 93 90 99 99 99 99 99 99 93 99 99 99 85 76 96 99 99 99 99 99 99 99 99 99 99 99 99 99 99 94 99 78 99 99 99 99 99 82 96 99 99 99 
88 99 99 82 99 93 87 99 99 99 99 85 78 99 99 99 99 99 94 99 63 44 35 0 42 46 46 49 33 57 99 81 99 99 90 84 82 84 99 99 91 96 99 85 99 99 99 99 99 99 96 99 81 76 99 94 99 99 91 99 99 97 99 99 99 99 88 99 99 88 99 99 99 91 99 91 81 90 85 81 99 82 78 99 99 99 75 97 97 99 99 99 99 99 99 76 75 99 99 99 99 
99 99 99 96 99 99 99 99 99 82 99 99 99 99 99 94 78 99 99 99 52 33 56 36 0 48 45 61 51 54 99 90 99 75 85 99 99 99 99 99 99 99 99 93 99 99 99 76 81 88 99 99 76 99 99 88 99 91 75 99 99 99 99 85 79 99 99 87 99 99 99 99 99 99 99 93 99 87 99 99 99 99 88 93 99 99 99 87 99 99 99 99 99 99 75 96 85 96 99 99 99 
99 99 78 99 99 99 85 99 99 99 84 99 99 85 82 88 88 94 87 99 65 58 36 44 53 0 60 38 66 33 87 99 99 99 99 75 99 99 91 99 99 91 99 84 99 99 99 99 99 93 99 99 99 99 79 99 94 99 99 99 99 87 99 78 96 99 99 99 94 99 99 99 99 99 85 84 99 97 99 99 75 84 99 99 88 99 99 97 87 99 99 99 88 99 99 99 99 99 84 90 78 
94 99 99 99 99 99 99 99 99 76 91 99 75 93 91 99 99 99 79 76 46 39 56 62 40 66 0 55 40 58 99 99 99 99 91 99 99 99 99 90 85 99 97 99 99 99 99 99 99 99 99 99 99 99 99 99 76 99 78 84 99 99 94 99 75 99 99 99 99 88 99 99 90 99 94 99 88 97 99 97 99 99 99 99 87 99 99 88 99 99 91 99 99 99 99 99 99 99 99 99 99 
99 99 99 99 99 99 99 82 93 99 99 99 75 99 99 84 96 99 76 99 33 34 37 35 43 40 36 0 48 50 99 99 99 81 99 90 99 99 99 99 99 96 99 82 99 99 99 99 99 99 79 76 99 79 99 99 99 99 99 99 99 99 99 99 93 79 99 99 99 99 99 99 96 75 99 99 84 75 99 93 82 93 99 99 99 99 99 99 99 99 99 85 99 99 76 99 87 88 85 88 99 
99 99 99 75 99 99 84 99 99 99 99 99 99 99 99 99 99 99 85 99 35 44 49 60 44 33 36 58 0 36 99 88 97 99 96 99 93 99 93 99 75 99 87 87 99 88 99 99 82 99 81 99 99 81 99 90 99 99 99 99 99 99 99 91 99 99 99 96 90 93 99 97 99 99 99 90 99 99 75 99 82 99 99 99 93 99 99 99 96 90 96 99 99 99 75 99 99 99 99 75 90 
99 76 99 93 99 99 99 99 97 99 87 79 90 99 94 99 97 99 99 99 48 63 34 62 53 58 50 36 65 0 96 99 99 99 94 91 99 99 99 99 88 99 99 85 99 99 99 99 78 99 99 79 99 82 99 99 97 99 99 99 99 93 87 76 99 75 99 99 99 79 99 87 99 99 99 99 76 99 99 99 99 99 99 99 82 99 99 87 82 99 99 99 99 99 87 99 99 99 99 99 84 
99 99 99 79 90 99 99 88 99 99 99 99 99 99 75 99 99 93 99 99 99 99 99 99 99 99 84 99 99 76 0 37 64 65 42 66 36 49 44 38 99 99 93 90 99 94 81 99 82 85 99 99 99 96 99 82 90 99 99 75 96 79 99 99 99 99 99 99 99 99 79 99 99 88 99 90 99 99 99 99 90 99 99 99 99 99 99 88 99 79 99 99 99 99 99 90 99 99 99 76 99 
99 99 99 99 99 75 99 88 81 99 99 78 99 85 99 99 99 90 88 99 79 99 84 99 99 99 99 99 99 99 48 0 37 58 42 65 33 35 43 36 94 99 99 97 99 97 99 99 99 99 99 99 99 90 82 99 99 99 99 99 88 99 99 99 99 99 99 99 75 78 99 85 99 99 99 99 99 99 87 96 94 79 99 99 99 99 99 99 99 99 96 99 99 99 99 75 94 93 99 99 99 
99 99 99 99 99 99 99 82 91 78 99 79 99 99 99 99 99 99 85 99 99 99 99 87 99 99 99 99 99 96 40 62 0 50 34 58 62 50 55 36 99 87 82 75 99 99 90 99 99 84 87 84 99 99 99 99 97 88 99 99 99 99 99 99 79 99 99 99 99 99 93 90 99 96 99 99 99 84 99 99 99 79 99 99 85 93 99 99 99 99 82 99 99 99 99 99 78 99 99 99 99 
99 99 99 99 90 99 96 81 99 99 88 99 99 99 99 99 99 99 99 85 99 99 99 90 99 99 99 99 99 99 49 42 36 0 44 34 49 58 51 44 91 99 99 75 90 99 99 81 99 99 99 99 99 99 93 99 96 99 99 99 85 99 99 79 99 81 99 99 99 99 99 99 76 99 99 99 94 81 99 76 99 99 99 76 99 84 99 88 99 99 99 99 99 96 99 99 99 87 82 99 99 
76 99 99 84 99 99 99 99 99 99 99 76 91 99 99 93 99 84 99 87 99 75 99 99 99 99 84 96 99 75 47 38 34 48 0 43 66 43 43 40 99 99 99 99 88 99 91 99 78 99 91 99 96 99 99 99 99 79 99 99 97 76 99 99 99 99 88 99 78 79 99 99 99 99 90 99 99 78 94 99 88 99 99 99 76 99 96 79 99 99 99 79 99 99 99 99 99 99 99 84 99 
93 94 99 99 93 99 99 76 99 99 99 99 99 99 99 99 99 99 99 99 84 99 99 99 99 99 87 82 99 99 34 37 58 44 37 0 36 60 46 37 94 99 99 99 84 99 99 99 82 94 99 99 85 99 99 99 99 99 99 99 85 88 75 79 99 99 75 99 99 99 99 99 78 99 91 99 99 99 97 99 99 99 99 99 99 75 99 99 99 99 79 79 99 99 99 99 99 81 82 99 99 
99 99 76 99 99 99 99 99 99 99 99 99 99 99 99 99 99 99 75 99 99 99 99 75 99 99 99 99 82 99 40 44 54 38 36 50 0 50 65 58 99 76 93 99 99 99 99 93 94 99 99 99 88 75 99 99 99 99 94 99 84 99 82 99 99 88 85 87 88 99 99 99 99 91 99 99 99 99 99 99 99 87 99 99 99 90 99 75 99 97 99 99 99 99 97 99 99 99 84 99 99 
99 79 99 99 99 99 99 99 99 79 99 99 99 78 78 99 99 99 99 91 99 84 79 99 99 99 99 90 99 99 44 36 43 58 52 46 52 0 54 58 99 99 99 99 99 79 99 99 99 99 99 97 99 79 99 99 99 99 99 99 75 99 99 99 85 76 99 99 84 99 99 99 99 99 99 99 84 99 96 99 99 99 99 99 87 88 99 99 99 99 99 93 99 99 90 99 81 99 84 99 99 
99 90 99 99 99 99 99 99 99 88 99 99 90 85 99 99 99 99 99 99 76 75 99 99 99 99 99 99 99 99 43 57 44 39 40 45 56 42 0 65 99 99 99 90 99 87 99 94 99 75 84 87 87 99 99 99 99 75 99 99 99 99 99 96 99 99 93 99 87 75 76 99 99 78 99 88 75 99 99 99 99 90 78 99 82 97 99 87 99 99 78 94 99 79 88 90 99 99 94 99 78 
99 99 99 99 99 99 79 99 78 99 88 99 99 99 97 75 99 99 99 99 78 84 99 99 78 99 99 99 90 99 57 56 60 50 55 45 63 48 53 0 96 99 81 99 90 99 94 99 99 99 99 90 99 99 99 79 99 91 99 99 78 99 84 99 99 88 99 88 99 99 99 88 99 99 75 90 99 99 96 99 94 99 99 81 76 99 99 99 99 99 99 99 99 81 99 91 99 78 99 99 99 
82 99 96 78 99 99 99 99 99 99 78 99 97 97 84 96 82 99 99 90 99 99 91 99 94 99 99 81 99 78 99 87 99 99 90 91 99 78 99 99 0 61 55 44 43 46 43 59 47 66 99 81 88 99 99 99 99 94 99 99 97 99 79 99 78 90 99 99 99 99 99 99 99 76 99 93 99 82 79 93 99 99 99 99 99 99 99 76 99 99 99 99 99 99 99 99 82 78 93 99 93 
99 99 93 99 87 99 79 99 99 99 99 93 99 99 99 99 99 81 96 99 99 91 90 87 91 99 99 91 78 91 99 99 99 99 99 99 90 96 99 99 34 0 42 61 38 60 46 44 53 66 99 99 99 99 87 99 99 85 99 90 99 99 85 99 99 99 87 99 99 87 88 99 99 99 90 88 93 99 99 99 99 99 88 99 97 87 85 99 90 99 99 85 99 99 81 99 99 81 99 99 99 
99 81 91 99 79 99 99 99 99 94 99 99 99 99 99 99 84 99 99 93 99 99 99 99 99 82 99 78 84 99 99 85 96 85 99 87 94 99 99 93 50 39 0 58 38 40 37 44 46 64 99 99 99 99 99 99 91 99 87 75 78 84 99 91 99 79 99 99 99 94 99 91 78 99 99 99 99 99 99 84 82 94 87 96 99 79 99 99 99 85 99 99 99 99 99 75 99 99 99 75 99 
99 78 93 99 99 96 99 99 99 99 99 99 99 99 94 93 99 97 99 99 99 99 99 99 96 99 94 90 91 99 99 87 99 99 79 76 99 78 75 99 53 44 62 0 49 62 54 62 60 38 99 87 99 99 85 99 97 99 99 91 99 84 96 99 93 99 99 99 84 99 99 99 99 90 76 91 78 99 99 99 99 88 99 93 85 99 99 99 94 99 97 99 99 96 99 99 99 99 99 99 99 
99 85 88 96 84 76 99 99 93 99 99 99 90 99 99 99 99 99 99 99 99 99 99 99 99 88 75 99 93 99 99 99 99 99 99 99 99 81 99 99 53 65 42 35 0 35 42 46 61 62 99 99 97 79 99 99 99 99 99 76 99 76 99 99 99 99 99 99 99 78 99 99 84 82 99 85 99 99 91 99 99 99 99 99 99 99 99 99 99 99 99 99 79 99 94 99 75 99 99 99 99 
97 99 99 99 99 99 99 99 82 99 85 99 99 99 99 82 99 99 99 97 99 82 93 87 87 99 99 99 99 99 99 99 99 99 94 90 88 99 99 87 50 37 58 42 64 0 58 34 46 59 99 99 99 99 88 99 99 99 99 79 99 90 88 99 99 79 99 99 99 99 84 99 99 87 99 94 93 94 78 81 88 81 75 81 79 99 99 99 91 99 99 99 99 85 99 76 99 99 99 97 99 
79 99 99 99 99 91 99 78 99 90 81 97 79 99 99 81 76 79 99 99 99 99 99 99 99 99 79 99 90 99 99 99 99 99 99 97 99 99 99 79 50 38 44 46 46 45 0 33 39 60 99 99 99 99 99 99 82 75 99 99 99 99 99 88 99 99 99 99 99 88 99 88 99 94 99 99 99 99 99 85 99 82 99 99 99 94 99 99 99 99 99 81 99 99 84 93 93 99 99 99 99 
91 90 99 99 99 99 78 75 99 99 76 99 99 99 99 76 99 99 99 99 99 99 97 93 78 99 99 99 99 99 97 97 99 88 93 99 90 78 79 99 46 42 40 58 34 51 43 0 53 52 99 99 99 99 76 99 99 88 99 81 99 99 99 99 96 99 99 99 90 99 99 96 96 99 96 99 93 99 99 99 76 99 99 99 99 99 99 99 99 91 76 99 99 99 85 99 82 99 99 99 81 
99 87 99 99 99 99 99 93 99 99 99 91 99 88 76 87 99 99 79 79 99 82 99 99 82 81 76 99 99 84 99 99 99 99 99 96 99 96 97 99 41 34 66 60 53 37 45 35 0 50 99 99 99 78 99 91 99 99 99 99 99 99 88 99 90 88 99 99 79 99 99 99 90 99 99 99 94 88 99 79 99 99 99 99 91 97 99 96 97 99 82 76 76 99 81 97 99 99 99 99 96 
99 99 99 99 78 75 99 99 99 99 99 88 99 85 99 99 99 99 99 99 99 99 96 99 84 96 75 99 99 99 99 99 99 78 99 99 99 87 99 91 52 33 34 34 61 53 62 55 66 0 99 99 99 87 99 99 99 96 99 94 84 99 94 99 85 88 99 85 99 99 91 99 99 99 99 88 99 99 99 99 84 99 76 99 99 99 99 81 99 85 99 81 99 99 99 97 99 99 99 76 99 
99 99 75 99 99 99 99 99 79 99 99 93 99 75 75 99 84 88 79 99 99 99 96 99 99 99 99 96 96 99 99 99 96 87 75 99 99 99 99 99 91 99 99 99 99 75 75 85 99 85 0 35 54 47 54 47 55 39 54 49 87 99 99 90 94 75 99 99 99 99 99 99 99 91 90 99 99 99 75 97 99 99 75 99 99 90 94 99 99 99 75 99 88 82 94 99 78 91 90 84 99 
75 99 99 79 93 99 75 99 99 99 78 99 78 99 99 96 99 99 99 91 99 99 99 99 99 93 79 94 99 99 99 99 96 99 99 99 99 99 99 81 99 99 99 99 99 99 99 99 99 99 42 0 42 55 56 38 51 40 52 62 99 99 99 99 99 99 99 99 96 99 81 99 96 99 97 99 99 99 76 99 99 99 99 99 75 90 99 75 99 99 82 99 99 99 99 81 99 99 99 99 99 
99 88 99 99 99 99 99 99 99 84 88 76 81 99 96 99 99 99 97 99 78 99 99 99 99 79 99 99 88 99 99 99 99 99 99 99 99 75 85 99 99 91 99 99 99 99 99 78 84 99 48 35 0 50 35 48 59 61 52 44 97 99 96 99 99 78 97 99 76 99 99 75 88 99 99 90 85 99 99 85 99 93 99 76 99 99 96 99 94 85 99 91 99 99 75 75 87 99 99 99 99 
99 99 99 99 99 99 99 99 99 79 99 99 84 99 99 99 82 88 93 99 99 87 99 99 97 99 82 99 93 85 96 99 99 81 99 99 99 99 85 99 99 90 78 96 81 87 99 93 99 76 41 44 33 0 60 59 61 35 55 52 87 81 99 88 99 99 90 99 99 99 99 99 99 99 99 88 96 94 99 99 90 85 78 99 99 99 88 99 99 88 99 88 99 99 99 99 99 88 99 99 99 
99 99 99 99 99 99 99 94 99 99 99 99 99 99 97 99 90 99 99 94 99 79 91 84 99 99 75 81 99 99 99 99 93 99 99 99 88 87 99 99 99 82 99 99 76 99 96 99 99 99 53 56 38 53 0 63 36 36 53 52 85 99 99 99 99 94 99 99 97 94 99 99 99 90 99 99 99 78 96 91 91 76 99 99 99 75 99 99 82 99 99 99 99 99 90 99 99 99 99 79 99 
99 90 85 99 91 99 99 99 99 99 79 99 99 79 99 79 99 99 99 99 99 99 99 96 99 99 99 99 99 99 99 99 99 85 99 78 99 99 99 99 99 99 99 99 99 99 99 99 99 88 59 33 40 50 65 0 44 62 60 40 99 99 99 79 94 99 85 99 81 99 99 90 99 99 99 90 99 99 99 90 99 90 99 99 99 99 99 99 75 99 99 99 99 99 99 76 99 99 99 99 79 
99 96 99 99 99 99 99 97 85 99 99 99 99 93 99 99 99 75 99 99 84 93 99 76 94 99 99 91 76 99 85 99 99 99 79 99 99 99 99 99 99 93 99 99 84 76 99 90 99 97 59 48 42 64 61 63 0 47 47 53 84 99 88 99 99 75 99 75 88 99 99 94 99 99 99 99 99 99 99 75 96 99 99 97 99 99 99 99 99 99 99 91 99 84 99 99 90 99 99 99 82 
99 99 93 99 99 99 99 84 99 94 82 99 99 99 99 99 99 85 81 75 99 99 99 99 99 99 99 91 99 99 99 99 99 99 99 88 99 85 99 99 76 85 84 75 99 99 75 91 99 99 37 57 57 36 50 54 64 0 48 61 99 99 99 75 99 94 99 75 99 88 99 99 99 99 81 99 99 99 97 87 79 99 94 88 99 99 99 99 96 99 99 99 99 88 99 99 99 87 96 78 84 
99 99 99 76 93 99 99 99 99 99 99 97 99 81 99 99 99 78 99 91 99 99 85 99 85 93 82 99 99 99 99 99 99 99 99 99 99 99 99 99 87 99 88 75 99 75 90 99 99 84 50 48 63 44 63 42 66 39 0 45 99 99 99 99 97 99 99 99 99 99 99 99 81 99 99 99 99 96 87 87 99 99 99 90 99 90 99 94 99 99 93 90 99 91 99 99 99 99 99 99 99 
99 99 99 99 99 99 99 99 99 99 99 99 99 76 81 99 99 84 99 99 99 99 79 99 99 99 78 84 87 93 99 99 99 93 99 99 99 99 99 81 97 99 94 99 87 99 99 82 99 93 47 52 58 58 44 34 34 48 37 0 99 99 99 96 87 99 82 99 85 96 99 99 99 99 99 99 78 99 88 99 99 76 99 99 99 99 91 99 97 99 99 78 99 99 99 99 99 94 99 99 99 
99 78 78 99 99 78 76 99 87 99 99 99 99 99 99 94 99 93 99 99 99 99 88 99 99 99 82 99 99 99 82 99 93 99 97 99 91 99 93 99 99 99 99 99 91 88 99 99 99 99 99 99 99 99 87 75 99 93 99 99 0 42 36 53 58 64 63 42 54 52 99 97 99 91 99 99 99 99 91 88 97 79 78 99 99 99 82 99 99 99 99 99 99 81 99 99 99 99 96 99 94 
99 91 90 99 99 99 99 85 93 91 99 94 99 99 99 99 99 99 99 90 99 75 85 99 81 99 99 93 99 99 99 84 99 81 99 99 99 99 99 99 99 99 99 99 99 88 99 75 99 90 99 91 99 99 97 99 99 96 76 82 46 0 53 33 50 37 64 41 33 56 78 96 99 99 75 99 99 99 85 99 88 99 99 88 99 99 99 99 99 99 88 99 75 99 97 99 99 99 76 99 99 
99 96 99 78 99 99 81 78 88 79 99 99 99 99 99 99 78 99 99 94 99 88 99 99 99 94 99 99 99 99 96 75 78 99 99 75 82 99 99 99 99 99 99 99 99 75 99 76 99 99 99 99 99 99 81 99 99 99 99 99 56 40 0 65 54 64 50 40 59 34 99 99 99 99 99 99 99 99 99 99 99 85 99 99 82 99 99 99 82 99 75 76 85 99 99 99 99 91 99 87 75 
99 99 99 99 99 97 87 99 99 78 99 99 99 99 99 96 99 99 87 99 99 99 75 84 93 76 99 75 99 99 99 99 99 99 99 99 99 99 84 99 99 87 96 99 99 99 99 99 99 99 94 99 93 99 99 99 97 99 99 97 58 54 54 0 65 42 35 40 42 34 90 87 99 99 99 79 99 75 99 82 99 99 96 97 99 94 96 99 99 99 99 84 99 99 84 79 84 99 94 94 99 
79 76 99 99 99 99 99 99 99 93 99 99 99 82 99 99 99 99 90 99 99 99 99 99 99 99 85 99 97 87 99 99 99 99 99 99 99 99 85 99 99 99 85 88 99 99 99 87 99 79 99 99 99 99 99 85 85 99 99 99 36 49 52 52 0 38 36 38 57 38 82 97 99 76 99 93 99 99 99 99 75 99 99 99 99 78 84 99 97 99 79 97 99 75 99 99 99 76 85 79 99 
84 99 99 90 84 81 87 87 99 99 99 99 87 82 76 99 99 99 99 99 99 99 99 99 99 99 81 99 84 96 82 99 99 99 96 99 99 99 88 99 87 99 99 99 99 99 99 99 90 88 99 99 99 78 99 99 96 99 99 99 58 45 43 38 52 0 62 50 52 47 87 82 99 99 79 94 99 99 96 99 81 99 99 99 99 99 99 81 85 76 90 99 99 99 93 99 87 82 90 99 79 
96 78 99 88 99 94 75 87 99 99 99 99 91 99 99 99 99 99 99 99 75 99 84 94 99 99 99 99 99 99 99 99 99 99 93 88 99 99 99 99 76 99 99 99 99 99 99 99 99 91 99 96 99 99 99 84 99 85 99 88 34 38 48 56 60 38 0 65 45 50 85 99 99 99 87 99 99 99 96 99 93 99 85 99 99 76 99 93 99 99 99 93 99 99 99 79 99 75 81 99 99 
88 94 99 82 99 99 99 99 99 99 99 99 99 99 99 76 93 87 99 99 99 75 99 96 78 99 99 99 81 99 99 99 99 79 87 99 88 99 99 99 88 90 99 99 99 99 99 96 99 78 99 99 99 90 99 99 99 99 82 99 34 50 50 48 34 49 44 0 53 44 99 99 99 99 85 99 75 99 99 87 99 99 99 99 88 99 99 99 99 99 99 85 99 88 82 99 99 99 81 99 99 
93 99 99 81 81 99 99 99 75 99 99 99 99 99 90 99 99 76 91 99 99 94 99 99 88 99 99 99 99 99 99 99 99 88 99 99 82 99 99 96 99 99 81 99 99 82 99 99 99 96 99 93 99 99 76 78 87 99 97 99 49 54 40 52 39 58 65 64 0 46 85 99 99 99 76 99 81 99 99 91 99 99 99 99 99 99 99 99 99 99 99 99 99 99 96 87 99 99 99 99 99 
90 96 91 88 99 78 88 99 99 99 99 99 94 99 94 99 99 97 99 99 99 76 84 99 99 99 99 99 79 99 93 99 99 99 99 99 99 99 99 99 99 78 99 99 79 99 99 99 84 94 96 78 99 97 99 99 99 99 87 99 44 49 53 46 62 46 59 62 50 0 99 99 76 99 76 99 99 99 99 99 81 99 99 91 99 82 99 99 99 84 99 99 85 81 99 99 99 99 79 99 99 
99 96 75 82 78 99 99 99 99 99 88 99 99 99 99 93 90 93 99 99 99 99 85 99 96 99 99 87 99 99 79 99 99 99 99 99 99 99 99 84 99 79 99 99 99 99 85 76 99 82 90 99 99 96 99 99 99 99 99 99 99 99 99 91 99 99 99 99 99 99 0 62 36 57 39 51 46 50 50 56 99 99 99 99 99 99 99 99 99 99 99 99 99 99 99 99 82 99 99 99 99 
96 78 99 99 91 76 90 75 91 81 96 99 99 87 99 99 99 99 99 81 99 99 97 99 99 94 99 99 94 99 82 99 99 88 99 75 97 81 90 84 91 82 99 99 99 99 99 99 99 99 75 99 99 99 99 79 99 90 97 99 97 97 99 99 99 90 99 85 99 99 49 0 38 38 62 36 37 34 42 53 99 99 99 99 78 99 99 99 84 99 99 99 78 93 91 85 94 99 97 99 81 
99 79 99 99 75 99 99 91 88 81 99 99 94 99 96 99 99 99 88 99 99 99 99 99 97 82 99 93 99 99 99 99 99 85 99 99 99 94 99 94 96 79 99 99 99 99 79 99 75 99 91 93 99 99 99 81 84 94 99 87 99 99 99 85 99 88 99 99 99 99 53 50 0 46 53 54 64 64 40 48 99 99 97 78 84 85 90 96 87 99 99 99 99 99 99 99 99 99 99 99 99 
99 88 99 79 79 99 99 99 99 96 99 99 99 96 99 99 99 99 99 99 81 99 93 99 99 99 99 94 99 99 81 99 75 99 90 87 85 91 81 99 79 93 99 99 87 97 99 99 99 99 99 99 85 99 99 99 99 93 94 99 75 75 90 99 99 99 78 99 85 78 35 39 38 0 48 44 64 64 58 43 91 99 99 99 90 87 84 99 96 99 81 99 99 99 97 99 99 99 99 99 99 
76 99 99 99 99 78 99 76 99 99 78 99 99 99 99 81 76 78 90 87 99 99 99 81 81 81 99 99 99 99 93 99 85 99 99 99 75 99 99 99 99 75 99 99 78 99 99 82 99 76 99 91 99 78 99 99 99 99 99 99 79 99 99 99 76 99 99 78 99 97 63 62 38 50 0 46 63 43 40 44 99 99 84 81 99 99 99 99 93 99 99 99 99 99 99 99 99 99 99 99 81 
99 99 99 99 99 99 99 99 87 99 99 75 99 93 99 99 99 99 99 99 99 97 91 99 99 99 99 99 99 85 79 76 99 79 99 99 99 99 99 82 99 96 94 84 97 85 85 99 99 87 97 99 99 99 99 99 75 99 99 99 99 97 82 99 99 76 99 99 99 99 63 63 44 61 40 0 35 58 66 56 99 99 76 99 99 99 99 99 97 99 99 99 84 99 96 99 99 87 99 96 99 
99 99 99 99 87 99 99 99 82 99 99 99 99 90 99 79 99 99 99 99 99 99 94 85 99 99 99 99 99 99 99 91 99 99 85 99 99 99 91 99 99 76 99 90 99 94 99 76 99 87 99 84 99 79 99 99 99 99 88 81 99 99 99 79 99 99 99 78 99 99 42 41 50 52 34 65 0 55 56 62 99 99 99 99 99 99 78 93 99 99 81 91 99 99 99 99 75 84 99 99 97 
97 87 99 99 99 99 99 99 99 87 99 90 94 79 99 88 99 99 99 99 99 99 99 99 99 99 99 99 99 99 99 91 99 99 85 99 87 85 99 99 76 99 99 99 88 82 99 99 99 99 99 99 99 99 93 99 76 96 84 99 99 99 99 99 97 99 94 99 99 99 35 62 61 52 40 48 66 0 38 46 82 99 99 99 99 99 99 99 99 99 99 99 99 85 99 99 99 99 99 91 99 
85 90 99 99 99 99 99 99 99 99 82 99 75 99 99 99 82 99 97 90 99 94 75 99 99 85 99 99 78 99 99 99 84 99 99 82 84 99 99 99 99 99 99 93 99 99 75 75 99 99 99 99 99 99 99 99 99 84 85 99 99 99 96 91 76 75 91 96 99 84 48 65 42 49 44 64 56 40 0 36 99 91 99 96 99 94 99 88 99 99 99 99 75 99 99 84 85 82 99 99 84 
99 99 99 99 99 99 99 99 99 99 87 99 99 99 99 99 99 76 82 87 99 99 99 78 99 99 99 99 84 93 99 99 99 99 99 99 99 99 99 82 99 99 99 99 99 75 99 99 99 87 99 99 84 99 99 99 99 99 90 99 82 99 99 99 99 99 99 99 99 96 64 41 52 66 65 63 62 51 40 0 90 99 99 99 99 99 99 82 99 99 99 99 90 99 91 96 99 99 79 79 99 
99 99 87 99 78 87 99 85 99 99 96 99 94 90 85 99 97 97 87 99 82 82 99 96 99 84 99 99 99 99 99 88 99 99 88 90 76 99 99 99 96 99 87 99 90 75 99 99 99 99 90 99 99 87 99 99 75 79 99 99 88 85 87 88 91 99 99 93 99 94 82 84 99 99 99 99 99 75 99 99 0 37 36 39 52 39 41 56 62 60 99 99 99 99 96 99 99 99 99 94 99 
81 84 99 99 82 99 84 75 99 99 96 99 99 99 99 99 99 99 91 99 82 99 99 75 91 99 78 99 94 99 97 94 99 99 99 99 99 99 87 99 90 99 99 99 88 99 76 99 99 99 90 99 99 99 88 99 75 99 99 88 99 99 81 99 76 99 99 99 93 99 88 99 99 99 99 99 79 87 79 99 48 0 62 56 55 44 34 45 41 38 99 99 96 99 99 99 99 99 99 99 79 
81 85 87 97 82 99 99 78 84 99 99 99 99 99 78 96 99 99 99 82 99 85 79 99 81 87 99 99 99 99 75 99 99 99 97 87 99 99 99 99 99 99 82 99 99 82 99 90 96 91 85 99 99 99 78 99 99 99 90 99 87 99 99 96 99 75 99 99 99 84 99 87 99 99 97 99 87 75 99 99 46 52 0 44 33 47 56 60 56 58 93 99 96 99 99 99 90 99 87 99 84 
99 99 99 99 99 99 99 76 99 99 99 99 99 99 99 99 75 75 99 96 99 99 99 99 78 99 99 99 99 99 99 85 99 99 99 99 99 99 99 94 96 97 99 82 99 99 97 96 82 87 79 84 99 99 99 90 99 99 78 99 88 85 99 99 99 96 99 91 99 99 99 99 96 81 85 99 99 82 99 93 46 65 44 0 52 34 61 57 58 58 90 99 99 99 99 88 99 99 99 99 99 
75 99 99 99 91 91 99 99 93 99 91 97 99 91 96 99 99 75 81 99 99 99 99 90 99 99 99 99 88 99 99 93 96 99 99 99 75 99 99 78 99 99 99 99 99 99 87 84 99 97 76 99 99 85 99 96 99 99 99 87 99 99 99 99 99 84 99 99 99 99 99 99 99 90 99 99 97 99 94 99 61 42 58 50 0 52 60 52 50 64 99 81 99 91 99 99 99 99 99 99 99 
99 99 99 81 96 88 99 91 99 99 99 94 99 99 99 99 99 99 99 99 99 99 99 99 99 99 99 99 99 99 99 75 99 99 99 99 90 99 94 99 99 99 84 99 96 99 99 87 88 99 76 93 84 99 84 90 90 99 99 97 88 99 99 99 94 99 99 99 99 99 99 88 99 99 99 99 99 99 99 76 59 50 58 61 62 0 50 47 49 35 99 99 93 99 84 99 84 99 99 99 99 
99 99 94 99 99 94 99 99 82 99 99 88 99 99 81 75 99 99 99 99 97 76 90 99 99 94 99 99 99 99 99 99 99 99 99 99 99 93 99 99 99 99 99 99 99 99 99 99 93 84 99 99 76 75 99 99 99 99 94 97 99 99 97 99 75 99 90 99 99 99 99 99 99 84 99 99 99 99 81 99 40 34 52 63 42 65 0 66 58 40 76 75 91 99 91 78 99 94 99 99 99 
90 99 90 99 99 93 93 99 99 76 99 99 93 99 99 99 99 82 96 99 99 99 99 90 99 99 99 99 99 99 99 81 99 99 99 99 99 99 99 93 99 99 99 99 87 99 99 99 99 99 99 97 99 99 99 99 99 99 99 99 84 99 99 99 99 99 85 96 84 99 85 87 99 99 99 99 94 93 99 99 41 45 40 44 36 62 60 0 58 38 75 99 90 99 78 79 99 99 99 99 99 
75 99 99 99 99 99 99 88 78 99 82 99 99 76 99 99 87 99 99 99 99 99 96 82 99 78 99 99 82 99 82 99 99 99 75 99 75 99 99 79 93 96 99 90 99 99 99 76 99 99 99 99 99 84 99 99 99 99 84 79 99 99 99 76 99 75 91 75 97 82 90 94 97 85 99 99 85 84 99 99 44 58 51 58 60 59 42 45 0 39 99 99 97 90 99 99 99 99 99 88 87 
99 99 99 99 99 99 99 99 99 99 99 99 99 99 99 81 88 99 99 99 99 99 99 99 99 99 96 99 99 99 85 99 99 99 99 90 99 99 93 99 99 99 87 99 99 85 99 99 99 99 93 99 99 99 94 75 99 99 99 99 91 99 99 99 99 99 99 94 99 76 99 99 99 99 99 99 99 99 99 99 52 66 64 61 50 42 49 46 37 0 99 99 99 99 99 82 99 99 99 99 99 
88 99 99 99 99 96 99 99 99 84 90 99 99 99 99 99 99 99 94 99 85 84 99 99 99 85 99 99 81 99 85 99 99 99 99 99 82 99 99 99 99 85 99 99 99 99 99 75 81 99 99 82 99 99 88 99 99 91 99 99 99 99 99 99 99 99 85 99 99 96 97 99 99 85 88 99 99 99 84 99 99 75 99 99 87 99 99 99 99 99 0 39 40 35 62 66 62 37 39 58 99 
99 96 99 99 99 99 99 99 76 75 99 99 96 99 99 76 99 96 99 99 97 99 90 99 99 99 99 99 99 91 99 87 99 76 99 99 97 99 96 85 99 85 81 87 94 84 99 88 99 99 99 99 88 99 93 99 99 99 75 75 93 99 99 99 99 84 99 93 99 99 84 99 99 99 99 99 87 90 99 84 99 99 88 87 96 99 99 99 79 99 37 0 58 61 36 55 44 62 37 50 99 
99 99 87 88 99 99 99 81 81 99 99 99 99 88 99 99 99 99 99 99 99 99 99 99 97 91 97 99 99 99 88 93 99 99 82 94 99 94 99 99 76 99 99 96 99 99 99 99 82 93 99 99 75 99 99 79 99 76 79 99 99 99 85 99 75 93 99 99 99 99 99 87 99 99 91 99 76 87 99 99 99 91 99 82 99 99 99 90 99 97 63 33 0 50 38 52 59 36 62 33 99 
99 99 78 99 99 99 99 99 99 99 94 99 99 99 99 99 99 97 90 99 90 99 99 99 99 85 99 99 99 99 99 99 99 99 99 82 99 94 99 99 76 99 99 99 85 99 99 99 99 78 99 99 78 91 99 99 99 84 94 90 99 75 99 99 99 76 99 99 99 91 99 99 75 99 78 96 99 99 99 79 99 99 99 99 99 99 99 99 97 96 40 56 65 0 38 42 57 46 36 64 99 
99 99 76 99 99 99 99 99 87 99 88 99 99 82 82 99 99 94 99 81 99 85 76 88 94 99 99 99 99 99 90 99 76 99 75 99 99 99 78 99 85 99 81 99 99 99 81 99 99 99 99 99 99 99 78 84 88 91 99 99 78 99 99 88 99 93 99 99 99 94 99 99 99 88 91 99 99 97 99 99 99 91 99 99 93 99 93 99 99 99 50 36 58 56 0 37 62 61 58 64 79 
99 99 87 78 99 99 99 99 99 99 99 99 99 87 99 99 99 99 99 90 81 88 99 99 99 94 93 99 99 91 99 99 99 99 99 99 99 99 94 91 99 99 99 99 99 82 90 99 99 99 87 82 87 91 88 99 99 99 97 99 96 99 99 99 99 99 99 97 99 99 99 99 99 99 99 99 99 99 99 99 93 99 99 99 99 99 75 99 99 99 64 52 41 34 44 0 34 54 38 57 99 
76 99 99 99 99 99 99 99 99 99 99 99 99 99 99 79 99 99 91 99 99 99 88 96 99 99 75 99 99 99 99 88 99 97 97 99 99 99 81 99 99 99 93 99 99 78 99 99 99 91 96 99 99 82 99 99 81 99 99 99 99 96 99 99 99 79 99 99 97 99 85 99 99 99 99 99 99 99 99 90 99 99 99 76 99 99 99 99 84 97 64 54 58 44 34 50 0 44 49 48 81 
96 81 99 99 94 99 99 99 99 78 99 85 99 87 99 99 99 99 79 99 99 90 81 90 99 76 85 99 99 99 99 99 99 99 99 99 94 96 99 96 85 99 96 99 99 99 99 99 99 99 99 99 99 99 99 90 94 79 87 99 99 99 99 84 99 81 99 99 99 81 99 99 99 99 99 81 99 87 90 99 99 99 99 99 99 99 99 99 99 99 43 44 56 58 63 58 37 0 34 36 99 
99 99 81 99 88 99 99 99 85 82 99 99 84 99 82 99 99 99 84 97 99 79 84 99 99 99 99 99 99 99 97 78 76 99 99 94 99 99 99 99 99 82 99 99 85 99 99 99 99 99 99 99 91 99 81 99 99 82 87 99 79 99 99 99 81 99 99 99 78 99 99 99 99 99 88 99 99 97 99 99 99 87 96 75 91 99 99 96 99 85 51 41 55 42 59 52 42 66 0 53 99 
99 99 99 99 99 99 88 99 91 90 99 97 99 94 99 99 99 99 82 93 75 99 84 99 88 99 99 99 99 99 99 99 99 91 85 99 99 94 91 99 87 99 99 99 99 88 99 88 99 97 97 76 96 99 99 99 99 99 99 99 99 99 99 76 99 99 81 99 99 99 90 91 88 99 97 99 99 99 99 81 99 99 99 90 99 88 94 99 99 99 47 40 33 48 50 50 42 57 50 0 99 
99 99 99 99 99 99 85 99 76 99 99 75 99 99 99 99 96 99 84 82 99 99 99 99 99 96 99 99 99 99 99 75 99 99 99 99 99 99 99 99 99 99 99 99 99 99 99 99 99 79 99 99 99 99 99 99 99 99 99 81 84 99 99 99 82 81 81 99 99 99 99 99 82 87 99 99 99 99 96 99 99 75 99 99 99 99 99 90 99 99 97 99 99 99 99 81 93 93 88 99 0 
