n: 100
m: 8
Pi:U[1-99] 84 64 17 14 79 37 78 61 17 40 75 16 71 66 82 75 89 85 84 84 36 28 97 56 5 16 43 92 41 59 98 7 21 14 25 83 31 89 20 68 8 77 87 8 45 32 74 24 39 39 50 36 15 73 30 73 97 72 64 16 9 56 38 47 24 80 97 49 1 86 9 88 87 23 33 46 62 4 74 37 63 28 95 49 10 80 40 61 88 50 7 31 40 92 49 33 20 27 37 98 
Si:U[50-99]
0 61 40 39 44 35 35 36 50 56 99 85 99 99 87 99 99 99 81 93 99 78 99 99 99 99 99 97 85 88 79 99 99 99 99 88 93 99 99 99 81 99 99 93 96 99 99 99 99 99 99 99 99 87 79 99 75 99 99 99 99 84 99 99 99 99 99 99 99 99 82 99 99 82 97 99 75 99 99 97 99 99 99 99 96 99 94 99 99 99 99 99 99 99 99 99 99 99 99 99 90 
56 0 64 34 40 52 44 62 52 44 99 99 99 99 99 99 99 99 99 99 99 99 81 99 99 94 99 99 91 94 99 99 99 99 99 99 90 99 99 99 99 99 99 99 99 99 90 94 99 93 99 99 96 88 97 90 99 79 99 85 99 99 99 87 76 85 99 99 99 75 99 99 99 99 99 90 99 99 99 85 99 99 99 82 84 87 84 99 99 99 99 99 99 99 99 99 99 81 99 85 84 
46 50 0 59 60 60 55 58 64 33 91 99 99 90 75 99 99 99 99 99 99 99 99 78 90 99 99 96 99 99 99 99 99 99 99 93 99 99 99 99 99 99 99 99 99 96 99 99 99 75 99 99 99 96 99 99 99 99 99 87 91 99 99 99 99 76 90 99 99 99 91 99 99 99 99 81 99 99 99 99 99 99 99 96 99 99 99 93 99 78 75 97 99 99 79 99 99 96 99 94 88 
64 65 38 0 40 40 54 37 45 42 99 99 99 99 99 87 99 99 99 99 81 81 99 82 99 84 99 99 84 99 78 99 97 99 88 82 99 99 99 99 99 87 99 88 99 84 99 93 76 99 99 99 84 99 90 99 81 75 85 99 76 99 99 99 96 99 99 99 99 84 99 81 75 91 88 99 99 99 99 99 99 99 99 99 91 99 99 75 99 99 91 99 99 99 99 99 81 99 99 79 99 
45 54 61 37 0 44 46 52 54 35 99 99 99 93 99 99 99 99 99 99 88 99 99 79 99 99 99 99 94 93 78 99 87 99 99 99 78 99 85 99 99 99 99 90 93 88 99 99 99 99 99 97 82 94 99 99 99 99 99 88 78 82 84 96 99 99 99 99 84 99 99 81 99 78 99 99 99 99 99 87 99 99 99 99 82 99 96 99 93 87 99 99 99 99 99 79 99 99 99 99 99 
56 33 46 49 60 0 65 33 58 52 76 99 99 99 99 99 99 99 99 99 99 99 81 91 99 91 82 97 99 99 99 99 75 99 99 99 99 99 99 88 99 82 99 88 99 99 84 99 82 99 99 93 84 99 90 76 99 99 99 99 99 99 99 91 99 99 75 99 99 99 99 82 99 94 99 99 99 99 96 99 93 99 90 84 99 99 75 99 99 99 99 99 90 99 87 99 99 99 99 99 99 
56 50 33 33 48 50 0 66 56 44 78 99 99 99 96 84 81 99 99 76 99 99 99 99 99 99 97 97 99 99 99 99 99 99 99 99 94 99 99 82 99 88 91 99 99 91 99 99 99 99 99 99 82 91 99 99 99 85 88 99 96 99 94 99 99 99 99 78 81 99 99 99 99 99 99 99 99 99 99 88 99 94 99 99 99 96 78 99 79 99 88 99 99 99 99 99 99 99 99 97 84 
50 38 36 60 66 52 64 0 36 36 84 99 99 99 76 99 99 99 99 99 91 99 99 99 94 99 99 99 99 99 84 99 99 99 96 81 91 99 99 99 99 99 79 99 99 79 99 84 99 78 90 99 99 99 99 99 99 94 99 99 99 99 99 99 99 75 99 99 78 85 99 99 93 99 84 99 79 99 88 78 81 99 99 78 99 99 99 99 99 99 99 99 87 99 97 99 88 99 94 99 99 
40 48 46 46 65 37 55 63 0 49 99 99 94 96 99 99 99 99 79 99 78 99 99 94 99 99 93 99 90 99 94 99 99 99 99 99 99 84 97 96 99 99 79 99 99 99 99 99 99 81 99 99 99 99 76 99 99 99 99 99 97 97 90 99 99 99 99 99 79 99 99 78 99 87 99 99 99 88 99 99 99 99 87 99 99 99 99 96 99 99 99 99 99 94 82 99 87 88 88 99 79 
44 52 60 54 33 56 40 46 52 0 99 99 99 75 99 84 99 99 88 99 78 99 90 99 99 78 99 94 99 99 99 99 99 99 76 99 99 99 99 99 99 94 99 76 88 82 96 99 99 99 87 76 99 82 99 99 99 99 88 99 99 99 85 93 99 87 99 96 99 99 99 99 99 99 99 76 99 84 99 99 99 99 78 75 97 82 99 99 85 99 99 99 99 99 99 99 96 99 85 99 97 
99 93 99 99 99 99 99 99 88 99 0 48 50 42 52 60 58 61 56 35 99 99 99 76 81 99 99 79 99 78 99 99 81 76 87 90 99 99 84 99 99 99 90 99 99 94 99 90 99 99 87 99 99 99 99 91 90 85 99 99 94 99 99 82 99 93 99 99 99 91 84 87 99 99 82 78 99 94 99 99 99 99 99 99 99 93 99 90 99 99 79 99 99 78 84 78 99 96 99 82 99 
99 99 99 99 90 99 99 94 76 82 64 0 64 65 54 62 44 64 48 45 85 99 99 99 99 99 99 99 99 99 81 97 99 99 99 82 76 99 76 99 99 99 99 79 85 76 99 99 75 79 99 96 99 99 78 99 99 96 99 91 99 99 85 96 93 99 99 99 99 99 99 99 99 99 99 99 99 99 99 99 87 99 91 99 99 99 99 99 94 88 87 99 93 99 99 99 99 78 87 99 79 
91 78 99 99 99 99 90 99 76 99 50 36 0 52 38 58 50 58 47 65 81 99 99 99 79 99 79 78 82 91 75 99 82 99 99 75 94 84 82 99 75 99 99 99 99 99 93 99 99 99 99 84 85 99 99 99 99 99 99 99 99 76 99 99 88 93 99 99 97 99 96 97 99 96 99 99 99 99 99 99 99 99 90 88 94 97 90 82 90 99 99 99 99 99 99 99 99 82 99 99 99 
99 99 88 99 99 99 79 87 99 99 54 38 59 0 56 33 48 52 59 50 99 99 99 81 93 81 85 91 87 99 99 91 99 84 99 99 99 99 99 88 99 99 99 99 99 84 99 91 99 99 76 99 99 99 99 99 99 84 99 99 99 99 99 99 99 99 99 79 78 99 99 99 99 99 99 82 99 99 99 99 99 79 85 99 99 99 99 99 97 99 99 99 82 84 99 79 84 99 90 99 99 
99 99 99 79 99 99 99 96 99 99 59 62 58 52 0 50 61 64 41 54 99 99 99 99 99 99 99 99 99 99 82 99 81 88 99 99 99 82 99 87 99 76 90 91 99 97 99 93 99 99 99 99 85 99 99 99 99 99 99 99 99 99 99 99 99 99 87 99 99 99 99 94 99 94 99 99 91 82 99 99 99 99 85 90 99 91 99 99 99 76 99 99 99 99 99 99 99 99 99 99 99 
99 76 91 99 84 99 99 99 99 99 48 52 64 38 44 0 64 50 34 63 99 97 99 99 99 75 88 99 99 99 99 99 99 99 99 97 99 78 99 94 99 99 99 99 99 99 81 90 78 99 99 85 99 99 79 90 99 99 99 99 75 99 99 99 99 75 93 99 75 79 99 99 99 99 99 99 94 96 99 99 99 94 99 97 75 99 99 93 99 99 75 99 75 99 99 99 87 99 99 99 99 
84 99 99 99 84 99 99 99 91 99 40 64 40 59 54 56 0 62 64 49 99 99 88 99 99 99 99 99 75 99 76 99 99 99 96 99 99 99 94 99 78 82 79 99 99 99 93 81 79 99 99 94 99 93 94 99 99 81 99 99 99 91 99 99 88 99 99 99 99 99 99 99 99 99 99 85 99 99 90 81 99 99 99 99 91 99 85 99 87 99 75 93 99 99 99 79 91 99 99 99 99 
85 79 81 90 99 99 99 99 99 99 46 48 63 52 58 51 59 0 40 44 88 85 99 99 76 82 99 88 99 99 99 82 96 99 99 93 93 99 99 99 99 78 99 99 78 85 99 99 99 99 99 99 99 99 99 99 99 99 94 81 84 94 99 81 82 99 96 99 97 82 88 81 99 99 90 99 99 99 99 99 99 99 99 78 82 88 99 96 94 99 99 99 99 99 99 99 84 99 99 88 99 
81 84 90 96 99 99 94 99 78 88 43 38 37 54 49 41 56 50 0 42 94 99 99 99 99 99 99 99 97 99 99 99 90 99 99 99 99 99 99 99 99 99 87 87 99 88 99 99 99 85 99 99 99 99 93 84 99 94 99 99 99 99 99 99 99 99 99 99 99 99 99 99 99 94 99 99 99 99 99 79 93 99 99 97 99 99 99 96 99 87 99 99 91 99 99 99 99 97 99 99 85 
81 99 99 99 76 91 82 99 99 99 46 40 47 34 48 42 64 64 51 0 99 94 81 99 99 99 99 99 99 99 99 99 85 99 99 93 78 99 99 85 99 75 85 99 82 93 99 99 99 75 99 99 99 99 96 99 99 99 99 94 99 99 87 99 85 99 99 99 99 99 75 84 99 99 99 87 81 99 90 99 99 91 99 99 99 99 93 99 99 99 99 99 99 99 99 82 93 99 88 79 99 
94 87 99 82 99 88 99 99 99 99 99 99 99 93 99 99 99 75 99 99 0 56 66 64 33 38 61 37 42 46 99 99 99 99 84 99 99 99 99 91 84 99 99 99 99 76 84 99 99 99 84 99 99 85 84 94 99 99 99 99 99 99 99 82 99 75 90 99 82 99 99 99 99 99 99 99 88 87 99 93 99 90 99 93 91 99 99 99 75 99 75 91 99 99 78 91 99 99 99 99 82 
94 99 99 99 99 93 96 99 99 99 99 84 99 99 99 88 79 99 99 99 38 0 50 50 63 34 33 56 65 40 85 99 99 99 93 99 76 99 99 76 99 99 99 79 99 99 99 99 99 79 85 75 99 76 99 84 99 99 99 84 99 99 99 99 99 99 99 99 75 99 99 99 99 79 99 99 99 96 99 91 99 99 99 81 93 99 99 99 99 97 90 99 87 97 99 99 99 87 99 99 97 
81 90 99 99 91 99 99 99 99 78 99 99 99 99 99 99 99 99 99 99 44 60 0 62 33 63 37 65 34 53 84 99 99 99 93 94 99 99 99 99 99 99 99 99 99 99 99 79 99 96 99 82 90 99 99 99 99 99 99 99 99 99 99 78 99 99 81 85 75 93 99 99 99 99 99 99 76 79 85 99 99 78 99 99 99 99 99 99 99 76 99 99 99 97 99 99 99 94 93 94 84 
99 99 99 99 99 99 99 99 94 84 91 99 99 99 84 99 91 99 99 99 57 53 49 0 36 35 54 52 65 44 99 93 99 99 99 99 99 99 99 99 99 99 99 99 99 99 99 99 99 99 99 99 85 99 99 99 99 79 99 99 99 99 79 88 99 99 99 99 99 99 85 99 99 78 99 99 99 99 99 99 99 93 99 99 99 99 99 87 99 99 99 99 99 85 99 90 76 99 81 99 99 
99 99 91 99 99 99 99 99 88 99 99 91 96 99 99 99 91 97 99 91 36 56 50 56 0 44 50 45 49 51 99 85 99 96 99 99 90 99 99 99 99 99 79 99 99 99 99 99 99 87 99 99 99 99 99 99 99 99 99 99 99 99 99 99 82 99 84 99 99 99 99 99 75 99 99 99 87 99 99 99 99 99 99 99 99 99 94 99 99 99 99 99 99 99 99 99 99 99 99 87 99 
99 99 99 78 99 99 99 99 78 76 99 99 82 99 99 94 84 99 79 99 54 49 46 34 36 0 56 60 53 41 99 90 99 76 99 99 90 97 99 99 82 99 82 99 97 99 99 99 99 99 90 82 79 99 85 99 85 99 99 99 99 82 97 90 76 99 99 99 97 99 93 99 99 88 85 99 99 99 99 99 99 99 96 99 82 75 99 99 99 99 99 99 99 99 99 99 87 99 99 91 99 
99 90 99 99 99 88 96 99 99 99 93 78 99 99 99 99 99 96 99 99 45 50 60 41 47 47 0 47 66 56 99 99 99 93 99 84 99 99 91 99 99 99 93 85 99 99 76 99 82 99 99 99 91 99 99 87 99 99 99 99 99 85 78 99 99 99 99 99 88 99 97 99 85 99 99 88 99 97 99 88 99 82 99 99 99 75 99 99 99 99 99 99 99 99 99 99 99 99 93 99 99 
85 82 99 99 97 99 99 84 82 99 78 99 99 99 99 99 99 99 84 99 42 49 62 62 56 49 65 0 58 45 84 90 99 99 99 99 99 99 76 99 99 99 99 99 99 87 99 91 99 99 84 99 99 99 99 99 99 99 82 87 99 99 76 99 99 99 99 99 99 78 99 75 75 85 91 99 99 75 99 84 99 99 99 99 76 99 99 88 96 93 91 93 99 96 96 99 91 84 99 99 94 
99 99 99 99 99 96 99 75 81 99 99 99 99 75 99 99 99 99 99 99 63 65 44 49 46 54 53 57 0 40 94 99 78 99 81 99 99 97 81 78 99 87 99 99 99 91 99 99 99 76 87 91 99 99 99 99 96 99 93 99 99 99 99 99 99 78 99 99 91 99 85 99 99 99 88 85 84 91 96 99 99 99 99 99 96 88 99 99 75 99 81 88 99 99 99 99 99 81 81 99 94 
99 99 87 99 99 99 99 99 79 99 99 99 99 99 87 99 99 99 94 99 46 42 64 62 43 54 54 61 60 0 99 99 99 82 99 99 99 96 94 99 99 99 99 99 99 99 99 99 82 99 99 99 99 99 99 99 99 99 99 99 99 99 81 87 99 99 99 76 99 99 94 99 99 99 99 81 99 99 99 96 75 78 99 99 99 99 93 99 97 99 99 99 99 97 99 99 99 87 99 88 99 
99 99 99 99 87 75 87 99 99 97 99 99 99 90 99 79 99 75 99 99 75 99 99 82 99 99 99 99 99 99 0 63 54 49 58 51 48 42 57 46 94 99 99 99 82 78 90 99 99 99 99 99 99 94 99 97 96 82 97 99 99 99 99 75 99 99 99 99 99 99 99 99 99 99 85 79 99 85 96 85 99 99 93 99 99 99 85 99 99 99 99 99 99 99 91 99 99 99 99 84 82 
93 75 99 99 99 96 99 99 82 99 99 99 97 99 90 87 99 99 99 99 99 99 88 99 99 99 85 99 91 99 54 0 54 44 41 60 34 62 34 37 99 99 76 85 79 76 99 99 99 91 99 99 99 99 99 99 99 91 87 99 93 99 96 99 99 99 99 97 99 99 99 99 99 99 99 99 99 99 99 99 99 99 99 99 99 99 99 99 99 99 99 99 94 82 99 99 99 99 78 87 76 
99 99 99 99 75 99 99 99 99 99 94 85 99 99 82 99 99 99 85 94 75 85 99 99 99 99 99 99 99 93 42 65 0 38 48 42 36 46 54 39 99 99 99 99 99 91 99 99 91 99 76 81 99 99 99 99 84 99 99 99 99 79 99 94 99 85 78 99 99 81 99 90 99 75 99 99 99 75 99 78 99 96 84 99 99 84 99 99 99 99 99 99 99 99 99 99 99 82 99 99 99 
99 99 75 94 75 97 99 99 91 99 99 99 99 99 99 75 99 78 76 94 99 99 99 99 99 99 99 99 78 88 49 42 46 0 60 55 42 58 44 44 84 99 99 99 99 99 99 99 84 99 99 99 99 99 99 99 99 99 87 99 99 99 99 99 99 99 91 82 99 76 91 99 99 99 99 93 75 99 99 99 99 99 99 96 99 99 99 99 99 99 99 99 99 97 81 99 99 99 99 87 79 
99 99 99 99 99 96 99 96 79 99 97 82 99 99 99 84 85 99 76 91 99 99 99 94 99 99 99 78 99 99 62 44 55 39 0 39 63 45 64 56 81 99 78 97 99 97 99 82 97 76 79 99 99 97 99 99 99 99 99 99 99 91 99 99 99 84 78 97 99 99 99 81 97 99 84 99 99 75 93 99 99 99 99 99 87 91 99 99 99 99 99 85 79 99 84 99 99 99 96 99 99 
99 99 99 99 99 93 99 99 99 78 99 99 99 99 99 99 99 82 99 99 75 99 78 90 75 96 99 76 75 99 40 38 46 64 42 0 50 40 42 57 99 99 79 75 99 99 94 99 99 84 99 97 99 84 79 99 93 99 99 99 99 94 99 94 99 99 99 97 84 96 99 99 99 99 99 99 99 99 99 85 99 99 99 99 99 99 99 97 79 96 99 90 99 99 99 85 85 88 99 99 87 
99 99 99 99 99 96 99 87 99 99 97 88 87 99 99 94 99 99 99 99 93 99 99 94 88 93 99 99 96 93 47 58 50 66 35 64 0 55 50 54 99 99 99 75 99 99 99 99 99 99 76 99 99 99 82 87 99 99 78 85 99 99 99 99 99 99 81 99 87 99 99 99 99 75 99 99 99 99 85 84 99 99 99 99 99 76 99 94 96 99 99 99 99 99 97 88 90 78 78 99 99 
99 79 91 79 99 78 99 99 99 97 99 99 99 99 99 99 99 99 90 81 99 94 99 99 84 78 78 99 99 99 50 56 41 45 46 41 45 0 39 58 99 99 99 94 99 81 99 99 99 99 99 99 99 99 99 99 99 96 78 99 99 88 99 99 99 99 99 99 99 99 82 99 99 99 99 84 99 97 99 99 99 99 88 99 76 94 99 99 91 87 93 93 99 79 79 99 99 99 99 99 82 
94 99 99 99 99 93 88 96 87 99 91 99 91 99 99 90 99 99 99 99 93 99 99 99 99 81 88 99 91 99 33 44 58 46 55 50 60 63 0 44 85 99 93 99 99 91 99 99 99 99 84 84 81 94 99 99 99 99 99 99 99 97 99 82 99 99 82 99 85 99 99 79 85 79 88 99 84 87 99 99 91 99 99 76 84 99 99 99 99 99 99 99 99 99 99 91 88 99 99 99 93 
99 99 99 96 93 91 99 82 99 99 99 99 87 88 91 99 90 99 99 99 99 88 82 99 99 78 93 90 78 79 52 65 66 62 64 48 58 48 41 0 99 99 99 99 99 99 99 99 99 82 99 99 99 99 81 87 99 99 99 99 99 85 99 96 99 99 97 96 99 99 99 99 99 99 99 85 99 99 79 99 78 88 99 99 99 99 93 79 99 99 88 99 99 99 99 75 99 99 99 99 93 
99 78 91 99 99 99 87 99 90 99 96 76 99 99 99 99 81 99 99 99 99 94 99 78 99 99 99 99 97 99 99 94 99 94 99 99 99 99 99 91 0 48 60 56 58 40 38 40 50 59 99 99 94 90 78 99 99 99 99 99 85 99 99 99 97 99 87 99 99 99 99 99 99 99 97 99 99 99 85 90 93 99 91 99 99 99 99 96 99 99 93 99 99 99 87 97 99 99 93 99 99 
93 99 88 99 99 99 99 99 99 99 99 93 97 99 99 99 93 99 99 75 94 99 88 99 99 99 87 99 99 99 99 78 99 99 99 76 96 96 99 99 61 0 60 50 41 64 36 44 36 40 99 99 99 99 99 78 99 99 99 99 99 99 99 99 99 99 99 99 99 96 99 99 99 99 99 96 97 78 79 88 99 99 91 99 99 99 99 99 91 91 99 99 99 99 99 85 99 99 99 99 79 
99 99 99 81 99 99 75 75 99 99 99 99 76 75 99 99 99 85 82 99 99 99 85 99 99 99 94 78 99 79 99 99 99 99 99 82 99 85 93 93 39 62 0 63 54 47 49 57 58 61 99 99 99 99 99 99 99 99 99 99 99 79 99 99 99 99 99 99 88 88 99 99 99 99 85 99 99 99 75 87 85 94 99 99 76 79 99 99 99 85 76 99 99 99 99 99 99 75 99 99 99 
99 99 94 99 99 99 99 99 76 96 99 99 85 99 88 99 99 99 99 99 90 99 99 99 99 90 87 93 99 96 99 99 99 91 79 99 99 99 99 99 61 50 51 0 64 50 46 61 60 58 87 99 99 99 97 99 99 99 99 99 99 81 76 99 99 88 99 99 99 93 99 82 99 99 99 81 99 99 88 99 99 99 82 76 99 99 99 99 99 99 99 81 99 99 99 99 78 99 99 99 99 
99 88 99 99 99 99 94 97 76 99 99 87 99 85 99 88 91 79 99 99 99 76 91 99 93 85 99 99 99 99 99 99 99 93 99 99 99 99 99 85 46 58 41 52 0 59 39 40 52 63 82 99 99 99 99 99 99 99 99 99 99 97 99 99 96 99 99 99 99 99 99 99 99 99 75 79 75 93 99 99 75 82 93 99 91 99 91 99 99 99 99 87 99 76 99 78 93 99 82 99 75 
81 99 99 99 99 94 99 99 99 84 99 99 99 99 75 97 99 99 88 99 78 99 84 99 88 99 82 99 90 99 99 87 99 99 99 99 99 99 99 99 46 36 54 62 50 0 47 58 52 57 94 99 99 88 99 99 99 99 99 99 99 82 88 88 82 99 99 99 88 99 99 99 99 99 99 99 99 99 78 99 85 99 99 75 99 99 76 82 99 99 99 99 87 93 99 91 96 99 99 81 97 
99 99 99 99 99 99 99 78 99 99 99 93 84 87 99 99 99 99 99 99 99 76 99 99 99 84 99 91 99 99 84 85 99 99 93 91 96 76 99 99 42 56 33 61 40 46 0 50 48 54 99 99 99 99 99 75 99 78 75 79 99 99 81 99 79 99 99 79 99 99 99 99 99 84 97 99 99 99 99 82 79 81 78 99 96 99 99 99 99 79 76 76 99 99 90 99 99 99 99 99 99 
99 99 99 88 93 99 79 99 99 84 99 90 99 94 99 97 99 99 84 93 81 99 99 99 99 99 99 79 99 99 76 99 99 99 99 99 99 90 99 99 62 37 51 62 38 36 53 0 60 34 94 99 99 88 82 99 90 99 99 99 84 99 99 99 99 99 99 99 82 84 78 99 99 99 90 99 99 99 88 99 99 91 99 88 79 99 99 78 97 99 99 84 99 99 91 82 99 76 99 99 99 
99 99 75 99 99 99 99 99 99 93 94 78 87 99 99 99 99 99 94 99 99 99 99 99 90 99 99 99 99 99 99 81 99 91 99 99 99 99 99 76 53 54 44 58 66 33 51 58 0 63 99 85 99 75 99 99 99 99 99 99 99 99 82 81 79 99 99 99 99 99 99 99 99 96 99 84 90 97 91 99 99 99 87 99 99 76 99 99 99 99 99 99 99 99 99 99 99 99 91 99 99 
79 99 88 81 75 99 99 99 91 99 99 99 96 99 78 99 99 99 99 79 99 99 76 99 99 99 99 99 94 99 99 81 84 99 99 99 99 99 99 81 59 44 55 42 58 43 66 58 54 0 99 99 99 99 85 99 99 99 87 99 99 99 84 85 99 99 99 99 99 90 99 97 99 99 99 99 99 99 99 99 99 99 99 93 99 99 99 91 99 99 99 82 85 87 99 93 88 99 99 85 84 
84 94 76 99 99 82 99 99 99 99 97 99 87 99 85 99 75 99 85 99 91 99 99 87 94 99 99 99 99 96 99 99 82 99 81 75 99 99 99 79 85 99 99 88 99 99 99 78 99 84 0 35 53 46 46 40 36 66 40 44 76 85 99 99 99 91 99 76 93 99 99 99 99 78 99 99 99 99 99 99 81 99 90 99 99 99 82 99 85 85 99 99 99 99 99 99 99 75 90 99 76 
82 99 99 99 99 99 99 99 99 99 99 99 99 99 99 99 82 99 99 99 78 99 99 99 99 99 96 99 99 99 99 99 88 99 99 78 81 99 79 99 99 99 99 99 99 99 99 99 99 99 59 0 34 46 42 40 66 57 40 37 99 99 94 99 99 99 76 99 99 99 91 99 99 99 91 97 84 87 99 78 90 79 99 99 99 99 79 96 85 99 81 99 85 99 99 99 99 88 99 99 99 
99 99 99 99 99 99 99 79 99 99 99 99 85 78 99 85 99 97 90 99 99 99 99 99 75 91 99 99 90 99 99 99 99 94 99 99 99 99 99 99 90 99 99 99 99 99 99 99 93 99 65 64 0 50 60 41 45 64 65 38 99 93 99 85 99 99 99 99 99 81 99 99 99 79 76 99 99 81 99 81 79 97 84 99 99 99 99 99 82 99 84 97 99 99 99 99 99 99 78 87 99 
91 99 99 99 99 99 99 90 81 99 99 99 99 99 99 99 93 99 99 99 99 99 75 99 99 99 78 99 93 99 99 87 99 99 99 99 99 99 99 94 99 90 79 99 99 82 99 99 94 91 46 33 58 0 62 60 56 52 53 38 82 99 99 84 88 81 94 88 99 99 99 99 99 99 75 96 99 99 99 91 79 99 85 99 84 99 99 85 99 99 99 85 82 99 99 99 99 99 99 78 99 
99 99 94 99 99 99 97 99 99 99 75 99 99 99 99 99 99 99 99 99 91 99 99 97 99 99 99 99 76 79 99 99 99 88 99 99 99 99 99 99 99 99 99 99 99 99 76 99 99 99 46 38 38 47 0 63 38 49 47 46 99 99 93 99 99 99 99 97 99 96 99 91 99 99 99 99 94 99 78 99 99 99 78 99 88 93 90 99 99 99 99 99 99 99 99 99 99 99 99 99 99 
76 97 99 99 99 93 99 99 79 84 90 99 99 99 99 91 99 99 93 99 82 99 99 97 99 88 97 99 97 79 78 99 85 99 87 93 99 79 99 99 97 97 99 99 99 99 99 96 78 99 66 49 58 50 34 0 40 53 57 38 99 75 96 99 93 99 99 99 99 76 99 99 99 99 99 99 99 76 99 84 99 93 99 93 99 99 76 99 99 99 99 99 99 99 99 99 84 90 99 78 99 
99 99 99 99 99 99 81 99 81 99 99 76 81 87 99 99 99 99 99 99 99 99 99 94 99 99 78 90 76 99 99 99 79 99 99 99 99 99 93 87 99 75 99 99 99 99 85 93 99 99 62 53 38 60 46 65 0 54 37 54 99 99 99 99 99 85 97 99 99 90 99 91 90 99 99 88 99 90 99 90 99 99 90 99 99 78 99 99 99 99 99 99 99 91 99 82 99 99 99 99 87 
99 99 76 99 99 79 99 91 99 91 75 99 99 88 99 99 99 99 91 99 99 99 99 99 85 99 79 90 85 99 99 99 99 97 99 99 99 99 94 99 99 99 99 90 99 99 99 99 99 88 36 46 58 40 63 34 37 0 33 61 99 94 75 99 99 99 99 81 99 85 81 93 85 90 99 76 99 99 99 99 99 82 97 99 99 99 88 99 90 99 97 99 99 99 99 99 75 99 99 99 99 
99 99 99 99 99 99 99 79 99 93 75 99 99 99 78 99 99 87 78 99 99 79 99 99 94 99 99 99 88 85 99 75 78 99 99 99 99 99 99 99 99 88 99 99 99 99 99 99 90 84 41 41 53 63 60 35 64 40 0 60 99 99 90 82 90 99 99 99 99 99 99 99 99 99 99 88 99 85 99 99 93 91 81 99 75 99 99 99 99 99 99 99 87 99 78 99 99 99 94 99 99 
99 99 99 99 76 99 91 99 99 99 99 99 99 99 99 99 99 99 99 99 99 96 87 99 99 99 99 99 93 99 76 99 99 76 99 78 99 99 99 76 99 85 99 99 99 99 84 87 99 99 40 55 42 42 62 52 55 33 38 0 81 76 99 75 99 88 85 99 99 99 99 78 99 99 97 99 97 99 88 75 99 99 99 99 99 85 96 82 82 99 99 99 99 82 99 84 99 99 85 99 90 
87 99 99 85 99 99 99 94 99 93 99 99 97 99 96 99 99 85 99 96 99 99 99 99 99 99 82 99 99 76 99 94 99 99 99 99 99 93 99 81 99 99 99 79 99 99 99 99 82 99 99 96 99 99 75 99 99 99 97 99 0 39 48 34 37 47 42 40 46 44 81 99 99 99 99 99 99 99 82 94 99 99 99 99 99 99 99 99 99 94 99 99 99 99 87 99 99 99 99 99 99 
99 99 99 85 94 91 99 99 99 99 81 84 99 99 99 88 99 99 99 99 75 99 99 75 99 99 99 99 99 78 99 99 82 75 99 99 99 99 97 99 85 99 94 79 99 99 99 96 99 99 99 99 91 99 82 99 99 76 99 99 62 0 46 36 66 58 34 39 38 42 99 79 99 99 99 99 99 88 99 99 91 99 93 99 99 99 85 99 99 99 99 99 99 99 99 99 94 99 99 78 84 
99 99 99 99 99 99 87 99 81 99 99 87 99 99 99 93 99 99 99 96 75 88 99 99 99 90 99 99 99 99 99 99 99 99 99 76 78 99 99 82 99 82 99 99 99 99 99 99 99 99 99 99 99 99 99 99 99 99 99 99 59 44 0 48 40 33 45 34 54 36 99 99 87 99 99 99 94 99 90 93 99 99 99 99 99 99 99 78 99 99 99 99 90 99 99 76 99 99 99 76 99 
99 99 99 97 99 99 94 99 99 94 99 75 84 99 99 99 82 99 99 99 99 99 99 99 94 99 99 88 99 87 99 99 84 84 79 99 99 99 79 99 99 99 99 99 78 99 99 75 99 99 99 99 99 99 79 99 90 94 99 99 66 36 42 0 38 36 62 42 50 38 99 99 99 93 81 99 99 99 99 93 99 99 99 93 99 99 99 85 99 81 99 99 97 99 97 99 99 99 99 93 88 
99 99 87 96 87 99 99 99 76 99 99 99 99 99 75 99 99 99 99 78 99 99 99 99 99 99 99 88 99 85 99 99 99 76 79 97 76 87 94 99 99 99 99 99 78 99 99 99 99 90 99 81 90 94 99 79 99 99 99 99 60 61 36 46 0 46 36 40 64 64 90 99 99 99 99 82 99 78 88 79 99 99 99 99 99 99 84 90 99 99 99 99 99 88 99 99 99 99 99 99 78 
99 99 99 99 99 99 99 88 99 99 94 99 99 99 99 99 99 99 99 81 99 99 99 93 99 79 91 99 99 88 99 99 79 99 99 96 99 99 99 91 90 96 99 85 78 99 88 99 99 99 99 99 99 99 99 81 99 99 99 99 60 61 58 50 44 0 63 33 46 40 99 75 99 99 75 99 99 99 99 79 99 99 97 93 99 99 99 78 99 78 99 99 99 88 76 99 99 85 99 99 75 
99 99 99 91 96 99 76 99 99 99 81 99 99 99 99 99 99 99 96 99 93 99 99 99 99 99 99 99 99 96 99 99 99 99 82 99 99 99 87 99 99 99 93 99 99 99 99 99 99 99 99 99 99 99 99 85 99 99 79 79 55 62 54 53 36 53 0 56 62 61 99 93 99 84 99 99 99 94 99 99 85 99 99 99 99 79 99 99 99 99 81 99 84 99 82 99 99 99 99 99 87 
75 88 99 75 81 99 99 81 99 85 99 99 99 99 99 99 82 85 99 99 76 87 99 93 94 99 99 99 97 99 99 99 99 99 99 91 99 99 99 99 87 99 99 88 99 99 99 99 99 75 99 99 99 78 99 99 93 99 99 99 46 50 53 60 46 34 44 0 35 54 99 99 97 99 99 99 99 91 79 99 79 91 81 87 90 99 97 99 99 99 99 99 99 82 99 93 85 99 99 99 99 
85 99 99 81 96 99 99 99 99 99 84 99 75 99 99 99 82 99 99 84 99 99 99 97 99 99 88 99 96 76 75 87 99 99 99 99 99 99 91 75 99 99 99 99 99 84 99 99 99 94 99 99 99 99 99 99 99 99 99 99 36 47 65 64 37 60 44 64 0 44 99 99 87 82 85 81 99 79 99 96 79 88 81 99 99 96 99 99 91 99 97 99 99 99 99 99 99 99 99 84 99 
99 99 99 99 99 99 99 99 99 99 99 99 99 99 99 99 99 99 85 99 84 99 82 97 99 99 91 99 99 99 99 91 99 99 99 99 99 76 99 99 99 99 96 81 99 91 99 99 76 78 99 99 84 87 99 99 99 99 99 99 52 46 38 44 64 51 55 50 44 0 99 99 99 99 99 99 99 99 99 99 99 99 99 87 99 99 99 76 99 99 99 99 99 99 99 81 81 99 94 97 99 
99 99 99 78 99 99 99 99 99 79 94 99 99 85 88 99 99 91 84 99 94 79 99 99 84 96 99 76 96 99 99 84 79 99 99 85 99 99 99 99 99 99 99 99 99 99 99 99 99 84 99 99 99 99 99 94 99 99 88 99 99 99 99 99 76 99 99 99 99 91 0 52 52 46 50 60 64 66 49 46 99 99 82 99 87 82 99 99 99 99 99 99 99 97 99 79 99 99 99 91 99 
99 99 99 99 87 90 99 75 85 87 99 99 99 99 99 99 99 99 99 99 99 99 99 99 99 99 76 99 99 90 85 99 99 91 78 99 99 99 99 99 99 93 99 88 99 99 99 99 87 93 99 99 79 99 99 99 99 99 99 99 76 99 99 99 99 99 76 99 99 93 58 0 62 39 56 54 36 40 45 40 99 91 99 90 99 99 78 84 87 90 87 76 99 99 99 99 99 99 99 99 99 
88 97 99 99 99 97 99 99 99 99 99 99 99 99 99 94 90 99 91 99 99 79 99 99 99 99 87 99 85 99 99 81 76 99 99 84 99 99 99 99 99 99 78 99 81 99 85 99 79 99 99 99 99 99 99 99 99 97 99 99 87 99 99 82 99 91 99 87 91 91 50 33 0 36 55 56 50 54 54 40 91 99 99 87 99 99 94 99 87 99 99 99 99 99 99 97 99 99 99 99 99 
99 99 99 96 99 99 82 99 99 82 99 99 88 99 81 99 99 94 99 82 99 75 99 99 99 99 99 79 99 99 99 99 99 99 99 99 99 99 75 93 99 99 81 91 99 96 99 91 81 93 78 99 99 99 99 99 99 99 99 99 99 99 99 99 94 88 99 99 84 99 33 60 52 0 40 38 42 40 38 65 99 99 99 99 99 88 99 76 99 78 99 81 99 82 99 99 99 99 79 99 99 
82 94 99 99 75 99 78 99 88 90 99 99 99 91 99 76 99 99 99 99 81 99 78 99 99 75 90 99 93 75 99 99 99 99 99 87 99 79 82 99 99 99 87 81 99 85 99 81 99 88 99 99 99 99 99 94 78 99 96 82 94 93 99 75 99 99 99 99 99 99 62 37 42 64 0 44 36 62 60 35 99 99 99 79 99 76 99 99 99 91 84 99 99 97 99 99 99 99 99 99 85 
76 85 76 99 99 99 99 99 75 99 99 90 79 99 99 99 97 76 93 99 99 99 99 93 76 99 99 99 78 82 99 81 99 90 99 99 99 99 99 99 99 99 99 99 82 99 99 99 99 99 99 99 84 76 99 99 85 99 99 99 81 81 99 94 99 99 87 99 99 99 60 39 54 55 34 0 64 56 58 45 99 76 99 99 99 99 99 99 99 99 82 99 85 81 99 82 99 94 99 75 99 
99 99 99 99 99 99 99 99 99 99 94 99 99 79 99 99 99 87 99 99 99 94 99 99 79 93 99 99 88 99 76 97 99 85 96 79 99 99 75 99 99 99 99 99 99 99 99 96 99 94 99 84 99 99 99 99 99 99 81 99 99 90 99 99 99 96 82 78 79 90 58 44 37 44 56 38 0 47 48 57 82 99 99 99 99 99 99 75 76 99 99 99 78 99 76 99 99 99 99 94 99 
99 99 99 91 99 96 99 90 99 99 99 82 99 99 99 76 99 99 76 84 81 75 99 99 99 99 99 99 99 99 94 87 99 99 99 91 99 96 99 85 99 99 99 99 99 99 90 99 75 99 99 99 99 99 99 99 79 99 99 75 94 99 99 99 99 99 99 99 82 97 46 39 42 63 34 33 64 0 60 54 99 84 93 93 81 99 90 99 99 99 99 99 99 99 99 99 99 99 99 99 85 
96 99 99 99 99 99 99 99 99 90 99 99 99 99 87 96 99 99 84 75 99 99 81 99 99 99 99 99 99 93 99 99 99 99 99 99 99 97 93 99 79 99 93 75 93 99 99 99 99 99 97 99 99 99 99 93 99 81 99 99 99 99 88 99 99 99 93 99 99 93 36 56 44 49 44 52 60 66 0 59 99 99 99 88 99 99 99 78 99 99 99 99 99 99 84 99 78 82 99 99 99 
78 99 94 82 99 97 91 94 91 99 99 99 96 99 99 78 99 82 79 94 99 99 99 99 99 76 99 78 75 78 99 90 97 99 99 93 99 82 88 99 99 99 99 76 99 99 99 99 79 99 99 99 99 99 84 99 90 99 99 85 78 99 99 99 75 82 94 81 99 91 56 55 52 61 64 41 61 60 63 0 99 99 99 99 99 99 99 84 99 76 99 94 84 99 84 99 99 85 99 99 81 
99 85 75 99 99 99 99 99 84 99 99 99 99 91 99 90 79 75 99 99 99 99 99 99 99 99 99 99 99 99 99 99 99 99 82 99 99 99 87 99 99 99 87 85 99 93 99 99 99 99 99 84 82 99 99 99 97 99 99 99 84 99 99 99 84 99 96 99 99 99 88 79 99 93 99 96 99 99 99 99 0 42 48 44 46 38 34 64 52 36 75 99 85 85 99 99 99 94 99 91 99 
99 99 99 99 93 99 99 99 94 99 99 82 90 99 99 91 78 85 99 82 99 99 99 99 99 99 99 82 94 84 93 99 96 78 99 99 99 99 81 99 99 99 99 93 99 99 99 99 99 99 99 99 99 99 85 99 99 99 99 99 99 99 99 99 93 94 87 99 99 99 99 97 79 91 99 99 99 91 96 76 53 0 49 61 36 58 45 53 40 40 99 99 94 99 99 99 88 99 99 97 99 
99 99 84 99 99 99 75 90 99 99 99 93 99 99 99 99 99 99 99 99 85 99 99 99 99 99 99 99 99 85 99 99 99 99 99 87 99 99 87 94 99 99 99 99 99 91 99 99 99 94 99 99 94 99 91 99 99 99 99 99 99 99 79 99 99 99 76 99 99 99 99 99 99 99 99 99 99 99 99 99 49 61 0 42 58 34 59 66 43 63 99 99 99 84 99 99 99 99 99 99 81 
99 99 99 99 99 99 99 99 99 97 99 99 99 99 93 79 99 88 99 78 88 99 97 81 76 99 93 99 81 85 99 99 99 76 99 99 88 99 99 87 99 99 87 93 99 91 99 99 99 99 99 99 99 99 88 99 99 78 97 99 88 99 99 99 78 99 91 99 97 79 99 99 75 99 78 99 99 97 99 87 45 47 37 0 34 61 38 38 35 36 85 81 99 99 99 99 84 99 96 99 79 
99 99 99 99 99 91 99 90 99 82 88 99 87 94 99 79 99 79 99 88 99 99 84 99 99 99 99 99 88 99 93 99 84 84 99 99 99 88 79 99 99 99 99 94 90 99 99 82 82 76 99 99 82 99 85 90 99 99 87 99 99 84 96 99 79 82 99 99 99 99 93 99 99 96 99 91 99 99 99 99 52 66 36 59 0 47 45 57 65 46 85 99 99 99 78 99 99 91 99 99 99 
99 99 99 99 99 99 99 90 75 99 99 99 99 87 99 99 99 99 93 99 99 99 99 99 99 99 82 87 79 84 99 99 85 99 75 99 91 91 96 99 99 91 99 99 99 99 99 99 90 75 99 99 99 99 99 99 99 99 99 79 99 99 96 91 75 99 84 75 99 99 76 99 99 99 99 99 99 99 99 99 38 54 50 43 60 0 58 52 46 39 75 99 99 99 96 99 99 99 99 99 91 
99 99 99 75 99 99 96 99 99 99 99 99 99 75 99 99 87 99 93 85 99 82 99 99 99 99 97 99 99 99 99 78 99 84 99 99 76 81 99 99 90 97 99 99 99 99 76 78 99 99 99 87 99 99 99 99 99 99 99 99 99 99 85 99 99 99 90 99 99 99 84 99 99 99 75 99 99 99 99 82 48 36 33 54 56 66 0 43 64 52 85 99 76 99 93 99 99 99 99 99 99 
82 88 84 76 99 99 82 99 99 81 99 99 91 93 99 99 96 99 90 81 90 81 99 99 87 91 99 79 99 99 78 79 87 99 99 90 99 99 99 99 82 99 99 99 99 99 94 79 99 99 99 88 79 99 99 79 90 99 97 87 99 75 99 99 99 99 94 90 99 76 99 99 99 99 99 99 99 99 99 99 54 36 50 40 36 33 45 0 54 46 82 99 90 99 99 96 99 90 76 76 99 
79 76 99 99 99 99 84 99 99 99 99 99 99 99 99 78 90 99 94 99 87 99 99 81 99 79 99 91 82 81 99 99 99 88 99 99 99 99 99 99 99 96 99 94 97 99 99 99 99 75 99 96 99 93 96 84 99 99 99 90 99 99 99 85 99 99 81 99 84 99 99 99 93 99 99 78 84 99 99 94 38 53 48 56 60 40 61 49 0 64 99 99 99 99 87 99 99 99 97 99 99 
99 99 75 99 79 99 99 99 91 90 84 99 99 96 99 84 99 99 99 99 99 78 99 99 99 99 76 99 99 99 90 99 99 99 93 78 99 93 99 99 99 99 99 99 78 99 99 76 82 99 99 99 99 84 99 99 99 99 99 85 99 99 97 78 99 99 99 99 99 99 99 87 76 99 99 94 99 99 87 99 38 61 36 66 50 36 58 53 36 0 82 99 99 99 99 99 99 78 96 99 99 
85 99 78 99 99 85 99 99 94 87 99 99 99 88 94 78 99 99 99 99 99 87 96 99 99 99 75 99 90 99 90 84 99 85 99 99 99 87 99 99 93 99 99 79 93 99 99 94 96 90 99 81 99 82 99 99 99 99 99 99 99 99 99 99 97 97 99 99 75 93 99 99 99 78 84 85 84 76 99 99 99 99 99 99 99 99 99 99 99 99 0 39 43 37 57 59 58 46 54 54 90 
99 88 99 99 99 99 99 99 99 97 99 99 99 79 99 99 99 99 90 76 99 99 99 99 82 99 99 99 99 91 94 99 78 99 79 99 93 99 99 99 99 99 81 94 99 99 99 94 93 99 99 99 99 99 99 99 99 99 99 79 99 99 97 99 99 99 99 99 78 81 99 78 99 99 75 99 99 99 75 99 99 99 99 99 81 99 88 84 79 78 37 0 58 52 56 46 58 39 58 44 88 
99 99 99 85 99 99 99 99 91 99 81 99 99 99 99 99 75 99 97 99 85 90 99 99 99 99 99 94 99 75 93 99 99 99 99 99 99 99 99 99 99 99 99 99 99 96 99 99 99 91 99 99 88 99 99 91 99 99 96 93 90 99 99 99 99 79 75 99 99 99 99 99 99 93 99 99 99 99 99 99 99 99 99 82 99 94 76 99 99 99 62 49 0 59 33 40 54 52 48 38 85 
99 78 99 76 99 99 99 99 99 88 99 99 99 99 97 99 99 99 88 99 99 81 88 87 99 85 76 99 99 99 87 85 99 75 84 99 91 99 99 81 81 81 99 99 88 99 82 99 99 99 99 85 99 99 99 99 99 99 99 94 99 99 99 81 97 99 99 78 97 99 99 99 99 99 76 96 99 99 99 93 99 96 75 99 82 99 87 99 91 99 50 48 36 0 46 44 50 55 59 64 99 
99 99 99 91 99 99 99 96 99 99 81 99 87 99 99 99 99 99 88 99 99 99 99 99 88 99 99 75 81 84 99 99 79 99 99 75 91 99 99 99 99 99 99 90 99 99 99 99 99 99 99 99 99 94 99 99 99 99 99 99 91 99 99 94 99 99 99 88 99 99 99 81 99 99 99 78 99 99 97 99 99 99 99 99 99 99 99 99 82 99 61 56 35 60 0 36 44 44 42 44 99 
97 79 99 81 96 99 99 99 99 99 94 99 99 99 99 99 99 99 99 99 85 90 99 97 99 99 75 99 99 99 99 82 84 99 87 99 99 79 99 99 96 99 99 99 87 99 99 99 99 99 99 99 99 99 99 99 99 99 99 99 81 94 94 78 99 94 85 76 99 99 82 99 99 99 99 78 99 90 99 99 99 99 99 99 79 81 79 99 87 99 43 34 37 35 34 0 50 34 57 61 79 
99 99 96 99 99 99 78 99 99 82 94 81 99 99 82 96 99 99 99 99 99 99 99 99 85 75 99 99 91 99 99 99 99 99 85 99 99 99 99 99 99 90 81 99 99 99 99 81 99 93 99 88 99 99 78 99 88 99 99 99 85 99 99 99 99 88 99 99 99 99 81 99 99 99 99 88 84 99 99 79 99 99 88 99 99 99 99 99 79 99 60 46 64 52 49 45 0 62 33 47 99 
84 78 99 99 99 99 99 87 99 93 99 99 81 99 99 99 99 99 99 99 99 99 99 99 78 99 93 99 99 99 99 99 99 99 78 99 99 99 99 99 99 97 88 99 99 99 99 91 99 96 99 93 99 99 99 99 99 99 99 99 99 91 99 99 99 99 91 99 88 99 96 79 99 75 75 99 75 82 96 99 99 99 99 94 99 99 87 99 99 99 52 46 38 39 38 52 66 0 39 34 85 
90 99 99 78 82 99 99 99 99 99 96 99 99 99 99 99 99 88 99 99 94 99 99 99 99 99 99 84 99 97 99 99 75 81 99 99 87 99 99 99 99 99 99 99 78 87 99 99 99 99 99 99 94 99 99 99 99 99 99 99 81 78 97 99 90 91 93 99 99 99 99 99 99 99 99 99 99 99 99 99 88 99 96 99 99 99 99 99 99 99 41 34 42 65 52 52 45 42 0 49 99 
99 99 99 99 99 99 99 99 99 93 99 99 99 99 81 99 99 99 99 99 99 99 99 99 99 99 75 99 76 99 99 99 76 99 99 99 93 93 99 99 79 99 99 99 87 99 94 99 99 81 99 99 99 99 99 78 99 99 99 97 99 99 99 99 99 99 99 99 99 99 99 99 99 99 99 99 99 99 99 99 96 96 99 99 99 96 99 99 99 75 55 60 34 57 54 44 37 38 34 0 99 
99 99 97 99 99 99 93 99 81 99 99 99 99 81 79 88 99 99 99 99 99 99 99 84 99 99 79 99 99 99 99 99 99 99 99 75 82 94 99 88 82 99 93 99 99 76 99 85 99 99 99 81 99 99 79 99 93 99 99 99 91 99 99 99 99 99 99 99 99 99 90 94 94 99 99 99 78 99 76 99 99 99 99 99 99 99 79 76 99 99 99 88 79 99 85 82 99 99 99 99 0 
