n: 100
m: 10
Pi:U[1-99] 25 39 33 51 25 47 32 74 21 68 39 60 59 77 36 11 85 2 68 60 69 45 40 79 56 8 12 30 62 29 22 57 53 2 40 6 10 86 58 52 8 15 94 48 24 93 94 22 34 72 13 44 41 99 23 12 12 27 21 39 61 55 19 60 53 92 9 71 29 62 47 70 90 99 57 68 17 62 15 14 18 44 90 15 45 11 11 98 14 32 66 37 47 4 84 36 63 59 44 65 
Si:U[1-99]
0 65 11 4 44 2 36 32 58 54 99 66 73 67 1 24 28 99 15 99 99 46 24 45 51 40 76 99 57 27 99 99 49 52 85 72 9 99 48 18 69 22 10 99 99 18 72 99 66 99 42 54 24 99 25 99 99 99 30 73 99 27 21 70 99 90 85 10 99 18 99 99 99 51 6 22 88 99 40 78 58 13 99 27 63 73 15 16 42 87 99 79 72 99 6 99 42 73 46 85 99 
44 0 50 27 60 57 15 59 16 8 99 78 46 45 49 99 99 99 91 31 99 39 99 97 99 99 42 99 99 99 30 99 40 99 16 24 82 22 51 87 52 99 3 99 99 99 33 91 51 99 63 72 99 63 99 19 99 99 37 48 99 19 63 79 51 73 52 99 52 99 34 73 99 10 69 99 13 85 99 34 99 27 91 99 99 99 99 99 99 22 99 99 52 99 36 22 55 99 99 78 37 
20 8 0 54 16 38 2 2 14 10 97 96 84 99 99 79 85 99 75 99 99 99 16 19 99 6 43 70 99 49 10 33 69 22 99 12 99 60 54 37 99 31 99 82 46 46 91 99 82 7 33 61 66 37 97 87 55 99 7 36 97 99 99 99 33 72 81 34 57 3 63 51 99 66 99 99 46 99 57 99 33 73 99 36 28 63 46 54 99 19 97 46 99 97 99 85 99 15 99 25 37 
0 54 41 0 38 26 50 7 22 20 22 88 79 99 54 99 58 99 99 9 81 45 13 88 96 94 99 99 42 78 24 52 99 99 99 99 99 99 1 93 99 36 99 37 85 79 25 99 99 18 64 19 99 84 36 99 15 82 99 99 99 31 81 99 57 87 64 10 75 60 37 60 99 67 81 99 99 57 99 18 3 99 37 81 33 99 99 99 99 81 99 99 75 1 24 84 75 10 27 13 39 
66 36 62 8 0 60 30 17 36 14 52 21 99 97 99 99 6 99 99 99 31 73 33 85 3 99 76 42 33 87 99 94 81 99 99 64 99 99 64 99 30 58 67 85 13 34 22 28 63 16 12 30 75 49 27 15 93 18 99 99 99 99 99 99 99 99 99 34 99 25 69 25 3 40 33 76 99 43 66 9 33 99 84 72 88 99 33 36 37 79 16 99 22 6 34 57 99 85 99 99 36 
57 11 58 52 24 0 6 20 10 16 84 87 99 64 28 39 18 93 99 9 34 99 36 66 99 69 69 9 76 61 51 9 99 78 99 99 49 40 54 69 88 52 99 99 31 69 99 99 99 96 99 99 10 16 16 48 99 10 43 6 99 63 99 99 1 99 39 99 99 48 79 99 99 24 99 99 73 78 99 99 99 99 9 21 78 75 39 1 99 99 4 66 85 99 10 99 16 85 87 12 78 
4 59 58 13 25 42 0 31 5 62 25 64 40 27 10 39 99 30 36 99 84 16 99 99 99 1 85 99 99 24 33 76 64 18 51 99 99 99 99 99 63 18 99 99 88 46 22 7 75 99 97 94 55 99 99 43 21 12 99 13 99 99 6 82 37 64 99 64 99 99 63 99 87 27 99 81 99 25 13 21 55 60 99 99 52 91 99 99 99 45 21 34 85 99 99 52 99 36 6 22 99 
52 20 56 5 20 29 22 0 51 42 40 88 99 97 91 99 66 54 6 99 99 99 54 99 46 99 99 15 60 99 10 85 36 66 58 99 10 79 51 99 82 4 7 66 99 99 99 24 22 81 4 99 31 99 51 58 64 63 34 99 79 21 94 15 43 99 1 3 99 99 72 99 28 13 28 67 87 57 81 24 99 27 99 87 79 25 82 45 79 99 55 99 61 72 10 99 69 3 24 24 85 
45 28 46 19 12 42 48 34 0 38 45 99 58 67 39 78 7 97 1 69 40 99 33 39 3 99 69 9 99 99 24 19 55 99 27 99 39 63 70 99 70 94 76 78 12 99 82 99 99 30 58 99 66 91 99 99 75 99 61 97 99 31 96 46 85 48 85 55 28 99 99 51 63 48 76 1 99 76 18 48 3 99 91 97 58 99 64 37 81 64 61 67 76 12 75 90 60 99 61 99 3 
2 47 32 33 48 53 12 33 13 0 66 72 46 34 99 99 91 42 49 79 99 43 99 52 99 96 96 99 55 99 69 99 40 97 15 93 40 99 99 99 99 64 73 99 78 24 21 7 63 99 99 99 57 76 3 99 81 61 73 6 99 40 22 99 46 76 99 73 37 99 27 99 99 99 69 99 45 93 99 52 99 18 79 99 36 99 99 99 3 99 99 99 85 9 46 99 45 99 42 88 66 
37 45 25 72 39 21 85 99 99 85 0 60 32 4 32 54 28 44 48 2 99 48 99 99 99 21 99 99 6 99 76 39 85 75 9 99 93 99 22 51 99 97 99 10 13 22 63 67 99 25 15 99 31 22 28 97 49 21 63 31 99 4 99 51 99 79 99 40 16 90 37 99 96 1 37 99 40 99 28 82 99 99 73 93 79 24 99 99 73 19 99 99 9 40 82 99 99 99 9 97 99 
81 55 42 33 58 40 3 76 99 81 60 0 44 60 65 14 6 35 19 24 3 61 75 1 91 99 75 64 55 30 99 25 75 64 99 96 69 99 25 99 99 99 78 82 4 72 99 99 99 99 79 99 99 84 31 22 3 99 60 49 18 99 79 85 10 99 88 64 85 36 39 94 18 57 75 97 67 99 66 99 61 99 37 37 93 72 99 93 99 99 73 81 81 63 99 22 99 55 99 94 18 
3 99 72 58 99 57 99 79 97 99 50 15 0 60 30 26 12 25 26 8 43 99 99 87 99 42 43 7 57 91 81 99 99 93 99 99 27 99 28 99 99 99 34 99 99 54 81 69 64 85 64 99 34 99 63 73 67 49 39 99 58 99 85 18 7 94 57 31 36 90 46 19 99 42 19 79 91 99 90 64 84 81 25 99 42 99 72 19 99 4 99 12 13 7 99 99 33 73 61 99 76 
76 72 7 99 81 33 27 13 21 73 15 11 53 0 51 64 40 44 4 4 79 75 99 30 99 58 99 99 40 49 91 99 1 7 99 99 58 99 99 28 1 43 72 42 73 21 99 52 52 46 1 99 99 30 57 57 22 99 75 25 27 99 82 99 16 9 7 36 73 45 99 40 39 99 99 94 3 36 99 79 43 15 84 19 55 43 6 58 99 30 81 7 66 3 16 15 57 18 99 63 99 
36 87 31 36 99 10 27 33 99 18 36 6 29 1 0 2 8 12 16 45 99 40 9 94 99 99 94 60 99 31 79 99 9 39 66 78 54 99 90 99 79 18 85 58 27 27 99 46 99 99 99 99 42 25 99 99 33 99 94 64 58 99 96 31 99 13 99 39 76 99 49 99 99 10 99 99 99 46 97 67 31 60 91 58 99 12 63 73 99 99 99 75 34 99 99 99 64 78 45 54 79 
99 99 99 54 7 18 99 33 36 82 18 54 50 18 11 0 34 6 45 2 46 99 99 99 99 99 78 3 99 99 39 6 97 42 7 99 99 55 96 99 33 63 12 99 54 7 78 94 99 58 72 99 45 60 4 73 70 28 99 18 85 99 72 99 99 99 63 99 43 99 96 99 15 99 99 69 39 96 99 81 99 99 28 99 99 99 81 21 99 99 99 99 99 99 6 99 99 99 15 46 99 
60 99 99 61 82 42 7 99 99 84 40 26 48 28 12 38 0 29 63 27 39 57 99 99 15 60 36 18 88 49 54 73 99 55 69 99 99 63 99 99 99 99 1 99 99 25 69 70 94 63 99 37 99 27 99 99 58 99 69 99 99 90 25 91 33 99 34 30 99 99 24 48 45 79 18 99 99 30 43 99 99 88 72 12 1 96 21 42 99 99 18 33 78 58 55 99 82 99 99 4 49 
96 49 63 99 9 82 63 10 30 99 52 28 66 62 3 52 66 0 26 19 72 99 66 45 72 9 12 27 79 82 19 61 57 82 22 79 87 99 67 55 99 99 99 25 1 24 19 82 99 99 99 99 27 87 99 31 73 76 99 48 97 99 51 93 40 4 82 99 69 57 99 18 79 4 99 93 99 99 91 99 6 99 55 48 99 99 51 94 99 4 10 45 99 88 1 99 24 99 99 70 79 
49 43 99 99 99 64 60 25 79 99 31 24 18 10 44 21 60 58 0 66 93 88 99 81 55 10 99 31 99 82 55 45 25 7 78 18 99 63 39 99 60 54 99 67 10 55 90 15 75 99 99 6 78 99 37 19 99 61 99 99 85 49 99 39 99 99 46 99 91 67 99 99 99 99 33 75 99 88 15 99 51 99 63 99 9 43 34 9 27 99 16 34 90 99 99 99 42 3 99 6 99 
99 16 67 9 96 58 97 99 94 73 61 1 58 42 41 62 34 15 44 0 16 6 99 28 15 93 46 24 1 15 79 99 99 99 13 81 99 45 36 27 99 99 16 76 37 99 99 63 49 99 46 33 3 99 55 99 85 99 6 4 57 15 66 13 66 46 99 99 22 99 70 1 13 60 34 34 30 99 13 99 66 81 88 46 99 99 99 99 99 30 34 99 87 93 39 81 99 30 24 84 99 
45 99 99 99 45 99 13 58 90 99 99 99 61 75 58 81 99 97 40 99 0 16 62 32 32 60 6 26 20 19 36 99 55 24 3 73 99 94 27 55 39 99 18 72 13 99 76 99 99 99 39 46 31 3 1 66 99 57 30 99 1 99 6 43 99 94 13 99 88 7 99 99 99 99 99 9 99 76 99 99 99 31 99 34 91 4 81 93 16 99 58 64 3 99 99 99 99 34 10 31 81 
60 99 99 87 31 6 99 15 37 27 99 34 34 90 84 63 85 4 7 63 25 0 37 22 48 4 22 51 11 25 70 55 96 99 99 99 54 51 37 99 61 30 48 99 99 1 99 36 99 76 9 61 99 90 42 94 90 99 51 46 91 81 99 58 99 45 42 10 94 1 25 64 99 33 63 99 51 16 63 33 34 96 34 31 99 99 69 37 13 99 16 99 99 82 45 96 85 99 78 93 21 
99 15 39 99 99 76 42 10 33 84 76 57 99 64 58 6 99 99 99 61 13 25 0 15 18 52 16 26 42 4 99 99 1 82 30 28 19 24 99 99 15 12 99 61 61 99 99 78 70 99 99 88 99 99 93 58 99 99 99 49 99 18 99 99 99 99 6 85 99 33 46 99 99 99 94 31 99 99 99 39 24 99 1 61 99 99 3 21 99 75 69 79 52 82 78 18 99 99 99 45 99 
10 22 4 79 4 88 99 16 51 61 99 67 39 87 22 99 12 99 79 27 33 42 60 0 59 47 58 60 43 14 99 78 73 13 99 61 99 99 37 24 33 82 99 99 93 34 10 58 69 99 99 13 33 79 12 99 67 99 1 84 31 99 37 70 9 1 94 36 87 9 43 99 93 30 99 99 99 76 99 76 99 99 52 72 99 7 51 13 99 99 75 4 7 70 99 99 78 99 99 45 69 
99 57 64 99 55 99 90 99 34 4 4 99 51 99 16 7 4 99 99 25 26 14 47 26 0 32 58 2 50 22 91 99 25 99 99 99 63 79 9 99 99 88 99 88 30 99 58 25 90 78 79 99 78 99 42 99 99 30 4 63 99 94 99 91 4 69 81 99 55 15 70 99 88 15 39 99 99 61 64 13 99 70 99 69 6 99 99 99 99 79 40 99 84 99 45 16 60 99 99 99 99 
75 91 4 79 99 16 31 10 99 99 67 99 99 91 87 79 91 99 99 48 2 65 44 36 51 0 35 6 25 33 99 64 99 78 99 39 99 97 99 70 99 16 9 99 42 99 99 88 46 87 46 88 97 99 34 46 99 16 99 94 21 1 42 84 54 37 99 33 99 82 48 4 3 39 99 99 99 99 99 99 13 84 85 52 67 12 51 99 99 69 27 99 99 99 34 66 42 43 87 99 99 
6 9 99 97 99 60 16 54 99 99 58 99 90 33 25 93 82 73 7 55 13 42 53 65 46 3 0 12 55 54 94 99 46 99 31 99 49 28 7 19 99 99 99 45 7 99 67 99 46 87 99 99 33 99 42 99 99 99 99 7 69 57 99 13 99 84 99 99 99 55 31 99 94 73 45 84 99 99 16 9 72 99 70 28 51 99 99 88 57 99 52 70 18 99 58 36 99 99 15 6 99 
13 51 43 25 54 51 66 73 99 99 99 58 99 49 99 94 99 99 99 99 16 54 60 22 64 43 10 0 36 1 99 99 96 57 3 99 99 72 99 12 54 99 40 84 34 36 76 82 13 72 99 58 69 99 78 75 99 99 76 46 9 78 6 99 99 99 58 1 88 99 87 6 90 52 99 88 81 78 99 99 99 67 99 1 99 99 99 3 94 57 12 81 99 88 99 73 99 12 99 94 76 
99 99 96 99 34 99 1 34 43 43 97 99 99 99 93 51 81 37 99 99 4 14 5 22 16 41 43 47 0 53 99 16 99 99 99 99 99 57 99 91 99 43 55 60 16 99 13 75 3 13 99 99 99 99 51 99 33 27 46 99 4 19 99 85 99 10 30 99 10 99 45 19 9 84 99 87 75 18 99 81 15 81 42 27 82 99 96 18 99 99 99 7 27 99 99 99 99 72 99 43 99 
4 99 99 99 99 42 99 82 99 84 84 90 27 70 99 37 99 85 99 88 34 59 14 64 12 52 24 40 42 0 18 58 4 99 69 28 40 99 58 99 88 39 99 99 96 19 25 19 40 36 45 99 9 22 99 99 99 70 61 99 99 96 48 99 99 99 99 31 99 10 31 99 1 63 99 79 61 82 99 73 13 34 18 64 57 16 43 48 79 79 99 24 99 99 99 99 99 18 46 78 97 
58 10 94 82 85 99 3 99 99 99 40 99 99 78 33 27 63 99 12 81 99 1 99 28 91 57 99 27 18 9 0 22 28 17 10 42 30 20 44 40 46 51 85 49 99 99 99 73 99 21 99 1 49 21 99 28 49 36 99 99 99 99 99 69 51 43 99 25 4 39 58 91 4 27 48 99 73 72 12 13 99 99 13 24 79 33 99 88 57 79 79 36 51 99 28 93 55 99 99 99 9 
93 18 99 72 99 52 12 99 10 99 99 99 66 57 39 72 49 7 99 1 99 9 99 99 19 15 99 99 55 10 29 0 57 18 39 2 23 10 6 31 27 25 7 42 91 87 21 34 87 10 4 99 99 99 27 99 99 94 87 99 66 90 51 82 6 70 99 42 12 88 67 7 54 99 51 99 99 39 1 99 99 55 79 99 66 19 99 75 99 99 99 69 99 99 85 91 93 51 91 64 33 
99 99 99 13 27 15 54 45 99 82 99 28 46 31 84 87 18 46 99 82 49 94 67 99 99 72 99 76 69 99 2 55 0 64 15 22 58 54 26 44 25 61 76 13 10 99 75 55 67 99 57 99 99 24 99 99 99 76 69 99 43 7 94 99 76 37 61 99 90 99 93 87 76 64 4 78 42 51 18 81 27 73 90 16 99 99 99 58 55 76 99 99 99 99 99 9 57 99 12 91 99 
99 3 99 40 99 27 99 42 36 81 96 99 99 70 49 85 99 99 42 85 39 49 55 99 99 99 73 39 75 43 33 43 4 0 12 2 63 26 2 40 99 99 99 76 67 99 99 51 99 99 88 99 90 99 99 13 97 25 3 99 99 54 99 81 45 99 99 99 93 99 81 99 99 58 70 94 97 99 78 9 27 37 36 1 55 16 99 99 99 64 15 37 79 67 30 31 15 85 36 25 58 
73 75 93 70 87 99 45 99 99 99 99 99 99 58 61 99 94 99 72 70 81 72 42 99 57 99 99 99 39 1 44 40 29 5 0 21 7 6 38 31 99 99 99 72 34 36 60 61 99 99 15 99 12 67 18 42 15 99 37 52 81 82 99 54 99 27 93 99 99 78 57 99 45 99 39 99 99 79 99 99 99 6 99 99 64 1 72 87 84 99 19 99 67 90 19 61 99 70 99 99 99 
85 19 48 82 87 99 52 97 99 15 85 99 9 45 12 82 63 99 99 96 99 87 52 99 97 99 99 99 78 99 4 8 24 45 48 0 16 14 44 26 9 57 99 72 99 72 99 34 99 99 99 55 76 57 99 99 99 45 33 99 99 28 37 58 75 99 27 3 99 79 99 13 6 99 81 99 99 99 10 46 45 57 12 99 49 60 99 75 99 28 7 66 61 99 43 73 88 39 93 99 91 
99 99 45 51 36 99 1 93 12 66 99 3 48 51 36 70 99 99 99 57 67 99 87 85 15 99 78 66 30 99 53 19 2 38 49 0 0 21 30 32 57 99 46 51 99 18 61 99 64 90 25 27 99 90 93 96 99 10 60 24 51 10 37 46 99 19 99 33 99 78 99 49 7 75 46 40 99 99 67 55 25 54 40 99 99 61 66 51 99 46 33 75 58 99 99 66 79 49 87 37 99 
99 48 34 9 84 99 75 99 18 99 90 63 69 70 16 99 57 6 48 49 99 99 99 51 99 99 67 19 99 31 31 39 24 60 8 7 22 0 4 17 55 63 58 1 34 99 99 99 99 55 22 99 45 49 42 99 99 9 99 13 99 99 48 63 60 99 19 88 99 30 52 99 99 99 87 99 99 69 28 63 31 3 18 7 13 99 15 61 67 99 99 99 94 28 99 79 96 90 37 67 16 
99 99 99 93 96 49 99 99 4 45 48 63 99 90 91 55 40 99 76 99 27 15 57 15 84 13 99 94 99 54 6 52 28 55 32 12 44 17 0 53 99 45 99 43 64 46 58 99 99 30 13 99 99 21 64 15 52 91 27 99 99 48 75 13 99 99 27 49 99 84 99 52 97 51 9 99 22 3 99 54 40 82 99 99 99 84 36 58 42 51 94 4 12 91 70 48 48 10 9 90 79 
60 21 99 67 88 61 60 91 99 99 99 99 81 64 99 46 58 99 15 19 30 99 99 67 49 97 67 1 81 88 65 3 16 44 27 11 14 16 51 0 9 27 99 99 99 4 93 99 24 99 88 30 99 99 99 99 7 93 4 84 12 99 96 99 99 48 16 99 73 39 96 36 70 19 22 99 10 9 51 36 18 34 99 28 99 99 78 99 7 99 42 48 99 46 99 48 85 99 99 9 94 
99 33 99 99 45 99 31 99 9 4 75 7 99 99 99 88 99 91 39 99 64 99 39 64 99 48 10 99 60 99 99 70 64 99 81 55 25 25 39 57 0 24 16 57 42 42 25 38 54 10 49 99 33 99 99 39 1 22 42 28 15 37 69 99 66 99 76 99 49 99 24 87 70 91 99 58 16 97 52 99 78 72 99 99 69 43 99 72 99 28 99 66 13 52 6 13 57 79 70 84 31 
99 1 1 99 48 99 6 96 58 99 4 40 87 46 99 48 43 33 99 45 57 54 55 22 9 51 67 84 99 99 99 99 90 60 54 67 99 99 99 99 18 0 28 15 29 63 42 10 34 36 99 84 99 99 76 99 99 3 99 54 96 99 16 99 99 99 99 99 99 99 85 99 40 99 99 58 99 99 99 87 96 99 57 78 64 96 99 99 10 18 99 37 99 3 31 99 99 88 99 78 99 
90 99 84 15 99 99 85 99 99 63 99 99 99 36 99 3 99 99 42 69 52 94 93 60 87 99 7 49 99 3 48 12 87 99 90 15 93 48 99 99 59 33 0 49 50 29 9 65 14 47 7 81 99 72 99 22 99 90 93 96 99 99 24 7 31 40 64 39 85 99 63 99 55 63 9 48 69 61 46 99 99 36 10 33 99 99 67 31 25 31 99 99 90 99 99 99 27 99 52 99 33 
99 63 85 99 24 21 99 99 99 93 33 42 15 28 99 99 99 25 99 99 69 99 99 99 93 19 99 75 58 72 99 99 99 99 99 57 30 15 43 99 62 3 15 0 52 62 12 34 25 64 99 72 18 99 99 99 99 9 48 18 91 73 4 99 99 1 60 99 75 70 81 12 73 99 90 99 54 99 21 99 67 82 60 4 99 94 94 33 49 99 45 88 99 99 99 99 63 63 90 13 99 
69 99 75 93 99 43 9 69 99 28 67 40 3 45 73 64 81 99 1 99 69 93 40 99 99 54 99 3 78 99 42 99 28 67 99 33 97 31 34 28 54 64 14 48 0 43 34 28 34 16 58 99 69 25 34 45 99 99 85 15 99 99 79 21 85 99 70 87 90 99 63 99 21 3 73 51 99 81 7 99 37 99 99 52 42 51 12 63 16 99 99 93 61 48 99 94 22 99 85 99 99 
43 28 69 12 51 99 99 99 1 78 40 99 99 99 31 99 52 99 99 99 99 99 24 54 99 99 99 96 6 97 36 30 99 52 99 70 40 3 99 61 42 36 31 55 49 0 13 3 45 52 99 84 99 99 72 99 34 94 99 58 81 15 99 96 99 46 79 22 99 99 66 99 42 73 54 52 52 99 63 87 43 93 99 99 54 33 3 66 99 97 9 24 49 99 6 99 64 69 99 51 99 
37 99 70 99 52 22 45 61 69 99 99 99 99 99 88 4 82 75 99 99 22 3 85 99 31 30 61 60 48 19 57 40 99 10 4 99 72 79 1 70 38 20 12 34 0 8 0 41 14 18 99 99 54 81 99 12 76 42 15 9 97 99 99 3 30 99 75 27 67 99 69 16 25 85 81 99 82 99 15 63 99 99 99 3 45 49 69 99 99 99 18 99 76 75 51 99 90 99 99 99 61 
31 78 30 99 99 70 99 85 52 99 40 99 99 24 81 69 24 10 94 99 99 99 99 18 99 58 30 15 12 99 99 84 99 99 45 9 25 99 99 18 62 5 6 22 52 64 63 0 55 63 3 66 99 96 99 99 48 24 55 99 73 99 30 36 43 4 64 31 9 90 99 85 99 54 9 52 39 70 33 57 10 99 84 37 60 45 99 78 31 21 36 99 57 67 99 15 99 99 99 99 27 
43 30 99 60 99 99 99 63 99 16 60 51 99 57 64 37 99 61 72 3 99 61 24 91 36 97 22 99 33 99 18 99 18 76 7 63 99 27 99 72 38 30 9 46 45 28 58 14 0 30 99 99 66 87 57 18 6 30 99 54 99 99 99 99 10 55 99 99 64 69 99 55 39 99 79 99 66 99 82 84 99 84 60 72 15 27 1 99 99 99 10 61 57 4 27 87 30 79 18 99 97 
54 97 99 1 91 61 42 18 97 99 36 81 99 64 99 9 99 54 28 99 45 49 99 28 82 1 57 16 36 7 39 76 99 99 99 99 78 66 99 99 29 55 6 15 26 34 51 4 36 0 27 18 99 79 51 66 49 82 3 42 99 70 93 40 39 3 90 48 24 52 93 99 99 58 99 99 99 99 99 97 99 73 99 85 49 66 99 99 99 15 57 36 99 99 1 73 99 63 99 79 48 
97 99 43 9 57 43 84 3 99 84 78 6 99 34 99 99 96 64 49 33 72 75 7 33 25 75 25 99 99 99 75 58 99 7 63 28 61 99 39 91 99 57 99 24 99 99 69 97 9 99 0 59 23 43 38 55 55 30 4 12 54 64 15 31 93 99 99 73 99 99 48 73 46 9 72 94 99 99 61 27 60 51 99 97 99 25 94 99 99 94 99 93 99 73 19 64 99 99 99 70 99 
36 66 99 30 79 99 99 3 99 99 99 90 99 99 99 70 99 46 73 18 99 99 28 25 99 99 99 64 57 39 99 40 3 57 99 48 99 93 33 36 99 52 99 61 87 40 70 15 78 25 14 0 13 24 28 12 29 16 36 2 67 99 87 99 99 15 12 99 46 85 6 12 13 84 1 84 90 91 99 72 9 76 82 39 99 99 99 99 78 10 25 12 3 1 49 64 1 19 99 72 99 
91 34 60 99 37 99 40 12 61 94 27 79 37 37 99 99 12 54 99 66 28 97 99 99 99 90 58 46 39 36 84 13 70 99 55 99 9 76 54 99 9 58 99 10 19 73 1 97 4 42 51 44 0 52 46 2 40 5 17 30 60 58 43 24 30 39 16 99 99 79 66 7 33 34 99 99 30 99 99 40 51 69 99 99 99 99 99 72 70 99 6 82 99 99 18 63 6 55 57 37 79 
76 99 99 72 52 64 24 93 99 99 99 99 36 4 37 99 99 54 99 39 30 99 99 99 99 99 63 99 36 99 34 99 73 48 99 96 72 30 99 99 27 84 7 57 99 31 64 51 99 31 37 34 18 0 41 6 14 0 22 48 99 58 99 36 99 52 75 64 99 60 99 33 91 99 28 99 67 94 45 99 63 25 43 42 99 99 99 37 97 99 99 99 55 94 91 94 67 88 99 55 49 
99 21 99 88 99 99 79 76 70 99 7 99 99 99 42 99 58 42 21 25 99 91 3 99 99 48 48 99 99 99 48 99 15 19 99 9 99 84 99 36 99 87 97 99 97 99 87 33 43 99 37 10 39 58 0 64 62 48 6 55 37 91 58 99 45 99 79 97 70 42 99 99 18 4 78 90 99 99 99 67 99 99 78 99 28 60 16 22 99 99 87 31 28 76 99 30 99 93 90 99 69 
10 6 87 61 90 55 9 43 99 6 81 21 99 64 99 75 37 82 91 99 87 51 19 85 99 7 99 99 51 18 45 31 97 27 85 36 99 49 22 16 3 7 99 99 99 99 15 27 27 27 39 28 20 43 32 0 4 42 20 34 99 99 66 75 55 99 99 13 82 99 99 90 60 40 96 99 67 39 18 9 84 21 99 55 99 51 99 69 99 99 37 99 99 99 75 94 99 91 99 99 12 
93 79 91 48 91 99 55 90 1 73 64 39 61 60 39 99 99 46 55 99 49 99 99 73 81 96 82 13 99 73 99 10 28 51 40 85 22 6 99 9 90 13 99 70 78 97 58 16 27 46 1 44 63 60 46 47 0 24 39 32 4 90 99 99 19 99 36 42 99 27 18 63 52 99 99 90 99 99 12 81 15 99 19 97 96 99 75 6 27 99 33 75 99 84 61 19 27 9 99 99 24 
16 81 99 99 55 99 88 82 61 99 99 99 99 99 52 99 97 93 69 99 40 99 99 60 19 99 99 99 43 99 99 72 85 99 39 99 99 34 66 7 58 16 99 99 88 97 55 99 7 99 14 12 4 47 18 30 59 0 31 16 34 40 45 16 99 99 99 10 36 97 51 37 45 99 33 99 82 73 21 24 42 99 19 9 87 31 84 78 99 81 31 81 99 31 64 99 61 99 99 30 15 
69 99 90 39 19 99 49 99 37 30 79 99 9 64 99 64 37 13 99 75 16 99 16 19 99 63 66 15 99 21 3 72 82 99 99 48 78 99 18 99 99 99 63 73 99 99 49 36 31 28 24 41 7 56 8 64 40 47 0 26 99 4 70 99 31 36 99 99 27 78 42 99 3 21 99 22 81 99 87 99 9 12 49 64 7 99 99 99 24 99 91 61 24 55 99 99 58 99 99 73 99 
87 99 78 1 99 99 99 9 99 99 99 75 87 4 99 99 99 24 85 69 93 54 40 57 91 7 18 55 6 99 22 36 99 58 99 43 45 70 75 15 99 19 72 40 93 99 91 93 4 46 17 54 8 3 20 6 27 5 14 0 67 99 13 99 15 72 99 79 58 58 87 36 63 99 70 48 76 12 51 19 99 10 91 99 60 16 99 6 7 99 67 99 61 76 99 99 94 37 1 33 99 
46 18 72 58 99 99 76 99 31 75 57 99 90 85 99 84 30 42 78 49 84 4 43 99 60 39 99 99 49 33 87 61 81 18 99 99 45 33 63 37 99 99 82 28 91 99 99 13 99 46 99 90 99 33 48 30 99 33 10 99 0 28 55 58 5 62 1 29 2 41 99 18 33 49 25 63 57 36 84 16 27 63 24 99 99 46 78 99 99 78 84 12 42 33 99 45 1 46 16 99 99 
75 49 70 99 69 1 33 91 99 99 18 99 40 99 13 4 99 3 99 99 18 90 70 82 70 19 33 99 40 82 52 66 24 99 43 99 99 31 99 99 99 99 10 30 99 66 18 40 76 19 94 99 63 78 99 67 87 82 52 19 43 0 58 49 1 18 17 32 33 9 42 99 99 49 96 99 99 58 27 34 82 42 25 19 70 99 90 19 99 76 93 99 13 27 28 58 99 99 27 58 16 
76 81 99 99 72 99 91 99 99 99 31 3 84 96 46 99 81 99 87 18 34 67 51 88 19 81 63 52 45 99 99 40 72 99 99 75 16 99 33 66 46 94 90 99 6 99 99 85 99 75 52 73 99 99 97 3 99 99 10 54 54 52 0 64 60 12 44 54 6 6 99 6 37 76 99 99 99 78 99 24 19 51 12 72 99 99 18 99 99 52 43 78 99 10 60 27 99 7 99 10 82 
3 3 99 99 66 99 19 46 69 99 33 99 99 99 36 54 99 78 99 99 99 90 34 99 99 99 99 19 99 99 34 99 99 79 99 97 76 99 27 3 99 12 63 99 72 94 99 99 99 97 37 99 99 28 33 99 36 19 21 22 20 52 16 0 65 20 52 60 9 52 52 99 99 45 16 99 99 28 16 24 15 99 90 79 91 87 82 99 84 79 9 70 78 52 15 66 36 78 87 73 84 
99 84 4 25 72 99 99 52 30 99 91 15 99 99 99 28 27 93 54 21 16 30 99 99 40 72 28 70 34 58 99 57 40 58 33 99 54 99 49 6 22 22 22 99 39 99 99 24 91 99 73 81 88 82 82 99 99 82 48 93 51 30 24 57 0 27 4 56 41 22 52 24 79 25 99 6 76 36 99 99 60 93 19 52 99 34 66 73 61 43 49 99 22 97 60 99 37 99 16 99 16 
99 81 99 99 99 88 78 90 69 99 70 97 93 43 99 99 79 49 22 91 99 3 15 61 36 99 13 45 82 58 46 13 99 12 66 6 99 97 99 51 40 25 16 70 99 4 91 37 91 9 99 90 36 43 76 91 99 43 99 99 39 14 33 44 42 0 44 0 37 6 93 1 99 52 40 99 99 99 99 15 24 90 99 18 48 99 81 45 99 82 99 99 99 9 34 99 75 99 81 6 99 
99 99 6 16 73 99 99 76 88 87 57 16 99 97 70 94 70 85 99 63 99 99 76 60 22 55 21 45 46 99 54 22 79 99 99 84 40 99 93 99 57 99 82 99 34 28 73 73 58 46 67 30 4 99 64 99 99 30 4 64 35 44 36 40 14 51 0 40 42 44 46 99 99 99 99 61 85 99 49 76 69 28 99 52 96 34 99 39 3 97 99 10 58 16 75 9 42 99 99 99 99 
48 99 99 90 58 37 99 99 99 90 99 66 99 69 9 99 73 99 25 99 15 97 99 72 36 99 36 90 40 28 99 60 40 99 39 15 46 85 99 10 99 39 99 19 99 33 99 75 99 46 52 70 99 28 21 58 93 57 99 99 44 57 50 15 9 60 48 0 18 52 30 69 99 75 48 43 9 93 16 99 81 99 99 52 78 75 4 58 33 48 99 64 87 84 99 99 99 99 36 31 99 
25 30 51 49 42 79 93 81 46 78 28 99 33 31 27 10 31 99 99 97 84 88 99 99 99 76 57 70 73 22 27 70 99 99 97 99 57 6 90 99 75 75 67 6 40 15 99 42 46 99 99 82 99 48 52 99 99 16 73 66 56 66 58 10 62 54 39 43 0 60 76 34 99 12 36 25 15 48 37 88 19 61 85 31 37 99 87 61 46 70 51 16 87 99 99 3 99 30 99 84 99 
31 48 33 99 1 42 99 99 99 24 93 99 91 97 99 99 15 21 15 99 25 99 88 99 99 99 99 81 36 49 99 97 99 99 13 73 30 3 96 88 67 91 99 94 99 61 99 43 99 84 72 99 19 99 63 99 25 99 99 75 15 56 64 21 22 19 49 54 18 0 99 88 99 31 99 48 7 99 99 70 64 75 72 19 18 58 99 99 15 42 99 99 99 21 99 99 99 94 69 58 99 
51 30 99 99 9 6 52 72 69 64 99 61 78 1 91 79 3 4 48 99 52 99 33 45 99 22 21 57 97 99 97 24 30 18 99 99 27 99 60 99 96 87 94 27 99 99 55 73 81 73 81 99 36 61 13 99 99 42 84 40 48 99 88 10 88 43 16 46 43 72 0 11 25 55 40 21 2 17 31 61 99 94 99 45 99 1 9 90 91 99 57 99 91 99 99 93 99 94 22 30 81 
79 99 79 25 9 18 99 28 37 60 99 33 99 67 76 99 58 27 82 70 3 40 99 99 60 4 73 13 75 82 42 82 99 81 99 99 13 75 84 42 16 6 99 25 40 99 34 25 99 4 88 97 99 25 28 33 60 67 99 45 99 99 99 82 51 61 99 90 75 85 66 0 26 49 42 17 46 32 47 14 99 99 34 99 93 22 34 52 99 91 55 96 99 70 7 90 99 30 69 99 1 
30 48 99 3 12 99 99 96 57 99 97 99 99 99 16 3 37 99 82 99 73 9 19 99 99 99 67 27 58 30 76 78 75 99 99 63 99 15 99 99 99 79 52 99 99 70 99 81 67 58 99 7 99 73 99 99 78 99 88 99 24 99 99 21 37 99 99 99 99 99 35 25 0 48 28 65 54 51 56 56 99 99 33 93 31 73 99 40 99 94 27 10 28 60 99 99 36 76 30 73 16 
39 99 99 99 42 18 99 99 97 99 99 67 96 99 19 99 18 24 43 34 81 64 99 16 63 48 91 57 99 99 52 33 78 52 90 28 99 81 99 66 99 63 30 40 99 99 99 78 99 99 99 51 99 99 99 66 37 99 76 45 4 99 97 99 22 99 70 76 9 69 8 28 34 0 66 59 40 22 12 36 99 36 99 51 21 66 70 99 58 37 87 39 1 99 99 43 9 16 99 39 6 
75 97 43 34 16 39 81 4 91 99 99 99 81 99 99 99 28 99 87 84 63 3 9 99 49 97 79 99 79 99 91 30 34 15 91 99 99 34 79 58 88 12 21 99 27 36 36 99 9 99 25 99 36 73 97 28 24 99 12 99 64 3 99 42 99 99 69 73 99 99 60 42 21 45 0 64 61 43 64 52 82 99 99 93 49 88 36 42 40 42 99 27 55 87 99 99 99 99 81 49 64 
99 54 96 21 99 99 99 91 16 7 13 33 54 99 10 4 13 78 99 99 99 99 99 30 99 70 99 18 99 90 19 46 76 78 4 91 99 99 36 75 99 19 13 34 60 36 99 61 43 97 52 16 99 99 87 99 99 3 99 21 96 81 72 81 99 43 57 99 93 99 52 10 28 60 29 0 33 54 25 13 3 97 69 99 49 99 48 99 9 16 99 63 99 61 99 18 16 24 12 43 24 
7 99 99 99 99 66 48 99 69 99 99 63 99 82 69 99 99 22 13 94 27 87 45 99 40 99 99 99 55 91 97 99 48 57 1 13 91 39 97 99 54 96 94 48 18 63 99 99 54 72 99 73 99 99 10 85 99 27 40 99 97 99 28 88 99 99 6 54 61 7 7 15 48 54 36 33 0 23 62 28 99 64 99 46 88 84 3 99 58 24 43 10 61 99 43 99 39 93 99 46 76 
99 99 99 63 64 60 78 7 55 15 87 13 18 78 82 73 21 9 21 79 99 40 99 24 61 87 34 99 84 99 99 99 99 99 99 19 36 3 27 84 15 81 99 99 99 99 85 99 24 15 55 99 18 99 99 66 85 99 99 21 82 99 57 31 99 99 99 40 51 37 60 24 56 36 11 7 50 0 10 26 4 99 34 99 78 99 99 99 99 99 91 39 99 60 21 19 43 37 51 55 55 
24 39 99 15 45 99 21 82 45 58 1 99 99 25 88 96 12 88 78 72 97 99 52 99 99 1 58 99 36 99 99 34 99 4 34 99 66 9 19 13 55 48 99 99 55 21 99 99 99 64 72 96 99 52 63 99 7 48 99 99 64 51 16 99 36 99 75 99 73 25 52 18 52 27 14 6 40 30 0 54 18 12 34 28 42 99 82 72 90 1 3 94 7 33 31 88 70 99 99 25 99 
99 99 99 99 69 40 99 93 9 97 87 21 99 6 7 76 99 99 46 99 99 99 3 99 99 18 90 43 72 22 99 40 48 99 99 96 99 39 24 99 99 49 69 99 27 3 37 39 31 99 31 99 27 61 91 99 12 24 16 9 43 79 1 10 99 3 7 99 99 99 18 46 29 31 26 43 38 54 15 0 99 99 18 12 99 22 99 85 46 7 99 58 99 99 99 99 40 99 7 3 99 
99 99 99 67 24 99 99 99 4 22 33 99 64 99 99 99 57 73 99 81 6 43 18 99 99 34 13 25 73 81 99 63 88 99 99 36 52 99 28 99 96 64 99 99 39 99 13 99 48 99 99 33 60 3 31 99 82 33 40 99 99 99 54 99 9 81 57 15 99 21 99 99 99 70 36 90 99 88 34 42 0 61 31 52 53 38 13 8 28 55 9 51 78 43 93 88 58 87 99 93 30 
39 99 99 99 99 46 82 99 99 72 99 94 30 99 82 15 99 99 99 75 52 96 33 99 3 99 75 55 99 99 64 46 84 99 99 99 34 1 70 34 22 99 99 99 84 37 99 81 99 49 99 24 15 55 67 97 87 3 99 84 16 6 99 39 94 78 1 99 12 69 45 39 96 99 99 99 58 99 12 54 21 0 2 60 28 22 58 26 49 6 33 76 66 72 85 99 99 93 1 99 30 
16 99 12 99 75 91 21 73 28 16 70 93 99 31 99 97 99 60 36 99 99 57 54 36 99 90 76 99 18 7 67 67 75 10 21 99 99 99 58 99 78 99 37 99 31 46 24 12 78 37 52 84 4 99 22 49 99 31 99 33 3 36 99 45 99 61 18 67 84 60 40 43 52 6 99 99 46 60 99 16 22 30 0 24 26 36 28 56 38 26 58 64 58 45 81 72 85 49 90 18 22 
99 90 99 79 94 55 30 43 91 16 99 99 10 28 99 63 99 18 99 6 60 70 79 99 99 49 99 99 55 9 34 51 99 99 72 63 99 21 99 70 81 25 70 7 99 61 58 42 93 13 99 15 99 55 99 30 99 28 13 93 99 99 24 99 37 99 61 90 3 1 99 34 96 93 99 99 30 10 99 58 30 18 59 0 1 31 52 21 44 19 60 99 34 99 99 43 64 76 51 99 31 
51 28 13 99 99 99 99 67 99 90 78 33 99 99 99 99 9 28 28 93 52 10 22 88 13 97 51 4 69 64 72 99 70 99 99 73 99 97 55 99 72 69 99 99 87 99 99 99 99 51 52 91 30 73 79 82 67 61 99 33 99 25 49 99 37 51 7 10 33 12 90 22 99 3 55 21 16 99 19 43 36 14 23 6 0 42 26 5 8 42 69 18 99 55 81 55 42 99 99 31 7 
94 46 57 96 25 99 25 10 99 99 69 99 99 25 99 99 30 73 28 99 99 36 99 40 28 31 99 34 21 57 99 39 58 13 67 99 67 39 15 73 43 88 99 51 99 51 99 99 52 99 82 99 87 39 93 99 19 54 99 7 49 13 99 82 99 99 10 24 99 99 45 7 99 45 99 6 99 10 61 39 6 54 58 51 26 0 25 48 64 12 99 70 25 99 12 16 99 16 99 84 99 
99 43 49 66 60 99 15 82 39 18 99 96 82 36 22 1 4 69 45 39 99 99 99 90 99 99 99 67 3 99 99 81 99 99 94 99 99 10 99 19 99 99 99 39 97 99 85 15 99 24 87 69 48 12 21 99 99 3 73 15 99 61 99 99 63 99 99 97 99 69 99 99 48 21 42 99 99 99 4 51 32 50 6 24 56 22 0 26 33 40 78 10 6 88 24 91 99 54 67 63 66 
10 99 99 99 55 99 99 99 15 16 78 19 39 15 73 76 99 52 99 15 7 99 99 99 99 99 28 21 42 36 91 9 93 99 58 27 33 27 99 30 24 1 70 49 99 99 99 99 87 40 97 64 99 3 99 99 66 1 99 63 22 48 13 99 91 99 19 99 18 99 99 99 7 4 99 51 37 99 36 19 4 28 34 15 44 4 61 0 15 3 24 78 97 85 99 27 99 42 37 67 99 
73 57 40 85 99 46 42 99 15 99 58 99 13 76 28 99 84 99 73 99 99 40 18 99 69 48 37 99 42 99 9 70 3 39 57 99 94 40 27 66 91 48 99 78 99 99 99 51 99 16 99 99 63 37 19 99 82 66 99 99 87 99 34 97 90 22 1 99 99 46 99 70 94 90 73 99 99 64 6 79 58 10 62 54 19 43 46 50 0 55 48 63 99 99 6 43 37 99 24 13 67 
9 22 97 46 33 99 6 99 99 13 99 90 34 99 61 18 99 99 15 43 99 99 45 84 13 75 51 99 99 99 40 61 99 85 22 19 31 78 16 96 45 66 57 63 99 6 19 42 99 27 97 66 99 99 42 19 66 72 88 61 84 99 93 25 30 67 99 21 58 99 82 99 55 99 66 99 16 48 82 99 24 33 12 15 24 10 56 19 63 0 99 85 81 73 99 31 31 99 99 99 40 
24 64 99 51 99 57 99 19 51 25 99 13 85 69 99 99 63 99 99 99 79 99 18 66 99 54 99 99 99 88 28 94 99 93 91 63 99 78 81 22 70 99 18 79 42 10 99 99 10 30 99 52 7 99 13 99 57 28 99 99 45 99 13 51 99 40 99 4 99 4 99 99 99 99 99 99 99 54 15 21 99 99 99 90 99 10 88 93 55 39 0 43 56 30 65 61 16 56 34 5 48 
99 15 21 99 37 76 99 84 99 99 99 99 61 36 7 70 16 85 99 99 1 91 99 84 19 60 42 99 84 66 58 99 99 46 82 21 99 99 58 52 99 99 46 99 48 33 88 82 52 99 99 25 99 39 66 99 18 67 99 99 70 99 60 99 51 93 73 99 21 43 99 72 99 10 99 90 87 73 99 67 85 27 64 45 31 54 87 45 99 13 38 0 62 54 58 62 8 42 53 9 57 
79 99 13 99 99 97 99 81 99 93 72 39 42 99 76 99 99 99 76 57 55 99 10 58 58 43 61 87 99 15 99 37 99 67 99 99 97 18 99 99 99 43 99 94 9 76 84 69 4 99 99 19 46 99 7 99 99 48 99 6 99 22 30 7 45 99 99 85 39 43 99 34 67 27 33 99 99 76 99 43 70 6 99 58 15 99 18 7 97 57 12 50 0 3 2 23 4 60 20 44 60 
55 18 61 99 87 60 99 99 61 99 99 91 31 37 99 40 99 22 36 99 73 99 39 7 46 99 82 67 54 99 85 99 99 25 99 36 99 37 67 99 24 99 99 82 99 12 36 58 19 97 37 99 55 99 99 34 36 73 61 76 61 70 85 99 99 7 99 9 99 99 57 99 99 60 91 4 63 99 99 85 99 34 99 46 99 91 99 7 51 99 60 2 48 0 10 64 28 65 20 42 99 
33 99 9 21 46 34 90 19 99 57 39 60 40 10 22 7 9 72 25 76 88 78 81 16 51 37 36 57 76 99 54 24 54 40 99 88 54 99 27 6 75 21 82 99 67 25 99 48 6 6 99 4 94 72 54 55 18 99 67 99 69 70 60 64 7 99 90 18 99 69 34 99 36 99 1 16 99 99 25 54 99 28 99 99 94 7 99 73 99 99 39 44 40 10 0 44 40 2 12 51 85 
99 99 99 67 21 58 28 99 40 60 19 90 52 99 99 33 72 58 58 99 93 52 99 93 99 61 37 96 99 31 24 99 99 58 91 12 39 99 72 24 99 13 16 6 42 6 70 99 99 99 99 45 31 81 99 99 31 99 6 99 19 82 72 28 15 99 87 10 58 52 99 81 99 78 99 10 7 30 15 97 91 21 16 78 27 76 21 75 1 99 37 61 21 45 48 0 64 58 28 19 22 
99 99 99 99 72 99 43 22 27 81 99 42 99 87 99 19 58 33 90 99 84 72 33 27 79 99 99 12 99 18 70 43 16 9 99 99 1 99 27 69 99 79 78 76 28 64 6 57 99 31 99 99 99 99 99 99 51 42 78 6 51 99 64 99 75 99 28 93 61 42 16 67 13 99 43 76 67 61 99 99 9 31 73 99 78 99 33 15 99 96 12 66 8 39 6 10 0 0 51 23 99 
7 43 99 67 51 12 24 99 99 99 34 67 99 99 27 12 54 99 99 99 52 79 49 99 99 19 99 24 46 67 99 99 99 99 88 84 99 99 57 51 18 34 99 90 81 99 61 78 82 66 99 39 99 55 46 99 99 63 52 97 99 99 1 75 99 87 99 54 99 99 99 30 99 99 99 99 40 57 99 99 99 30 97 33 46 19 19 61 30 85 55 13 50 21 57 46 19 0 38 17 99 
9 58 93 51 19 33 99 99 60 61 46 99 3 99 99 79 54 99 51 52 78 43 46 15 99 82 99 99 61 25 51 55 99 12 99 99 57 27 99 64 99 99 88 43 61 52 99 99 58 60 16 81 99 3 7 48 99 93 21 99 21 97 28 58 19 88 82 99 4 69 99 99 13 99 55 7 63 99 82 99 63 99 99 55 4 99 99 99 48 87 35 17 6 62 50 19 3 18 0 10 60 
75 22 99 84 19 16 58 45 81 99 99 99 88 22 45 60 13 37 99 99 1 48 99 99 99 99 99 99 58 36 99 99 99 99 16 99 99 99 81 99 82 99 99 39 45 96 64 54 39 43 99 13 84 99 99 45 99 99 99 99 99 36 99 22 3 55 66 15 99 87 30 39 15 25 21 99 49 48 69 15 99 39 33 75 99 3 99 39 22 34 59 64 60 24 45 10 52 58 52 0 10 
52 90 99 72 99 99 46 99 99 99 25 69 51 57 64 22 99 3 99 40 61 99 31 90 36 99 99 57 99 3 58 94 99 63 18 99 99 99 16 42 99 99 94 91 52 99 96 78 43 27 51 81 99 48 69 19 99 94 99 99 60 66 99 58 12 99 99 99 99 94 61 31 99 45 36 7 45 99 24 99 76 19 10 33 24 24 99 12 87 12 15 28 99 25 51 19 66 61 94 99 0 
