n: 100
m: 6
Pi:U[1-99] 64 63 59 88 64 1 74 75 74 73 83 80 58 30 32 44 10 5 39 5 82 14 97 6 48 11 53 66 8 83 77 92 87 64 96 78 82 18 31 89 99 55 21 19 44 34 36 49 4 73 74 29 86 18 54 91 43 16 40 87 64 41 94 4 52 73 36 67 25 30 60 65 70 83 86 21 75 86 80 89 6 53 93 67 72 77 72 58 5 12 51 40 13 43 16 7 89 52 2 51 
Si:U[1-49]
0 12 0 6 32 18 21 16 24 6 3 40 10 18 18 49 49 42 49 49 27 1 25 22 48 12 49 7 49 34 48 46 40 49 33 49 49 49 31 36 9 48 30 43 49 36 21 49 49 48 16 49 45 49 36 43 49 19 13 49 16 30 49 13 49 27 39 46 1 49 37 49 30 49 49 7 48 3 24 49 49 45 49 4 45 49 25 37 43 49 31 4 49 49 49 7 49 37 49 40 22 
4 0 17 10 22 7 32 27 16 4 27 46 49 49 4 43 49 7 49 49 49 30 1 49 49 49 49 21 25 21 49 24 40 40 49 49 3 49 49 18 39 49 10 49 22 40 7 21 49 49 45 16 49 15 9 10 37 49 49 18 40 49 49 49 28 49 24 24 31 10 21 49 49 49 49 49 49 1 49 6 49 21 49 49 49 49 6 49 48 42 6 1 49 16 30 15 49 48 49 31 49 
11 22 0 19 31 12 16 1 8 22 49 13 12 46 49 16 49 13 10 43 21 49 49 12 49 7 4 3 49 49 13 48 40 49 49 16 33 15 40 49 43 49 33 19 40 27 49 10 43 49 22 24 40 49 34 49 9 49 30 4 46 49 31 13 15 3 15 24 28 18 12 27 24 49 49 37 49 49 42 49 49 31 39 49 33 49 49 49 49 49 49 40 18 31 6 49 37 48 24 25 15 
29 0 8 0 6 29 28 24 24 26 9 49 49 49 39 21 22 49 40 49 28 48 49 27 1 49 3 10 3 30 22 49 49 49 49 49 49 40 25 16 49 48 49 36 46 10 48 49 25 36 49 49 49 49 46 46 30 49 43 25 13 49 10 49 24 12 25 19 49 40 30 49 16 31 24 24 49 27 49 7 33 49 3 19 10 18 49 19 28 49 45 22 49 31 34 15 6 24 28 25 45 
20 13 22 22 0 1 16 10 12 21 46 31 25 25 16 31 25 46 12 49 37 30 7 49 27 49 24 49 25 19 12 19 37 49 39 36 25 49 37 36 49 49 49 49 19 12 43 13 25 46 22 49 49 15 37 49 40 34 49 49 18 19 49 28 25 46 18 49 24 46 37 4 49 40 10 33 49 49 43 49 31 3 13 49 3 48 6 28 22 25 45 4 49 7 49 49 31 49 34 49 49 
15 32 23 26 17 0 8 19 32 32 48 49 37 10 3 48 1 46 49 30 7 9 49 10 42 30 49 49 10 49 27 48 21 49 49 28 24 9 49 31 49 43 33 49 19 49 49 43 43 36 46 21 39 48 15 49 13 3 49 49 49 49 4 42 36 4 49 49 46 18 49 10 40 33 15 4 13 16 10 25 34 49 30 49 46 49 6 49 45 18 4 49 49 4 49 39 49 49 49 36 49 
15 18 26 13 25 28 0 32 22 7 49 49 30 49 28 33 19 15 10 49 49 43 33 49 9 15 25 4 49 42 22 46 12 34 48 3 21 13 18 49 49 4 49 9 16 1 49 30 48 48 40 33 15 4 49 36 1 49 49 49 49 49 46 49 25 49 49 49 36 16 40 48 48 6 18 49 40 12 49 6 49 49 49 21 49 49 43 30 49 45 49 6 49 49 28 6 49 42 49 36 49 
5 31 18 28 29 18 2 0 16 17 13 21 49 19 19 49 49 34 49 3 45 15 49 6 31 49 49 49 49 49 37 3 39 21 22 15 1 16 34 46 27 49 49 1 30 34 19 19 49 45 19 28 15 46 49 37 49 45 49 46 34 6 49 31 22 49 36 15 27 3 42 22 49 39 49 15 34 22 21 7 16 18 6 19 27 49 1 25 40 25 37 16 49 6 6 49 16 19 31 4 46 
8 5 6 17 32 16 17 6 0 4 39 49 49 16 19 21 48 15 49 16 49 18 49 24 49 10 30 6 25 42 37 3 49 10 45 7 15 33 46 25 31 12 49 21 49 49 4 49 12 19 7 39 49 37 49 27 10 10 40 3 49 49 33 49 24 12 49 4 49 13 36 10 49 18 13 10 49 49 6 28 28 6 49 45 7 43 49 15 49 49 6 31 7 48 15 49 30 45 49 9 45 
23 32 6 6 11 28 4 1 30 0 1 49 49 48 25 49 36 43 6 22 7 6 49 31 49 40 6 37 24 24 49 49 24 49 3 49 9 43 49 28 49 40 49 6 49 33 49 31 3 49 49 12 3 49 18 21 49 49 10 49 27 25 4 49 27 49 49 31 49 48 49 9 49 16 49 45 37 31 49 36 24 1 15 3 16 34 49 46 34 49 25 16 49 49 49 49 39 1 49 7 27 
49 49 49 49 16 36 34 49 27 25 0 24 10 30 6 14 32 24 24 21 15 15 49 49 12 49 9 49 25 16 49 12 22 49 28 4 49 49 49 49 49 16 12 49 49 37 49 30 49 49 1 49 49 49 36 49 49 49 34 37 49 37 49 3 48 9 48 6 7 46 21 39 4 49 31 6 22 13 49 15 34 49 49 13 3 24 13 30 49 49 15 49 19 46 31 31 36 7 49 49 24 
42 49 49 42 1 6 1 30 21 49 8 0 10 14 28 14 14 20 18 16 34 48 43 19 27 48 25 30 46 40 1 49 31 42 25 46 40 21 49 16 49 40 49 12 34 33 15 34 49 27 49 1 49 24 40 49 22 49 48 40 49 37 18 39 16 33 24 49 6 15 37 12 22 31 27 49 10 49 39 49 1 12 1 49 49 33 49 49 27 49 42 48 10 49 18 49 9 30 46 19 49 
40 24 43 49 30 13 37 4 49 28 12 28 0 18 2 1 28 26 16 2 39 24 49 49 3 49 40 15 10 49 49 12 21 49 45 15 49 49 25 49 25 43 49 34 6 46 49 34 22 12 24 49 34 49 49 49 49 49 49 49 33 16 10 16 9 40 36 49 39 49 49 22 49 24 30 49 49 36 49 27 49 21 49 30 49 43 27 49 21 49 30 22 27 7 30 27 49 49 1 25 40 
40 4 49 33 16 28 15 6 49 21 4 8 2 0 11 13 0 20 12 2 49 48 49 49 49 39 28 33 9 45 19 30 43 49 34 4 34 33 3 49 45 28 49 27 49 39 46 34 49 49 36 9 49 15 39 36 21 10 49 3 22 49 36 4 49 25 19 30 49 16 49 49 40 30 49 21 10 49 28 7 28 10 45 49 9 49 27 49 45 49 15 49 34 1 39 49 33 21 30 49 49 
49 49 25 22 49 49 36 49 36 49 5 32 2 9 0 19 20 29 1 25 1 49 10 49 21 28 10 19 30 28 7 34 25 49 49 18 49 49 21 43 31 43 21 49 10 42 49 36 31 49 49 21 22 28 48 33 45 48 49 6 40 39 42 30 34 24 39 4 42 49 49 19 37 15 27 36 49 3 46 48 10 3 33 1 9 49 49 45 49 25 9 7 49 40 36 40 25 40 49 18 48 
49 43 28 36 31 45 25 10 21 28 30 2 23 15 31 0 28 24 2 28 12 6 49 42 33 40 25 48 49 49 49 49 16 9 9 3 37 16 39 9 15 42 46 4 21 49 42 13 21 24 10 37 46 1 49 13 22 45 27 40 30 18 43 33 24 49 49 30 40 1 42 49 4 18 49 31 49 22 36 42 45 49 28 16 49 34 49 25 28 1 49 25 1 30 37 48 49 4 22 27 49 
48 49 49 49 12 25 49 40 40 49 16 7 5 8 27 22 0 28 24 19 49 49 49 46 46 49 27 12 49 49 48 22 30 4 16 49 12 25 4 28 43 1 45 49 49 24 19 39 1 16 7 9 12 4 43 49 49 49 49 49 49 6 34 6 49 27 49 22 3 45 34 49 19 1 34 31 22 49 30 28 49 48 49 30 10 21 39 28 25 46 33 27 48 39 49 37 49 49 49 7 45 
49 36 28 6 15 12 49 49 31 49 19 3 18 29 2 2 32 0 6 17 46 43 21 49 49 45 49 46 4 27 49 49 10 16 10 24 37 42 3 49 49 39 10 36 49 46 42 4 16 49 46 3 49 9 13 27 49 37 49 16 36 18 49 27 49 49 21 49 49 4 49 49 49 24 15 39 42 10 39 34 42 46 49 22 10 37 49 49 10 31 33 10 49 12 7 31 10 49 49 3 19 
22 10 49 21 33 24 13 19 48 49 16 0 7 30 21 27 16 10 0 18 7 10 49 49 22 49 7 33 4 7 34 49 49 37 49 49 15 49 39 9 33 3 7 42 49 39 49 1 49 18 19 49 33 37 31 46 30 48 30 24 49 49 19 4 9 49 7 22 21 10 40 49 43 36 28 1 10 36 40 1 49 45 3 9 34 28 22 21 15 22 10 49 31 40 49 6 49 49 48 48 49 
16 12 43 7 10 49 39 31 30 49 8 30 22 32 26 2 30 14 8 0 25 28 37 25 49 37 49 21 49 37 49 49 12 7 1 49 49 37 49 49 36 49 49 49 49 19 39 49 31 49 9 49 49 19 49 46 49 49 21 49 15 6 27 42 4 6 33 49 40 49 3 13 13 49 7 49 49 49 21 37 21 39 9 46 33 49 49 43 39 49 34 10 3 27 49 42 22 25 16 33 13 
40 36 15 49 13 43 9 49 19 49 49 40 4 4 43 24 49 21 18 49 0 8 14 6 20 23 18 19 32 29 46 49 49 31 6 30 27 3 49 49 24 7 30 13 24 22 25 49 25 37 19 6 7 31 40 30 40 49 49 37 13 7 33 1 49 49 49 30 46 49 37 19 49 18 25 49 21 40 49 15 37 22 3 15 33 28 1 12 24 1 49 16 42 49 49 49 36 42 22 49 33 
49 19 49 43 49 19 3 49 22 1 39 12 49 48 49 49 49 46 12 28 16 0 28 10 24 12 28 9 15 13 31 49 3 22 18 15 48 49 49 49 45 49 16 49 49 49 49 49 19 34 13 49 34 49 33 37 49 49 12 40 13 49 49 30 49 43 18 7 25 46 33 18 42 49 21 19 27 13 49 25 49 33 24 6 24 39 27 3 22 49 49 10 49 19 49 49 49 49 43 34 18 
10 49 49 24 49 43 49 21 49 49 37 4 49 49 49 24 40 37 49 49 4 4 0 32 4 7 14 32 18 20 31 18 30 27 42 49 7 46 12 18 49 49 49 36 34 31 33 24 21 1 1 18 13 12 31 7 9 49 7 43 49 4 43 49 49 34 49 22 49 49 27 28 49 49 10 46 49 48 49 21 43 49 42 19 39 49 49 49 49 16 10 49 42 49 49 3 28 16 30 45 15 
42 49 25 49 43 9 37 16 3 37 49 49 49 49 34 49 31 13 33 21 6 23 22 0 2 2 4 24 11 10 39 21 3 15 21 30 6 49 18 30 30 24 49 27 45 7 49 16 4 49 49 40 49 48 6 27 49 22 49 49 49 22 4 49 4 31 13 43 49 46 49 24 13 10 49 49 15 49 25 16 49 4 49 13 49 16 49 16 46 27 42 49 49 27 49 49 40 43 10 49 37 
49 36 16 48 49 46 24 3 36 6 28 22 7 48 36 49 39 31 37 49 23 12 24 10 0 14 0 16 17 7 37 49 24 30 28 24 15 25 49 21 33 43 49 48 49 49 4 40 49 49 10 10 1 10 33 49 1 19 30 45 49 22 46 49 6 21 49 30 49 49 30 7 49 27 37 21 37 4 1 49 30 49 6 16 49 49 39 45 19 49 42 36 49 9 49 9 49 49 21 24 18 
15 28 34 13 7 25 10 16 49 49 21 27 49 49 49 49 40 43 45 49 2 10 16 4 30 0 3 0 11 17 15 33 21 19 1 34 49 33 49 33 49 49 49 37 3 40 40 46 49 42 49 49 28 13 49 19 22 49 46 36 49 42 49 34 46 22 39 49 3 48 10 21 30 13 30 49 40 25 49 49 4 49 21 16 25 42 18 15 49 49 49 21 37 39 16 49 22 49 6 10 49 
49 49 21 49 49 49 49 48 3 3 49 33 49 31 27 3 25 30 6 49 12 15 26 3 20 0 0 1 11 22 49 28 46 9 31 49 49 49 48 25 25 49 31 40 24 30 49 49 40 22 49 18 6 19 49 49 45 49 49 49 34 45 15 49 49 49 49 36 49 49 39 49 28 49 21 30 42 49 27 48 10 49 48 49 49 49 6 49 43 9 10 49 6 30 49 15 49 49 12 33 49 
36 33 18 21 42 49 22 49 18 49 46 49 18 13 9 49 7 49 33 13 18 9 26 26 22 28 13 0 12 16 49 1 49 10 19 49 24 43 28 40 49 49 19 15 49 49 36 43 4 7 49 1 10 3 49 10 30 10 49 12 4 49 49 49 28 10 49 33 22 25 15 1 30 42 49 1 49 49 49 42 4 37 48 6 12 3 36 6 37 49 3 49 49 10 39 49 49 27 49 31 18 
24 37 18 49 36 49 49 33 4 7 24 49 18 24 43 30 34 19 49 49 19 16 3 6 16 21 8 13 0 32 42 37 49 37 37 9 1 24 3 49 49 49 40 49 45 49 49 7 49 1 12 49 7 31 49 46 49 49 49 25 12 30 49 46 9 30 27 49 15 13 42 49 31 49 18 49 7 19 49 46 49 4 49 49 49 10 18 21 49 46 46 7 12 18 15 30 49 49 18 49 13 
22 28 21 13 49 48 12 40 12 24 49 49 25 49 9 7 49 42 49 49 20 4 2 12 8 25 6 12 14 0 49 43 45 9 49 49 4 28 49 37 7 24 27 7 49 49 16 49 42 31 24 31 46 49 36 42 16 43 33 27 49 27 34 43 49 24 42 10 49 49 13 15 12 49 49 22 16 49 22 28 31 3 12 30 49 49 19 42 25 49 24 43 16 4 9 16 9 28 18 13 46 
39 1 46 49 27 33 27 25 24 46 19 15 4 39 49 39 48 24 49 45 46 49 18 49 7 42 49 34 10 3 0 14 30 11 29 1 16 1 19 30 49 49 49 7 43 6 7 4 40 21 49 34 9 49 36 49 49 37 7 49 4 49 24 49 49 49 9 42 7 49 16 49 6 49 48 34 37 33 21 49 49 42 49 49 36 49 49 1 49 15 36 3 48 16 27 30 49 49 15 36 16 
45 48 24 49 25 4 49 33 49 49 21 40 16 15 15 39 4 30 49 33 16 37 49 31 49 40 49 49 22 28 18 0 19 22 30 14 7 14 24 28 43 27 37 45 13 49 46 21 49 49 49 16 49 49 49 21 24 9 15 43 48 28 49 49 49 49 49 28 43 7 6 46 49 49 49 43 49 49 3 3 49 37 28 37 24 49 15 16 42 39 36 3 46 49 9 12 24 33 25 34 49 
25 39 49 49 43 15 49 25 9 19 49 49 49 49 49 48 49 49 49 49 40 10 49 49 49 19 10 49 10 49 10 8 0 6 26 27 31 17 14 20 3 37 49 49 4 10 49 33 6 49 49 49 49 13 49 10 49 22 33 33 46 24 49 6 49 10 49 49 49 49 49 22 39 19 48 22 49 49 18 18 36 13 1 24 27 48 42 43 37 49 49 49 31 12 46 46 49 34 40 49 27 
39 46 12 49 16 13 33 49 27 19 49 24 49 16 49 42 21 7 15 43 48 48 45 19 42 49 25 48 49 15 14 18 17 0 16 14 30 26 6 0 43 21 49 49 49 24 37 37 30 49 40 49 45 49 49 49 49 49 49 49 39 49 43 9 12 30 9 46 49 45 21 25 27 49 31 49 18 15 16 49 10 24 48 12 12 49 27 49 9 33 40 49 9 9 49 49 49 49 49 40 49 
49 46 4 49 30 39 49 49 49 43 19 49 30 43 10 49 18 4 49 49 18 3 49 40 22 48 36 49 45 49 6 1 14 30 0 32 27 32 0 18 9 27 49 34 46 33 25 27 3 49 48 49 10 3 46 28 49 33 49 3 36 13 13 3 49 49 22 49 22 28 49 31 49 34 34 49 15 21 34 46 49 1 19 31 46 12 27 15 21 49 36 7 22 9 7 39 33 4 9 49 49 
49 15 18 22 21 6 49 10 22 16 42 3 49 13 40 49 49 9 28 36 4 48 48 10 37 39 12 43 6 39 20 3 19 12 10 0 12 8 18 23 49 45 21 49 43 49 49 21 49 16 43 12 49 49 27 49 7 37 22 49 7 49 49 49 39 24 49 25 49 16 7 49 21 49 49 12 18 40 10 49 1 34 16 30 49 4 1 16 49 46 48 49 31 4 25 49 49 49 37 49 16 
49 1 6 49 16 49 40 49 19 49 1 48 49 34 21 28 30 49 30 10 49 49 49 49 31 12 1 49 49 30 32 16 6 16 23 0 0 20 22 31 22 3 21 36 22 49 21 39 15 3 16 49 24 39 18 34 31 16 49 27 9 15 49 49 49 27 49 31 49 49 15 49 43 28 10 7 49 9 49 13 40 49 22 49 49 30 49 1 49 49 49 49 19 13 48 7 43 12 22 16 49 
27 49 33 31 49 15 39 40 49 49 10 7 49 27 24 49 28 30 28 25 49 30 49 22 49 46 13 39 49 49 31 10 24 5 4 6 7 0 18 31 22 21 49 33 33 49 15 49 31 22 16 9 46 3 49 49 49 16 19 24 49 10 15 16 36 6 15 49 18 42 6 25 15 37 43 45 49 49 46 24 45 43 3 27 49 46 9 49 49 49 49 49 49 40 49 31 49 4 49 34 18 
49 15 49 18 49 49 19 15 10 16 19 49 22 4 7 9 27 18 13 6 21 10 49 1 9 49 34 15 46 6 9 6 9 31 4 18 32 2 0 0 27 6 1 46 3 42 1 33 49 33 37 28 39 40 36 4 49 49 31 37 31 19 13 49 45 9 27 31 39 49 49 49 18 49 31 49 36 15 6 49 40 49 15 48 48 49 48 6 49 31 49 27 24 43 27 49 49 34 42 1 1 
4 49 43 49 4 49 1 19 49 40 39 30 28 49 21 37 31 40 15 39 49 49 9 49 16 30 43 7 28 12 12 2 4 18 26 8 4 12 3 0 49 49 25 49 4 49 31 9 49 4 9 30 37 31 19 15 30 9 31 40 49 19 49 49 43 25 1 16 13 49 18 49 48 33 49 49 12 49 31 49 49 13 40 49 13 36 22 28 33 3 49 10 15 6 33 39 9 10 36 49 49 
1 49 10 49 36 49 4 49 49 49 45 49 22 49 3 40 16 34 21 49 25 45 49 27 49 37 46 16 49 48 36 49 49 6 49 42 49 22 1 49 0 13 13 27 27 7 28 19 12 18 30 46 49 46 42 48 33 24 18 19 39 45 12 49 21 49 33 49 49 3 49 45 40 3 18 16 49 49 40 49 15 49 46 30 4 7 49 34 18 12 49 49 27 27 7 9 49 4 34 43 18 
16 1 21 7 49 15 21 6 49 9 1 42 49 31 15 31 15 49 39 16 48 19 49 39 22 12 10 22 34 49 49 49 49 33 49 30 49 16 30 13 20 0 22 16 30 16 9 26 4 12 33 49 19 45 49 49 9 31 42 49 45 13 7 10 28 33 34 10 1 39 45 42 22 39 49 22 22 3 49 30 34 42 42 48 49 49 21 3 16 49 22 18 18 12 13 49 1 18 39 42 24 
49 48 49 49 10 49 15 16 45 49 12 3 49 49 42 12 40 12 6 49 49 46 49 3 31 46 19 49 12 49 18 49 34 3 12 46 49 46 49 33 19 10 0 24 2 17 18 2 29 6 45 49 39 9 15 34 15 49 18 31 25 34 24 16 39 4 15 49 42 49 3 7 49 31 39 19 46 49 49 49 3 10 46 39 49 49 48 34 16 49 45 49 18 27 7 49 39 7 49 49 42 
7 43 49 49 24 16 6 39 21 28 49 49 49 49 49 49 19 36 27 13 37 28 36 49 49 45 49 31 49 22 49 3 6 49 49 43 49 49 49 49 3 3 16 0 2 6 10 18 24 30 37 48 13 7 49 49 48 22 45 49 49 27 49 25 21 3 9 37 46 46 3 49 1 49 1 12 49 9 15 10 49 7 27 3 49 49 21 33 13 22 24 6 39 49 25 3 49 1 31 40 49 
4 13 3 18 49 42 49 49 49 49 30 4 49 40 9 39 49 42 28 46 7 49 12 10 4 49 43 46 27 49 12 49 18 49 40 49 4 18 30 12 29 4 10 22 0 16 2 18 6 28 48 15 4 6 49 39 48 3 49 49 49 27 49 21 49 1 49 49 49 49 30 49 21 19 39 42 18 49 42 49 7 49 10 49 22 49 49 45 49 24 31 49 4 4 18 1 49 9 42 49 49 
49 1 49 49 49 45 49 19 39 21 49 16 34 49 49 15 15 24 49 49 37 45 36 49 24 43 13 1 16 49 34 33 49 49 49 7 27 49 49 49 22 24 10 24 15 0 3 24 27 21 1 34 49 49 49 36 48 30 3 19 37 49 42 40 3 22 49 6 45 39 49 49 30 33 28 49 42 28 49 49 49 21 3 49 37 7 49 49 34 46 49 49 24 49 12 49 40 49 49 49 49 
31 27 28 37 49 30 49 3 3 49 6 43 49 25 40 25 49 49 49 25 49 6 36 49 49 49 37 27 48 7 49 7 49 3 7 16 45 43 7 16 22 28 22 6 30 31 0 12 22 13 30 30 34 49 45 37 48 49 33 15 16 49 16 18 33 22 49 49 49 34 49 40 30 49 15 27 37 34 42 49 36 46 42 49 49 21 49 40 49 16 12 49 49 49 49 49 39 48 49 21 49 
13 39 30 3 40 13 4 18 7 46 3 31 10 9 49 49 49 49 49 36 45 49 39 49 49 6 31 28 16 49 19 49 31 12 15 49 39 18 40 49 4 20 22 2 16 24 10 0 12 28 43 33 46 49 3 37 30 49 49 45 18 49 40 49 49 49 40 9 6 13 1 49 49 30 49 49 49 34 49 13 40 49 3 48 4 49 49 28 28 6 49 40 49 37 49 37 6 49 49 6 49 
40 37 49 49 13 49 49 49 6 22 24 7 10 25 49 3 49 18 49 39 16 49 13 40 49 49 18 4 37 16 49 1 49 49 49 49 18 4 30 30 32 0 20 9 14 6 20 27 0 16 49 46 40 43 43 21 42 9 15 49 49 36 27 21 48 22 10 22 34 39 3 49 21 49 22 1 25 45 37 36 27 9 4 49 49 22 49 33 43 49 49 27 21 15 10 33 4 30 18 39 49 
49 49 34 9 45 16 12 49 1 18 25 49 49 49 13 49 19 10 7 49 46 49 49 30 49 49 10 49 49 45 42 6 4 49 49 28 43 49 49 49 15 28 15 2 31 12 7 22 8 0 49 33 36 49 43 46 15 3 49 1 21 1 49 40 1 49 49 9 30 48 49 49 28 49 12 49 49 49 19 49 49 7 39 12 34 49 36 27 48 10 49 49 13 15 9 49 49 49 9 9 40 
3 49 49 13 49 49 9 49 45 39 49 49 3 39 49 9 16 18 21 49 49 43 49 15 21 19 40 49 4 49 1 1 18 46 10 7 9 10 49 9 49 27 25 48 49 49 49 6 22 45 0 30 9 25 32 27 6 12 18 21 48 37 22 49 21 49 12 49 42 21 37 49 49 45 7 49 40 48 30 37 13 49 46 49 49 49 45 10 12 49 36 25 25 45 22 49 49 19 37 34 4 
49 49 28 6 49 15 49 49 49 24 45 48 49 18 49 49 49 49 49 49 37 24 22 3 18 49 37 49 49 46 49 9 25 49 49 25 46 34 16 43 36 49 49 31 43 49 36 49 15 7 29 0 13 32 25 20 11 12 23 1 49 37 37 48 39 49 49 25 42 49 36 9 34 49 49 40 46 3 49 10 19 49 37 49 49 13 49 49 24 19 18 3 49 13 22 49 4 30 49 49 49 
3 48 49 49 30 4 49 31 49 18 49 49 49 15 16 49 1 49 45 10 42 49 42 12 46 22 49 49 16 30 15 31 45 49 7 6 1 13 49 7 22 49 25 49 49 49 49 49 49 49 8 6 0 4 10 6 32 16 24 30 49 19 16 1 49 7 49 49 49 46 19 13 30 9 49 39 49 9 42 49 49 4 45 49 34 18 4 1 49 49 34 49 49 49 1 37 34 49 31 25 19 
46 37 49 49 49 28 1 12 33 49 39 33 15 49 13 9 4 49 36 49 24 34 45 34 28 4 24 37 4 49 18 4 22 28 46 16 49 49 49 22 16 40 49 25 49 6 12 33 49 49 28 16 32 0 26 30 28 22 24 16 7 48 42 34 27 16 30 4 12 13 15 27 39 31 48 49 49 19 7 7 6 49 33 22 12 7 31 18 25 49 22 4 1 49 40 40 4 28 49 16 27 
36 22 34 3 10 49 36 49 4 27 19 34 34 33 22 30 49 49 49 18 15 49 3 49 49 13 13 33 49 49 21 28 12 49 49 12 49 49 49 49 25 12 49 19 49 19 19 13 49 3 2 15 30 19 0 14 11 19 3 4 40 42 49 27 49 19 39 15 49 16 48 30 6 49 15 49 36 6 49 43 49 42 49 49 49 4 24 49 49 49 49 12 31 37 37 49 24 9 49 12 34 
1 7 7 40 13 48 19 25 46 49 7 10 21 49 3 48 49 27 9 49 46 49 7 15 10 33 39 9 28 37 42 40 6 39 28 48 30 16 33 15 10 28 49 6 49 15 49 49 49 6 7 6 31 21 20 0 20 29 9 24 12 46 49 42 16 49 49 36 49 49 43 3 40 12 15 12 49 15 6 49 49 49 49 24 18 49 49 49 12 49 46 18 34 28 30 28 15 1 21 30 6 
27 6 4 45 48 49 25 22 48 18 31 49 22 24 40 49 4 49 34 30 49 49 49 1 18 49 49 25 22 3 49 22 24 49 43 49 49 45 13 49 49 49 6 49 28 39 21 34 49 24 10 27 1 4 10 24 0 21 32 16 9 27 49 4 24 42 39 40 49 49 46 49 43 19 49 49 48 7 49 21 31 24 18 49 49 49 40 21 49 28 49 6 4 9 31 49 49 13 30 46 10 
43 12 9 27 21 9 10 12 30 27 37 10 40 25 28 49 42 3 49 49 24 34 49 28 34 3 7 10 34 49 15 49 49 13 37 39 37 46 19 6 4 36 49 46 49 4 49 19 49 6 10 18 11 31 16 6 24 0 8 21 30 30 46 49 49 49 37 6 15 49 49 49 12 49 49 49 15 49 39 27 49 49 49 49 1 49 1 49 49 49 31 33 3 37 49 46 49 39 49 49 46 
39 49 49 49 33 49 10 36 48 49 15 3 49 15 40 3 39 33 49 40 49 46 49 40 40 4 49 13 49 27 49 27 19 31 21 33 43 34 27 40 49 49 49 13 48 3 49 49 4 49 27 19 31 26 12 32 6 9 0 11 49 39 22 49 21 49 49 49 46 49 40 33 49 48 12 49 49 27 1 49 49 49 49 49 6 49 16 13 49 39 49 36 10 48 30 7 49 13 36 34 42 
49 13 24 33 10 36 10 24 28 49 49 49 13 49 42 13 49 34 21 49 28 40 48 40 49 42 12 42 3 49 6 49 49 25 49 49 40 49 40 49 16 49 39 49 49 22 49 36 49 9 6 17 24 21 26 27 30 12 23 0 49 49 6 19 39 18 19 49 39 37 49 40 49 49 49 43 49 49 24 45 49 49 1 49 46 27 49 49 49 27 49 22 36 40 43 16 19 31 48 49 25 
16 37 34 49 22 39 16 49 28 37 45 39 18 34 7 31 10 48 43 49 39 9 49 18 39 37 24 49 49 12 30 13 40 22 49 25 46 48 49 49 10 25 49 13 49 30 49 34 4 31 15 49 49 22 49 49 40 49 49 49 0 21 25 31 32 15 10 6 16 4 1 31 45 22 49 49 49 30 10 46 49 49 33 28 49 25 37 10 25 18 24 28 24 36 4 10 16 49 6 49 12 
9 18 28 49 1 4 30 37 45 7 49 49 39 49 49 49 48 12 19 48 49 49 49 25 7 40 49 6 49 9 42 9 24 1 19 12 10 18 49 49 33 13 12 49 6 3 40 24 12 12 49 30 49 49 42 36 40 49 49 16 18 0 28 16 23 3 30 12 2 19 49 7 49 19 4 43 36 40 18 49 49 49 30 4 15 49 24 21 46 16 49 49 49 39 49 49 49 49 49 49 45 
49 22 15 25 49 49 49 49 49 36 33 46 40 3 49 48 46 19 19 49 19 49 13 18 39 12 12 49 45 49 36 49 46 24 28 46 49 28 42 36 22 49 15 33 49 1 49 49 49 36 1 49 49 18 48 16 39 27 33 12 4 25 0 6 30 7 4 12 2 28 49 49 49 40 49 49 24 40 49 16 45 25 49 15 49 40 49 49 49 25 43 49 49 45 28 24 24 34 40 3 49 
13 49 40 49 1 37 49 49 49 49 30 49 49 49 16 49 49 33 33 21 24 49 49 49 49 49 10 48 49 13 49 19 49 27 16 49 39 45 49 22 21 27 27 37 4 49 7 33 7 36 19 49 49 30 37 7 3 49 34 49 32 12 25 0 6 31 16 2 17 7 7 24 34 43 1 49 49 48 49 21 22 49 49 25 49 49 22 31 19 49 39 49 3 37 49 49 19 40 49 49 27 
9 28 37 46 45 49 49 6 40 49 49 3 49 49 49 49 33 40 4 49 16 10 49 49 24 49 15 49 21 13 1 49 49 22 7 36 49 49 43 49 10 15 49 36 39 49 49 39 43 16 49 49 33 31 49 28 49 27 48 49 2 5 27 6 0 7 26 18 32 26 1 49 30 49 49 19 10 25 36 49 49 49 6 40 49 24 49 19 13 49 7 21 15 49 49 49 24 6 12 10 49 
12 40 25 49 21 21 49 49 15 49 49 34 3 49 24 6 49 49 19 45 31 15 40 49 49 9 25 49 49 45 25 39 3 43 45 49 49 45 46 33 49 49 19 24 49 42 49 49 46 49 9 49 49 21 49 49 34 24 46 13 10 28 7 10 16 0 28 16 9 24 42 36 1 49 16 49 28 43 45 12 49 31 49 49 6 48 9 36 49 49 39 16 25 13 27 22 49 33 7 31 49 
34 16 49 7 49 3 21 49 21 9 49 46 6 1 49 46 49 49 33 30 31 40 24 30 49 49 48 49 39 49 49 49 24 45 4 30 49 45 39 49 19 49 40 34 1 28 49 13 7 21 49 7 40 34 49 39 49 49 49 49 11 21 13 19 31 10 0 30 18 2 6 1 1 4 34 1 15 37 12 9 33 30 1 40 46 31 27 9 49 49 7 49 49 7 28 45 42 49 49 42 10 
10 16 9 42 46 1 49 45 39 12 15 9 33 1 1 33 3 49 42 49 49 49 42 33 49 16 49 49 4 1 49 49 4 22 49 7 49 9 49 40 49 49 49 49 13 16 49 49 49 12 49 27 40 24 49 31 22 7 31 49 24 28 32 14 12 28 3 0 4 22 49 49 49 1 31 10 1 12 4 7 15 49 43 34 34 3 1 10 27 6 49 43 49 49 49 37 49 49 4 7 49 
33 30 49 49 6 49 49 49 49 49 19 13 49 19 21 24 43 49 34 49 49 22 25 49 39 49 34 15 49 45 4 49 19 34 49 7 12 28 18 39 15 9 45 27 9 27 33 46 49 13 24 18 48 45 49 33 25 42 3 49 32 30 30 17 11 5 1 12 0 17 4 49 49 49 19 49 16 49 13 33 31 31 49 49 34 31 33 43 18 42 49 49 49 37 49 21 48 34 45 19 36 
1 6 49 21 49 49 16 33 10 6 10 6 13 49 49 27 48 30 49 9 9 12 40 49 37 19 27 10 48 36 49 49 49 25 45 19 49 49 49 46 45 49 49 49 45 3 49 36 34 49 33 4 43 28 49 24 49 33 1 9 6 20 12 6 16 28 22 17 22 0 49 42 49 6 39 3 24 7 16 49 16 25 49 46 36 46 31 7 48 49 19 16 16 49 27 40 33 21 49 37 49 
21 19 4 49 39 43 49 34 10 49 27 49 49 49 45 31 12 42 49 49 49 49 25 49 49 12 31 49 49 46 21 3 19 19 6 7 15 49 49 39 40 45 49 19 16 48 15 24 49 24 25 27 46 1 36 37 3 49 37 49 24 49 10 49 49 39 30 24 49 33 0 30 32 12 24 32 18 3 19 25 16 28 16 37 7 49 49 3 6 13 13 16 49 46 24 9 36 12 42 30 49 
49 49 49 49 45 9 39 46 49 36 6 7 4 37 25 21 33 49 45 36 37 25 49 25 49 49 18 39 49 28 46 46 16 49 46 12 45 49 49 49 12 40 10 49 49 39 49 10 49 49 1 49 49 49 49 37 30 49 39 49 12 49 22 18 49 49 30 49 49 4 12 0 29 28 20 9 20 24 22 6 49 19 36 12 43 18 18 49 33 34 36 3 49 21 36 27 49 33 21 40 49 
46 49 9 25 42 36 43 46 15 21 49 4 49 49 49 45 15 12 16 9 9 28 45 33 37 49 49 49 4 15 39 39 49 18 49 27 49 25 49 31 40 49 6 28 49 49 49 10 10 36 27 49 45 33 22 45 28 18 49 49 49 49 40 49 40 28 36 28 42 10 32 21 0 29 32 9 20 25 10 30 49 49 15 49 49 15 19 49 18 49 1 33 25 49 12 25 46 24 31 49 45 
42 40 46 15 28 49 49 15 49 21 49 28 27 49 49 37 45 22 49 6 7 10 9 48 42 21 49 28 12 49 16 48 27 49 36 43 49 49 22 15 37 21 36 9 4 46 36 16 49 49 46 49 49 25 28 40 31 25 49 27 9 49 15 7 21 49 16 19 34 33 4 17 27 0 4 1 23 21 18 1 30 30 6 7 45 49 43 48 16 36 27 18 49 31 49 49 7 48 49 49 10 
49 27 49 13 46 1 43 49 45 43 25 22 49 7 39 27 36 49 49 19 46 18 33 40 36 25 49 46 43 19 31 49 49 27 3 33 43 49 27 49 7 28 13 49 3 9 27 10 18 49 46 33 49 49 49 30 4 33 9 1 4 34 49 37 49 49 22 25 16 49 14 23 22 22 0 32 20 30 9 24 15 34 49 49 4 9 49 21 34 7 49 45 49 49 49 25 34 49 49 33 16 
10 18 39 13 49 39 21 16 33 49 12 16 49 7 49 1 37 7 22 49 10 49 12 1 49 28 13 49 49 40 49 19 49 27 49 16 4 45 40 21 10 49 7 49 49 36 4 34 28 43 21 49 13 33 31 3 40 40 49 10 27 24 6 45 49 49 1 1 33 49 30 12 21 29 14 0 11 3 6 12 39 49 34 21 45 45 10 15 49 10 27 43 43 49 46 24 4 27 7 49 28 
39 48 19 21 49 39 49 49 24 22 49 4 49 48 49 49 49 49 49 7 12 49 37 31 49 10 4 27 49 13 40 49 49 49 15 1 27 49 49 27 31 16 36 9 40 22 12 13 16 49 6 46 9 10 7 30 49 15 49 49 13 6 43 27 48 34 49 30 49 4 18 13 17 26 4 20 0 26 14 4 43 12 49 16 15 4 33 49 49 49 39 19 49 49 36 49 1 49 7 28 12 
49 42 24 49 12 12 22 30 46 10 49 10 7 15 49 49 36 42 10 27 49 6 49 49 49 31 42 49 49 49 48 30 49 39 15 49 24 43 45 15 24 9 49 49 13 43 49 31 15 28 49 43 6 6 33 39 49 49 48 24 49 49 49 46 30 36 10 49 49 36 16 14 18 0 26 16 13 0 10 9 3 9 9 6 49 40 13 13 48 36 18 49 37 15 49 49 49 49 48 16 45 
9 49 49 49 6 49 49 49 3 43 49 6 49 49 42 49 49 31 39 27 49 10 18 36 37 7 27 49 49 3 46 49 13 24 49 49 15 40 49 9 24 49 48 49 49 37 36 37 4 43 49 3 48 49 49 49 49 33 1 49 49 49 30 49 13 49 43 45 31 12 18 5 12 3 14 20 16 2 0 30 45 49 45 49 49 6 49 40 16 49 18 49 10 19 37 1 49 30 28 40 40 
49 45 12 45 49 30 16 49 4 33 40 49 31 42 49 42 34 6 9 42 49 30 10 49 40 49 40 7 36 45 49 49 1 49 18 49 22 34 6 49 9 49 49 49 18 42 37 18 10 13 49 18 12 49 49 37 40 49 49 49 40 34 49 21 10 48 3 1 49 42 2 1 28 16 8 20 8 11 7 0 33 25 49 27 19 10 49 49 31 27 49 45 7 49 13 36 49 49 9 30 49 
49 16 6 21 15 24 16 40 49 49 16 6 49 49 49 49 49 37 49 49 49 15 49 13 49 15 49 4 49 49 9 48 49 49 9 49 49 12 49 4 7 49 18 49 9 49 49 18 46 7 49 48 49 25 49 9 3 18 49 40 49 46 45 40 22 49 49 6 49 30 13 42 27 49 31 49 3 49 49 4 0 28 4 0 14 32 15 1 24 13 22 49 49 9 6 37 49 49 49 18 34 
30 49 49 30 9 9 34 49 10 10 13 49 49 12 15 49 49 13 49 28 49 30 49 43 36 13 9 49 28 39 46 40 33 28 1 24 49 49 49 40 37 12 49 36 3 9 7 49 49 15 49 36 22 49 48 31 21 1 36 9 22 18 1 34 6 49 48 45 25 21 22 10 9 49 9 36 49 19 37 18 9 0 14 0 30 9 15 7 24 5 4 22 13 28 49 43 19 49 49 28 49 
19 31 12 1 18 49 15 49 16 7 30 15 7 21 21 27 33 49 30 49 49 36 6 49 49 49 45 33 19 43 36 21 28 40 24 9 49 49 46 49 15 9 49 25 49 49 49 25 49 21 28 45 49 49 40 1 49 12 49 12 49 49 30 3 46 49 48 49 49 49 33 1 36 22 39 16 49 18 48 49 18 27 0 12 6 32 5 12 2 10 34 34 49 30 49 37 34 43 4 36 49 
49 42 36 19 49 49 40 49 49 46 39 49 16 19 49 27 13 49 22 42 9 49 25 49 49 45 37 9 1 49 49 28 49 39 33 49 43 13 49 4 19 7 6 7 16 49 49 49 10 43 46 25 48 36 49 49 13 13 46 13 49 12 3 49 28 9 49 30 9 39 49 34 49 49 37 49 49 16 15 48 25 26 3 0 26 18 29 27 32 3 1 21 10 49 22 22 49 49 12 22 21 
49 48 45 49 30 49 40 33 49 33 30 21 28 49 45 13 25 1 49 45 19 42 42 39 3 46 34 22 36 1 39 49 37 49 27 36 34 37 49 49 49 28 21 1 7 4 49 28 16 6 48 49 1 22 45 49 18 13 37 48 36 49 22 39 48 21 49 3 49 1 49 46 30 49 7 3 49 49 7 6 6 30 5 15 0 20 5 2 30 32 48 49 49 22 27 19 15 16 49 49 49 
49 4 49 13 6 49 49 43 12 42 37 3 49 6 39 15 49 45 16 28 25 3 36 49 48 49 9 49 13 40 12 33 24 12 22 49 49 34 37 22 21 49 49 49 49 49 7 37 12 49 49 49 43 49 9 30 25 6 49 22 4 4 28 49 49 10 37 36 3 34 18 25 49 10 31 18 49 31 10 49 20 21 30 22 22 0 14 12 16 29 3 15 49 49 49 39 49 49 49 49 49 
49 49 43 13 3 49 48 16 48 42 30 49 15 49 49 10 27 49 49 31 22 49 49 49 49 49 25 49 49 49 49 12 34 13 34 49 42 9 49 3 9 43 49 27 19 31 21 43 49 49 49 15 49 43 19 39 45 33 49 27 18 28 49 48 46 49 49 49 49 49 22 49 37 49 49 46 30 33 49 3 9 21 3 23 18 27 0 0 16 23 25 49 13 49 36 49 37 49 49 49 49 
36 42 19 49 10 49 4 7 48 49 13 31 49 28 40 49 16 49 1 12 49 16 24 31 49 24 27 49 49 30 49 40 49 49 49 6 16 1 18 31 43 27 45 37 39 15 28 13 49 36 49 7 49 49 48 49 46 45 49 49 6 49 25 12 6 25 49 49 49 49 1 16 24 49 24 15 21 43 42 24 16 30 20 22 6 0 26 0 27 19 13 49 49 10 9 49 27 24 40 46 49 
34 7 39 49 49 33 49 22 22 49 24 49 49 49 39 33 25 49 49 25 30 13 7 30 36 39 30 49 49 18 49 37 6 21 49 49 31 4 49 40 49 49 49 42 49 27 49 33 42 49 49 49 49 49 49 16 28 49 15 49 6 49 37 3 16 46 10 49 1 40 15 49 49 49 49 31 9 49 49 18 22 32 18 4 8 30 28 2 0 31 16 37 49 49 36 48 49 43 37 13 49 
36 31 22 49 49 45 45 7 39 31 9 30 6 27 49 36 33 16 6 49 49 49 21 43 4 40 43 16 49 12 15 10 42 25 18 1 49 43 49 31 16 6 49 49 12 49 13 3 27 49 21 24 3 33 21 15 28 21 1 43 40 49 7 7 49 49 6 22 36 36 49 49 45 49 28 48 16 49 37 18 27 5 15 31 7 18 12 6 17 0 49 39 49 37 18 27 49 40 49 40 12 
49 36 40 48 33 10 49 34 1 24 49 1 49 36 49 49 27 31 39 49 49 4 49 46 36 49 16 1 7 49 49 43 49 12 34 45 39 12 33 49 43 13 49 46 42 49 15 22 33 4 36 1 49 22 21 4 42 43 39 49 48 10 28 13 34 49 49 49 9 3 49 46 21 16 19 45 49 12 27 46 6 22 43 39 45 49 49 16 19 30 0 8 17 31 17 9 28 26 8 12 15 
16 6 49 15 46 3 21 6 24 18 49 49 49 27 49 18 43 39 22 49 10 49 36 49 49 36 19 13 42 12 25 24 24 21 49 30 37 18 15 18 45 28 33 49 49 49 37 49 18 48 48 27 31 28 36 37 34 49 49 39 43 46 49 45 49 49 49 18 19 18 49 49 18 49 49 49 6 30 49 49 49 49 40 39 10 27 49 49 39 49 21 0 18 4 22 27 11 5 6 9 1 
16 12 31 28 25 49 37 7 13 39 34 24 18 49 49 49 42 3 49 49 13 7 13 18 13 37 40 33 24 49 27 49 49 43 49 46 46 18 45 36 48 49 19 24 9 30 3 27 39 36 15 6 49 4 43 22 49 7 49 49 43 49 49 4 7 49 12 24 49 30 3 7 10 49 45 45 49 7 37 28 49 4 1 49 19 49 36 16 49 49 13 8 0 1 4 16 23 14 13 14 45 
49 49 34 49 39 49 49 33 49 49 1 48 49 16 34 39 49 49 12 49 18 9 49 22 31 1 34 25 13 49 13 49 36 3 16 16 4 19 9 46 16 7 49 13 49 28 49 6 39 40 36 36 49 49 4 49 21 45 39 49 42 28 7 9 34 22 9 36 36 42 42 49 49 49 1 40 24 49 39 46 49 49 18 1 49 42 36 34 37 28 17 18 15 0 12 23 16 21 32 20 7 
45 49 10 22 39 49 49 15 36 24 13 42 13 46 49 18 49 46 28 33 30 49 18 1 49 49 10 49 49 49 49 48 49 25 49 33 27 49 15 49 49 31 49 49 45 49 49 4 19 37 22 49 10 34 42 10 21 49 24 49 27 10 34 49 49 39 36 49 49 31 49 21 42 49 22 49 49 9 4 21 7 40 49 9 1 30 12 16 21 15 11 13 17 18 0 7 22 0 19 17 37 
49 49 40 49 16 49 49 19 49 25 39 21 4 12 4 27 36 37 42 10 49 49 10 18 6 49 48 49 49 13 36 4 43 34 49 49 1 46 43 49 18 34 12 49 39 49 6 49 16 22 15 13 13 49 49 34 10 49 49 43 15 45 49 21 25 49 13 49 49 43 22 49 43 49 49 49 22 10 49 15 46 43 49 9 49 33 25 31 48 21 32 20 1 4 6 0 31 32 19 6 4 
49 22 15 46 6 30 7 49 49 49 10 16 22 39 49 37 10 34 49 43 49 12 39 49 49 49 22 12 49 31 22 49 31 22 18 24 49 39 27 49 34 10 49 3 30 6 40 49 49 49 9 49 49 36 16 37 13 49 49 6 49 16 21 45 16 21 10 34 3 4 22 34 24 49 18 49 28 49 40 12 49 49 43 49 39 46 45 40 49 24 5 1 32 8 18 29 0 20 9 16 34 
16 30 3 49 16 7 34 40 49 1 10 3 19 34 42 16 31 30 42 49 49 40 1 19 49 49 25 45 49 49 1 49 49 49 39 28 49 45 16 9 9 49 49 1 49 13 25 39 49 33 16 49 49 48 22 19 13 22 36 49 49 49 49 49 25 18 49 12 9 9 9 49 49 37 49 9 49 39 15 34 40 18 3 27 9 45 36 46 28 15 15 12 9 32 14 10 4 0 6 22 3 
49 49 49 25 4 24 49 49 49 4 30 12 49 49 40 49 49 16 48 49 19 43 48 49 49 25 49 13 1 49 49 49 33 19 31 49 33 12 49 46 49 31 10 22 33 12 12 30 27 49 4 16 30 49 49 27 49 36 30 27 42 49 24 16 37 49 37 42 40 49 43 19 49 39 36 49 48 36 12 49 28 49 40 49 19 12 18 49 18 9 12 1 25 26 5 8 26 23 0 12 49 
31 49 49 49 33 49 49 46 33 48 9 43 13 49 4 43 49 49 15 49 22 9 22 4 49 19 37 49 21 43 49 30 49 28 49 45 10 34 27 49 31 22 7 1 45 13 49 49 16 12 49 49 49 49 37 18 49 15 1 49 4 49 31 27 16 49 30 49 40 33 40 49 43 48 49 48 34 24 30 43 22 49 49 42 9 49 40 49 6 40 26 26 32 17 6 32 26 32 30 0 49 
49 49 4 49 34 30 33 15 16 21 12 24 49 21 19 42 34 49 10 43 49 49 30 24 46 49 6 43 48 49 36 3 49 49 49 15 49 49 49 49 22 49 43 49 36 46 18 31 30 45 48 49 27 49 22 34 49 49 39 21 49 49 49 49 7 49 49 49 37 34 48 49 27 6 21 15 4 31 36 30 25 49 39 39 49 19 6 21 1 49 40 49 48 46 10 21 31 25 46 31 0 
