n: 100
m: 10
Pi:U[1-99] 21 97 59 47 72 99 90 26 40 50 74 37 79 18 50 95 7 43 53 78 54 26 23 31 22 43 90 7 32 60 25 43 91 95 95 55 16 85 32 29 42 45 2 2 78 90 71 98 18 61 22 93 31 2 28 65 19 55 12 36 93 69 82 3 94 36 72 50 85 59 45 73 87 54 98 96 5 67 15 84 75 70 99 13 28 64 79 15 70 28 99 41 94 52 87 66 69 99 53 1 
Si:U[1-99]
0 66 95 18 44 2 23 82 41 64 49 45 31 59 40 70 11 66 38 42 84 43 79 93 27 68 93 43 78 70 7 96 93 94 98 69 21 3 59 93 79 85 21 20 10 70 46 87 38 8 37 94 90 97 72 59 71 41 25 19 85 41 55 98 75 72 35 26 16 36 51 66 58 76 20 28 11 85 17 78 42 57 91 43 40 27 70 49 72 76 13 51 24 25 73 39 47 39 42 98 31 
53 0 10 9 27 73 85 67 13 70 57 13 54 97 74 8 47 14 56 60 96 29 2 8 43 56 31 90 48 32 11 65 18 38 62 39 99 76 23 34 94 49 72 32 17 45 99 85 85 45 75 88 61 82 81 61 41 79 89 5 45 74 60 67 7 25 33 37 22 74 61 66 9 81 62 35 73 89 8 60 67 61 17 91 24 20 97 85 77 73 30 38 50 26 38 95 60 97 65 42 7 
90 56 0 90 41 89 18 76 73 46 37 62 56 55 29 75 69 33 79 39 12 58 78 27 74 59 26 90 32 58 89 85 71 97 49 41 42 2 76 21 18 23 58 68 9 66 90 64 28 13 46 24 9 1 44 47 54 47 14 31 46 15 67 38 30 92 28 29 86 19 7 44 94 31 71 6 78 94 4 95 21 2 20 55 72 57 70 64 12 69 12 7 38 78 14 66 24 33 82 5 13 
79 99 43 0 33 64 97 24 83 43 2 28 16 89 6 85 88 25 10 63 14 73 60 75 31 61 72 3 11 19 1 39 17 91 7 67 10 20 4 73 93 57 12 82 93 27 54 67 92 69 78 86 59 4 66 44 16 52 88 93 10 57 67 4 88 10 47 58 58 14 73 37 35 6 77 37 71 85 86 61 71 74 31 33 39 31 70 60 76 13 12 34 3 23 26 14 5 4 25 39 32 
60 54 12 9 0 19 79 53 37 69 87 33 75 33 49 93 55 28 9 41 8 78 83 9 78 93 35 63 35 30 24 70 66 32 62 79 94 69 49 93 24 34 67 12 67 94 91 95 90 8 27 42 30 97 3 17 64 57 11 19 23 99 48 76 98 95 85 32 6 17 89 58 18 63 93 94 53 60 32 28 67 1 21 33 46 74 55 59 57 83 26 30 79 4 83 3 70 69 32 5 88 
56 97 58 84 41 0 26 12 39 95 93 97 99 37 78 42 49 87 36 3 70 56 46 43 38 37 26 58 27 13 48 82 12 58 87 52 70 53 44 35 34 5 55 46 80 58 67 72 76 85 11 25 42 74 30 15 61 17 69 86 17 19 51 44 55 74 99 12 48 4 78 80 9 30 29 68 70 76 46 71 56 63 41 42 68 98 44 32 95 25 65 8 23 60 81 61 12 36 7 62 18 
8 91 37 93 63 43 0 7 75 29 76 43 65 45 20 94 18 73 2 39 93 96 38 86 93 83 44 47 38 52 13 36 26 51 96 56 94 17 8 98 62 27 36 10 49 16 49 96 47 16 42 71 47 68 35 71 16 12 65 28 76 79 46 20 26 64 77 44 21 30 67 70 17 44 30 66 13 41 72 20 90 63 70 52 46 28 46 53 98 11 21 30 20 21 25 25 5 40 41 92 27 
7 11 70 57 22 74 51 0 92 57 84 49 83 40 58 45 77 60 57 12 13 49 53 17 7 88 5 55 93 63 54 36 7 99 19 55 32 15 74 88 23 16 76 50 2 80 37 94 79 75 22 69 17 3 18 13 9 74 7 46 97 1 72 42 71 48 51 80 47 58 67 12 52 99 31 97 56 69 94 18 64 68 44 16 52 79 78 2 54 48 76 39 74 88 38 74 53 92 65 69 17 
37 57 59 76 61 27 22 17 0 67 69 21 9 7 19 2 23 52 36 35 42 95 17 19 92 1 57 29 66 39 88 43 30 51 8 65 53 27 52 90 28 51 6 68 65 52 69 12 41 22 8 30 23 95 24 12 79 41 30 88 95 62 26 20 33 9 81 10 33 30 45 98 58 18 84 79 67 51 64 36 82 51 59 98 4 49 90 74 67 63 24 40 55 12 17 80 89 79 60 54 56 
65 52 20 29 77 4 92 10 8 0 75 71 59 57 78 55 44 23 66 78 37 59 41 55 43 75 72 92 96 13 79 23 95 43 74 47 50 69 94 26 42 66 79 28 2 96 23 95 62 22 85 5 58 47 43 89 99 36 10 6 83 36 32 69 86 16 71 75 66 14 18 20 73 24 17 52 72 1 12 19 60 99 99 81 99 61 68 22 96 48 75 99 75 40 51 74 98 68 74 64 74 
10 28 51 80 40 38 29 92 91 95 0 21 88 91 78 26 35 96 17 7 19 18 6 56 50 8 74 59 73 51 55 53 46 40 34 21 48 25 54 90 86 41 88 85 13 36 75 62 34 52 74 52 64 98 31 54 53 14 52 89 55 90 20 7 2 65 70 68 14 27 35 14 77 6 26 23 21 25 77 51 16 26 54 47 94 2 86 71 8 42 10 59 60 71 39 66 19 76 83 50 67 
48 36 27 39 84 3 30 4 68 16 18 0 62 66 44 84 21 79 13 53 97 52 37 67 42 82 96 8 58 51 93 35 69 79 8 63 23 98 97 53 52 97 5 27 94 99 30 16 96 76 81 37 66 85 20 73 62 80 19 84 7 78 84 41 91 17 72 89 51 34 48 10 20 41 36 33 21 50 6 26 49 30 93 77 18 53 11 55 26 64 59 93 73 59 43 78 14 64 27 80 71 
54 30 68 99 74 38 47 73 97 41 6 91 0 98 85 26 11 12 59 1 6 39 72 85 27 66 53 27 18 24 39 52 2 95 86 43 80 67 16 18 90 91 16 45 51 93 8 38 63 37 97 58 35 46 16 89 7 68 98 12 47 49 15 98 31 2 85 21 57 75 46 17 51 75 71 22 12 94 20 67 25 53 79 66 30 41 65 81 44 96 78 74 90 97 80 60 8 58 77 41 56 
89 13 48 5 25 88 13 91 71 1 62 96 65 0 79 70 24 4 96 63 11 29 4 71 66 84 2 73 82 85 6 44 13 30 91 15 79 16 37 77 62 94 97 17 97 53 24 97 87 36 12 35 56 25 86 88 46 71 31 29 8 4 8 53 45 30 88 78 43 79 82 46 71 88 72 99 31 3 83 40 82 26 42 94 65 14 54 81 82 92 64 35 24 61 89 13 62 94 19 65 44 
31 48 10 34 70 67 60 91 86 19 93 91 9 62 0 7 64 93 5 72 4 11 84 63 74 70 81 67 11 21 9 9 45 82 82 92 2 63 84 27 78 43 90 42 10 91 15 61 77 15 85 62 17 8 53 50 62 84 46 37 91 38 73 66 91 53 73 26 61 31 58 2 80 79 53 74 35 91 74 64 76 4 46 24 85 90 80 50 73 24 86 73 40 73 98 50 55 97 26 21 59 
30 94 58 38 80 39 38 99 59 20 16 46 69 83 84 0 29 8 19 85 98 88 95 67 15 82 80 91 52 22 40 89 70 77 10 44 27 64 5 32 43 11 48 83 35 90 54 96 96 84 41 3 17 39 52 55 15 99 84 80 95 65 97 74 5 32 61 47 57 84 94 46 22 54 51 57 38 94 29 93 7 54 85 36 80 56 88 36 78 29 61 96 73 39 93 12 46 69 40 59 6 
46 87 65 8 26 53 59 84 93 61 19 24 90 33 68 5 0 84 53 41 44 16 12 52 10 99 15 31 62 67 24 19 61 97 56 73 16 42 92 93 27 97 5 23 42 3 2 41 51 86 26 72 28 41 68 88 93 51 57 73 62 17 75 38 29 99 7 79 56 8 12 59 4 59 76 70 35 55 17 69 74 15 42 11 18 20 42 58 57 18 92 56 92 10 35 26 44 1 11 52 93 
49 18 89 87 72 36 50 75 12 18 49 82 19 26 63 14 97 0 70 23 17 69 75 24 33 28 74 22 56 66 87 10 38 88 59 26 19 93 2 65 93 42 5 39 82 74 93 80 48 30 7 39 3 50 60 15 6 97 23 53 14 66 38 94 63 24 5 51 62 47 86 23 89 45 62 20 41 20 95 48 28 16 39 31 15 55 44 98 87 29 91 41 22 80 4 87 53 38 68 62 79 
38 95 89 22 82 25 17 34 71 81 11 78 21 93 90 56 3 72 0 51 4 81 28 74 93 72 41 87 44 97 57 78 8 25 48 28 42 83 79 42 26 26 13 97 46 75 97 53 83 76 59 37 34 92 46 31 78 93 15 73 77 11 55 54 50 37 91 23 77 3 84 59 6 37 45 57 43 75 35 87 48 36 24 11 8 59 98 58 36 11 62 43 91 17 95 23 7 24 57 15 43 
80 88 48 83 76 69 89 1 8 96 24 82 50 83 78 40 1 55 67 0 58 4 77 37 32 26 44 20 43 12 53 66 42 68 17 2 69 18 23 4 92 70 68 29 82 30 95 33 94 64 81 39 44 68 72 97 60 73 47 20 81 5 78 44 92 81 57 60 73 28 69 93 51 71 9 58 53 41 78 54 18 94 5 39 44 62 29 24 9 15 22 30 32 36 62 48 62 54 27 5 57 
4 90 30 72 75 2 85 32 65 29 85 85 36 26 29 62 18 45 3 61 0 93 50 89 56 99 67 93 43 44 47 84 74 62 13 48 15 62 92 16 16 37 39 63 31 24 1 38 48 90 88 25 46 85 86 56 82 34 83 41 84 20 28 84 8 95 40 27 10 77 19 41 20 26 82 64 93 5 15 28 71 45 93 96 97 75 22 68 82 16 75 94 11 67 85 44 86 67 44 56 96 
45 58 32 87 14 89 14 61 8 65 53 5 27 75 82 9 46 3 75 30 3 0 24 98 85 2 75 12 15 17 16 49 92 47 5 63 56 61 39 84 78 32 90 12 90 52 51 72 59 2 66 85 36 20 62 53 60 29 62 1 81 3 99 16 75 31 38 89 51 53 21 47 12 4 31 2 90 89 28 30 5 79 69 45 23 66 61 39 12 41 58 38 68 67 75 33 33 52 25 94 72 
35 4 58 21 19 78 87 54 5 65 43 45 94 11 63 27 70 26 58 31 69 7 0 20 11 64 81 14 62 90 82 66 66 75 3 19 82 47 99 89 62 61 77 81 36 59 5 21 89 81 21 68 52 67 51 40 75 55 15 60 85 74 85 31 3 32 89 22 35 13 22 76 81 55 4 8 55 69 78 25 89 77 65 80 56 6 57 27 73 32 10 3 19 97 33 93 50 69 34 52 14 
89 87 74 97 8 33 46 1 13 50 36 38 72 7 62 59 11 72 98 26 13 85 79 0 67 96 70 44 86 35 70 78 16 59 58 8 34 95 8 65 27 81 19 84 68 11 58 73 9 28 87 80 48 86 49 3 55 15 3 93 20 29 54 22 5 1 89 63 50 99 19 20 8 27 50 45 42 58 64 52 7 97 80 1 35 42 55 33 87 91 32 74 57 2 3 15 51 94 34 70 37 
54 41 35 92 28 20 51 74 68 9 42 45 62 27 17 60 26 24 33 9 64 95 44 7 0 35 76 6 65 42 33 19 54 39 69 6 35 61 41 65 73 37 17 43 27 90 47 4 24 92 46 37 11 27 89 28 34 29 29 13 74 52 62 51 5 19 96 17 24 10 87 46 57 55 94 97 73 88 49 95 44 78 70 84 22 89 41 11 75 99 56 76 40 26 95 86 59 83 40 96 18 
70 6 85 42 68 11 10 38 87 14 16 68 8 55 58 31 47 16 93 88 54 31 44 89 22 0 55 5 95 76 52 25 6 19 3 67 28 61 30 3 44 29 94 70 29 72 5 79 32 49 47 50 1 82 8 18 25 5 35 32 7 31 26 27 63 3 21 87 15 33 79 89 35 25 35 77 54 20 98 43 66 53 93 97 43 53 23 3 32 17 35 97 98 80 92 98 22 22 11 20 70 
44 88 35 58 56 18 40 9 78 62 45 57 11 59 85 9 8 18 72 91 48 12 11 30 5 3 0 22 35 34 76 83 39 64 18 68 37 79 75 79 7 32 84 54 17 72 50 41 75 29 52 89 44 63 38 6 54 24 51 20 85 24 20 89 69 36 44 17 86 97 62 8 66 6 75 9 2 42 63 14 41 78 46 82 70 49 34 87 63 12 59 10 45 12 1 92 60 15 66 71 67 
35 82 61 48 6 61 41 4 59 52 35 42 5 26 55 65 49 86 28 89 58 14 14 23 96 16 88 0 47 80 91 43 32 31 22 88 59 17 44 33 43 50 80 13 89 2 82 84 95 18 10 85 88 47 64 69 35 50 10 58 83 58 2 35 81 22 97 4 47 56 57 3 94 44 94 20 67 13 46 9 50 56 90 13 88 14 36 23 89 25 25 86 22 47 44 75 57 44 18 21 79 
26 10 20 44 40 1 84 85 57 96 77 43 25 31 73 2 3 26 44 42 30 79 60 1 46 77 62 89 0 7 32 66 33 45 50 59 45 78 56 71 47 31 41 16 14 77 36 24 43 34 65 23 41 21 30 95 52 82 95 44 55 10 58 76 76 60 93 65 4 15 58 90 82 42 91 82 83 91 58 23 58 36 5 29 71 87 4 89 7 66 8 17 69 74 4 90 50 47 57 39 68 
63 67 88 1 67 12 54 47 60 13 1 48 7 91 75 20 99 80 64 62 62 13 32 33 22 85 79 98 43 0 84 83 10 97 40 96 42 84 54 5 42 74 44 82 33 65 52 53 95 83 12 85 36 45 3 88 82 97 27 89 4 43 78 72 1 54 18 59 40 99 3 86 21 62 23 28 29 74 60 21 68 67 20 78 79 29 49 52 29 35 44 96 38 34 85 64 96 67 33 89 58 
13 21 65 94 48 3 53 59 22 48 55 84 94 56 77 65 15 23 80 83 41 41 97 60 44 42 9 85 57 37 0 31 42 93 68 19 43 48 9 70 4 41 36 92 97 1 32 38 99 20 25 99 77 71 48 10 72 37 12 26 99 26 95 39 55 4 77 2 17 2 93 45 95 72 64 69 88 78 38 33 20 65 44 12 77 65 76 14 63 35 47 91 23 30 2 16 5 15 70 2 36 
13 60 24 65 58 4 15 47 75 67 77 36 64 1 84 87 71 6 31 99 71 37 6 70 5 62 94 95 40 59 68 0 2 5 42 69 42 85 8 4 18 41 77 44 78 14 55 72 48 86 66 96 68 8 62 82 12 18 68 19 71 19 66 9 50 41 43 79 63 42 80 45 55 3 54 73 95 53 59 22 47 47 83 75 37 71 60 62 59 41 51 32 62 5 17 9 4 33 38 36 19 
50 62 94 14 52 82 51 21 17 57 62 77 97 24 78 69 86 7 66 26 16 72 98 10 39 4 72 65 45 87 88 67 0 26 54 59 68 8 13 37 99 29 26 26 57 76 38 4 52 21 4 18 43 52 89 40 46 65 86 61 51 62 65 46 45 53 14 14 9 59 88 20 77 17 46 6 94 84 74 17 33 63 60 12 36 85 84 62 31 15 74 48 24 62 7 95 31 25 50 68 81 
12 41 64 98 47 28 50 31 43 8 5 24 13 3 20 42 14 69 1 46 63 75 17 58 61 81 61 26 12 44 79 98 9 0 55 52 72 28 14 1 93 52 27 77 94 95 82 50 70 67 85 28 58 18 91 68 94 76 16 68 57 91 32 95 6 51 90 46 18 97 29 81 17 16 55 74 28 79 59 64 13 8 43 8 99 88 50 80 76 67 58 4 29 8 34 34 69 11 42 29 17 
31 4 60 32 3 62 45 58 18 71 26 50 13 34 94 83 13 47 79 40 5 96 69 63 74 84 97 36 66 20 80 61 17 99 0 49 60 58 34 38 37 33 73 63 21 51 16 68 14 3 6 49 11 22 33 22 27 89 4 82 56 44 54 22 94 79 27 26 91 45 62 65 26 82 68 82 76 53 83 64 91 69 10 4 12 35 7 81 95 80 97 22 76 88 83 17 36 10 63 95 34 
74 34 5 91 5 77 6 33 24 12 5 21 21 4 76 95 16 56 48 73 60 41 92 91 25 36 51 16 54 56 52 68 86 3 35 0 14 8 70 31 19 59 84 27 35 63 83 8 59 95 79 69 85 80 15 31 63 14 62 52 47 22 12 61 89 12 29 13 87 11 89 94 22 69 38 12 8 16 91 27 53 52 93 22 42 88 65 78 43 72 90 95 35 25 78 9 67 3 22 89 57 
58 25 70 82 92 97 5 44 54 87 55 66 18 31 54 38 61 12 41 3 52 24 13 72 2 11 31 90 13 60 25 48 68 98 45 83 0 82 88 30 74 32 93 48 67 80 95 74 73 85 3 94 53 76 22 36 34 34 1 50 22 7 63 45 12 70 94 9 80 35 69 22 34 15 99 52 74 25 79 79 70 82 91 27 22 43 37 97 93 87 23 36 73 21 68 90 13 43 47 23 93 
47 64 95 50 34 77 7 93 23 51 64 55 86 50 86 86 30 99 5 16 59 1 75 92 85 96 22 69 12 62 86 69 2 4 24 94 49 0 85 44 14 4 92 59 94 17 88 79 31 53 79 49 5 43 36 49 14 70 39 23 56 49 4 5 98 29 1 64 44 90 77 93 3 28 91 73 6 5 55 52 23 50 77 88 45 16 64 7 59 61 43 47 35 36 86 38 56 17 33 49 77 
90 58 22 36 85 79 57 18 2 6 25 11 22 25 60 42 64 45 53 31 55 14 94 85 70 48 69 33 70 46 49 44 59 86 29 23 58 34 0 8 97 74 61 16 54 47 91 5 29 57 44 6 1 39 3 12 18 57 55 94 29 8 68 83 52 37 39 53 5 4 54 25 24 17 53 8 28 61 86 25 29 97 74 4 22 24 24 63 3 22 75 14 57 52 54 13 33 83 14 98 45 
17 58 7 49 39 28 40 25 54 44 73 73 91 62 62 75 15 4 48 72 89 21 74 4 74 19 97 42 75 40 2 1 99 96 5 55 37 56 29 0 37 23 1 93 16 87 9 59 70 21 15 66 73 16 7 21 63 52 84 96 4 98 30 46 63 70 87 95 10 19 36 64 27 33 7 37 95 64 70 97 93 10 42 52 28 78 43 3 81 22 99 26 68 36 13 87 71 53 73 21 19 
13 86 8 7 88 6 72 53 3 71 11 6 19 91 1 60 1 34 49 94 97 60 79 33 99 25 91 58 8 32 46 6 29 43 29 51 18 54 14 57 0 36 52 87 80 27 70 17 8 17 30 96 64 64 49 82 24 14 14 85 6 92 52 96 38 72 33 67 24 54 96 5 76 73 19 30 27 74 5 12 73 33 40 86 76 27 35 91 55 95 73 76 16 17 53 11 21 55 56 83 6 
9 48 10 1 12 49 23 66 52 67 53 88 36 19 91 98 57 51 25 2 84 54 25 42 38 88 14 52 72 12 13 51 7 4 16 57 91 14 1 65 54 0 79 88 79 33 6 47 27 79 15 6 1 90 20 86 62 6 21 69 97 93 9 39 40 27 25 51 77 88 55 10 55 15 82 84 21 88 40 97 73 83 80 18 21 85 35 30 45 58 49 71 17 56 60 1 51 61 37 65 5 
58 87 46 60 97 17 68 91 51 79 37 19 48 19 5 70 9 19 97 16 69 75 58 41 24 65 67 84 51 61 40 38 5 3 10 72 88 31 73 4 50 16 0 74 5 39 87 88 53 80 97 94 41 80 54 81 37 91 79 3 72 16 42 84 18 28 54 19 54 53 8 69 7 82 90 64 85 71 14 41 25 13 39 60 32 30 47 25 84 94 26 62 30 77 28 57 59 27 5 85 43 
68 53 20 26 73 83 69 17 52 38 66 85 75 87 56 63 59 80 3 69 80 82 70 76 40 83 33 12 42 11 68 33 27 56 84 27 1 99 49 94 68 11 57 0 93 70 32 72 73 16 82 28 19 66 53 51 54 30 89 47 84 63 39 64 83 58 95 9 53 99 62 37 70 10 73 57 63 33 91 49 32 15 32 15 83 40 77 15 62 98 20 16 10 33 68 15 50 76 71 53 40 
63 42 17 81 14 8 41 94 93 95 52 1 95 88 86 72 71 49 10 2 83 45 37 69 17 91 13 27 64 22 36 93 16 6 60 45 29 4 36 16 76 2 31 36 0 88 8 53 24 87 92 68 14 29 7 24 75 18 63 67 1 19 31 34 53 97 99 14 81 64 39 91 2 29 32 38 84 49 1 65 16 26 17 75 59 66 47 43 99 23 39 23 77 6 87 46 82 97 38 64 48 
4 86 82 23 48 56 23 7 93 83 3 33 52 58 29 54 87 23 78 24 95 47 69 32 2 20 85 34 55 75 36 40 44 56 94 57 57 27 7 2 40 45 38 33 97 0 52 52 70 84 78 41 97 55 86 76 99 30 53 81 53 88 98 54 56 57 39 2 72 14 38 89 75 49 88 48 37 7 24 87 32 43 64 74 17 99 48 56 41 91 64 79 90 78 3 13 11 16 96 17 2 
13 95 19 55 29 82 43 89 61 49 16 38 47 97 3 78 35 98 41 4 30 67 92 73 45 88 16 5 35 70 15 8 23 20 95 27 80 63 76 40 22 75 37 83 44 27 0 54 97 65 12 70 94 46 86 44 81 18 99 88 62 52 80 77 53 42 75 4 82 71 16 7 67 71 27 43 59 85 42 33 60 92 4 44 37 6 57 65 75 79 55 42 98 27 84 73 38 45 39 77 56 
49 4 49 23 74 47 23 91 42 95 73 86 86 5 18 57 59 77 86 3 55 10 55 68 32 77 15 13 54 12 89 65 14 53 62 71 61 13 47 28 10 71 78 19 39 40 30 0 69 86 77 46 35 68 72 26 92 56 40 1 62 21 67 22 94 87 28 36 24 5 39 82 68 98 31 73 53 23 59 36 55 45 5 37 36 17 17 43 83 49 30 31 64 10 20 21 68 9 9 69 34 
34 75 59 84 51 63 3 97 19 92 81 40 16 71 94 42 23 72 20 45 38 10 12 66 32 88 96 52 8 96 40 85 30 75 76 17 47 10 96 12 77 86 4 28 49 44 32 48 0 95 3 39 89 17 12 48 8 16 62 69 74 36 53 73 82 74 46 97 71 61 11 72 47 88 30 62 82 58 62 47 36 45 3 81 97 97 22 41 30 77 4 3 16 20 45 95 76 23 26 73 89 
93 14 72 71 79 67 54 54 74 40 34 56 8 64 6 9 73 43 17 96 61 9 9 26 88 21 14 46 81 98 58 96 16 66 66 2 44 4 83 63 51 78 92 59 14 33 52 30 42 0 73 79 39 24 5 10 77 3 62 37 14 89 9 60 22 56 84 51 73 45 41 73 19 49 97 36 99 78 58 99 72 87 83 21 97 6 45 3 15 51 24 26 90 51 96 84 5 19 24 74 11 
91 52 22 68 93 84 15 40 51 2 90 17 60 22 20 61 99 20 16 27 77 35 62 9 58 33 87 34 64 29 25 54 46 37 62 56 45 58 51 44 21 8 35 32 27 80 78 62 30 85 0 16 28 96 35 65 30 10 38 52 75 81 32 62 52 50 9 35 17 30 48 50 52 42 40 65 26 83 89 13 12 56 78 6 75 54 44 12 12 27 45 92 13 1 53 26 47 81 5 79 53 
70 97 84 33 45 45 25 12 46 50 58 10 23 70 67 37 25 13 80 71 40 43 40 12 88 78 90 37 75 13 69 44 5 66 13 32 27 82 63 36 22 54 97 96 91 53 96 92 63 35 36 0 78 11 83 15 30 76 42 62 38 90 10 36 28 85 43 67 20 52 56 49 19 20 7 96 69 37 68 46 21 54 57 62 88 11 47 21 56 6 61 37 38 57 18 31 34 49 91 5 98 
2 86 14 91 89 90 74 44 10 19 11 93 81 93 8 87 23 74 4 87 89 98 20 23 8 63 38 93 88 63 99 73 77 68 50 80 46 41 85 78 25 3 98 74 22 61 64 96 30 25 52 90 0 39 66 75 28 1 29 24 53 21 33 39 13 48 87 36 25 99 34 45 17 41 41 12 77 14 91 98 13 46 41 79 5 96 11 49 40 70 79 99 19 31 20 8 44 4 48 62 91 
37 2 21 21 30 12 3 95 50 45 93 32 51 84 81 55 90 69 18 81 24 54 41 83 52 61 82 61 74 47 87 5 84 77 83 27 77 36 37 68 74 54 72 80 10 5 9 71 91 93 45 12 32 0 64 36 86 55 18 31 95 27 92 55 35 15 82 4 3 48 81 90 2 83 59 94 10 76 6 59 77 28 10 44 43 46 39 90 57 45 90 28 57 38 52 72 59 86 60 91 65 
89 52 11 91 85 93 84 69 32 91 45 94 19 36 19 69 57 48 46 98 3 90 95 76 98 73 91 78 52 62 61 28 71 99 18 42 85 70 23 65 46 99 11 96 41 8 43 55 47 25 55 31 70 85 0 8 32 47 40 39 46 42 40 47 77 19 57 64 30 3 37 59 53 58 54 94 19 19 84 74 17 91 27 64 38 58 20 85 9 2 41 55 99 1 94 88 18 52 35 31 47 
95 31 5 30 91 32 17 90 17 92 60 9 67 7 28 15 40 93 85 44 79 7 32 71 70 16 95 34 64 6 4 1 92 60 37 8 33 78 38 98 66 11 86 59 41 11 76 24 59 94 62 55 37 11 62 0 87 6 27 22 89 13 94 66 97 66 75 66 23 40 51 25 4 46 56 74 1 48 89 34 63 94 57 25 41 84 91 98 75 45 64 10 19 62 70 49 24 38 97 66 20 
98 92 13 63 36 13 82 96 33 62 38 28 80 16 47 5 98 97 45 7 93 17 62 87 89 73 60 58 44 98 5 74 31 24 38 96 10 75 3 28 38 79 10 88 18 49 94 74 15 41 40 7 63 27 41 70 0 43 55 1 44 87 16 20 13 76 7 59 97 16 13 50 8 42 93 57 37 83 87 55 38 25 53 74 30 24 92 79 32 67 44 74 87 93 43 93 59 83 10 80 35 
95 27 30 2 66 73 61 18 1 85 87 10 16 87 33 73 68 41 34 24 90 48 33 14 93 80 62 66 93 73 98 26 58 62 97 92 90 13 97 56 49 32 54 2 71 34 78 32 60 97 2 96 48 77 75 24 28 0 23 57 86 31 78 94 38 74 42 53 68 64 84 62 75 74 33 56 65 60 4 17 48 55 74 31 45 19 32 39 99 85 18 33 75 85 41 5 48 35 67 42 95 
64 48 77 15 50 35 89 56 58 84 55 51 68 27 68 55 53 54 22 2 20 59 18 69 87 1 92 4 63 87 16 34 74 56 80 61 43 85 54 78 66 73 25 92 48 47 49 36 35 21 83 68 5 24 99 64 18 72 0 77 73 94 77 88 88 1 82 63 36 32 37 55 65 69 37 79 7 73 36 30 11 81 18 12 41 17 4 75 41 1 18 81 10 28 39 21 31 85 10 89 80 
64 83 16 10 67 11 44 34 4 55 65 95 2 49 91 83 9 82 42 61 15 93 91 77 43 34 85 75 7 74 47 94 73 75 38 62 82 27 67 53 63 85 88 5 62 17 56 53 71 65 40 43 29 68 38 70 86 18 76 0 36 68 50 74 60 10 69 87 14 12 66 60 13 21 93 44 65 3 28 4 55 18 24 38 22 5 64 82 85 35 67 99 36 66 74 74 93 41 68 91 72 
20 90 65 24 98 23 24 83 68 28 9 32 81 62 37 93 79 2 48 6 54 86 18 81 61 71 28 81 96 4 57 50 14 41 6 63 96 8 52 10 41 73 61 87 69 25 10 75 79 56 53 28 48 3 28 46 41 63 69 38 0 26 20 31 10 61 79 73 38 56 87 86 15 78 25 74 51 41 60 70 42 97 38 58 70 10 24 5 38 8 54 54 42 97 71 91 34 86 28 70 81 
74 87 40 46 5 72 59 78 7 52 67 9 64 99 66 61 99 51 74 73 40 41 18 67 38 22 84 37 9 99 94 10 38 61 86 11 16 25 53 65 65 68 28 64 98 5 63 47 24 35 97 43 80 70 40 86 71 76 66 66 49 0 49 63 13 21 68 63 6 21 65 54 92 63 67 24 72 56 33 83 65 76 9 61 87 41 73 71 88 68 71 67 97 81 23 8 88 13 33 58 69 
16 78 98 4 88 66 15 75 56 76 26 71 40 81 54 58 58 17 80 17 23 6 20 58 8 19 17 99 84 12 26 46 15 59 3 53 77 95 46 9 2 73 67 90 36 95 82 99 14 30 53 52 17 53 89 44 38 17 27 64 45 99 0 30 64 15 61 43 87 20 88 10 43 80 13 45 29 43 91 31 83 48 52 70 52 56 44 55 96 84 10 12 75 32 64 61 77 20 49 56 30 
32 15 89 61 46 66 24 93 68 26 66 43 95 20 34 93 41 25 1 2 21 45 64 71 15 51 75 61 24 70 26 32 92 59 98 12 22 71 43 61 7 43 89 1 85 96 10 98 76 55 57 45 78 98 36 61 2 7 22 84 71 10 91 0 65 4 40 21 17 56 52 40 3 36 87 26 95 23 97 11 50 3 46 47 14 42 47 54 12 81 81 8 86 82 20 78 67 89 69 35 1 
23 77 38 80 90 19 8 59 74 91 66 26 22 45 82 6 41 90 78 46 43 97 67 75 40 75 43 3 25 36 27 64 12 92 82 27 44 45 88 34 92 36 79 95 48 77 10 74 80 76 75 48 10 41 61 80 99 17 93 81 37 14 2 99 0 51 25 30 48 71 25 85 10 65 93 5 34 81 70 8 94 24 36 99 17 45 42 19 60 23 51 37 74 39 91 99 19 97 51 26 81 
15 48 12 47 45 33 35 71 14 31 32 51 42 10 67 46 93 18 13 32 19 75 11 1 52 8 87 3 75 93 97 76 65 6 23 66 24 77 98 92 94 23 22 52 49 36 74 90 88 70 59 64 41 42 53 59 8 33 15 90 88 59 43 37 72 0 89 27 98 71 59 10 27 56 71 85 4 53 53 78 7 45 22 17 9 38 75 42 20 77 77 61 20 37 87 40 32 76 78 90 64 
29 70 71 35 44 80 34 33 58 49 6 88 49 20 60 60 29 13 24 74 36 61 17 73 21 10 46 3 13 23 5 21 23 20 13 95 90 12 56 60 88 7 50 97 5 67 41 2 41 37 83 79 3 86 87 12 17 20 71 93 28 16 33 31 40 81 0 35 24 54 31 43 91 42 46 75 29 64 11 2 57 33 97 30 81 40 13 59 91 94 74 54 81 36 55 43 66 41 46 28 78 
93 8 14 40 21 88 41 75 4 53 34 20 45 77 97 10 22 54 39 10 54 47 27 22 77 14 4 51 45 14 3 59 39 18 74 84 26 1 51 7 25 56 46 32 69 85 99 89 68 48 81 17 98 52 28 18 78 51 65 86 60 6 18 30 62 95 87 0 53 63 80 41 75 94 6 86 28 45 71 99 33 58 18 70 55 1 2 57 28 1 99 69 76 50 64 50 85 64 58 55 81 
93 59 43 86 10 68 83 28 76 41 77 10 60 17 47 69 99 61 63 32 52 21 68 82 66 36 61 9 78 99 88 12 63 92 76 55 61 51 21 42 43 87 16 19 79 79 45 17 53 70 83 19 66 77 74 30 56 55 90 78 83 89 10 19 23 13 98 75 0 19 28 62 24 14 37 34 29 39 73 93 66 61 12 78 19 68 55 79 14 37 19 80 56 78 85 23 39 95 13 19 82 
57 57 91 49 46 4 57 84 34 79 54 2 43 77 63 52 33 93 99 58 87 9 69 9 38 99 89 63 91 1 85 51 79 94 62 43 15 70 45 76 1 81 37 85 92 39 95 34 11 11 73 23 96 36 22 25 96 93 49 51 34 12 49 65 58 78 19 9 74 0 95 5 57 41 47 37 15 98 46 69 93 76 37 35 96 32 2 17 55 6 33 17 84 92 25 88 18 38 80 74 2 
37 90 94 33 18 71 53 24 57 76 19 94 71 96 92 88 50 74 58 5 36 87 15 5 16 82 27 90 86 5 75 64 47 22 87 38 97 12 83 36 50 30 68 59 90 18 67 43 86 90 82 53 2 42 90 98 24 44 48 2 48 4 95 6 79 8 70 57 7 58 0 21 97 94 16 47 84 14 67 69 42 86 89 93 31 70 63 77 64 20 38 68 45 72 24 20 49 51 46 60 30 
63 25 52 73 21 14 1 35 65 38 56 28 85 55 19 96 22 97 4 28 24 27 13 74 61 60 13 34 97 30 28 48 50 52 80 18 29 50 19 36 50 98 79 3 33 36 10 22 67 21 9 30 11 31 93 10 47 58 71 79 93 41 74 80 91 95 75 55 88 30 65 0 59 25 80 5 34 41 19 99 47 92 20 4 33 86 52 66 59 43 22 74 74 55 13 20 27 54 92 15 50 
61 16 42 75 71 78 42 43 58 84 24 13 49 12 39 61 14 86 19 58 70 40 99 36 99 72 40 51 45 97 70 40 22 18 2 85 38 14 29 36 28 45 23 90 92 42 38 23 12 88 24 94 69 82 97 64 84 45 30 39 42 63 6 68 83 70 79 95 33 23 9 32 0 52 12 79 44 97 48 86 58 42 17 13 46 21 40 57 59 10 32 21 6 84 96 22 38 66 44 11 58 
1 15 67 40 5 6 86 26 50 24 18 48 11 77 15 42 93 59 36 67 97 34 70 37 31 12 6 94 95 22 48 43 26 88 9 80 48 63 6 31 56 97 13 99 48 24 21 71 30 10 56 9 55 14 80 16 51 89 26 21 87 20 10 55 47 20 31 18 62 99 15 85 36 0 43 41 10 70 66 84 69 77 54 60 88 95 38 98 27 18 8 31 6 88 98 83 71 95 53 18 15 
33 59 45 52 32 46 47 17 59 14 84 61 80 74 42 15 30 93 26 26 57 3 23 52 89 52 16 77 84 81 89 37 57 39 85 51 43 3 14 63 95 1 23 25 41 25 81 29 36 63 64 56 91 29 64 85 91 48 81 65 22 83 46 88 36 18 51 98 63 53 65 76 5 2 0 67 79 69 32 58 82 91 33 2 76 81 72 21 13 33 6 87 83 50 90 21 21 57 91 5 71 
94 89 54 91 79 7 53 73 77 53 41 69 11 1 96 31 74 23 16 36 77 18 12 69 58 73 81 11 56 7 54 58 19 22 3 71 66 73 29 44 36 66 64 65 14 80 76 44 17 15 38 12 62 76 68 34 56 18 60 30 18 95 28 64 71 95 68 11 48 1 23 12 21 54 30 0 35 82 85 58 68 19 91 17 11 43 81 3 39 34 14 69 41 85 39 15 32 43 22 88 50 
42 6 52 66 44 57 43 94 22 58 52 79 36 18 13 85 35 54 46 98 57 26 76 8 33 40 6 24 51 72 83 57 22 12 2 47 18 80 35 58 45 30 5 81 86 12 74 79 13 48 56 38 76 80 30 8 31 95 14 38 4 7 70 89 95 7 39 62 70 8 32 8 63 60 45 20 0 6 72 97 80 57 75 90 55 99 19 9 2 68 49 32 8 25 40 74 97 45 88 78 19 
75 90 5 93 62 14 86 22 10 90 10 45 31 89 6 48 13 12 9 37 71 10 86 83 14 60 78 42 13 99 26 4 13 28 32 50 42 19 72 9 3 84 4 50 52 86 54 85 37 71 12 85 74 83 33 33 66 99 48 70 57 34 99 31 31 81 96 43 92 91 3 31 41 15 94 14 89 0 68 25 82 82 44 32 87 80 35 12 24 53 17 71 40 34 16 84 83 10 72 21 13 
90 95 13 96 16 2 35 69 88 92 27 45 35 54 95 11 49 6 75 96 7 31 50 39 73 76 26 13 17 36 35 2 7 8 69 51 20 21 15 57 91 58 71 84 1 66 98 90 45 63 8 19 25 72 27 72 56 93 63 68 65 88 12 64 85 20 27 48 99 21 28 15 58 48 90 95 20 83 0 84 73 73 76 29 28 86 18 48 78 64 8 36 47 29 55 13 84 11 45 54 95 
38 27 7 68 27 4 92 7 19 20 54 67 1 90 76 99 17 97 92 67 82 62 30 57 68 64 50 23 67 15 21 70 19 41 42 85 96 60 17 91 87 51 12 65 82 88 66 63 99 62 43 88 65 97 54 81 21 39 71 61 4 6 58 97 43 42 8 87 29 58 31 24 34 38 28 79 7 60 76 0 97 89 9 32 89 25 70 70 68 79 96 57 71 5 88 52 71 66 9 67 28 
89 17 37 30 99 20 34 5 45 72 75 56 6 7 47 86 92 52 18 85 38 33 97 43 27 22 55 20 63 6 99 53 70 37 23 88 54 91 60 77 37 67 47 11 89 83 62 34 83 72 63 54 99 31 83 60 74 71 79 47 65 44 7 59 12 70 63 80 4 99 42 88 70 37 64 7 8 63 46 19 0 1 32 18 10 6 6 81 94 52 39 29 7 2 9 62 99 91 45 21 66 
86 44 97 25 10 74 15 49 88 99 98 75 1 61 2 76 52 41 11 43 93 24 59 32 13 70 44 4 38 34 14 15 90 17 61 23 98 47 98 39 78 67 50 26 61 32 60 87 2 24 33 9 20 1 33 46 71 41 4 15 65 73 59 20 41 1 24 67 93 50 68 40 29 82 22 48 46 64 68 46 32 0 34 13 54 59 27 24 68 22 76 90 39 97 15 73 90 33 54 82 70 
86 38 99 89 68 95 1 34 78 95 66 76 42 69 35 65 36 3 30 80 26 41 65 5 56 39 66 18 18 78 19 37 91 70 78 74 59 68 57 62 9 36 79 43 15 74 91 54 52 44 19 80 70 69 42 6 92 81 93 99 17 59 5 37 44 57 61 25 37 2 20 5 88 68 70 38 10 85 42 24 56 82 0 63 31 40 75 79 9 25 21 78 66 36 23 27 45 3 16 92 60 
68 55 76 74 7 92 79 79 32 26 60 57 49 63 58 4 30 52 51 23 73 90 44 66 61 82 5 33 45 6 81 51 37 33 99 22 42 15 80 33 47 75 28 30 24 52 76 65 29 79 18 48 44 96 29 63 6 39 67 3 15 77 17 57 12 25 12 12 88 94 84 91 69 78 42 8 52 67 91 73 9 40 83 0 69 10 32 53 13 3 10 68 9 16 13 55 4 24 7 57 12 
96 93 73 82 28 64 3 48 21 79 62 81 44 55 6 66 36 60 81 79 58 88 68 43 70 72 50 73 21 55 24 94 87 94 73 86 97 87 92 33 17 78 63 82 8 86 96 82 7 28 3 9 34 71 81 66 29 47 82 13 9 80 94 83 78 79 74 52 33 39 2 91 71 31 54 14 51 45 8 69 32 50 32 1 0 92 60 51 9 73 34 91 5 23 27 7 16 53 97 16 87 
49 6 44 70 48 11 19 5 14 3 12 45 62 44 85 81 77 57 72 27 54 55 10 52 97 47 17 9 39 4 90 26 13 36 76 92 23 56 41 79 65 81 50 22 50 82 21 53 2 15 59 33 18 51 66 24 7 75 4 27 19 34 8 29 48 20 49 9 29 87 33 64 19 21 46 92 39 92 77 41 53 71 89 61 31 0 77 70 95 36 54 8 9 99 47 77 98 15 31 48 56 
3 85 95 18 62 20 57 82 96 17 10 26 15 5 75 98 33 2 1 89 68 17 46 35 32 9 49 82 66 84 5 90 91 72 70 78 62 26 31 76 86 88 94 60 67 12 40 15 51 31 71 96 59 85 83 44 46 21 28 34 10 95 77 72 24 7 47 7 34 7 71 82 18 17 46 40 55 76 80 36 42 3 96 44 41 24 0 90 91 6 4 66 83 31 55 63 58 70 90 14 28 
51 18 17 24 72 90 2 48 23 99 52 87 44 88 26 78 75 43 30 22 41 89 68 33 79 78 31 11 67 42 9 57 21 83 17 28 81 55 56 33 79 65 73 3 4 6 66 96 53 24 79 98 14 17 53 9 78 3 44 67 28 4 47 28 98 64 1 51 79 26 2 33 43 50 28 93 78 65 37 27 50 8 16 10 61 33 30 0 81 68 24 81 22 19 23 21 53 14 82 29 16 
25 21 57 77 35 81 93 52 59 88 72 34 41 48 18 18 62 30 73 85 17 51 82 38 66 94 25 33 89 98 68 48 90 26 87 91 34 63 24 36 59 70 42 3 62 31 70 98 72 12 46 82 21 59 8 2 5 52 97 79 5 4 15 49 83 1 54 54 55 60 13 74 44 17 86 96 85 40 65 76 6 91 71 80 53 69 75 48 0 89 24 94 44 95 75 64 94 67 7 61 66 
47 5 71 98 24 98 65 11 92 15 19 38 14 59 96 63 5 72 75 14 73 49 31 50 7 3 93 61 30 79 17 87 24 54 36 36 86 50 3 62 54 45 56 9 53 64 49 10 3 39 92 88 10 46 17 1 70 98 51 49 48 83 83 19 44 30 98 6 54 65 97 91 27 6 8 28 13 12 47 38 55 70 63 85 58 81 94 19 33 0 29 9 64 40 98 55 20 13 18 32 26 
8 6 68 95 47 9 19 55 74 73 90 57 70 19 40 18 80 43 70 48 76 5 42 95 82 29 32 37 31 38 56 64 78 83 12 85 96 32 50 80 47 63 81 19 72 20 97 59 87 20 87 39 33 25 81 14 40 53 67 21 44 43 80 49 2 6 23 29 11 45 73 99 39 94 66 72 23 31 60 96 95 82 80 32 84 55 16 9 97 77 0 63 47 96 56 55 49 59 62 47 42 
27 41 41 87 11 4 4 64 80 77 25 11 77 66 54 45 89 42 54 27 82 94 82 34 89 93 40 89 69 93 90 98 25 25 3 87 39 25 81 46 37 63 6 94 27 27 99 37 93 13 96 87 28 35 79 61 25 12 5 67 13 17 16 56 5 35 80 91 61 82 43 63 53 60 5 22 64 38 60 81 16 87 84 1 83 50 11 7 78 84 50 0 97 12 6 34 65 21 86 56 88 
96 30 9 62 54 4 71 85 83 29 72 68 28 85 70 51 62 83 70 85 18 30 25 32 26 57 80 62 15 42 96 10 5 61 32 38 86 53 88 10 3 1 32 70 52 62 13 53 15 99 63 49 8 98 61 13 94 51 13 67 96 32 80 89 90 1 2 75 39 33 35 30 82 62 60 48 85 3 87 27 17 5 39 99 71 24 64 35 66 37 97 88 0 26 95 24 91 45 73 12 18 
50 50 67 68 76 35 98 39 83 8 21 19 59 27 38 3 44 15 74 51 29 41 16 41 90 22 94 72 30 27 64 28 24 57 91 35 61 25 31 18 55 79 63 26 97 14 53 8 80 84 54 89 90 24 92 24 33 60 78 43 66 30 18 2 35 63 6 90 34 90 26 5 96 49 49 68 67 50 88 17 61 98 18 42 77 27 76 14 71 80 77 97 22 0 94 43 70 65 20 30 62 
30 85 58 38 81 13 99 30 33 66 85 36 83 97 51 33 14 95 68 29 47 2 73 73 60 9 21 69 73 89 61 61 82 68 7 22 19 28 38 78 81 39 63 45 6 2 31 72 65 73 60 72 52 5 29 51 43 85 76 70 4 24 63 63 34 83 74 72 64 78 1 79 73 81 74 29 75 38 9 7 56 32 84 92 29 14 39 72 29 20 60 58 81 29 0 14 9 47 96 92 99 
28 22 31 10 65 67 96 27 90 73 13 96 28 30 38 99 9 84 25 84 93 83 96 32 47 15 60 37 98 77 37 22 45 11 34 22 18 11 44 29 95 53 31 27 99 35 20 25 96 94 98 10 1 15 54 33 44 55 6 48 20 91 48 71 53 63 18 89 40 90 18 1 36 76 80 41 1 95 62 37 48 6 76 68 65 8 78 55 34 97 34 50 75 8 17 0 90 70 62 40 38 
30 94 49 37 21 28 80 99 35 53 43 13 81 56 68 88 87 4 57 20 32 29 94 86 40 66 82 49 36 72 34 48 74 33 82 94 5 40 21 90 58 43 67 95 23 12 81 98 12 86 78 20 8 83 73 63 98 18 52 43 45 20 72 31 18 9 63 37 30 50 9 41 89 16 75 12 21 63 56 56 56 34 84 92 11 65 82 74 47 50 58 46 52 87 79 8 0 77 93 37 85 
77 62 40 60 32 22 48 53 13 83 73 46 44 53 24 56 92 7 85 83 53 74 98 41 52 93 23 10 42 8 65 85 43 61 39 20 31 20 19 57 39 21 61 30 74 93 22 64 60 68 27 26 94 4 10 72 78 17 70 84 58 53 2 96 86 75 32 50 28 48 1 70 89 36 44 50 73 29 2 40 37 51 29 94 2 59 37 89 53 7 50 67 47 87 73 79 89 0 47 98 46 
44 33 10 46 33 24 49 30 26 82 97 70 78 17 47 95 99 37 78 73 24 95 72 18 1 20 5 81 30 91 80 84 79 77 64 71 93 44 13 84 37 49 14 12 61 72 51 37 80 45 24 40 18 30 64 46 77 2 81 71 44 27 46 33 9 11 72 90 43 5 81 99 58 1 14 85 89 86 17 20 44 95 22 74 53 45 94 29 6 73 71 23 55 37 15 30 64 30 0 43 38 
48 32 83 17 83 30 80 30 80 90 19 53 96 47 95 28 82 80 63 24 30 27 55 38 86 84 13 15 29 39 80 14 55 96 2 6 90 37 84 53 13 80 89 16 8 70 86 43 53 33 49 2 65 96 57 78 11 76 23 7 51 11 11 66 96 29 87 49 37 14 77 18 62 78 76 93 79 36 45 34 46 78 87 44 34 75 64 55 81 76 58 41 36 58 34 28 8 13 4 0 64 
54 71 96 6 99 99 14 43 5 75 41 83 62 65 95 3 50 51 36 66 77 27 84 94 54 9 37 4 57 98 22 31 61 31 40 78 97 5 58 19 77 4 44 36 63 88 88 50 71 93 41 68 51 61 20 53 75 3 89 34 66 47 44 40 21 93 39 32 49 57 64 75 27 60 70 72 9 17 1 13 7 67 3 59 39 48 98 94 45 66 23 15 36 5 84 75 26 6 18 64 0 
