n: 100
m: 10
Pi:U[1-99] 64 38 43 64 76 93 52 59 74 72 95 30 55 57 69 15 59 64 55 37 39 23 47 90 15 25 76 35 66 56 9 84 27 47 12 80 75 99 84 34 69 60 87 19 32 60 66 60 7 86 86 42 86 25 73 73 28 59 30 9 2 74 37 36 95 36 19 13 42 59 25 59 94 25 97 90 55 48 56 28 55 40 81 32 43 42 81 26 10 46 62 52 86 57 48 26 69 42 2 69 
Si:U[1-49]
0 14 2 14 13 18 23 18 31 8 49 39 31 49 7 36 31 12 49 36 10 21 1 19 28 49 46 36 34 49 30 36 33 49 34 49 43 39 3 24 49 49 21 49 1 48 21 9 13 34 21 49 3 49 1 24 30 27 21 49 10 49 49 39 46 30 43 12 31 22 15 30 28 49 49 49 15 49 3 49 49 6 15 21 49 49 42 24 45 49 37 49 43 12 49 15 48 49 49 46 39 
8 0 21 17 11 20 7 14 8 23 49 39 12 49 49 24 1 27 49 49 49 49 25 34 16 49 18 28 33 46 48 10 49 48 49 13 49 31 43 27 39 13 49 49 21 27 46 48 28 27 37 42 45 49 49 49 16 30 21 49 49 7 33 37 49 13 12 43 49 49 49 49 27 16 21 27 28 49 49 48 22 49 6 10 15 43 49 49 21 33 7 49 49 43 16 49 40 49 1 13 1 
29 9 0 12 16 3 26 15 12 17 30 10 24 49 49 24 15 48 49 3 37 30 33 45 9 49 49 49 25 49 46 48 34 49 49 49 15 49 49 49 24 37 13 43 15 45 10 49 48 49 49 31 18 9 49 40 12 49 49 49 25 40 15 49 49 49 9 49 49 49 4 27 45 49 49 18 49 9 18 49 16 46 49 49 49 13 40 7 49 45 27 39 1 40 45 45 49 40 46 46 49 
21 27 6 0 19 19 8 23 28 30 42 49 21 48 24 49 45 49 16 28 49 31 36 40 3 49 33 1 33 49 49 49 48 49 43 19 39 49 25 45 40 22 34 34 45 45 30 31 49 27 49 49 49 45 34 49 49 49 31 7 49 49 34 7 45 27 46 49 31 49 12 49 7 42 30 49 46 4 7 49 49 49 49 39 10 49 49 27 24 12 28 49 49 49 46 21 49 18 49 39 49 
21 13 12 30 0 30 12 22 20 22 36 49 49 34 49 21 24 45 49 27 49 49 24 49 6 37 28 33 15 45 49 33 27 46 27 16 36 31 15 49 49 49 49 49 45 6 49 40 49 49 30 18 27 18 49 49 16 22 27 49 7 49 3 49 37 27 21 49 49 40 6 31 49 28 49 49 49 49 34 46 3 4 49 28 49 22 49 49 49 49 36 34 37 4 22 33 49 18 24 3 49 
28 30 15 12 24 0 19 22 7 10 49 3 1 31 48 24 27 49 42 31 49 49 1 18 49 46 48 43 49 42 16 22 39 16 49 49 49 3 22 39 9 21 49 37 49 37 49 7 45 49 21 49 28 10 49 46 49 10 24 27 13 4 12 28 49 22 49 49 12 49 37 31 10 49 24 10 7 49 34 6 49 1 1 49 43 4 45 7 39 49 30 21 49 3 49 49 42 28 16 6 46 
27 20 32 6 26 32 0 17 24 16 43 9 49 16 30 33 49 12 49 24 49 13 36 49 31 21 10 40 36 49 49 42 49 49 48 49 24 18 13 45 49 43 39 49 36 40 37 49 49 33 49 49 24 42 49 33 1 18 49 13 43 28 49 49 31 40 43 49 49 6 28 22 25 39 34 49 49 49 24 49 30 7 39 49 49 49 6 46 49 49 49 10 49 33 6 33 28 36 49 49 30 
28 27 16 14 32 10 23 0 15 16 28 43 48 9 49 16 12 1 37 3 31 9 49 48 42 33 49 49 49 18 15 6 49 13 31 49 34 12 21 49 19 7 27 1 9 49 49 31 10 49 49 34 21 49 48 33 49 37 16 10 7 49 49 19 49 49 4 46 45 49 36 49 6 49 49 19 10 46 30 49 37 49 24 9 39 42 37 22 43 40 48 37 49 49 7 49 46 49 49 27 49 
18 14 2 10 12 16 7 10 0 22 49 7 24 49 49 42 49 27 21 21 49 49 49 13 30 49 22 49 49 16 19 49 49 19 49 6 40 13 46 36 27 42 39 37 40 37 39 4 49 49 37 36 18 16 49 6 49 49 36 33 27 30 10 18 37 34 49 49 33 10 46 9 34 31 48 31 16 10 22 16 6 49 13 36 45 36 49 12 16 22 21 49 49 34 49 45 16 12 30 49 9 
28 25 9 17 17 7 1 29 8 0 19 22 12 49 27 48 49 13 24 31 13 49 1 7 10 12 49 49 15 28 37 45 21 49 34 30 33 49 3 30 7 16 36 49 49 1 18 49 28 49 49 9 33 49 16 34 12 49 49 49 49 49 49 49 49 49 49 49 1 40 10 30 49 49 49 49 49 49 49 25 40 18 49 36 49 7 39 31 25 40 22 18 37 4 4 42 43 21 49 49 19 
49 49 49 49 49 27 43 27 37 25 0 21 26 14 28 28 24 31 9 15 6 49 46 49 39 49 49 10 49 49 33 7 39 15 49 46 49 27 49 39 49 7 12 49 39 42 49 37 40 33 49 46 3 49 7 22 36 18 49 18 49 46 49 37 49 33 7 13 7 34 19 24 12 15 36 36 10 15 12 25 7 4 49 33 49 9 19 49 49 49 49 49 10 49 3 49 40 7 39 27 16 
4 30 49 49 48 33 34 49 39 49 5 0 15 17 13 20 17 24 16 20 49 30 4 49 46 1 19 37 40 15 30 43 40 31 49 49 15 10 18 7 49 42 49 49 49 36 36 3 49 49 49 43 49 24 4 49 49 34 28 49 39 1 21 49 24 49 49 48 31 4 49 46 49 49 49 49 40 27 43 18 33 49 43 49 49 19 49 49 13 12 49 43 36 48 49 37 49 49 49 9 49 
31 9 49 49 13 4 25 16 13 18 16 22 0 31 7 14 30 22 18 27 49 49 21 49 36 49 16 15 45 49 40 13 22 49 49 49 21 49 45 10 37 4 16 4 49 49 49 49 42 12 30 39 30 46 40 15 49 3 49 1 36 31 49 49 37 49 6 37 34 49 49 33 43 49 49 49 1 31 9 24 1 39 48 42 31 39 22 3 37 46 37 42 10 49 49 10 6 49 7 49 16 
19 43 40 25 25 43 28 18 31 45 1 30 16 0 13 16 30 4 22 8 49 28 24 21 46 49 33 49 25 15 48 7 28 49 7 49 19 12 4 9 31 24 22 33 49 36 1 46 43 9 22 49 49 19 9 49 49 49 49 49 49 24 49 34 49 19 15 7 49 30 49 49 49 15 1 19 22 3 9 49 49 12 49 49 19 25 34 49 49 15 21 43 13 49 49 40 25 33 49 19 1 
49 49 49 49 49 39 21 36 49 49 32 2 15 13 0 8 9 28 25 14 12 49 6 49 42 31 40 12 49 49 49 49 31 28 49 49 49 37 49 31 49 18 39 25 49 31 37 4 49 49 33 16 49 28 24 40 24 30 49 37 10 16 18 6 49 49 33 42 46 36 1 49 49 25 49 49 12 7 40 27 49 49 39 13 31 15 48 15 1 49 3 49 46 34 49 49 13 19 40 49 24 
36 43 40 45 18 49 7 49 37 27 6 27 14 9 16 0 2 12 12 22 21 21 49 40 1 49 33 45 25 49 48 34 33 42 49 25 49 13 3 49 18 37 49 40 1 40 49 49 49 30 49 49 24 49 21 6 49 18 43 39 1 9 49 49 49 49 49 49 49 49 37 12 46 31 36 19 49 49 18 6 48 15 49 36 37 3 49 33 22 18 49 37 49 49 34 19 7 16 34 27 49 
49 43 49 27 3 49 27 7 18 49 22 26 1 14 14 22 0 30 2 13 4 45 42 37 24 37 49 10 46 27 6 37 4 9 19 49 4 48 40 49 10 37 10 12 18 49 49 22 49 31 27 31 39 6 15 40 49 6 49 49 34 27 49 42 25 16 49 49 22 4 48 46 39 15 33 49 42 49 49 25 22 7 49 42 36 49 31 48 49 22 49 39 30 12 49 45 49 6 49 49 49 
24 37 19 18 22 46 49 30 42 39 24 11 0 5 30 8 2 0 20 28 45 37 49 18 4 30 49 49 49 33 49 40 7 33 25 49 49 34 49 9 12 13 42 27 49 36 49 6 4 3 22 45 4 6 7 49 49 4 40 25 16 36 49 9 46 36 6 49 49 25 49 7 10 49 39 36 49 43 49 28 34 19 48 15 49 49 3 28 36 16 39 45 49 49 31 31 49 18 16 30 9 
49 30 49 22 49 12 49 49 49 6 25 20 16 2 19 27 0 16 0 32 7 49 49 15 49 19 39 10 7 49 24 28 49 37 25 49 9 49 46 7 49 49 12 19 19 10 42 42 36 27 1 37 43 40 49 49 25 12 27 7 27 18 6 49 49 7 7 10 49 49 7 49 15 9 49 12 49 49 49 25 43 45 37 6 49 45 9 6 49 49 36 21 49 18 43 42 49 30 27 48 10 
49 49 39 6 45 12 49 13 49 1 14 16 20 13 3 2 25 26 5 0 49 21 49 22 9 9 46 34 7 18 49 49 36 49 12 43 42 36 49 7 6 43 39 49 49 25 9 28 31 31 45 49 31 42 49 21 49 36 45 3 9 49 4 49 9 24 49 28 49 37 33 49 49 3 49 27 27 49 49 37 15 3 31 49 49 49 49 39 49 7 4 43 40 43 33 49 49 49 49 24 49 
49 49 12 39 49 9 49 3 34 49 19 49 3 49 15 28 49 10 1 49 0 21 2 18 12 19 14 18 5 9 37 19 49 49 9 49 33 10 46 1 49 36 42 49 16 18 49 16 13 10 49 30 49 27 49 49 18 18 49 19 21 49 39 45 36 37 13 13 24 39 48 7 49 22 28 49 49 15 40 49 49 49 49 30 13 49 49 49 18 46 42 24 25 43 34 49 12 49 10 49 27 
25 39 1 49 49 40 25 49 42 16 40 49 49 31 49 24 49 15 49 25 29 0 22 17 31 9 31 8 27 18 49 15 1 19 49 4 36 43 49 19 45 49 30 3 24 24 49 48 31 43 34 27 49 24 49 21 40 49 49 49 48 9 28 49 13 49 10 49 6 49 7 10 19 1 43 18 49 49 31 46 49 1 30 49 4 24 3 40 49 45 49 7 28 3 9 45 49 27 49 43 43 
36 42 31 49 9 49 18 3 33 42 34 13 49 36 49 49 42 9 28 49 4 14 0 9 24 10 0 31 16 14 22 49 49 1 30 30 24 33 21 49 40 15 49 25 1 49 6 6 49 49 6 1 24 40 13 49 37 18 7 12 49 48 49 49 40 10 49 22 9 40 18 33 3 39 36 49 49 4 4 4 39 49 49 22 28 6 4 40 48 19 40 6 22 49 49 30 48 42 40 28 49 
36 49 49 48 49 12 49 3 49 48 16 49 45 43 27 25 49 24 18 49 20 27 8 0 21 12 17 8 18 11 49 12 42 18 46 37 43 40 3 18 42 13 49 49 49 49 49 22 36 9 4 6 43 1 49 6 12 49 6 48 49 49 49 27 22 25 12 40 36 49 39 34 1 9 27 42 49 45 10 19 9 49 49 49 22 46 49 49 37 34 49 43 30 15 21 3 6 27 13 25 49 
36 36 34 46 45 49 27 43 34 46 48 49 27 49 37 16 49 49 25 49 20 5 25 7 0 12 5 3 14 14 4 49 45 42 49 15 19 15 21 49 18 49 37 36 37 49 49 49 15 40 4 6 9 12 16 28 49 40 49 34 25 15 21 49 7 49 49 22 24 49 28 46 49 39 21 18 28 34 6 22 49 49 49 49 21 49 31 49 49 49 25 9 49 49 49 49 13 21 6 34 6 
48 4 28 9 6 42 7 49 48 34 49 49 49 49 37 6 48 12 18 49 18 16 11 12 26 0 17 27 30 25 30 19 15 39 49 31 22 3 49 49 22 28 1 49 49 25 40 40 10 49 10 49 4 27 45 18 18 45 31 37 34 21 10 24 1 39 49 21 43 49 9 40 49 49 49 49 49 36 39 49 37 27 13 49 16 13 49 49 49 33 49 6 39 12 49 6 15 36 49 27 34 
1 19 16 12 9 49 15 42 49 10 49 36 31 40 22 10 31 49 43 1 12 5 0 9 21 21 0 2 14 28 49 49 46 49 13 49 9 49 39 25 42 28 28 49 49 40 46 49 43 49 33 28 33 49 15 24 22 27 43 6 9 10 49 31 12 31 49 49 40 22 33 7 49 48 19 40 16 12 33 49 24 49 28 31 3 49 16 7 49 49 49 22 16 15 46 49 49 49 6 24 10 
45 45 33 31 48 21 6 6 10 43 36 36 19 40 49 48 45 3 49 49 16 22 30 31 1 32 12 0 30 18 21 49 48 49 49 19 49 49 27 39 19 25 6 49 1 49 39 49 10 40 49 37 49 18 49 49 40 37 49 13 16 12 12 49 49 21 24 49 13 49 30 39 3 25 27 1 49 30 37 49 36 49 19 21 31 49 4 30 12 18 49 1 28 48 28 33 31 49 49 49 49 
9 49 39 3 24 49 49 49 12 49 49 49 49 49 27 16 27 28 49 40 13 16 24 8 1 21 1 13 0 8 22 49 49 49 40 22 30 1 33 49 31 49 19 33 27 49 48 37 49 19 49 48 33 22 49 19 39 28 18 48 36 49 49 12 46 27 36 15 4 7 46 46 21 49 49 12 45 42 43 49 15 33 40 49 49 49 37 49 36 6 49 48 49 49 13 27 16 49 36 48 34 
10 49 40 49 15 49 39 49 46 49 49 33 39 49 6 9 37 36 49 19 20 19 22 19 24 18 18 2 28 0 21 7 10 49 37 1 31 49 49 49 37 49 49 42 37 7 49 49 49 13 42 21 49 45 27 16 49 49 46 49 49 25 42 18 31 40 25 9 40 10 49 22 19 19 37 49 49 49 49 49 34 34 49 49 45 21 1 49 22 25 49 24 49 30 18 48 49 34 49 49 22 
49 49 3 49 43 49 12 39 39 7 49 37 15 49 49 3 25 10 7 49 1 42 33 33 9 27 49 24 49 24 0 28 8 29 25 4 11 15 28 14 49 13 48 43 7 16 49 31 48 49 34 3 21 13 49 4 22 49 34 28 36 40 49 45 3 1 49 49 49 49 49 49 9 24 49 34 42 21 21 12 46 49 49 48 49 25 34 31 3 49 43 49 12 49 49 31 4 7 25 49 49 
49 10 49 7 43 33 28 49 49 27 21 49 49 39 36 25 18 30 49 7 49 49 42 49 1 16 49 18 49 30 4 0 12 22 2 26 19 30 22 4 49 49 46 49 49 1 24 49 31 15 34 9 34 6 4 49 12 28 49 13 49 45 43 21 49 39 30 49 36 1 19 49 3 49 39 13 18 45 49 12 12 49 49 49 4 49 39 49 24 4 31 39 49 49 49 7 49 49 28 49 49 
10 46 49 7 7 49 40 48 15 46 49 49 45 49 4 6 42 18 39 49 49 31 13 49 16 25 40 27 18 30 28 16 0 2 21 2 14 32 25 29 21 10 49 48 3 49 49 21 49 49 13 18 49 30 31 12 49 1 40 7 7 49 49 33 49 46 39 49 45 49 18 43 49 49 13 49 49 49 6 16 49 48 49 36 49 49 4 40 45 21 45 24 49 15 27 36 13 7 49 22 49 
48 49 49 24 9 49 45 24 43 27 43 49 24 40 49 30 21 49 42 49 49 49 21 39 16 18 7 3 19 27 24 12 8 0 0 28 19 16 14 21 49 49 49 15 36 49 49 36 30 30 30 43 49 49 31 9 1 9 49 31 49 10 43 49 45 19 30 49 31 36 31 21 13 1 7 10 49 49 10 22 49 49 45 1 15 3 31 49 22 49 40 49 25 37 19 21 49 33 46 49 12 
49 24 49 49 49 49 49 46 42 49 1 49 39 40 49 34 49 49 4 49 12 31 49 15 31 49 43 21 49 49 5 10 30 17 0 17 27 28 14 19 49 7 42 12 42 49 4 49 19 7 48 13 49 49 49 49 49 49 21 49 1 12 4 45 49 45 27 18 15 7 49 39 21 34 33 49 39 49 49 40 49 49 39 49 30 49 9 49 9 16 22 4 12 25 3 36 49 13 49 49 49 
49 37 33 9 49 27 42 37 49 49 49 49 6 13 6 49 49 7 36 15 48 3 4 22 3 9 30 9 22 7 30 8 21 9 3 0 24 20 32 9 42 13 21 49 49 4 49 37 16 31 49 9 10 12 22 43 45 49 49 15 40 22 39 49 30 49 21 16 49 27 22 1 49 28 31 49 16 49 34 6 31 39 36 45 45 6 6 28 6 33 49 31 39 46 49 49 45 24 49 49 49 
3 25 3 24 25 49 49 18 6 31 49 49 42 22 49 3 37 48 36 19 39 42 25 46 3 30 49 16 27 15 6 20 11 26 6 8 0 30 12 15 49 42 15 45 49 49 49 49 6 16 27 49 33 9 49 19 27 6 49 49 1 49 49 12 49 49 13 22 49 45 49 49 49 49 7 1 31 49 49 31 22 48 49 19 49 19 31 49 46 49 6 15 10 49 25 7 49 12 49 49 49 
28 27 25 31 33 49 16 10 13 49 9 49 12 49 22 46 49 22 10 49 42 7 12 21 49 31 49 21 39 49 14 20 13 12 10 2 8 0 2 8 33 49 24 49 18 48 18 28 46 49 49 49 49 27 49 27 19 49 46 22 9 10 27 49 49 1 12 6 13 49 31 49 49 37 39 37 49 49 39 1 24 49 22 6 31 43 30 49 40 28 33 42 49 6 21 39 7 13 43 18 4 
34 49 10 34 12 49 15 49 3 1 19 19 49 49 46 28 45 49 30 49 37 49 43 37 42 37 49 34 49 49 22 29 6 0 6 2 12 14 0 4 19 3 49 49 7 49 37 22 49 49 49 21 39 1 4 9 49 46 10 34 1 15 24 49 15 45 10 49 43 13 25 22 46 49 45 6 49 49 3 46 45 22 3 49 1 25 1 9 18 22 40 49 49 49 1 42 7 16 24 49 36 
33 21 37 49 12 37 49 10 19 37 49 33 46 49 49 49 36 21 39 49 15 15 49 49 27 10 12 22 13 42 2 30 20 1 11 20 28 7 28 0 18 49 9 49 10 10 39 49 49 49 15 49 25 46 49 49 13 49 1 21 49 49 45 25 49 3 37 46 49 49 28 43 45 49 36 49 36 49 13 49 6 45 6 16 1 7 21 49 3 49 49 1 25 49 3 49 39 49 18 43 49 
13 33 49 49 13 37 34 49 12 48 49 48 16 19 13 12 34 27 49 4 30 24 40 15 45 49 1 49 28 16 34 46 21 40 49 49 36 49 28 10 0 14 8 22 15 10 15 16 13 10 42 21 39 1 27 45 49 18 9 49 10 16 9 6 15 4 49 16 49 49 49 28 9 49 49 49 28 49 49 33 49 42 30 9 49 49 15 12 31 18 22 42 24 4 43 49 49 49 12 3 49 
49 16 10 3 25 27 49 49 46 4 49 49 49 39 48 21 49 49 42 19 49 49 30 49 49 36 43 37 37 49 49 4 49 28 49 49 49 49 49 3 26 0 21 23 24 3 20 12 6 9 7 19 49 49 49 49 40 33 49 49 48 31 49 49 10 28 3 48 21 28 33 49 49 36 49 49 25 40 13 18 49 49 49 7 49 46 21 15 34 3 36 33 37 34 49 36 49 12 6 10 49 
25 15 49 22 37 49 42 49 43 49 43 49 4 6 49 45 49 27 43 49 15 7 22 49 6 4 42 49 10 1 30 49 6 49 34 34 16 6 9 18 26 20 0 29 3 12 19 32 19 4 21 3 16 49 31 49 49 7 46 49 40 25 49 13 49 15 18 15 46 49 16 24 4 37 16 48 15 6 49 49 37 49 49 49 49 49 13 49 34 22 49 46 36 15 40 40 34 13 48 49 49 
28 33 33 3 25 40 30 19 4 31 49 49 46 4 49 46 6 10 12 49 28 49 6 16 10 49 1 24 49 49 30 27 19 43 4 49 37 31 40 19 14 31 12 0 9 16 30 6 8 0 49 46 4 30 22 3 1 18 49 13 19 49 49 39 49 49 10 49 49 28 40 33 49 40 4 40 49 36 30 27 3 48 49 49 49 24 49 49 46 49 48 12 49 4 24 49 36 49 33 6 49 
49 46 13 4 4 34 34 4 49 18 6 37 49 42 49 46 45 49 42 15 15 12 6 9 46 49 18 7 18 49 3 13 6 15 49 39 49 45 49 42 0 4 15 26 0 3 24 22 20 30 49 28 49 18 46 21 49 49 28 49 33 6 43 49 43 49 49 12 49 49 49 1 46 42 49 49 43 45 42 48 7 21 33 3 25 25 49 16 49 22 3 49 4 19 21 3 13 6 33 49 49 
48 33 45 31 49 10 49 49 49 49 49 49 49 16 42 49 12 36 49 24 49 37 4 49 49 4 19 46 3 45 9 30 7 46 21 49 42 49 1 49 4 26 19 7 26 0 17 26 30 16 1 24 49 49 34 39 49 42 19 31 49 49 24 15 49 49 49 49 49 33 49 49 36 49 24 49 49 18 7 49 43 10 19 10 49 18 49 36 49 18 33 13 49 49 36 19 18 49 49 21 49 
49 33 13 49 13 10 37 48 49 6 16 18 27 33 49 49 49 4 49 42 40 33 46 49 24 49 6 21 42 49 48 10 9 40 12 49 27 40 43 49 11 0 4 9 24 18 0 28 28 8 28 49 49 49 10 49 13 49 49 49 43 49 49 37 6 25 34 49 31 10 34 31 45 31 7 36 13 49 49 33 49 48 10 1 49 4 4 6 39 30 1 39 21 49 12 25 49 27 49 36 24 
49 49 3 24 49 49 49 15 7 37 49 3 48 49 6 49 49 48 49 37 43 18 49 39 48 10 16 1 49 49 31 16 28 49 34 36 19 9 49 42 14 26 10 16 8 18 17 0 19 20 18 49 48 42 49 49 49 21 24 24 49 19 49 18 46 19 49 37 31 4 30 45 49 37 6 30 31 6 49 24 49 49 1 28 49 39 49 15 13 12 10 49 48 48 15 49 46 45 22 42 3 
25 15 7 19 10 13 43 49 22 15 49 7 49 49 27 37 12 27 37 42 34 19 16 42 16 49 40 40 22 49 21 49 40 49 28 18 30 49 49 49 32 22 14 19 24 17 7 12 0 26 19 49 4 49 42 45 49 49 49 49 9 28 28 46 42 13 49 49 15 13 49 42 27 30 24 49 3 40 4 49 30 6 22 49 18 48 27 10 49 16 46 10 49 49 9 27 15 39 49 49 24 
49 42 1 49 27 34 49 49 22 21 49 24 49 25 49 19 49 16 49 45 15 25 33 28 49 18 37 31 34 16 49 48 49 24 43 24 10 21 42 49 11 19 9 1 26 16 27 10 29 0 9 16 43 13 12 49 49 49 37 49 49 43 15 49 7 9 21 10 49 49 4 49 49 21 49 13 34 3 28 49 16 9 49 49 49 34 31 30 1 49 36 12 49 10 49 19 39 39 12 49 37 
37 15 25 49 49 49 33 9 49 40 28 27 49 28 49 49 3 10 13 43 46 48 49 49 49 12 18 21 49 9 12 49 49 24 34 22 33 36 15 25 49 49 48 43 39 6 16 49 36 15 0 12 29 24 16 25 23 27 6 3 33 16 28 33 48 34 49 10 34 49 18 49 49 18 16 49 49 49 43 49 18 4 18 49 45 49 24 30 49 48 30 49 15 3 12 49 36 43 49 37 9 
19 48 49 1 13 33 27 33 49 49 48 36 9 12 7 49 49 13 43 49 27 34 43 31 39 25 48 21 16 49 49 9 34 49 45 49 13 49 3 49 49 31 36 42 49 6 49 27 30 49 21 0 24 23 26 18 32 30 13 18 49 40 16 37 46 7 49 49 30 42 1 40 30 45 45 49 49 49 49 28 30 49 15 49 27 49 30 9 10 49 49 22 30 12 22 49 30 21 16 46 12 
24 49 49 16 39 40 37 49 49 48 27 43 46 15 46 49 42 40 30 28 49 42 30 49 49 49 33 12 27 25 49 49 12 12 19 49 49 33 49 39 46 48 10 24 37 49 39 49 49 49 6 20 0 20 8 26 18 29 30 15 49 24 49 6 3 30 34 49 3 22 13 4 25 34 27 39 49 7 43 12 49 28 3 49 36 49 39 49 48 22 36 49 39 27 9 49 49 49 3 37 21 
22 49 49 30 34 49 21 49 16 45 7 13 43 10 49 31 49 31 49 1 49 49 49 49 49 49 37 37 49 49 49 21 49 49 49 1 45 49 37 49 34 4 49 24 9 36 37 49 4 49 19 20 24 0 28 16 13 32 8 22 12 22 37 49 49 48 49 33 48 15 40 10 49 49 45 49 15 28 6 36 10 15 39 7 19 7 49 36 49 49 39 49 49 49 49 16 49 7 1 49 7 
45 42 49 4 40 30 49 27 49 9 4 9 21 19 30 40 49 19 18 49 49 49 49 49 33 46 33 30 45 49 49 24 49 16 49 4 49 27 18 19 45 49 43 10 34 49 22 40 21 18 24 11 24 30 0 10 16 28 10 20 16 30 46 49 40 49 30 22 10 48 24 49 49 49 24 3 39 49 12 6 13 6 10 46 33 49 49 39 36 18 49 49 37 24 49 30 31 49 4 4 49 
25 21 22 36 24 13 21 36 16 49 27 49 49 21 33 10 49 49 12 34 36 28 25 49 49 25 36 12 33 6 19 7 49 15 49 1 22 48 48 49 43 49 39 43 49 49 49 36 49 49 14 32 22 24 28 0 32 20 31 16 49 49 48 37 49 49 49 49 34 49 12 48 49 49 7 3 42 15 36 16 48 24 49 30 49 31 40 36 49 10 36 45 25 31 49 31 12 19 45 10 24 
49 49 49 49 3 49 13 49 49 31 46 49 27 7 49 9 49 49 49 13 34 36 13 16 49 13 45 15 49 49 10 49 31 28 10 49 19 49 49 49 49 49 16 10 15 43 30 18 42 48 20 8 4 18 16 29 0 19 6 7 16 36 31 43 16 27 4 3 3 28 49 49 19 46 49 4 25 49 15 49 24 45 3 33 33 13 24 12 4 25 42 49 19 49 49 1 19 1 12 7 33 
27 27 48 6 12 16 31 7 34 18 49 12 25 33 16 49 9 28 4 3 49 42 10 1 49 49 9 13 39 49 3 49 40 22 37 39 3 28 49 4 33 18 3 49 15 49 42 49 49 49 1 16 17 27 20 27 20 0 15 6 49 22 49 42 49 4 15 34 48 49 46 36 13 19 49 10 16 46 22 16 12 12 49 49 40 22 49 16 45 49 40 30 28 49 10 45 18 39 34 49 49 
33 49 28 9 28 49 28 28 6 49 49 49 33 15 12 49 49 21 49 45 3 37 33 7 46 15 49 13 13 25 49 24 19 42 15 49 49 49 16 42 36 49 40 49 28 39 18 18 12 16 3 4 12 12 23 30 17 4 0 18 46 7 12 49 9 3 4 34 18 49 49 49 49 18 34 3 16 22 3 45 30 4 15 45 49 40 33 30 49 49 36 31 34 6 22 49 39 46 36 49 40 
34 1 24 10 49 33 4 39 49 45 49 18 21 18 49 18 43 45 18 49 9 16 49 6 49 49 45 16 49 27 7 49 10 49 19 16 49 31 49 34 24 49 46 43 10 27 49 37 15 49 18 5 10 12 22 26 22 13 0 0 49 49 49 27 49 46 15 31 9 25 37 4 49 19 42 34 49 40 49 3 49 28 40 49 19 49 36 43 16 21 49 40 49 16 33 49 49 33 9 49 49 
49 49 31 12 21 49 48 28 36 45 49 21 39 6 49 49 49 25 21 49 10 49 25 13 7 4 28 18 49 30 13 21 49 27 40 1 28 24 18 49 12 49 12 49 48 43 25 30 24 6 34 49 31 3 3 49 13 28 22 49 0 27 11 1 31 14 30 16 23 6 21 49 36 9 40 27 27 33 46 49 31 31 49 39 46 48 49 45 19 49 9 49 42 13 49 48 22 45 22 49 37 
49 49 13 49 27 49 40 40 49 15 46 49 43 7 49 3 49 16 49 31 49 24 3 49 13 49 6 21 49 27 33 19 21 49 36 27 43 49 49 27 1 49 10 49 19 49 10 49 49 3 39 6 49 43 10 15 30 40 24 49 1 0 24 25 25 5 12 3 11 21 49 49 46 45 49 48 3 49 33 21 4 49 28 42 7 3 36 49 49 39 19 33 15 13 37 7 49 49 16 42 18 
43 49 33 49 10 28 25 49 10 49 19 48 30 42 16 40 49 6 4 19 6 37 6 49 24 1 49 48 49 10 39 12 9 7 43 49 33 4 45 49 49 49 27 49 16 30 27 6 22 15 39 1 1 49 1 49 37 9 13 27 22 11 0 16 16 16 29 3 3 9 39 49 49 49 37 10 19 28 42 13 49 49 46 49 43 9 10 49 6 24 37 49 49 49 34 49 49 34 49 4 49 
49 42 39 34 49 33 36 49 49 6 49 43 49 49 15 9 42 28 49 28 39 37 7 49 24 49 28 25 48 34 37 49 6 31 13 49 15 49 13 21 49 6 13 10 33 37 24 39 49 12 49 49 45 22 36 13 49 45 46 10 24 29 30 0 15 26 8 14 24 24 49 49 4 49 28 36 49 9 49 21 33 49 13 49 19 7 48 16 9 49 36 45 49 34 49 49 49 30 49 33 7 
19 49 4 24 40 49 39 34 10 49 18 30 43 27 22 49 4 3 10 18 24 39 37 49 49 34 46 6 39 42 49 49 24 16 49 49 9 42 9 49 22 18 6 49 49 34 48 13 49 49 37 49 49 24 33 21 49 6 49 40 6 13 13 30 0 28 29 14 0 30 13 9 49 6 18 27 49 46 49 10 33 31 39 49 13 49 49 3 49 9 49 24 6 4 48 49 39 28 12 49 27 
39 13 49 49 30 4 16 31 9 49 36 3 49 49 39 49 25 27 18 49 7 49 45 22 28 49 48 9 15 49 49 43 49 3 42 33 12 49 28 9 18 49 4 49 45 31 49 48 49 49 49 27 49 21 49 13 1 6 30 42 1 22 21 31 24 0 30 2 16 30 49 33 42 49 22 12 22 49 25 49 39 33 43 3 3 49 24 1 40 6 49 49 34 21 49 49 15 49 49 49 30 
39 46 22 49 24 39 49 49 49 49 49 40 10 40 48 24 24 16 49 49 49 49 49 49 49 43 10 40 3 31 36 49 21 21 49 42 49 9 49 49 49 7 21 6 49 49 49 49 10 30 40 21 48 39 1 21 25 22 46 39 4 25 4 6 11 1 0 8 20 8 16 16 7 27 49 30 24 16 15 49 49 27 4 3 28 7 40 49 9 34 25 49 49 45 49 42 33 49 7 49 30 
49 49 49 21 49 19 37 21 48 49 7 40 49 6 15 49 49 13 49 22 49 24 49 34 25 49 45 18 28 16 49 49 13 49 48 10 46 4 13 25 49 49 40 24 49 13 49 25 43 6 49 49 48 3 36 34 49 15 31 28 10 26 6 8 9 1 12 0 16 7 28 43 34 49 45 49 10 48 6 49 49 15 1 43 12 49 33 24 4 30 49 15 39 37 39 49 49 42 39 18 31 
48 3 9 49 42 49 49 49 43 9 31 49 33 28 46 43 24 13 19 21 40 49 18 9 49 19 48 40 40 49 49 49 49 28 18 49 6 45 9 49 36 12 37 49 43 33 10 43 42 22 49 22 49 31 49 9 31 15 49 42 17 14 2 26 20 23 26 5 0 6 49 18 34 22 7 49 6 15 49 6 49 31 24 13 36 36 31 7 24 22 49 40 49 43 4 49 49 16 18 49 1 
49 40 34 45 15 34 28 18 39 31 7 6 49 25 13 9 49 49 49 12 6 30 49 31 49 37 25 19 45 10 13 21 49 49 9 49 22 40 49 49 49 13 4 49 49 40 49 49 49 49 43 49 34 49 49 43 46 49 30 43 7 16 11 8 20 6 4 16 30 0 49 27 21 43 10 4 49 33 49 10 28 49 24 33 49 49 24 22 48 21 49 19 49 48 16 42 49 49 1 19 42 
12 12 49 42 25 49 49 19 49 49 49 49 12 39 49 39 49 49 3 49 22 18 7 49 49 28 15 28 49 49 36 49 49 49 12 18 33 30 48 30 36 34 3 34 49 49 42 42 1 48 49 49 49 39 36 43 49 49 49 36 49 49 6 33 4 49 49 9 34 21 0 29 14 3 2 8 27 10 28 7 49 15 49 25 42 49 3 49 49 12 49 1 30 12 21 49 49 40 43 15 49 
49 27 4 1 39 12 28 13 31 1 49 37 49 49 19 12 49 49 49 46 10 40 4 33 24 36 19 49 43 36 12 30 43 49 49 49 46 49 13 48 49 49 12 42 9 27 49 28 33 39 49 16 49 16 49 48 49 49 49 49 49 40 49 49 1 49 25 3 49 49 8 0 9 4 30 22 2 11 7 24 36 49 40 31 49 28 18 12 15 1 37 12 49 10 49 24 37 33 21 18 33 
49 48 49 16 3 49 36 1 49 34 36 49 13 18 49 49 12 49 49 42 30 49 49 49 6 45 45 43 3 19 48 49 40 49 1 7 49 37 33 19 49 36 13 49 49 49 22 48 10 33 49 7 3 34 33 40 45 6 49 15 36 49 3 49 45 37 9 49 46 24 12 24 0 4 32 14 26 23 2 25 49 12 37 34 15 12 36 1 12 4 18 49 1 49 49 40 13 30 21 49 49 
49 24 25 49 49 33 31 49 19 49 28 37 40 49 42 49 31 12 34 34 3 18 16 49 49 49 49 49 49 19 30 49 25 49 49 27 36 25 1 45 49 49 19 49 34 3 4 36 49 34 48 37 3 12 22 25 36 49 10 39 45 33 49 49 48 37 25 27 37 21 18 27 10 0 20 26 29 32 20 10 39 9 49 49 34 6 10 49 49 6 43 49 49 45 30 49 49 49 27 45 34 
49 49 49 49 49 13 13 49 21 49 49 49 10 22 6 25 25 25 46 46 49 19 16 34 24 10 4 33 7 12 49 10 10 49 49 27 49 49 31 49 1 27 49 15 12 24 24 6 6 40 49 28 9 13 27 49 49 49 49 49 7 19 49 49 46 9 49 36 49 19 14 7 11 32 0 22 16 26 20 4 30 49 43 30 49 49 49 49 46 13 49 49 1 10 43 7 34 48 7 19 25 
15 27 7 25 22 31 19 45 49 34 49 16 49 49 49 49 42 22 42 49 49 33 49 49 40 49 37 4 27 49 9 28 49 13 15 31 21 21 36 42 49 18 49 49 16 34 13 7 42 6 1 34 6 13 39 49 49 49 31 49 37 45 49 27 34 15 49 49 39 9 7 23 24 32 19 0 27 20 10 28 16 49 49 49 48 49 42 42 18 24 19 30 16 43 49 33 10 48 49 49 49 
49 37 15 49 22 49 46 7 46 46 3 48 49 49 6 49 46 24 15 30 25 40 48 30 22 31 16 49 22 49 49 45 9 34 49 31 10 28 49 34 49 36 31 28 49 13 46 13 15 31 49 1 49 10 1 27 49 1 6 49 33 49 27 49 49 49 49 3 27 25 28 1 17 26 22 22 0 26 26 4 45 49 49 49 24 21 13 49 25 33 18 49 13 49 43 30 6 16 49 19 13 
16 49 25 16 49 46 49 22 49 49 49 3 49 7 49 6 7 36 24 12 49 48 36 49 33 24 27 13 24 42 33 34 21 31 7 40 18 9 13 49 49 49 37 49 49 49 12 9 49 49 3 28 49 49 3 49 43 48 28 49 4 49 49 37 49 19 19 49 49 49 26 24 8 19 6 24 4 0 9 1 9 27 6 49 28 3 15 36 40 33 21 43 15 49 49 49 36 49 19 13 1 
9 19 1 39 49 45 13 49 24 49 34 49 13 31 39 40 49 49 13 37 49 49 30 3 49 16 43 49 40 4 49 16 43 49 49 49 21 6 49 40 46 1 49 49 16 49 49 46 1 33 19 25 49 24 22 49 30 6 1 31 39 21 48 25 49 49 49 49 30 16 12 32 18 15 5 25 6 9 0 4 13 36 37 34 49 3 49 49 42 45 49 15 49 31 10 49 24 49 49 27 24 
49 49 49 34 49 25 24 3 24 49 24 36 49 12 49 19 49 33 49 45 49 18 49 49 1 49 24 43 15 49 46 49 40 49 31 34 16 48 30 49 49 30 28 49 49 1 48 43 49 49 36 43 42 49 49 49 49 45 31 49 49 4 6 18 36 49 36 33 49 49 28 6 28 13 4 2 27 24 30 0 49 4 39 49 10 22 33 49 7 31 1 49 33 49 16 49 49 45 49 42 49 
36 42 49 37 34 49 18 19 7 21 39 36 49 49 43 16 49 21 25 28 49 30 49 46 49 9 3 30 21 49 9 1 36 49 49 49 49 40 16 49 42 3 49 4 49 49 49 49 46 49 4 22 49 49 49 49 36 49 49 4 36 22 49 15 33 34 49 45 31 19 40 21 49 33 30 3 48 31 37 49 0 29 4 25 25 26 19 2 30 26 49 37 49 49 28 4 49 49 45 31 24 
18 27 49 40 6 15 3 49 16 43 49 49 49 6 49 49 28 39 7 16 49 13 18 33 3 49 19 49 28 36 28 49 6 49 31 22 49 45 49 13 49 49 9 49 30 49 49 49 42 33 16 49 49 21 46 49 49 22 6 13 40 49 49 25 22 16 49 21 21 40 28 48 49 49 49 37 36 30 28 49 28 0 16 16 22 10 26 28 7 30 9 49 49 15 28 18 21 34 15 49 16 
40 36 3 49 49 49 49 15 46 24 28 42 49 49 25 49 33 22 25 18 4 12 10 33 46 37 49 18 1 12 49 7 33 16 49 48 49 33 49 40 49 27 30 3 49 19 6 16 37 49 39 33 45 6 43 28 1 49 37 3 28 49 22 27 18 49 49 49 49 30 40 49 34 15 36 49 40 49 36 7 8 22 0 9 2 12 15 19 30 9 9 31 49 30 18 37 10 45 49 49 9 
49 31 49 48 49 49 31 33 6 49 34 49 22 12 31 49 13 48 49 46 31 49 4 10 40 24 34 7 45 39 3 48 25 16 49 16 25 9 18 49 49 46 49 24 39 37 19 49 31 24 25 40 7 15 49 19 4 49 36 16 25 49 49 49 49 4 13 46 45 49 39 43 49 39 49 49 28 49 49 4 20 10 10 0 2 8 30 23 19 18 49 19 31 19 15 3 9 22 37 36 19 
39 10 48 6 49 30 49 25 36 30 48 49 49 49 43 18 18 22 49 30 31 46 34 49 10 40 7 49 49 24 49 33 49 49 3 45 39 3 24 16 27 49 3 49 7 49 10 24 22 30 49 49 36 49 49 48 3 49 39 7 28 37 24 30 46 34 49 13 49 36 49 49 49 1 36 7 7 49 49 49 15 21 2 4 0 1 20 23 0 17 49 27 49 49 1 49 24 49 49 13 22 
42 49 15 48 31 43 15 1 18 3 13 16 34 19 33 33 21 31 49 39 10 49 48 31 3 42 37 12 16 30 22 49 49 49 12 33 49 18 46 49 46 30 33 12 45 39 1 37 49 48 18 30 34 49 15 49 49 49 49 39 28 49 42 49 49 24 24 49 49 46 43 40 49 16 4 49 49 49 21 15 14 15 24 25 5 0 12 1 14 15 49 46 49 18 37 13 7 19 24 6 49 
45 3 49 45 30 34 36 49 18 34 49 39 18 25 49 7 49 45 48 49 49 49 9 1 45 4 13 45 49 49 4 49 49 22 49 27 19 4 49 49 49 49 49 34 48 39 40 42 3 49 28 45 49 27 49 49 10 16 49 9 4 16 25 27 10 49 6 31 21 9 49 49 36 49 49 30 15 4 16 6 8 25 22 25 26 19 0 18 5 10 49 6 42 49 49 45 49 7 31 49 19 
1 48 45 49 33 16 36 13 49 49 7 49 49 22 49 49 16 15 49 46 49 40 21 49 43 34 22 49 30 10 48 49 21 13 49 12 30 9 34 10 49 49 24 33 49 46 49 22 1 34 49 49 18 48 4 15 36 49 4 37 4 49 49 36 49 30 16 16 36 13 19 15 49 27 19 42 49 49 49 1 23 2 6 29 30 16 1 0 32 3 16 46 15 27 49 13 10 7 19 22 25 
36 9 49 16 13 49 16 49 49 49 40 36 16 48 22 18 10 49 34 49 49 49 6 37 42 49 49 30 49 46 49 37 39 49 33 36 49 18 49 1 28 13 33 48 48 49 49 13 49 46 46 6 46 33 13 49 25 12 19 40 16 40 36 36 15 49 33 49 34 46 49 49 27 49 39 6 46 21 24 21 4 30 31 18 21 16 6 27 0 15 49 15 19 49 13 27 49 10 9 49 36 
6 49 49 34 45 49 28 49 49 22 49 6 10 19 16 49 7 49 40 49 49 28 31 18 37 4 49 4 49 22 28 6 49 49 30 34 40 24 49 37 49 49 49 49 7 49 49 3 30 49 49 49 49 49 37 1 24 18 7 49 37 16 12 49 9 49 49 49 48 49 49 25 42 49 49 49 49 39 49 49 14 16 30 2 12 17 30 18 10 0 39 46 39 49 39 15 28 18 49 48 30 
49 34 4 49 15 49 3 15 16 49 24 49 24 31 7 9 49 27 48 49 49 49 21 12 39 49 49 21 39 49 49 49 49 21 34 37 19 21 36 28 45 1 19 42 49 49 49 49 25 49 49 49 39 49 31 46 16 49 49 1 42 12 49 9 49 10 49 10 49 10 25 43 49 24 49 49 30 6 49 13 15 46 7 16 42 7 22 49 4 34 0 32 4 22 27 26 0 16 30 8 49 
49 3 49 49 49 34 27 49 36 48 49 34 15 48 49 49 31 48 21 9 4 30 24 49 49 49 49 45 12 46 6 48 24 25 15 49 31 3 6 42 21 3 22 25 49 15 49 49 46 49 49 15 49 22 49 18 49 49 19 1 3 24 45 27 33 39 45 49 7 25 4 48 49 49 28 48 49 16 25 43 49 49 49 49 12 18 13 6 27 49 18 0 16 16 18 12 32 32 24 26 16 
49 48 10 3 49 49 24 15 49 7 49 25 24 49 37 15 49 9 37 3 49 34 49 31 45 46 10 6 49 43 49 37 49 49 49 49 39 28 16 30 49 49 6 25 46 9 49 39 49 43 49 15 15 16 49 33 49 49 49 7 49 49 49 49 48 49 37 49 42 6 49 33 49 49 49 9 45 49 37 7 13 9 49 49 49 7 49 42 42 49 18 10 0 16 10 10 12 6 14 5 49 
49 49 36 46 19 36 48 49 9 36 34 49 49 3 49 28 49 49 7 12 45 34 18 28 42 15 25 27 1 49 12 12 49 49 3 39 49 9 49 33 31 1 7 46 49 28 49 42 49 10 49 48 36 16 18 49 45 49 37 1 49 46 7 49 24 40 49 1 49 10 28 49 49 40 18 18 49 31 34 7 30 12 49 25 40 49 25 49 43 36 2 4 6 0 30 26 29 29 18 29 49 
34 36 49 36 12 19 7 42 49 49 18 43 49 48 49 49 1 28 28 49 36 42 25 49 1 28 42 21 49 9 49 49 49 37 13 4 36 49 39 6 28 1 4 9 49 13 49 24 49 7 18 48 49 21 21 34 49 9 27 28 13 49 33 49 43 45 27 7 24 25 49 25 49 49 22 7 12 49 36 21 49 10 7 49 49 40 31 49 45 42 16 30 16 7 0 1 4 30 10 28 6 
1 34 6 10 49 24 9 4 46 25 36 1 36 46 19 45 43 6 49 49 12 49 49 27 24 12 25 18 49 18 49 49 40 49 1 37 45 6 49 12 13 42 43 49 49 21 49 49 49 3 24 48 28 21 40 15 49 37 49 10 33 12 46 49 16 36 48 7 16 22 12 46 18 33 49 3 49 49 49 31 36 28 19 40 39 46 10 48 45 12 18 17 24 18 14 0 18 13 25 8 49 
7 48 6 49 49 42 49 49 19 37 1 49 6 30 49 15 48 19 9 49 9 21 36 27 37 33 1 49 30 19 36 25 49 49 49 49 48 27 3 42 49 27 3 30 36 21 49 27 45 36 36 6 49 49 49 39 22 21 30 30 27 6 43 21 10 13 49 49 16 49 49 22 9 49 49 45 31 49 49 1 31 27 21 49 33 27 33 49 48 49 18 27 10 26 18 25 0 2 7 5 4 
43 49 36 49 48 16 49 24 7 9 49 28 40 28 40 30 16 25 40 49 49 7 4 49 36 27 30 21 49 49 9 33 18 10 7 49 22 18 37 39 49 31 6 25 12 43 42 24 42 6 49 49 49 49 46 40 3 28 24 6 21 25 49 42 49 7 49 18 49 49 4 49 16 46 48 45 34 33 33 49 46 49 25 49 18 49 49 39 28 49 30 8 5 28 28 0 30 0 0 22 3 
49 4 49 49 49 24 49 19 49 36 19 21 49 39 49 37 13 28 24 4 33 19 9 25 21 42 1 18 39 49 27 49 49 49 25 49 18 24 49 49 49 12 49 46 49 22 34 49 49 46 19 10 12 49 49 43 40 49 49 49 36 49 49 28 4 49 16 24 49 49 49 7 49 9 45 49 36 28 49 22 49 49 49 16 15 21 27 49 6 19 22 18 26 32 25 17 0 27 0 14 49 
21 46 3 21 49 21 19 12 16 49 49 49 33 1 3 49 49 10 45 22 45 15 1 22 49 21 49 49 10 1 49 42 49 33 7 40 49 33 49 16 49 4 28 49 49 49 49 37 13 30 37 22 24 49 1 45 13 31 46 19 49 49 43 15 4 49 31 49 28 27 49 30 43 28 49 45 25 49 15 49 9 49 39 49 49 16 25 22 49 3 12 24 14 17 16 28 30 5 32 0 3 
1 42 49 49 49 24 10 49 18 49 34 15 33 49 49 3 45 16 49 49 49 16 25 7 31 10 49 24 15 48 6 49 40 16 34 31 49 42 13 49 49 49 22 31 37 43 21 49 22 10 49 48 19 45 43 39 49 28 3 49 43 21 49 27 27 13 6 12 49 22 27 27 36 33 27 40 45 49 49 49 19 16 49 49 13 19 7 25 49 25 24 49 21 36 49 49 40 43 27 49 0 
