n: 100
m: 10
Pi:U[1-99] 5 34 2 61 76 91 68 72 75 58 67 38 56 46 75 86 89 73 83 67 12 87 84 44 12 61 42 85 32 96 36 88 25 86 29 36 38 25 1 42 94 74 91 28 75 81 14 49 88 82 79 22 71 88 28 72 1 99 26 22 79 62 63 40 17 18 19 92 45 92 97 72 50 33 75 23 13 28 44 4 79 85 29 52 62 84 22 1 62 82 66 4 49 49 56 77 19 29 30 63 
Si:U[1-49]
0 8 26 20 20 19 23 13 15 17 46 49 49 40 30 45 33 49 42 49 37 19 49 37 30 49 30 49 4 49 16 1 3 12 7 6 9 49 10 19 15 13 49 19 6 4 10 12 21 49 13 49 18 37 4 13 30 49 37 6 49 49 49 21 49 19 27 49 30 49 49 30 49 40 49 12 49 37 49 6 6 42 30 45 46 24 4 43 1 39 1 49 48 33 33 34 49 4 3 49 49 
32 0 30 28 16 16 14 28 29 32 36 19 46 3 18 43 42 25 30 49 39 7 43 49 16 49 9 49 49 19 25 24 45 49 49 49 46 45 39 27 37 43 9 25 49 12 49 12 22 49 49 49 49 19 49 49 19 49 34 6 49 49 36 49 1 10 18 49 9 48 24 12 49 27 13 18 45 18 49 49 49 25 12 49 49 49 27 49 49 13 18 7 49 49 42 19 49 49 45 9 13 
4 15 0 2 28 23 4 9 13 26 49 31 36 39 21 6 49 49 49 34 12 27 33 4 49 25 16 4 49 43 28 21 10 3 37 15 37 22 40 16 49 39 49 27 31 1 49 34 49 49 27 49 12 6 19 27 49 21 49 7 49 21 45 7 49 3 6 18 22 49 24 15 45 49 18 49 16 19 48 49 22 1 49 25 27 9 49 31 19 28 31 49 24 49 49 9 49 25 49 18 24 
2 14 19 0 16 0 28 6 6 12 49 13 31 49 49 34 7 43 21 40 7 33 49 3 33 28 4 28 49 33 49 3 49 34 49 37 22 9 15 9 24 49 49 1 21 49 49 28 24 49 49 12 40 10 49 49 49 49 22 49 49 49 34 24 37 40 25 46 37 43 42 49 49 25 27 6 12 45 49 12 49 48 49 28 49 28 24 28 49 34 19 24 49 49 39 3 49 49 49 49 43 
4 14 8 15 0 4 18 13 7 3 33 15 49 33 3 48 21 49 46 16 49 49 40 36 24 9 49 3 21 31 43 49 37 37 1 6 49 49 49 15 28 10 40 7 49 3 28 1 49 30 42 36 49 15 31 7 49 49 1 27 49 12 46 49 18 12 27 12 6 49 49 28 31 34 24 37 49 21 24 49 49 49 12 6 49 9 27 49 46 36 24 34 24 49 49 24 30 49 33 49 49 
11 19 20 4 10 0 28 26 0 10 48 49 27 43 49 12 49 21 10 48 49 49 36 45 10 49 16 49 40 49 49 10 37 49 49 46 28 49 49 40 48 13 22 49 19 16 37 12 43 30 16 49 49 49 49 37 45 36 49 49 7 16 1 49 34 28 49 45 25 13 19 49 49 21 49 49 3 18 49 49 48 49 49 49 28 13 4 27 49 37 33 19 21 15 25 12 6 9 21 49 49 
3 1 25 25 22 27 0 6 22 26 18 18 49 3 42 6 49 22 49 7 27 3 7 24 7 49 36 49 49 49 3 31 48 49 49 49 49 49 49 42 49 49 49 49 13 49 49 48 22 28 25 22 24 24 3 18 27 49 49 39 36 49 19 49 49 48 43 48 9 36 3 49 36 24 49 9 42 13 13 49 10 1 43 25 40 49 30 16 49 49 49 10 13 49 45 43 49 30 49 28 34 
20 5 29 23 2 16 10 0 13 12 49 15 49 37 49 49 25 13 24 49 46 3 48 25 49 12 22 49 49 3 27 10 19 3 24 49 49 39 7 40 3 49 24 19 4 49 34 4 49 49 12 49 49 27 42 4 4 49 42 49 12 1 31 4 7 49 33 24 6 49 33 7 49 49 49 49 39 19 33 49 34 43 49 4 9 42 16 49 30 34 12 27 48 48 49 9 7 49 49 49 25 
6 11 22 22 19 22 19 8 0 3 49 3 18 37 49 34 49 45 27 10 49 36 43 18 49 1 18 13 15 3 25 18 36 12 22 22 21 49 7 49 45 37 13 49 30 40 4 49 49 31 7 42 49 43 22 48 33 27 4 49 28 22 42 49 9 21 10 46 39 49 30 34 24 27 49 39 42 24 49 48 31 24 49 13 27 9 48 49 49 49 10 39 37 15 48 13 49 49 40 49 49 
23 26 7 0 17 32 0 10 16 0 24 13 48 42 49 9 43 6 42 19 16 49 46 49 9 49 34 49 19 49 7 18 49 6 27 49 30 49 49 33 1 49 49 49 40 49 49 33 34 16 6 49 18 19 18 27 30 16 49 49 12 22 49 42 49 36 40 49 37 28 40 33 13 25 19 39 9 49 49 49 21 48 19 21 19 37 24 42 49 42 34 49 7 22 6 49 21 25 30 10 18 
49 49 3 4 49 46 49 18 49 33 0 3 5 10 22 24 5 4 24 10 49 6 49 4 3 30 49 49 6 36 10 49 16 22 49 15 39 10 28 4 49 13 30 49 33 45 28 22 15 49 19 33 49 49 49 39 21 43 30 49 12 42 49 49 31 31 28 25 25 39 28 49 16 34 49 49 49 49 49 49 30 34 18 1 49 9 49 49 49 49 22 42 24 45 37 34 43 49 4 49 49 
4 49 12 25 49 49 49 49 46 49 8 0 14 15 11 4 18 16 7 30 36 49 40 49 49 36 7 49 49 12 40 28 46 49 49 49 49 49 3 48 49 49 27 34 31 12 15 49 49 49 18 37 49 24 49 10 46 46 49 16 42 7 49 49 27 22 37 49 49 4 25 6 24 19 34 40 3 7 28 49 39 33 25 30 31 18 48 39 39 45 22 34 49 21 34 43 49 49 42 49 1 
49 49 49 12 9 49 10 49 6 49 9 4 0 18 10 4 3 20 24 30 16 49 49 49 19 48 34 16 49 31 22 49 24 49 49 31 9 49 49 34 40 6 25 36 49 49 40 49 10 49 12 25 49 49 49 49 49 46 49 13 31 49 37 7 3 28 49 40 9 1 49 40 28 37 39 37 49 49 33 39 37 31 40 42 40 45 9 18 49 6 45 49 6 49 46 49 13 49 22 49 49 
49 3 49 49 24 49 27 9 31 12 24 20 28 0 29 12 22 14 20 3 49 40 9 43 27 49 12 37 49 27 39 49 46 16 21 22 30 49 21 36 30 39 46 13 36 9 22 49 49 19 49 37 1 39 49 49 43 13 49 28 31 25 9 27 12 49 18 24 34 3 10 49 33 46 42 49 49 36 3 49 30 1 13 4 21 42 49 45 31 49 49 4 49 13 25 7 10 3 4 4 27 
49 49 49 43 39 48 16 25 22 49 13 31 13 27 0 25 23 19 8 2 49 49 48 34 49 49 9 48 31 27 16 49 49 49 49 49 27 49 49 49 40 49 22 7 49 27 49 9 13 49 49 34 49 3 39 37 3 49 49 27 24 49 49 49 16 49 15 46 49 7 49 33 49 12 3 37 21 49 39 49 49 46 49 16 25 49 36 49 49 25 49 46 22 49 4 36 49 1 30 39 48 
4 49 4 21 43 49 42 15 49 4 14 29 26 11 29 0 12 20 18 24 49 49 22 45 48 21 25 10 25 12 22 36 49 49 1 49 19 30 49 31 45 46 49 28 49 9 12 49 49 7 12 9 49 45 36 22 1 13 6 49 10 48 30 25 49 49 31 49 33 13 37 16 48 49 49 7 49 49 21 49 12 25 49 42 18 49 33 49 25 16 16 16 49 28 49 16 49 37 30 16 22 
7 22 48 48 49 49 49 42 49 49 12 22 5 14 12 25 0 18 16 6 21 45 42 43 28 36 49 49 7 3 49 13 42 24 49 49 49 13 49 22 49 49 15 40 3 10 45 49 22 49 34 16 1 13 45 49 48 49 12 30 49 40 49 49 28 49 15 49 49 49 31 49 49 49 12 49 49 24 49 9 40 49 49 13 30 33 34 24 25 49 49 49 13 49 49 45 40 49 19 7 18 
49 27 49 42 43 49 18 33 18 40 12 8 26 11 27 21 6 0 2 32 49 4 49 49 13 30 33 30 49 1 49 49 19 30 49 15 18 24 45 37 49 49 49 40 4 43 27 49 4 40 21 49 48 33 45 36 48 49 18 15 15 36 33 49 39 39 45 33 49 30 36 49 31 10 42 31 49 39 49 10 39 49 49 49 12 7 34 49 1 31 19 31 39 1 34 49 15 49 49 27 45 
30 9 13 48 49 1 49 49 46 3 26 13 29 7 30 24 30 28 0 18 45 49 49 31 49 28 49 49 46 6 49 46 34 6 33 19 28 21 40 24 30 4 36 49 21 25 43 4 6 49 45 30 1 25 25 48 43 49 43 42 49 27 6 21 49 49 49 25 12 30 46 10 7 49 49 42 49 43 49 22 10 27 49 27 4 49 4 9 49 36 3 7 49 43 24 40 49 46 18 12 30 
15 43 28 28 48 10 33 3 22 49 18 8 30 15 28 32 11 24 30 0 49 49 25 31 22 4 49 10 33 31 49 12 19 16 27 48 46 30 1 18 48 49 21 45 49 49 49 30 49 6 10 49 25 6 22 22 16 49 10 45 37 49 49 16 49 49 30 3 49 18 49 49 49 45 49 33 27 48 49 48 15 4 10 39 49 49 27 16 18 13 48 49 49 39 4 45 46 49 1 49 19 
42 33 49 28 31 25 49 39 24 49 16 33 43 39 36 10 37 10 49 49 0 12 18 0 30 18 26 2 31 5 49 37 42 48 31 42 6 3 49 34 22 21 49 42 49 19 49 7 48 19 49 24 22 49 49 30 49 49 19 49 9 15 39 28 49 13 6 49 49 49 49 43 49 30 39 9 39 49 49 36 6 49 49 36 30 24 37 27 45 3 10 42 28 49 12 33 49 28 3 45 49 
22 36 28 28 7 7 36 40 49 34 25 49 49 24 13 49 36 13 46 49 16 0 26 3 1 21 23 13 11 6 49 36 37 42 49 48 4 49 49 45 25 49 49 7 40 31 39 1 49 1 49 16 15 49 48 10 18 48 49 33 49 49 49 48 7 13 49 49 4 49 31 49 18 49 27 34 40 49 10 49 18 10 15 37 49 46 34 49 4 16 49 22 49 46 27 30 36 49 49 49 4 
10 49 4 6 49 27 49 49 3 21 18 30 49 37 49 28 3 49 45 45 30 2 0 9 28 27 0 1 1 0 3 24 49 49 49 46 49 49 49 49 12 49 34 49 49 49 25 49 3 42 22 28 49 49 49 46 43 49 49 43 16 49 40 28 49 25 49 48 49 42 49 48 39 49 49 30 49 9 49 24 1 49 43 49 4 49 13 10 30 24 49 49 1 13 4 13 49 37 40 49 49 
31 31 49 39 13 43 21 46 49 21 10 46 25 25 49 49 7 49 45 49 28 26 18 0 30 11 14 11 23 12 48 49 31 49 46 49 12 12 49 49 49 18 49 49 49 49 49 49 33 31 49 49 4 45 45 37 6 24 1 49 12 49 27 49 36 49 49 42 36 49 49 40 45 4 46 21 49 19 49 1 21 15 15 27 25 49 49 4 36 49 34 43 22 49 42 24 21 9 24 49 49 
27 49 43 22 36 48 10 45 28 18 45 39 1 22 39 49 10 49 49 49 27 26 19 14 0 29 26 6 18 32 27 49 49 15 1 19 43 3 24 49 33 49 46 49 46 49 49 49 31 49 49 48 34 37 49 1 4 49 15 49 1 9 37 49 49 22 45 7 27 49 49 22 15 49 3 49 42 1 3 7 7 49 49 9 49 34 19 18 49 45 49 34 40 1 1 49 28 25 28 40 33 
49 4 36 43 48 39 37 37 36 49 4 49 18 31 49 9 49 7 30 49 20 32 21 16 10 0 14 21 6 26 21 34 6 49 3 21 34 37 49 34 49 18 40 33 49 45 49 30 49 49 15 49 31 49 10 45 49 49 12 49 49 31 27 34 49 43 49 43 45 49 36 49 34 49 36 33 25 42 15 24 27 7 49 46 24 49 49 31 49 4 6 15 49 49 49 33 28 13 49 45 34 
37 46 4 49 24 34 49 49 45 6 21 49 34 49 19 22 27 49 49 49 20 2 24 2 21 29 0 8 13 19 16 18 12 36 49 22 6 49 39 30 43 21 49 10 49 43 49 49 16 40 6 49 49 49 3 19 31 49 4 9 48 49 6 10 16 27 49 49 49 49 43 30 49 49 49 39 18 49 43 45 3 49 49 45 36 49 43 25 49 18 49 40 42 40 49 49 31 31 49 25 49 
49 49 49 10 49 43 37 4 37 40 49 30 49 43 42 49 9 33 12 46 5 29 12 31 24 2 8 0 20 23 37 27 7 1 10 40 33 36 36 46 49 16 46 49 49 30 31 49 31 1 1 1 49 16 13 49 16 9 30 16 49 34 45 37 49 49 18 28 49 49 40 49 7 40 49 49 27 13 16 37 37 49 49 49 12 28 49 19 49 4 28 21 33 43 40 49 28 49 13 10 49 
49 12 33 13 49 49 1 39 24 4 49 33 49 49 24 43 49 39 28 49 19 6 1 10 4 12 30 16 0 26 45 9 10 16 40 39 40 49 49 49 49 49 49 49 40 37 9 6 45 46 49 49 49 49 49 49 49 1 10 49 49 49 27 39 27 21 34 33 49 49 1 49 48 18 25 33 30 27 30 49 12 39 49 49 49 9 49 49 10 49 12 13 36 24 33 27 49 1 16 49 19 
28 49 49 39 42 49 49 6 49 49 25 24 48 3 37 49 16 21 25 15 22 14 26 2 31 6 26 16 1 0 49 18 49 43 12 49 33 30 25 9 37 49 1 31 49 4 1 24 49 49 43 49 15 25 27 18 49 3 49 49 4 49 37 21 49 19 24 45 49 46 3 30 27 16 1 18 21 49 49 49 24 22 49 49 34 49 16 43 18 28 49 49 36 21 49 34 13 49 49 49 37 
49 18 46 43 3 42 49 49 34 37 4 46 22 46 49 10 3 49 49 49 27 49 49 43 49 49 4 49 49 7 0 0 13 4 6 10 6 29 13 13 7 12 33 49 21 49 37 49 12 4 27 15 24 43 19 10 48 22 49 21 9 49 16 49 49 34 49 49 25 43 6 19 31 49 49 4 10 40 34 49 33 31 1 37 28 49 49 1 42 27 22 37 33 24 48 49 49 49 49 27 10 
16 49 16 27 48 36 49 1 49 12 24 34 49 49 49 49 36 49 31 49 49 49 49 28 18 49 12 3 40 49 8 0 9 0 16 16 4 15 14 2 28 13 30 39 6 49 49 22 13 13 28 46 49 49 21 21 9 49 24 40 18 49 31 49 24 18 31 49 4 49 7 6 7 6 18 22 49 33 7 34 45 49 49 34 15 28 27 49 21 49 13 49 12 49 13 27 49 12 34 13 9 
49 31 49 49 49 49 4 49 18 49 7 39 49 15 45 46 24 24 49 18 22 49 30 13 25 4 19 12 22 16 27 8 0 5 9 18 7 1 26 2 49 49 9 16 49 33 49 15 7 19 49 24 13 49 1 30 39 24 25 24 25 49 43 33 13 22 49 7 40 28 1 6 22 49 30 33 1 6 49 49 24 49 39 49 46 49 49 49 16 31 49 27 49 22 49 49 49 30 22 19 49 
49 16 49 22 18 12 49 3 45 49 30 34 1 49 6 49 49 49 19 49 49 25 19 6 12 13 10 16 15 42 18 10 16 0 7 22 3 2 4 10 49 31 33 6 42 49 45 31 49 49 45 28 21 9 46 33 4 45 24 6 18 10 28 49 18 45 24 43 39 39 45 49 48 49 30 18 19 49 40 31 49 25 28 49 49 22 36 18 49 49 27 46 25 49 49 43 48 49 21 34 49 
37 43 28 39 27 33 49 30 40 1 15 37 30 49 18 28 24 49 25 30 49 42 49 34 42 49 49 46 27 49 29 23 8 18 0 25 20 20 12 27 49 37 31 49 21 49 49 13 9 27 25 18 21 34 39 42 12 49 13 49 12 49 3 49 33 21 40 36 37 15 42 18 42 9 49 40 49 27 9 4 39 49 19 42 18 37 49 39 37 34 24 39 30 6 49 49 46 48 49 40 3 
49 49 21 34 28 6 25 49 10 15 24 39 43 49 49 15 49 24 15 28 6 19 19 6 30 49 49 49 49 42 23 9 6 28 16 0 24 29 31 20 10 28 25 37 49 22 49 7 39 43 49 49 36 42 46 49 49 49 49 49 18 49 24 7 21 9 9 45 49 45 13 49 42 34 42 28 30 9 10 49 49 36 30 42 30 49 7 28 49 45 49 28 33 36 34 49 34 37 6 49 3 
49 49 4 21 49 36 49 27 40 42 49 49 49 24 21 39 3 39 24 37 43 49 13 3 49 1 21 49 49 49 19 26 6 9 4 4 0 4 6 26 49 49 22 33 49 49 12 31 22 22 49 49 36 28 7 21 21 9 48 24 6 9 49 24 30 25 21 49 25 4 42 16 45 6 18 42 49 16 15 49 16 49 49 42 25 49 10 31 28 28 49 49 10 33 19 33 49 10 4 36 49 
13 49 45 30 18 25 3 19 4 49 31 49 25 31 21 24 49 39 13 3 31 10 49 28 49 3 12 15 49 13 32 4 30 0 31 10 17 0 22 18 49 48 49 18 30 33 37 19 3 21 49 45 7 1 21 15 16 10 19 30 49 36 6 27 28 49 49 18 22 42 49 6 27 49 31 7 19 42 49 49 15 49 43 43 1 36 49 49 37 42 48 49 16 39 49 16 49 46 6 49 34 
49 49 46 49 6 45 10 21 16 49 34 27 10 49 46 49 49 39 49 34 49 13 49 21 10 49 15 49 49 49 18 5 11 29 8 7 24 16 0 19 13 40 48 12 49 28 24 37 49 33 49 16 49 34 21 49 37 49 49 49 43 36 49 49 6 10 22 49 49 7 16 9 28 12 49 31 49 24 10 10 43 49 31 39 49 37 25 34 13 10 49 28 12 22 15 42 3 46 49 19 24 
49 49 49 49 49 45 4 40 49 39 12 12 49 49 22 15 48 49 37 7 48 9 36 49 48 3 49 49 49 49 22 2 8 15 16 22 4 29 17 0 49 24 45 39 30 49 49 6 9 18 49 18 15 49 49 22 25 36 49 1 40 49 49 10 49 49 18 16 39 4 15 49 49 40 13 15 28 31 49 4 24 49 6 24 25 22 49 28 24 19 49 18 49 15 12 40 49 37 37 9 24 
24 49 19 49 6 49 15 4 49 49 30 49 46 49 12 34 49 4 16 30 48 49 49 7 28 49 6 46 49 25 9 34 28 30 49 7 46 4 4 40 0 11 10 10 14 0 27 10 2 32 18 49 12 31 3 49 49 33 49 13 48 49 7 49 40 49 49 36 18 13 49 33 49 28 49 39 49 49 39 3 7 43 10 27 49 39 36 49 46 49 25 30 22 48 49 49 49 49 49 9 43 
33 49 45 25 15 49 49 49 15 49 48 49 9 6 19 10 37 7 10 37 49 4 42 30 10 49 33 18 3 7 18 37 34 31 49 15 12 24 6 49 7 0 5 26 18 27 8 27 1 20 3 49 49 49 40 24 22 30 49 13 37 27 12 3 37 22 49 3 49 45 25 45 46 27 25 49 33 49 49 49 27 19 49 4 49 1 4 36 16 49 49 22 49 49 28 49 27 46 40 30 49 
36 45 28 49 27 43 13 33 49 37 49 13 49 43 49 49 46 48 7 24 3 49 3 1 49 27 25 49 49 9 49 18 49 27 45 46 49 16 36 36 9 2 0 18 27 20 23 2 29 6 49 43 45 27 46 34 49 30 49 49 49 49 49 49 49 24 49 24 36 46 49 31 42 22 6 49 48 21 34 1 39 16 25 28 49 49 16 9 22 34 16 21 49 30 3 49 49 21 9 49 28 
49 49 9 49 36 36 25 24 49 45 34 18 22 4 28 49 46 7 42 3 37 46 39 49 21 31 49 45 49 15 15 39 49 49 31 1 25 45 49 49 18 10 13 0 14 8 1 19 26 20 46 15 21 31 42 19 49 19 49 1 24 36 4 16 49 49 46 19 49 4 28 28 34 21 49 4 42 49 7 37 12 39 49 45 49 49 49 46 3 4 33 30 43 1 49 18 49 13 49 39 40 
12 49 49 10 49 49 36 49 22 49 49 49 18 49 39 31 49 43 49 49 49 31 49 33 33 49 16 49 49 13 49 49 49 40 7 13 28 49 49 6 18 6 1 25 0 31 27 10 2 11 49 37 6 39 49 49 19 49 9 28 49 49 13 36 49 22 49 49 30 3 34 19 3 3 33 4 34 15 22 33 1 3 49 37 49 3 27 49 40 42 9 49 39 49 22 24 40 28 7 42 49 
34 49 49 49 49 49 48 12 49 13 45 34 6 6 25 24 46 49 21 19 49 49 49 36 34 25 36 22 49 49 18 27 6 4 33 40 13 16 22 49 0 2 12 24 19 0 19 8 3 7 45 37 27 6 34 49 18 36 45 16 28 49 25 49 49 49 49 19 49 49 49 3 43 49 28 49 45 28 4 6 18 46 49 48 10 24 18 42 49 19 7 25 6 18 34 22 13 19 31 28 19 
30 49 24 40 9 4 49 46 34 40 19 4 49 49 7 15 18 15 6 24 49 24 27 49 42 34 12 49 40 49 49 24 49 7 27 49 24 33 39 49 29 32 17 18 30 27 0 18 23 2 40 49 28 30 13 22 6 13 19 18 37 49 49 31 43 49 9 3 33 49 49 24 49 9 4 30 49 9 49 18 16 42 39 28 49 49 22 12 46 49 49 15 6 36 9 49 28 16 49 37 28 
49 49 49 49 21 31 49 49 36 49 30 12 18 49 25 49 49 16 49 49 31 30 49 25 42 45 42 42 28 49 24 1 3 33 25 48 28 6 39 49 13 13 15 8 24 24 31 0 29 32 37 49 37 49 37 49 10 49 33 46 49 49 49 15 49 49 49 3 7 4 49 49 49 33 24 19 9 33 42 4 37 49 24 37 25 9 49 46 43 1 16 27 6 33 12 39 3 49 49 49 43 
13 49 40 49 4 39 10 49 13 21 15 37 25 1 30 49 40 49 34 19 49 49 21 30 40 49 31 49 7 49 31 49 34 43 39 24 49 43 6 16 18 25 1 23 16 9 27 22 0 4 6 34 27 42 3 33 24 30 49 22 39 25 39 4 24 4 42 4 25 49 49 42 25 12 49 49 24 49 31 30 6 31 33 19 9 27 49 4 30 28 49 49 4 42 30 49 49 36 49 16 25 
49 40 49 10 49 49 30 49 42 31 24 34 19 7 22 27 49 34 28 22 45 49 48 49 28 42 9 12 1 46 45 18 12 1 10 16 49 34 4 49 10 32 28 7 16 5 31 14 15 0 10 22 36 49 37 12 49 49 49 49 45 46 49 30 19 27 49 25 25 28 21 31 24 49 16 1 33 49 3 1 46 49 49 49 39 1 49 1 40 45 28 3 9 28 49 49 18 49 4 49 48 
19 25 18 28 36 49 43 6 13 10 15 49 39 3 48 49 49 49 1 31 49 46 12 19 43 49 46 49 1 25 7 21 37 42 34 10 49 9 49 18 22 36 22 34 22 42 24 22 49 3 0 25 18 16 30 23 24 9 2 30 49 12 10 49 36 49 49 49 49 28 43 49 1 43 31 49 42 43 25 4 43 27 49 16 21 49 40 49 49 36 24 49 49 49 49 49 46 46 49 22 4 
24 49 33 49 31 49 49 49 49 49 48 31 21 49 42 49 31 39 7 15 36 45 49 49 49 42 18 49 43 7 12 49 33 19 49 6 4 18 46 49 30 48 13 40 49 1 24 22 39 49 1 0 13 12 11 30 29 17 30 15 39 49 37 13 49 49 49 49 36 40 42 49 49 24 46 24 49 10 15 19 3 22 4 34 49 48 7 49 49 4 49 21 46 49 49 16 15 42 49 7 15 
21 49 9 42 49 15 49 34 15 6 49 9 30 9 48 49 25 6 28 4 6 49 21 10 49 22 25 34 48 24 10 49 49 25 49 34 49 43 16 48 13 6 36 33 49 9 49 16 4 16 26 31 0 12 20 5 6 12 25 30 33 22 9 37 43 19 21 49 7 30 40 19 48 13 1 22 49 33 10 49 42 49 49 49 15 3 37 40 6 13 36 21 19 15 9 49 13 3 3 37 49 
28 9 49 7 45 19 27 15 30 42 28 49 49 49 46 1 10 31 3 10 34 49 15 22 1 36 49 49 18 39 13 12 49 49 13 27 49 39 49 4 36 49 10 6 49 49 46 22 49 18 28 30 4 0 1 12 32 14 25 12 49 49 28 49 49 49 34 19 49 49 42 4 30 13 49 49 46 12 6 49 49 49 7 46 18 9 49 49 33 49 30 43 36 28 49 21 49 49 4 15 21 
49 7 12 49 46 1 49 39 49 48 43 31 34 49 24 34 37 27 24 10 49 21 49 33 49 42 27 40 10 9 6 7 9 19 49 19 49 34 39 49 12 43 15 49 31 10 34 19 49 49 16 15 14 14 0 32 27 1 27 18 10 49 49 49 12 34 40 15 49 10 42 49 22 48 24 10 46 27 3 10 49 33 21 19 49 25 49 42 46 37 49 27 22 49 25 36 21 48 49 49 49 
1 3 49 7 33 49 31 49 36 37 49 49 30 16 10 49 46 6 36 43 7 15 49 43 49 4 33 9 25 36 9 49 49 49 48 49 49 49 18 25 49 24 49 49 7 49 49 27 36 49 24 22 25 4 19 0 16 10 6 19 49 31 48 49 49 49 3 12 49 49 49 22 24 49 15 18 49 49 25 36 18 49 49 49 49 49 28 37 49 49 18 48 49 43 21 3 49 39 49 25 49 
1 46 49 15 24 7 48 49 49 40 4 49 45 36 49 7 49 49 28 7 49 34 34 49 27 49 24 49 21 49 3 42 49 3 6 1 40 49 9 48 16 33 21 49 49 18 28 21 43 43 20 18 14 29 24 21 0 5 8 16 49 43 21 27 49 45 49 7 45 6 24 49 3 3 42 49 49 19 49 49 39 48 48 49 46 49 49 49 49 49 3 49 28 49 37 49 42 37 21 30 33 
27 46 43 49 39 48 18 21 49 40 40 49 36 49 4 42 37 49 18 15 9 49 49 27 25 21 40 49 49 49 34 49 49 49 40 27 21 36 18 34 15 49 33 13 24 22 49 46 49 37 4 2 8 6 8 22 8 0 9 6 49 42 10 43 9 33 49 21 19 49 49 37 37 49 48 18 49 22 49 49 18 49 49 49 49 12 28 45 34 48 16 49 49 7 30 49 10 37 1 28 45 
18 34 3 49 34 18 42 49 6 49 6 40 13 37 49 6 49 1 27 15 27 16 12 49 49 49 13 49 15 34 40 28 18 7 49 49 25 49 13 49 12 24 19 45 1 34 49 49 40 49 21 16 32 25 26 27 24 26 0 2 49 46 12 3 43 49 21 49 15 49 10 49 13 49 16 33 30 49 49 49 49 49 43 1 49 49 40 46 49 49 49 49 36 42 3 46 49 6 16 12 19 
27 15 42 49 27 49 49 6 43 40 34 18 49 15 19 49 49 25 49 49 49 4 34 39 4 25 49 10 25 7 49 49 49 39 42 1 49 10 6 21 28 49 49 9 49 49 49 42 1 49 10 24 26 24 32 26 29 3 4 0 22 42 46 19 34 13 42 12 6 31 31 15 28 1 1 45 7 49 21 1 49 21 43 9 16 49 21 49 42 6 6 15 30 49 46 36 48 49 1 49 43 
15 10 37 18 36 16 49 10 9 18 16 49 49 49 49 37 36 10 27 12 36 10 45 13 49 34 40 3 18 10 49 12 1 46 49 49 39 40 49 16 9 15 40 43 3 49 3 7 42 34 21 49 42 46 49 49 49 16 3 33 0 21 20 16 11 2 5 22 5 11 33 19 39 6 49 4 49 25 49 49 49 49 30 45 4 28 49 31 49 16 49 49 49 49 49 1 49 6 10 43 10 
27 49 6 7 33 49 49 49 7 9 21 19 22 3 7 30 18 49 49 15 49 48 42 34 25 16 49 30 49 19 36 4 43 31 45 45 21 49 49 49 49 37 49 30 49 9 49 7 46 43 46 49 49 49 28 49 49 42 31 22 25 0 18 16 30 15 1 22 9 12 18 24 30 49 48 49 19 49 49 46 18 49 9 36 39 49 12 45 49 31 39 28 49 9 49 49 37 34 25 9 33 
37 48 49 46 1 9 42 49 49 16 22 49 24 4 30 6 34 9 49 28 48 1 12 36 21 49 49 15 3 9 28 49 34 42 19 46 43 13 49 39 45 39 42 49 28 40 9 49 28 49 49 36 7 33 9 33 4 43 37 49 29 26 0 10 1 31 0 21 28 30 49 36 24 30 9 49 9 48 49 30 49 40 49 36 49 45 49 21 49 49 46 36 9 49 34 10 49 49 3 3 31 
49 10 45 49 49 7 15 30 42 37 12 49 48 46 12 13 37 49 49 18 36 37 27 36 24 12 49 42 48 49 25 9 42 49 1 16 49 49 49 28 18 49 40 33 19 12 3 6 21 16 6 6 24 48 12 28 39 49 49 4 30 26 16 0 20 16 2 3 14 19 21 3 49 49 49 49 3 21 49 40 6 13 49 1 49 46 49 49 43 49 49 49 42 43 4 49 49 30 3 33 18 
49 25 49 49 49 19 49 49 4 49 49 48 3 48 34 1 49 30 9 49 37 10 21 31 40 45 48 3 7 37 19 49 37 39 49 10 6 10 19 36 49 48 1 37 36 49 24 49 49 49 49 12 46 49 16 49 27 4 10 49 12 22 20 21 0 32 1 31 24 31 18 30 49 49 34 30 49 36 24 49 48 49 27 49 34 33 49 49 24 7 13 25 15 30 15 49 24 24 9 36 49 
49 37 49 49 49 19 7 1 6 18 49 22 49 31 49 42 9 49 24 1 49 27 49 31 30 49 45 36 33 49 12 49 12 9 9 33 16 39 4 18 49 40 16 49 49 9 39 43 49 27 1 33 49 48 39 48 24 49 37 46 12 0 28 28 7 0 27 31 27 7 49 36 25 49 49 7 39 1 1 9 28 24 21 43 49 49 49 31 3 37 7 25 34 34 9 13 22 49 49 49 31 
49 31 49 22 49 39 49 13 6 28 42 10 30 40 49 49 49 49 49 21 49 31 49 49 49 7 9 49 46 12 34 49 40 4 21 49 9 10 40 21 30 49 43 49 9 33 37 36 49 43 49 27 12 43 37 15 49 30 39 27 16 31 24 3 22 24 0 9 3 17 49 49 21 48 49 49 34 15 49 39 10 34 49 36 30 49 42 33 45 45 49 16 49 36 49 12 49 6 7 7 37 
21 12 13 49 4 49 4 42 39 49 22 39 49 9 16 49 9 28 18 3 28 19 31 3 49 49 4 49 1 39 24 28 9 49 19 33 7 49 3 49 39 31 49 9 7 49 48 45 48 43 33 49 30 43 42 49 49 31 24 49 15 4 5 27 32 32 10 0 26 6 12 15 43 36 49 49 49 49 49 24 49 49 19 49 3 6 12 39 4 3 49 49 49 9 36 49 19 36 21 19 48 
9 49 49 49 49 49 49 49 22 49 43 4 30 46 25 15 1 24 18 12 27 49 25 48 13 15 13 34 45 33 49 49 49 49 48 9 9 31 31 49 37 49 49 15 27 25 21 15 4 13 49 49 49 42 46 30 7 39 4 49 22 20 31 32 12 28 6 28 0 3 49 49 33 45 21 28 45 1 4 49 49 33 49 7 30 46 49 7 6 49 15 49 49 31 49 4 10 18 39 40 30 
30 9 3 30 1 49 49 48 49 18 28 42 49 49 49 19 27 3 49 49 15 31 49 16 37 49 22 25 40 45 49 16 49 49 15 49 31 48 49 12 10 15 49 10 3 22 40 13 49 30 28 49 27 39 10 49 48 49 21 49 25 6 5 6 20 22 7 19 27 0 22 34 27 46 1 49 49 33 49 49 49 4 49 39 27 21 36 49 22 18 42 15 39 49 10 42 49 49 1 15 27 
3 49 21 31 48 28 49 49 24 49 13 49 49 6 39 19 48 28 16 16 18 27 3 49 4 9 7 49 24 37 24 49 49 4 30 30 7 28 13 39 31 40 49 34 46 48 49 36 33 49 28 10 33 10 49 49 39 49 6 49 48 3 24 49 39 49 28 48 19 18 0 16 31 22 4 27 21 0 26 6 24 49 49 39 24 49 19 49 3 49 49 31 42 40 46 3 49 12 33 48 40 
24 7 16 31 42 15 49 49 31 27 49 49 49 49 49 49 49 49 27 7 49 22 31 49 19 49 40 49 22 49 13 25 49 25 4 49 43 49 49 19 25 40 40 49 3 34 49 7 12 49 49 24 16 49 7 9 34 49 10 36 45 49 31 7 13 49 19 49 43 18 18 0 27 20 17 17 13 9 32 2 3 49 31 21 49 3 42 39 36 10 15 6 25 49 49 19 49 49 49 49 49 
49 24 25 49 27 13 49 16 34 21 24 49 49 25 6 12 27 49 34 45 49 36 43 49 49 49 49 49 22 6 28 15 42 40 10 13 4 9 49 39 46 49 12 30 22 40 37 6 1 6 9 21 10 15 15 49 22 42 10 43 37 10 49 43 49 31 7 49 10 25 3 6 0 3 18 8 28 5 0 6 49 22 3 36 49 25 39 9 24 10 4 21 6 30 16 49 49 9 49 49 34 
25 49 49 13 12 36 27 49 28 49 42 49 21 49 45 21 49 49 49 21 48 24 49 24 28 37 49 34 49 49 3 49 1 36 12 40 24 30 6 40 36 31 15 49 49 48 39 40 10 49 7 49 34 49 18 49 49 25 49 49 49 49 49 18 10 24 42 31 31 24 30 30 28 0 29 14 5 14 12 4 49 49 7 49 49 49 49 12 49 49 49 19 49 25 45 49 42 15 49 15 49 
15 49 49 39 34 37 46 3 49 18 49 49 36 39 1 49 10 43 46 4 7 48 49 49 49 49 45 13 30 37 49 10 49 49 19 19 6 43 1 40 49 49 49 4 45 33 49 49 49 25 49 30 40 49 4 49 42 49 7 46 49 37 49 49 49 30 49 33 6 49 18 4 19 22 0 15 30 2 30 24 49 13 3 10 49 49 42 36 49 22 49 19 1 9 33 30 37 4 49 49 49 
49 49 40 27 39 49 49 7 49 7 7 36 25 45 24 37 49 7 6 16 49 10 1 49 15 27 34 33 46 10 36 49 36 46 49 49 25 16 49 45 40 49 42 49 49 4 49 15 13 4 22 37 21 16 49 7 19 30 46 6 16 49 36 49 49 49 39 10 19 33 15 26 12 2 22 0 18 16 12 10 30 49 7 10 49 49 49 43 16 4 1 49 49 49 45 49 36 1 49 12 49 
22 39 49 46 42 49 19 49 49 36 40 49 49 49 36 33 30 49 45 4 49 43 49 49 49 9 46 49 45 30 7 45 49 36 36 34 34 9 31 22 12 1 43 30 37 49 15 31 15 12 49 4 49 13 49 25 39 49 34 49 49 6 13 49 49 43 49 9 34 33 26 18 8 6 7 6 0 32 30 30 40 48 21 49 9 30 24 49 27 22 12 33 37 49 39 7 49 49 28 45 49 
28 24 16 36 49 48 40 31 1 19 49 36 6 30 49 6 49 49 6 49 12 46 27 42 30 48 40 27 49 49 9 49 49 49 40 49 25 49 49 48 6 49 31 49 49 49 1 48 31 27 46 15 27 49 3 49 49 49 24 15 4 3 33 49 43 49 49 7 49 24 18 20 14 15 29 8 12 0 5 15 18 36 39 18 6 13 49 19 49 25 49 49 49 48 49 49 49 49 21 28 10 
19 10 49 24 33 49 27 16 31 49 15 42 49 49 49 49 12 24 16 3 49 10 25 22 27 28 42 4 12 25 46 31 21 49 49 4 12 7 49 28 49 39 34 12 48 12 31 28 13 49 37 42 3 24 49 49 39 49 49 15 49 49 1 25 15 49 49 42 49 42 26 14 2 19 30 28 12 28 0 20 49 49 49 49 30 46 16 48 49 37 49 9 49 22 6 49 30 4 27 49 7 
37 7 46 33 22 30 28 49 13 6 7 49 4 33 1 30 12 24 24 48 49 40 45 49 24 43 49 49 49 49 1 45 16 10 10 49 4 45 49 31 49 25 4 10 19 49 18 10 45 49 49 7 49 18 1 27 39 43 24 4 49 49 31 45 15 49 49 25 18 49 4 31 13 26 22 32 1 11 26 0 34 24 49 12 25 49 16 49 21 25 49 7 22 49 49 6 46 34 49 18 37 
15 49 10 7 46 49 4 33 49 49 49 18 43 49 49 40 9 49 49 49 49 12 37 42 19 42 13 49 18 9 1 49 49 4 49 43 12 43 6 27 18 21 27 7 13 21 33 18 34 30 49 7 49 39 49 39 31 37 49 37 49 49 36 22 4 49 18 31 43 7 7 49 19 49 42 49 40 43 49 13 0 28 16 28 32 12 32 10 30 10 7 49 19 18 25 25 49 49 49 39 21 
49 33 7 16 39 27 49 49 34 12 49 40 49 49 49 45 30 49 49 49 12 36 49 49 19 49 27 39 9 49 12 49 9 49 27 49 42 10 49 30 49 12 30 49 48 49 12 49 46 16 19 46 28 12 49 28 49 10 49 4 31 49 49 24 49 49 7 7 16 1 49 49 37 49 31 25 6 49 30 43 24 0 18 26 24 4 26 26 14 32 49 49 49 46 49 49 24 10 34 49 49 
33 49 19 12 42 40 31 49 49 39 6 49 12 49 49 13 49 40 16 27 25 34 40 36 4 49 49 25 49 13 28 49 45 49 49 39 49 19 49 42 49 19 9 19 49 33 9 31 37 9 37 49 25 37 3 49 49 48 49 49 4 24 24 49 46 49 28 6 21 21 48 49 6 7 45 19 49 49 24 40 5 10 0 6 6 6 23 24 18 2 28 49 49 22 49 49 27 4 49 45 46 
49 49 37 42 21 49 27 22 16 34 34 1 9 49 33 49 49 42 15 31 49 49 3 9 49 49 49 49 49 18 49 34 36 3 33 36 31 49 9 49 27 16 7 22 49 49 10 31 42 49 43 40 49 36 9 34 6 49 37 48 49 33 49 49 49 22 30 24 49 6 28 49 49 49 31 28 18 46 24 24 1 1 6 0 18 26 13 20 5 30 13 36 24 25 49 43 49 48 42 18 42 
10 33 24 18 16 49 9 9 43 49 34 43 16 45 42 33 49 49 33 9 16 3 37 49 49 31 49 49 12 40 21 36 33 49 3 33 49 33 1 49 49 49 31 16 21 49 7 1 37 49 37 36 4 49 49 22 49 16 7 16 1 49 36 48 24 21 9 49 49 30 16 4 9 49 49 49 43 49 12 49 12 21 16 23 0 13 18 5 14 32 49 49 49 33 46 43 18 24 33 16 1 
13 46 3 49 49 48 46 27 36 10 48 22 10 39 49 19 49 25 15 49 36 45 6 49 25 49 31 49 49 48 9 39 49 27 46 49 43 49 34 25 45 16 1 27 15 6 49 48 49 28 18 27 30 4 49 18 43 49 27 34 34 34 30 45 21 49 49 10 49 1 15 49 9 49 49 9 49 6 16 49 8 30 15 26 18 0 21 29 2 14 37 6 21 12 4 49 49 10 37 34 19 
25 25 30 49 34 19 49 49 6 49 22 37 42 22 10 49 13 3 13 27 49 49 42 49 16 34 22 28 15 13 49 49 21 49 33 40 13 18 27 12 1 49 25 49 49 37 4 21 15 6 21 22 49 34 49 49 15 39 25 49 31 49 42 49 49 27 49 7 49 42 12 49 19 30 25 27 49 36 1 43 26 22 1 15 17 19 0 24 23 15 16 28 3 28 25 13 40 49 49 28 49 
33 24 49 42 33 28 39 49 49 21 49 4 49 49 21 34 24 28 22 37 49 48 28 49 36 39 12 16 33 49 36 16 31 42 18 49 36 42 49 43 49 27 27 49 49 30 19 49 49 28 25 7 18 49 25 34 49 40 49 49 19 6 19 31 13 18 33 19 49 33 34 12 4 16 15 49 27 40 49 12 13 24 18 8 26 24 7 0 30 6 21 3 49 49 48 49 18 43 36 16 49 
49 49 13 24 4 36 49 45 49 13 46 49 21 10 19 49 49 10 49 22 49 49 25 28 6 28 10 21 49 16 31 28 21 46 37 18 7 25 46 49 43 49 1 12 19 45 49 49 19 3 3 25 49 24 6 28 22 6 48 34 49 49 49 31 18 18 49 15 43 22 49 49 22 4 15 3 49 19 6 16 4 10 16 31 15 22 1 26 0 17 28 18 49 4 25 7 49 19 48 31 43 
48 40 49 10 30 33 49 24 13 15 49 10 43 36 46 49 4 40 36 49 10 49 49 36 46 49 9 34 40 39 33 42 18 12 43 45 1 39 6 49 27 9 39 43 16 49 45 33 49 46 43 37 49 9 7 24 9 49 7 49 49 16 6 13 18 49 49 49 43 49 15 12 13 30 13 3 31 49 10 19 11 27 9 20 10 12 1 27 7 0 49 49 19 45 13 39 31 49 1 18 40 
40 30 49 36 28 15 4 34 49 49 39 28 18 15 9 34 7 10 49 49 45 49 25 33 7 49 12 42 49 49 31 33 49 46 42 49 4 49 49 49 25 48 1 36 27 24 49 42 43 49 49 30 30 12 49 19 10 31 7 22 42 10 40 49 49 49 49 49 49 1 49 49 28 4 49 19 49 49 46 49 25 48 49 18 49 25 49 24 37 49 0 24 15 13 23 24 21 29 9 20 34 
49 19 39 21 40 49 49 49 49 34 49 1 49 30 45 49 4 49 49 33 49 49 9 15 27 39 34 4 10 49 7 49 9 49 1 7 49 49 34 6 43 19 13 25 10 12 3 49 13 6 31 49 39 6 33 9 43 16 22 1 13 45 49 28 24 22 21 49 9 49 13 49 13 49 9 13 49 4 6 31 15 49 49 37 37 48 49 48 21 6 28 0 10 24 6 21 32 0 28 6 33 
25 16 30 28 25 27 49 49 36 43 22 49 31 1 49 49 31 3 21 3 3 49 49 12 49 49 48 12 31 49 49 49 37 12 30 49 27 6 49 49 49 36 49 19 25 49 49 49 22 3 49 15 7 30 39 25 46 42 12 9 39 28 31 7 40 49 3 24 22 34 49 49 49 15 19 45 34 13 19 46 36 37 49 48 49 31 49 49 37 49 8 8 0 24 14 16 12 32 4 3 18 
12 19 31 49 49 45 39 49 45 49 16 39 45 19 22 43 49 49 30 18 39 24 49 18 36 49 7 49 24 45 49 43 4 28 21 19 39 30 46 15 49 16 49 6 7 34 22 49 15 25 18 4 45 31 46 49 49 22 22 4 12 42 18 25 49 30 19 46 36 4 7 31 12 49 49 24 31 28 49 45 49 49 49 49 21 9 49 49 49 24 28 6 13 0 16 30 14 15 22 17 49 
49 16 49 49 43 25 46 33 45 49 24 49 48 34 16 30 7 49 49 49 15 10 49 49 49 49 43 45 18 28 7 49 49 49 49 9 49 45 27 31 4 34 43 49 7 21 9 40 21 18 49 49 21 4 49 49 28 49 31 15 25 24 9 40 49 10 42 49 19 48 28 46 49 49 19 28 19 13 49 18 49 34 49 49 12 45 49 49 19 37 30 31 21 20 0 28 2 13 15 12 49 
49 43 3 49 48 43 49 22 49 16 6 22 28 49 49 49 31 10 49 31 48 49 28 36 27 49 49 6 36 19 45 18 28 49 12 22 49 43 49 49 48 48 28 49 13 49 43 15 24 36 1 19 48 4 49 9 49 22 48 49 13 49 10 49 49 1 42 6 40 10 49 18 37 22 49 18 12 42 46 49 49 49 49 49 49 49 28 19 31 48 26 4 22 9 30 0 30 31 31 30 15 
37 49 7 13 18 19 49 12 7 27 49 49 49 42 49 46 34 45 43 28 4 28 24 33 49 49 16 7 49 7 45 49 49 49 4 49 28 16 15 49 22 21 21 12 25 18 34 34 49 13 49 1 16 7 49 18 13 6 6 6 49 7 49 43 21 42 22 27 12 46 16 45 49 49 40 45 49 12 4 15 49 33 42 49 12 49 45 16 43 49 18 2 6 29 3 16 0 26 25 5 15 
49 9 49 49 12 49 49 49 33 28 4 13 33 34 49 49 9 49 49 49 31 49 13 49 30 49 7 46 16 49 49 27 28 42 49 9 49 49 37 49 36 49 49 49 31 19 25 19 49 49 7 13 43 1 49 49 36 16 49 49 18 4 6 33 43 49 28 21 40 43 49 43 7 49 49 22 27 49 33 33 39 21 45 27 49 42 42 49 49 28 16 8 22 30 0 29 11 0 9 25 49 
1 49 49 18 15 12 37 19 34 13 49 49 28 49 49 28 42 10 49 30 43 49 12 49 3 49 34 9 40 12 49 12 42 22 25 49 49 49 48 10 49 27 49 9 49 42 49 1 49 39 24 49 15 49 49 45 3 49 49 24 25 49 24 3 15 31 22 21 19 1 1 40 13 49 49 49 31 6 49 25 49 49 49 49 49 49 15 49 7 49 24 21 4 24 32 4 13 8 0 26 13 
43 49 49 19 49 37 48 31 49 10 40 49 48 49 45 6 13 49 6 18 36 30 12 33 24 45 6 39 1 49 21 1 39 15 49 7 43 30 31 12 49 27 37 46 49 3 3 27 16 25 33 49 39 49 37 46 49 49 49 49 37 48 13 3 6 49 40 49 40 21 49 28 42 18 45 49 16 49 16 22 49 9 34 15 49 49 49 49 34 45 32 15 20 6 20 4 9 21 4 0 49 
49 48 49 21 33 27 49 27 1 49 13 13 49 40 22 30 34 28 16 15 15 18 37 49 48 24 12 28 49 49 49 3 6 4 21 48 48 19 12 22 3 49 49 34 49 13 21 21 12 49 49 25 12 21 16 27 7 30 49 18 49 7 9 45 15 30 1 15 12 24 6 19 46 49 49 49 49 43 22 49 18 48 24 1 34 6 27 37 49 49 49 49 28 49 6 49 49 39 6 42 0 
