n: 100
m: 8
Pi:U[1-99] 87 65 67 5 2 21 36 60 26 48 42 44 61 14 14 70 43 44 20 67 32 6 38 43 3 20 23 74 20 79 16 34 69 40 81 17 16 36 63 86 52 60 16 35 41 72 40 84 81 33 34 87 18 81 34 24 93 12 18 3 98 4 37 4 88 82 38 18 19 77 78 47 72 52 20 90 50 91 57 65 66 15 8 93 26 48 69 50 11 21 30 49 90 89 79 48 51 88 46 95 
Si:U[50-99]
0 75 68 69 76 55 51 97 85 67 81 91 80 77 94 68 69 75 70 52 82 55 84 83 77 95 73 98 81 86 93 67 84 58 91 86 69 70 52 81 69 75 55 83 76 81 94 91 51 97 73 85 84 67 51 64 83 61 52 52 71 69 70 66 67 97 91 92 65 61 65 63 68 62 63 82 86 96 81 63 61 63 99 85 65 60 55 82 97 92 98 65 77 98 59 67 61 64 63 50 98 
88 0 66 75 78 54 74 90 73 54 80 60 96 93 98 95 97 81 58 69 63 75 54 53 73 54 62 60 64 52 78 69 66 71 88 76 53 95 62 90 70 52 79 91 56 90 82 55 75 74 81 84 54 69 96 85 54 64 85 83 59 59 80 95 66 77 84 51 98 78 55 99 92 92 68 69 67 85 75 64 93 82 87 53 70 50 87 57 70 96 56 80 67 94 85 81 60 62 79 93 96 
58 87 0 57 56 53 61 75 79 64 99 50 65 75 76 92 64 73 95 63 50 70 67 75 75 95 61 91 74 64 96 58 97 92 69 88 91 77 90 79 97 70 98 63 73 55 82 79 71 69 90 90 88 94 62 88 65 53 66 78 71 65 62 95 78 86 76 73 94 64 67 98 95 77 66 50 65 94 61 65 57 94 84 91 80 69 99 59 84 59 59 63 80 55 54 55 92 93 95 93 52 
93 52 96 0 95 70 53 86 74 80 96 68 92 50 96 90 93 58 65 65 64 91 67 74 73 65 62 78 73 89 51 61 65 60 97 91 87 99 72 76 66 96 59 83 73 74 71 60 71 80 60 97 97 83 94 80 60 99 51 86 69 71 69 89 71 77 97 52 76 69 61 95 92 65 53 52 91 97 96 69 86 92 80 94 63 80 85 79 81 50 80 67 76 90 94 98 96 95 55 82 82 
74 72 66 92 0 77 59 68 97 92 68 63 60 59 73 92 54 60 81 82 84 83 96 79 92 52 69 77 51 79 82 62 67 77 65 63 77 80 89 53 60 68 57 84 67 89 99 60 92 72 85 57 86 80 97 51 50 59 59 82 98 74 65 60 77 70 77 58 87 94 77 68 50 70 51 73 86 67 54 55 61 75 53 60 60 95 73 81 71 66 90 70 81 97 51 89 95 61 63 50 91 
64 82 92 54 68 0 87 55 75 80 95 83 94 59 68 88 50 71 55 68 82 96 56 64 78 99 50 79 69 64 86 95 80 63 59 92 97 60 78 51 60 87 77 69 61 58 54 86 62 69 59 62 68 64 73 50 69 65 88 50 60 64 51 62 76 95 58 77 72 60 94 74 90 88 68 56 60 75 94 72 74 61 65 55 69 73 96 94 52 84 74 72 76 64 62 84 67 63 54 77 72 
73 74 69 66 97 60 0 88 78 57 90 51 58 58 68 70 56 94 59 81 73 77 95 67 53 63 77 90 72 82 70 55 64 52 63 71 81 93 58 96 65 58 57 81 58 60 59 77 55 97 62 82 81 58 85 71 53 50 56 93 52 53 86 57 99 79 99 50 74 92 72 91 73 99 95 50 99 78 60 82 52 63 93 75 70 55 87 82 88 62 61 57 85 62 85 91 96 70 96 73 84 
71 94 88 68 56 87 64 0 82 71 98 99 88 57 55 62 62 75 87 96 66 73 79 51 84 57 62 65 86 72 68 53 94 87 80 81 64 88 88 94 79 51 95 66 67 96 76 75 51 70 65 75 90 63 91 92 77 99 92 54 96 65 67 67 85 97 90 67 57 66 57 76 90 64 79 57 90 66 76 60 80 58 68 51 54 81 71 95 85 90 89 72 64 54 66 87 74 61 67 57 80 
87 53 88 54 82 52 78 73 0 67 89 90 88 93 57 93 88 96 88 71 72 65 60 59 52 74 64 67 69 81 62 68 81 57 52 62 60 98 87 52 80 93 56 82 57 86 83 98 61 61 67 81 97 59 94 84 65 67 82 86 84 79 65 59 75 71 87 57 66 92 62 86 94 75 63 55 68 59 77 90 56 69 71 50 67 67 81 93 98 77 50 73 88 64 79 92 97 71 63 72 91 
78 51 95 93 96 58 77 79 80 0 76 76 64 50 53 65 67 98 80 73 62 97 91 64 62 95 79 93 92 66 60 98 91 52 97 72 84 92 93 62 67 63 65 86 62 51 60 70 59 95 96 85 91 88 93 52 80 78 97 93 70 75 87 91 82 99 86 62 80 85 87 61 61 68 73 94 71 94 95 62 88 81 74 93 94 75 62 98 50 65 88 60 59 80 51 80 93 61 96 64 91 
95 75 82 50 85 82 57 55 96 75 0 97 52 82 94 50 97 51 88 61 89 58 70 59 53 82 79 67 99 94 79 55 75 68 72 96 93 98 93 51 88 91 81 82 59 96 80 76 63 78 69 90 69 76 82 81 81 72 73 84 67 68 63 93 63 56 75 84 92 69 76 78 54 68 84 71 92 70 95 70 61 68 57 61 80 91 74 90 62 86 51 95 80 72 86 59 89 70 62 55 77 
64 72 89 52 67 96 55 60 72 68 54 0 56 65 70 52 62 84 74 99 99 56 76 88 56 54 67 94 66 83 88 53 92 63 86 74 90 71 60 73 76 96 75 78 52 58 83 86 93 90 98 54 54 74 95 96 57 82 50 87 90 75 76 60 81 92 74 96 96 76 77 60 84 93 94 59 72 51 64 53 68 64 56 57 58 56 94 75 77 76 98 98 76 58 87 60 86 91 80 65 83 
58 53 94 55 80 85 93 67 72 73 56 84 0 50 84 54 92 55 58 65 80 85 94 93 68 69 89 97 76 58 82 57 99 75 82 65 55 97 65 92 87 69 52 89 52 59 50 87 93 58 71 66 65 61 99 68 87 93 82 98 60 85 69 69 79 84 61 87 75 94 70 96 70 68 80 58 87 83 93 57 82 81 94 95 81 66 72 95 88 74 85 52 78 94 51 62 83 53 66 54 58 
72 60 50 83 65 97 50 88 73 64 68 96 50 0 59 98 89 90 65 66 97 67 75 71 53 81 98 65 95 72 50 77 72 90 71 80 70 71 58 67 71 94 87 71 65 71 65 72 71 74 96 69 61 70 64 68 50 65 62 62 76 50 90 86 58 73 52 50 64 89 72 71 58 64 87 65 61 58 98 86 67 92 64 69 64 87 75 79 84 81 89 70 66 79 94 84 66 66 71 79 54 
74 77 51 86 73 73 74 89 94 85 54 75 87 81 0 59 76 59 75 81 52 65 50 92 76 74 50 73 51 78 67 59 80 61 94 94 81 80 82 56 88 87 80 94 82 72 57 92 67 82 87 84 65 61 88 66 76 94 96 52 90 51 69 92 74 76 76 60 50 78 81 57 52 68 50 92 80 77 56 58 60 89 85 63 72 81 50 84 81 89 63 96 91 63 70 78 97 62 56 81 54 
93 54 85 81 65 84 51 70 91 58 59 81 74 58 78 0 59 51 61 79 74 55 96 95 53 70 95 79 68 59 73 87 99 55 55 93 53 98 74 95 97 68 51 90 70 73 73 86 74 98 93 65 54 66 71 52 69 54 67 94 90 99 74 79 85 97 75 89 84 51 50 95 97 93 53 72 91 72 89 76 76 74 53 71 59 90 62 97 77 65 54 62 94 60 91 97 79 92 64 97 52 
53 65 52 66 50 56 74 89 78 57 87 93 80 85 54 83 0 53 93 57 74 60 88 54 98 61 54 64 90 88 99 78 76 83 62 77 88 72 90 61 53 83 87 64 51 52 97 74 76 90 79 85 54 60 83 92 70 91 53 86 65 86 91 72 72 61 84 64 60 63 71 69 88 85 86 90 58 90 67 88 76 98 87 52 63 63 96 88 78 86 91 81 86 59 63 85 89 77 57 63 71 
76 83 92 98 87 58 50 51 96 69 99 94 58 58 79 75 60 0 89 59 61 90 70 90 53 59 68 79 59 52 88 99 94 91 67 70 90 76 73 53 71 68 93 64 61 94 77 90 63 98 80 97 82 99 89 77 78 55 75 90 55 61 53 91 79 62 85 91 79 98 62 58 94 51 64 74 84 59 57 55 89 83 70 91 81 76 99 52 51 91 65 70 57 75 51 92 60 87 76 92 61 
94 84 94 98 93 94 91 56 63 93 75 99 66 64 94 67 69 59 0 70 79 55 55 62 62 76 65 75 90 96 81 66 90 56 92 65 85 69 67 63 84 86 72 73 94 51 64 79 98 55 59 79 83 62 76 65 93 91 65 93 59 84 69 86 66 64 97 54 51 85 67 51 85 94 78 86 59 64 90 86 75 59 68 69 77 77 72 72 72 92 98 95 64 86 80 93 86 69 50 51 69 
57 73 94 67 87 83 59 67 52 80 68 70 66 56 50 53 67 54 86 0 64 91 98 84 51 93 83 66 60 67 73 75 73 70 82 58 74 80 61 83 62 76 64 61 83 83 52 92 96 71 68 58 72 93 94 75 69 76 63 92 71 54 87 87 50 51 95 80 94 76 89 91 74 88 92 77 94 81 67 57 77 58 86 87 95 75 68 83 74 87 62 68 86 83 88 61 77 89 56 50 78 
68 96 60 85 69 76 52 83 69 78 99 53 85 85 59 82 67 54 76 61 0 89 79 53 91 96 59 79 85 58 95 71 59 90 61 59 54 61 91 88 60 92 90 76 98 62 52 73 96 65 94 87 81 98 87 95 94 87 57 74 97 88 93 92 68 70 91 97 75 77 67 89 72 55 83 95 78 92 98 83 95 91 64 65 97 86 66 68 65 76 72 53 82 93 61 72 63 89 89 81 97 
80 98 63 67 90 79 61 56 99 88 70 95 57 70 71 56 84 66 93 86 96 0 67 80 55 67 89 71 96 78 57 87 63 56 67 67 86 71 51 56 70 80 54 85 66 88 52 95 74 62 83 74 62 51 83 78 57 79 98 88 96 84 69 65 73 92 94 74 84 67 79 93 72 52 54 77 76 88 55 63 81 95 91 61 61 94 89 81 89 79 54 52 79 52 61 56 72 69 61 84 63 
53 65 63 69 80 77 89 63 82 75 65 82 71 99 80 85 77 83 69 91 56 53 0 94 66 88 55 85 88 70 99 66 65 88 58 62 72 88 71 62 90 70 87 95 71 89 64 62 61 66 65 95 90 91 79 95 70 80 90 56 92 82 78 73 94 52 88 58 89 80 54 69 51 64 53 95 59 72 81 54 72 72 65 57 52 67 86 97 54 94 88 81 85 69 55 51 79 67 61 58 77 
77 72 67 65 56 68 55 78 50 84 80 89 64 94 63 99 53 77 71 62 75 83 51 0 65 92 94 85 89 67 58 93 92 64 90 64 92 64 89 69 72 84 64 66 78 76 74 81 51 77 70 64 71 83 72 81 65 54 55 95 68 75 58 66 91 57 58 86 86 79 99 99 52 70 91 69 71 92 89 61 70 57 99 55 76 79 61 50 92 97 69 77 77 85 67 78 81 72 73 70 85 
60 65 92 98 55 81 91 55 83 72 70 80 65 56 71 94 60 62 57 97 56 59 82 99 0 92 96 62 69 53 97 65 58 76 84 63 76 52 83 91 80 95 89 97 81 80 70 69 67 95 80 63 78 70 85 50 92 75 77 56 89 83 74 68 69 62 84 75 73 77 82 88 55 84 82 82 57 78 87 64 74 69 72 73 85 72 73 83 87 95 65 92 61 59 72 83 98 64 72 66 58 
53 77 50 52 55 99 81 68 53 88 83 56 65 66 93 54 94 82 97 85 53 55 62 68 67 0 89 73 56 76 99 74 52 94 99 91 69 51 63 79 96 56 79 58 60 57 60 95 73 93 81 61 75 70 63 99 84 78 60 50 61 60 82 53 64 56 54 51 72 72 88 55 64 77 88 60 76 87 54 78 57 53 98 80 80 99 68 69 91 73 69 87 58 90 53 72 93 78 61 93 84 
86 75 87 57 71 64 75 61 68 56 81 97 98 68 62 96 80 70 59 78 62 58 99 96 55 95 0 78 63 61 61 57 70 66 53 55 82 59 70 55 55 61 66 71 84 91 94 98 96 68 65 81 70 89 68 96 52 97 60 59 75 53 56 92 88 87 68 83 79 55 61 55 58 53 86 58 75 58 65 72 69 82 91 79 68 54 91 52 69 51 90 87 51 74 74 98 65 63 96 58 58 
66 92 67 52 88 98 86 68 57 88 93 82 72 71 75 73 60 93 85 92 52 79 92 79 61 64 68 0 93 85 86 81 72 56 70 86 69 59 69 83 93 53 78 50 58 98 81 81 52 68 66 90 52 83 53 79 58 51 71 78 81 84 65 95 55 97 87 99 98 63 73 59 52 93 86 84 92 54 64 77 88 84 65 98 80 63 94 62 79 76 98 95 73 90 75 78 95 57 60 97 90 
72 87 93 78 68 94 61 65 95 92 71 91 93 86 61 66 66 94 77 72 54 73 93 94 80 51 79 55 0 57 57 99 65 97 96 98 51 91 57 70 63 81 67 75 60 97 60 67 81 68 57 74 90 52 70 61 74 73 54 73 69 54 68 86 89 71 68 88 66 82 72 84 91 54 58 66 92 87 95 65 87 86 89 73 52 87 74 90 74 84 65 73 76 86 85 76 71 50 75 84 86 
96 57 63 59 93 84 79 71 84 74 65 66 80 73 54 71 95 86 92 82 66 90 77 73 54 83 78 53 75 0 64 99 95 92 94 53 59 85 64 66 84 94 97 84 50 96 65 64 64 68 77 97 56 74 86 83 84 53 85 72 57 95 84 98 77 75 83 51 68 71 55 85 53 72 70 78 50 87 93 68 53 60 96 53 93 79 73 53 83 92 96 59 88 77 93 69 79 90 83 66 71 
85 58 88 89 93 83 93 62 52 51 84 98 81 73 50 88 95 96 51 91 80 68 99 76 76 90 93 67 71 85 0 63 61 51 77 58 54 98 97 58 93 84 52 51 66 80 58 67 53 98 91 64 86 69 66 73 94 60 62 88 51 51 88 55 60 50 96 93 98 55 82 82 93 74 68 86 79 51 91 78 50 54 52 50 80 66 90 77 75 75 87 96 89 65 92 82 84 65 76 96 71 
66 96 84 87 84 75 55 96 58 76 83 71 82 57 88 76 63 88 75 76 59 53 69 89 91 65 93 52 83 50 96 0 78 89 99 54 87 71 51 71 83 62 64 89 87 61 53 77 63 62 68 59 58 83 98 83 54 73 63 89 51 81 71 73 90 66 93 97 66 57 79 84 94 71 84 71 61 63 86 55 80 76 56 65 60 71 74 66 72 97 63 80 78 99 50 66 52 68 67 87 95 
76 53 62 99 57 78 69 96 96 72 56 90 70 88 52 58 84 53 78 80 81 95 85 85 86 56 90 73 64 72 70 60 0 74 86 53 77 85 67 56 90 56 87 87 94 90 60 82 72 62 92 56 62 61 85 57 52 68 90 74 91 86 86 50 92 57 62 57 89 93 75 75 91 97 52 83 67 76 82 78 79 84 72 88 67 99 68 85 68 89 92 88 56 69 72 72 98 55 53 67 81 
59 70 57 53 56 78 77 97 83 77 70 56 56 99 98 50 58 85 67 72 74 95 73 78 63 52 83 55 58 66 92 54 51 0 64 94 73 64 87 74 84 94 58 65 85 76 56 58 51 97 53 63 93 59 56 94 86 78 88 92 50 87 63 72 62 80 91 92 92 83 78 59 73 61 68 92 63 51 62 84 58 74 66 82 54 68 55 91 78 96 82 73 83 61 81 94 63 89 88 53 67 
87 87 83 88 80 50 93 81 84 64 58 87 91 90 97 77 80 53 78 98 92 84 51 56 86 76 55 73 84 51 68 63 52 53 0 93 59 92 60 89 53 90 68 64 92 54 84 56 69 71 79 86 75 68 77 84 74 72 95 97 80 57 89 59 58 87 69 51 53 73 86 74 64 79 79 96 60 58 63 60 71 51 66 80 74 99 53 77 82 61 71 90 55 74 87 66 77 50 89 96 55 
82 77 88 93 53 64 69 70 97 73 97 92 81 63 64 75 62 72 79 65 69 83 64 54 52 83 89 66 79 64 56 52 52 71 96 0 66 95 64 54 89 76 84 61 75 96 81 50 81 73 94 95 74 50 73 97 82 70 54 86 56 65 52 51 85 74 53 61 90 60 57 57 67 66 58 55 64 53 82 78 80 78 93 80 58 84 53 81 93 85 95 60 96 79 98 63 79 51 77 94 58 
79 99 67 92 71 53 93 62 87 85 59 99 53 94 86 83 81 58 77 76 84 54 75 56 73 93 83 52 50 86 53 71 51 50 63 59 0 98 52 53 84 55 89 97 58 78 89 82 61 77 95 92 64 69 96 77 52 75 77 63 62 94 80 95 70 97 93 93 64 50 56 92 91 81 72 87 53 96 63 57 65 91 76 83 55 51 75 92 57 58 84 67 76 83 87 86 99 83 61 91 67 
92 83 97 91 90 96 63 93 70 78 70 59 73 64 65 76 92 96 58 64 98 98 65 85 57 79 53 85 74 61 83 94 63 84 75 80 62 0 76 84 56 91 84 75 92 70 69 82 90 63 71 76 79 91 56 83 60 77 52 51 71 81 89 87 88 63 52 66 68 85 50 72 98 70 83 80 76 66 88 65 51 69 89 84 71 64 74 51 98 65 64 96 91 86 83 88 77 76 60 94 68 
74 62 68 67 98 81 95 59 96 88 74 58 83 58 87 80 51 55 85 58 90 85 89 98 70 70 83 79 76 89 74 79 94 88 98 86 96 52 0 79 79 50 55 55 90 82 52 60 65 97 74 70 77 63 69 70 95 61 69 58 94 66 95 78 99 75 83 74 99 79 56 76 70 93 78 97 74 65 80 62 89 98 92 74 56 83 78 54 95 69 57 58 80 77 57 59 61 71 55 87 55 
72 64 99 73 61 59 53 87 73 66 81 66 86 95 83 70 67 63 80 82 80 79 89 56 56 89 65 65 91 76 55 50 68 97 65 82 77 70 50 0 99 61 77 78 92 89 84 80 51 57 89 68 89 57 63 58 60 76 74 59 94 96 55 70 79 94 73 71 52 71 63 89 84 73 70 92 87 58 59 66 58 97 97 64 74 65 55 93 81 88 94 96 64 57 84 97 73 92 91 80 96 
93 99 82 85 96 74 91 70 75 72 71 83 57 62 59 94 63 94 92 84 68 93 75 82 69 92 80 80 99 59 98 74 70 60 84 52 90 81 77 80 0 94 61 94 59 79 57 50 94 79 71 91 88 99 52 62 62 69 63 96 97 57 67 90 66 98 77 52 72 95 96 56 84 60 79 60 95 56 57 79 98 66 61 72 91 98 87 73 98 89 87 61 81 67 59 69 67 87 83 98 92 
60 83 57 90 60 90 57 99 90 68 79 96 73 71 95 70 82 54 83 69 92 52 74 70 59 93 88 58 73 78 72 53 96 51 89 83 81 64 98 60 84 0 57 97 59 75 56 60 74 52 75 50 76 99 83 98 53 67 77 65 81 98 94 55 51 68 75 74 52 84 55 66 68 54 97 88 82 56 97 81 56 88 81 98 52 75 57 92 88 89 56 96 55 55 98 73 55 86 69 88 57 
65 67 82 74 56 61 82 70 59 82 70 53 64 54 85 58 94 58 64 77 78 79 98 61 87 66 84 80 84 74 76 77 58 72 74 57 97 82 52 84 81 55 0 51 82 76 91 68 60 51 56 73 82 59 95 95 54 86 99 50 78 95 52 89 57 99 81 95 95 53 75 77 58 99 56 62 77 80 90 88 81 55 87 98 68 85 80 50 87 71 72 79 79 88 91 79 88 99 72 90 66 
55 68 67 60 80 64 60 70 84 76 92 81 55 61 88 79 64 76 53 87 88 82 64 67 52 54 80 99 90 89 88 92 62 71 73 70 64 86 71 50 84 74 87 0 92 74 87 57 62 50 72 99 51 78 96 87 80 61 60 87 74 56 93 86 55 97 93 81 82 62 72 89 54 64 86 54 58 64 52 82 65 94 89 63 55 70 73 92 58 75 89 95 90 97 90 52 59 81 61 58 52 
61 73 83 75 58 86 75 66 64 97 52 97 65 54 71 50 95 93 65 97 62 98 79 62 91 73 52 53 55 71 72 65 91 58 89 86 76 88 98 87 55 56 69 77 0 79 72 71 62 75 60 96 66 99 58 79 72 87 66 99 53 98 65 93 54 89 71 63 90 86 52 60 68 92 81 94 83 63 51 78 52 68 63 52 82 91 67 63 77 86 78 79 97 96 62 71 68 78 79 65 65 
71 75 58 75 60 82 74 56 53 61 98 97 80 50 91 87 81 63 66 68 58 85 81 51 67 51 89 58 63 83 98 79 76 94 62 63 82 75 50 90 60 59 50 68 69 0 79 57 93 53 53 70 85 87 84 92 74 67 87 51 74 83 50 82 50 55 59 78 69 63 97 91 83 85 58 90 59 79 73 75 79 91 57 91 74 58 73 62 86 95 68 55 68 56 76 83 81 88 71 61 79 
57 69 79 57 50 83 63 87 55 80 77 71 92 90 67 80 62 82 53 76 55 63 89 93 50 95 87 77 58 65 80 90 94 60 76 95 88 51 75 58 80 79 85 66 89 73 0 61 58 92 55 67 62 94 96 99 58 89 58 56 50 90 81 93 83 88 72 78 50 57 79 94 85 58 76 82 64 79 71 65 69 62 61 88 60 90 96 85 80 98 78 83 73 55 71 74 70 70 79 88 71 
54 70 76 84 53 53 96 63 99 53 75 53 92 79 83 62 81 76 66 74 69 51 96 67 92 52 72 58 86 74 58 74 65 93 50 92 93 70 56 92 83 67 54 66 59 92 93 0 78 94 82 64 97 91 78 56 50 63 68 89 60 52 85 97 51 62 91 75 89 77 90 92 66 69 93 82 76 67 77 94 83 76 69 61 99 66 61 91 82 53 89 66 78 75 86 79 77 55 64 89 68 
91 99 69 56 75 51 75 96 96 98 61 75 57 74 74 96 56 71 82 52 92 67 62 88 57 85 76 89 98 84 61 99 71 73 75 54 59 76 75 73 73 87 91 62 52 98 80 98 0 99 58 90 62 82 65 78 74 98 84 54 81 97 56 78 87 91 98 99 81 87 70 71 78 92 71 82 59 61 85 77 60 58 93 57 89 70 94 90 90 88 73 56 63 81 62 53 67 78 56 80 64 
91 85 79 89 70 95 84 78 55 93 66 92 81 89 59 89 69 87 82 63 66 72 72 70 60 60 65 86 83 61 71 77 85 82 95 50 73 67 72 72 77 69 67 62 52 91 64 67 56 0 81 52 94 64 64 65 81 60 97 97 59 79 61 91 92 88 94 69 99 93 57 61 67 68 92 60 86 71 56 85 50 87 51 68 80 82 91 63 97 69 78 61 68 53 66 55 56 89 76 50 84 
51 66 93 67 68 88 67 76 93 76 67 86 83 87 52 93 53 77 61 62 98 50 73 60 72 81 70 98 88 82 70 87 85 97 58 88 65 68 52 83 59 71 98 96 76 80 93 72 58 91 0 65 95 50 56 96 74 68 67 80 98 71 50 62 76 80 81 94 54 99 96 74 70 97 52 76 59 63 57 57 84 50 76 84 71 60 94 64 51 64 75 67 87 52 58 82 55 87 81 54 69 
72 62 99 79 85 71 73 85 70 65 95 62 50 99 80 70 74 67 70 69 77 53 94 68 84 71 94 81 78 93 85 64 88 91 68 58 63 70 85 73 75 81 79 60 75 75 62 55 86 81 57 0 92 67 74 68 61 56 95 91 52 80 58 53 79 53 60 56 90 85 95 84 81 53 68 85 77 50 61 58 77 91 77 98 63 97 66 50 56 54 78 86 88 61 80 78 95 67 58 66 98 
51 97 97 99 82 97 78 91 73 52 74 97 59 52 92 62 54 73 96 96 68 56 73 82 55 57 65 74 78 88 93 99 57 86 68 86 84 55 74 52 97 79 55 86 97 58 57 59 58 67 63 88 0 74 85 63 77 64 50 81 95 80 79 70 88 60 51 70 75 75 87 71 64 88 62 96 53 58 93 85 57 85 66 98 92 54 53 87 81 94 53 50 57 96 93 61 83 96 66 55 99 
78 81 66 61 89 55 83 54 86 51 77 81 69 62 88 89 93 86 84 95 93 83 89 95 75 55 98 95 90 97 72 61 93 80 89 88 91 90 81 60 94 84 77 78 61 58 69 87 92 58 78 79 94 0 69 85 52 99 71 83 85 83 87 92 54 87 68 74 81 81 68 63 95 79 69 70 81 51 63 96 91 54 56 86 84 54 67 64 58 87 71 58 51 85 54 58 58 83 67 58 63 
97 50 53 92 64 74 52 72 87 61 98 62 92 88 76 84 58 54 94 83 62 54 53 50 90 69 68 98 92 75 83 65 57 76 50 60 54 67 96 65 99 91 83 64 83 73 81 59 65 51 65 60 80 72 0 69 85 85 78 61 71 91 90 91 55 73 81 98 97 59 86 78 77 76 73 90 50 93 61 74 97 69 60 72 81 71 71 78 82 86 75 85 59 65 64 52 99 53 98 56 75 
74 81 98 51 72 58 56 86 94 51 88 70 71 73 50 85 51 88 72 88 58 87 99 59 68 73 68 54 53 85 58 88 75 61 87 94 78 62 90 66 79 91 65 87 88 87 86 59 99 60 77 64 52 99 53 0 68 85 98 66 81 54 96 68 94 66 89 57 97 60 54 77 96 90 54 90 50 81 75 69 97 70 92 88 99 63 93 54 81 58 90 91 53 90 94 72 87 77 76 98 60 
79 56 61 83 80 96 90 79 82 85 90 87 98 90 67 66 88 65 82 72 51 98 57 55 62 72 89 58 66 72 52 71 80 61 67 93 95 76 89 65 66 88 72 97 91 87 91 79 59 84 71 67 75 70 62 74 0 76 87 61 54 82 72 89 57 87 64 82 93 85 67 65 64 61 81 87 60 56 95 70 60 66 73 64 75 71 80 74 72 62 66 68 57 82 87 75 63 61 76 80 70 
62 56 92 96 77 55 50 76 64 56 84 98 83 80 97 76 68 87 74 85 79 93 95 82 96 89 65 68 62 55 72 81 85 82 95 86 53 80 82 98 95 75 63 73 92 98 62 56 57 88 57 98 84 64 85 81 69 0 98 96 59 87 52 64 52 76 68 83 64 55 96 52 83 65 97 95 74 63 80 92 68 81 75 80 90 61 60 82 51 52 91 94 79 74 57 57 90 90 52 84 65 
58 95 63 95 94 73 59 95 82 85 89 57 54 61 81 86 53 87 52 93 61 65 51 68 86 56 64 67 69 58 81 52 97 62 65 96 67 68 94 57 63 53 86 52 59 52 82 99 81 62 56 86 62 73 85 89 59 64 0 83 57 96 95 86 53 89 53 86 81 60 82 78 81 81 65 91 66 56 95 99 90 76 84 98 93 81 50 79 89 81 61 99 94 68 73 60 76 87 74 79 69 
71 65 70 74 52 65 55 76 85 67 98 93 62 76 83 60 99 71 55 73 90 68 52 57 88 54 87 72 91 88 51 72 54 74 86 52 68 80 71 54 70 67 94 63 79 57 87 91 86 91 78 84 81 67 75 74 95 53 72 0 78 57 93 79 80 62 89 96 96 88 91 61 67 80 82 76 85 67 82 73 69 57 93 60 64 91 69 83 52 62 67 99 62 54 81 76 54 73 83 93 84 
93 70 68 59 89 71 80 54 81 55 86 89 65 96 62 86 66 75 90 80 97 79 72 97 92 57 76 74 71 82 85 83 84 54 78 61 90 90 78 52 66 83 74 98 66 95 68 87 66 50 81 50 92 90 77 50 73 85 57 95 0 71 74 68 62 74 52 60 84 64 56 61 91 89 50 91 73 54 54 70 51 81 53 93 72 95 66 52 94 71 54 73 50 57 73 91 86 88 83 79 57 
60 81 60 91 79 77 54 82 51 54 62 85 51 82 78 80 82 90 61 72 95 79 80 81 68 67 98 59 57 83 84 75 54 79 81 65 58 62 85 80 70 54 60 87 54 71 99 79 57 93 83 53 61 82 82 90 61 86 72 58 68 0 92 77 83 85 92 90 79 84 72 53 60 70 89 91 61 78 69 91 87 77 51 97 54 99 82 54 51 97 55 76 95 98 59 91 81 96 81 64 58 
76 60 82 78 54 53 66 63 90 71 81 89 56 75 54 97 73 85 66 87 86 74 68 63 86 53 77 77 86 65 79 76 64 72 83 72 81 98 70 79 69 77 98 70 83 97 98 82 54 74 81 63 93 74 70 60 70 91 70 77 93 93 0 73 56 87 91 53 84 64 82 68 55 79 65 66 53 75 57 91 66 99 50 63 86 65 51 72 63 88 67 83 75 79 62 59 50 50 61 62 81 
92 92 57 83 63 93 79 65 93 52 85 60 68 61 70 87 70 68 69 51 83 72 54 56 57 94 80 70 65 94 97 57 80 71 61 72 91 63 64 55 96 98 68 63 73 89 61 59 74 69 84 50 57 79 75 51 81 95 90 86 77 57 78 0 56 88 97 81 56 99 86 68 94 52 67 66 75 55 80 62 69 50 77 84 58 98 91 86 81 86 69 96 54 84 84 77 69 88 73 57 96 
92 72 63 99 51 58 58 51 82 50 64 56 76 54 99 60 99 54 92 75 94 81 66 95 81 99 82 60 52 50 92 70 77 55 65 61 79 96 80 93 96 72 64 64 62 98 57 74 72 71 74 78 67 57 57 63 78 72 50 70 91 69 88 93 0 76 77 66 55 71 77 54 51 88 58 75 63 92 73 51 51 90 98 66 95 91 54 74 69 67 95 79 88 77 56 95 75 51 87 69 85 
83 65 53 50 88 82 98 99 70 77 56 83 77 92 71 97 53 73 98 83 57 88 69 72 85 90 98 88 56 92 80 90 80 56 89 52 99 95 96 96 88 55 59 72 67 97 75 72 92 53 54 56 62 55 62 94 53 56 63 59 61 76 86 86 75 0 92 84 55 97 54 61 73 99 62 57 66 76 92 73 54 92 55 68 68 99 67 60 58 93 63 75 70 52 95 68 66 87 58 64 72 
97 99 97 67 53 86 59 73 57 64 53 66 69 96 64 66 53 72 61 65 99 96 60 90 98 84 60 53 57 91 70 58 88 67 98 94 61 90 91 84 50 76 75 72 86 91 60 54 84 62 81 52 51 87 79 64 61 64 87 71 54 74 95 77 96 50 0 54 97 78 81 73 79 51 79 89 55 50 83 87 60 86 58 74 60 82 94 76 90 92 79 61 68 52 97 91 56 85 73 99 65 
60 81 78 74 83 56 56 72 71 53 59 71 80 55 51 73 76 80 73 75 64 85 87 76 91 75 77 74 77 76 99 68 95 62 92 62 54 85 92 87 73 75 89 96 62 78 86 76 87 78 95 94 53 87 95 54 57 55 90 74 79 61 93 72 98 51 76 0 78 91 66 95 91 78 73 75 80 53 71 63 57 98 67 69 51 62 54 72 96 64 77 78 72 89 73 84 51 79 97 72 66 
69 73 58 67 85 51 64 79 69 88 68 71 97 67 94 74 85 95 77 99 77 61 59 86 73 91 74 84 97 95 73 83 56 99 59 90 77 53 96 66 66 71 69 74 75 61 78 57 53 93 98 63 51 65 56 84 85 93 83 64 65 72 55 98 91 56 71 77 0 57 73 56 63 82 65 50 97 96 63 62 55 57 80 67 82 73 51 61 75 84 61 78 51 70 52 83 98 63 74 61 85 
78 68 55 89 50 91 95 69 82 96 99 75 64 61 63 78 89 76 56 62 69 98 72 96 75 83 64 53 60 62 71 85 72 88 82 67 59 89 50 75 91 85 73 51 99 56 81 92 96 69 69 96 93 50 69 63 55 69 89 74 63 96 54 55 64 54 62 99 80 0 58 78 96 84 69 65 88 58 77 51 57 61 92 89 63 74 62 74 59 96 81 84 53 96 89 71 74 50 98 55 83 
91 60 99 90 70 53 50 76 99 75 83 87 94 75 76 95 71 94 58 98 59 97 53 51 64 55 99 61 74 84 64 80 63 71 61 76 74 56 93 84 71 71 60 51 82 74 56 96 94 62 61 56 99 68 79 82 96 68 63 77 51 54 56 55 86 99 62 93 50 86 0 74 78 63 96 59 74 82 78 77 93 79 84 59 69 64 63 57 83 89 97 80 88 54 64 68 81 61 67 83 60 
79 89 77 84 69 72 96 66 63 98 68 54 64 74 80 89 74 96 72 79 81 52 83 83 66 50 62 82 93 87 77 90 93 63 69 56 94 66 75 88 78 80 89 81 65 91 87 59 97 76 69 67 65 82 96 58 58 56 69 83 80 83 96 95 50 85 57 90 77 55 96 0 86 91 58 54 55 75 78 81 98 84 91 60 82 99 77 90 52 83 67 62 83 63 93 80 69 77 61 73 97 
54 78 80 96 65 59 69 80 70 95 85 83 79 98 66 92 59 67 56 75 73 84 69 81 79 51 78 92 95 66 76 58 55 94 91 98 55 83 88 99 74 68 85 90 67 69 97 56 77 93 66 74 55 88 88 93 77 85 98 69 70 53 64 63 84 76 73 63 55 68 80 58 0 53 80 80 57 75 70 77 91 90 61 96 91 55 51 59 83 65 89 88 97 85 53 54 82 59 82 95 60 
80 93 73 77 91 77 89 98 96 54 84 52 92 99 84 74 96 85 96 88 76 53 74 54 88 59 89 82 74 83 88 78 92 91 97 68 66 97 95 75 52 73 51 76 61 89 77 61 97 92 61 57 68 74 73 94 69 73 80 93 73 54 64 83 58 93 91 58 73 91 62 60 98 0 52 53 83 52 68 98 52 91 97 97 92 80 53 78 71 85 89 84 60 84 86 67 79 98 94 90 79 
91 84 50 78 60 66 96 58 72 74 88 80 78 77 91 93 66 73 52 64 76 71 61 64 98 73 62 97 88 62 80 81 90 70 95 59 78 77 73 69 56 64 74 82 68 51 98 66 73 54 99 96 91 81 62 55 57 99 80 79 61 91 77 72 96 83 83 52 53 60 73 61 81 88 0 58 76 61 55 65 58 65 65 85 77 93 52 74 84 86 65 97 81 50 55 65 64 96 59 76 66 
99 74 81 63 67 81 75 68 94 57 98 76 57 64 50 58 53 90 96 79 71 96 71 83 59 73 55 96 57 95 85 57 94 67 75 72 75 93 56 59 55 76 58 58 65 62 60 62 77 58 70 85 68 98 61 75 79 83 53 75 95 54 74 81 81 97 67 99 69 58 83 88 67 51 76 0 64 55 77 97 63 73 99 64 57 73 69 97 80 95 72 65 95 86 55 93 56 95 79 99 90 
55 82 92 57 64 51 93 90 98 92 74 89 90 90 59 56 50 74 72 64 52 74 71 96 90 82 58 98 91 57 83 74 51 58 51 85 82 62 71 53 57 75 84 74 55 87 50 83 77 97 70 62 61 62 61 77 87 70 57 53 94 65 66 66 59 64 50 50 54 60 54 89 68 79 93 66 0 55 86 66 68 61 78 63 79 72 68 54 89 51 68 64 64 50 80 84 79 52 57 82 79 
51 62 91 72 79 94 54 83 62 76 50 61 59 54 50 52 70 95 79 63 84 66 50 55 75 59 94 53 75 87 75 85 65 66 84 53 76 89 77 71 50 74 50 99 86 61 74 56 94 73 85 54 97 99 77 58 98 86 71 73 98 62 74 60 58 96 97 76 93 79 93 88 85 86 57 83 91 0 91 56 77 60 80 74 62 91 53 65 74 90 93 87 59 61 93 50 63 73 70 99 55 
80 57 82 93 62 71 77 84 57 75 72 79 86 57 86 77 99 65 55 72 72 83 61 85 68 62 87 78 62 75 92 77 77 58 75 51 82 90 99 81 73 97 97 86 72 54 74 88 71 92 90 84 81 50 62 91 61 80 79 80 98 71 88 81 91 91 53 59 51 68 76 64 95 59 80 54 67 54 0 83 95 94 93 76 79 87 90 62 66 57 53 97 86 85 55 97 78 89 74 78 68 
84 57 59 77 94 69 99 82 71 54 90 57 67 84 92 72 80 55 66 62 67 50 92 76 92 96 53 82 86 98 71 91 99 91 61 65 58 52 86 86 50 62 99 91 83 50 95 95 69 56 95 94 68 89 53 57 98 98 61 98 73 60 57 58 90 97 80 53 62 76 74 59 92 54 68 92 89 63 86 0 77 65 63 83 99 64 80 99 61 98 56 88 96 57 50 56 81 58 58 66 72 
96 54 76 71 69 64 92 93 84 70 78 75 74 56 60 92 70 67 52 83 80 68 92 56 97 68 92 69 62 96 99 93 86 74 85 74 51 57 83 61 79 69 92 93 83 72 75 80 59 58 74 75 85 65 80 65 63 66 91 92 91 61 97 52 79 90 52 61 96 55 52 93 71 94 88 59 92 81 79 79 0 86 52 95 96 69 64 76 74 82 64 64 87 66 68 51 81 62 57 57 86 
83 66 50 80 90 82 69 82 79 61 54 73 97 76 92 88 73 78 91 77 64 62 70 63 73 81 59 70 82 71 72 50 82 93 75 60 57 71 54 67 97 87 86 98 52 89 70 72 85 93 93 72 80 96 70 89 83 81 63 51 74 59 59 73 51 52 59 70 68 91 72 67 88 53 60 79 83 60 58 97 55 0 97 57 60 98 60 56 72 97 60 87 76 69 71 76 90 99 53 97 54 
56 89 88 96 74 62 78 77 52 50 55 74 66 77 80 58 92 56 85 62 64 81 54 84 61 95 55 69 71 90 61 58 95 66 83 98 96 89 67 88 56 53 60 83 53 96 99 74 97 58 60 89 83 94 68 70 93 85 85 59 55 57 68 97 80 70 69 80 78 57 71 89 73 99 67 82 78 73 78 63 55 66 0 83 51 81 88 87 96 58 83 72 50 71 93 67 55 90 84 82 81 
53 68 74 62 50 79 96 75 69 85 84 88 53 67 63 89 80 94 77 64 99 91 98 76 63 86 94 69 88 56 88 97 63 80 68 52 84 72 77 74 75 86 66 56 64 68 78 96 96 59 52 81 62 85 57 99 87 61 72 61 52 58 79 80 93 88 83 51 89 57 56 86 82 53 69 58 68 87 72 90 78 75 63 0 62 54 95 52 59 89 91 66 88 69 63 59 62 68 78 74 97 
84 83 87 55 64 93 92 63 57 99 65 89 54 66 53 93 70 67 84 67 67 72 62 95 69 85 65 69 63 67 56 67 62 91 65 67 61 55 95 70 64 88 51 63 50 70 51 69 50 50 66 69 93 97 98 80 86 76 52 58 56 58 62 82 76 93 69 66 58 56 97 85 69 92 65 70 71 76 69 57 95 68 75 67 0 89 68 56 62 88 85 67 72 64 69 89 57 60 90 86 99 
89 82 96 73 59 50 94 86 83 51 79 63 89 82 70 91 60 54 58 99 58 50 84 70 73 93 66 67 79 77 95 50 50 73 79 72 50 72 51 93 85 72 97 78 90 86 57 55 57 84 72 69 73 74 86 79 74 56 63 70 78 60 82 53 80 51 76 82 78 83 76 78 79 66 79 77 95 86 73 71 93 68 66 80 82 0 83 61 60 66 94 94 56 57 52 53 55 90 58 70 53 
90 90 93 55 80 86 53 76 72 73 98 59 96 65 67 56 97 91 78 55 80 74 80 85 70 53 55 55 61 61 97 78 83 71 73 74 81 67 53 84 56 76 83 57 71 67 75 92 90 66 90 74 84 61 98 96 78 77 69 99 87 94 67 82 81 50 60 64 62 67 89 67 61 99 91 95 64 85 75 93 85 87 87 84 68 89 0 86 69 67 85 60 78 93 67 66 79 81 74 70 97 
85 53 52 99 67 88 69 57 59 94 87 53 64 87 75 78 87 92 81 54 93 89 81 78 80 50 66 76 50 83 63 85 81 73 70 83 59 61 70 78 51 59 74 77 90 94 52 83 88 56 62 84 62 95 80 71 96 62 59 63 51 69 56 75 83 62 95 81 79 92 83 89 90 77 93 55 65 59 65 74 98 52 58 95 61 65 73 0 56 99 92 59 69 88 91 58 79 80 87 78 79 
53 82 69 66 66 60 69 78 91 64 95 73 72 90 95 64 76 77 93 87 93 76 92 98 97 72 60 70 64 61 85 57 70 83 86 68 85 53 51 81 88 75 77 78 77 91 53 77 90 82 52 54 59 82 96 59 65 50 89 80 70 66 89 92 96 69 87 84 66 89 95 55 92 82 72 90 80 71 64 82 93 71 88 67 67 70 74 65 0 81 61 74 71 98 63 62 81 93 54 67 53 
80 83 64 62 75 95 57 81 65 71 95 54 86 99 72 81 55 91 90 89 73 89 93 60 83 59 63 89 70 85 66 98 67 86 99 98 79 92 94 81 90 72 67 83 94 72 55 65 89 78 95 72 79 77 73 89 68 87 89 73 94 66 65 54 92 79 97 51 56 93 79 97 95 54 56 65 53 71 85 61 65 93 94 65 53 65 63 91 65 0 61 69 71 95 99 94 60 77 68 54 79 
73 52 71 55 89 84 81 82 81 77 71 90 79 82 62 70 99 69 62 95 57 66 80 72 97 51 58 79 58 75 59 84 81 75 57 95 57 54 54 77 92 83 92 56 92 52 86 55 85 91 59 67 50 62 96 63 69 79 80 73 58 88 92 61 54 84 82 79 94 92 74 62 63 58 74 80 61 65 64 77 76 92 97 95 63 80 72 87 59 90 0 80 80 83 82 98 73 89 92 56 87 
52 94 54 87 52 69 75 99 53 66 81 71 70 81 57 69 99 84 77 72 88 72 53 88 90 81 90 96 53 74 64 68 80 61 85 80 90 68 81 82 95 73 83 68 81 56 95 75 99 73 87 75 55 84 67 85 78 61 97 93 78 69 75 79 77 74 88 90 80 55 93 78 70 56 93 66 64 61 92 52 83 53 58 51 83 52 61 94 99 54 98 0 91 87 70 91 53 90 52 97 78 
64 66 83 75 72 73 98 75 75 83 66 85 84 84 66 57 94 98 63 94 81 72 89 53 54 57 94 92 79 53 50 61 63 67 98 99 79 62 55 53 96 96 80 60 57 54 79 87 94 74 68 96 77 56 79 85 68 50 76 80 62 67 69 64 82 95 51 91 91 98 98 77 59 77 79 67 67 99 67 83 94 92 74 50 60 72 98 76 51 84 85 64 0 95 61 84 62 84 61 95 74 
60 66 94 82 67 65 85 77 96 93 60 69 84 91 52 96 71 50 69 74 56 57 61 53 71 79 72 92 96 50 73 78 69 60 53 60 98 55 69 96 73 54 97 89 62 55 57 54 60 76 54 79 67 94 83 58 60 75 51 85 77 82 90 57 73 78 60 58 59 85 76 67 74 60 66 92 77 65 89 83 90 80 59 94 59 96 94 69 53 66 82 54 95 0 73 80 67 94 67 60 93 
58 54 77 54 69 58 88 62 87 83 58 91 64 82 91 95 64 85 87 92 82 64 81 75 60 68 59 78 81 65 52 81 80 67 73 57 98 63 71 73 63 51 74 51 64 68 57 82 75 68 60 77 91 92 64 72 84 76 81 66 69 52 64 51 64 98 95 53 57 59 60 86 69 98 68 75 55 71 69 59 53 64 90 83 53 50 78 70 67 99 50 93 66 55 0 56 64 52 65 80 72 
70 84 88 98 85 73 58 80 85 71 94 87 57 52 89 97 92 92 98 86 66 91 67 83 99 81 56 68 97 92 64 61 74 61 66 63 80 74 76 85 74 59 98 89 65 91 61 89 58 62 59 53 84 54 65 59 71 57 64 59 57 68 89 55 81 83 86 65 57 98 67 75 67 95 60 59 83 58 82 81 59 65 79 60 67 81 77 87 74 54 78 51 92 74 68 0 73 60 56 87 90 
74 90 98 94 67 54 98 94 64 99 51 78 51 58 62 97 95 75 92 61 98 57 80 91 84 59 79 73 79 71 88 67 62 72 95 54 75 85 58 97 80 50 95 87 92 50 58 72 61 72 59 96 98 96 65 89 94 95 91 87 61 84 76 50 62 60 77 91 97 74 70 70 76 73 66 53 50 65 99 80 92 94 77 83 64 65 84 64 79 86 92 95 50 64 63 87 0 76 74 69 88 
60 73 69 62 69 55 74 81 98 75 83 56 61 86 52 56 92 76 96 89 53 67 89 54 92 68 89 90 78 86 96 93 68 72 95 77 99 88 84 88 74 71 57 51 63 53 52 51 83 76 84 89 63 84 65 68 88 63 59 57 61 81 64 57 87 54 93 96 76 95 76 90 81 54 85 69 77 95 68 67 63 77 60 99 56 53 82 76 87 53 51 62 77 51 61 89 57 0 77 82 54 
90 96 65 63 90 60 79 61 85 68 90 83 89 79 57 85 53 92 92 54 91 66 80 72 56 88 62 87 98 57 93 93 77 78 63 91 99 63 74 95 91 88 80 56 66 88 68 82 53 51 52 61 95 54 50 93 76 97 62 87 79 78 73 58 76 59 72 60 53 89 51 57 73 54 71 91 90 73 91 96 54 66 63 79 70 59 76 53 95 62 88 83 65 57 86 88 80 88 0 83 65 
69 80 93 81 84 63 66 54 96 60 61 52 64 50 71 96 96 50 79 86 95 58 92 61 96 98 52 82 93 84 68 67 61 82 71 80 78 92 71 72 86 88 59 78 86 98 70 93 80 69 81 93 59 72 63 60 82 66 67 62 80 83 60 54 86 59 96 93 72 94 94 56 89 58 68 79 52 92 62 50 79 60 98 96 86 70 96 56 68 83 62 55 95 54 64 91 52 73 53 0 53 
72 98 55 98 94 73 65 83 73 91 81 70 86 84 58 79 77 51 51 74 66 56 52 53 96 53 53 71 53 93 65 68 81 74 54 88 76 91 80 75 78 82 99 69 84 68 76 85 67 81 66 57 76 81 65 60 87 79 76 58 94 68 79 97 84 82 98 94 81 79 74 51 99 95 74 55 86 90 76 91 91 70 71 95 53 63 52 84 66 98 98 61 97 95 82 79 83 93 95 54 0 
