n: 100
m: 2
Pi:U[1-99] 37 33 95 66 23 77 69 41 25 6 86 33 22 41 22 99 58 89 73 81 41 65 20 34 95 40 39 19 17 75 63 14 34 51 24 57 23 86 1 75 80 1 81 85 63 95 55 78 39 56 77 95 73 62 65 58 48 43 89 4 5 76 35 32 59 51 14 62 42 61 77 57 28 81 1 9 83 63 44 69 98 13 90 16 85 20 90 44 76 86 22 23 73 40 32 63 30 76 40 19 
Si:U[50-99]
0 49 54 53 36 57 39 50 48 42 99 99 93 91 99 99 87 99 84 99 99 90 99 82 99 84 99 99 93 99 99 91 76 99 88 99 99 99 99 99 99 93 99 88 91 97 79 96 99 99 99 99 82 99 99 99 99 99 76 99 99 99 99 91 99 99 99 99 99 99 99 90 81 99 76 93 99 99 99 99 99 99 99 99 99 99 99 85 99 99 99 99 78 99 99 88 99 91 99 99 88 
62 0 56 50 49 42 34 52 52 64 99 97 99 84 75 99 99 76 99 90 88 99 94 85 88 99 99 76 99 99 84 99 99 99 88 99 94 99 99 99 99 99 90 79 93 99 94 85 99 99 99 99 99 78 82 94 99 99 99 75 99 99 99 99 99 99 88 82 99 99 99 99 76 99 99 99 99 99 99 81 84 99 93 99 99 99 99 99 99 99 94 99 99 93 99 99 97 79 99 99 96 
50 51 0 37 41 56 52 65 64 33 84 99 99 99 99 99 78 99 88 99 99 99 99 99 99 99 93 93 75 99 78 99 99 99 84 88 99 99 99 99 94 99 81 99 99 94 97 94 81 99 99 82 99 99 99 94 99 99 99 94 85 75 99 99 99 99 99 97 99 88 99 99 90 97 99 93 99 97 87 90 99 99 78 99 99 79 99 99 96 99 88 99 75 99 76 99 99 99 99 91 99 
54 38 46 0 47 33 33 57 45 40 87 99 99 99 85 99 99 85 99 97 93 99 99 85 99 91 99 90 99 78 99 97 78 99 84 99 99 99 82 99 97 76 99 99 79 99 99 99 99 81 99 99 99 99 99 99 99 99 99 99 99 97 91 78 96 99 99 99 99 99 93 99 99 79 99 85 99 99 99 99 99 99 99 99 99 99 99 99 99 99 99 99 97 99 99 99 99 93 99 99 99 
50 40 40 55 0 56 40 36 58 46 76 99 99 85 99 99 99 85 99 99 88 78 99 99 75 90 99 99 99 99 99 78 85 99 99 99 99 99 99 99 99 99 99 96 99 94 99 99 99 99 94 99 99 99 76 99 99 99 75 99 99 99 99 76 82 84 99 99 97 99 99 96 99 94 99 99 99 99 99 99 99 99 99 84 84 99 99 99 99 99 99 88 99 99 99 99 93 99 99 99 99 
48 58 51 39 59 0 54 46 35 57 99 87 99 99 94 99 99 99 99 99 90 99 99 99 99 87 99 97 99 99 93 99 99 99 97 91 99 75 99 99 93 99 81 99 99 99 99 78 96 99 99 99 99 99 90 99 99 99 99 99 81 75 99 99 99 99 99 99 99 99 84 82 99 81 99 99 99 96 82 87 99 93 79 99 91 88 88 99 99 99 99 75 99 88 93 75 99 99 99 99 99 
54 54 66 52 65 41 0 46 66 36 99 99 99 75 84 88 87 81 99 99 96 85 96 99 75 99 99 99 99 99 97 99 90 81 99 99 90 99 99 78 99 99 99 94 96 76 99 97 78 99 99 84 99 99 99 99 78 78 99 78 99 99 99 99 99 81 79 99 99 99 99 87 76 99 99 99 99 94 84 99 96 75 99 99 85 75 99 99 91 99 99 99 99 91 90 99 99 99 99 81 93 
57 58 55 48 40 64 64 0 36 66 75 99 99 99 99 93 99 99 99 99 99 99 88 99 99 99 99 75 88 99 99 79 81 99 75 99 99 99 87 99 88 99 99 99 99 99 99 81 99 84 99 99 99 99 99 99 99 99 78 99 99 99 79 91 81 88 99 99 99 99 90 93 75 99 99 99 99 99 99 99 99 99 99 99 78 99 99 81 99 99 87 99 91 76 99 79 75 85 99 99 82 
58 42 41 56 50 39 61 48 0 56 99 99 96 99 99 99 99 76 96 99 99 91 93 82 99 99 93 99 94 99 76 99 99 84 81 96 99 90 97 99 99 87 99 99 99 97 99 99 85 99 85 97 99 99 91 99 99 99 99 99 99 81 99 76 99 99 99 99 85 84 81 96 99 99 99 97 99 85 99 99 91 99 91 90 99 99 85 76 99 99 97 99 99 88 88 94 97 99 79 99 99 
36 48 61 57 42 60 49 58 60 0 99 99 99 99 82 99 99 99 79 99 99 99 99 99 99 99 91 90 78 75 90 78 99 76 99 99 99 90 99 96 79 99 78 79 78 97 99 99 99 90 99 99 99 93 99 99 99 75 85 87 99 99 81 91 99 99 88 99 99 91 99 99 99 99 85 99 75 99 99 85 90 94 90 91 99 91 84 99 78 99 99 75 99 99 79 84 99 99 99 96 99 
99 99 78 99 76 99 99 99 78 99 0 47 34 64 49 56 38 48 62 46 99 99 84 93 87 99 87 94 99 76 99 99 96 91 99 99 76 99 91 99 78 99 99 99 82 88 99 99 99 94 99 99 84 76 78 82 99 99 99 99 99 84 85 99 99 99 99 97 76 99 99 99 97 93 97 99 99 97 99 82 99 75 99 99 99 94 99 88 99 99 88 99 99 94 85 99 82 99 99 99 96 
99 75 97 99 99 99 99 93 99 99 60 0 64 60 66 59 64 55 56 56 99 75 99 99 99 79 85 99 99 99 99 99 99 99 79 84 99 96 99 99 99 99 93 99 99 99 99 99 75 91 99 99 99 99 99 99 88 75 99 82 99 99 88 99 99 96 81 99 93 99 99 75 81 99 99 79 99 99 94 99 90 99 96 99 99 81 94 99 99 82 99 99 84 99 99 99 99 97 99 99 99 
99 99 99 87 99 99 99 79 99 99 40 42 0 60 56 34 49 35 58 48 99 99 94 85 99 81 99 99 85 99 99 99 99 93 99 99 94 99 99 82 99 84 99 99 99 99 99 82 82 90 88 99 82 81 84 79 99 99 99 99 99 99 99 99 87 99 99 76 99 99 99 82 99 99 82 99 99 99 99 99 99 99 99 94 76 99 91 78 91 99 87 93 99 99 85 99 99 96 99 99 99 
99 99 99 76 99 99 99 99 99 99 46 48 53 0 62 47 60 44 45 64 99 99 99 99 85 79 75 99 99 82 75 99 99 99 99 99 90 97 99 91 99 99 99 82 99 99 99 85 79 99 91 99 99 99 99 99 99 99 99 93 79 76 76 99 96 85 99 99 99 99 78 99 91 99 99 75 99 99 79 99 99 85 99 99 99 99 82 99 99 99 87 99 99 84 88 99 99 99 99 99 94 
78 99 99 79 87 84 99 99 99 84 50 57 64 59 0 40 48 60 38 60 78 99 76 99 85 99 99 99 99 78 99 99 99 75 76 99 99 87 99 96 99 99 99 99 99 99 88 99 84 96 90 81 88 99 99 99 78 99 99 99 99 99 99 99 99 84 96 99 99 99 99 87 99 99 84 99 99 99 97 82 99 99 99 87 99 99 99 99 99 99 79 76 99 99 99 76 93 99 99 99 99 
99 99 99 76 99 84 99 99 79 99 53 60 61 56 56 0 39 56 40 46 75 99 99 99 99 99 94 99 82 99 99 99 99 99 99 99 84 90 99 99 99 99 99 87 99 99 90 99 99 99 99 91 99 94 99 84 99 99 99 99 99 99 99 99 99 99 99 99 99 99 99 93 99 88 84 99 99 99 99 94 99 99 97 99 91 99 78 99 85 99 85 99 97 99 99 99 99 78 99 99 99 
99 99 99 91 99 99 99 99 79 99 50 34 42 47 45 36 0 56 60 42 99 99 94 99 81 99 78 99 99 93 99 78 97 97 84 99 85 99 99 99 99 99 99 99 99 81 99 99 99 99 99 85 99 99 99 99 99 99 99 81 99 99 99 99 99 99 99 99 99 85 99 99 99 99 99 99 78 81 88 99 99 99 99 99 99 99 99 99 81 94 99 96 99 90 97 99 99 99 75 88 99 
99 99 99 99 94 99 93 91 90 99 44 45 41 38 44 38 61 0 45 51 99 99 99 99 99 81 99 99 99 99 99 93 76 99 82 99 99 99 99 99 99 99 75 99 99 84 99 99 99 99 99 97 99 99 99 99 82 99 99 99 99 99 99 87 99 93 99 82 99 90 96 99 99 99 90 99 79 75 99 85 84 84 99 99 87 99 99 93 99 99 78 81 99 99 99 91 99 99 99 99 99 
79 99 90 99 99 99 99 99 94 87 62 50 58 44 38 66 52 34 0 34 96 79 99 78 84 99 99 99 99 81 99 99 99 85 99 99 99 81 99 99 84 78 87 99 99 99 84 76 99 75 99 99 91 99 88 99 99 99 76 99 99 99 99 99 85 99 99 81 99 99 99 99 99 99 99 99 99 99 99 85 88 99 99 99 99 96 99 99 99 99 99 99 96 99 87 99 99 99 99 93 99 
99 99 99 99 88 78 87 76 99 99 46 60 65 34 54 58 64 51 62 0 99 99 99 99 97 99 99 99 99 99 75 99 99 99 99 99 99 99 99 99 99 99 99 99 90 93 99 99 99 99 82 99 99 76 99 99 88 99 99 99 99 99 79 99 99 99 91 99 99 99 94 99 99 99 99 99 99 82 99 99 85 88 99 99 85 99 99 88 99 99 97 99 97 94 99 99 99 99 85 78 99 
99 99 93 99 87 99 99 99 99 99 99 99 99 99 99 81 99 99 99 99 0 43 54 48 59 38 46 58 62 44 94 97 99 99 78 99 99 99 99 99 99 87 78 97 76 99 99 79 99 99 99 88 99 99 99 99 84 96 99 99 99 99 99 99 99 96 99 99 99 99 99 99 99 94 85 97 99 78 99 99 99 85 99 75 99 99 87 88 97 76 99 99 94 75 99 99 87 99 99 99 99 
97 99 78 96 99 78 99 99 99 99 81 99 99 99 94 99 99 75 99 99 48 0 54 54 42 48 35 58 54 50 99 75 99 99 91 88 90 99 99 99 99 99 90 99 99 99 99 99 82 99 99 99 90 97 99 99 99 99 99 75 99 99 75 75 99 75 99 87 99 99 99 78 99 97 93 99 99 99 99 93 99 99 99 96 99 99 85 75 99 99 76 99 81 99 94 75 99 99 99 78 99 
99 85 91 99 99 99 84 96 75 91 99 84 99 84 87 99 99 99 87 99 57 41 0 51 59 47 44 41 59 38 99 97 94 76 84 99 90 99 93 99 99 87 90 91 99 99 93 99 99 75 99 99 99 99 99 99 99 99 94 93 79 99 99 97 94 99 99 99 99 99 96 99 99 99 82 81 99 85 93 99 99 99 91 99 99 99 99 99 99 99 99 99 99 99 99 99 85 91 99 78 85 
99 90 99 96 99 90 96 99 81 85 99 87 99 93 99 99 90 85 99 76 56 60 56 0 53 64 36 54 39 57 99 99 99 99 97 99 99 90 99 99 97 99 79 99 99 99 96 99 81 99 90 75 99 97 99 99 99 81 97 90 84 99 99 99 99 99 99 99 97 82 99 99 75 99 76 99 99 90 99 99 99 91 99 94 99 99 99 99 99 99 99 82 99 96 78 99 99 99 99 99 99 
99 99 99 97 99 82 99 88 96 85 85 99 99 99 99 90 99 76 82 82 46 46 42 35 0 42 45 55 38 38 99 88 99 99 99 99 99 79 99 99 99 99 99 99 99 99 97 99 99 99 99 99 94 99 99 82 99 99 99 99 87 99 99 99 78 99 99 81 99 99 88 99 99 99 91 94 99 88 99 99 99 99 99 99 99 85 93 99 99 99 99 82 99 94 99 87 97 99 94 75 99 
99 99 99 99 90 99 99 99 99 87 91 91 99 94 82 99 99 99 99 99 50 62 39 64 40 0 41 45 35 38 99 99 99 99 99 99 94 99 79 91 88 78 90 76 99 99 93 99 99 99 99 94 99 99 90 90 99 99 99 90 99 99 93 96 99 99 99 99 99 90 91 99 79 88 90 99 99 99 99 99 99 99 99 75 79 99 90 99 99 99 90 90 99 79 88 99 99 99 99 94 99 
99 90 99 93 78 99 99 96 99 99 99 99 99 82 99 99 99 99 79 99 33 54 54 62 44 62 0 40 62 64 99 91 99 91 99 96 91 99 99 99 88 99 99 99 99 99 84 99 76 99 99 99 81 84 99 99 99 99 99 99 99 99 99 99 90 87 99 99 99 81 99 99 99 99 99 99 99 99 84 96 99 99 99 99 76 85 90 99 91 99 99 99 99 99 99 99 94 91 99 99 88 
99 79 99 91 91 99 99 94 99 99 99 84 99 99 96 96 99 84 99 85 56 49 57 47 34 51 38 0 38 54 76 99 99 99 99 99 87 99 90 99 99 99 94 94 99 99 99 99 99 99 99 97 99 96 99 99 97 99 99 99 99 96 99 84 99 99 75 99 99 99 99 99 93 99 99 76 76 99 99 99 76 94 99 99 99 99 99 99 81 99 99 99 99 99 99 87 99 96 99 99 99 
99 91 99 99 99 99 84 99 81 81 97 99 99 99 82 99 99 94 87 75 35 47 62 52 49 65 33 36 0 52 90 99 76 99 99 99 84 99 99 99 94 99 79 99 99 99 99 99 99 99 97 99 99 99 99 81 99 99 99 99 82 97 99 87 99 99 99 99 99 79 82 79 75 99 91 99 99 99 99 88 99 82 99 75 99 99 99 99 99 99 78 99 99 87 81 90 88 99 99 99 99 
99 94 99 99 87 99 94 99 99 99 99 99 99 99 93 99 99 99 75 88 44 42 50 59 51 61 43 66 44 0 99 99 93 99 84 99 99 84 99 99 99 79 99 99 99 99 99 99 87 99 85 76 99 99 78 94 99 82 99 99 99 87 82 79 82 99 94 87 99 87 99 99 85 99 97 81 99 99 99 99 99 79 84 88 99 78 99 99 99 99 90 99 99 99 99 75 76 99 94 99 97 
99 81 99 97 99 99 99 99 99 99 99 99 99 99 81 90 99 76 84 99 91 99 90 99 99 99 99 99 99 96 0 55 52 52 60 46 59 54 36 64 99 82 99 99 84 99 99 87 96 99 99 99 99 78 99 75 99 99 99 88 93 85 99 99 97 99 99 78 99 99 87 99 99 99 99 90 99 99 79 99 99 99 99 99 99 81 99 82 90 99 75 79 99 88 99 99 99 87 75 99 97 
99 99 99 82 75 99 99 81 99 90 91 99 99 99 99 84 81 99 99 99 99 99 94 93 99 99 99 75 99 99 45 0 56 56 37 64 44 60 62 44 99 99 99 94 99 99 99 81 99 93 99 99 99 99 99 99 99 99 99 99 99 99 99 99 76 75 97 93 99 99 97 99 82 78 99 93 99 99 99 99 99 94 79 91 99 81 84 99 99 99 99 99 99 81 99 99 88 85 81 99 99 
81 99 99 76 99 99 75 99 99 99 99 99 78 99 99 85 99 75 99 99 78 99 81 99 91 99 99 99 78 97 43 48 0 47 62 42 33 56 60 36 99 99 76 88 99 87 79 99 99 99 76 99 99 99 88 99 84 93 99 99 99 99 99 99 78 91 99 99 99 99 99 87 99 82 99 99 84 81 99 99 99 99 99 76 99 99 99 99 99 79 94 75 99 94 79 99 99 99 99 99 99 
99 99 99 96 99 81 99 96 96 99 93 88 79 99 99 99 93 99 99 93 99 96 99 90 99 99 99 99 99 99 60 36 60 0 59 42 58 44 66 51 99 99 99 99 81 99 99 94 99 99 99 99 79 99 99 99 99 90 82 99 99 99 99 99 99 99 99 94 99 99 99 75 99 99 81 99 78 99 99 99 94 82 84 99 99 96 99 96 99 76 99 99 99 99 99 99 99 99 91 99 81 
99 99 84 99 99 99 99 99 99 99 94 85 99 76 82 79 99 85 90 99 99 99 99 99 99 99 99 88 99 99 47 50 56 34 0 49 56 66 37 50 99 97 99 99 99 99 99 99 85 99 99 90 99 88 99 99 91 99 99 99 97 99 99 99 94 99 99 99 97 99 99 99 99 99 99 90 97 99 99 99 99 99 82 99 75 88 76 99 76 99 99 99 90 99 99 99 99 91 90 99 99 
99 99 78 93 85 94 99 99 99 99 99 99 99 99 99 99 93 99 99 94 99 99 78 99 99 84 99 99 87 94 51 34 41 48 64 0 60 49 43 61 99 99 99 99 82 97 99 99 84 76 82 99 99 94 96 76 99 99 99 99 99 76 99 99 99 99 99 99 99 79 99 99 99 99 85 81 99 99 87 99 81 99 99 99 76 97 78 99 91 99 82 99 75 99 99 87 96 97 99 99 99 
99 99 88 93 99 99 99 99 99 99 93 88 99 99 99 99 99 99 99 91 99 94 99 99 99 96 99 99 97 99 33 41 63 53 54 44 0 53 57 38 99 99 99 99 99 99 99 91 99 99 99 93 99 99 99 99 88 99 88 97 99 94 99 99 93 84 99 99 99 99 99 99 94 75 99 99 99 99 99 84 99 81 99 99 99 99 99 99 99 99 99 99 81 91 99 88 94 88 99 99 99 
75 99 79 99 99 99 99 99 91 99 99 99 99 96 78 99 99 99 99 82 81 99 99 99 99 99 99 75 87 91 44 52 61 38 63 44 45 0 49 50 99 99 79 85 87 99 99 76 99 99 99 99 99 81 99 99 99 99 99 93 99 99 99 99 93 99 99 99 94 82 99 99 99 99 93 99 99 93 99 99 88 79 84 99 99 99 99 99 99 96 99 75 99 85 76 99 99 99 99 99 99 
85 99 99 99 99 99 99 99 99 99 93 99 99 99 76 99 99 99 99 94 87 99 91 99 99 99 99 99 99 99 36 61 60 53 53 48 64 48 0 48 99 99 99 76 75 99 99 99 99 99 99 99 99 99 99 93 99 87 99 99 99 99 90 99 99 87 99 99 99 99 97 99 84 79 75 76 99 99 82 99 99 99 78 82 99 79 84 90 99 87 85 99 99 99 99 99 99 99 99 99 93 
99 99 99 99 99 99 99 79 99 99 99 82 99 99 99 99 99 84 96 99 99 94 99 85 87 99 99 94 84 99 44 38 37 63 38 54 37 52 60 0 75 99 99 99 85 84 96 99 99 99 93 99 84 99 99 99 88 84 99 99 87 99 85 99 81 99 99 99 91 99 99 99 99 99 81 99 99 99 99 99 78 99 99 87 99 75 99 99 99 99 97 85 84 99 93 99 99 97 99 99 99 
99 79 79 78 88 99 99 99 99 76 99 82 99 99 84 99 99 99 99 81 99 99 75 94 93 87 96 99 99 99 99 99 99 99 99 99 99 99 96 76 0 43 59 54 51 59 51 64 40 42 85 99 99 99 99 88 99 78 78 99 99 91 99 99 93 99 99 99 88 99 88 99 99 82 99 99 94 99 88 99 94 99 99 91 99 99 99 78 99 85 99 97 99 85 99 99 99 99 99 87 99 
96 99 99 99 99 99 99 94 79 94 88 99 99 99 99 99 99 99 88 99 99 90 99 99 99 99 75 99 99 99 99 99 99 99 99 75 99 99 99 85 64 0 44 51 40 36 62 44 56 50 99 99 99 99 99 81 99 93 99 99 75 96 99 99 99 99 99 99 99 99 99 76 85 99 99 99 79 97 99 99 76 94 91 99 99 99 99 99 99 93 99 99 99 99 99 99 99 87 99 99 99 
99 99 99 97 97 79 99 99 99 90 76 99 99 75 99 99 99 93 99 81 99 99 99 81 84 78 99 99 99 90 90 99 99 99 99 99 99 90 99 99 36 48 0 38 34 59 38 38 34 45 99 91 99 90 99 99 99 84 99 99 85 99 85 99 81 81 99 87 99 99 94 99 99 99 99 99 99 99 99 99 99 99 99 99 99 99 99 75 99 99 99 82 99 85 99 99 99 99 99 99 78 
99 99 99 99 78 99 99 96 75 99 99 91 99 99 99 99 99 90 84 99 99 99 99 99 99 99 99 99 88 99 99 99 75 99 99 78 99 99 96 99 50 46 39 0 42 40 60 50 60 48 99 99 84 99 99 99 99 99 99 84 99 99 99 99 99 99 99 79 99 99 99 99 99 99 99 99 87 99 99 93 99 99 84 85 91 99 88 99 99 99 99 99 99 99 96 99 99 97 82 99 82 
99 99 88 81 99 99 99 99 84 99 99 99 99 99 99 99 93 99 99 99 99 85 99 76 99 85 88 99 79 84 75 76 79 82 87 78 99 79 99 99 50 42 66 62 0 53 52 44 54 58 99 99 99 99 99 99 99 99 99 97 99 99 99 99 99 84 99 99 76 99 99 96 99 99 85 99 99 75 79 96 90 99 99 76 99 99 78 99 99 99 99 99 99 99 99 91 81 75 99 99 81 
90 99 87 99 99 99 99 99 99 99 99 88 99 99 99 99 84 99 99 99 99 99 99 82 99 99 99 99 99 99 99 99 99 99 99 87 94 99 99 99 66 61 50 41 59 0 46 54 58 44 99 75 99 99 99 82 99 99 99 87 99 84 81 99 99 78 93 93 99 94 99 99 99 91 99 99 99 82 99 79 91 99 97 99 85 99 99 79 76 99 99 99 99 99 94 76 99 99 99 99 90 
99 75 93 99 99 99 99 99 87 94 99 84 99 76 99 75 93 99 99 99 99 93 99 99 99 79 99 99 85 93 91 99 99 99 99 99 82 97 99 99 36 60 53 42 42 54 0 54 54 36 91 99 99 99 84 99 91 99 99 75 99 75 99 87 78 78 99 99 99 99 99 99 99 99 99 99 93 81 88 90 94 99 78 94 75 99 87 87 99 88 88 99 99 99 75 99 94 99 99 99 99 
99 84 99 90 99 99 99 79 88 78 99 99 88 99 99 81 84 99 99 99 99 99 81 85 93 93 99 99 99 99 99 75 85 99 88 99 99 99 81 79 40 56 55 47 64 41 58 0 35 54 85 90 99 99 99 99 99 99 99 99 99 97 82 88 84 81 99 99 99 99 99 99 99 99 87 94 99 99 78 99 78 97 78 99 99 99 99 81 99 99 99 78 84 99 99 99 87 99 81 99 99 
99 99 99 99 76 76 99 99 99 99 99 99 99 99 99 99 99 76 99 99 99 76 99 99 99 85 99 99 99 99 96 90 88 99 99 78 99 99 99 99 64 58 34 62 64 64 63 34 0 33 91 99 76 84 97 87 99 88 94 99 99 88 99 99 99 99 99 78 99 91 99 99 99 99 93 99 97 99 99 99 94 99 99 99 99 96 99 99 99 82 99 99 99 99 99 75 81 99 99 99 79 
99 88 99 99 99 99 99 76 99 84 99 99 85 99 76 99 99 90 99 99 99 99 99 99 99 94 99 99 99 99 99 99 99 78 99 99 99 99 99 76 54 36 66 37 51 44 42 37 64 0 99 85 99 99 99 94 91 99 99 82 99 85 99 99 88 99 81 99 99 99 99 99 99 91 96 90 93 99 99 91 99 99 87 99 99 99 82 99 88 85 99 87 99 99 99 99 76 99 78 97 99 
99 99 99 99 99 99 99 87 99 99 99 99 85 99 99 99 99 99 99 99 99 99 94 97 99 99 78 99 90 87 96 96 82 99 99 99 82 99 93 99 99 99 88 99 99 99 94 93 99 88 0 52 61 57 48 44 46 48 62 57 99 99 99 88 99 75 99 90 94 99 81 76 75 99 99 99 93 99 99 99 99 99 99 93 99 96 76 99 96 88 99 99 99 75 99 99 99 99 99 99 99 
99 99 99 99 99 99 99 99 79 99 82 99 94 99 99 99 99 99 99 99 99 99 99 90 99 99 99 99 85 90 97 99 99 99 99 99 99 99 99 91 99 99 99 99 99 99 84 99 99 99 59 0 52 42 45 44 42 50 38 34 99 99 99 99 93 99 99 99 99 93 99 99 75 99 91 99 99 97 99 87 99 99 96 84 78 99 99 99 99 99 85 99 91 99 91 99 99 79 99 99 99 
99 99 99 99 99 91 99 79 99 99 99 78 99 99 99 84 99 82 99 99 96 82 90 99 99 97 99 88 99 99 99 93 99 97 99 99 99 96 99 90 99 99 99 88 99 99 79 85 99 79 44 45 0 42 50 50 38 36 44 36 99 91 79 79 99 99 81 99 84 99 99 91 99 99 87 90 85 99 99 99 99 99 82 99 99 91 90 99 82 99 99 99 99 99 99 81 99 85 99 94 99 
99 99 96 99 84 99 84 99 99 88 99 84 99 99 99 78 99 99 99 87 96 97 81 93 99 99 78 99 79 82 99 99 99 99 75 99 76 99 76 99 99 99 99 99 82 87 94 94 81 99 45 66 56 0 38 43 52 39 47 63 99 99 99 99 99 93 99 99 99 99 88 99 99 75 79 90 99 99 91 99 88 99 99 99 99 99 99 99 99 93 99 84 99 97 99 99 79 81 99 99 99 
99 79 75 99 99 99 94 99 99 99 75 99 99 96 99 99 99 99 82 99 99 99 99 99 99 99 99 99 99 99 90 99 76 81 99 88 99 99 84 94 94 99 99 99 99 99 99 99 75 87 60 50 65 48 0 41 48 56 59 39 99 99 96 99 87 99 99 93 99 81 99 99 85 76 99 99 99 99 99 99 99 88 99 99 99 94 85 99 99 99 87 97 99 99 93 99 81 99 81 99 99 
99 90 99 97 99 93 85 81 75 99 99 78 93 90 99 88 99 99 84 94 99 99 79 99 99 99 99 99 99 99 99 76 99 99 99 99 88 99 99 99 99 75 99 99 94 99 90 99 99 99 52 64 52 44 52 0 44 64 42 37 99 88 99 99 99 99 81 99 97 99 94 76 99 99 99 99 99 99 99 99 93 96 99 99 81 99 78 99 99 99 82 99 99 99 99 99 99 99 99 99 99 
99 99 90 88 90 99 97 96 99 99 99 99 79 99 99 76 99 99 88 99 79 99 99 99 99 75 99 94 78 99 99 99 99 99 99 99 99 99 96 99 99 82 79 75 99 82 99 99 99 99 56 60 37 45 34 63 0 56 62 60 99 99 99 99 91 85 99 85 99 99 99 99 75 99 78 88 99 99 99 96 78 81 99 99 99 82 87 99 99 99 93 99 99 99 99 99 76 99 99 78 99 
78 99 99 99 99 99 97 99 75 88 99 82 99 85 99 99 76 99 99 99 75 99 99 78 76 99 87 99 99 99 78 99 97 84 99 99 99 99 99 99 81 99 99 99 99 99 99 99 99 75 48 55 46 58 44 52 41 0 40 47 99 99 99 99 97 99 99 94 93 99 99 99 84 99 99 99 99 99 76 75 99 91 99 99 81 99 99 99 99 93 99 88 99 99 84 99 99 99 88 99 97 
99 87 99 85 99 99 99 99 96 99 99 90 99 99 91 99 99 99 99 99 99 99 78 78 99 99 99 99 99 99 99 99 99 99 97 75 99 99 99 99 99 93 99 99 99 99 94 99 99 99 44 54 44 40 34 40 33 46 0 58 75 99 99 99 81 99 99 75 93 85 94 75 99 88 99 88 99 99 99 96 99 99 84 85 99 99 88 99 99 99 99 85 93 99 99 99 99 99 84 81 88 
76 99 99 99 99 99 99 99 99 99 99 99 99 99 99 99 99 96 84 99 99 99 99 99 99 85 90 87 93 76 78 87 99 99 81 78 99 99 99 99 99 99 99 99 99 99 97 99 99 99 36 64 54 56 36 55 34 36 38 0 99 87 82 99 99 87 85 99 99 90 82 99 99 99 99 99 99 84 99 99 99 99 99 85 79 99 99 99 76 99 99 90 91 84 99 90 99 91 81 75 99 
99 99 93 99 99 99 78 99 75 99 99 84 99 99 99 99 99 99 99 76 99 99 99 99 85 99 99 99 99 85 76 75 99 78 99 99 99 99 99 99 79 99 99 99 99 99 99 99 99 99 99 99 99 75 99 85 99 87 93 90 0 66 38 39 42 34 51 60 60 61 84 99 99 99 99 99 97 99 99 99 99 99 99 94 99 91 99 99 99 96 99 99 99 99 99 99 99 99 81 93 99 
99 81 99 99 99 75 99 87 99 81 99 99 99 82 76 99 99 75 99 99 99 99 99 99 99 91 99 99 84 99 99 99 99 99 99 99 99 99 99 99 99 99 99 99 99 99 99 99 99 79 91 97 96 99 99 99 99 99 99 99 57 0 46 39 53 64 36 34 43 58 99 99 93 96 99 99 99 99 99 99 81 99 99 99 99 87 99 93 78 81 99 88 99 99 99 97 99 99 99 88 88 
93 99 99 97 82 75 99 99 79 99 99 99 96 99 99 99 91 99 99 93 78 99 99 96 99 99 99 81 99 99 99 99 99 88 99 79 84 99 99 81 99 82 99 99 99 75 99 99 99 75 79 99 99 99 99 88 78 99 99 99 66 58 0 50 48 33 39 36 60 33 99 97 99 90 79 99 97 99 85 96 99 99 99 84 88 99 99 81 99 99 85 91 99 99 96 99 84 99 81 99 99 
99 99 91 99 99 91 99 87 99 99 99 99 99 90 99 91 76 99 99 81 93 99 88 90 99 76 99 99 99 99 99 96 99 93 99 99 99 79 99 99 99 99 85 75 99 82 99 99 75 99 84 99 99 88 99 99 79 99 99 85 44 64 58 0 34 40 60 52 60 58 99 87 99 99 99 99 75 99 99 75 99 99 85 99 99 99 99 99 76 99 93 99 99 96 99 99 99 99 99 75 99 
99 96 99 99 99 99 82 99 99 99 93 97 99 79 99 78 85 99 97 99 99 99 99 99 99 99 99 99 99 99 99 94 99 97 84 96 99 93 99 78 99 99 84 76 88 99 99 99 99 82 79 79 99 99 99 90 93 99 99 99 37 46 48 56 0 50 65 34 43 62 99 96 99 99 99 99 99 99 99 81 85 94 99 99 99 99 99 99 99 84 85 99 99 99 99 97 99 96 99 99 99 
99 99 99 99 94 99 99 99 99 99 99 99 99 99 75 91 75 99 87 90 99 85 99 75 99 99 99 75 99 99 99 99 97 85 99 99 99 99 99 99 97 99 99 93 99 99 99 87 99 87 99 99 99 90 99 99 85 99 99 75 62 64 65 47 48 0 62 54 43 64 90 99 99 99 93 84 99 99 99 99 99 99 99 99 99 99 99 88 99 99 96 99 99 99 99 97 99 79 99 90 85 
99 88 91 99 99 99 99 99 96 93 99 99 99 99 93 79 99 88 82 99 99 99 81 99 99 99 99 99 99 99 99 99 99 99 99 93 99 99 99 99 99 99 79 99 93 99 94 96 93 99 99 99 99 99 99 84 93 99 99 99 43 46 40 42 50 45 0 47 47 37 99 99 81 99 90 99 99 75 99 87 81 99 99 99 75 88 99 99 99 99 99 99 94 94 99 93 99 99 97 99 88 
99 91 99 99 96 99 99 99 99 99 93 99 85 99 99 99 87 99 99 99 84 99 99 99 99 99 93 81 99 99 99 99 93 99 99 99 99 99 99 88 99 91 99 99 90 97 99 87 93 99 96 99 99 99 99 90 99 99 93 99 58 50 42 66 38 38 58 0 37 56 99 99 97 99 99 99 99 76 99 99 99 99 84 99 99 99 94 81 87 82 99 99 99 94 99 99 99 99 99 99 79 
79 99 82 88 99 82 99 99 99 99 99 93 99 99 90 99 87 99 99 99 99 99 99 99 99 99 99 99 84 99 88 79 99 82 76 91 78 99 99 88 99 85 99 99 99 99 93 99 99 99 99 85 99 84 75 99 99 99 99 97 51 60 38 40 60 53 60 54 0 64 99 99 99 99 97 99 99 99 99 76 99 99 99 94 87 99 99 99 78 99 99 99 99 99 97 99 99 99 99 99 99 
99 99 99 99 99 99 88 99 99 93 94 99 99 99 93 99 99 85 99 88 99 99 99 99 99 99 91 99 90 99 99 99 99 99 99 99 91 99 76 99 99 87 79 99 85 99 99 99 99 99 99 99 85 99 99 99 99 96 97 93 36 38 44 61 35 63 46 48 60 0 96 99 91 99 99 99 82 99 99 99 99 84 81 99 99 99 99 99 99 94 79 76 99 99 99 99 99 99 97 99 84 
90 90 75 99 99 94 99 99 99 99 99 99 84 99 99 99 99 99 99 99 99 94 84 78 76 90 85 99 81 99 87 99 99 99 99 79 93 99 78 87 84 99 99 99 99 81 99 99 99 99 99 99 99 76 96 99 84 99 99 82 99 93 99 93 99 99 99 99 99 99 0 56 44 53 47 39 52 61 37 50 99 99 99 99 85 85 99 99 82 99 99 99 90 78 84 90 99 99 99 99 99 
99 93 99 90 99 91 82 99 99 81 99 99 99 81 94 99 99 99 78 85 87 99 99 99 85 99 99 99 99 99 99 85 99 84 99 99 99 82 78 99 76 99 90 99 99 90 75 99 87 99 81 99 78 90 76 99 99 85 82 88 94 99 99 97 99 99 99 99 99 82 41 0 46 48 63 36 56 54 43 56 76 93 91 99 99 99 97 99 99 91 99 99 99 82 99 99 76 99 99 91 97 
76 99 99 76 99 97 99 99 82 88 90 99 87 76 99 82 75 90 99 96 97 99 99 94 99 90 99 99 99 93 99 99 99 99 99 99 97 99 90 99 75 75 99 99 99 82 99 99 99 91 99 99 76 99 99 99 99 79 99 99 99 99 99 99 99 93 99 99 87 99 50 54 0 46 44 44 64 44 62 59 99 82 99 99 82 88 99 96 94 91 99 99 85 85 99 91 84 99 99 99 99 
99 99 99 99 99 75 99 99 99 99 99 90 99 99 85 76 85 75 99 99 99 96 99 99 84 99 79 99 99 90 99 99 99 99 99 99 78 97 99 99 99 99 99 76 99 99 99 99 99 99 99 93 99 99 99 99 99 99 75 99 81 96 99 99 99 81 99 99 91 99 62 48 36 0 50 36 58 61 46 42 76 99 99 99 99 99 90 99 99 99 99 94 99 81 87 99 99 75 99 99 99 
97 99 99 84 82 99 97 99 99 99 81 99 84 99 99 99 99 99 99 99 99 99 75 99 84 99 99 99 78 93 99 81 75 99 99 99 99 99 99 99 99 99 97 99 76 99 99 99 99 87 99 93 96 99 99 85 99 90 99 90 87 99 99 78 99 90 99 99 99 99 42 38 60 50 0 66 60 38 64 55 99 99 99 90 97 78 99 99 99 99 99 99 99 99 79 99 99 94 99 99 99 
99 84 75 99 99 81 93 96 91 99 99 99 99 99 99 99 85 82 99 94 99 99 99 99 99 94 99 99 99 90 79 79 99 85 93 91 99 96 99 81 79 99 99 85 99 99 87 99 93 99 88 99 99 79 99 99 99 99 94 85 78 99 99 99 99 99 99 99 99 84 33 39 44 48 38 0 44 48 44 47 99 91 99 99 99 99 99 97 99 99 91 99 90 76 99 99 91 99 99 99 99 
99 96 96 99 99 79 99 99 99 99 99 79 99 99 99 99 78 99 99 99 99 99 99 99 99 99 99 99 99 94 99 99 99 97 96 99 99 99 99 99 96 99 99 75 75 99 99 99 90 99 81 99 99 99 99 99 99 99 90 99 99 99 84 96 75 99 99 99 99 99 42 64 66 57 52 56 0 51 46 42 99 99 93 99 99 87 99 99 99 99 85 99 94 79 94 84 99 82 99 96 99 
99 99 85 99 87 99 99 99 85 99 78 99 85 79 99 99 99 99 99 99 99 99 87 99 99 99 99 97 99 99 99 99 99 94 99 79 99 99 99 99 81 84 99 99 99 99 99 99 82 99 99 99 79 99 99 99 99 99 94 75 87 99 99 99 99 99 87 99 99 99 35 50 54 42 43 45 63 0 64 60 90 99 99 99 94 78 81 76 99 99 99 99 78 99 99 99 99 99 99 99 82 
99 99 99 99 99 99 99 99 85 99 94 78 99 99 99 99 88 99 99 99 93 99 99 99 99 99 88 87 99 99 99 99 78 82 94 99 91 99 99 79 99 99 99 99 99 99 99 99 99 93 75 75 91 99 99 99 99 99 99 99 94 91 99 97 85 99 99 90 99 99 58 40 35 58 34 41 45 46 0 34 99 99 99 99 99 99 99 99 99 93 99 87 85 82 91 99 76 99 84 90 99 
99 99 99 99 99 99 94 78 96 99 99 99 99 99 91 99 87 99 99 99 99 99 99 99 99 99 91 99 99 99 99 99 99 99 99 99 99 99 99 82 90 99 99 97 93 99 99 99 94 91 99 99 99 99 99 88 99 99 96 94 81 78 99 99 99 88 76 91 99 99 38 42 44 34 42 39 40 50 56 0 99 99 99 99 97 76 99 99 75 99 78 99 99 99 99 81 99 99 99 75 99 
94 99 99 99 99 99 90 88 99 99 99 99 99 97 99 99 99 99 96 93 99 97 99 99 94 99 75 99 99 99 99 99 99 99 99 99 99 99 99 99 79 85 78 99 99 99 99 99 90 99 78 99 85 99 87 99 99 99 99 79 84 99 76 99 99 99 99 79 99 99 99 99 99 99 99 99 87 99 99 99 0 41 64 58 49 49 60 63 55 48 99 99 99 88 99 99 99 79 96 81 99 
78 99 88 99 97 87 99 87 99 99 99 99 99 84 99 87 99 99 99 76 76 85 99 76 99 82 99 99 99 90 99 87 99 99 84 84 99 97 99 99 99 99 75 99 99 99 85 99 97 99 99 81 85 90 99 99 99 87 99 99 99 88 99 99 99 99 99 99 99 99 82 99 99 84 99 81 75 99 85 99 63 0 38 38 56 64 47 45 46 43 90 99 99 99 82 99 99 75 96 99 99 
99 99 99 99 99 99 99 99 99 96 99 99 90 99 99 99 99 99 79 99 85 99 99 99 99 99 99 79 85 79 99 99 94 99 78 99 99 91 82 91 88 99 84 85 93 99 79 99 99 99 79 99 99 91 99 84 99 99 99 99 82 81 91 99 99 91 99 99 99 99 99 99 99 99 85 99 99 81 99 99 58 43 0 52 38 44 59 40 34 42 99 99 99 85 99 99 99 99 97 99 99 
99 99 99 88 99 94 99 99 99 99 99 99 79 99 78 99 99 99 99 99 99 79 85 99 99 82 96 99 99 75 88 85 99 97 91 85 99 99 78 99 99 99 99 99 99 99 99 99 99 94 99 94 99 97 99 99 76 84 99 99 84 84 99 99 99 99 99 96 99 99 99 99 99 99 79 99 78 99 75 93 53 42 62 0 52 55 41 46 54 41 76 99 99 99 78 81 99 99 99 99 99 
99 99 99 99 99 75 99 90 81 84 99 99 97 99 99 76 76 78 99 90 99 99 99 79 94 99 85 87 75 99 99 99 99 99 99 99 99 81 99 99 99 99 99 90 99 99 99 99 99 82 99 99 87 99 99 75 99 99 99 99 99 99 99 99 96 99 99 75 99 99 75 85 99 75 99 99 99 99 78 99 50 58 60 44 0 34 60 56 43 49 99 99 99 84 99 91 99 99 99 91 99 
99 81 99 99 99 76 91 99 99 96 99 99 99 99 99 99 82 99 99 99 99 99 99 99 91 99 99 82 82 88 79 76 90 99 91 99 99 99 99 82 76 99 81 79 99 76 91 75 78 99 99 94 99 75 99 99 91 90 99 99 87 79 99 99 99 99 99 99 85 99 99 90 99 99 99 99 99 99 88 85 56 50 35 43 38 0 60 43 39 59 99 91 99 99 99 99 91 88 99 96 76 
99 99 97 96 99 99 99 78 99 94 79 93 82 99 91 99 99 99 91 76 99 91 99 99 99 99 99 99 97 99 99 90 99 99 84 93 99 99 99 90 99 99 99 85 99 99 91 99 99 99 99 99 78 99 99 99 99 99 99 99 99 99 99 96 84 99 99 78 75 99 99 99 99 99 99 79 99 93 84 84 58 33 34 58 50 55 0 34 44 39 99 78 99 99 78 88 99 94 91 99 79 
99 99 99 99 90 99 84 79 79 99 99 99 99 99 99 99 99 99 99 99 99 99 91 81 78 99 84 99 99 75 99 99 99 99 96 94 99 99 99 78 99 99 99 84 93 99 99 90 99 99 99 85 90 99 99 93 99 99 93 99 99 93 99 99 76 99 99 99 99 99 76 99 99 99 99 99 99 99 99 99 48 40 65 48 41 59 60 0 43 62 99 99 99 99 99 99 76 99 99 81 99 
88 99 91 85 99 90 99 99 87 85 99 99 99 99 99 99 99 99 99 99 75 99 99 79 99 99 99 99 81 84 99 99 99 99 99 99 75 97 99 99 78 99 99 99 88 81 99 91 99 99 99 99 99 99 99 85 79 99 99 99 76 99 99 99 93 99 99 99 99 75 94 87 76 99 94 96 79 96 76 99 44 53 64 60 50 42 40 52 0 59 99 99 99 99 99 90 99 99 93 99 99 
99 99 99 84 78 99 99 99 99 99 94 76 99 78 99 99 99 99 99 99 99 81 99 99 99 99 99 99 99 78 99 99 94 99 99 99 99 84 94 91 99 99 75 99 99 99 84 99 99 99 76 99 99 90 99 99 99 99 99 99 79 99 87 99 99 99 99 99 99 99 99 99 99 99 84 75 99 99 99 85 36 35 46 38 36 58 39 58 47 0 99 99 94 99 76 76 99 99 99 99 99 
99 99 99 99 99 75 99 99 75 99 99 99 97 99 99 99 99 90 99 93 99 99 99 81 99 99 99 99 99 99 93 99 78 99 79 99 88 99 99 76 99 99 78 82 99 99 90 99 99 78 99 99 91 99 84 99 99 99 93 88 78 99 76 90 99 99 94 99 76 75 99 99 99 99 99 99 75 99 99 99 99 99 99 99 99 99 93 99 99 99 0 46 65 39 57 57 66 46 53 49 99 
99 99 99 99 99 99 99 87 78 99 99 99 90 75 99 99 99 99 99 99 99 97 99 99 99 99 76 99 99 85 99 99 99 97 99 81 99 91 99 99 99 82 90 81 93 81 99 99 99 99 99 99 99 99 81 99 99 99 99 85 93 93 99 99 75 99 75 99 99 84 99 99 99 99 97 81 99 91 99 99 78 99 99 99 99 96 88 99 99 99 47 0 58 66 60 61 49 46 60 40 99 
99 99 88 99 99 99 99 99 99 78 99 99 99 99 99 99 75 99 99 99 99 93 99 99 90 78 99 99 99 99 99 99 78 84 99 85 99 99 79 99 99 78 99 99 99 99 99 99 79 99 78 99 99 99 76 99 99 79 99 99 96 88 99 99 91 99 99 99 99 82 75 99 82 99 99 99 99 91 81 99 99 85 99 99 87 96 99 99 94 99 38 54 0 46 37 64 54 56 44 42 97 
99 99 99 99 90 99 99 99 75 99 99 96 99 99 99 99 94 82 99 99 99 99 99 99 99 99 99 99 99 82 99 99 99 99 99 99 99 99 99 99 96 99 97 99 99 99 93 97 99 99 99 91 96 99 93 99 99 99 99 99 91 99 99 99 99 99 99 91 99 99 99 96 99 99 99 99 84 75 99 99 99 99 99 93 99 99 99 99 84 88 65 34 44 0 49 60 60 60 36 48 99 
99 76 99 99 93 82 99 99 96 99 99 99 99 99 78 99 99 75 99 99 99 99 99 99 93 99 99 99 99 90 99 99 99 99 99 99 99 99 99 99 99 99 99 99 99 99 99 99 99 87 99 88 99 90 99 99 99 99 90 99 75 99 99 99 99 85 99 99 96 99 84 99 79 99 99 99 99 99 99 99 99 76 99 88 82 99 76 99 99 99 59 35 42 50 0 62 42 50 39 44 99 
99 81 99 99 99 99 82 79 99 78 99 99 99 99 99 76 99 78 99 99 99 99 81 84 99 99 99 99 99 99 99 99 87 99 82 99 93 99 91 99 99 99 99 99 99 99 91 93 99 99 99 99 99 78 99 99 97 97 99 97 99 99 91 87 99 99 99 99 99 99 78 99 99 99 99 99 99 99 94 81 99 91 88 99 99 99 99 75 99 91 49 64 36 44 54 0 66 63 50 44 99 
99 82 99 99 99 88 82 99 99 85 99 99 99 99 85 96 99 99 88 96 99 99 93 76 84 82 99 97 99 99 99 99 99 97 94 94 99 99 85 99 99 82 99 99 99 99 78 88 99 99 99 99 99 99 99 99 99 99 99 99 99 99 99 94 78 76 82 99 99 99 99 82 91 99 99 99 99 79 99 99 96 99 78 99 99 99 99 99 99 79 35 34 60 54 57 41 0 60 38 33 76 
99 99 99 99 85 99 99 99 99 78 75 99 87 79 99 99 99 99 88 84 99 99 99 75 90 75 81 76 99 99 99 99 99 99 99 99 99 97 87 96 81 99 99 99 99 99 99 79 99 99 99 99 78 99 99 99 99 84 93 91 76 99 99 99 99 99 97 99 99 85 90 82 99 99 94 90 99 99 99 99 93 99 99 99 76 99 99 87 99 99 38 47 38 43 57 48 48 0 40 40 85 
99 99 99 99 85 85 99 87 99 99 99 94 91 99 81 99 99 99 99 99 99 99 99 87 99 78 99 99 99 99 78 81 99 99 99 99 99 99 99 99 99 99 90 75 99 90 99 99 99 99 99 99 99 99 99 99 84 75 97 75 99 79 79 90 96 99 99 99 99 87 99 97 99 99 99 99 99 99 99 99 99 99 84 99 99 99 94 99 99 99 42 36 35 46 50 57 46 57 0 66 99 
99 99 99 94 93 99 99 99 99 87 99 99 88 81 84 79 96 82 99 99 82 99 82 99 88 99 99 99 99 97 78 99 99 94 90 88 99 99 99 93 99 88 97 99 99 99 99 88 99 99 75 99 99 99 78 99 99 93 85 90 94 99 99 99 99 76 99 99 99 99 99 94 88 96 99 99 99 99 99 99 99 99 99 99 99 75 99 81 93 84 34 33 41 55 60 46 39 57 60 0 90 
99 99 90 99 99 79 90 99 99 96 90 99 99 99 99 99 99 81 99 99 99 99 99 99 93 99 99 99 99 75 99 91 94 99 87 99 99 99 99 99 99 97 87 87 99 99 78 85 99 99 88 93 99 99 99 99 99 99 85 99 99 99 87 99 99 99 99 99 99 99 75 99 99 99 99 99 99 99 99 99 90 93 88 99 85 99 99 99 88 99 87 99 99 99 96 99 99 99 99 99 0 
