n: 100
m: 4
Pi:U[1-99] 69 31 24 38 41 85 98 96 36 48 8 38 51 85 13 60 32 14 43 98 54 23 21 72 10 24 6 30 20 33 18 83 58 25 46 16 63 63 23 13 58 59 35 96 80 45 63 81 95 2 31 38 71 68 39 70 58 89 26 97 66 28 95 54 83 71 49 47 64 64 29 82 77 81 46 43 32 52 56 83 55 68 40 25 80 66 44 47 9 1 67 87 10 54 13 35 20 99 53 16 
Si:U[1-49]
0 14 2 27 5 2 28 11 12 15 49 37 28 42 21 40 30 16 49 48 10 49 3 49 49 49 49 30 49 7 10 15 1 49 25 49 49 12 49 10 49 9 37 24 7 13 42 39 49 12 3 16 49 48 6 4 49 49 49 31 43 49 49 49 49 49 1 49 15 49 10 42 45 48 13 3 49 18 36 49 18 49 34 49 28 49 21 24 39 6 3 27 49 22 49 46 49 49 48 12 43 
0 0 18 20 3 22 24 30 6 15 49 49 49 36 3 13 37 49 49 49 7 49 19 19 49 49 4 49 49 27 40 21 7 48 22 42 49 49 24 21 45 21 12 49 49 49 40 6 49 48 15 49 33 36 19 46 10 49 49 9 49 31 49 22 33 21 27 49 49 42 49 22 3 15 10 49 48 49 16 49 16 28 43 24 9 21 49 19 24 49 49 49 42 49 49 49 49 16 49 49 19 
26 5 0 20 19 0 17 12 24 2 18 49 49 34 46 1 49 49 30 40 3 31 33 46 31 49 49 49 1 34 49 16 36 15 49 49 42 31 24 18 49 13 30 28 16 3 25 19 45 18 27 25 49 49 21 43 9 12 13 37 16 28 49 15 10 37 3 49 42 3 15 28 13 49 40 28 49 4 49 49 46 10 49 28 49 25 1 45 49 45 49 49 49 34 49 49 18 40 15 28 49 
30 7 32 0 1 10 28 0 2 18 22 6 49 49 33 49 36 15 10 18 49 33 9 28 49 37 3 49 49 49 46 49 7 49 33 12 18 1 33 19 49 25 42 49 49 49 33 49 49 28 49 49 1 18 49 28 49 3 49 49 30 22 4 7 42 49 49 30 15 16 49 30 49 37 36 49 49 49 28 49 30 40 49 16 40 49 3 37 13 49 24 49 49 22 25 43 40 49 49 36 25 
16 28 10 18 0 18 10 32 32 12 15 39 6 25 27 48 19 33 49 7 24 10 45 42 45 30 7 49 28 34 49 19 49 24 49 16 49 10 33 16 37 30 24 33 18 33 28 37 48 49 49 19 22 1 30 37 49 49 3 40 22 15 10 49 49 49 4 19 19 28 30 43 49 43 49 37 37 49 25 18 27 34 48 37 49 30 4 18 49 21 49 10 49 49 34 45 49 49 42 28 49 
32 8 2 10 20 0 27 32 22 8 37 40 13 42 33 30 49 34 49 19 49 45 49 21 16 49 49 49 31 45 4 49 9 28 49 46 49 27 49 49 19 46 49 49 49 42 9 22 42 28 13 9 48 6 9 4 7 49 13 22 49 40 15 49 13 49 13 49 1 49 4 49 4 12 49 34 49 49 4 13 10 49 49 13 27 4 36 49 49 33 10 49 49 24 49 25 33 4 43 45 49 
17 6 28 30 14 15 0 5 10 26 33 42 3 49 3 49 30 45 49 6 49 12 25 49 36 10 30 25 49 49 1 24 34 13 25 48 4 49 48 39 9 19 16 37 49 39 36 49 49 12 49 10 49 49 33 22 49 16 49 45 21 49 45 42 49 49 43 28 49 49 49 15 49 49 49 6 49 9 40 49 10 43 49 45 3 31 27 34 19 16 49 48 37 12 25 4 9 49 49 16 9 
0 20 10 3 25 18 16 0 31 4 49 49 49 12 45 6 13 48 1 22 37 22 15 4 37 36 25 12 49 31 49 12 49 49 46 42 49 16 13 28 49 27 7 43 34 21 49 42 24 3 1 7 49 48 39 43 28 49 49 36 24 49 15 13 7 18 49 49 1 12 49 49 49 15 43 24 45 19 43 49 31 1 15 46 15 12 6 49 15 27 18 49 15 4 3 28 16 34 49 13 31 
28 2 18 23 22 12 29 6 0 23 49 10 34 16 49 45 6 49 49 42 36 49 1 42 36 28 4 28 28 49 49 49 49 18 45 49 49 49 49 30 37 40 18 49 36 49 18 24 49 33 39 49 49 37 4 49 31 46 24 49 18 36 49 12 18 10 6 39 49 25 49 13 25 12 13 16 49 49 25 28 49 49 42 30 28 19 33 13 49 1 10 22 42 21 4 49 42 49 49 22 16 
8 2 10 14 31 7 19 14 25 0 22 42 49 40 1 13 19 49 19 16 28 49 49 15 25 15 49 39 49 28 48 12 24 49 49 10 49 49 22 49 31 40 49 31 49 16 33 49 13 4 49 43 4 9 15 19 21 22 31 24 33 42 22 6 39 42 49 25 22 39 1 13 6 49 49 16 49 25 49 49 30 31 49 49 30 49 34 10 49 24 49 6 49 49 27 49 49 49 34 28 30 
34 46 12 12 19 49 30 28 45 19 0 11 20 18 14 14 2 6 10 24 13 34 49 1 40 49 49 12 15 1 49 43 22 49 27 49 1 1 33 45 28 49 33 16 3 49 43 12 49 21 1 46 46 49 19 49 40 34 42 49 49 49 25 22 16 46 49 22 49 49 40 49 49 1 49 49 49 49 49 15 15 49 49 49 49 40 15 12 49 49 49 25 28 36 1 45 49 31 49 34 49 
49 49 45 30 16 49 49 42 49 15 32 0 3 28 29 31 6 13 4 10 40 48 18 49 49 7 42 49 49 34 10 28 28 37 46 39 49 45 6 49 49 37 49 49 30 49 49 45 49 37 28 49 46 22 15 30 13 49 49 49 49 49 49 48 49 3 25 49 10 49 27 49 7 45 48 31 13 24 40 13 34 40 49 19 49 30 37 9 1 49 46 30 10 19 49 49 18 28 49 6 46 
6 25 49 24 49 49 49 49 45 13 24 21 0 14 2 15 14 18 26 8 49 49 49 49 49 49 45 49 48 4 49 18 33 48 19 10 7 4 6 49 22 39 49 49 12 9 49 49 6 3 13 46 12 4 49 49 49 43 40 33 18 1 49 10 31 10 21 30 49 49 49 27 49 37 21 49 49 15 49 13 49 49 1 22 12 49 49 4 37 22 49 49 49 45 49 43 37 49 49 7 10 
3 49 33 43 28 15 7 42 9 49 25 11 23 0 16 8 12 3 12 7 49 49 15 49 27 49 1 43 19 39 49 19 49 22 49 22 49 49 49 49 24 49 27 45 46 31 49 34 3 30 49 49 40 13 49 49 25 34 40 49 31 49 40 7 49 6 10 45 49 49 37 49 27 13 49 27 18 39 49 13 16 10 49 40 49 31 1 34 46 49 30 49 37 15 21 1 49 49 49 49 42 
24 37 6 7 49 49 49 10 6 49 6 19 13 27 0 12 4 13 4 22 49 49 33 49 13 34 40 10 9 49 45 7 49 49 49 40 28 30 49 30 49 7 1 49 49 4 46 9 9 43 48 49 40 10 34 30 18 49 49 12 49 1 1 43 45 1 49 22 30 12 49 49 49 45 31 49 46 49 3 13 49 19 49 19 49 49 43 30 49 49 24 9 34 48 49 49 49 42 49 7 43 
42 48 46 49 18 49 9 18 37 49 27 23 26 24 6 0 31 19 31 1 49 22 9 49 42 31 25 27 49 49 49 40 31 49 45 49 36 36 3 46 22 16 34 27 49 7 39 39 10 49 31 49 49 49 49 48 10 37 49 40 30 40 28 49 18 45 37 4 49 49 9 49 16 33 49 49 49 27 43 27 27 49 19 49 10 34 49 13 49 49 30 22 49 22 49 4 10 10 49 6 13 
25 49 39 34 21 49 27 49 21 49 16 10 24 29 17 16 0 6 25 26 49 49 15 1 12 10 15 49 49 37 31 27 13 25 46 13 49 42 19 49 49 33 49 9 33 16 37 4 30 12 49 49 21 49 43 27 34 49 36 49 49 6 12 49 49 24 15 7 25 49 49 33 9 27 9 49 49 49 37 34 24 30 18 49 49 21 19 46 37 21 49 49 1 36 7 6 33 39 4 22 36 
49 42 18 49 49 21 16 49 49 6 10 18 26 14 9 0 25 0 31 12 9 49 49 49 30 27 49 49 49 49 12 49 49 19 49 42 49 21 21 49 49 49 36 28 49 49 7 3 43 42 49 49 27 42 22 49 33 24 24 40 39 4 36 3 49 49 36 49 48 49 49 16 48 49 49 22 7 49 48 49 9 42 49 22 46 36 36 49 49 13 7 46 10 1 39 49 18 21 19 34 1 
37 37 18 49 21 48 49 45 36 19 12 4 14 12 0 4 7 8 0 25 49 49 49 49 19 45 49 21 49 34 43 49 49 49 27 49 33 6 24 18 45 30 25 49 48 46 49 22 49 25 27 40 30 18 49 49 22 43 49 49 49 33 49 49 30 34 49 12 49 49 49 6 7 33 49 49 49 18 19 4 49 30 13 16 46 42 49 49 49 49 1 43 24 46 49 49 19 34 39 49 19 
7 3 49 46 30 4 37 49 18 42 18 24 4 11 10 29 27 9 6 0 49 49 49 49 49 28 49 43 49 24 30 18 49 49 7 49 34 27 33 37 19 49 37 15 19 49 45 49 19 39 34 40 49 49 25 31 1 36 24 37 19 4 49 36 49 43 49 49 49 9 49 42 45 49 21 1 18 30 49 39 49 37 49 49 34 21 37 33 4 36 49 28 40 49 49 27 3 49 9 25 1 
49 25 48 19 9 12 49 3 46 46 21 49 49 49 49 24 1 36 49 49 0 24 6 20 26 8 14 8 20 15 19 49 49 49 6 9 4 33 43 34 27 33 46 49 49 49 34 49 49 49 49 3 24 31 30 30 34 33 37 49 49 49 49 49 43 49 49 7 49 10 30 28 49 49 22 9 49 15 49 28 3 49 40 49 13 49 49 49 33 7 49 49 10 31 49 18 28 34 9 21 28 
19 19 49 45 49 21 28 19 13 49 33 25 49 9 24 31 49 49 49 49 23 0 25 6 0 19 32 4 32 30 49 18 48 49 49 46 13 37 33 12 12 49 3 40 9 1 24 9 3 22 43 49 30 49 12 45 37 49 42 7 49 13 49 49 46 37 18 3 19 25 43 36 49 13 48 10 46 6 27 49 31 42 43 15 49 13 49 49 13 3 49 49 18 13 4 49 18 4 1 7 7 
27 49 49 49 27 13 49 49 10 36 1 12 21 46 49 49 49 49 49 22 26 21 0 29 11 18 32 7 10 3 33 42 49 49 25 28 49 49 49 3 49 19 49 9 19 28 49 40 6 49 40 49 18 49 16 24 49 10 22 49 1 37 49 18 49 49 36 49 43 3 7 3 49 27 40 49 18 13 36 21 49 22 4 37 31 15 49 49 49 49 33 31 3 43 49 1 46 49 49 6 49 
49 40 21 49 49 9 31 10 49 25 43 49 15 31 30 25 25 49 49 42 14 2 20 0 29 14 25 21 22 16 10 9 25 1 25 36 49 18 48 49 1 49 49 49 30 22 49 49 49 10 37 16 6 9 42 37 34 7 43 36 22 16 43 10 49 3 6 22 43 49 34 49 45 39 24 49 21 49 13 22 25 22 10 27 27 6 1 15 37 49 10 30 45 45 6 19 42 12 22 34 6 
15 37 31 43 45 45 15 43 49 49 49 49 30 15 18 45 49 37 49 49 30 22 2 12 0 1 10 4 4 28 49 49 49 33 10 49 37 3 24 7 18 40 33 19 43 27 49 15 39 49 49 49 36 49 21 19 45 1 12 28 43 49 1 43 49 49 15 27 49 49 21 49 12 42 18 49 22 39 49 12 49 43 28 1 49 30 13 49 49 9 7 49 31 37 49 49 21 13 30 4 7 
28 49 49 49 49 49 49 49 49 39 37 4 21 24 18 49 40 40 4 27 8 20 16 13 14 0 17 6 24 13 1 43 43 25 49 43 18 22 49 49 30 19 33 12 46 49 4 49 43 49 27 49 49 15 49 49 37 49 49 48 25 49 49 28 49 49 46 49 25 49 49 24 3 9 24 49 31 15 48 21 49 7 40 43 16 24 28 21 6 49 16 22 49 9 49 16 25 28 49 49 33 
30 31 49 36 49 37 28 46 49 49 9 49 39 36 49 12 49 49 48 49 28 20 28 14 8 20 0 8 12 28 49 19 49 1 42 16 9 49 16 49 18 37 18 10 49 49 49 18 49 27 49 16 49 48 30 49 4 46 49 49 34 21 40 49 33 45 49 49 49 45 49 13 49 9 28 49 49 49 49 40 25 28 13 1 28 27 49 22 49 22 49 16 37 49 13 24 9 34 15 43 49 
49 49 28 49 43 21 49 16 49 49 49 24 22 19 33 49 7 3 36 13 10 19 14 12 31 7 23 0 16 18 21 49 49 6 46 49 36 39 19 9 1 3 40 1 49 4 48 49 3 49 49 45 49 19 1 49 49 49 48 42 49 1 49 49 27 3 4 7 15 49 34 49 33 49 7 27 40 10 36 16 31 49 25 49 45 42 49 49 49 3 49 49 46 34 9 49 24 39 49 49 10 
49 1 10 42 6 7 16 49 49 49 37 19 49 3 39 16 49 3 9 1 11 7 8 27 16 28 21 14 0 16 39 3 16 39 49 30 49 49 3 39 12 9 49 49 49 34 49 13 49 21 49 6 49 49 49 49 49 49 6 46 7 1 49 10 40 24 48 37 34 34 27 49 40 33 49 13 31 3 49 48 49 25 49 49 12 37 4 49 30 16 18 16 49 3 30 40 12 49 49 1 15 
49 19 6 49 39 39 1 18 9 25 3 15 49 49 49 43 45 9 49 49 4 8 16 30 31 25 7 14 17 0 49 30 28 9 22 33 49 18 4 48 4 34 49 7 18 21 6 49 36 49 43 30 27 15 49 49 49 49 46 10 9 3 33 7 49 49 30 9 49 49 49 24 4 39 48 16 19 13 31 48 21 49 30 24 33 21 49 21 4 39 49 3 48 48 25 15 39 49 7 6 42 
15 45 45 49 45 48 36 49 10 49 49 49 49 49 48 39 36 19 13 49 30 7 45 21 30 18 21 9 49 16 0 8 18 2 27 30 30 7 26 17 42 45 7 49 15 18 49 10 49 40 45 34 49 49 43 49 43 22 16 49 10 42 49 4 28 49 49 49 49 49 43 10 49 15 24 49 49 49 45 49 46 49 49 49 19 42 21 31 7 24 49 40 9 30 16 30 49 49 49 12 39 
21 49 37 49 42 6 25 33 49 25 6 15 49 12 49 4 49 49 48 39 49 34 39 49 28 22 40 43 21 18 6 0 5 6 15 14 29 4 4 14 15 30 34 49 7 49 3 12 15 31 49 49 16 19 30 43 12 49 7 49 28 42 6 3 6 16 36 9 40 49 13 37 19 49 49 6 46 49 34 49 33 49 42 16 36 16 7 16 49 12 49 49 49 40 49 49 49 24 10 4 49 
9 49 49 49 49 49 46 30 6 49 10 49 49 12 19 10 46 1 49 19 49 18 49 15 24 13 18 12 48 49 30 25 0 2 7 28 28 14 9 1 28 37 49 13 19 49 39 21 49 7 49 39 30 4 9 34 49 3 1 37 15 21 49 45 1 45 19 43 7 46 49 49 49 34 13 33 49 16 16 19 49 49 6 15 49 49 43 48 24 45 34 37 36 49 22 49 42 49 25 49 43 
10 27 46 25 30 13 43 49 27 28 13 49 49 31 34 18 39 28 49 13 28 13 15 15 49 48 22 6 49 7 8 31 18 0 25 28 23 2 24 27 21 49 19 30 9 42 15 46 49 25 45 49 31 49 49 10 49 49 31 42 30 34 49 42 10 18 34 45 49 34 49 28 9 46 19 46 4 49 37 4 1 34 49 49 49 22 30 21 21 49 6 30 49 49 39 43 49 46 36 22 12 
49 37 34 3 15 12 49 45 49 49 21 30 21 49 7 49 49 33 49 18 40 36 49 49 49 1 45 6 25 18 7 8 10 26 0 20 15 1 2 3 46 49 46 42 16 10 46 16 33 30 31 9 49 31 15 49 43 49 49 49 49 49 49 16 3 25 21 49 49 49 40 49 3 13 31 49 7 43 49 49 49 9 3 49 25 49 49 15 49 49 49 28 48 49 49 40 15 49 6 34 49 
48 12 49 49 25 28 49 39 12 9 49 25 37 49 49 28 10 18 16 15 30 46 49 10 49 16 49 28 46 49 32 6 18 7 30 0 30 4 26 4 37 49 27 18 19 40 27 49 49 27 49 49 21 49 39 49 25 49 48 49 9 24 49 40 49 49 24 49 49 21 6 49 49 49 49 43 49 21 49 3 49 34 28 36 21 12 21 49 12 12 49 49 3 15 4 49 49 49 10 42 49 
37 49 10 39 9 49 49 40 24 19 49 30 24 40 49 36 40 4 37 49 9 48 34 1 49 12 13 13 49 43 2 14 30 31 1 20 0 8 12 28 6 33 31 33 12 49 1 7 3 49 33 10 19 7 4 18 49 18 49 49 43 22 49 15 49 49 1 39 1 31 45 25 7 16 28 22 21 12 49 46 6 43 34 30 49 12 49 49 49 1 48 25 49 46 9 42 49 49 7 39 16 
46 49 43 1 49 49 34 49 49 3 49 18 31 15 1 43 10 12 33 45 43 49 49 43 25 13 49 30 34 3 4 2 24 0 22 6 29 0 2 5 49 19 16 49 49 49 49 9 31 45 12 30 19 49 31 49 1 6 49 49 9 49 46 49 49 49 21 13 30 49 49 30 39 13 22 19 37 49 39 22 49 40 43 25 13 49 15 12 33 16 6 22 42 31 49 27 46 49 49 4 46 
33 49 49 49 6 3 24 46 39 18 49 49 49 36 36 27 1 22 15 40 3 49 39 40 49 49 37 46 13 49 8 23 15 3 26 17 14 18 0 22 7 28 25 19 22 37 49 18 16 40 36 3 19 13 49 13 1 49 49 24 49 25 40 24 13 49 25 25 49 40 12 13 49 25 10 12 49 49 28 7 49 25 7 49 49 49 49 49 13 49 33 37 49 48 49 49 1 49 18 49 33 
49 10 48 12 24 15 46 49 36 49 49 36 3 24 49 1 9 49 12 7 36 22 48 30 22 36 30 15 18 27 4 15 32 32 27 4 2 25 9 0 36 1 49 10 34 22 34 45 49 4 3 49 30 49 46 9 31 28 37 9 3 16 30 21 25 30 49 21 34 49 19 49 49 24 30 34 21 49 18 18 49 10 42 16 9 24 13 49 27 39 45 1 30 18 25 39 33 49 49 25 9 
4 49 49 9 49 49 42 3 49 7 6 49 49 12 49 10 49 39 49 45 49 12 49 4 25 49 49 18 34 33 25 4 25 3 16 34 49 33 48 4 0 15 8 28 25 16 19 9 4 22 49 49 21 49 46 49 40 27 10 25 42 43 40 49 43 28 3 13 10 33 49 1 49 9 49 48 42 49 49 19 49 45 42 36 7 37 3 1 49 49 49 30 39 49 49 49 46 45 12 49 27 
6 49 30 9 33 15 25 15 49 21 46 7 22 9 24 19 9 49 13 48 46 19 49 13 19 49 28 49 15 28 45 22 49 24 42 28 36 45 49 49 1 0 2 8 19 16 19 25 16 6 22 27 49 43 36 49 49 27 49 49 6 9 49 45 37 15 49 7 49 37 4 49 46 4 19 30 34 28 48 43 49 49 49 49 49 33 22 39 49 49 3 49 12 49 24 10 49 46 21 24 6 
45 49 49 28 49 36 43 43 6 34 49 49 1 49 18 36 46 19 22 28 12 49 49 49 6 19 49 7 45 34 49 9 10 28 46 12 21 3 37 39 13 24 0 9 8 0 6 17 14 14 43 43 4 9 43 49 49 25 36 45 16 28 18 49 19 18 49 34 16 49 49 49 4 37 49 19 19 42 49 37 28 49 49 49 49 13 3 49 49 40 34 48 49 49 36 49 49 49 28 49 49 
19 13 7 19 3 6 28 42 24 43 49 49 24 49 13 13 49 49 19 36 6 3 49 4 49 48 21 1 33 34 49 49 49 49 3 45 22 18 36 49 4 9 9 0 8 32 8 0 26 26 49 22 49 31 34 16 22 42 31 10 49 49 49 6 49 24 49 37 7 49 43 21 40 9 49 12 40 13 10 21 33 28 49 10 6 9 49 49 25 49 9 25 15 49 49 21 13 19 31 49 49 
7 48 43 22 21 31 49 28 9 48 48 10 1 19 43 31 16 49 36 49 49 3 49 49 43 40 30 18 33 1 19 49 49 43 49 49 43 49 24 27 14 13 9 28 0 25 2 6 25 26 43 3 36 49 49 18 30 27 49 37 49 49 49 49 49 18 12 30 49 49 13 31 34 18 49 13 48 15 49 19 49 49 40 49 27 49 22 1 6 12 9 33 49 49 49 24 25 1 24 49 48 
27 46 42 4 49 36 49 45 49 49 4 49 12 3 49 49 15 25 7 21 7 49 34 10 21 45 40 30 22 49 49 49 49 49 19 46 34 13 49 13 14 16 32 29 19 0 23 28 12 11 49 49 49 49 45 46 43 31 49 49 46 6 4 49 49 40 49 30 40 49 18 24 4 49 10 13 49 31 31 25 31 34 25 28 19 3 42 13 49 49 49 40 1 49 1 49 37 49 9 1 36 
49 31 49 48 13 21 3 49 24 49 49 4 49 49 49 15 10 48 49 15 34 3 27 49 30 36 49 43 36 21 7 49 27 49 28 33 49 48 6 49 17 29 25 28 22 8 0 26 5 17 48 49 6 48 49 33 49 19 42 49 49 42 9 6 49 39 30 6 37 49 49 49 12 43 37 42 36 46 49 49 27 22 37 49 24 49 49 49 42 49 49 15 28 18 34 49 4 19 49 33 36 
46 49 30 48 40 12 49 43 49 10 49 49 49 42 49 16 45 28 36 49 40 13 49 49 34 21 45 49 49 45 7 9 34 48 46 31 22 36 49 36 14 14 28 7 17 20 6 0 0 3 13 43 49 49 40 33 49 48 1 10 3 49 40 31 3 49 18 27 42 39 49 49 37 46 19 4 12 49 39 49 49 13 21 48 9 7 48 28 28 39 49 6 49 6 1 49 36 49 49 49 49 
3 13 27 46 24 49 49 4 49 40 49 6 6 6 49 49 40 25 49 49 34 49 3 36 43 30 42 49 49 10 45 25 34 28 42 22 49 49 39 24 4 12 29 19 28 20 7 4 0 32 18 49 33 49 6 6 49 49 49 46 24 49 49 49 33 49 7 49 31 49 49 28 9 34 49 28 12 49 18 6 24 49 28 9 49 13 13 21 46 3 12 46 46 49 22 1 45 49 21 49 19 
49 37 1 12 49 48 49 13 49 37 49 49 27 36 40 49 46 21 49 39 49 1 16 25 49 25 49 49 27 28 6 27 45 49 49 34 10 3 49 15 0 12 5 26 17 6 18 12 26 0 25 27 48 10 1 28 49 49 10 10 49 33 49 49 39 49 49 21 46 22 43 1 46 36 49 49 49 37 7 12 49 27 49 49 13 28 49 1 27 48 25 15 49 49 49 7 1 13 37 31 49 
45 10 49 24 25 49 27 49 39 18 25 48 49 49 6 19 49 49 48 24 28 49 49 21 36 49 46 48 19 49 49 49 28 10 13 48 28 33 25 49 34 3 46 49 49 49 49 12 49 49 0 24 5 6 23 23 22 32 31 2 45 12 7 49 24 39 22 31 49 49 1 49 10 10 39 49 6 45 6 27 49 46 49 49 40 4 33 49 3 49 12 22 9 49 49 49 28 1 39 31 49 
49 21 49 49 46 49 25 10 49 16 16 49 30 37 49 16 25 25 18 49 49 49 25 28 49 25 49 21 22 7 49 10 49 13 49 24 6 49 6 39 22 49 18 15 45 9 33 12 42 49 25 0 21 17 27 31 2 20 24 8 49 49 49 9 49 45 49 15 49 45 49 46 49 49 49 27 49 49 9 1 49 1 42 12 13 49 7 15 28 49 12 7 34 36 39 18 49 46 49 21 37 
37 4 49 31 49 49 49 24 3 49 49 49 12 49 19 49 33 49 49 49 49 30 37 3 18 46 49 49 49 3 37 9 43 49 6 49 49 49 25 27 10 33 16 48 10 3 49 19 9 49 20 14 0 22 16 26 29 3 20 2 12 49 49 49 22 16 49 49 48 10 49 16 9 49 49 49 12 22 1 49 21 49 49 45 34 49 34 49 39 48 30 49 45 46 10 49 45 49 49 18 49 
49 45 49 12 25 49 49 42 37 49 49 49 4 33 49 43 45 49 49 42 9 19 49 21 7 22 39 18 7 49 45 49 16 49 49 34 49 34 16 33 49 12 16 18 49 48 49 36 49 9 24 14 18 0 22 21 16 29 14 11 6 25 49 49 28 1 49 7 49 30 49 21 49 16 4 43 31 49 27 28 18 37 6 49 25 33 10 49 13 37 49 6 49 49 49 49 16 49 39 7 22 
24 13 42 33 49 49 36 28 36 30 19 39 30 49 49 49 15 1 49 49 25 49 34 33 22 49 33 12 49 33 33 31 24 49 49 6 22 40 12 25 25 48 9 49 49 48 49 1 4 22 20 2 12 10 0 16 6 28 9 4 37 9 49 49 49 49 40 49 45 13 43 18 48 49 36 7 6 49 48 36 6 33 33 18 49 40 24 49 33 39 28 49 1 13 46 25 46 49 45 37 49 
34 40 43 28 49 19 49 30 3 27 3 10 49 13 49 42 40 49 49 49 49 31 49 4 42 49 6 18 49 1 19 37 49 49 10 27 45 49 31 30 1 15 49 27 6 49 37 10 49 27 12 31 30 7 9 0 18 21 14 28 19 28 4 49 36 49 49 49 30 45 34 15 30 25 43 34 30 6 36 13 43 33 39 36 49 3 12 10 12 48 49 34 34 21 49 3 40 24 36 49 37 
49 7 49 21 31 36 1 46 48 45 1 7 49 42 49 49 43 36 49 3 49 49 22 39 33 49 49 49 49 49 25 10 48 46 49 25 33 49 49 24 49 48 39 46 30 49 27 15 3 27 19 8 6 10 3 18 0 2 21 4 49 37 49 49 27 49 49 49 49 15 49 46 21 19 48 16 49 49 9 30 12 36 31 3 22 21 27 18 49 40 18 49 49 42 24 31 49 12 40 37 49 
31 46 13 21 49 18 43 9 46 49 33 49 21 31 49 34 24 24 42 49 49 49 16 30 36 25 37 30 49 3 15 49 48 46 43 45 37 33 1 49 18 37 1 49 39 40 27 49 45 37 2 29 29 30 22 18 17 0 17 14 25 27 13 42 18 3 6 49 42 49 49 28 7 49 21 30 21 3 49 28 39 42 21 33 49 49 19 49 22 49 49 16 12 28 10 45 49 49 25 49 37 
16 7 49 48 12 30 39 43 27 15 45 49 33 27 31 43 13 36 45 49 10 48 22 4 25 9 39 49 49 7 22 49 7 25 7 1 28 4 49 48 1 49 34 49 40 30 49 34 49 49 10 19 31 6 28 24 30 23 0 19 49 24 43 4 28 45 6 46 48 18 37 49 1 13 49 49 49 49 49 16 12 28 49 24 45 31 33 49 24 39 27 49 46 3 49 15 49 27 7 12 40 
10 49 49 49 49 12 49 46 34 21 24 40 33 34 49 49 1 49 43 49 12 37 42 49 40 33 49 28 16 48 7 46 18 3 49 49 49 49 31 27 49 1 15 27 49 39 9 16 49 49 22 24 0 32 0 16 8 18 21 0 49 43 15 21 45 18 49 7 49 49 49 28 49 49 49 19 10 43 1 49 30 49 19 18 19 16 49 34 49 48 49 22 49 6 4 15 10 49 49 49 49 
43 37 12 49 49 15 49 6 1 49 49 21 36 39 49 34 40 1 21 6 48 49 7 6 46 49 43 49 49 7 22 16 10 4 42 28 49 12 15 45 18 49 48 27 49 28 46 49 43 25 10 13 49 21 27 18 36 30 49 9 0 22 18 28 2 4 32 24 24 32 49 22 49 6 18 18 36 37 49 27 25 19 49 49 22 6 49 16 49 37 49 27 49 28 46 49 49 28 27 49 49 
49 25 13 49 49 48 28 49 28 49 10 12 28 28 34 28 37 16 9 1 49 43 49 19 18 49 36 49 4 18 7 6 13 49 49 43 49 31 49 3 42 49 28 18 49 49 21 33 49 30 34 49 48 49 27 18 25 9 48 1 9 0 5 32 14 7 22 9 32 21 49 48 13 49 49 25 49 49 36 49 49 49 19 40 31 36 16 48 16 10 49 24 49 4 46 49 43 25 10 49 49 
30 10 16 6 7 49 49 45 12 6 34 49 49 1 49 25 36 49 6 21 46 49 49 6 19 49 1 3 27 15 49 37 1 31 49 49 49 24 3 45 45 49 4 31 46 9 49 49 9 49 30 36 49 49 9 49 49 18 22 28 30 27 0 30 31 31 3 24 24 22 13 31 33 27 43 49 10 49 40 48 28 3 49 7 46 16 30 46 7 49 49 9 49 1 49 43 33 49 39 6 12 
21 15 24 49 43 40 30 37 49 49 42 49 21 24 4 49 15 49 49 3 45 34 33 33 18 46 49 19 6 36 4 49 45 45 40 31 49 7 9 6 6 49 33 30 49 49 49 34 49 3 49 49 49 27 49 49 27 12 48 13 23 10 14 0 32 14 2 15 23 0 6 10 45 25 40 49 49 49 49 6 9 49 49 15 49 46 49 49 24 42 49 28 43 49 48 22 39 46 7 27 49 
15 42 4 49 28 39 18 10 19 49 49 31 10 49 40 49 49 49 37 21 45 49 16 49 49 49 21 37 49 30 18 49 25 28 31 12 49 16 39 6 49 46 19 49 49 9 48 12 19 21 18 49 4 22 15 40 49 49 49 27 20 8 15 32 0 23 28 25 18 26 1 10 7 34 48 42 22 25 49 49 16 49 49 49 15 6 7 39 16 12 12 39 49 49 49 13 16 21 45 36 49 
36 49 16 46 49 45 49 27 49 25 13 28 12 49 49 16 49 19 49 49 10 13 18 31 48 49 49 4 49 49 48 18 43 49 10 49 36 48 31 49 49 42 49 28 49 1 49 4 49 49 39 49 34 40 49 49 49 49 21 48 5 11 6 6 32 0 18 32 18 13 31 49 49 45 49 49 49 33 49 37 40 13 25 27 49 7 49 49 22 28 10 22 49 49 22 1 43 3 36 49 49 
49 49 10 49 49 49 22 10 40 25 12 31 22 49 42 37 6 33 37 49 49 39 49 1 3 39 49 49 40 24 49 6 46 13 49 49 49 9 6 49 49 9 10 13 49 34 27 21 49 49 15 49 31 45 36 28 19 21 33 42 2 11 19 4 24 29 0 10 17 3 16 49 25 21 18 49 4 40 49 40 49 39 36 46 49 49 49 9 40 6 49 49 31 40 48 39 33 49 12 49 49 
46 34 34 49 37 40 10 49 18 48 49 30 48 12 12 16 49 36 49 31 28 40 49 27 49 45 49 49 49 18 49 4 10 42 49 16 42 15 27 9 25 28 36 13 49 49 3 40 49 1 45 34 49 37 49 49 30 4 49 24 14 16 4 8 24 12 18 0 21 22 4 49 9 48 49 49 39 37 49 45 49 49 49 10 6 15 10 39 21 49 6 49 46 49 49 49 33 25 12 12 9 
49 4 7 9 12 1 39 49 49 37 16 49 49 25 33 36 39 34 27 33 48 46 4 49 31 31 49 49 49 49 30 18 46 15 33 49 22 24 49 48 49 48 49 25 49 10 33 49 12 48 49 49 40 49 13 6 49 45 24 36 11 27 26 10 0 9 4 13 0 2 36 28 45 48 49 40 49 13 12 40 22 33 40 28 4 49 37 4 49 22 16 49 45 39 15 28 40 49 1 27 1 
1 4 31 21 42 49 48 49 49 18 49 49 30 49 49 49 7 49 39 49 49 36 31 42 49 43 49 49 49 45 3 33 49 36 49 49 37 10 34 49 16 40 48 12 49 7 46 22 30 49 40 3 19 48 39 39 4 42 46 1 18 20 27 4 31 26 22 29 5 0 7 40 1 10 31 15 16 18 9 18 49 48 15 21 49 40 19 49 49 12 49 4 49 49 40 15 31 28 6 43 6 
13 22 48 24 49 39 1 49 49 49 49 49 28 49 49 49 25 37 16 49 49 40 15 24 49 49 1 6 49 9 45 42 3 36 36 42 3 42 4 39 49 49 21 22 16 18 42 1 4 43 6 30 49 43 46 49 28 21 37 1 40 49 42 3 16 16 10 21 49 36 0 16 1 8 15 0 25 11 25 13 12 33 4 13 15 49 39 19 4 49 42 18 49 6 49 45 13 49 49 49 24 
49 49 16 19 28 49 25 24 18 49 9 49 34 49 39 49 13 46 37 24 12 49 46 33 37 49 16 1 25 10 4 18 31 49 49 34 49 48 28 19 49 49 3 15 28 12 49 49 49 27 33 42 42 3 49 36 37 49 13 49 45 49 9 34 42 49 13 49 36 28 30 0 32 10 8 14 16 32 4 8 7 36 16 40 45 15 49 3 18 49 4 42 10 49 49 43 30 27 49 15 40 
34 33 49 49 7 1 6 16 49 49 40 19 49 1 49 42 7 42 18 49 49 49 34 42 3 18 39 34 49 22 49 49 39 31 49 36 49 6 7 49 36 45 7 10 43 49 49 1 49 30 49 39 49 49 37 49 49 49 48 24 40 18 43 3 49 49 49 16 16 33 6 24 0 8 16 18 30 16 6 23 49 49 49 49 1 7 46 49 49 37 12 49 1 1 27 4 7 22 18 49 12 
49 39 9 46 49 24 21 13 3 3 24 45 37 49 43 28 36 49 49 4 37 24 43 16 24 16 36 28 24 21 49 33 49 21 21 36 39 6 49 49 21 49 6 15 49 42 45 16 1 48 27 25 1 19 25 36 49 12 43 39 22 33 12 49 19 27 15 22 49 25 28 32 31 0 10 4 23 28 25 5 19 49 43 9 21 49 49 39 49 31 40 49 49 3 49 12 49 49 40 49 49 
48 42 49 25 18 49 40 49 27 1 12 49 49 15 49 45 40 49 49 49 49 49 40 1 49 30 49 42 48 13 49 24 9 40 39 15 18 37 49 43 49 13 31 18 28 49 6 12 37 45 42 30 49 10 22 49 16 48 7 19 21 24 49 39 49 4 48 18 49 15 19 11 14 7 0 22 14 22 2 7 49 49 49 31 31 7 49 19 49 28 49 34 49 22 39 30 43 33 34 49 16 
24 49 49 13 49 49 39 49 16 49 12 49 22 49 24 4 49 48 3 21 49 7 49 16 43 49 12 49 49 27 49 49 49 49 30 49 49 49 48 49 25 49 34 15 49 6 3 46 40 49 43 49 43 49 34 37 49 46 19 46 37 45 33 49 49 34 49 43 49 49 8 32 25 10 2 0 15 19 16 22 7 1 7 12 39 18 7 22 49 42 49 10 49 49 3 27 45 6 3 12 49 
10 42 4 49 27 24 10 27 43 30 49 46 42 49 21 49 49 13 49 24 30 4 49 22 49 6 49 37 24 40 49 49 49 49 49 37 45 10 49 49 15 49 10 6 6 36 31 37 13 21 4 9 4 33 49 28 9 49 49 49 49 27 49 7 49 3 49 36 49 33 17 28 20 2 14 8 0 28 20 2 43 22 49 49 21 49 45 49 49 7 3 49 49 30 3 49 31 49 6 49 25 
49 49 49 49 28 49 49 12 16 4 7 1 49 7 48 49 49 49 1 46 49 39 49 49 49 49 12 10 28 49 36 25 49 13 48 27 49 9 49 49 33 31 12 49 7 39 49 3 49 49 12 49 49 48 48 37 22 45 49 13 49 49 36 30 42 49 9 36 49 49 6 5 12 31 20 5 20 0 16 4 37 16 21 7 49 45 49 18 1 28 49 49 3 4 1 39 7 19 49 27 21 
12 49 18 24 49 49 49 49 49 43 49 25 36 46 48 49 13 39 18 34 49 28 12 49 49 24 49 9 4 49 49 16 9 49 1 31 49 39 49 6 4 49 49 49 3 1 6 1 39 49 49 25 49 49 34 4 40 49 33 37 43 16 27 49 22 49 34 49 49 49 14 20 6 32 25 1 10 14 0 28 49 27 1 24 40 19 49 45 15 19 13 49 48 49 49 43 7 15 30 49 49 
21 30 6 18 49 6 46 49 37 49 49 49 49 49 45 49 46 49 1 3 34 49 22 49 49 49 42 10 37 6 25 36 24 31 18 19 49 15 49 3 31 10 49 27 49 37 19 22 49 39 49 13 49 9 27 45 49 21 24 49 42 1 49 46 15 37 48 45 34 46 15 11 20 2 26 4 12 20 9 0 46 19 49 49 21 37 49 13 4 19 43 49 30 7 6 33 36 13 12 34 43 
49 12 24 9 49 46 42 15 48 49 49 25 15 6 27 16 49 18 21 39 31 1 49 13 22 49 49 49 49 49 24 6 49 49 19 49 39 7 49 49 10 49 42 13 24 49 49 19 49 24 49 4 49 18 4 10 49 42 30 27 34 49 1 12 49 6 49 24 6 49 7 16 49 49 49 36 49 30 40 40 0 3 31 11 26 23 5 15 4 28 7 27 34 34 19 49 49 16 48 24 10 
49 40 18 39 1 13 16 1 49 43 1 42 4 9 7 49 49 43 33 3 27 49 19 3 49 30 49 10 7 40 13 3 49 7 21 28 49 39 49 49 49 49 15 9 30 21 49 3 49 48 49 43 7 48 18 18 43 4 16 15 49 49 9 9 49 49 49 49 46 49 1 31 49 9 9 37 22 36 49 49 12 0 15 22 20 12 30 17 10 7 24 30 28 40 45 24 49 9 9 6 49 
34 34 36 49 19 49 15 21 1 49 49 28 6 49 9 15 9 49 24 49 12 49 3 3 49 49 49 49 42 18 42 49 9 49 31 25 42 12 31 49 42 42 37 30 37 21 40 33 49 49 49 24 31 18 49 21 31 46 22 49 36 37 25 22 7 33 31 49 7 49 9 27 49 49 49 45 30 12 30 28 26 22 0 30 13 31 8 26 6 2 3 36 49 12 49 49 22 12 22 45 46 
49 1 49 45 37 36 49 49 49 40 16 12 40 12 1 48 9 16 33 9 34 49 19 6 24 36 49 3 15 49 49 31 19 49 16 15 34 27 3 34 49 45 49 43 49 49 33 49 36 49 22 49 49 15 49 49 40 19 22 10 33 7 1 1 36 43 27 22 49 49 49 49 49 25 10 36 43 12 28 28 24 10 32 0 30 16 25 25 4 24 7 1 49 25 31 49 10 31 49 49 43 
49 39 27 37 6 6 28 19 21 49 49 48 49 37 31 49 49 46 22 49 48 45 25 9 3 4 49 49 49 31 34 49 49 49 27 48 13 7 49 6 43 4 9 31 49 49 45 22 49 49 43 31 6 1 1 43 49 46 27 48 49 49 49 49 18 28 28 21 49 28 49 10 49 27 6 49 27 49 49 22 3 14 24 4 0 10 18 32 8 32 3 3 16 33 49 49 3 49 1 33 49 
13 49 49 43 25 34 42 7 49 49 33 37 27 25 31 49 49 34 16 49 49 21 36 49 40 28 49 30 3 49 49 36 18 49 19 49 49 42 49 49 49 49 13 3 49 31 49 49 3 24 49 49 49 7 31 34 49 12 9 10 7 33 49 18 27 16 16 49 6 49 24 30 34 13 49 28 49 30 46 49 20 25 29 22 9 0 6 26 21 19 49 46 7 10 49 18 49 6 49 49 25 
3 49 49 21 7 49 49 34 24 9 4 49 13 28 49 49 15 49 36 49 36 49 40 46 46 10 42 42 9 49 49 31 49 13 34 40 24 43 16 33 12 10 46 49 34 49 22 25 40 27 49 30 49 49 7 4 34 36 12 3 49 39 48 27 3 37 30 49 18 9 42 48 42 9 4 33 4 34 9 7 9 20 28 9 16 20 0 12 26 10 49 49 10 49 49 49 34 43 49 46 49 
13 49 36 9 49 4 49 4 49 49 7 31 49 10 39 1 16 13 36 34 13 10 39 49 31 49 16 15 1 49 4 49 3 28 49 49 49 46 22 49 12 4 49 9 30 7 49 27 49 24 18 46 49 49 10 3 49 9 19 6 24 48 49 40 7 15 49 34 42 12 45 30 31 49 49 49 6 40 36 45 20 7 11 10 10 32 31 0 20 12 49 49 3 34 49 3 46 46 49 48 37 
49 9 33 21 31 46 22 49 16 19 33 7 49 3 3 49 49 49 33 1 3 3 49 22 22 49 49 49 49 30 43 49 7 46 7 15 33 34 49 25 39 49 36 49 18 1 46 30 27 30 31 36 27 49 22 49 12 19 49 46 48 12 34 49 1 24 49 22 49 19 49 28 30 36 49 4 40 27 12 16 28 30 2 20 2 10 8 17 0 0 49 13 3 4 49 49 19 49 49 49 19 
49 49 49 49 16 1 16 42 22 49 33 49 4 43 49 31 49 22 25 10 40 49 18 4 39 48 10 36 1 34 12 49 34 24 27 49 34 45 4 25 49 4 49 22 46 49 49 36 15 40 37 30 7 40 42 46 49 46 34 1 49 45 1 49 30 49 49 46 18 1 34 9 34 40 49 19 49 49 12 49 17 10 10 12 0 13 30 22 20 0 39 16 49 43 43 49 49 49 31 43 25 
49 42 36 27 10 4 49 10 18 49 49 12 37 49 42 18 49 18 10 9 15 6 49 12 19 16 9 46 10 30 49 49 49 49 46 49 21 25 40 49 49 39 40 49 27 49 49 49 4 49 49 6 49 49 49 33 49 49 9 13 12 49 49 49 3 31 9 49 49 49 34 49 4 9 49 49 25 4 10 28 10 49 16 15 7 49 10 19 15 40 0 6 14 22 16 14 20 10 30 6 24 
1 37 16 40 48 49 46 1 49 49 43 49 49 18 4 10 6 49 33 49 49 49 49 49 49 36 42 49 46 30 49 25 30 31 39 28 49 49 21 3 45 6 24 18 49 33 49 34 49 36 49 49 49 42 36 49 49 31 40 24 49 28 22 10 46 15 21 15 49 49 12 4 49 49 49 24 12 49 49 49 49 12 49 49 31 43 40 49 22 43 28 0 13 17 26 24 1 16 13 21 42 
28 49 27 49 49 49 49 40 22 24 24 49 10 6 3 21 40 49 22 36 1 49 19 34 1 49 49 49 37 49 21 49 49 46 49 45 49 46 48 49 33 49 30 3 49 49 46 49 49 49 49 21 27 49 1 49 49 13 49 31 49 21 48 25 18 49 18 3 49 49 39 49 49 33 49 19 30 49 15 21 12 34 49 33 49 27 49 49 34 19 30 17 0 12 10 9 21 29 8 20 27 
49 31 49 49 45 49 49 9 49 49 31 12 15 46 43 49 49 18 16 49 49 48 49 9 19 37 36 49 9 9 49 49 39 13 49 16 34 45 24 12 34 48 49 22 43 49 49 15 49 48 48 40 49 49 40 39 48 25 46 45 4 49 39 24 30 49 49 48 49 18 49 33 19 40 49 49 21 40 49 19 49 16 49 1 12 37 16 3 30 16 16 28 28 0 22 21 7 23 24 20 7 
37 12 18 33 1 21 49 4 49 49 21 28 28 49 49 15 49 30 4 49 28 22 13 49 36 6 37 39 34 16 49 16 15 49 12 7 30 42 49 10 49 49 49 48 49 21 31 4 7 49 49 49 15 10 49 12 24 24 9 49 49 31 45 37 36 1 30 31 48 13 28 31 49 49 4 18 28 40 49 12 19 3 43 3 49 25 27 45 24 13 24 16 26 2 0 12 6 22 7 9 33 
48 21 6 49 49 49 49 12 49 49 1 49 49 48 43 49 36 33 42 28 49 49 4 13 13 37 49 25 48 40 49 49 49 3 27 49 49 49 13 40 24 49 37 33 39 49 49 49 49 49 6 9 16 31 12 22 16 49 13 24 49 42 49 13 34 12 49 22 22 27 39 24 49 6 37 49 22 49 36 49 7 39 43 48 36 40 1 46 9 36 28 24 26 17 22 0 4 2 32 15 49 
6 12 1 31 49 49 19 43 49 7 36 33 49 49 49 34 49 22 36 49 18 6 33 49 27 49 31 49 49 21 16 49 48 22 49 18 13 13 49 49 22 42 16 49 6 49 7 49 49 18 49 37 49 49 22 49 25 49 37 13 36 31 48 49 24 49 46 19 37 9 49 27 31 1 49 21 21 19 49 42 45 37 22 19 19 25 49 27 49 49 6 8 1 27 22 28 0 19 29 2 19 
15 48 49 24 43 49 7 49 4 13 49 49 30 49 43 48 49 49 49 48 31 3 49 49 4 49 49 49 45 40 13 19 49 49 49 46 49 22 49 22 49 49 40 33 49 45 19 46 48 42 7 49 48 46 30 49 7 22 7 49 16 45 49 40 49 49 46 10 1 33 49 16 21 13 12 49 49 15 45 4 49 46 7 22 49 45 45 34 34 49 21 27 30 10 12 28 6 0 13 8 49 
1 49 49 6 27 49 36 39 49 39 45 39 48 48 43 22 49 10 37 49 49 9 49 49 13 49 28 22 48 40 3 36 43 13 46 49 7 49 16 40 22 10 19 31 12 16 49 49 49 49 49 30 16 34 49 7 25 9 49 28 49 49 16 28 49 49 31 49 49 33 25 6 49 49 21 46 49 12 36 36 36 49 49 49 49 49 22 4 49 45 2 16 10 20 24 8 5 12 0 19 27 
39 15 28 42 49 33 22 27 42 49 49 24 49 4 49 34 30 49 16 49 40 39 49 33 1 49 1 22 3 49 36 49 37 21 4 15 4 37 49 49 48 12 49 49 49 49 25 49 28 49 30 49 22 7 21 30 49 49 9 15 31 43 49 9 49 49 15 30 39 48 6 42 4 46 3 48 10 34 34 48 19 42 49 49 49 46 49 10 48 49 2 18 8 8 21 8 31 6 3 0 49 
49 49 4 40 49 7 3 28 49 27 34 49 49 19 45 1 13 19 43 49 36 18 3 36 10 1 49 42 24 30 34 49 13 19 49 9 39 49 6 49 15 1 49 49 49 6 21 6 49 28 24 31 45 6 49 34 25 28 49 18 30 49 30 36 49 6 24 1 49 49 49 49 49 18 30 24 49 49 49 49 49 49 30 49 49 3 49 15 49 39 30 21 49 48 28 49 45 49 49 49 0 
