n: 100
m: 8
Pi:U[1-99] 20 51 69 38 42 25 10 54 63 79 42 37 40 70 37 88 70 56 10 83 22 41 83 51 32 7 70 98 99 8 20 17 97 8 14 75 99 51 17 36 2 64 76 73 50 69 97 80 89 28 15 38 52 91 40 43 56 59 6 68 65 59 93 16 68 8 6 66 86 43 86 23 29 34 2 91 65 96 57 28 50 87 16 14 43 65 11 73 25 21 92 19 42 46 72 61 13 38 44 91 
Si:U[1-49]
0 4 49 49 23 33 22 20 5 37 35 25 7 27 41 20 44 26 24 12 47 43 37 37 1 8 33 43 14 5 49 10 40 18 43 7 30 5 19 47 32 20 43 14 22 38 19 21 37 12 7 45 30 26 12 8 25 10 25 49 22 40 41 30 12 34 39 39 6 32 36 40 40 27 22 31 41 28 36 18 23 32 21 30 2 3 14 38 22 44 21 48 6 45 8 23 22 8 47 13 27 
49 0 18 4 18 11 12 41 18 11 46 21 37 16 20 36 5 30 25 16 39 7 7 49 5 22 43 15 13 14 8 13 34 23 40 15 43 16 33 42 15 4 35 9 41 34 13 16 30 6 31 31 38 37 49 44 10 43 27 6 21 43 39 41 2 35 33 1 8 45 22 30 48 47 3 49 48 19 19 39 29 14 15 48 39 43 27 30 48 1 24 40 45 24 41 49 3 43 23 4 10 
6 6 0 43 14 28 39 7 2 10 15 2 19 5 49 31 36 43 27 36 20 20 30 17 9 1 39 46 14 41 22 25 24 37 9 42 11 18 10 28 21 22 18 34 7 40 23 17 29 6 27 35 37 3 27 22 41 39 19 35 12 19 31 3 19 17 43 13 43 32 2 34 37 10 3 33 6 13 23 40 11 4 47 20 25 18 10 48 41 7 17 47 44 39 9 39 25 21 37 3 16 
26 43 17 0 49 11 16 14 15 48 5 11 27 39 18 47 23 6 16 42 17 3 15 49 1 18 1 8 18 45 42 8 2 18 21 43 20 29 46 26 32 9 17 8 35 3 24 29 48 16 7 18 8 26 4 3 20 43 45 26 37 40 21 7 16 43 22 12 47 42 10 2 24 30 49 25 37 33 25 19 45 43 14 49 9 38 34 3 49 49 34 35 16 23 15 27 8 18 33 6 24 
7 14 11 18 0 43 34 43 5 38 38 37 39 11 46 35 25 37 30 22 11 20 9 11 15 11 20 11 31 23 44 34 6 18 36 29 37 40 15 36 21 44 9 4 33 29 11 26 46 6 22 47 39 46 42 30 1 12 11 25 32 31 31 12 39 23 27 44 2 26 11 38 7 31 13 45 23 9 12 39 19 10 21 39 14 20 32 12 33 20 30 10 19 39 15 49 41 11 31 24 36 
40 11 44 45 32 0 9 49 48 21 23 45 6 11 14 47 11 10 36 18 27 19 49 12 39 32 7 20 18 11 23 47 40 24 12 28 41 28 27 36 30 8 24 1 7 24 24 16 14 11 18 45 37 23 9 22 20 46 37 36 28 24 16 43 4 26 48 33 15 46 17 44 44 34 7 41 34 17 6 34 25 10 6 22 49 47 46 27 44 28 41 6 42 21 36 5 46 30 18 37 9 
22 17 43 48 45 35 0 7 26 21 34 7 11 29 40 29 18 14 40 34 13 27 35 25 13 40 26 47 37 40 24 36 29 46 4 38 10 28 19 13 3 12 48 18 25 24 5 38 42 35 23 2 29 44 38 13 31 12 9 24 3 24 21 4 19 15 1 8 38 16 14 32 30 24 21 1 47 42 11 36 47 3 45 38 21 1 28 32 12 3 42 40 37 21 6 16 32 11 37 2 23 
29 17 18 11 13 43 6 0 1 32 10 37 1 23 2 44 42 30 47 39 18 14 5 14 30 12 42 11 3 2 23 11 23 40 7 30 30 15 20 49 49 24 13 46 32 13 44 49 49 35 42 4 3 19 29 19 45 8 41 38 27 10 22 21 15 45 47 9 40 29 9 39 38 11 48 9 26 28 23 19 32 31 37 30 33 6 19 39 35 28 33 27 42 28 45 40 36 13 9 3 11 
8 47 26 21 10 31 3 26 0 2 21 37 37 41 30 10 19 28 30 23 31 7 16 37 12 17 17 22 1 6 41 19 41 32 37 7 47 18 20 20 13 39 9 46 19 11 5 35 18 33 6 41 4 46 24 48 11 27 15 29 38 34 47 42 9 5 2 13 24 7 43 19 31 36 30 34 28 15 12 17 33 3 41 21 15 17 5 43 23 41 32 6 47 41 26 29 15 7 2 29 41 
48 22 44 17 46 5 38 41 22 0 11 20 21 19 30 1 47 12 39 42 13 41 15 12 37 49 22 2 47 1 47 15 26 29 8 46 7 44 35 25 10 17 1 22 42 8 15 47 10 29 48 17 28 7 16 27 44 18 29 17 18 31 42 35 43 18 3 27 12 20 46 38 35 40 22 49 39 48 44 13 21 5 11 6 21 31 22 34 47 10 44 15 4 42 24 13 42 23 11 21 29 
49 14 12 17 9 49 41 31 41 23 0 28 2 6 22 26 22 16 2 3 10 30 13 41 1 27 17 20 33 38 29 1 14 49 14 42 3 2 40 36 13 21 45 6 40 8 14 24 8 15 48 26 37 11 13 27 23 17 28 42 27 41 14 5 9 36 12 42 10 40 35 19 40 19 32 33 29 47 49 41 45 11 32 47 1 45 32 43 17 26 28 35 32 42 14 30 8 38 40 12 9 
4 34 49 49 48 25 41 46 5 23 7 0 47 29 15 23 30 40 20 35 8 9 45 47 21 21 12 36 45 31 23 28 45 2 16 38 36 19 29 12 27 24 26 10 18 27 29 34 14 4 40 3 15 32 45 29 12 41 13 37 26 22 21 6 1 30 19 39 48 43 4 44 2 14 33 22 31 32 14 43 22 28 48 43 48 32 43 13 8 48 37 12 47 45 16 15 12 8 45 48 16 
48 36 48 38 1 30 2 3 19 36 43 23 0 23 6 39 34 22 35 7 23 28 32 1 11 27 37 34 33 32 5 2 10 48 17 45 22 41 9 32 25 22 47 23 25 28 17 34 12 35 45 48 40 32 3 6 44 40 15 44 22 25 24 20 48 47 39 21 22 6 46 5 3 13 24 9 2 21 18 22 30 40 36 13 44 16 29 43 45 4 26 45 25 38 27 3 42 28 7 32 31 
9 16 12 12 43 27 41 44 28 16 18 33 31 0 28 6 17 32 19 7 3 46 46 8 22 22 2 27 3 49 36 5 19 49 44 46 3 4 16 28 5 48 12 2 40 16 34 27 31 32 30 3 40 32 5 25 41 46 18 39 23 28 33 31 23 32 1 33 41 15 8 36 22 20 14 2 12 21 5 25 23 28 10 41 7 34 48 39 46 39 1 22 21 40 2 13 10 11 32 35 8 
19 45 44 46 47 14 10 4 33 44 48 7 47 35 0 8 16 11 34 7 45 13 8 10 32 35 11 1 8 28 48 36 49 1 45 47 43 35 37 47 23 21 7 16 25 22 19 38 13 22 19 15 3 19 18 3 21 38 26 13 16 38 19 39 28 40 41 42 9 41 9 42 49 4 18 46 7 30 47 18 6 14 45 47 15 21 47 35 7 29 30 7 3 5 2 6 34 19 46 19 13 
6 42 7 3 45 38 18 29 34 12 17 48 10 28 13 0 41 11 13 47 5 47 5 47 24 35 17 41 47 3 46 17 49 36 2 21 43 5 8 24 11 28 11 14 48 38 2 35 13 17 7 27 27 25 45 39 13 4 28 7 9 27 32 2 40 30 35 1 14 4 22 23 34 21 44 42 46 3 45 16 11 16 14 26 46 11 20 24 1 28 42 42 19 21 6 49 5 35 7 35 25 
23 9 36 29 29 45 29 42 43 46 36 40 23 43 47 35 0 20 7 16 26 36 49 25 41 30 22 28 3 24 28 42 2 37 49 47 2 34 1 18 2 28 1 35 8 26 18 5 37 20 26 13 48 31 40 45 1 27 48 46 37 46 21 20 46 17 20 9 32 29 45 15 37 16 25 38 17 36 23 38 21 16 42 32 44 44 21 2 39 44 49 38 46 28 3 32 20 26 46 41 27 
7 9 45 35 2 22 1 20 31 45 1 6 19 40 8 12 39 0 19 21 43 45 35 42 42 44 21 25 24 19 7 32 34 24 29 37 20 24 35 45 30 40 48 17 36 44 3 19 44 35 30 1 22 27 43 18 27 25 26 40 12 23 41 46 42 9 31 6 15 3 10 41 47 6 19 22 17 12 1 22 2 9 41 24 36 16 33 6 46 19 19 16 30 29 20 40 2 19 41 30 12 
32 2 20 29 19 30 26 30 41 32 16 17 4 22 20 11 38 28 0 49 49 45 4 23 40 48 44 37 19 16 31 20 10 44 39 25 16 23 3 6 44 7 21 22 42 29 41 35 16 27 14 43 9 35 23 14 12 14 47 42 19 36 18 39 10 3 39 3 26 32 45 21 28 17 16 28 23 43 9 13 13 15 17 15 42 27 1 22 24 26 45 36 32 34 38 10 27 36 48 49 34 
42 12 9 47 49 14 36 40 7 30 43 17 36 49 3 24 4 38 43 0 35 28 8 25 3 43 25 16 49 31 20 3 38 15 4 49 48 14 27 26 2 36 36 16 6 33 28 38 36 21 47 16 34 45 47 22 42 7 22 11 15 17 18 15 49 19 2 11 9 19 28 1 23 37 49 40 28 22 26 8 49 43 16 35 3 43 28 23 9 21 3 48 47 15 20 29 6 5 30 15 3 
21 28 16 21 23 20 5 40 4 42 28 7 43 7 37 5 3 9 33 19 0 47 49 22 29 17 43 11 27 20 30 8 23 13 31 25 27 34 11 39 1 35 9 14 31 34 14 27 45 35 1 13 16 20 49 26 37 22 9 19 35 29 42 22 45 20 20 25 8 14 17 2 24 11 38 17 22 44 25 1 21 30 40 3 11 5 39 12 37 36 37 23 32 27 18 27 7 44 17 3 5 
7 26 27 38 11 36 32 42 39 8 49 20 46 8 29 21 49 19 9 19 4 0 37 42 20 39 24 3 20 47 6 21 38 15 16 9 32 3 33 2 46 32 43 22 3 36 25 2 7 34 47 35 27 26 47 7 48 36 34 19 46 17 39 4 20 33 2 41 29 38 24 28 27 24 36 45 10 36 28 1 12 23 7 38 22 45 46 39 19 21 25 12 47 20 14 27 9 43 11 32 35 
13 35 17 1 27 3 29 25 24 41 48 34 26 43 3 1 43 35 2 48 11 5 0 13 14 15 39 14 42 16 40 30 19 17 24 21 4 22 13 22 5 23 35 7 3 37 28 1 17 16 43 5 6 48 43 19 40 26 12 26 40 45 24 17 16 21 40 13 29 37 43 7 36 15 15 48 13 23 5 24 12 21 36 16 20 18 44 40 44 10 47 10 31 12 45 19 1 46 16 17 23 
19 31 15 12 33 1 3 48 11 18 18 29 28 3 41 29 38 42 24 36 44 12 23 0 37 10 20 14 3 33 4 42 32 36 22 36 49 21 41 3 13 47 29 41 37 33 1 48 2 2 10 30 42 6 2 40 21 9 41 39 23 16 43 42 46 44 27 8 16 23 6 18 11 6 36 27 18 27 49 22 5 9 14 34 39 29 7 2 36 14 39 7 31 14 38 30 20 41 18 48 18 
32 22 46 49 44 39 1 6 4 25 32 43 25 2 28 48 4 4 3 41 5 49 49 48 0 47 49 41 36 29 26 12 38 19 43 24 39 16 27 8 33 41 26 34 22 32 33 37 34 2 30 12 18 5 5 5 42 36 15 18 48 15 45 41 24 12 27 7 9 40 16 45 5 39 6 7 21 42 10 10 2 38 29 26 31 8 34 9 15 11 15 6 49 18 23 21 19 4 48 44 33 
36 8 43 43 17 14 49 9 4 1 32 45 47 32 39 3 34 40 7 41 33 38 12 12 25 0 39 21 25 6 3 44 46 47 1 28 44 6 18 7 35 15 34 26 31 2 4 47 27 11 47 7 17 2 18 6 27 39 4 1 9 31 40 8 3 37 19 26 35 10 13 21 2 13 4 32 35 38 21 13 19 25 45 44 31 5 7 34 37 34 7 43 21 36 8 29 48 29 40 7 25 
44 16 21 44 29 2 6 15 41 18 18 45 36 7 22 31 16 9 43 42 40 38 24 6 4 32 0 31 13 13 47 39 24 23 15 41 25 24 11 21 21 43 10 40 33 17 38 4 40 38 27 4 18 34 10 43 39 26 4 41 35 4 26 42 21 20 43 33 49 35 10 5 32 39 49 46 44 42 48 30 7 36 42 46 19 24 29 41 10 48 29 24 37 12 25 43 33 2 14 2 19 
9 20 12 42 7 3 2 36 38 28 25 28 5 6 12 19 16 41 39 42 11 5 47 18 19 21 46 0 24 4 46 44 16 24 26 27 24 12 11 39 2 3 28 43 37 1 42 12 46 20 38 16 3 2 24 15 12 15 21 11 48 43 43 8 28 4 46 4 40 45 37 40 16 37 24 10 49 6 24 13 49 27 36 30 28 6 16 16 5 10 9 21 39 39 4 38 24 8 36 33 15 
38 43 38 16 18 12 49 10 16 44 42 6 27 22 36 46 2 34 37 46 47 47 29 43 4 10 15 47 0 8 39 17 30 9 27 5 41 38 23 49 38 12 13 8 45 20 24 49 34 41 8 40 45 21 14 19 32 2 44 47 7 17 7 4 26 1 28 4 8 43 21 48 8 35 1 22 12 30 46 4 39 21 6 37 31 12 26 15 20 36 33 17 13 40 7 49 11 1 39 39 18 
25 1 49 24 2 33 49 7 24 37 17 42 13 18 28 44 24 36 5 28 6 42 41 22 44 47 34 37 49 0 26 10 49 8 4 14 23 26 26 42 41 41 2 36 24 37 48 41 44 30 44 14 25 35 4 21 11 22 26 21 6 12 49 23 24 15 30 41 22 1 14 48 40 39 33 41 14 35 2 4 33 25 19 31 13 43 2 39 42 8 20 9 12 31 24 16 33 42 34 30 38 
23 15 15 47 1 5 18 35 14 3 17 48 21 11 30 4 22 43 23 32 40 20 29 7 20 42 49 17 38 15 0 39 24 9 10 46 28 3 44 24 21 46 7 45 35 5 3 47 41 4 19 27 14 7 16 8 22 31 30 33 46 11 18 34 39 34 30 19 13 29 33 7 32 25 33 21 39 12 4 19 14 9 11 41 3 20 45 28 7 40 10 32 7 32 4 32 32 41 32 27 40 
12 20 4 1 21 8 3 9 6 45 19 32 2 8 4 39 1 9 43 16 12 46 45 34 8 37 19 29 11 6 38 0 27 21 43 46 46 7 13 21 7 49 4 25 15 1 49 22 9 36 16 23 37 11 39 42 30 12 1 13 47 40 46 34 17 4 26 44 41 36 2 35 9 43 24 40 44 24 39 41 19 15 41 39 25 18 19 3 6 43 10 29 38 40 21 5 45 30 30 37 45 
41 3 32 37 38 12 7 5 19 21 18 39 36 10 25 37 47 11 18 42 45 12 17 6 11 49 15 5 11 26 13 26 0 12 45 41 48 43 30 31 24 40 46 38 43 37 18 18 47 24 8 11 30 19 41 29 23 27 6 1 16 27 42 30 22 40 45 12 45 35 12 30 5 43 4 35 39 8 31 42 20 46 43 22 10 33 42 33 16 15 49 31 23 30 37 22 37 42 28 2 38 
47 41 6 15 13 26 23 37 43 17 40 47 48 16 4 10 35 46 33 38 12 41 15 19 4 49 13 13 3 17 18 16 35 0 14 8 17 49 38 28 38 22 23 20 15 36 30 25 3 17 41 19 35 30 6 40 24 36 32 15 25 28 19 3 24 8 31 31 7 47 12 33 38 1 12 29 26 14 18 1 17 18 24 46 10 37 22 18 41 2 24 5 38 6 5 26 17 21 6 38 1 
9 2 19 3 25 35 35 43 4 48 49 11 38 1 32 36 35 22 2 9 18 9 24 23 10 5 20 45 36 25 34 18 27 43 0 31 44 49 19 35 29 32 49 47 31 3 35 2 39 12 22 14 2 17 48 6 33 30 47 15 25 25 19 37 2 4 12 24 24 37 28 2 32 13 41 10 40 25 5 10 40 39 41 36 45 47 49 14 22 38 7 31 44 39 36 13 15 21 8 35 49 
24 38 8 13 18 23 32 48 10 48 45 36 46 3 4 30 1 34 13 13 39 12 40 47 45 39 9 19 30 20 37 41 45 34 16 0 15 22 18 33 14 35 38 26 2 25 18 36 9 42 48 47 30 23 16 29 32 17 41 41 38 1 2 32 44 32 27 15 42 35 47 25 39 16 19 37 40 33 19 41 41 26 46 9 1 15 15 13 24 9 7 16 11 42 38 10 22 30 41 36 40 
39 47 40 30 44 9 28 48 11 20 35 9 45 6 11 16 24 20 12 26 1 17 46 46 21 44 26 22 43 48 38 27 2 12 29 6 0 47 44 47 40 16 20 36 45 19 3 28 43 1 9 44 7 37 26 30 32 40 30 31 43 17 33 2 11 13 43 42 49 34 28 18 29 46 16 5 19 47 9 49 32 31 47 34 19 49 24 30 44 29 30 9 9 14 47 37 9 19 12 38 25 
32 21 16 11 8 18 28 37 23 21 22 22 41 35 27 9 36 22 22 9 13 40 12 36 47 19 38 42 5 13 20 49 20 4 33 5 18 0 18 20 26 6 4 20 37 39 25 43 32 34 29 19 20 39 27 26 21 18 4 35 3 43 41 26 30 29 47 23 40 13 16 20 22 13 23 16 12 41 32 34 8 41 5 15 49 48 21 31 44 1 15 11 39 21 33 38 36 48 10 46 25 
6 8 21 43 27 22 28 22 11 41 3 45 48 16 14 26 32 34 5 15 36 20 27 33 37 26 34 4 25 29 30 48 4 15 13 24 26 47 0 5 41 41 5 17 17 49 2 6 48 3 45 24 38 13 21 44 46 38 43 42 16 41 22 17 29 5 23 17 14 12 45 48 42 36 9 14 36 18 42 15 43 32 22 38 29 36 6 28 45 14 43 19 24 28 6 40 34 49 49 40 23 
29 9 38 41 47 2 12 35 20 3 1 4 3 26 13 18 4 27 10 25 22 1 30 44 21 18 22 20 20 3 40 6 9 14 5 1 40 9 9 0 12 34 1 17 38 38 44 33 14 32 43 11 20 22 5 6 8 38 31 37 37 20 39 25 26 12 39 32 5 35 18 24 21 12 30 19 41 15 48 30 16 47 26 11 47 49 30 40 35 31 41 7 28 13 8 20 11 34 13 17 24 
4 38 40 26 18 48 23 19 44 1 6 35 31 19 35 40 27 26 9 27 12 19 26 12 24 14 39 9 30 42 10 13 3 22 8 15 8 42 18 20 0 12 44 9 30 33 29 47 49 38 30 34 29 43 27 31 23 20 41 20 46 38 24 21 38 21 1 48 8 29 22 11 4 21 26 16 5 44 47 1 44 9 7 31 5 27 31 15 38 24 40 13 8 35 19 26 40 48 2 8 16 
22 11 1 38 25 21 11 4 23 46 1 44 39 36 37 2 27 47 11 46 7 19 7 42 18 15 3 31 48 36 3 19 5 6 5 42 44 41 34 28 25 0 5 15 14 24 44 8 47 25 24 23 19 11 16 6 2 9 32 41 24 6 32 45 14 3 49 29 1 19 39 28 37 41 9 12 49 29 8 28 47 22 40 14 20 37 17 22 6 3 14 29 13 35 16 13 20 16 13 35 36 
8 5 8 39 47 20 3 33 37 21 16 47 13 38 20 32 22 42 42 7 16 34 24 44 20 44 42 20 13 26 28 45 16 43 6 16 21 33 26 12 20 1 0 11 18 4 46 10 27 47 23 39 28 17 25 33 10 33 21 22 45 38 35 48 22 17 18 17 31 40 14 47 43 49 35 44 34 26 19 30 43 29 22 34 33 49 39 20 39 42 36 46 5 42 10 43 35 33 9 10 18 
32 16 26 28 19 46 12 18 23 44 36 32 45 36 27 20 1 1 14 23 42 46 17 13 39 31 29 7 43 5 25 46 4 3 48 48 42 49 37 8 39 34 22 0 23 14 21 6 28 30 20 24 17 23 8 8 5 18 2 3 10 2 48 13 11 31 9 47 13 1 34 20 2 49 48 1 41 38 4 34 13 33 23 33 15 14 46 32 22 9 27 17 18 6 40 48 10 19 17 9 13 
33 35 19 23 6 17 3 22 42 28 43 44 20 42 16 43 18 4 40 2 21 28 4 9 37 49 36 1 29 33 46 39 40 10 35 21 1 42 42 23 44 12 18 9 0 49 37 12 3 15 1 20 7 47 49 46 17 33 3 33 41 42 34 45 47 41 23 28 12 48 40 5 3 44 5 6 17 9 19 45 8 37 35 32 8 30 48 8 28 20 17 37 2 30 29 2 4 27 5 29 36 
36 7 39 20 15 12 48 36 34 12 1 32 24 37 35 16 46 2 28 22 6 16 6 42 48 37 7 38 25 35 47 33 38 4 14 11 7 25 2 49 31 2 42 27 28 0 47 29 14 44 47 9 7 20 38 45 41 40 13 32 36 43 8 37 6 46 45 41 39 36 46 3 23 48 27 12 5 8 49 35 10 43 33 10 15 49 15 21 7 41 9 1 13 13 26 25 30 26 21 28 13 
2 2 27 21 5 26 29 25 40 8 46 29 28 15 18 36 28 30 42 45 5 47 19 29 13 26 25 14 48 17 4 22 43 33 33 19 23 34 18 12 1 31 28 14 38 24 0 5 21 13 17 11 20 34 27 36 49 12 22 20 47 29 34 7 14 26 9 14 43 25 35 16 28 49 30 46 23 7 16 48 22 19 1 44 7 34 18 10 26 39 33 38 12 2 46 27 1 9 13 17 47 
47 20 46 25 9 24 16 21 37 41 9 2 33 10 34 36 24 18 25 14 39 16 49 22 49 48 4 34 35 29 18 24 36 19 47 40 43 38 30 9 25 39 19 34 30 2 27 0 25 10 5 33 25 28 18 37 37 17 13 10 27 12 37 27 21 36 39 4 41 22 10 28 26 20 39 48 2 3 2 27 46 23 2 22 48 14 31 28 46 6 16 9 35 33 44 42 4 4 3 14 10 
13 27 33 9 9 4 39 44 4 26 16 47 29 43 38 34 40 18 27 19 2 37 30 28 41 34 16 3 28 43 7 12 38 38 40 20 32 29 30 5 1 10 9 46 19 1 44 13 0 22 3 22 15 49 7 8 24 45 18 47 10 4 24 38 32 20 12 19 14 12 41 38 39 39 17 8 2 8 31 17 17 16 29 23 48 12 26 37 29 16 46 3 14 6 11 43 7 4 4 16 31 
24 2 43 34 20 28 38 40 40 2 16 42 5 24 22 25 25 23 23 27 22 22 17 39 16 45 9 25 7 35 3 21 16 35 24 35 33 7 10 22 28 15 43 38 27 15 44 39 7 0 44 49 11 25 42 29 47 9 3 43 17 27 30 30 13 22 47 27 48 32 33 5 36 39 15 40 18 19 4 48 35 45 19 6 41 25 42 10 39 20 1 46 26 28 14 40 37 23 10 22 37 
8 29 19 49 31 21 10 21 27 27 26 13 48 46 18 48 31 36 46 40 16 44 48 14 11 31 13 17 24 6 14 39 25 31 10 20 17 44 1 13 36 31 39 49 14 24 20 40 49 14 0 9 24 20 26 12 30 11 32 13 46 26 17 20 45 23 40 3 19 46 10 43 27 30 27 6 18 49 16 47 9 25 11 43 3 38 41 1 6 13 17 22 19 25 21 28 16 17 17 37 26 
30 49 5 43 4 13 9 13 46 7 37 32 37 17 18 29 30 45 48 46 35 18 25 25 29 42 10 40 5 9 21 11 2 15 9 47 36 3 26 1 18 35 26 43 44 25 11 11 31 27 8 0 26 16 49 2 30 7 15 37 6 40 13 45 38 12 1 48 48 29 32 48 7 9 25 15 25 31 32 46 23 25 43 46 29 41 25 16 34 39 37 18 26 24 17 42 25 44 32 12 9 
27 30 32 8 43 15 9 36 3 46 23 1 22 44 31 29 12 37 21 18 2 15 15 3 17 1 43 41 1 1 31 40 35 48 8 5 18 47 31 43 32 31 22 14 4 8 30 20 10 4 22 38 0 25 41 17 7 42 7 15 36 47 47 29 23 35 18 44 21 8 13 48 45 1 9 28 32 22 20 49 21 18 49 37 35 15 43 44 42 42 43 16 12 6 39 45 10 32 30 10 21 
38 19 4 11 13 17 8 8 28 32 42 48 5 7 18 23 47 6 20 17 32 4 13 41 5 40 45 28 30 41 35 30 16 44 1 32 25 19 35 18 44 4 9 26 29 44 30 22 29 16 47 48 48 0 40 12 40 19 47 49 29 37 34 48 29 6 43 46 23 27 42 46 37 21 32 24 43 26 18 16 43 27 15 14 27 42 13 38 23 12 29 30 20 4 26 17 18 21 46 37 18 
31 19 47 8 23 46 49 22 13 45 41 13 10 13 4 30 25 26 16 20 13 39 3 5 1 40 30 2 7 25 17 34 39 16 24 8 37 17 36 28 4 24 3 41 13 37 47 17 38 24 12 47 8 45 0 20 11 34 27 32 8 38 31 16 38 14 11 29 11 6 6 38 28 7 45 29 27 16 44 27 46 26 28 37 31 40 5 23 37 24 38 25 15 22 32 13 36 24 8 21 3 
30 25 34 30 13 34 30 45 1 10 46 46 23 26 4 40 46 22 11 23 7 36 27 28 39 42 3 38 45 7 32 10 24 33 5 35 35 32 20 2 41 11 30 37 25 24 20 45 1 47 13 46 11 41 31 0 48 23 35 37 22 20 34 16 47 28 49 40 44 10 3 22 48 26 33 9 7 7 16 18 25 29 1 27 31 34 21 47 21 6 30 44 25 9 12 9 12 33 11 5 47 
9 20 12 49 29 5 11 6 14 43 20 5 37 35 26 15 42 21 40 18 9 15 39 28 2 2 19 11 47 21 11 40 20 1 2 47 42 10 13 40 17 10 21 6 18 49 32 4 30 16 47 22 21 28 23 45 0 15 23 12 21 27 44 33 41 41 30 4 21 43 29 21 19 34 11 36 25 41 19 35 48 1 16 5 9 19 20 28 40 9 34 23 9 42 23 10 10 41 32 42 15 
9 29 25 6 41 48 28 39 8 22 25 28 3 25 44 49 13 9 13 20 24 49 14 26 48 47 16 34 29 19 26 27 25 15 23 10 24 32 23 27 9 8 16 9 17 46 10 5 24 36 15 14 44 38 17 5 19 0 23 26 45 36 30 29 20 27 35 37 42 1 2 2 41 33 17 30 14 26 38 16 4 29 48 12 20 31 25 15 45 15 8 29 18 34 22 41 1 15 19 31 3 
20 26 33 11 10 36 33 33 21 46 11 24 32 31 44 44 41 5 18 11 32 35 2 21 15 12 12 43 19 16 18 33 22 27 22 27 14 6 45 8 16 5 34 37 38 23 22 11 42 42 18 30 2 33 23 5 12 21 0 10 33 29 36 42 8 47 36 12 24 29 15 24 35 9 20 18 21 28 5 17 30 48 43 9 7 40 23 32 33 20 28 4 37 29 29 40 12 29 47 29 40 
34 38 40 6 41 19 30 34 1 48 12 35 19 6 24 7 26 20 47 1 21 18 34 13 49 49 22 32 20 47 31 16 26 17 2 30 31 49 43 36 12 15 30 16 6 15 14 25 16 47 20 41 38 45 28 6 42 45 22 0 36 48 49 19 31 24 35 23 23 18 27 26 39 26 25 34 20 15 15 42 27 48 9 49 39 47 30 36 31 5 23 12 33 19 1 1 45 27 17 29 47 
3 49 47 44 20 49 23 30 19 6 29 7 41 38 17 23 6 21 6 25 6 36 4 16 36 16 18 22 4 19 9 1 5 23 29 47 35 5 26 23 13 14 32 15 32 29 48 26 13 5 3 27 39 32 8 22 21 35 30 22 0 41 23 39 29 35 27 48 30 15 10 18 19 28 12 4 6 43 36 18 23 15 4 37 11 13 24 41 9 5 15 24 27 17 10 20 24 4 6 24 46 
35 20 32 38 4 4 46 39 11 12 49 13 4 33 27 25 21 19 30 18 7 2 37 49 31 1 18 17 34 47 26 37 22 21 41 44 36 35 12 10 4 44 2 31 12 43 37 8 24 19 13 32 3 20 3 42 12 25 2 31 48 0 16 34 14 13 33 32 46 3 22 38 2 45 29 39 3 25 19 30 46 28 3 19 25 46 42 1 28 43 29 32 7 24 15 16 18 38 10 30 45 
26 48 31 23 29 30 2 13 47 28 33 37 9 26 1 40 6 19 28 8 14 33 44 29 47 6 49 17 19 49 11 26 11 42 47 35 11 13 23 26 27 46 47 41 41 17 18 26 42 46 25 25 37 9 48 28 22 6 40 35 35 18 0 46 27 29 23 34 10 40 9 44 35 28 21 23 34 46 32 24 20 26 32 4 1 3 5 41 26 25 28 32 30 33 12 11 40 5 25 41 20 
26 6 15 6 5 37 12 42 18 26 47 17 17 48 4 27 29 21 19 7 3 48 26 34 39 19 26 10 47 45 19 35 2 42 8 30 43 29 18 35 20 8 23 10 24 15 41 17 5 5 40 42 29 43 42 22 14 21 17 2 15 39 21 0 9 21 3 16 29 37 28 2 5 47 10 47 10 28 24 37 19 46 26 4 21 42 39 39 6 34 38 26 12 34 19 39 36 6 20 45 16 
36 49 9 10 46 20 12 19 31 49 18 42 23 22 11 35 1 30 24 6 23 42 41 6 5 16 39 22 34 1 46 40 15 45 31 16 15 39 19 48 6 25 30 24 8 27 33 5 14 40 26 45 36 15 22 18 18 42 46 36 20 40 29 18 0 15 13 12 2 5 14 21 19 37 43 30 19 46 17 44 39 11 15 26 28 7 11 16 23 9 14 46 33 36 11 36 12 4 6 43 9 
3 47 41 40 8 20 29 28 32 24 45 48 32 30 36 12 13 23 34 8 16 45 6 13 27 49 19 45 39 17 28 26 42 22 30 32 28 19 37 25 1 46 26 47 8 18 26 25 9 43 39 38 34 20 30 30 8 20 14 29 30 8 43 24 48 0 4 18 26 24 8 27 9 34 43 5 28 25 44 30 22 19 12 11 26 9 27 45 31 18 12 27 5 33 30 25 47 18 43 49 19 
43 25 12 15 42 33 45 48 32 10 18 31 21 11 7 6 27 5 31 46 46 47 2 19 48 19 4 14 6 24 35 7 7 33 39 15 43 12 1 28 33 22 44 30 13 27 34 43 9 23 29 4 43 31 49 23 10 45 46 25 39 18 9 2 30 21 0 31 30 21 49 37 23 45 33 13 3 46 22 21 14 45 5 41 40 25 21 2 6 19 20 12 19 22 33 38 11 46 22 26 8 
29 21 32 49 26 15 24 29 26 26 30 43 37 20 38 12 35 32 42 35 19 41 15 33 28 36 18 20 19 34 22 34 28 44 21 42 11 28 35 35 38 26 1 28 6 17 22 10 22 44 11 16 25 49 5 45 47 19 31 20 15 32 10 23 9 24 5 0 21 29 14 25 34 39 18 2 28 25 42 37 29 24 24 25 25 6 7 39 17 17 12 34 35 26 17 26 4 8 29 9 32 
27 19 33 41 28 14 42 22 16 48 12 39 49 40 4 14 41 34 3 12 11 45 19 22 12 17 10 9 5 47 13 39 35 1 26 23 6 31 45 42 7 34 6 32 7 17 26 13 9 31 10 31 10 41 45 11 44 21 45 15 37 37 38 25 17 30 1 19 0 23 22 42 45 44 25 38 11 42 25 6 24 32 29 40 46 13 40 15 40 12 42 48 44 27 45 16 14 28 33 28 48 
49 32 46 25 42 19 39 45 13 29 8 6 15 44 28 12 32 20 45 7 8 19 44 15 22 41 27 11 26 10 39 22 15 16 47 4 1 9 22 35 38 2 40 28 43 24 3 43 46 9 6 19 22 22 42 36 34 12 1 17 36 19 24 12 11 42 47 25 42 0 49 12 29 15 27 31 30 7 28 9 19 37 34 41 17 8 28 35 9 39 29 6 5 24 8 39 41 3 13 8 6 
6 15 12 42 26 15 24 25 31 16 11 3 36 21 4 24 1 34 15 33 49 24 8 43 10 39 2 29 1 10 43 46 39 5 12 41 33 40 19 42 24 47 5 2 14 22 31 17 36 38 48 28 29 8 6 19 19 31 35 47 8 16 29 8 2 4 39 6 24 33 0 17 10 8 7 17 31 46 30 7 21 6 5 30 27 13 29 6 23 48 22 21 27 37 14 14 22 16 2 44 15 
26 7 12 42 35 4 38 30 17 49 4 12 25 6 20 31 29 48 42 10 35 47 31 35 41 37 13 8 40 18 9 46 15 41 14 38 6 2 13 43 34 28 39 21 9 21 35 8 34 24 49 30 22 32 37 47 29 46 2 2 6 20 18 6 46 36 11 30 12 6 24 0 32 42 3 44 31 49 7 44 9 43 18 14 15 32 26 10 2 41 37 39 31 43 17 18 4 41 8 10 32 
38 32 25 3 30 30 35 44 26 9 20 28 2 39 10 32 27 27 32 26 26 48 20 18 11 37 13 34 7 12 23 9 4 30 12 41 35 3 35 40 9 37 23 40 35 16 22 28 8 23 20 4 32 21 27 7 30 16 10 22 4 10 35 41 32 46 29 44 41 23 40 30 0 47 2 4 44 24 8 13 3 47 27 27 34 33 48 9 32 48 43 47 44 37 28 49 19 38 38 47 8 
47 8 7 2 21 24 15 2 33 35 25 19 12 29 24 32 39 13 36 29 8 34 27 1 47 15 11 12 40 22 4 28 2 46 29 44 22 31 3 20 1 26 33 42 20 48 43 14 14 4 45 30 37 48 14 8 1 45 23 32 38 17 6 22 13 34 6 40 42 30 31 19 49 0 17 30 46 29 1 49 17 9 24 48 37 13 17 19 44 3 24 41 6 18 25 38 14 17 1 13 9 
18 35 8 29 15 28 5 48 32 4 26 30 31 49 22 20 47 20 29 9 39 49 20 47 27 28 5 26 36 9 25 9 41 4 41 41 22 42 35 8 21 31 14 35 17 28 4 18 28 31 38 13 26 5 37 47 25 12 25 30 14 43 43 44 40 41 34 24 45 24 36 13 44 19 0 41 38 11 15 21 24 12 22 30 3 39 1 24 35 29 13 43 13 11 49 11 15 20 35 30 3 
2 1 46 45 25 38 33 4 6 49 3 45 36 26 16 21 39 25 1 32 32 38 33 47 31 44 5 25 14 1 47 12 11 16 2 23 28 29 46 46 24 35 49 13 30 2 28 26 32 4 28 26 23 41 12 46 28 18 4 5 5 11 36 11 4 30 19 31 38 6 2 22 11 25 16 0 1 37 34 35 45 28 37 12 3 49 34 26 38 5 4 29 10 22 28 4 40 47 27 29 4 
28 45 1 45 6 31 46 24 31 49 12 30 36 4 5 24 23 22 15 6 43 18 4 20 36 44 32 31 10 21 31 41 3 3 49 15 16 24 12 36 30 34 32 1 8 25 33 18 13 43 30 40 49 41 48 36 32 31 42 43 9 41 12 10 19 30 9 38 27 4 38 7 23 47 34 13 0 22 4 13 45 44 15 45 8 40 30 7 47 47 23 7 16 7 47 39 18 38 40 32 11 
29 30 5 18 33 40 30 22 18 2 21 33 49 26 25 25 28 22 48 13 14 38 12 18 37 9 25 42 36 10 35 11 22 38 36 7 23 33 49 22 4 18 33 14 3 42 29 4 34 49 43 12 4 28 16 11 32 47 38 28 45 27 36 20 18 3 42 19 47 23 15 21 43 16 25 28 8 0 25 37 12 13 8 1 49 25 4 12 47 12 44 24 12 44 22 11 47 18 45 1 17 
22 23 18 39 3 21 8 38 23 12 43 32 19 5 10 10 35 36 22 39 47 36 32 38 32 47 17 19 7 14 18 13 38 7 42 7 5 42 5 41 47 47 18 8 46 48 2 27 13 4 23 23 43 20 20 1 30 41 18 1 47 33 30 36 20 43 19 27 17 10 49 26 40 39 49 43 43 1 0 1 25 28 37 1 15 13 23 48 44 16 48 43 21 9 26 7 3 23 36 31 13 
17 7 49 4 25 24 5 32 20 38 45 42 7 28 27 8 15 9 33 4 37 41 21 1 33 32 23 7 29 22 44 10 1 27 16 39 22 39 2 22 42 24 47 39 12 38 44 48 38 3 35 15 45 9 3 14 21 25 30 22 42 42 5 34 6 24 27 2 40 35 48 17 5 7 12 10 34 22 5 0 11 20 37 40 18 35 26 11 33 39 35 24 34 17 35 22 8 23 29 10 43 
2 34 9 10 37 11 46 28 40 47 32 28 38 49 35 19 25 39 40 30 4 43 35 9 14 43 47 48 27 20 41 29 9 15 9 31 33 36 16 19 49 28 15 41 16 43 5 24 12 48 49 33 12 25 35 21 12 9 12 12 26 43 23 20 42 4 43 24 23 28 13 29 17 15 1 34 8 7 32 12 0 36 30 27 24 42 40 17 10 26 16 14 38 30 7 36 35 42 3 42 34 
33 48 31 17 46 14 30 26 30 20 25 11 6 38 16 14 6 20 39 19 36 21 33 48 13 6 22 49 6 26 11 2 37 39 43 20 3 2 49 36 7 24 43 17 32 7 35 44 5 11 6 27 23 42 22 2 27 19 3 49 15 18 45 48 34 20 32 46 44 6 48 7 23 9 30 42 33 29 31 17 10 0 8 9 40 6 33 14 13 18 22 35 7 43 21 17 32 43 20 49 5 
13 33 10 13 28 25 18 19 46 6 20 38 13 27 42 46 22 48 18 31 26 17 37 16 41 44 49 4 19 13 11 19 31 42 13 21 3 44 46 41 8 47 9 27 20 30 1 33 44 11 42 24 29 30 26 39 31 27 33 13 42 10 18 1 22 31 34 9 8 20 44 43 11 34 10 19 27 44 29 21 48 27 0 39 11 48 34 32 15 5 37 47 20 13 46 13 30 7 32 49 7 
21 43 40 28 42 36 20 2 22 42 40 34 14 10 28 34 28 8 8 30 40 5 23 46 31 29 14 25 48 6 2 46 29 17 4 16 49 27 19 31 11 28 4 14 23 48 18 29 7 46 37 23 44 43 42 1 20 22 41 37 38 19 28 6 10 42 1 3 6 34 43 47 7 37 4 22 45 43 24 27 8 16 8 0 20 27 49 1 6 18 47 34 8 9 1 23 4 13 49 31 42 
15 42 21 31 19 49 3 26 31 22 33 29 4 4 36 40 30 32 20 29 10 14 48 31 46 42 35 2 11 43 29 33 42 26 32 44 32 19 1 34 42 39 20 23 23 45 1 14 42 9 5 7 21 26 1 24 19 37 40 18 40 8 1 10 21 44 29 23 15 48 3 1 41 33 33 22 42 19 39 15 8 6 9 45 0 27 47 26 49 31 9 39 42 44 40 30 3 43 14 24 15 
41 36 25 40 11 17 26 21 47 9 15 10 44 34 4 28 14 48 36 6 6 15 19 10 31 29 21 45 46 9 25 45 41 22 31 49 36 28 25 6 48 5 2 33 8 1 9 34 25 43 38 35 41 32 16 37 22 8 30 36 42 8 41 12 14 13 20 9 22 24 30 30 10 24 25 2 30 29 36 49 44 32 46 48 45 0 30 15 44 16 25 44 23 10 26 34 37 16 31 18 26 
23 23 35 42 3 42 37 47 20 32 26 8 25 42 14 42 5 25 8 1 38 1 20 40 10 45 30 20 15 26 14 28 31 3 9 46 44 24 3 27 8 32 40 17 38 49 40 17 40 22 22 21 14 47 48 34 43 40 5 19 48 42 30 33 5 41 8 42 12 23 36 11 25 25 19 3 45 31 15 48 39 47 41 25 5 37 0 16 21 12 28 34 17 29 46 15 18 27 37 39 3 
15 45 5 30 18 14 15 29 23 7 39 31 45 47 28 22 47 37 37 3 23 20 7 34 40 8 4 45 29 10 10 25 33 4 18 18 48 22 32 25 33 17 8 30 31 6 19 16 27 1 29 20 11 28 23 25 13 25 15 10 34 18 41 23 14 48 34 39 37 46 18 31 15 48 8 6 41 25 38 43 7 39 2 15 34 39 20 0 40 8 2 8 22 3 26 21 7 34 20 5 13 
28 32 16 7 32 17 42 35 30 13 13 25 19 25 2 12 42 23 26 21 14 26 13 2 15 37 3 29 36 13 16 1 45 11 18 43 2 35 27 4 32 39 2 37 35 30 13 21 43 11 21 21 3 42 37 16 48 48 38 48 24 9 1 6 39 41 29 29 21 8 15 18 39 1 33 15 18 46 1 40 39 20 4 43 16 38 43 16 0 15 30 28 7 10 32 9 39 24 8 7 36 
5 33 37 24 8 29 21 44 29 10 34 24 17 2 40 38 13 5 7 12 20 49 29 24 21 47 15 12 1 9 44 31 27 46 46 13 18 29 38 20 44 48 2 48 26 44 34 28 29 20 31 34 39 15 4 46 10 11 45 3 26 38 36 25 2 7 33 10 46 14 41 36 27 28 45 12 18 4 31 49 3 36 18 1 46 6 24 5 23 0 7 5 37 49 45 44 3 47 35 4 43 
33 46 10 26 35 46 43 26 5 23 33 5 16 42 11 46 30 27 33 34 8 23 11 36 10 34 14 36 9 37 12 23 41 35 9 26 15 35 24 29 9 39 33 25 24 44 14 21 9 10 49 21 33 26 18 4 42 34 45 1 47 48 8 48 37 25 6 29 12 31 41 12 45 37 43 39 27 2 48 45 47 38 12 25 44 26 28 25 48 21 0 7 2 31 31 39 10 2 44 10 36 
13 5 7 38 45 5 35 40 27 48 26 16 7 29 11 4 13 10 6 41 15 25 38 4 21 44 11 28 32 12 14 31 34 47 45 43 45 41 37 37 42 36 7 26 47 21 16 18 5 16 17 3 39 21 24 41 48 13 49 29 15 1 42 49 14 47 27 47 6 9 19 12 44 10 21 37 14 30 18 48 4 20 16 28 16 35 35 8 19 7 9 0 32 41 1 28 20 31 13 43 48 
45 5 4 48 40 48 3 33 33 43 25 49 42 48 26 30 30 12 36 35 40 5 31 38 41 17 32 1 23 15 31 9 26 22 12 7 34 36 39 38 35 1 17 7 22 1 4 36 30 4 44 30 4 18 16 47 13 16 35 2 23 7 21 21 31 44 42 32 30 43 16 30 11 11 29 8 38 20 32 42 1 19 47 30 18 17 29 2 6 47 26 7 0 2 12 26 46 47 8 26 22 
17 36 27 25 15 30 49 48 43 24 43 42 16 49 30 16 31 22 37 18 39 36 8 16 8 37 14 4 13 25 8 34 6 20 34 44 14 18 15 4 8 45 34 48 32 23 46 40 31 1 37 26 24 34 8 44 15 23 45 44 47 19 16 22 5 19 30 24 6 22 44 22 32 34 48 40 20 3 14 35 42 13 17 26 12 20 20 27 43 6 23 47 16 0 39 38 40 21 38 14 12 
9 16 2 29 7 37 28 19 17 22 16 48 21 19 8 40 36 25 41 21 31 3 15 49 40 2 19 19 17 41 35 34 8 42 1 35 30 31 6 4 22 1 35 40 16 9 1 6 37 2 47 22 29 33 39 28 40 44 8 4 42 25 48 2 28 42 48 35 11 8 48 37 26 4 6 1 31 5 22 2 43 26 15 22 6 10 12 47 14 39 12 48 10 6 0 30 8 37 27 27 15 
34 43 37 22 21 36 2 22 22 14 43 38 28 18 16 37 41 7 22 23 20 26 37 36 47 21 44 7 28 8 39 13 48 20 22 39 23 22 36 8 32 8 43 7 25 23 22 22 42 37 2 3 37 49 13 10 35 39 28 20 48 45 37 17 17 33 37 14 28 4 8 41 35 29 29 6 12 5 45 44 21 34 35 31 36 19 21 3 31 15 34 25 7 29 37 0 49 21 36 33 45 
24 6 15 16 3 16 32 8 49 9 15 45 10 47 10 39 35 27 40 6 25 34 36 41 41 1 42 27 34 43 37 25 20 32 12 32 40 9 20 36 17 49 18 19 40 11 11 33 10 11 1 19 20 1 19 42 7 9 21 14 6 36 13 10 21 16 39 2 34 36 24 42 9 27 12 23 29 1 14 14 26 12 22 3 38 44 24 20 46 24 31 44 16 36 7 33 0 11 30 42 16 
36 23 3 48 19 14 5 40 45 16 33 3 11 15 30 41 13 1 19 21 30 18 49 9 18 3 22 46 31 19 39 20 4 34 20 48 9 7 10 18 24 31 31 40 28 49 20 9 23 9 32 41 4 8 42 1 29 34 7 36 2 45 37 6 22 33 47 45 35 44 45 30 26 39 2 26 47 3 25 21 33 19 12 18 21 13 30 8 43 4 17 6 7 15 34 5 14 0 10 25 25 
4 32 39 42 42 27 6 45 37 27 26 37 38 43 25 32 3 39 17 18 18 5 12 18 29 24 25 32 30 10 13 12 25 48 20 45 1 2 33 16 46 32 10 23 44 36 25 14 45 3 5 5 45 4 27 34 34 9 17 48 17 30 12 16 27 39 19 35 20 1 12 33 2 46 43 24 18 1 43 21 34 23 20 5 48 32 14 19 26 47 31 31 42 36 45 6 17 49 0 37 10 
3 19 39 10 13 42 20 4 41 17 26 9 45 9 44 26 11 24 49 38 26 37 14 18 33 1 34 2 44 14 41 16 37 47 35 18 11 12 42 5 41 43 1 32 22 8 43 21 4 37 34 4 10 9 48 38 12 22 5 48 8 17 46 18 14 17 40 25 25 49 19 3 35 42 33 4 48 39 49 47 22 9 41 10 35 31 43 32 7 18 35 41 26 20 26 37 34 37 49 0 3 
39 3 10 25 21 24 38 22 41 8 36 16 27 37 47 31 24 18 49 25 29 18 30 17 44 46 39 20 46 10 32 10 7 1 29 9 13 13 16 22 48 35 17 13 29 29 18 35 36 39 30 1 8 4 21 4 18 38 29 19 34 6 17 2 4 42 3 28 2 47 24 37 27 26 41 40 27 2 30 18 48 10 47 47 32 41 48 23 41 14 5 25 39 31 12 29 33 26 6 26 0 
