n: 100
m: 2
Pi:U[1-99] 93 96 91 24 90 98 69 34 29 75 24 36 94 60 49 80 10 8 72 27 68 99 98 27 71 8 91 35 1 94 91 97 42 1 3 72 80 72 44 96 25 51 46 32 81 55 58 25 95 67 14 92 63 42 76 76 36 64 33 57 10 36 95 33 22 30 37 11 28 74 62 47 44 41 47 68 27 12 77 81 84 7 65 67 93 46 21 84 20 31 59 49 91 80 92 34 77 80 19 33 
Si:U[1-49]
0 2 43 16 20 6 46 11 49 48 3 8 10 39 26 22 9 14 8 1 26 38 45 10 22 14 16 28 10 15 38 40 9 26 11 5 24 42 29 48 27 38 26 12 48 21 38 46 25 31 44 36 5 35 10 14 13 44 11 26 14 10 4 41 6 24 15 16 35 12 49 45 26 4 33 19 44 49 15 7 10 49 47 39 11 1 41 48 7 12 42 9 32 14 26 39 16 40 34 49 48 
47 0 10 19 7 31 14 34 31 16 43 22 42 34 6 13 36 23 35 39 20 36 38 34 33 27 24 13 27 38 40 2 13 38 17 37 15 42 20 42 12 33 14 21 49 21 32 40 13 11 28 13 13 38 1 43 4 21 41 34 42 41 7 32 22 31 49 7 12 16 33 12 42 16 26 43 5 37 8 22 32 9 21 34 6 49 25 18 24 20 48 33 43 12 35 2 5 19 43 31 7 
19 15 0 37 22 26 35 10 8 49 25 39 46 8 2 8 18 34 6 7 19 44 11 47 41 31 10 41 48 25 42 8 11 43 17 8 7 8 42 24 12 14 7 38 11 6 37 23 24 5 34 7 44 13 37 37 27 4 6 19 14 23 38 41 20 31 13 46 12 36 7 33 1 22 9 12 23 41 34 22 7 1 21 36 37 46 16 33 5 9 47 46 36 10 1 46 47 34 41 29 18 
13 33 2 0 2 45 29 25 19 31 46 15 5 27 37 16 19 14 37 3 19 27 8 44 17 41 29 44 34 16 19 23 26 43 12 37 15 43 38 8 46 3 21 5 36 31 7 25 40 41 24 34 22 16 40 46 26 42 16 20 42 46 24 25 2 29 15 46 49 18 16 4 21 39 37 37 20 17 41 28 41 21 13 2 1 21 14 18 20 30 24 40 5 24 45 48 15 7 44 28 33 
38 37 34 9 0 45 9 6 38 45 23 39 22 30 31 5 41 24 1 35 45 44 28 40 24 4 1 40 5 39 49 43 18 36 6 39 22 11 29 36 1 6 18 11 11 10 35 33 23 19 46 35 2 7 5 49 3 13 3 28 11 14 39 22 23 8 12 42 42 17 29 27 1 6 18 9 36 11 14 44 7 7 31 22 19 7 7 24 29 34 34 19 25 7 46 9 17 10 17 43 31 
48 28 7 44 5 0 39 8 23 41 27 7 28 17 19 42 45 10 16 33 6 16 31 19 36 1 35 2 33 36 14 31 10 37 2 33 27 34 12 11 24 38 30 39 21 5 33 26 36 16 23 36 32 10 33 5 14 37 17 42 17 28 10 43 14 36 44 3 42 49 1 5 24 19 36 38 48 12 36 41 43 16 46 24 24 24 6 41 20 12 32 5 1 19 44 23 21 11 19 49 32 
36 22 19 47 19 42 0 23 27 15 4 31 42 49 8 48 1 14 5 12 36 39 11 31 49 16 14 19 15 13 48 49 49 1 42 46 33 13 4 25 39 37 1 17 40 40 15 36 12 15 49 31 28 4 13 5 44 40 19 18 22 48 17 37 42 33 10 11 44 37 34 14 42 3 34 3 20 36 37 41 16 8 22 49 19 26 3 3 16 16 29 39 24 40 18 9 46 13 49 45 29 
8 25 35 31 31 10 5 0 22 48 44 18 27 27 47 19 28 1 22 1 9 44 28 9 12 9 23 46 7 46 2 1 10 38 26 46 25 44 47 33 16 22 20 39 31 8 45 17 41 47 38 20 38 40 49 25 24 20 49 9 4 5 4 37 34 19 45 28 41 20 14 41 34 20 37 29 27 1 14 49 12 22 28 24 31 35 25 14 4 25 41 34 9 16 27 42 39 35 40 30 45 
23 11 46 22 43 19 37 22 0 38 42 36 6 29 43 14 8 26 24 17 37 35 10 44 8 24 41 5 2 15 32 41 18 42 44 45 1 41 41 22 36 28 21 38 36 8 4 46 47 29 26 6 20 6 5 23 18 39 10 24 49 48 9 2 31 42 28 3 35 33 25 7 17 42 1 12 31 36 37 31 34 29 16 18 33 8 21 26 33 36 49 16 49 33 17 46 7 23 34 33 34 
15 23 16 38 37 16 43 12 45 0 35 34 44 37 42 18 30 20 21 7 24 41 22 48 39 25 45 23 22 44 22 28 6 4 6 20 38 12 28 45 36 8 37 47 9 26 4 37 6 45 18 41 7 40 17 2 42 27 45 35 1 20 16 37 11 40 30 37 25 8 21 6 19 28 4 19 28 24 47 19 23 11 21 33 26 11 29 30 22 42 19 41 18 27 1 40 29 32 25 35 25 
13 30 1 41 7 20 34 46 44 13 0 14 43 40 29 28 46 46 37 41 43 7 18 8 40 49 2 39 23 40 29 38 20 29 10 35 17 3 30 25 2 21 39 17 48 27 14 30 8 14 38 7 40 27 34 11 19 21 35 35 3 19 48 8 42 16 31 41 21 13 37 12 32 47 10 5 22 24 15 35 33 4 34 37 37 27 35 44 44 15 37 24 33 11 23 12 12 8 34 12 45 
16 28 25 19 49 47 16 7 37 8 8 0 18 12 34 36 48 21 24 44 38 49 47 37 49 36 30 37 21 8 18 34 18 1 19 21 41 28 30 27 30 8 44 24 21 22 29 7 1 23 41 41 18 33 8 16 9 41 26 8 30 22 29 13 47 26 16 3 5 18 30 41 23 10 18 2 16 4 26 3 37 29 46 18 49 2 42 49 1 32 16 44 48 49 33 31 41 43 40 24 31 
12 31 31 44 1 12 35 46 31 24 17 20 0 23 46 29 40 18 20 41 31 20 4 17 36 3 31 47 45 13 31 12 4 11 18 32 34 30 22 11 10 8 29 43 47 10 1 45 5 35 15 45 4 34 23 37 20 37 39 24 11 25 20 38 20 36 9 10 24 37 42 5 5 18 36 40 3 11 13 44 35 14 1 17 40 27 48 16 2 6 29 47 11 40 3 42 3 18 7 9 15 
26 43 48 14 14 48 47 44 7 16 15 1 26 0 1 36 38 47 45 49 11 39 28 45 13 49 26 12 2 44 20 39 7 49 22 13 24 35 27 20 38 20 10 37 7 14 34 38 34 11 18 19 6 6 46 40 3 25 12 27 20 49 5 41 40 33 11 4 14 28 6 11 3 39 26 3 6 28 6 43 18 41 3 7 46 34 4 17 10 1 35 34 46 1 2 49 15 12 40 13 28 
19 21 47 35 45 6 33 37 30 20 2 3 46 25 0 2 15 49 39 28 17 16 38 47 17 28 5 21 29 12 18 15 48 46 18 16 28 25 17 23 29 10 4 33 18 19 46 19 32 41 32 7 46 37 34 39 39 14 7 48 1 6 6 46 28 45 6 43 10 27 36 12 5 28 7 26 33 35 49 35 43 3 25 9 28 23 20 49 15 49 35 22 44 27 42 8 35 38 31 13 22 
41 19 46 32 29 15 22 32 44 1 8 43 6 10 42 0 45 18 25 3 32 31 47 5 5 12 28 43 35 9 30 25 46 35 38 21 46 9 49 23 46 22 49 11 9 3 38 36 43 47 14 17 45 48 17 46 34 38 48 39 8 19 39 4 31 27 42 9 25 19 17 4 27 45 4 9 9 44 19 34 45 32 34 35 32 33 32 29 13 18 16 38 19 4 12 19 29 24 38 34 36 
13 8 37 5 43 2 32 5 14 4 28 25 35 23 10 22 0 39 34 35 36 29 27 37 21 13 27 1 18 11 44 13 42 31 19 27 3 37 31 29 41 10 31 49 26 24 47 20 26 41 19 35 12 40 12 44 48 10 9 25 1 10 38 3 1 15 8 8 27 22 45 7 45 4 47 17 15 23 44 47 28 29 35 28 20 4 47 44 6 48 18 34 11 42 25 26 39 25 32 27 32 
2 40 27 5 25 20 28 16 5 2 30 48 34 14 39 18 45 0 30 32 22 49 38 15 48 38 28 9 35 17 30 38 43 48 21 36 31 39 37 22 1 34 42 28 19 28 33 28 23 39 9 43 40 31 39 46 45 29 25 19 31 42 22 33 6 15 17 22 12 8 31 29 7 39 21 2 12 45 49 28 16 43 48 39 33 39 38 13 14 6 16 3 15 8 14 46 39 19 20 8 2 
29 43 48 20 11 32 34 21 40 7 31 8 36 44 25 22 18 38 0 18 26 39 34 4 3 9 7 38 27 22 7 27 19 21 24 23 31 38 26 17 21 39 22 15 49 26 10 38 45 36 7 2 34 33 25 19 20 49 10 42 26 30 33 25 43 13 39 10 44 22 14 46 30 1 21 34 17 46 23 11 4 2 44 10 23 21 39 1 13 33 38 23 11 31 12 49 11 17 31 33 33 
22 47 12 28 42 37 37 12 2 31 20 45 13 21 48 8 40 37 41 0 4 7 43 33 22 27 24 23 26 18 9 28 48 10 44 13 48 28 6 24 22 8 18 38 21 13 22 13 31 42 49 18 11 10 2 20 33 3 25 38 45 1 3 7 35 6 32 6 46 39 33 45 39 2 26 44 27 41 48 21 25 7 26 2 5 34 4 35 32 48 48 47 26 32 29 4 8 49 19 7 21 
42 36 3 22 43 46 22 31 46 19 15 8 6 3 26 3 33 6 44 32 0 44 22 21 29 47 23 8 38 20 40 2 40 22 42 49 39 10 17 21 13 11 35 28 13 14 34 4 13 16 24 33 24 31 29 9 10 25 6 10 19 10 1 10 9 32 23 30 2 8 45 12 18 19 23 36 9 40 37 40 3 39 16 16 31 32 11 48 30 48 10 48 40 15 11 40 28 36 5 4 36 
33 45 4 25 17 41 22 25 5 25 2 34 30 48 29 38 32 2 10 24 45 0 23 47 33 21 35 38 37 43 1 23 2 35 18 37 42 43 31 23 4 10 30 10 33 14 9 5 47 3 5 46 14 3 48 31 42 1 24 20 44 33 40 10 6 8 24 11 47 33 7 3 9 49 2 12 44 25 39 44 22 38 38 41 44 45 8 34 3 17 47 26 46 1 8 6 38 36 41 19 46 
7 22 18 16 48 40 14 38 32 45 33 11 6 34 26 29 16 7 31 11 20 14 0 14 32 11 46 33 28 8 39 14 38 40 16 29 40 33 48 18 38 1 29 28 37 44 23 16 2 29 39 19 33 32 12 6 29 36 46 31 26 49 24 36 6 9 26 47 29 23 49 25 25 36 44 4 30 8 46 1 21 24 47 12 25 41 22 15 31 30 4 30 24 9 24 6 16 38 37 29 46 
5 33 20 5 45 48 25 13 22 11 32 8 48 10 46 36 8 12 37 2 25 32 40 0 28 44 6 13 33 5 4 7 48 26 2 45 5 49 37 27 2 41 21 12 19 35 44 49 15 41 4 48 17 46 42 37 19 13 38 38 14 12 26 16 48 11 31 41 35 19 28 18 32 46 7 5 47 44 20 10 49 43 17 38 28 36 24 15 17 8 37 40 41 4 1 13 39 27 41 2 44 
38 24 37 24 11 20 39 43 26 24 17 40 46 2 2 37 6 32 7 5 12 4 39 21 0 37 18 46 5 29 27 5 32 42 40 24 44 5 11 19 24 30 11 20 9 43 43 27 26 26 32 3 49 38 15 26 8 47 25 41 13 27 30 6 43 24 4 46 38 43 12 12 15 23 30 41 30 43 26 48 44 38 35 7 36 22 43 18 43 40 1 43 9 10 15 48 24 24 18 9 34 
10 23 25 1 30 6 5 45 48 48 13 49 28 18 38 26 24 3 31 9 41 23 6 25 27 0 14 46 15 43 28 7 26 38 5 48 43 20 14 31 34 47 45 34 47 5 47 25 5 12 49 15 47 15 2 48 19 33 19 41 13 8 21 47 9 12 3 2 3 31 49 13 43 14 31 37 14 23 1 48 17 40 32 4 38 49 17 26 29 25 47 23 7 33 36 49 43 44 21 32 47 
8 41 10 16 29 35 27 7 16 17 40 18 45 1 7 18 16 15 35 2 39 15 9 6 24 45 0 6 23 22 16 25 7 40 12 14 36 48 5 12 3 6 24 20 48 29 20 45 16 21 44 23 1 39 27 11 10 46 11 23 33 26 8 38 9 30 45 1 35 35 28 16 15 14 28 39 13 27 9 40 3 14 6 12 43 24 5 43 19 14 15 45 2 12 15 8 31 5 21 43 39 
21 41 20 32 39 40 30 46 13 49 7 5 29 11 33 6 11 5 46 13 49 23 45 24 45 31 1 0 36 10 41 29 8 40 26 10 1 24 3 32 1 29 10 47 46 18 33 29 41 16 48 16 19 11 8 35 22 18 28 6 13 10 43 45 45 42 15 40 36 40 39 26 7 23 38 36 6 33 23 48 39 28 24 15 6 1 21 46 36 32 26 21 10 20 18 12 46 24 33 37 12 
46 12 42 41 4 10 25 1 17 5 46 35 6 40 49 40 13 17 3 21 46 43 37 9 21 39 35 25 0 45 42 20 49 18 32 20 2 6 23 25 26 34 31 4 28 35 45 45 36 35 27 14 36 29 36 49 9 27 13 4 17 39 45 17 44 19 11 42 9 8 21 21 26 14 25 35 29 6 43 24 3 18 27 2 22 6 33 40 31 47 39 40 19 40 2 10 22 30 46 26 33 
17 6 40 47 33 2 20 40 31 49 21 37 49 29 37 37 23 5 31 30 46 11 31 6 28 13 37 43 5 0 19 25 6 49 31 19 2 43 38 17 49 28 23 31 42 25 3 15 30 24 23 25 28 38 14 39 25 10 2 15 14 7 28 48 23 29 5 30 46 6 46 48 48 39 8 3 16 15 5 7 42 13 8 26 28 4 3 1 22 20 46 3 25 42 15 7 24 3 34 21 25 
18 13 25 8 14 11 29 25 3 36 35 40 27 46 34 3 19 37 40 45 12 49 29 17 1 4 49 20 19 1 0 7 47 40 35 42 13 10 8 29 21 19 7 31 2 35 14 29 22 13 38 47 32 10 45 23 26 42 32 10 48 18 10 40 22 11 22 44 20 33 43 35 27 39 21 15 33 5 47 6 13 31 33 28 28 35 14 2 18 20 3 2 32 46 27 23 47 10 25 28 44 
20 26 15 42 18 48 37 28 33 19 46 42 19 28 26 11 10 15 28 22 31 37 22 17 35 48 2 27 7 16 27 0 45 34 12 38 14 45 19 30 33 19 46 27 30 6 21 1 7 27 38 7 24 21 29 40 20 28 19 7 16 39 21 40 9 19 10 42 21 24 17 8 26 24 33 45 25 20 19 44 17 36 26 25 27 1 48 38 22 5 11 40 38 3 12 24 25 44 12 30 7 
14 25 45 25 35 15 7 46 2 31 27 43 8 37 12 19 15 18 30 37 19 48 45 2 42 37 19 46 25 32 29 17 0 42 17 19 4 33 20 15 6 46 14 47 32 45 16 47 44 47 41 48 14 24 33 14 4 9 27 28 9 41 30 1 19 1 4 22 8 31 6 6 17 26 24 1 48 31 9 47 41 49 33 32 9 42 42 29 11 35 12 36 20 26 2 13 6 38 9 44 39 
46 18 1 12 12 37 38 43 38 1 15 8 8 29 38 36 35 43 45 31 20 21 42 9 40 21 33 3 5 42 17 26 38 0 16 30 37 23 48 6 14 40 3 17 10 39 37 4 35 7 40 5 8 31 5 27 7 16 28 20 11 17 35 19 9 41 43 6 4 18 48 44 45 19 8 37 24 20 17 4 17 8 25 32 20 19 7 43 10 27 41 25 13 35 48 5 8 13 12 5 10 
11 45 47 38 20 2 45 1 3 23 5 44 24 1 47 13 15 14 39 37 32 13 27 28 26 36 29 34 45 38 31 4 37 23 0 35 15 38 2 29 29 34 48 4 45 31 17 46 38 42 37 45 11 40 19 41 4 13 9 4 3 30 47 35 12 35 7 9 41 16 32 32 8 41 36 32 17 15 1 26 32 36 5 45 4 33 16 6 6 30 5 37 34 2 16 22 40 42 47 5 11 
17 1 34 42 20 13 24 11 49 13 41 41 13 8 37 1 12 45 20 7 1 19 35 44 45 39 20 18 7 26 34 45 21 31 38 0 36 33 17 49 5 18 11 5 21 49 13 41 17 12 45 9 35 7 21 8 39 22 32 47 21 32 34 36 5 30 11 35 47 14 44 34 24 21 9 45 12 10 13 33 33 14 14 36 34 1 23 9 41 19 4 22 3 5 29 33 33 20 33 31 20 
41 35 11 6 17 17 20 10 24 24 27 43 48 12 24 22 26 8 38 40 46 2 32 4 46 27 29 20 31 21 1 38 8 17 42 46 0 25 16 35 19 11 10 15 49 49 49 36 3 40 44 33 24 9 36 40 9 23 44 2 27 7 40 26 39 18 8 16 6 11 40 42 20 39 25 21 41 17 19 38 41 40 25 12 44 36 37 38 28 18 29 48 10 34 41 12 43 2 5 13 47 
13 5 21 38 21 42 26 6 41 8 42 1 10 45 8 24 17 30 2 41 37 44 42 9 31 12 30 9 8 27 5 23 45 48 23 29 14 0 14 11 9 2 45 22 35 13 24 12 30 8 47 45 30 34 4 43 4 3 3 9 25 22 17 39 7 34 41 21 17 11 10 10 47 24 36 15 15 30 13 7 15 14 49 48 4 29 4 13 19 25 21 18 30 45 11 25 16 3 30 15 7 
20 39 14 9 17 8 41 41 38 2 44 12 17 31 23 11 12 11 48 5 39 34 43 19 30 14 9 3 25 25 26 40 2 30 24 31 15 6 0 45 17 34 11 14 44 32 19 31 19 27 11 21 4 23 20 20 7 18 42 17 10 45 7 22 43 27 11 45 47 16 2 5 33 24 48 9 11 11 17 31 8 3 8 4 49 17 15 3 31 31 37 7 31 35 11 3 48 32 9 31 43 
9 3 13 25 46 10 31 29 43 48 28 49 7 6 33 14 25 13 35 40 29 18 39 23 37 13 34 6 35 1 25 48 31 8 24 10 30 14 9 0 27 43 26 11 21 34 5 24 34 34 23 16 48 17 31 6 45 15 14 38 34 26 37 21 29 38 4 45 16 40 24 36 12 43 28 22 27 11 9 44 13 38 20 26 20 37 4 48 35 35 47 30 2 26 4 36 30 8 44 42 11 
41 30 30 37 44 26 32 12 28 47 44 23 26 15 27 41 13 27 16 45 23 24 42 1 7 33 23 33 2 46 10 36 21 4 48 26 33 9 15 16 0 43 19 33 27 14 27 31 5 23 12 21 6 48 28 7 5 47 14 12 44 30 23 28 28 5 25 5 27 20 3 33 23 19 39 38 3 21 33 34 4 37 6 11 33 20 22 28 28 22 28 36 2 22 11 30 14 44 23 43 45 
19 46 48 8 6 39 22 14 37 14 29 42 26 5 16 42 48 16 14 27 6 46 26 45 5 4 14 39 9 30 6 4 28 48 39 32 41 6 15 12 32 0 14 4 21 42 26 19 49 26 16 27 32 26 41 22 14 3 32 32 25 40 23 39 38 42 23 31 24 33 8 10 36 12 45 31 15 31 46 1 5 31 38 21 21 18 12 21 9 18 32 23 20 8 43 15 49 29 16 20 19 
12 29 44 32 34 8 35 36 17 21 47 33 32 13 4 18 6 13 28 38 47 1 26 4 27 35 5 28 38 38 42 49 49 11 18 37 26 24 49 6 39 24 0 22 29 4 10 9 24 29 15 42 27 16 48 17 33 38 41 6 14 9 29 7 40 36 23 18 3 7 6 6 4 12 46 22 3 18 29 25 25 26 29 2 49 1 1 39 9 14 40 27 25 19 37 39 33 48 30 43 48 
38 28 17 26 15 48 10 37 7 36 28 20 23 44 33 41 18 25 12 4 36 35 42 6 9 41 19 24 39 17 12 29 49 39 11 15 48 21 46 33 44 12 35 0 27 45 28 42 40 36 8 44 46 13 46 17 30 46 48 18 29 37 28 29 25 9 23 14 20 33 22 3 3 41 45 8 17 43 45 35 10 33 24 34 2 16 46 3 28 14 40 30 49 1 27 42 31 10 5 29 49 
7 6 17 18 25 14 4 3 30 19 30 13 19 34 8 12 19 9 21 18 7 47 16 47 37 35 5 6 7 41 4 1 43 10 31 26 7 4 15 32 31 2 17 44 0 19 43 49 8 37 30 5 1 17 45 34 26 34 28 9 39 35 27 32 6 44 48 5 5 10 38 3 45 29 19 36 3 26 44 32 2 14 1 43 40 17 24 20 3 44 15 48 44 22 38 13 12 19 4 48 33 
48 20 45 10 38 20 22 37 29 27 17 38 22 49 23 34 47 43 20 11 48 22 24 19 2 5 8 44 40 3 42 17 37 37 19 23 47 3 30 28 3 24 25 44 34 0 7 13 18 7 37 35 43 24 35 19 32 43 22 49 4 12 7 44 15 16 17 27 44 1 41 25 45 26 11 15 41 13 20 15 4 32 15 14 10 13 23 25 37 26 47 15 28 44 41 46 22 18 42 4 42 
49 23 5 5 3 48 35 7 19 37 21 27 30 13 18 35 43 30 13 27 6 4 19 2 39 48 30 21 30 15 37 11 6 16 34 38 19 1 12 31 34 43 18 32 28 19 0 4 23 18 37 36 27 19 41 11 32 21 43 7 18 38 2 12 44 19 8 5 33 7 10 10 45 46 8 41 24 29 34 27 40 18 29 11 34 34 30 40 16 32 23 15 46 30 1 3 9 43 37 16 30 
30 15 45 27 38 22 39 21 47 42 22 13 7 25 20 36 29 19 2 31 37 1 34 7 45 14 46 12 43 1 20 38 27 35 28 42 32 38 27 49 25 44 40 28 43 44 10 0 43 39 46 8 23 19 12 23 22 37 9 15 42 11 20 12 36 46 17 47 11 22 31 2 20 3 33 8 41 17 6 45 8 28 33 46 9 32 8 31 27 45 10 13 32 11 47 19 42 17 17 39 9 
32 45 38 25 33 27 20 16 3 11 38 43 7 2 16 34 38 18 16 38 4 22 4 39 32 40 30 24 28 9 41 33 28 46 21 42 36 29 45 16 34 23 42 40 15 13 40 21 0 40 26 2 19 21 38 46 2 8 12 7 17 18 46 8 18 22 29 26 8 11 10 19 13 25 35 41 3 1 15 47 37 28 7 23 34 9 33 9 42 44 28 41 23 29 20 19 28 9 10 48 32 
41 8 42 27 3 33 30 22 34 30 2 36 8 35 48 7 21 1 33 24 31 40 24 27 16 20 27 11 5 37 39 3 34 3 6 8 1 8 41 44 20 4 10 34 29 5 46 23 44 0 27 43 35 7 13 42 36 4 43 8 35 9 37 2 44 2 20 30 1 24 41 21 35 13 24 20 16 26 16 11 3 4 28 42 16 3 38 35 29 35 22 44 15 12 38 28 3 25 33 26 34 
10 19 4 35 14 15 10 36 33 39 15 1 8 15 41 40 43 35 17 20 44 45 44 20 46 24 13 44 48 23 16 27 26 30 10 28 12 38 35 49 32 25 36 21 49 49 45 1 26 43 0 12 17 5 40 33 34 41 49 16 47 32 9 34 40 10 20 39 36 20 46 7 30 42 31 24 36 13 45 39 13 38 22 14 36 10 6 41 31 48 37 41 23 33 10 19 9 27 36 46 30 
22 1 42 20 24 21 3 17 28 25 46 2 34 48 36 11 6 41 1 6 25 39 38 4 39 34 21 23 47 38 23 1 36 33 31 23 41 6 38 48 39 10 24 46 29 44 26 41 22 13 8 0 31 10 39 39 39 42 12 18 35 41 26 15 6 21 13 41 35 14 46 12 38 18 8 12 19 39 49 19 8 6 47 21 5 3 28 8 36 12 48 12 5 34 1 46 31 10 45 13 46 
46 13 38 12 14 21 7 7 11 28 29 34 40 42 13 39 22 6 10 12 30 38 46 21 34 33 33 17 11 6 47 6 23 27 1 17 29 45 33 41 40 41 44 8 42 25 22 14 24 43 12 40 0 37 43 33 46 24 32 45 17 17 12 17 22 26 29 27 17 6 43 32 16 26 12 25 39 33 5 44 47 21 6 49 20 11 41 23 28 28 2 27 4 25 16 43 49 14 43 29 27 
29 10 35 41 37 30 26 35 20 31 15 16 12 20 19 25 22 43 24 43 22 12 28 15 32 37 34 6 11 42 20 48 24 3 20 10 6 4 49 30 35 45 42 19 34 21 46 27 34 9 24 38 49 0 37 48 11 4 14 48 28 43 16 41 1 42 18 37 7 14 44 20 13 32 22 3 20 16 7 41 43 27 29 41 37 17 24 10 26 6 4 42 29 46 7 48 6 27 47 34 20 
4 43 29 8 29 7 49 48 48 4 34 45 5 29 4 6 29 7 25 25 16 18 17 43 39 1 13 48 22 27 24 5 49 20 40 32 43 48 46 15 20 25 36 20 16 4 27 14 10 35 29 6 43 42 0 23 43 16 11 8 26 42 26 5 16 24 15 24 46 40 24 19 46 8 39 37 26 1 29 42 6 18 6 25 40 5 15 13 23 31 35 45 20 29 27 32 25 13 21 37 49 
25 39 26 41 4 4 17 7 17 2 29 3 6 47 21 27 47 33 8 29 47 10 13 3 35 20 24 28 7 41 15 31 48 39 5 33 14 9 29 21 4 6 8 47 24 14 8 42 44 20 33 15 9 17 32 0 47 9 15 21 10 36 21 29 14 32 28 3 2 38 17 9 4 21 19 21 7 6 31 21 43 10 40 19 3 23 15 17 20 1 7 4 18 12 32 32 26 39 34 34 40 
47 21 18 27 7 43 40 42 40 39 6 2 9 16 9 43 43 37 20 4 11 40 8 24 21 48 19 35 3 48 38 48 11 25 42 31 32 32 30 40 12 2 10 1 4 25 13 10 32 28 48 5 18 7 25 31 0 8 42 2 27 16 27 2 45 6 35 9 11 39 15 5 16 17 42 36 34 6 49 33 29 4 6 34 3 46 20 22 35 7 17 1 2 22 32 31 18 48 15 27 44 
48 6 45 46 40 32 49 28 18 37 15 49 3 8 14 32 12 2 25 44 4 23 11 22 34 16 46 16 6 44 28 12 23 18 40 9 2 5 38 43 26 22 41 31 7 32 14 40 10 45 47 38 14 19 45 15 21 0 21 11 16 22 7 26 26 41 25 12 23 23 22 29 21 48 7 12 16 46 46 24 23 26 43 40 15 44 24 22 34 44 32 9 40 43 13 6 48 3 43 17 33 
9 33 46 24 26 1 29 47 7 45 4 47 35 38 36 31 18 9 42 26 1 49 21 11 1 43 28 11 43 34 31 34 26 34 13 8 2 49 5 17 32 42 33 1 22 14 7 39 49 24 40 35 35 15 18 47 21 39 0 25 26 17 11 37 24 49 44 25 14 43 34 27 4 1 7 23 7 14 15 9 7 14 29 23 31 49 19 16 15 18 46 35 27 22 42 21 35 17 43 5 21 
40 21 15 5 41 1 16 11 48 33 19 46 49 49 28 4 36 1 44 16 13 8 27 8 42 43 29 35 25 38 21 30 16 4 31 25 29 44 48 12 16 45 30 2 49 22 11 6 40 19 13 41 28 29 29 31 11 31 36 0 48 18 1 35 14 19 30 1 19 30 46 3 35 47 6 44 25 8 24 34 16 38 37 1 39 33 4 18 44 5 15 11 6 33 32 10 32 41 15 5 11 
9 20 29 38 27 13 7 4 45 37 27 5 1 17 40 3 46 38 24 34 5 28 41 21 36 2 36 3 47 15 31 14 21 35 26 2 36 8 34 4 39 43 35 34 23 7 44 44 36 41 15 40 42 45 40 3 42 19 4 6 0 5 13 32 8 19 45 21 43 41 29 39 3 46 17 34 9 1 24 9 28 27 31 21 32 3 35 45 1 15 45 32 9 39 2 43 6 16 15 27 24 
29 46 19 17 20 24 16 45 26 18 1 3 21 28 1 30 33 46 13 7 22 37 28 23 11 15 33 27 46 19 30 24 39 41 39 19 34 6 6 44 34 17 5 30 5 14 35 1 20 31 2 3 9 45 9 27 21 17 38 44 38 0 45 27 48 4 39 3 21 45 48 13 42 43 1 16 1 33 24 14 15 25 43 49 15 31 16 40 7 20 14 33 19 14 2 35 26 21 20 6 48 
45 2 37 35 28 48 15 28 11 26 1 44 24 31 31 17 7 33 17 49 49 8 48 28 14 21 16 34 10 15 8 21 49 23 33 21 13 25 26 9 34 28 19 42 38 24 9 49 43 9 16 11 47 6 29 3 27 28 20 7 18 37 0 32 46 34 6 35 40 38 12 14 11 4 24 1 37 39 4 19 5 38 23 16 9 27 44 24 20 33 42 47 40 49 42 13 41 36 49 26 27 
49 39 43 6 45 38 25 37 23 15 19 7 13 7 25 29 30 12 13 5 9 24 33 11 38 29 10 40 35 38 37 37 48 35 15 22 32 27 27 3 22 41 24 32 41 39 27 11 11 14 19 10 25 5 18 19 29 39 30 25 30 3 1 0 10 32 47 30 39 39 2 36 42 30 37 20 40 7 2 23 38 30 13 2 10 4 29 12 38 8 27 35 30 30 10 23 29 24 40 34 34 
36 2 40 49 27 9 27 19 21 15 18 23 2 36 44 21 12 44 46 24 13 6 41 35 9 15 14 44 35 40 13 18 35 14 6 36 37 9 24 13 35 12 18 6 17 4 5 45 32 25 4 38 10 20 13 2 21 1 34 40 17 20 45 35 0 45 23 35 8 1 23 8 7 35 40 37 32 48 30 3 25 48 34 38 4 27 27 6 1 30 40 14 7 46 17 29 46 37 49 6 25 
35 45 5 12 14 45 25 47 24 24 15 21 6 6 15 13 9 49 29 43 19 10 27 16 46 19 27 33 20 33 46 29 49 36 28 46 22 29 14 49 32 20 15 4 47 47 45 12 9 11 42 23 8 5 15 39 18 27 11 29 22 19 39 43 9 0 3 25 11 48 49 28 32 25 39 6 18 49 1 4 15 12 41 10 11 49 35 23 15 29 47 7 45 32 30 11 27 24 30 9 35 
15 32 25 22 6 42 1 36 13 37 7 44 29 17 40 21 5 8 25 4 20 49 33 14 33 43 41 16 13 9 48 27 2 29 43 7 48 45 5 7 44 21 44 19 44 4 3 21 45 7 1 47 12 21 38 16 22 14 20 6 44 46 11 24 19 43 0 27 19 5 10 25 30 16 5 43 17 12 4 39 2 40 38 7 10 34 2 4 23 17 39 47 7 23 30 12 27 12 26 30 38 
15 33 42 39 21 40 4 14 37 25 2 31 28 46 17 3 2 42 29 34 18 6 15 27 47 22 45 4 12 17 14 24 35 32 36 38 2 1 44 23 38 10 25 6 3 20 49 24 10 40 13 44 34 35 12 15 4 1 35 40 43 24 30 30 48 45 3 0 43 8 6 37 38 17 26 13 30 19 1 28 42 5 12 35 39 38 11 46 6 45 37 8 15 19 9 39 17 41 7 22 7 
41 14 33 14 45 11 9 15 45 48 47 1 15 28 4 26 25 33 26 37 35 11 23 16 42 14 47 49 24 33 22 12 42 34 42 23 14 13 14 3 15 18 2 32 48 37 34 46 10 32 44 9 17 34 38 1 33 11 7 21 4 37 36 10 12 4 40 35 0 13 46 21 8 16 1 16 15 39 17 44 46 26 16 28 7 5 3 45 39 17 16 25 17 12 1 30 7 38 34 18 27 
2 2 9 42 36 48 25 3 3 37 5 43 13 12 10 33 13 26 31 23 20 35 6 21 13 38 36 21 5 46 3 18 20 12 43 41 3 6 48 7 21 34 31 40 40 22 43 13 45 39 4 41 41 3 35 32 30 7 47 31 32 41 36 12 16 24 31 28 48 0 17 12 45 3 3 9 16 28 7 26 47 19 6 16 27 20 30 27 30 36 5 5 13 28 18 13 45 44 11 40 24 
26 45 28 22 18 25 6 46 43 6 24 27 14 31 12 3 35 42 34 46 3 45 9 31 17 21 37 37 19 12 13 16 23 8 17 4 35 26 33 42 27 31 13 14 38 13 6 7 34 15 35 30 29 3 7 45 27 48 44 45 26 5 34 15 36 1 26 29 33 11 0 2 13 8 24 35 42 42 42 26 26 27 31 27 36 1 32 12 6 15 23 27 2 19 14 36 7 34 7 33 37 
28 45 34 31 40 42 49 37 30 43 12 22 40 7 42 19 37 40 31 40 8 36 32 11 40 21 12 2 16 26 48 23 43 35 46 23 5 41 6 32 6 17 42 47 43 6 37 11 7 22 13 29 11 7 9 32 18 46 19 18 39 30 40 21 14 44 40 6 42 41 47 0 3 17 39 47 18 14 44 8 33 39 25 43 6 35 15 24 12 16 47 42 13 34 35 9 28 27 2 17 4 
24 47 45 39 28 18 24 46 21 35 24 20 3 43 11 19 35 24 9 48 25 2 30 37 27 10 8 5 14 44 27 44 25 17 9 40 22 4 15 12 26 49 5 41 47 47 31 31 25 26 4 19 18 2 35 14 46 4 31 15 19 15 1 21 31 17 45 22 45 3 7 41 0 2 11 7 3 25 12 21 33 34 2 29 16 7 12 19 19 16 45 10 3 46 19 4 22 32 27 47 4 
11 34 28 20 36 31 44 42 9 11 5 20 41 25 46 36 28 27 17 28 3 29 16 18 17 16 8 26 5 44 22 21 20 13 40 33 21 32 45 41 21 5 34 30 32 45 19 18 41 40 28 9 1 12 36 10 5 34 4 16 13 14 15 45 47 48 24 34 37 23 41 36 5 0 38 24 20 40 32 27 44 27 40 18 32 48 32 46 14 37 11 11 6 46 6 27 49 11 17 37 19 
11 25 27 14 26 25 21 21 5 27 2 21 1 37 27 48 1 23 44 19 5 38 37 13 20 30 31 22 32 5 3 23 27 30 19 18 28 1 27 44 1 43 27 46 31 43 45 39 24 13 39 32 44 44 18 38 30 5 9 36 20 34 44 20 31 46 12 49 38 11 32 37 8 13 0 37 16 38 29 47 32 28 38 5 49 11 5 29 30 48 44 47 26 35 42 41 27 10 28 12 17 
14 23 28 15 9 35 37 32 23 10 25 10 19 38 32 45 46 11 7 49 8 28 48 43 35 44 23 35 11 41 20 5 40 1 7 18 45 18 12 11 46 15 13 4 27 1 49 13 45 29 25 7 41 5 17 19 12 18 7 20 38 11 4 30 10 3 36 49 1 14 41 18 10 40 10 0 38 32 39 31 28 13 49 1 35 19 32 2 14 26 13 35 9 6 7 31 25 30 5 46 1 
47 28 31 41 34 41 14 24 21 3 6 5 27 41 22 25 11 30 23 2 21 13 39 16 35 49 9 3 49 22 24 23 16 5 21 42 21 12 13 12 7 49 33 44 33 38 42 45 8 17 49 46 18 35 6 39 44 24 27 3 34 41 3 21 20 10 48 47 37 16 4 2 16 23 32 23 0 20 39 22 17 35 42 49 28 46 29 10 41 6 28 44 11 8 3 30 27 6 20 28 37 
13 15 24 31 10 25 46 11 38 49 35 35 7 46 21 14 11 29 38 46 37 44 10 18 13 37 47 40 41 10 13 32 24 21 45 3 24 6 14 2 25 15 40 21 43 8 31 1 15 38 3 14 37 6 24 14 37 30 14 25 15 40 40 34 31 36 20 11 13 31 49 33 28 9 2 24 7 0 23 6 45 46 44 46 15 2 6 37 14 35 14 32 25 43 18 29 23 8 7 29 9 
29 4 29 19 35 15 31 4 12 38 6 37 47 13 1 48 1 41 40 28 8 23 23 41 43 48 37 36 25 2 44 35 5 49 45 13 23 48 10 12 46 25 21 25 34 20 48 18 19 9 26 11 7 28 1 20 18 19 16 3 13 37 44 32 47 29 20 19 14 11 20 15 2 48 19 30 19 37 0 34 24 3 32 35 34 5 14 33 39 20 12 42 14 8 38 35 36 23 22 37 29 
13 46 15 25 24 39 49 44 25 4 10 5 26 25 40 40 46 19 20 10 35 19 5 26 2 43 5 29 19 27 41 12 43 44 24 41 32 21 33 4 5 40 43 4 17 49 46 29 44 28 14 15 34 9 36 25 38 39 1 11 29 28 9 35 4 40 14 46 15 42 5 6 28 43 35 25 4 14 33 0 3 8 8 48 8 22 21 48 44 41 6 45 39 18 31 28 23 11 8 3 8 
31 11 29 31 45 46 23 12 48 41 1 26 7 37 4 32 5 42 43 1 26 36 33 28 3 32 8 2 8 2 2 36 48 19 36 30 27 24 46 18 34 45 31 3 12 32 6 1 14 5 49 31 10 37 14 3 29 4 40 39 22 16 47 47 43 47 44 47 12 47 41 11 47 41 24 25 40 48 8 21 0 46 46 29 22 26 6 11 35 42 21 14 10 16 16 37 5 39 1 15 26 
10 17 48 6 12 9 37 27 20 8 26 13 34 47 14 10 48 1 4 32 30 37 27 10 42 14 24 42 30 11 14 29 4 15 37 23 8 19 40 3 43 17 32 40 17 39 39 16 30 9 34 34 2 35 37 43 4 19 6 18 11 21 6 40 10 45 49 28 47 4 20 20 39 40 23 36 15 33 48 44 4 0 32 7 34 44 14 29 29 27 33 22 42 15 34 27 35 11 37 18 21 
17 25 28 28 10 27 14 36 35 41 44 26 19 47 41 10 11 47 14 25 32 28 18 36 25 30 35 16 47 6 32 24 25 8 45 16 17 46 39 19 42 16 14 19 34 16 17 24 12 14 8 41 30 21 45 47 2 48 37 42 38 9 6 29 41 25 8 2 33 22 15 27 8 22 34 35 46 31 43 48 28 46 0 30 23 24 9 13 36 8 28 11 17 10 35 4 36 45 18 42 31 
10 38 13 24 10 28 40 3 8 14 43 19 21 14 46 36 18 39 16 11 10 26 38 41 19 38 10 39 21 27 15 43 15 43 8 4 37 23 15 36 47 44 41 8 17 17 14 29 34 30 20 9 40 11 13 48 8 20 42 49 29 8 5 15 33 38 40 16 29 35 26 8 25 31 20 19 38 38 12 46 13 44 36 0 47 46 37 1 43 28 26 18 22 1 36 6 45 6 41 24 6 
44 20 37 26 38 26 33 49 41 38 8 46 9 22 5 1 47 8 32 10 6 48 8 10 40 48 40 31 31 18 34 28 39 21 37 1 35 16 34 45 35 13 49 27 21 13 20 46 3 47 45 32 12 26 47 43 3 21 33 21 44 26 13 16 26 43 19 12 34 15 23 26 17 49 4 45 25 3 29 48 43 34 22 4 0 6 33 22 39 29 12 36 24 26 45 4 44 35 14 8 23 
9 41 38 43 31 24 23 13 25 19 38 44 41 21 17 16 21 30 11 35 22 36 21 1 35 26 39 23 18 43 47 30 31 42 38 33 20 10 4 18 40 12 32 29 31 11 3 8 36 29 49 21 44 22 28 2 7 35 18 21 47 11 6 38 19 38 40 34 6 35 48 45 8 16 37 37 24 7 22 19 35 25 33 11 12 0 35 31 33 46 24 47 18 15 15 47 29 11 48 49 22 
11 27 15 47 18 21 29 27 35 19 38 5 19 26 45 35 39 28 19 35 8 25 16 28 27 7 1 33 30 7 28 24 1 33 6 13 5 42 17 20 29 29 27 30 15 14 15 7 17 36 14 43 11 36 23 48 6 4 22 32 49 7 19 48 24 15 8 20 22 4 17 18 10 13 46 9 26 18 34 38 10 38 36 37 20 35 0 44 22 39 29 13 46 35 9 9 34 25 39 38 40 
4 11 13 3 9 40 12 44 7 28 35 36 22 33 37 37 16 44 3 15 35 35 15 38 19 14 2 27 26 15 36 26 32 37 13 14 15 14 39 46 46 38 13 24 47 35 27 16 34 37 21 11 49 45 21 34 21 30 31 9 44 31 9 29 46 44 35 12 26 47 4 42 21 24 8 49 34 5 44 21 21 11 19 21 31 22 33 0 16 33 15 23 32 27 21 36 40 9 43 8 42 
29 34 8 20 23 41 19 47 22 18 13 14 23 5 39 28 18 3 5 9 18 17 48 19 42 38 7 45 5 16 30 1 13 26 22 31 32 19 28 40 26 27 24 12 24 5 23 19 20 1 8 40 3 30 38 48 43 34 7 28 38 34 43 10 23 23 20 34 38 40 31 31 22 17 5 32 1 14 17 2 5 23 3 46 13 32 32 20 0 13 7 37 6 11 3 17 41 43 2 45 8 
46 43 30 9 13 1 25 20 49 41 6 10 11 6 21 9 39 36 25 7 27 33 12 21 2 16 32 39 25 27 3 21 7 18 31 40 19 11 38 4 37 26 37 16 23 35 28 47 36 20 4 25 29 45 40 19 43 45 8 32 5 13 30 49 11 46 36 32 35 16 38 38 28 32 10 18 40 4 36 9 5 31 27 7 11 20 8 43 36 0 47 1 11 28 16 26 21 31 32 28 21 
29 7 47 25 47 14 30 1 30 13 33 26 3 35 42 9 32 2 29 28 22 19 22 17 42 42 26 24 25 34 12 8 33 9 39 39 41 5 2 22 18 38 7 2 14 20 43 16 28 29 25 12 46 22 16 4 43 21 16 49 46 28 44 18 19 42 49 49 20 46 29 38 22 7 21 11 20 5 18 18 2 14 3 25 41 39 33 36 33 23 0 34 29 49 36 41 44 26 38 25 46 
44 1 20 17 39 5 20 18 44 1 41 15 42 4 14 40 42 16 47 4 19 5 2 25 47 19 3 10 31 30 20 21 17 45 38 4 29 6 5 3 27 5 14 31 30 46 26 39 24 11 31 35 39 27 33 48 19 49 3 44 17 11 37 46 48 13 22 33 14 47 3 38 48 26 20 27 44 7 38 35 10 47 11 8 42 44 10 35 37 12 26 0 11 19 45 35 17 33 2 43 9 
9 45 48 2 41 18 45 49 37 11 26 28 32 45 17 8 36 47 19 15 32 17 12 15 11 31 7 20 48 15 16 40 33 25 35 37 40 13 40 9 11 19 46 3 14 2 29 4 15 37 15 15 14 17 40 49 32 10 22 40 5 20 1 14 19 12 32 13 4 33 25 1 36 39 6 9 25 2 17 19 49 1 32 28 39 36 34 28 46 19 44 10 0 41 39 26 4 48 9 5 4 
28 17 5 33 39 2 20 7 7 38 44 20 3 1 6 15 18 39 13 16 20 23 13 20 4 38 26 36 49 23 15 30 43 20 1 1 34 45 29 45 36 2 43 21 11 17 19 36 48 8 23 11 10 27 48 29 29 26 9 33 39 13 23 23 28 47 3 39 26 28 32 13 48 44 43 8 35 49 49 26 42 40 28 30 17 8 49 11 10 24 40 13 14 0 33 24 40 9 36 29 8 
44 49 17 17 37 27 26 47 26 21 18 3 45 43 12 15 43 21 31 31 30 22 14 14 39 12 9 41 46 18 34 7 10 47 17 17 13 15 1 17 7 33 16 36 33 16 23 20 27 36 44 38 30 39 23 36 24 33 47 33 6 3 44 31 13 16 18 12 21 2 36 40 39 12 36 29 34 45 42 45 39 27 11 43 21 2 30 48 34 34 10 28 20 31 0 34 7 2 44 10 12 
12 3 3 25 47 4 28 27 41 43 17 19 39 42 18 34 28 40 15 2 18 18 45 32 22 12 39 7 13 43 38 10 15 25 19 23 15 31 4 32 24 26 41 33 18 25 35 40 16 45 35 11 12 10 47 8 15 33 27 30 36 23 7 48 30 31 30 8 8 30 10 35 24 32 36 31 4 15 17 27 10 21 22 4 40 8 32 19 45 28 8 8 43 14 44 0 34 42 15 10 41 
28 47 30 16 49 40 8 33 38 38 8 28 11 12 36 34 4 47 34 46 5 38 10 32 14 10 12 37 11 31 42 34 33 15 25 47 24 9 37 20 32 13 23 38 20 16 4 21 44 49 28 13 9 25 9 13 28 10 10 38 41 9 15 24 6 21 2 12 13 5 14 16 14 6 2 43 39 28 13 19 22 40 19 8 38 45 49 33 32 11 2 12 38 30 16 3 0 17 49 45 7 
45 44 39 21 1 5 7 40 38 14 31 44 42 31 37 38 35 37 10 38 23 1 14 4 29 27 21 22 4 26 33 49 34 8 35 35 5 15 37 17 25 13 47 25 9 34 1 27 29 3 10 3 17 31 28 3 8 10 31 29 4 44 26 38 18 27 16 15 2 38 44 18 18 42 11 19 11 31 34 29 39 21 38 25 14 30 40 39 36 29 40 47 39 3 27 11 16 0 29 31 37 
27 45 22 4 7 21 29 9 31 1 46 49 23 16 4 43 47 22 30 47 13 22 3 7 41 39 18 44 14 30 46 19 47 27 36 13 27 17 22 6 31 23 46 23 15 12 9 20 12 42 18 29 5 15 10 1 1 32 2 49 30 13 12 23 19 6 26 42 33 33 25 40 36 9 16 23 44 48 15 27 18 31 7 14 37 26 20 9 4 44 42 32 2 17 7 39 4 20 0 16 15 
49 17 13 27 17 38 45 32 11 33 46 27 35 35 31 18 16 35 38 37 13 14 20 26 44 17 49 43 28 28 31 43 35 12 25 34 48 28 30 15 27 34 44 6 40 41 43 1 41 39 29 34 23 9 20 38 21 9 12 26 49 18 46 28 34 25 39 16 3 6 42 10 34 28 12 18 22 17 46 11 34 29 33 35 39 45 44 14 39 11 27 45 30 18 4 41 10 4 16 0 13 
30 2 15 49 17 35 21 42 15 28 35 9 40 41 10 23 40 12 7 37 45 25 22 42 33 24 23 22 11 43 21 23 7 10 49 16 9 35 42 33 11 14 8 26 44 32 33 7 28 19 26 48 28 45 36 26 34 28 15 33 20 43 26 45 16 30 47 16 10 15 48 33 6 25 30 27 28 27 34 25 45 29 39 14 31 27 4 11 14 10 39 24 15 7 34 23 27 30 35 48 0 
