n: 100
m: 8
Pi:U[1-99] 38 48 5 52 15 40 33 78 12 62 22 66 66 68 93 82 6 13 80 80 91 98 74 67 75 42 81 81 73 10 3 25 65 80 90 61 5 18 27 3 83 18 45 74 95 3 36 2 82 4 26 84 37 93 59 60 19 26 82 50 4 68 10 10 34 46 40 97 80 58 85 25 8 28 38 89 94 90 61 95 92 68 62 84 22 92 10 95 72 7 78 87 59 16 21 12 27 17 18 98 
Si:U[1-49]
0 9 44 3 15 17 27 46 34 24 43 10 20 44 49 47 27 35 17 14 21 13 11 4 2 23 5 44 32 1 30 14 13 4 48 8 32 8 3 47 10 48 49 12 40 27 2 28 41 36 15 40 49 20 1 26 12 13 31 49 2 33 3 19 15 39 8 25 44 12 8 20 24 15 19 19 19 41 42 14 36 2 13 22 2 19 38 9 21 28 6 47 13 11 2 24 23 17 22 20 5 
34 0 45 14 41 3 11 41 22 47 3 5 30 16 33 1 7 9 27 1 2 1 31 40 11 9 35 2 32 23 6 4 31 31 19 31 47 3 34 3 25 32 20 41 45 41 38 29 37 29 47 2 3 9 8 25 8 24 43 29 45 22 15 45 11 37 10 3 12 13 18 1 34 11 39 15 47 28 38 46 23 15 21 19 49 7 39 20 40 23 40 40 13 37 35 42 36 32 13 32 6 
39 4 0 39 21 12 1 13 42 38 3 32 1 46 18 12 8 19 13 29 47 30 44 1 13 2 21 29 22 25 8 38 16 29 24 39 6 33 46 27 4 4 4 46 19 2 15 32 6 10 11 29 22 11 21 21 8 40 47 44 29 18 34 17 1 37 20 9 15 14 37 17 10 41 33 17 33 34 44 43 12 30 41 43 36 18 33 35 47 33 24 25 27 31 1 41 1 11 27 15 21 
41 23 48 0 47 26 33 39 20 1 1 3 25 46 30 45 9 30 12 5 34 22 17 3 38 24 21 47 38 2 42 12 26 11 9 18 26 37 10 11 4 14 39 2 6 46 49 23 26 24 29 16 2 26 47 17 14 13 7 2 13 45 43 25 30 14 43 14 14 26 20 37 28 11 42 24 18 20 6 39 44 17 44 25 44 8 9 23 2 15 41 19 42 45 20 35 5 29 34 25 25 
2 42 36 9 0 38 35 44 32 27 27 27 45 12 14 21 9 13 23 7 34 20 42 10 18 13 26 6 32 15 34 32 47 48 24 43 44 44 31 27 12 2 17 10 48 45 30 15 41 39 5 8 39 33 13 35 27 27 21 24 30 29 37 27 25 44 37 17 44 14 19 30 6 37 19 35 48 4 17 5 46 41 34 5 19 25 30 41 6 11 39 43 10 6 9 34 41 14 16 15 37 
24 15 36 28 15 0 34 35 23 28 48 39 32 37 23 19 40 42 19 19 44 45 44 25 8 48 21 4 31 3 7 35 14 28 2 14 22 3 45 41 43 46 6 28 33 25 36 32 7 35 10 12 8 46 30 7 27 6 35 40 42 49 35 17 16 19 43 35 38 46 5 26 16 49 22 17 15 46 46 22 27 28 40 41 11 31 10 34 49 4 49 36 38 49 37 49 16 24 16 19 41 
3 1 43 35 4 21 0 33 42 18 47 23 21 33 23 23 28 41 37 36 4 15 33 44 30 28 17 18 3 5 6 15 24 16 24 10 38 27 16 10 26 36 5 14 36 38 32 41 11 14 28 6 13 45 17 45 19 6 49 15 19 12 5 20 44 38 48 17 28 25 17 18 14 23 31 44 47 23 25 6 24 31 35 49 32 34 11 37 39 18 39 45 17 6 29 16 10 49 41 46 9 
21 10 7 45 30 16 47 0 8 49 43 34 46 43 29 17 10 49 3 15 37 8 24 46 10 33 6 6 46 17 31 45 34 41 42 12 23 49 34 38 7 2 39 21 45 20 31 32 16 2 24 34 43 12 24 5 44 19 17 48 12 10 11 23 12 39 15 10 42 19 47 43 28 4 40 30 19 19 28 18 48 43 25 15 31 35 21 12 8 46 47 3 6 1 47 27 40 31 40 4 7 
39 11 25 14 26 18 35 15 0 44 30 27 47 23 44 44 42 37 26 38 38 34 5 25 32 26 9 36 20 27 39 14 7 31 28 3 35 45 48 17 35 18 15 1 47 27 7 31 39 3 46 47 8 3 15 33 37 6 5 6 10 26 13 34 38 10 17 6 40 18 25 4 41 25 1 28 43 43 18 14 33 48 45 28 43 9 48 42 20 14 18 26 20 33 13 37 36 11 25 18 31 
36 38 42 39 10 3 22 26 44 0 15 33 38 3 42 33 43 44 15 25 14 21 17 1 20 10 25 12 10 16 49 25 9 11 10 17 13 33 17 12 7 9 33 46 36 7 8 42 23 37 29 22 7 35 18 21 21 26 9 6 7 11 2 24 12 13 35 15 28 37 49 19 21 49 14 31 47 6 19 37 28 9 40 17 19 33 25 12 8 26 42 2 42 24 30 34 30 9 6 4 22 
36 27 10 23 17 40 17 18 24 47 0 43 16 33 3 9 22 47 6 40 47 12 17 41 9 34 33 37 2 48 37 31 32 19 47 34 2 38 44 49 49 45 29 37 23 14 20 49 12 30 14 1 49 7 12 33 20 47 31 49 37 16 27 20 11 35 40 20 26 23 25 16 33 46 7 17 5 22 31 13 27 37 41 11 29 34 16 38 3 25 23 22 39 8 32 36 48 32 46 9 29 
16 12 49 27 48 22 29 38 10 49 41 0 33 6 2 1 18 48 10 8 16 13 13 37 31 18 11 21 12 3 7 27 14 10 45 7 22 3 48 26 27 45 12 30 40 1 27 29 29 45 47 4 9 49 39 32 46 8 22 4 4 5 45 26 30 6 10 45 10 19 40 3 15 4 13 2 10 28 8 39 33 39 39 16 13 32 35 5 15 35 30 21 21 2 21 49 33 25 9 14 32 
46 18 30 4 3 29 18 44 3 1 9 38 0 44 24 42 6 11 6 1 29 49 32 6 44 29 19 33 21 30 35 18 13 46 34 1 12 29 39 13 15 5 38 17 15 33 30 28 46 16 2 25 13 21 17 11 48 23 40 18 39 32 46 5 47 30 33 40 35 14 27 35 40 10 36 4 11 13 19 44 1 18 14 5 41 30 26 8 39 1 30 38 21 20 16 33 16 12 27 30 21 
2 46 16 38 17 9 21 15 40 12 25 13 35 0 6 1 3 30 26 2 17 15 32 12 37 20 29 22 27 4 48 29 7 8 42 49 24 44 45 4 20 17 27 33 1 19 17 26 2 21 15 49 22 3 2 40 29 14 2 25 27 43 38 43 10 37 42 15 10 17 30 14 4 12 26 18 19 49 14 13 11 5 8 41 43 36 18 30 28 48 31 29 47 25 20 48 12 6 42 27 13 
38 34 4 45 48 11 47 47 34 46 21 18 7 4 0 7 47 6 47 9 13 36 17 43 13 36 17 24 30 19 35 16 26 12 3 18 44 18 48 23 41 38 7 3 23 20 3 40 49 4 45 10 5 49 20 19 39 10 44 48 3 3 7 5 2 22 6 40 32 33 3 6 43 10 36 39 31 49 11 27 18 48 42 8 14 46 18 15 16 2 1 22 17 38 5 33 12 20 14 26 48 
14 8 16 1 31 35 19 43 3 43 32 1 9 49 27 0 38 20 32 25 11 42 30 47 23 20 23 20 33 3 21 36 49 16 36 38 11 15 39 38 3 31 26 44 49 14 5 7 47 29 20 30 30 4 2 23 34 2 3 15 38 25 40 36 29 3 46 12 26 47 33 23 16 6 15 23 47 14 4 7 22 36 18 10 48 14 12 9 42 19 22 42 14 26 33 37 2 36 14 12 9 
40 34 37 11 13 9 48 39 6 39 41 3 31 13 1 17 0 23 17 28 28 11 49 20 6 15 42 21 9 41 12 45 47 21 40 33 46 12 8 38 4 5 22 18 43 6 12 44 43 26 12 39 36 15 4 25 15 28 29 13 23 36 47 30 11 11 42 46 27 4 22 43 12 23 38 34 29 19 3 31 24 28 33 17 3 22 20 11 18 42 49 14 10 24 22 4 11 6 26 40 35 
20 40 17 16 26 9 30 1 21 13 44 24 44 13 17 31 4 0 47 38 6 33 29 19 27 31 10 23 33 38 24 6 40 27 37 31 36 24 4 28 30 3 34 13 23 27 6 11 4 35 39 13 40 4 23 9 17 13 8 1 31 42 42 6 12 46 34 33 27 39 19 48 40 24 35 37 35 29 28 48 27 22 40 6 33 23 1 8 46 44 4 28 6 14 1 1 22 24 38 3 31 
47 24 2 13 28 13 25 9 28 44 4 7 31 7 46 35 28 43 0 27 2 3 47 49 46 26 26 26 23 10 19 17 14 26 39 14 28 16 17 29 2 3 21 38 30 34 21 14 36 7 33 24 16 42 12 21 39 40 31 37 43 20 26 41 45 5 43 23 15 25 18 26 45 35 28 25 30 1 9 46 11 44 38 4 46 27 33 29 28 8 40 3 6 49 6 37 9 24 16 27 26 
17 27 47 44 31 36 35 14 6 48 35 8 6 16 44 30 30 43 39 0 8 21 32 48 6 32 40 45 38 32 8 15 33 42 20 14 34 49 36 6 18 41 47 9 27 39 20 2 49 25 25 37 37 32 3 4 44 7 40 13 22 28 22 10 24 29 26 29 27 13 2 31 9 10 26 41 17 26 7 22 46 3 37 1 19 1 41 28 15 36 35 2 49 34 42 29 19 23 44 15 13 
37 42 49 32 44 8 29 42 43 11 23 42 16 3 15 27 36 35 35 15 0 31 39 28 5 20 48 36 11 38 20 19 14 8 26 8 22 13 25 34 40 10 13 45 28 31 16 36 23 12 46 36 23 2 49 14 18 7 42 8 18 13 22 27 30 19 22 48 41 41 28 14 12 17 25 20 18 7 12 31 5 43 49 11 35 3 42 6 20 18 41 12 1 25 41 12 2 30 43 16 31 
42 23 35 3 45 21 42 14 14 48 38 22 47 43 49 45 24 39 36 46 48 0 38 16 13 33 34 47 5 44 45 9 26 49 20 10 6 49 46 30 9 29 33 26 2 9 34 12 1 28 17 39 15 49 38 30 30 18 11 47 15 11 19 43 5 30 44 37 49 39 6 23 1 20 45 49 17 36 18 1 33 37 9 21 40 30 40 8 15 36 2 42 29 41 49 4 44 37 6 10 5 
46 7 25 24 49 46 31 13 33 34 16 13 10 45 25 19 1 20 21 21 13 31 0 11 9 6 22 14 48 37 21 25 32 38 27 41 15 29 25 20 38 39 16 15 29 44 5 2 47 11 34 42 10 36 36 8 2 34 40 48 2 35 20 29 41 29 28 35 18 19 25 45 34 38 27 16 15 27 4 11 2 47 23 7 5 33 45 34 7 2 2 2 46 4 29 18 12 36 21 4 6 
14 23 40 16 25 42 21 12 11 14 19 3 1 9 28 28 24 24 48 12 44 16 35 0 14 11 22 18 18 5 33 31 27 22 41 17 43 5 45 4 15 10 27 42 1 36 39 15 31 13 18 5 35 13 3 47 33 42 8 12 11 19 34 5 2 16 34 44 30 28 10 34 41 21 3 49 47 39 12 26 12 25 25 34 45 32 42 27 14 16 17 24 32 40 5 8 28 24 42 15 28 
44 45 16 29 43 42 35 35 28 29 35 19 39 11 4 33 23 17 49 37 46 2 12 12 0 45 36 6 24 30 40 13 27 37 23 9 7 22 22 27 13 35 6 7 31 29 10 20 44 20 38 5 28 18 15 42 39 5 28 28 45 25 20 15 40 14 26 7 33 10 22 35 42 48 8 14 17 14 27 29 18 21 12 11 42 27 10 30 3 11 43 44 31 44 36 1 28 16 39 3 4 
8 12 14 40 22 9 6 36 38 18 46 37 6 36 13 12 25 32 41 9 45 3 20 10 49 0 18 18 30 14 15 23 45 21 12 11 41 10 46 26 38 28 18 31 12 27 24 5 12 29 28 18 49 26 32 21 9 2 48 43 37 8 6 2 44 44 46 1 36 34 21 22 33 46 3 7 44 29 22 9 19 16 9 26 12 25 14 25 45 46 46 47 12 41 15 39 33 42 34 6 31 
23 33 17 2 44 39 33 17 44 1 1 34 22 26 46 14 5 38 12 46 44 41 12 11 32 15 0 12 44 1 44 27 6 35 43 7 4 43 22 43 23 36 37 1 39 45 21 17 35 9 34 36 20 18 30 16 15 11 8 26 19 44 39 27 28 42 21 43 20 18 25 7 34 48 34 3 29 13 5 25 3 24 43 19 24 37 49 14 24 26 28 44 7 46 36 26 12 43 5 19 10 
26 4 16 25 30 48 36 43 11 18 21 13 29 32 5 49 49 23 33 39 20 18 46 43 33 8 17 0 48 48 38 6 38 6 24 23 15 4 23 39 19 2 11 2 41 35 16 23 22 28 2 30 13 29 14 33 19 46 8 43 45 46 8 15 39 33 37 13 43 32 22 20 45 17 24 48 36 22 3 5 2 2 34 1 22 30 49 12 29 36 28 31 19 22 5 12 13 13 36 46 33 
36 11 11 14 47 8 18 6 26 29 41 24 21 47 38 38 47 4 12 6 17 5 24 9 10 26 28 15 0 43 41 13 23 41 41 41 30 26 48 40 10 5 1 13 47 36 43 9 29 48 3 2 36 28 41 15 34 29 49 3 44 25 33 33 4 28 25 39 3 41 25 30 39 38 9 17 40 34 11 10 25 15 41 43 5 41 11 44 39 13 19 21 45 7 12 25 18 23 27 23 8 
15 47 34 12 41 30 8 27 48 25 20 35 49 42 21 10 32 17 41 8 49 23 24 37 40 23 42 18 42 0 8 32 39 36 26 48 5 28 5 17 46 18 27 22 47 31 28 39 43 35 17 21 30 1 21 17 9 37 32 42 31 45 41 38 49 47 9 45 47 23 34 16 14 33 25 20 22 16 24 45 12 21 15 11 6 27 14 32 31 11 27 39 11 35 49 41 14 37 42 18 12 
6 12 8 30 2 49 23 41 17 22 24 6 1 17 8 34 17 49 47 24 25 5 10 7 1 32 14 1 22 41 0 21 5 20 49 11 46 29 18 1 13 9 23 35 28 39 40 21 17 7 5 43 18 24 41 48 45 22 8 44 9 45 31 11 21 15 2 46 37 4 41 9 48 45 17 28 32 44 30 37 12 23 25 12 6 6 5 33 31 24 9 26 16 33 2 29 43 45 43 18 17 
41 18 45 23 39 49 22 25 26 48 40 44 39 20 6 24 11 33 24 13 48 2 41 4 3 14 3 20 18 31 15 0 33 42 41 38 38 6 49 38 24 34 36 45 47 32 31 27 19 30 34 21 15 49 25 32 8 46 36 21 36 39 27 37 9 10 3 5 21 43 20 27 37 13 6 4 7 25 13 49 48 30 41 41 45 41 1 11 40 22 15 20 5 22 27 34 32 6 49 3 46 
28 47 15 24 15 25 27 22 2 7 44 14 1 16 24 4 8 21 34 39 26 18 22 28 42 5 40 22 43 41 10 42 0 19 43 1 14 46 30 21 23 25 28 2 34 31 9 24 45 42 5 38 15 42 32 30 29 9 14 22 6 12 23 38 14 42 4 45 41 9 37 48 38 45 30 27 35 14 7 23 11 18 6 13 26 19 21 15 46 41 19 9 22 20 28 1 30 33 40 12 29 
42 16 6 24 48 14 30 17 19 5 23 10 31 8 40 10 7 49 3 8 32 2 40 36 25 42 12 15 20 20 43 5 32 0 20 49 6 28 15 37 18 40 31 49 7 9 20 8 4 8 18 11 31 49 31 9 5 31 27 24 29 35 49 5 12 10 45 3 37 45 10 44 37 22 20 29 46 17 30 35 6 26 33 45 14 37 6 7 49 37 9 23 15 2 6 48 3 9 30 11 37 
47 33 15 42 34 49 28 48 38 15 9 41 12 34 30 47 5 30 16 10 35 13 45 25 45 9 2 10 44 3 23 21 7 22 0 37 21 13 44 5 39 29 34 9 17 33 33 37 27 29 21 34 15 33 2 15 6 29 30 38 4 19 43 48 34 34 44 45 16 20 19 41 35 27 13 18 7 5 31 3 24 19 26 35 13 32 46 44 5 10 12 19 14 21 16 45 22 43 23 19 11 
41 17 28 20 13 45 48 5 21 12 35 43 34 6 10 12 28 28 8 2 31 7 25 47 5 26 41 25 21 39 21 35 27 43 13 0 21 11 14 26 1 18 11 23 6 48 30 18 35 29 4 41 2 26 11 21 45 31 49 10 7 25 27 3 13 18 24 40 32 49 2 16 22 46 5 44 36 2 11 5 43 18 16 41 31 23 43 15 21 2 21 5 14 34 9 3 11 45 6 7 43 
5 33 14 5 11 31 43 2 25 48 7 48 3 17 4 47 6 17 44 40 41 35 37 41 21 47 19 31 36 23 26 37 25 36 19 7 0 18 4 17 26 43 3 19 44 22 11 33 29 42 38 27 28 32 41 7 32 20 25 19 11 19 34 4 40 18 37 10 16 34 44 46 23 16 27 17 17 21 37 7 4 36 33 6 3 18 6 32 26 10 37 36 21 7 37 25 8 33 13 5 14 
5 42 3 38 33 20 17 37 48 8 16 41 34 36 39 45 35 13 6 49 31 38 11 18 7 5 12 33 47 34 25 14 8 10 21 44 21 0 24 28 14 9 49 36 22 41 39 9 43 4 11 35 21 18 45 13 44 47 11 42 43 17 49 28 16 21 8 44 14 8 27 31 29 45 44 7 42 19 23 23 14 46 39 15 1 20 38 38 13 30 48 32 7 7 41 37 1 20 18 31 7 
19 9 43 1 26 28 1 24 10 27 33 3 30 7 34 36 38 19 25 49 38 35 9 12 16 22 30 28 41 19 46 13 12 16 48 47 1 12 0 35 33 29 46 13 41 2 11 39 44 44 6 46 26 18 35 37 10 23 49 16 7 36 20 3 3 28 26 35 19 26 16 26 11 5 24 46 25 21 38 35 18 38 25 41 7 26 18 41 38 9 18 2 29 2 34 14 20 16 18 4 26 
32 34 12 30 18 34 11 2 34 39 12 10 39 21 17 33 21 20 17 2 41 8 19 1 16 27 20 24 38 22 33 11 46 37 47 13 49 36 35 0 49 46 42 21 48 13 8 20 36 49 17 6 18 39 5 7 25 9 31 12 24 37 9 29 46 1 31 31 4 30 42 33 11 10 22 48 1 10 27 17 25 28 39 4 7 15 16 40 10 36 8 28 39 3 22 14 39 43 21 40 10 
38 41 41 25 11 49 20 35 15 8 14 37 16 8 28 36 37 39 27 39 38 8 41 39 44 8 3 30 4 49 38 46 8 30 45 9 15 1 33 40 0 11 45 24 48 37 13 32 17 44 12 1 35 47 15 27 42 22 37 6 39 34 44 15 36 19 5 43 36 20 36 25 34 2 17 34 2 42 5 18 22 16 26 20 10 1 28 46 19 49 7 35 42 22 29 5 30 34 41 38 35 
16 31 31 43 12 7 27 3 26 38 38 25 11 7 11 34 14 24 37 15 7 30 13 12 38 24 7 44 23 45 14 37 20 2 21 41 23 45 19 12 1 0 39 47 40 48 43 5 1 29 4 5 15 22 9 18 33 34 23 6 16 31 12 47 20 23 35 22 45 33 42 35 31 27 24 5 27 20 8 29 9 27 40 14 9 38 17 44 48 35 28 40 7 13 4 6 6 12 10 19 11 
20 36 1 25 10 14 32 11 9 17 13 33 32 37 20 49 35 26 46 26 2 8 38 47 30 37 2 39 43 15 25 29 6 10 35 9 40 3 28 37 19 40 0 36 3 39 5 10 22 13 23 26 14 22 32 23 49 32 40 32 40 48 22 36 33 42 46 44 39 33 11 24 1 33 35 28 48 39 29 24 27 28 34 27 2 19 32 22 45 4 48 4 21 10 1 43 14 16 22 1 15 
41 22 12 6 41 48 43 3 26 48 15 38 16 34 13 36 16 15 3 45 38 25 4 11 41 32 5 32 49 22 49 37 13 28 15 34 16 44 9 46 1 7 27 0 44 9 46 14 38 44 36 27 17 23 1 22 41 49 4 42 9 16 36 2 22 10 12 41 4 43 37 32 9 29 23 36 5 45 48 27 39 9 46 23 22 15 21 1 10 22 21 6 10 14 21 29 5 44 46 27 22 
18 4 11 16 36 8 7 7 35 39 13 22 43 16 35 39 26 12 37 22 38 25 12 36 30 18 18 9 24 18 37 12 13 11 15 33 11 23 27 20 7 47 19 6 0 20 10 17 1 2 30 49 2 19 33 47 10 49 4 4 33 49 21 28 1 44 32 37 3 7 41 10 3 46 24 41 31 17 8 3 2 1 23 2 2 8 21 4 47 8 39 40 40 4 18 18 30 25 42 8 44 
33 23 48 6 20 49 13 32 1 17 42 22 17 42 21 19 8 5 20 4 43 8 12 33 28 33 42 1 14 6 6 15 9 30 3 12 33 39 6 38 44 32 34 29 31 0 18 7 45 40 28 4 34 4 17 48 24 43 2 30 9 18 11 16 34 28 14 7 7 25 34 46 22 30 13 46 39 29 10 29 19 23 42 47 1 8 28 44 43 28 23 3 18 13 6 47 36 14 4 40 44 
12 26 27 30 28 19 44 7 35 33 37 27 10 30 10 21 49 42 9 4 18 18 17 31 8 25 22 7 45 30 49 39 20 16 3 18 29 6 25 30 1 37 16 10 47 9 0 33 22 33 17 2 21 21 20 20 26 16 45 25 37 31 45 26 16 22 39 21 44 29 23 10 42 44 49 21 5 41 34 23 41 11 14 35 7 48 25 17 29 34 37 24 8 31 4 24 42 14 9 36 31 
12 13 22 3 7 48 44 41 10 1 9 37 19 47 16 11 6 25 4 18 24 39 34 29 36 35 11 23 5 18 14 22 22 47 21 49 29 9 36 41 37 21 21 7 11 40 7 0 35 46 13 31 8 4 1 5 25 1 29 41 20 44 10 9 11 49 3 30 1 42 34 16 41 45 6 21 32 10 35 4 40 3 28 27 40 4 37 11 29 20 46 25 10 22 46 30 19 46 15 4 11 
21 44 12 33 23 46 46 38 31 17 45 43 29 34 19 46 28 6 1 5 25 31 12 42 31 41 49 6 6 46 19 1 42 7 49 33 29 18 17 18 34 49 6 7 47 45 19 15 0 41 17 27 25 30 7 43 17 22 46 35 1 35 1 43 33 48 45 34 46 33 20 30 35 43 11 20 5 2 8 44 28 21 13 31 39 4 31 29 37 33 24 36 26 36 6 26 32 43 35 11 46 
17 9 11 22 3 5 19 35 22 3 24 14 13 49 27 31 47 47 24 32 26 40 36 3 19 38 49 9 28 4 3 30 45 8 28 2 26 46 28 28 11 1 13 17 7 3 12 1 49 0 20 41 49 12 23 16 48 30 46 22 38 14 27 29 41 36 21 49 2 47 18 37 41 3 42 40 43 15 45 29 4 38 29 29 9 12 13 49 1 45 3 5 12 41 23 9 4 35 5 3 2 
5 40 43 30 12 49 9 9 25 29 30 12 34 49 10 43 11 24 43 17 44 40 4 48 41 33 48 43 14 47 17 19 2 29 21 10 27 13 29 29 19 5 43 26 8 36 23 10 33 35 0 28 26 43 13 24 25 2 35 35 36 25 33 48 14 10 42 28 25 36 6 45 4 3 4 46 17 21 19 41 3 3 12 37 32 41 48 23 25 6 41 27 21 39 7 17 31 24 5 2 48 
24 48 35 15 38 49 41 30 5 6 12 8 8 15 3 35 23 40 11 36 14 49 44 47 6 6 23 34 31 33 30 38 21 16 12 30 17 29 9 49 2 23 14 33 39 40 14 45 7 17 3 0 3 9 17 39 35 46 4 17 15 18 1 38 31 36 8 17 1 23 13 22 1 25 18 8 39 10 30 27 7 44 3 21 48 48 35 14 19 28 44 27 49 26 24 27 48 25 46 2 30 
5 28 28 44 32 14 36 37 26 11 23 11 7 40 11 9 30 43 26 46 25 17 18 42 25 37 25 42 7 3 20 8 41 16 31 33 8 25 16 20 22 21 21 14 18 41 9 33 25 40 34 36 0 24 48 20 6 29 24 47 1 26 6 7 5 23 7 23 20 15 8 47 14 32 8 38 31 18 42 10 22 11 30 38 30 37 48 28 15 36 15 29 27 29 30 10 33 8 46 17 38 
39 27 12 41 35 35 29 28 16 40 4 13 2 8 23 41 9 11 6 40 21 31 22 47 44 19 18 31 21 46 20 14 7 41 37 33 46 40 5 13 19 46 33 8 13 28 30 3 7 3 44 33 6 0 20 14 27 6 37 16 15 14 49 22 14 29 11 33 42 47 14 17 13 25 35 19 2 11 49 4 18 12 14 20 8 34 21 6 22 37 39 4 27 25 4 19 4 38 13 2 6 
2 25 46 35 30 41 47 37 16 34 18 22 4 22 14 25 37 49 1 38 40 29 39 6 11 23 39 37 16 38 30 36 40 48 45 10 16 29 26 48 49 45 36 7 7 1 44 29 33 8 40 42 23 18 0 13 44 10 32 44 14 21 36 30 36 47 14 37 5 25 47 12 6 12 8 42 41 25 42 40 2 35 11 30 48 8 5 12 39 28 40 17 24 2 21 3 25 41 40 14 46 
19 17 1 18 9 49 16 21 41 4 45 25 45 29 1 36 40 27 25 19 6 23 6 45 16 3 41 15 44 6 22 18 48 5 19 14 20 40 32 33 46 40 27 25 39 15 45 28 23 3 34 49 16 10 43 0 32 33 48 15 13 25 17 28 13 5 24 29 38 18 15 44 17 1 2 41 25 49 3 23 49 44 11 14 31 11 14 14 6 30 11 31 9 24 11 23 16 49 42 19 9 
32 9 14 36 32 19 10 11 48 34 47 6 41 31 37 16 9 10 2 30 33 19 10 21 29 3 29 44 46 36 44 49 20 6 38 43 2 15 42 32 41 30 22 4 27 1 1 43 28 25 44 32 26 31 46 3 0 49 14 48 17 38 15 28 37 47 43 48 25 14 38 24 38 25 2 27 9 34 37 5 49 4 9 34 25 21 3 45 27 49 32 29 30 44 4 22 41 30 12 21 11 
21 7 7 8 31 32 47 46 2 30 10 41 41 43 19 26 9 30 31 49 7 41 41 18 25 12 21 18 8 22 29 22 16 41 29 11 33 49 45 37 25 3 26 21 35 20 14 38 28 8 39 45 24 1 2 14 25 0 38 12 17 37 10 13 40 25 10 46 36 38 9 2 1 48 35 16 11 43 44 24 27 43 27 16 42 18 41 45 24 38 8 35 9 29 33 16 16 37 27 27 25 
14 2 39 14 1 10 32 18 37 6 15 17 48 34 47 36 40 9 29 29 14 14 45 12 34 45 1 19 10 43 33 21 28 16 36 36 10 20 42 28 30 3 2 26 33 2 45 20 22 14 34 30 14 7 48 18 11 13 0 8 5 10 22 11 9 6 46 27 5 25 45 15 24 36 2 9 16 43 21 28 41 8 41 35 10 21 33 46 38 17 36 3 27 7 27 29 36 14 4 33 7 
40 23 39 42 30 46 35 33 42 1 39 45 20 45 14 21 7 32 44 28 16 34 19 36 30 30 37 17 40 16 21 46 4 6 31 38 25 10 36 15 34 3 5 35 1 39 23 11 33 7 2 33 40 27 22 35 34 6 31 0 29 3 13 7 38 15 48 40 29 33 46 13 46 37 16 27 33 3 41 31 47 44 32 1 44 21 27 14 26 32 7 29 10 49 47 2 35 39 45 26 4 
46 36 17 4 19 25 15 17 33 26 32 43 14 35 32 38 14 4 28 37 16 10 9 28 30 24 16 35 44 49 25 46 22 22 41 22 34 23 37 9 14 46 22 4 17 47 29 14 42 17 45 11 21 1 19 33 34 24 25 27 0 32 34 45 10 34 14 3 10 31 46 39 4 35 24 5 9 18 48 15 28 42 13 21 30 30 12 11 48 1 41 43 7 1 14 48 24 31 9 22 26 
3 44 12 35 23 2 1 34 13 8 21 37 39 45 22 13 2 9 40 42 24 28 18 38 18 26 22 35 19 11 41 34 30 37 8 13 22 28 8 10 6 32 36 30 36 49 5 45 41 37 40 45 17 47 11 30 4 40 14 13 42 0 33 42 40 9 5 14 16 45 33 40 46 22 49 49 28 33 33 1 25 32 48 30 27 44 45 15 33 21 12 38 49 6 41 6 1 8 21 23 17 
28 5 36 37 13 14 24 38 8 3 17 34 4 11 13 42 29 20 21 21 11 3 16 25 7 42 5 43 24 9 11 6 25 40 7 20 38 2 17 33 34 24 20 1 37 23 18 47 2 35 30 24 36 20 49 46 12 32 35 35 26 48 0 27 24 37 4 11 31 12 10 7 47 46 20 12 44 46 31 47 37 32 22 43 3 15 38 1 38 37 43 10 3 45 28 38 48 25 41 32 49 
15 32 43 19 3 17 38 38 37 46 27 3 33 13 18 47 40 8 18 40 27 7 10 32 45 17 18 4 34 19 15 48 35 17 44 3 23 27 32 21 47 37 25 2 27 14 17 47 23 19 1 8 8 28 17 4 1 10 38 31 27 41 43 0 42 32 36 39 23 13 11 2 23 39 49 2 22 15 14 48 4 6 28 43 41 14 16 18 39 18 12 5 13 3 25 36 11 33 27 13 44 
44 1 4 32 44 36 16 42 27 33 38 13 22 12 5 45 36 40 27 2 2 7 6 43 16 45 37 33 9 38 18 19 30 12 37 24 20 2 30 19 23 39 4 49 44 30 42 18 29 29 6 32 47 14 31 38 10 37 33 26 33 24 31 37 0 40 25 16 5 35 28 35 33 49 24 19 20 22 43 36 3 37 39 28 25 1 7 31 34 6 4 11 47 19 9 28 18 30 6 37 4 
29 33 36 9 26 33 31 31 25 49 20 9 2 43 47 34 36 4 9 10 25 45 5 20 11 20 21 37 44 48 20 38 39 36 13 7 41 5 27 45 9 39 46 43 4 14 35 16 36 47 6 37 48 44 15 32 10 9 49 33 2 4 16 4 13 0 16 35 28 42 15 28 27 9 1 18 38 24 11 44 10 19 49 38 14 13 26 6 42 38 26 14 18 21 10 37 22 36 25 11 37 
47 30 27 30 13 27 49 17 24 37 40 32 24 6 5 24 24 9 12 23 8 18 22 14 21 35 14 23 11 34 46 23 36 34 30 31 5 47 48 28 19 18 15 5 33 38 15 15 1 3 27 8 25 11 43 8 2 2 42 7 10 3 45 42 8 38 0 46 7 26 49 17 15 32 26 20 46 13 13 26 49 7 12 15 47 9 48 5 31 47 39 43 1 49 32 13 26 16 48 47 7 
35 10 21 27 48 6 7 34 16 46 32 12 23 36 5 14 4 39 26 2 47 45 45 4 18 43 3 24 48 42 1 19 30 38 39 29 31 9 45 25 40 22 35 33 26 48 44 1 14 33 39 40 15 13 34 44 40 4 36 26 23 28 2 6 35 5 39 0 24 22 19 25 12 20 14 5 5 35 30 8 34 47 21 37 36 35 38 49 22 37 36 10 7 13 40 9 10 42 23 9 42 
25 11 11 28 40 28 19 35 46 3 9 35 9 39 32 27 41 27 17 24 29 13 26 8 49 10 34 37 20 24 14 21 33 11 17 1 26 39 26 6 25 31 22 22 38 38 29 26 6 25 46 4 37 25 5 33 2 41 24 43 18 46 33 48 26 33 29 33 0 43 39 37 27 36 7 20 34 49 40 28 3 27 35 43 19 35 46 20 37 1 34 40 39 25 39 6 23 48 22 28 49 
18 19 47 2 35 12 11 12 12 49 12 40 25 24 40 6 36 9 9 23 45 21 11 6 42 43 5 38 18 42 30 45 3 12 25 5 2 43 21 42 3 22 26 46 43 9 4 6 18 22 37 14 5 40 31 45 18 41 35 46 17 25 9 29 29 2 23 4 28 0 45 42 29 35 22 37 35 1 9 45 34 41 7 22 45 49 29 1 33 24 14 23 3 29 12 7 47 25 33 28 35 
47 8 34 16 46 14 5 43 6 31 36 36 11 24 3 47 8 31 16 28 10 39 10 20 18 8 26 1 30 13 25 29 32 5 47 23 30 5 11 22 36 49 35 16 34 2 4 24 33 18 25 14 2 35 21 15 25 38 21 12 1 12 17 25 28 16 41 40 41 33 0 35 46 32 11 33 42 13 40 32 25 23 26 32 39 32 16 22 7 32 41 14 34 11 46 2 1 17 28 6 44 
30 28 31 16 10 45 26 32 33 2 34 40 24 11 2 11 26 37 14 43 18 33 24 37 28 7 1 38 38 32 27 48 35 3 48 42 28 15 2 2 16 18 36 8 30 39 19 45 48 18 24 42 24 18 5 19 19 17 26 4 40 17 6 17 42 49 48 9 19 43 17 0 44 22 38 45 38 6 19 7 12 4 42 11 6 9 38 24 27 8 41 37 10 18 9 6 19 7 21 2 16 
21 5 21 43 39 21 10 19 47 3 39 16 49 48 45 2 47 19 37 39 24 8 36 49 43 22 28 17 11 4 22 3 30 43 34 4 24 19 6 20 26 9 40 27 33 1 14 26 24 34 11 19 5 3 36 30 23 30 32 32 12 23 14 41 44 34 35 12 20 39 34 14 0 49 35 32 5 29 22 22 27 2 6 11 28 5 9 36 5 13 35 25 28 32 21 42 8 41 28 47 1 
18 41 33 31 33 2 14 26 38 33 41 3 10 8 13 26 22 45 20 40 20 10 46 15 5 21 45 5 18 43 36 5 9 8 11 37 47 12 2 20 39 1 18 9 18 19 41 23 17 14 38 19 36 38 6 39 40 15 24 45 1 47 4 31 28 16 4 16 43 44 15 41 27 0 20 36 24 33 14 5 28 21 18 10 22 30 22 32 48 49 10 5 24 2 11 4 9 26 45 16 16 
37 18 44 38 41 39 46 28 2 47 43 24 15 2 9 11 28 42 48 6 5 43 18 40 24 19 25 5 26 43 18 6 43 4 18 43 17 36 16 31 29 12 2 18 46 43 17 4 42 37 41 35 8 38 47 22 30 28 3 1 26 25 19 12 43 25 15 49 21 3 21 12 3 34 0 40 22 7 44 35 4 30 8 19 24 49 43 43 23 12 34 45 20 45 7 13 38 31 5 26 3 
27 29 4 5 22 12 26 49 15 28 22 5 5 37 12 31 8 17 3 37 45 48 45 39 43 40 1 42 29 43 19 24 6 48 39 32 2 27 26 4 20 8 44 16 7 8 29 13 18 44 11 20 15 42 32 47 15 26 22 21 1 44 21 21 22 31 3 12 37 31 25 22 23 40 30 0 26 13 22 7 3 48 46 35 16 11 22 14 23 19 10 38 24 21 12 44 32 19 46 30 23 
40 30 33 9 11 7 1 24 48 7 6 31 17 35 18 16 44 41 40 28 34 47 44 40 19 40 3 32 8 32 14 27 43 23 5 43 16 34 6 28 29 49 6 48 37 29 47 2 16 45 37 23 44 17 30 21 23 6 48 20 21 8 33 39 6 21 8 24 16 43 45 41 16 8 11 27 0 35 19 44 23 3 45 28 46 45 2 13 30 27 14 15 24 5 30 38 27 6 41 18 13 
2 30 7 12 39 6 32 16 9 43 40 4 14 15 10 29 8 32 43 3 14 12 49 12 25 7 30 16 47 20 4 8 6 48 37 3 33 48 46 20 36 28 22 16 10 29 21 41 36 10 16 35 17 15 14 4 29 45 23 14 37 49 16 46 16 39 45 8 6 49 29 4 48 43 13 18 31 0 15 29 28 39 39 18 41 49 8 42 21 47 39 19 32 30 49 21 48 38 24 19 30 
24 10 1 14 28 17 24 22 45 20 2 20 30 14 29 44 37 11 27 34 48 48 46 13 35 39 2 8 15 20 28 7 14 13 10 4 7 47 18 31 8 38 13 15 30 2 3 20 6 13 45 25 25 23 5 31 30 30 33 22 14 43 43 38 32 44 48 21 19 35 16 12 26 41 29 27 26 20 0 4 16 14 10 15 20 36 28 35 23 4 8 2 1 38 18 3 30 11 44 46 11 
45 46 37 14 8 46 8 46 37 2 8 43 5 25 45 38 38 42 27 12 48 37 31 7 11 3 33 45 7 29 30 20 26 26 11 12 32 33 14 24 44 7 6 47 15 29 25 26 21 12 44 44 36 41 3 10 17 17 3 19 47 38 39 15 49 18 6 15 32 8 6 5 31 47 34 21 6 37 18 0 8 7 23 45 24 8 19 16 35 28 45 1 27 47 43 16 13 3 43 29 2 
3 16 47 28 17 20 4 44 49 38 26 31 8 36 27 18 8 35 30 18 20 35 32 46 37 40 15 25 13 36 33 18 10 46 23 17 7 7 38 22 49 7 32 2 22 48 29 15 18 7 5 11 16 47 39 12 49 1 22 27 36 49 41 11 10 35 31 16 26 1 23 35 30 43 12 22 9 8 16 8 0 35 30 30 24 7 9 30 35 39 13 28 2 8 44 25 14 37 24 26 36 
4 5 48 13 10 31 19 45 46 23 26 41 20 36 14 31 22 42 14 25 47 20 26 30 26 42 32 44 44 12 15 47 32 2 36 24 7 23 2 47 4 31 4 4 25 17 11 18 40 11 10 38 21 11 4 44 19 21 11 35 16 24 19 32 13 5 13 20 34 8 36 6 23 44 40 12 14 20 48 6 47 0 42 36 12 9 28 44 1 13 36 47 1 32 47 48 8 36 47 3 31 
47 13 28 6 3 28 40 27 18 9 42 2 10 40 29 37 31 47 20 23 35 11 10 33 24 39 46 41 37 29 17 7 16 22 33 18 26 14 40 42 24 7 7 15 45 26 45 44 49 26 27 44 18 8 38 13 6 35 42 22 5 39 30 30 32 8 37 9 48 42 6 31 5 20 2 46 5 24 28 3 13 37 0 44 29 42 1 3 5 47 36 12 8 8 14 12 8 32 39 2 15 
49 30 43 2 40 26 45 16 39 12 30 34 39 24 1 48 44 18 16 20 49 15 24 2 41 48 28 37 22 48 28 49 16 40 36 28 22 39 25 10 29 46 48 7 22 49 18 25 39 11 39 21 47 20 13 14 19 40 35 10 40 45 49 28 28 28 29 21 43 34 15 27 9 37 42 2 32 31 22 49 28 46 27 0 49 34 9 35 37 7 40 5 30 40 32 19 4 14 18 36 42 
48 20 32 48 11 3 15 20 4 8 44 18 13 15 16 11 30 37 45 16 35 9 49 43 13 16 10 17 24 22 31 38 39 46 30 12 19 41 10 3 36 30 40 18 2 34 35 43 18 16 35 26 26 9 2 15 29 3 49 37 5 47 40 7 37 7 17 18 48 37 46 4 10 21 23 42 43 31 41 47 33 48 14 10 0 14 17 31 18 39 36 35 2 41 7 2 2 36 40 44 30 
5 8 28 9 48 27 49 14 3 27 30 25 3 14 2 16 23 36 46 18 30 45 11 25 18 17 49 3 5 5 39 46 48 27 26 24 40 28 37 30 38 29 44 43 44 35 24 44 16 20 29 7 36 38 4 40 45 5 43 24 15 27 23 45 26 7 3 27 38 17 41 26 37 36 12 46 29 45 19 2 26 2 19 2 15 0 4 13 38 35 41 32 16 33 42 46 38 28 40 21 41 
40 1 13 31 43 10 37 6 48 29 9 30 11 18 9 23 27 36 11 10 38 36 26 43 20 30 20 31 34 47 48 39 2 28 31 36 37 27 20 43 19 46 11 32 30 33 39 8 11 41 24 23 34 14 22 47 26 18 32 42 2 6 45 32 47 34 29 7 40 20 46 34 5 31 10 29 18 30 26 5 24 11 12 46 32 38 0 18 22 39 29 10 15 29 3 6 35 28 28 11 14 
7 7 8 12 32 9 20 17 11 26 46 9 22 40 39 42 12 21 25 29 16 27 38 25 20 11 33 45 30 46 35 47 7 40 23 16 32 45 2 41 11 4 27 17 46 39 4 16 5 25 14 36 2 29 18 32 35 4 27 19 13 6 43 9 44 35 4 31 7 45 12 4 34 20 19 33 44 6 30 28 41 11 18 2 30 1 6 0 49 33 39 37 30 40 14 9 24 16 38 4 38 
32 35 35 8 7 14 5 32 30 32 11 48 7 21 7 28 24 46 36 39 20 40 12 19 9 24 37 14 34 42 1 15 6 33 2 40 18 24 2 36 30 47 34 1 33 11 19 10 28 24 27 34 35 16 29 2 43 10 45 34 12 30 26 12 3 1 20 20 37 25 5 35 23 33 14 33 19 12 41 23 3 45 35 30 44 3 3 2 0 21 10 22 10 20 5 11 7 44 18 40 43 
2 43 35 18 14 43 19 8 10 39 2 34 43 6 46 33 49 17 11 27 1 16 26 34 2 47 11 29 19 14 10 8 49 2 18 39 36 31 9 9 20 1 27 8 21 9 20 27 35 46 31 30 16 32 26 45 32 47 5 8 38 45 5 26 22 2 12 19 36 17 40 10 13 30 23 44 34 23 33 32 18 41 11 42 49 15 23 22 2 0 42 38 13 25 23 10 5 47 12 3 35 
43 39 28 10 44 45 44 14 4 2 21 26 6 16 10 26 1 46 35 13 17 7 5 38 33 14 8 49 6 3 21 3 19 34 47 46 35 17 16 49 43 2 27 5 27 38 35 26 28 26 39 22 42 12 45 45 37 37 1 8 27 42 10 36 32 20 14 44 14 41 11 39 15 44 41 11 11 3 8 13 12 25 12 25 20 45 13 23 49 9 0 33 21 2 22 40 14 16 42 3 34 
30 12 26 26 4 48 25 44 5 32 3 30 10 39 9 47 37 49 8 1 26 45 19 12 25 12 22 13 45 4 2 17 22 1 8 35 49 30 30 31 24 23 5 25 7 3 36 43 16 44 42 39 20 10 29 46 13 11 16 6 5 8 7 6 7 11 37 32 27 35 19 39 21 39 35 45 9 41 16 46 2 23 20 48 38 31 26 5 43 25 14 0 1 19 3 6 36 42 32 43 3 
1 2 41 8 23 20 49 30 46 23 43 33 45 1 27 19 45 35 33 40 49 42 10 15 47 10 32 49 7 30 2 9 31 29 47 18 35 36 16 28 22 27 29 9 38 41 37 31 27 10 5 9 38 31 42 7 20 46 29 19 12 18 6 40 48 42 12 31 40 32 7 26 24 1 38 29 26 11 48 15 4 41 9 16 40 18 13 28 12 17 26 46 0 40 44 33 35 15 38 3 14 
44 47 14 26 45 29 45 18 38 8 26 19 9 1 22 25 24 17 28 34 29 10 49 41 33 24 1 39 32 6 41 22 12 37 36 34 16 10 34 14 34 13 44 4 19 41 1 1 44 35 14 30 39 46 6 37 26 24 28 6 32 6 42 49 49 16 34 36 8 10 32 8 20 40 16 20 36 46 43 14 22 10 10 19 34 2 24 37 2 14 4 25 8 0 32 33 48 15 24 17 46 
13 38 26 27 17 40 23 38 2 48 49 30 45 49 36 46 21 6 5 8 12 39 4 23 37 33 21 16 2 38 45 17 41 28 27 41 16 30 14 4 30 44 40 34 46 7 29 36 24 29 8 38 9 4 22 8 23 8 30 25 23 17 46 3 37 7 49 35 42 42 5 26 1 6 43 31 42 24 37 30 32 25 49 30 43 12 32 4 46 37 31 49 19 9 0 6 7 28 5 46 31 
14 15 42 11 36 21 39 26 8 20 22 47 32 4 41 40 12 25 35 25 30 17 39 17 14 13 49 14 39 29 30 11 35 3 23 1 37 6 16 47 41 32 18 43 13 49 34 30 16 2 36 28 47 49 25 42 16 9 27 9 29 13 33 47 24 44 27 44 4 29 34 9 4 7 10 40 38 24 22 21 11 25 30 22 45 45 7 17 8 39 14 11 24 40 34 0 42 22 37 37 20 
38 31 47 26 19 9 20 3 4 38 21 2 17 2 47 10 35 44 41 44 22 38 28 28 39 15 30 18 41 37 8 9 34 12 11 43 1 18 33 45 38 22 44 20 25 12 3 35 30 2 47 38 42 17 3 35 21 36 39 47 23 45 44 22 3 23 4 6 28 25 11 37 1 48 48 48 42 20 28 4 17 42 43 42 41 42 14 47 4 39 43 6 27 31 47 26 0 28 22 1 4 
6 34 31 22 1 28 3 4 40 44 3 45 1 17 23 46 32 3 39 15 7 37 46 48 31 11 28 37 16 2 20 17 1 45 23 45 22 40 9 45 28 36 21 45 27 25 29 23 18 20 34 46 36 3 8 18 6 23 36 46 8 12 41 44 36 6 1 48 4 42 29 44 38 4 9 14 9 33 16 7 23 38 43 4 35 26 45 23 13 20 19 29 41 2 39 49 31 0 7 13 19 
38 27 46 45 36 3 26 12 36 18 42 30 24 20 36 48 29 35 16 41 20 9 37 16 27 23 26 8 20 3 18 3 45 33 24 46 43 5 7 16 47 47 35 17 42 1 23 42 44 3 43 8 38 11 42 17 31 36 39 35 10 6 31 48 36 12 27 38 44 42 28 10 6 4 38 19 11 37 37 25 6 27 40 43 11 7 31 24 28 19 35 10 22 41 21 17 33 42 0 21 2 
27 34 37 22 15 7 3 47 4 15 5 14 41 43 23 25 44 8 45 9 7 36 7 32 17 17 32 39 5 31 26 41 36 43 48 36 13 27 10 6 39 42 15 35 9 28 24 12 39 13 34 8 7 18 41 12 34 24 34 2 18 45 27 7 46 21 3 39 34 8 7 11 11 13 39 3 21 27 14 28 16 1 31 5 16 16 14 28 38 38 45 19 41 25 31 38 22 37 39 0 29 
5 34 27 21 16 36 48 15 6 34 25 22 6 42 28 13 47 49 29 5 13 35 17 29 34 30 4 15 4 15 46 35 14 11 49 21 34 29 17 14 19 7 27 35 10 15 8 29 41 6 11 40 40 5 49 43 1 24 43 21 37 2 46 43 35 3 35 34 27 33 15 30 18 1 36 38 29 19 39 6 9 48 23 10 6 2 30 2 38 44 17 34 15 43 11 38 37 39 40 15 0 
