n: 100
m: 2
Pi:U[1-99] 32 99 41 61 98 47 28 89 64 71 40 82 28 96 67 69 97 13 55 84 51 69 15 8 49 78 46 32 71 97 74 75 57 88 87 62 62 6 55 30 12 71 3 60 18 58 76 70 36 53 5 24 66 26 2 80 14 78 76 41 10 76 77 71 56 60 98 5 13 46 31 65 79 98 26 84 62 93 55 83 97 20 83 97 55 33 13 20 7 78 52 42 44 41 84 31 50 35 45 62 
Si:U[1-99]
0 54 26 28 33 20 14 66 50 39 99 73 22 69 94 97 99 43 33 99 99 25 78 43 99 99 49 99 99 99 51 79 75 25 87 76 81 48 99 99 36 81 84 99 39 99 10 99 82 12 99 66 99 99 51 79 18 91 1 27 99 64 6 61 99 99 94 72 99 30 99 6 25 19 90 99 99 73 99 99 99 78 24 25 99 99 63 93 15 99 57 19 70 27 99 72 37 99 99 73 39 
51 0 20 32 15 9 11 0 24 18 99 78 99 7 99 61 96 84 85 99 34 99 6 99 27 99 45 99 99 34 99 76 96 12 51 99 99 99 99 31 70 61 99 99 57 99 45 1 78 99 99 3 99 99 9 58 99 88 99 91 39 4 60 7 99 42 99 99 70 99 34 99 99 96 7 70 99 99 45 99 67 58 24 97 12 99 60 99 42 55 52 81 78 46 63 4 85 97 66 6 18 
2 11 0 2 34 54 58 50 22 24 22 99 99 99 99 7 31 91 81 72 67 99 46 9 30 99 70 7 48 99 99 42 99 99 31 81 99 54 33 30 87 99 90 69 16 99 52 60 37 66 99 99 73 99 34 76 70 58 63 4 99 99 99 99 99 99 99 99 99 42 52 99 58 3 87 99 39 1 99 66 99 67 90 39 99 72 99 4 85 57 99 99 96 6 72 81 76 99 81 73 99 
54 34 4 0 39 27 16 8 50 40 43 3 93 39 16 52 42 99 99 70 52 81 99 4 99 16 99 61 18 33 88 76 16 99 39 48 99 30 88 10 84 99 97 78 85 99 63 99 99 85 12 18 16 99 19 19 4 99 57 79 48 33 28 99 49 15 78 99 24 1 96 99 4 99 99 99 96 85 39 99 91 99 99 42 63 99 21 61 99 37 75 99 75 84 93 99 9 12 99 10 99 
18 28 54 3 0 32 16 6 57 13 51 66 85 88 60 60 64 99 99 99 99 99 79 99 37 40 55 6 30 73 87 45 27 99 79 87 31 12 28 36 99 30 99 64 37 18 99 16 15 49 69 99 52 72 49 99 99 25 27 36 33 34 46 99 99 96 60 85 9 99 67 6 48 99 99 99 76 31 99 9 45 94 43 91 28 22 55 99 72 48 1 99 67 37 45 99 99 99 99 25 16 
10 23 63 1 24 0 17 26 12 50 99 79 99 28 99 67 99 43 76 99 19 57 99 72 1 94 36 99 91 34 54 99 40 99 99 99 99 91 99 99 99 99 99 51 99 39 75 99 40 30 67 99 58 6 99 88 57 34 99 99 61 72 99 3 70 48 40 34 78 99 99 99 58 97 57 88 72 48 99 99 99 42 99 37 91 99 78 99 21 51 60 64 15 24 9 99 45 73 99 48 99 
36 36 45 50 39 3 0 47 57 50 27 69 16 85 33 99 99 51 1 31 48 6 45 99 78 39 99 99 27 19 99 97 99 99 78 66 57 46 72 3 7 24 10 15 78 61 66 4 70 99 99 78 99 27 99 99 99 72 99 45 99 99 1 99 18 42 99 75 36 99 60 55 79 40 73 58 99 51 85 31 91 72 9 36 90 99 64 72 45 1 4 99 94 12 58 60 99 37 27 99 99 
63 26 20 60 38 41 40 0 63 36 99 99 9 99 52 16 70 99 99 99 99 22 99 91 99 99 81 99 12 40 84 58 3 96 69 48 42 97 9 25 66 31 99 15 19 37 18 51 61 10 99 99 84 67 55 15 99 34 70 99 9 99 99 36 99 99 66 85 99 99 70 19 93 55 75 79 70 99 99 67 37 67 31 99 42 99 99 67 91 3 72 93 55 94 16 99 49 99 81 99 43 
52 2 20 9 10 52 2 34 0 33 87 88 99 99 99 31 33 99 51 31 78 36 99 99 75 99 99 96 99 87 70 70 21 21 90 99 91 75 18 99 54 99 99 3 75 90 64 42 48 99 67 58 99 99 69 46 99 99 99 49 96 99 99 99 81 84 27 99 82 99 18 3 33 99 15 39 15 12 1 99 49 72 99 99 99 99 99 4 99 39 99 27 84 94 99 1 99 99 88 52 99 
64 11 56 4 51 53 45 53 54 0 4 99 99 52 99 58 82 99 18 93 58 66 36 10 99 88 99 99 99 99 99 61 90 79 43 42 73 40 49 15 90 90 99 99 19 55 99 93 7 63 16 79 75 99 99 99 99 90 52 7 99 69 3 82 57 81 18 99 4 99 99 54 49 99 82 6 54 99 15 78 99 1 67 99 90 99 37 99 27 22 93 94 99 99 99 99 22 99 57 19 64 
42 99 99 45 94 99 85 99 31 99 0 37 7 15 2 30 46 29 32 3 99 52 67 78 99 48 99 91 28 12 36 99 61 99 99 99 99 67 13 58 30 37 19 40 99 72 99 81 30 34 99 1 99 45 91 99 99 37 99 99 3 12 99 99 51 99 1 76 82 37 13 43 99 69 61 64 99 99 82 31 81 99 27 22 36 21 72 67 99 55 85 81 52 85 99 94 55 91 99 99 30 
40 9 99 21 99 96 34 96 99 16 9 0 63 14 9 64 40 12 47 58 99 85 99 97 99 70 9 25 88 87 99 31 96 19 99 40 99 99 4 18 9 25 19 22 25 99 99 87 49 99 99 91 99 51 99 57 99 34 54 16 15 18 84 7 51 99 99 25 61 99 81 67 99 99 99 99 27 69 90 43 54 61 94 25 99 99 10 99 43 49 97 99 67 15 22 27 4 99 66 40 99 
99 45 99 22 10 76 99 1 78 61 61 26 0 64 8 12 20 19 10 54 31 99 25 91 57 6 15 99 85 99 99 99 99 99 99 99 21 49 48 99 99 99 13 30 13 99 49 99 1 6 61 99 97 99 61 99 90 25 99 37 25 45 42 99 64 99 69 99 63 99 78 60 28 99 58 99 99 30 76 40 39 7 28 19 36 99 63 99 79 12 76 99 76 99 21 28 78 75 55 39 85 
33 21 72 99 79 49 6 57 99 45 56 27 10 0 32 50 57 52 38 13 6 3 99 78 21 88 18 34 99 4 25 24 99 66 90 99 99 36 99 24 84 42 99 88 51 37 25 57 99 19 18 46 34 79 76 16 99 30 31 99 52 99 37 99 99 91 52 3 54 99 99 6 99 97 6 99 99 99 25 13 99 99 99 99 79 27 99 33 99 99 75 24 24 99 99 99 97 85 34 96 15 
1 82 99 99 31 91 42 99 87 7 64 13 18 45 0 46 48 16 23 57 57 99 27 99 99 99 99 36 99 27 99 91 70 3 99 79 7 99 18 88 99 99 57 9 99 99 54 93 40 58 99 22 1 67 12 60 51 99 99 99 99 22 67 99 99 85 99 90 97 94 99 84 39 72 99 54 88 9 90 63 99 97 99 91 99 99 88 24 45 90 52 99 78 13 73 7 99 87 57 51 85 
54 99 22 4 73 99 99 99 99 3 51 31 28 40 39 0 34 0 33 52 19 13 12 54 99 58 99 22 55 99 99 93 9 48 63 6 25 45 76 99 7 97 31 99 54 99 99 97 99 99 76 19 46 99 99 85 91 81 48 60 99 99 99 99 99 48 51 84 99 66 66 99 49 78 6 99 99 91 93 99 99 99 12 99 99 99 39 42 31 99 99 43 33 39 1 82 78 76 99 46 9 
64 99 66 52 99 27 93 99 79 16 7 10 23 12 34 48 0 20 1 39 93 10 99 36 70 76 57 99 6 30 18 99 70 72 99 90 9 99 99 55 42 22 99 6 13 90 9 36 87 40 99 57 36 27 93 99 99 55 22 99 55 99 60 36 87 99 99 99 99 64 51 99 96 66 96 37 99 99 99 43 99 10 99 19 90 99 99 72 99 16 46 66 99 99 6 27 99 99 79 99 49 
13 87 99 99 34 78 90 42 99 99 19 20 0 47 30 34 34 0 49 51 91 60 99 39 12 15 99 51 15 22 99 67 75 78 75 99 19 99 18 76 34 99 99 99 24 25 99 99 58 99 3 94 58 16 73 99 3 90 99 99 34 25 27 60 99 99 43 99 57 72 30 99 57 45 99 99 99 33 18 90 7 21 39 12 30 31 99 91 21 34 99 99 1 43 99 99 81 99 99 99 99 
99 91 99 16 63 33 99 21 85 42 52 36 56 1 8 18 17 22 0 26 99 82 51 69 81 49 33 66 73 94 21 7 69 21 99 99 99 87 79 60 61 42 99 69 91 99 87 64 99 76 96 57 99 99 66 99 99 49 27 94 4 70 99 79 99 49 16 99 99 99 99 79 99 99 99 82 16 99 58 33 45 81 9 69 84 40 99 13 99 99 85 39 6 99 19 99 99 99 64 99 76 
84 99 73 99 6 54 99 64 43 73 2 10 4 60 44 13 56 14 31 0 58 19 27 42 81 99 99 99 22 84 22 99 67 13 90 99 99 21 79 99 99 9 28 18 99 24 99 42 99 48 10 99 10 81 78 99 18 54 99 99 24 99 69 36 45 49 10 45 43 27 49 73 46 34 7 99 91 99 96 94 39 28 9 99 99 36 10 82 99 81 66 96 63 99 99 99 99 94 99 3 99 
88 72 99 99 6 79 76 67 99 19 21 99 3 97 22 51 99 25 36 33 0 62 31 63 2 24 44 9 46 36 39 72 91 9 49 31 46 99 57 34 9 88 99 99 99 99 9 99 96 3 42 99 99 99 99 88 99 21 31 25 81 99 64 99 30 99 22 63 99 99 69 99 9 40 54 99 73 99 34 99 22 99 99 46 15 99 99 99 51 30 48 78 54 99 99 67 99 99 99 99 99 
36 45 96 34 42 4 24 99 93 45 81 30 22 84 99 28 61 99 87 94 12 0 36 23 49 37 9 50 18 2 99 67 88 99 12 99 82 49 99 99 99 99 99 42 25 21 99 43 85 12 24 99 27 73 90 39 72 12 99 91 99 99 99 99 60 99 99 48 70 70 99 99 55 99 99 30 18 99 99 63 99 31 99 36 70 88 73 7 90 52 54 19 39 54 4 99 34 7 99 49 36 
99 99 79 3 99 19 42 54 99 88 91 78 94 36 85 88 6 40 99 15 48 10 0 2 2 53 3 29 24 4 99 70 25 99 46 39 99 90 99 39 6 99 99 73 99 99 79 99 99 99 88 73 24 42 99 28 99 99 61 99 28 46 99 99 99 31 66 46 13 99 64 19 99 63 9 54 4 16 73 75 99 88 99 31 99 99 3 40 46 99 73 99 63 99 7 99 99 1 99 9 99 
58 99 99 45 99 93 99 99 4 99 99 99 99 4 99 99 4 15 22 19 12 41 26 0 50 47 63 62 46 2 12 3 69 36 99 99 84 93 19 99 99 63 78 99 99 52 99 99 22 75 96 46 25 90 55 90 63 99 99 99 64 96 69 43 66 99 7 99 9 54 18 99 99 79 99 16 4 99 90 51 93 99 66 57 28 45 99 25 75 6 99 43 99 99 3 67 79 99 55 99 22 
12 15 99 73 9 79 52 75 13 39 91 93 99 1 21 99 96 88 40 75 24 28 27 27 0 41 64 14 34 30 99 61 99 75 10 99 99 97 99 54 90 57 73 99 99 99 99 64 1 85 99 99 48 99 12 22 99 99 25 99 97 99 52 99 99 52 24 82 87 99 43 99 73 99 18 99 13 99 42 67 85 7 12 99 99 37 97 54 69 96 99 15 76 99 60 99 51 81 96 25 1 
51 52 90 99 99 99 64 99 84 64 52 99 90 99 97 99 99 45 99 99 60 16 30 10 22 0 12 21 46 26 24 48 1 99 88 24 46 99 49 94 25 27 19 99 76 6 72 99 60 6 7 70 82 87 99 91 99 99 13 69 99 94 46 7 22 61 1 66 99 55 33 99 37 3 67 7 54 64 13 19 36 1 63 21 69 72 69 99 99 66 99 99 84 61 25 52 54 99 19 42 55 
36 82 99 99 99 99 99 15 99 97 6 99 99 99 46 99 19 99 79 79 50 13 64 47 40 37 0 18 42 48 99 99 4 99 99 1 24 99 99 18 30 67 33 18 9 51 99 24 9 99 73 99 96 99 99 93 99 1 81 99 57 75 69 88 99 3 79 99 24 99 99 99 79 37 99 99 4 99 51 84 93 63 99 87 27 34 39 99 66 55 99 79 7 99 99 99 22 55 85 40 87 
43 52 76 88 99 99 4 40 99 99 21 79 99 60 93 1 93 52 99 3 38 6 38 12 52 19 64 0 54 41 99 79 34 78 66 52 99 85 72 33 7 64 58 99 16 18 99 91 63 84 99 99 19 99 10 55 27 97 81 37 19 90 31 64 84 99 22 6 84 42 93 16 52 16 48 40 37 85 45 99 99 24 99 91 99 9 94 94 99 75 85 39 34 37 51 99 99 16 21 99 57 
88 81 54 40 49 9 99 52 99 27 99 82 91 99 27 70 70 79 85 70 32 46 62 55 37 20 18 40 0 20 40 43 73 99 99 67 94 87 7 99 31 64 99 99 1 27 21 28 99 99 52 97 36 99 28 9 12 63 99 76 63 25 49 99 31 15 99 75 64 99 99 99 99 93 33 69 99 99 22 55 99 99 72 99 97 90 99 36 64 99 78 99 79 97 24 99 31 37 99 99 99 
99 75 99 69 4 99 99 99 25 99 99 7 34 84 60 99 75 99 99 99 23 28 6 34 44 2 1 58 32 0 1 99 76 54 99 4 79 99 1 99 99 55 15 99 52 73 64 30 97 85 12 18 10 99 99 46 27 30 99 58 3 99 19 46 84 16 99 99 66 46 99 57 66 4 64 6 81 57 99 66 76 99 6 90 45 99 1 99 27 3 99 1 69 72 22 22 99 18 54 18 99 
85 42 99 99 57 99 91 24 99 99 60 60 9 99 99 78 99 19 99 99 67 54 19 22 52 99 91 10 99 1 0 24 28 55 64 55 24 34 33 61 93 76 99 99 28 99 99 85 19 69 99 73 75 13 25 99 99 25 99 30 73 61 99 99 40 93 42 99 99 1 57 75 52 75 67 90 99 46 34 99 99 55 6 10 28 43 49 31 27 21 48 82 99 73 33 93 99 99 99 57 99 
37 40 99 99 67 57 49 16 99 90 99 82 36 31 45 99 99 96 67 99 36 37 55 75 40 99 73 57 99 99 25 0 49 32 51 45 34 18 28 7 99 45 99 99 99 94 82 51 70 99 99 63 82 99 94 40 69 99 31 57 94 43 90 72 99 99 99 48 81 99 99 64 91 93 48 93 88 99 28 34 76 99 99 99 85 85 99 69 28 99 99 4 42 99 96 6 99 58 67 33 99 
97 61 94 49 99 99 99 61 99 16 99 99 76 99 54 79 78 99 91 97 30 99 3 99 76 99 75 69 61 10 66 28 0 26 58 38 62 15 61 10 43 99 75 79 88 99 22 49 13 99 75 12 21 45 58 99 99 99 99 99 84 90 36 31 84 99 24 45 25 99 66 99 46 88 99 31 99 54 99 46 99 99 99 82 88 30 72 99 61 46 82 15 52 99 81 76 49 99 55 13 57 
13 45 18 42 99 70 48 99 99 99 43 99 99 99 31 49 75 69 12 99 85 55 57 75 72 82 99 42 16 99 3 8 24 0 51 33 32 64 45 26 49 15 64 6 48 84 21 16 96 76 24 99 99 55 88 6 99 58 51 64 12 61 18 48 61 19 6 84 99 76 27 9 70 99 27 43 99 75 91 9 33 99 96 61 99 94 99 88 99 99 75 18 99 54 99 81 99 73 40 67 63 
99 93 99 18 99 15 99 16 9 42 31 99 9 36 63 33 99 48 85 60 99 61 4 21 99 99 96 99 99 63 49 46 21 5 0 32 27 14 18 9 99 99 85 99 99 99 99 88 99 1 99 84 99 99 99 82 99 99 99 72 88 45 99 99 3 91 27 21 99 99 75 99 42 99 93 24 82 96 99 82 99 57 99 12 27 27 3 99 19 79 99 40 66 16 99 99 94 99 34 99 79 
99 99 72 60 99 99 15 15 99 10 60 99 79 94 10 22 54 81 99 99 99 7 15 57 99 99 99 99 6 6 32 31 33 14 56 0 61 2 58 44 81 27 99 99 70 79 15 99 49 90 18 34 31 51 99 64 99 15 42 99 64 99 39 55 81 42 99 81 99 37 82 82 99 45 24 99 12 21 27 61 67 69 42 37 69 99 46 97 16 88 64 13 73 99 73 99 94 99 99 99 52 
99 99 40 99 25 54 54 19 88 46 36 99 25 99 99 54 75 36 24 25 4 79 99 82 39 57 88 99 99 27 42 37 32 9 40 16 0 24 18 50 99 88 7 24 76 99 99 33 99 99 99 90 15 46 99 64 12 19 48 31 99 9 40 37 82 75 99 99 99 99 99 99 99 33 99 82 99 25 99 99 99 99 58 97 52 99 37 99 99 99 84 99 69 25 99 87 31 13 81 33 82 
36 99 99 46 37 55 12 99 66 57 99 22 99 79 34 61 60 55 6 99 13 99 99 99 99 99 19 67 99 99 42 26 63 25 35 37 33 0 64 34 99 1 66 4 22 90 99 72 99 34 57 99 18 99 81 72 87 54 60 99 81 99 73 25 99 99 72 58 99 99 84 9 51 99 9 43 48 28 91 99 99 40 67 6 84 10 51 99 91 93 99 76 61 99 49 75 99 99 99 55 54 
97 19 99 63 78 43 39 99 82 99 96 90 99 7 99 15 31 99 78 16 27 99 99 96 99 28 16 67 3 28 4 59 40 26 4 28 57 18 0 49 93 49 40 99 99 99 99 67 99 9 31 13 9 6 54 97 99 6 99 4 93 39 55 7 52 69 58 51 12 36 99 46 82 25 99 42 99 6 66 19 75 99 94 31 30 19 42 90 1 57 54 99 85 99 57 99 99 88 97 96 42 
16 99 82 99 99 99 19 3 99 51 31 22 78 1 42 51 66 57 12 3 37 91 99 25 99 97 99 48 36 96 7 32 38 62 22 2 48 16 10 0 16 51 93 54 52 12 99 40 99 19 69 73 99 12 99 55 40 99 99 73 6 99 1 9 78 13 99 99 46 16 88 27 99 93 99 42 12 87 57 48 39 45 52 99 85 12 99 99 99 99 99 99 88 73 54 99 99 31 43 99 99 
99 94 72 6 55 48 34 99 99 48 99 99 99 60 57 67 54 99 61 24 99 99 99 37 99 78 28 99 57 99 99 97 25 64 3 99 69 99 9 99 0 54 14 26 54 40 43 3 37 38 99 99 6 79 99 27 99 21 81 78 12 99 78 99 99 72 13 87 15 93 57 99 69 88 40 99 99 99 99 99 99 99 51 82 64 72 6 94 81 52 70 97 99 99 33 90 99 99 63 99 99 
99 1 21 99 99 99 99 45 99 99 99 99 99 67 61 97 15 48 84 10 9 39 13 60 99 27 48 54 99 73 99 33 64 99 15 76 99 25 40 99 64 0 54 40 27 15 31 40 18 64 90 27 99 24 99 99 58 91 90 9 46 99 99 58 99 48 79 99 3 99 54 49 21 42 97 10 21 37 69 21 88 24 70 99 22 54 37 99 6 24 70 18 99 63 52 99 99 42 99 87 43 
9 76 67 70 1 15 31 96 45 12 67 99 84 21 90 72 97 28 99 54 4 99 57 99 99 82 45 99 66 70 7 69 51 1 30 57 33 39 82 82 25 25 0 30 45 42 64 4 36 25 73 18 37 43 4 28 30 99 76 99 81 4 45 25 99 6 99 97 99 99 76 4 99 60 3 63 27 90 99 48 99 84 25 99 99 70 58 87 18 58 48 37 97 99 3 4 99 18 37 99 99 
3 99 48 99 84 18 9 99 73 9 61 78 27 82 96 48 99 45 21 99 99 37 99 22 7 87 99 3 75 99 99 52 85 42 99 63 99 27 99 99 60 15 64 0 34 52 13 28 38 31 13 51 88 79 96 99 4 27 6 30 99 12 7 48 73 79 18 33 99 99 12 21 16 90 99 37 34 99 99 84 48 99 99 16 79 46 79 52 94 99 93 99 99 93 90 52 99 99 37 30 27 
99 99 3 72 64 99 99 78 12 39 7 99 99 75 99 18 96 10 10 99 87 13 61 16 99 72 99 99 79 99 12 99 99 6 87 63 99 9 33 3 48 60 32 38 0 20 10 47 54 33 58 54 99 99 99 4 63 99 99 99 99 3 3 60 4 99 97 99 99 37 73 54 90 96 61 48 60 52 33 99 73 54 99 99 15 58 10 99 25 54 28 82 21 99 93 81 52 99 99 6 16 
99 51 3 57 79 13 7 99 99 99 19 97 51 6 99 99 25 7 45 99 99 99 99 69 3 96 6 99 7 31 12 76 99 39 99 1 99 99 12 54 7 60 32 18 24 0 22 45 7 44 13 76 73 39 6 37 90 99 3 79 69 31 28 31 99 15 81 54 70 99 19 19 36 97 58 99 99 1 99 18 34 1 49 99 66 82 40 99 85 99 31 52 15 99 43 99 46 99 45 99 33 
93 33 99 21 99 99 99 63 13 99 4 42 99 30 75 99 99 37 99 99 91 99 58 45 43 61 66 28 40 99 75 99 99 72 22 42 99 39 25 99 36 65 60 59 47 14 0 8 55 58 99 99 99 99 99 45 70 7 99 94 10 34 99 22 70 58 39 99 34 99 93 70 39 63 94 99 99 7 33 99 19 54 99 84 99 69 99 18 99 99 66 84 99 6 54 91 99 88 88 99 15 
99 99 99 7 49 27 99 99 61 25 67 99 46 37 15 67 99 90 99 39 7 16 66 52 99 91 99 55 1 42 99 43 99 99 69 36 99 99 99 94 8 24 60 56 63 54 30 0 35 44 85 54 30 99 99 99 99 25 60 12 18 34 99 82 69 99 99 99 7 72 99 91 46 99 48 99 78 25 84 99 27 6 99 10 55 30 6 99 64 99 48 99 42 10 58 12 52 76 73 91 31 
24 91 10 15 99 99 31 99 99 49 99 48 15 57 99 18 99 91 99 90 99 99 93 37 79 99 46 99 78 18 78 19 16 87 58 76 45 99 72 99 48 20 52 55 6 6 40 38 0 21 57 99 99 99 69 63 99 99 76 10 99 34 48 21 99 40 31 25 61 45 88 3 16 99 58 73 64 99 99 43 66 99 93 39 88 99 7 18 99 99 69 99 39 99 99 22 33 99 93 18 99 
99 82 99 99 39 49 21 42 99 79 10 45 61 93 99 30 9 99 99 37 99 12 82 63 48 99 99 6 99 72 82 99 99 99 99 9 70 61 99 76 41 36 14 0 64 42 17 62 0 0 51 36 6 91 99 1 64 33 18 21 66 99 27 99 49 99 99 37 49 78 21 96 45 12 43 99 99 55 94 64 3 99 94 99 66 99 48 6 37 6 27 45 57 85 99 99 42 28 88 99 99 
13 99 31 67 28 7 9 99 19 99 72 18 90 99 99 34 99 99 31 34 70 1 99 99 36 97 79 76 72 99 99 57 76 99 18 99 99 22 18 99 6 25 57 22 82 99 69 99 67 61 0 56 12 55 42 6 16 20 58 38 90 99 61 90 73 99 99 91 51 99 39 51 66 85 99 99 99 99 88 82 1 99 99 4 58 42 1 93 99 42 66 58 93 39 87 88 99 54 48 24 36 
93 40 94 55 73 34 78 43 88 99 4 60 19 99 88 54 73 99 96 12 58 3 46 69 51 99 99 99 60 37 33 57 76 42 99 73 25 30 99 90 61 85 99 99 99 99 73 60 15 54 23 0 42 55 64 18 61 45 42 28 9 39 60 97 22 99 1 21 1 67 72 31 99 99 22 84 99 48 21 87 99 49 99 27 99 99 99 78 4 75 48 99 69 99 99 99 58 99 99 99 34 
99 99 4 99 58 78 99 72 24 72 10 28 15 42 72 66 4 99 87 99 40 7 99 99 99 34 99 99 99 40 39 70 99 99 90 51 91 4 51 15 99 99 81 99 99 94 57 49 22 27 7 26 0 32 19 43 46 54 38 64 99 3 99 33 75 96 13 25 84 91 99 99 24 99 99 73 84 99 94 34 99 60 87 94 21 13 22 3 33 99 99 52 99 82 7 99 99 99 99 16 84 
99 27 99 99 84 99 61 4 88 99 51 45 12 48 99 73 42 72 99 94 91 66 99 99 76 99 99 93 99 40 81 88 16 85 99 64 99 15 30 99 25 91 73 99 99 34 97 34 79 4 66 39 63 0 6 22 56 41 19 11 99 99 96 99 6 34 99 99 27 34 10 58 91 78 66 27 90 99 30 99 99 99 40 28 99 99 70 15 7 99 31 99 90 99 99 49 99 24 99 91 99 
99 40 76 99 7 99 42 99 76 66 13 15 99 48 78 99 99 99 99 78 6 82 16 45 99 3 37 31 99 19 72 19 73 99 76 66 99 97 21 57 15 99 7 99 99 99 46 22 51 18 6 60 20 52 0 54 6 54 28 12 42 82 25 67 16 27 33 13 97 49 99 4 57 82 67 43 81 99 81 99 81 97 33 51 72 99 4 66 99 99 51 48 99 46 99 57 25 97 99 48 99 
25 99 7 99 51 25 99 60 99 36 99 40 99 87 99 6 99 99 61 99 30 99 94 99 87 40 97 88 99 76 57 45 18 88 55 99 46 88 34 99 34 34 99 43 93 85 99 73 99 34 52 19 52 0 54 0 56 16 3 30 37 90 94 19 99 33 52 99 99 99 76 99 78 99 66 45 99 42 99 99 55 61 84 31 34 99 58 99 39 24 99 97 4 91 75 63 93 99 90 16 99 
99 99 87 78 3 99 28 57 9 99 99 99 3 48 25 16 93 99 37 84 37 27 99 99 99 99 79 99 51 76 85 91 19 99 4 57 99 99 99 72 46 22 99 96 90 99 99 33 43 99 54 43 61 36 60 16 0 54 14 16 34 93 60 97 60 99 99 99 99 27 87 99 99 42 99 99 18 99 99 99 97 60 16 82 99 30 99 31 99 55 73 97 22 87 48 99 97 99 99 99 51 
9 99 99 99 60 99 60 60 99 45 99 27 99 10 55 33 33 99 99 72 25 99 24 99 4 85 99 9 58 99 55 99 75 99 42 87 60 30 22 25 51 99 94 16 91 99 76 21 72 99 2 23 52 37 23 12 3 0 28 11 69 99 99 1 46 46 42 99 15 70 99 21 81 88 42 81 6 46 99 72 99 79 7 99 27 33 70 99 18 99 51 45 52 15 4 99 87 99 46 72 99 
4 27 99 18 22 16 99 16 34 84 42 4 99 12 94 82 19 99 22 3 99 99 31 49 99 33 42 99 99 21 87 19 99 91 34 99 99 34 99 66 99 99 27 99 10 81 6 24 85 84 18 66 27 8 61 7 58 50 0 56 81 99 96 46 99 99 28 99 27 24 99 78 99 78 52 99 19 99 42 51 72 55 99 67 54 9 99 25 64 42 16 99 27 82 93 58 99 99 99 12 34 
99 99 19 30 6 99 79 99 99 99 99 81 99 67 99 76 33 16 42 94 57 13 99 88 99 7 69 99 99 31 99 33 99 63 69 3 52 78 25 99 78 21 13 99 99 22 99 13 13 34 66 8 62 65 45 55 64 46 20 0 79 64 78 27 99 90 24 91 9 99 27 99 76 99 99 87 42 67 99 6 99 63 99 97 91 7 57 48 63 37 78 99 99 97 37 42 34 40 61 99 75 
7 99 43 99 16 16 99 82 52 99 97 36 39 3 73 58 31 99 46 48 96 28 99 94 99 99 72 10 99 34 34 99 99 61 66 99 81 96 99 49 49 99 4 4 55 43 99 76 99 1 67 88 99 52 96 42 99 99 46 25 0 4 31 30 10 65 11 28 59 6 64 57 30 93 33 21 3 99 33 51 99 4 99 84 99 90 99 18 12 99 48 73 96 99 99 99 22 81 75 99 12 
99 13 90 97 37 93 99 99 99 99 75 82 99 60 58 52 99 21 76 12 63 99 39 99 99 99 99 24 1 34 39 99 99 72 51 99 99 42 99 99 99 87 99 99 99 75 42 99 99 79 66 81 99 93 99 99 4 69 69 99 58 0 48 10 30 39 16 12 58 15 99 99 84 10 94 99 99 4 46 99 27 42 43 67 39 90 78 24 64 42 24 51 99 99 99 51 51 18 99 58 96 
69 99 72 99 82 81 97 28 51 99 67 99 55 63 1 60 99 4 99 81 64 99 99 99 61 70 79 99 99 99 99 99 99 99 99 99 82 15 99 69 99 96 99 99 85 99 99 96 52 60 99 64 25 99 67 3 43 85 31 34 21 30 0 47 6 28 52 19 9 2 99 99 99 57 99 99 99 99 9 9 99 99 64 73 67 99 76 99 9 4 27 39 94 72 99 99 99 13 72 99 99 
99 66 55 99 31 99 3 99 99 51 85 33 63 99 28 99 87 1 57 99 55 93 42 97 16 76 10 99 90 76 3 75 91 22 18 22 99 28 99 99 99 52 22 48 66 96 28 3 10 45 99 99 99 82 99 52 99 45 99 9 30 18 30 0 21 33 42 3 7 9 93 52 85 46 88 33 96 16 99 40 37 99 99 73 48 81 31 75 75 99 34 97 99 49 37 99 99 79 9 75 30 
78 99 27 19 24 99 99 25 49 22 99 36 15 99 97 99 99 88 99 7 55 1 99 58 67 99 99 99 99 99 79 93 99 30 52 7 54 96 60 99 85 30 3 54 1 64 36 99 93 99 99 51 99 99 75 90 39 99 1 6 44 16 4 44 0 53 46 29 56 38 78 13 99 99 78 72 67 28 18 52 82 99 55 84 46 12 21 60 18 99 99 61 15 99 1 72 99 30 61 24 7 
34 99 61 84 24 90 78 45 99 24 99 82 67 48 57 70 63 85 99 79 99 99 15 51 99 91 39 73 99 10 81 82 28 46 99 3 99 99 67 51 9 99 33 99 99 60 12 99 3 82 96 64 99 45 57 10 97 99 4 60 52 0 36 57 60 0 34 48 48 6 99 72 88 97 25 99 99 13 91 99 99 18 99 91 99 69 3 45 93 99 58 99 25 40 10 99 99 99 99 12 61 
99 51 99 18 69 46 16 91 25 99 99 99 99 64 99 21 67 36 25 58 99 7 99 99 99 99 69 60 99 61 42 99 1 54 99 52 99 90 93 36 99 99 4 40 43 88 99 99 99 99 54 22 99 60 15 99 21 16 99 27 26 29 6 7 14 34 0 4 39 7 99 34 7 55 31 99 36 12 87 21 99 58 15 81 93 24 99 66 99 96 99 76 96 52 15 55 49 43 99 24 72 
21 15 99 99 99 48 12 96 99 67 99 10 69 99 99 66 54 99 84 99 99 4 99 61 40 97 45 21 99 51 99 99 37 99 30 39 99 75 99 66 48 84 99 75 75 99 57 99 25 75 24 64 91 78 87 18 46 94 99 70 5 44 41 54 58 0 44 0 22 41 42 4 60 19 48 52 1 51 99 70 37 43 24 49 99 99 85 4 99 39 99 99 63 15 54 76 43 7 60 99 48 
99 99 99 84 13 99 36 99 16 82 42 42 10 45 99 99 94 99 16 99 39 19 88 49 72 99 84 12 99 99 57 99 33 72 37 58 81 34 99 99 99 99 55 39 6 67 60 99 52 27 3 69 99 31 55 64 99 99 99 72 36 1 53 54 28 58 25 26 0 66 31 99 51 99 46 63 99 70 99 39 99 99 70 76 99 99 51 45 87 99 42 54 99 99 16 10 12 85 81 9 99 
99 69 7 61 78 94 72 13 7 6 90 7 99 34 99 82 19 91 75 72 19 40 99 63 99 99 55 99 99 45 45 45 58 99 13 99 99 54 78 81 30 93 70 3 90 99 99 99 45 99 1 30 36 79 30 91 99 72 49 75 56 49 46 10 29 46 52 8 27 0 48 7 99 81 99 99 90 99 60 34 36 76 63 25 25 99 45 99 99 12 21 99 55 60 16 69 93 96 7 79 6 
81 19 6 12 46 1 99 43 58 1 64 49 99 39 85 99 42 99 43 99 22 58 16 67 84 96 6 79 84 54 55 19 60 54 69 99 54 67 99 57 99 99 6 99 99 99 24 75 15 99 30 99 30 40 99 6 42 7 49 99 91 99 99 99 25 49 1 99 73 99 0 40 45 51 30 3 52 41 53 14 34 79 99 99 99 6 94 66 73 43 30 99 48 31 78 99 99 99 7 16 99 
99 69 55 40 99 72 85 67 99 22 63 99 99 99 99 9 3 99 99 81 94 21 25 99 99 36 84 73 99 55 97 45 97 10 76 87 99 31 1 18 57 9 99 31 42 99 63 10 33 7 33 21 99 99 99 54 99 4 90 99 73 99 84 75 15 87 46 99 99 99 34 0 11 47 3 65 24 0 34 65 99 99 49 52 99 60 66 31 99 60 97 99 70 82 34 99 60 3 70 99 99 
99 52 57 78 79 99 99 99 64 93 45 99 24 99 88 99 67 99 40 7 36 99 99 76 99 15 99 31 6 78 99 51 37 19 15 16 99 99 99 1 31 97 64 99 66 94 85 96 73 99 99 87 99 40 79 58 99 4 97 99 21 27 28 3 37 67 99 40 40 69 64 2 0 59 1 28 62 26 10 22 13 99 99 66 78 84 99 31 99 64 28 99 99 79 37 99 90 99 69 28 70 
12 75 39 99 57 15 57 58 36 6 36 99 99 7 93 63 7 42 99 99 33 99 90 99 66 12 42 52 90 72 99 99 28 66 99 34 66 67 49 99 27 72 9 99 94 3 99 72 25 99 99 33 84 66 91 99 43 75 99 49 73 10 10 75 97 39 64 34 99 43 40 36 22 0 13 19 40 43 21 27 34 99 88 58 16 57 66 39 99 37 90 99 87 6 99 9 61 96 33 52 82 
99 52 21 81 10 99 60 66 9 70 25 13 42 28 76 39 70 28 28 66 69 55 99 99 12 61 99 67 3 57 99 43 21 96 81 67 1 54 87 72 99 52 99 73 52 16 93 15 27 78 88 73 49 30 18 15 99 48 22 99 51 16 99 84 21 22 34 99 13 99 33 32 11 20 0 63 61 22 12 39 94 58 99 99 99 99 99 99 99 99 13 61 79 99 99 76 18 99 99 15 37 
1 18 99 79 79 99 99 58 75 42 33 99 18 16 36 1 19 37 33 99 45 18 99 79 99 99 70 99 78 10 99 63 99 99 99 99 99 9 99 94 99 99 99 99 19 82 13 16 99 99 21 3 99 28 57 99 16 96 49 73 61 99 99 16 79 99 82 99 99 64 20 10 13 38 61 0 44 36 18 63 64 78 31 58 19 90 39 10 99 99 37 99 16 99 54 57 88 85 42 18 31 
99 99 99 57 99 99 79 81 52 99 97 36 72 67 10 78 99 37 79 63 94 99 99 43 58 88 99 99 99 34 87 39 63 48 99 1 99 99 7 19 69 52 99 34 25 85 12 99 28 49 99 43 99 88 45 54 18 99 37 52 87 84 48 16 99 76 99 79 99 31 26 52 24 61 53 53 0 49 9 20 31 99 40 72 99 34 97 33 99 99 4 57 3 27 58 99 31 99 90 19 99 
10 46 99 1 30 72 36 99 67 60 52 69 93 9 99 99 99 18 18 4 99 64 10 75 99 99 91 99 22 21 66 78 82 54 81 99 31 99 99 99 99 99 24 99 99 37 3 99 99 12 24 69 99 16 30 99 39 1 54 99 45 99 84 84 25 76 21 75 90 99 18 25 26 60 49 26 50 0 39 62 99 42 99 48 16 34 99 60 66 42 7 30 99 30 64 99 99 55 99 79 60 
99 51 46 99 19 55 6 60 99 99 22 57 99 31 99 73 99 99 76 24 81 99 99 63 73 19 99 99 34 46 55 10 10 91 87 64 99 9 69 54 57 22 61 9 93 52 79 46 70 40 99 7 90 87 4 27 99 99 4 10 72 99 52 54 97 99 99 81 99 91 14 23 27 62 28 29 19 48 0 31 73 99 3 82 82 16 99 99 69 99 75 99 9 64 18 70 55 99 10 99 82 
54 6 40 91 99 87 99 45 99 93 99 64 84 99 99 99 49 66 91 24 99 91 10 99 25 28 91 40 99 37 99 43 73 87 19 75 99 99 52 28 46 15 91 96 60 46 31 99 36 99 99 70 24 67 69 9 49 70 39 45 76 99 15 85 99 99 91 94 99 99 44 20 56 30 12 10 52 23 32 0 61 99 46 99 99 99 99 99 94 99 99 81 99 99 40 99 10 39 34 99 72 
99 66 16 43 37 22 57 99 99 42 66 63 96 48 99 99 54 48 48 4 9 91 99 99 99 84 82 94 33 75 16 99 13 99 99 99 99 46 64 99 99 66 93 84 66 99 67 24 84 7 36 34 99 99 36 16 67 99 82 57 51 72 99 87 46 43 64 99 75 99 15 6 40 99 52 99 99 34 99 76 0 23 40 44 34 21 65 1 46 29 99 99 88 72 96 97 99 7 99 99 99 
42 91 43 81 87 99 99 88 99 25 4 99 99 99 78 51 99 66 16 81 54 42 48 99 99 99 99 99 42 15 58 10 67 99 42 51 88 99 93 79 99 30 99 45 99 28 25 97 99 51 40 99 99 64 66 78 99 99 99 66 88 49 31 82 88 75 99 6 33 42 18 3 42 31 87 99 10 57 21 99 34 0 61 34 60 24 6 23 36 54 99 7 10 99 99 99 90 22 28 94 84 
40 99 39 99 21 99 99 19 75 36 90 99 46 99 99 91 99 52 31 21 72 39 3 99 99 99 1 16 57 15 27 75 99 99 82 99 30 99 39 99 52 45 48 75 99 61 99 60 99 87 99 99 99 99 22 75 19 99 88 72 99 28 99 67 99 39 58 99 69 79 99 99 99 99 91 21 67 99 99 99 12 2 0 20 19 52 35 22 12 20 99 99 43 99 33 99 96 15 96 85 84 
87 55 90 99 99 99 57 39 93 70 37 99 99 19 88 97 52 72 37 42 99 3 72 48 99 51 10 94 91 99 99 99 34 18 15 99 13 9 84 21 18 99 99 99 3 16 99 24 61 9 67 66 15 39 99 96 99 75 15 75 99 99 78 99 33 99 43 99 60 99 79 99 91 19 3 28 55 79 99 99 35 54 15 0 25 6 40 53 36 18 99 76 28 99 19 70 99 19 93 87 21 
60 7 67 63 99 99 99 99 10 10 6 70 42 70 25 49 25 36 15 96 51 10 37 85 40 99 4 46 99 58 27 9 99 99 99 61 99 6 99 25 13 85 99 99 1 21 85 99 91 81 27 13 45 54 72 3 99 31 9 99 79 36 24 99 99 69 94 15 60 87 24 99 9 34 99 99 99 40 78 99 14 36 6 20 0 41 1 50 40 36 99 99 34 99 40 99 99 99 99 99 78 
78 82 99 99 99 99 99 97 66 99 19 99 99 19 99 99 42 60 99 99 99 42 99 52 13 52 99 99 49 99 99 39 46 25 91 43 99 99 75 81 27 76 99 4 7 99 99 99 18 99 99 63 85 99 84 25 12 82 73 39 99 19 99 42 40 16 99 99 64 85 99 63 19 90 87 99 99 30 61 99 65 56 34 2 54 0 29 10 60 31 4 99 19 99 39 99 99 85 91 79 39 
99 79 93 99 99 12 99 21 22 61 42 99 87 99 31 99 99 99 10 96 60 99 19 61 64 18 43 27 4 99 87 99 99 99 75 48 99 6 82 99 87 1 19 1 66 75 99 54 99 40 99 99 99 64 45 99 46 9 21 30 88 99 82 99 19 84 99 85 25 94 49 99 99 52 78 9 99 24 73 99 6 61 19 54 16 50 0 55 30 24 3 99 99 49 55 99 4 19 99 99 3 
99 6 10 63 46 30 99 48 25 15 99 99 82 99 99 7 73 91 93 22 99 52 45 6 99 99 37 55 99 99 70 93 84 73 52 42 40 99 52 76 87 99 72 51 72 81 36 33 99 96 90 99 99 82 27 75 99 99 99 94 79 46 66 67 99 82 24 73 99 82 99 99 79 81 39 9 99 96 43 99 34 11 58 31 24 42 30 0 60 53 99 51 36 87 34 99 37 48 99 99 99 
10 87 99 99 79 27 52 79 19 99 93 15 31 6 57 15 57 99 40 7 63 33 24 51 82 99 67 39 57 48 67 27 21 81 99 99 9 87 85 76 69 58 9 16 22 99 99 93 87 39 99 4 76 45 72 99 99 9 63 37 99 99 58 6 49 9 40 99 99 99 97 99 6 99 15 46 99 1 28 99 41 17 16 22 17 49 0 12 0 44 99 30 15 99 25 78 52 63 24 57 63 
6 21 99 22 99 33 94 99 81 99 21 99 79 76 13 27 21 63 54 22 84 99 94 55 67 64 12 99 94 81 99 42 99 99 46 87 9 99 27 69 99 85 88 82 34 81 90 99 46 27 93 36 81 99 16 99 66 99 4 4 81 84 99 55 99 73 91 22 78 33 99 7 25 31 57 99 54 28 52 76 24 56 32 26 30 52 56 10 20 0 99 99 99 87 87 69 73 73 30 99 97 
64 6 99 3 99 75 84 76 99 99 24 99 19 99 42 99 33 84 1 4 43 24 3 99 99 57 31 36 66 49 99 6 82 4 96 99 99 96 15 99 99 84 99 99 57 99 66 99 81 48 78 52 1 33 24 99 72 99 99 30 3 55 91 60 1 49 99 97 99 99 42 97 40 16 1 52 88 22 27 94 13 36 99 36 16 99 99 91 21 99 0 32 32 44 59 37 46 26 47 16 16 
91 36 40 13 10 33 67 27 27 99 13 31 25 61 99 45 88 99 51 76 96 72 3 15 99 33 55 99 99 64 55 16 99 12 84 99 99 39 99 76 99 99 67 79 99 81 76 45 69 99 79 75 99 73 67 36 99 60 87 99 51 99 79 99 81 12 78 99 12 55 99 91 76 99 72 51 10 58 69 39 28 79 21 7 99 57 84 99 99 91 41 0 23 62 66 63 1 34 63 43 3 
28 99 63 22 78 72 99 58 12 33 99 99 1 39 99 99 99 55 75 99 99 21 88 22 99 99 99 99 39 22 76 13 99 99 27 37 84 81 46 40 99 99 34 42 99 99 99 3 55 90 55 27 64 46 19 58 4 99 45 69 99 21 99 99 69 99 79 39 39 69 99 99 54 39 58 99 99 7 51 79 97 52 99 46 99 94 66 99 21 99 55 62 0 14 24 10 52 14 7 6 99 
94 19 72 63 99 37 87 7 70 60 99 58 66 99 45 48 67 64 97 99 99 7 99 37 22 99 99 58 81 37 19 99 99 22 60 99 61 40 99 69 99 99 99 58 99 99 58 57 99 90 99 99 36 55 45 49 88 13 37 99 4 99 24 94 88 99 25 99 9 67 54 79 58 90 40 9 91 99 88 99 99 24 19 99 13 84 54 99 42 99 2 45 59 0 24 19 55 10 24 42 99 
99 99 73 73 63 99 99 99 37 22 99 1 13 48 12 3 36 21 18 37 22 90 99 57 57 99 70 21 36 51 3 88 99 66 19 99 31 96 69 42 6 99 99 99 81 99 91 55 81 64 99 39 58 18 40 13 99 37 99 7 88 99 54 99 99 46 46 36 57 51 88 21 13 27 48 54 99 87 99 61 9 48 19 99 99 28 85 93 51 99 52 40 8 4 0 2 32 36 41 32 99 
6 60 27 3 99 42 93 99 81 55 99 99 61 94 55 46 99 70 99 19 99 99 64 99 99 87 99 99 6 99 60 99 24 99 12 25 97 19 10 72 51 43 28 75 34 94 99 99 99 99 22 99 82 99 60 21 99 99 94 88 99 54 81 99 24 57 99 99 55 16 9 99 12 81 99 52 72 93 19 16 45 99 66 78 99 4 15 99 75 45 42 61 32 9 60 0 16 10 26 38 69 
99 1 75 21 99 22 99 79 7 99 85 88 30 54 54 34 99 78 13 31 39 7 99 99 97 99 15 4 40 93 57 99 51 28 78 99 99 24 99 99 18 99 99 99 10 6 99 57 63 48 76 99 78 57 99 94 99 90 99 61 54 57 25 52 99 99 99 99 19 69 72 67 67 99 10 63 33 3 99 72 34 97 99 63 12 67 43 99 99 49 2 16 1 18 62 3 0 42 37 8 7 
99 13 55 19 85 93 99 55 40 91 54 40 15 3 61 99 27 55 57 58 79 99 99 99 15 3 96 73 13 61 99 94 70 99 99 12 99 42 51 55 31 78 97 99 99 69 99 99 99 52 99 4 40 99 99 99 46 16 99 78 42 22 12 99 99 1 99 66 99 99 85 30 54 49 46 99 99 99 99 43 61 51 99 99 96 45 9 99 99 99 48 44 50 56 19 32 22 0 58 65 4 
9 43 99 99 88 51 99 90 54 73 1 73 99 81 94 81 99 99 73 49 40 99 31 96 99 67 60 88 13 99 99 60 72 75 1 99 99 67 15 69 31 18 1 34 99 49 99 64 61 88 99 70 79 33 1 99 75 66 84 99 99 24 72 10 99 46 48 25 99 30 21 31 51 40 3 99 10 10 7 87 15 85 88 27 99 18 25 99 99 12 59 17 55 6 6 12 56 39 0 62 27 
15 18 99 99 99 72 99 94 46 82 99 63 87 28 91 93 82 6 94 36 99 99 3 99 99 36 99 99 99 99 16 28 90 36 43 9 1 99 99 3 51 24 46 99 99 13 73 99 99 69 57 67 40 99 99 55 55 88 99 19 18 88 16 6 99 99 99 10 99 33 22 58 99 4 21 85 99 66 72 25 99 94 3 24 99 99 31 99 99 46 61 50 65 41 36 61 43 33 36 0 63 
31 99 25 99 82 99 99 91 13 66 28 99 99 97 63 51 48 94 70 76 16 52 49 36 10 61 99 54 1 33 76 73 60 67 91 88 96 33 12 76 99 28 99 73 99 93 90 99 57 73 99 99 85 90 73 70 99 76 82 27 99 99 78 52 39 21 12 16 99 27 99 99 6 81 15 69 25 81 45 18 63 99 39 99 63 99 15 31 99 49 99 57 87 82 19 99 33 99 99 12 0 
