n: 100
m: 8
Pi:U[1-99] 64 95 45 77 13 50 64 6 32 85 66 23 94 50 31 93 86 23 51 7 60 41 9 15 86 28 33 14 39 52 50 99 99 56 68 29 66 11 55 30 83 29 58 48 85 63 18 21 73 22 29 63 10 24 88 34 55 74 54 10 91 25 35 69 12 40 32 17 41 98 46 32 58 19 91 33 47 51 71 36 76 43 52 61 86 67 14 43 41 13 76 26 88 3 39 1 89 90 51 53 
Si:U[50-99]
0 40 55 56 48 43 60 53 48 37 76 99 84 99 81 99 84 99 99 99 99 99 90 88 93 99 93 82 99 99 99 99 99 82 99 99 99 94 99 97 99 99 99 99 90 76 85 79 99 99 99 93 99 76 99 99 99 99 99 85 90 99 93 99 94 99 99 94 99 99 99 99 99 88 97 99 99 99 96 76 99 96 99 99 99 99 99 76 87 99 94 99 81 99 91 99 99 88 96 99 93 
66 0 41 40 35 50 40 54 57 42 75 99 99 78 99 99 99 99 91 99 81 99 99 88 84 99 99 99 85 76 99 99 99 81 99 96 84 99 78 97 76 81 99 99 99 99 99 99 76 85 99 99 99 99 79 99 99 99 99 93 99 78 99 99 99 97 99 99 99 99 99 99 75 99 99 99 81 99 99 99 99 99 99 99 99 99 99 99 99 85 99 99 99 99 99 99 99 99 99 99 99 
37 38 0 39 56 51 38 54 43 54 99 99 91 87 99 99 90 99 99 99 99 99 90 99 99 99 99 78 99 81 99 99 99 85 99 94 78 96 85 75 82 99 99 99 99 99 99 99 82 99 99 97 99 99 88 94 78 88 81 99 88 99 93 79 79 99 99 99 99 99 88 99 99 82 96 97 91 99 99 99 99 99 99 79 96 99 99 82 99 97 99 99 99 88 99 88 99 99 99 76 91 
34 55 34 0 38 60 58 42 44 62 99 94 94 99 99 99 90 99 91 99 88 99 99 99 99 99 85 99 93 94 94 99 99 99 99 99 99 99 99 99 82 78 87 99 99 99 84 99 99 99 96 84 99 99 82 99 76 99 99 99 99 84 99 94 99 99 99 99 76 99 99 99 93 82 79 99 84 99 76 85 99 99 79 99 99 99 99 99 99 99 93 99 99 99 93 99 99 99 84 99 82 
58 55 50 50 0 53 51 66 57 42 99 99 96 76 90 99 99 99 93 81 99 99 99 99 99 99 99 75 99 99 99 99 84 99 99 99 99 99 99 99 99 99 99 99 99 82 99 94 94 91 99 99 99 99 85 99 99 99 99 79 99 99 99 90 99 99 99 93 99 99 99 99 99 99 99 99 99 84 88 99 99 99 76 91 99 82 99 99 94 99 82 99 99 99 96 82 96 99 99 99 99 
58 58 52 38 48 0 43 52 38 63 99 99 99 99 99 88 76 90 99 99 99 99 91 79 99 99 99 99 99 99 99 99 88 99 99 99 99 99 99 93 99 99 99 99 82 76 81 99 87 99 87 75 99 99 99 99 99 84 90 85 99 99 75 99 99 99 99 99 99 99 99 99 99 99 96 99 99 84 78 99 99 99 99 99 99 99 75 99 99 99 99 90 99 87 82 88 99 99 99 99 87 
39 45 56 54 36 40 0 64 50 48 99 99 99 99 99 99 99 99 99 99 99 99 87 91 99 99 99 99 99 78 99 99 99 99 99 99 99 99 99 99 88 99 99 99 88 99 93 88 84 99 99 99 99 99 82 99 99 99 99 99 99 99 99 99 99 99 91 75 99 84 99 97 90 99 99 99 99 99 99 78 99 99 99 93 99 99 99 88 99 99 99 99 99 99 79 99 99 94 99 99 99 
38 34 38 58 42 51 54 0 66 47 87 99 99 99 85 99 99 99 99 99 81 99 97 76 99 99 93 99 85 99 99 99 99 99 99 99 99 99 87 99 76 99 99 99 91 99 99 85 99 99 99 99 81 99 99 99 99 99 85 99 79 99 99 99 91 99 99 97 99 99 99 88 99 99 93 99 99 99 96 78 99 99 93 97 82 99 99 99 99 88 99 97 99 99 99 76 99 82 99 93 99 
50 52 36 64 57 58 51 36 0 54 99 78 88 99 87 79 75 96 99 99 99 99 99 99 90 99 99 76 88 99 90 82 99 99 87 99 79 99 99 81 99 84 99 99 99 91 99 99 85 91 99 96 99 78 99 93 84 99 81 99 94 93 99 81 99 99 99 99 88 99 76 99 99 99 99 99 96 99 99 96 99 99 99 99 99 85 99 87 99 99 99 93 99 97 99 88 96 99 94 99 78 
38 61 55 63 56 64 56 52 62 0 99 97 99 99 99 99 79 99 94 94 99 99 99 99 99 99 93 91 87 78 97 99 99 99 99 87 99 99 99 82 99 81 88 99 82 81 88 85 94 99 78 75 99 99 99 99 99 91 99 99 99 99 75 99 99 78 99 99 99 79 99 99 84 99 99 99 90 99 91 99 99 90 93 99 85 76 99 99 99 99 87 88 90 79 87 94 99 99 99 99 79 
99 99 94 99 99 99 99 99 99 99 0 52 34 45 34 50 64 43 66 48 99 93 99 85 99 84 99 99 99 99 99 99 99 99 99 81 99 99 99 99 79 99 99 99 99 99 99 99 94 99 87 99 99 99 87 99 99 99 99 99 99 99 79 99 82 99 96 99 99 99 94 99 99 99 99 96 99 97 99 99 93 99 76 99 91 79 99 99 88 99 99 99 99 99 99 99 99 99 99 99 99 
94 99 99 99 99 96 99 82 99 99 44 0 65 65 33 60 42 62 58 42 90 99 99 99 99 99 99 99 78 99 99 99 99 99 99 99 99 96 99 99 79 99 99 99 99 99 99 99 99 99 97 99 99 99 99 75 99 99 85 94 90 99 99 81 99 99 97 99 99 96 99 94 99 91 99 99 99 82 87 82 99 99 97 99 99 99 99 76 99 99 76 99 81 99 99 99 82 99 99 79 85 
99 99 99 87 99 99 99 85 99 75 59 61 0 58 40 40 51 41 39 48 99 99 78 99 99 75 99 87 99 90 99 99 99 94 94 87 99 91 99 99 99 99 99 91 99 99 99 99 84 99 91 99 99 99 99 99 99 99 99 99 99 99 99 99 90 99 91 99 76 99 99 75 99 99 99 99 99 99 99 97 76 99 99 99 99 99 81 99 99 99 88 99 99 99 78 99 99 99 99 99 99 
99 99 99 75 99 94 99 76 99 99 50 65 60 0 34 58 35 40 36 52 99 82 99 99 99 99 99 99 76 99 99 99 99 99 81 99 84 99 99 99 99 82 78 99 99 96 99 99 99 99 99 75 99 84 99 99 99 99 82 99 99 99 99 99 99 99 99 99 99 99 99 99 99 99 99 81 99 99 75 99 99 99 99 99 99 99 99 99 99 99 99 99 96 99 99 99 99 97 99 87 99 
99 91 99 99 88 99 99 99 99 99 37 45 42 44 0 34 48 42 58 44 99 99 99 82 99 99 99 99 91 99 99 85 99 99 81 96 90 93 99 88 99 94 99 99 99 99 99 96 99 99 99 99 93 91 87 94 99 99 99 99 99 99 99 78 99 99 99 85 99 99 85 99 99 99 97 99 96 81 99 99 99 90 99 99 99 99 99 99 85 88 99 99 99 99 85 76 81 81 99 99 82 
99 99 99 94 99 99 99 99 82 99 50 42 62 62 33 0 63 47 49 55 99 88 99 99 99 75 87 97 82 93 99 82 94 99 99 99 97 99 99 94 82 99 99 99 99 75 99 99 79 85 99 84 82 99 99 99 99 99 81 99 99 99 99 99 93 75 99 87 99 99 93 99 94 79 85 99 75 94 96 99 75 79 99 99 99 99 99 94 94 99 99 75 99 91 99 99 99 99 99 99 99 
99 99 99 99 99 99 99 79 99 82 44 42 58 44 42 62 0 50 52 58 99 85 81 82 99 99 78 99 99 99 78 82 99 99 94 81 82 78 81 99 93 99 99 85 99 99 99 99 99 99 99 99 99 99 99 99 99 82 99 99 82 99 94 82 99 99 99 99 99 93 99 99 99 99 99 99 99 94 99 99 99 99 76 88 99 99 85 99 99 99 99 99 99 99 99 99 99 97 99 99 99 
81 76 99 87 99 99 88 87 99 99 43 41 62 49 60 58 54 0 49 54 75 99 82 99 99 99 75 99 99 99 99 99 99 99 99 85 99 99 99 99 99 99 99 75 81 88 99 99 99 81 99 99 99 99 99 99 87 99 99 99 99 99 99 99 99 99 99 99 99 76 96 99 93 99 94 99 82 96 99 99 99 99 99 99 79 88 96 99 99 96 99 99 99 99 94 88 99 75 99 99 99 
79 79 99 99 99 99 99 79 99 99 53 52 50 33 53 60 53 40 0 44 99 99 99 99 78 90 84 99 88 99 99 99 99 93 99 99 97 99 93 99 99 99 79 99 99 99 87 85 93 84 99 93 93 93 99 84 91 99 99 99 99 99 99 99 99 94 99 84 90 99 99 99 99 99 99 99 88 99 84 99 99 99 78 99 79 99 99 81 99 76 99 88 99 99 99 85 79 99 99 97 99 
78 99 99 99 99 99 99 99 99 99 43 57 49 65 61 42 36 57 37 0 99 99 99 99 99 91 94 99 79 99 99 99 90 79 99 99 99 79 99 99 99 99 99 99 99 99 99 88 99 99 97 99 99 93 81 99 99 99 99 99 99 99 99 99 99 99 99 99 99 84 99 88 93 99 99 99 99 78 76 90 99 93 99 97 99 99 99 99 99 99 99 99 99 78 88 99 76 99 93 99 99 
99 91 88 99 99 99 99 91 99 81 99 97 96 99 99 99 99 99 75 99 0 50 46 60 37 51 48 34 57 54 75 99 78 99 99 99 99 99 99 99 99 99 91 99 99 99 99 97 85 99 99 99 96 99 99 99 82 99 99 99 99 93 99 99 93 99 99 85 99 99 75 99 99 75 88 99 99 78 99 99 81 99 99 99 99 87 99 94 75 99 97 97 99 99 99 99 99 99 99 99 93 
79 99 99 81 99 91 99 99 99 99 88 81 99 78 75 99 75 99 99 99 41 0 36 43 56 46 44 60 47 58 99 82 87 99 99 99 99 88 99 99 99 99 87 78 99 99 94 99 99 96 99 94 99 99 99 99 99 99 99 76 99 99 99 93 99 99 75 85 75 99 94 99 99 99 99 99 99 99 99 99 82 99 99 99 79 79 99 81 99 99 97 99 88 81 99 90 87 81 91 99 99 
99 99 75 99 93 99 99 81 75 99 99 99 75 99 99 97 99 90 99 99 35 66 0 47 48 65 35 50 39 66 99 99 99 99 99 99 75 99 99 96 99 99 99 99 99 99 99 99 99 90 75 99 99 99 79 99 84 97 99 99 99 99 99 97 99 94 99 99 99 99 85 81 99 99 99 99 99 99 99 99 99 85 99 90 79 99 99 99 99 99 90 84 99 75 91 78 91 85 99 99 99 
96 99 99 84 99 99 97 99 90 99 90 99 99 76 97 99 90 85 99 99 62 44 60 0 41 56 60 44 39 54 99 99 99 99 85 99 99 99 96 99 78 90 99 99 99 99 84 99 81 99 99 75 99 99 99 99 99 99 99 99 88 99 99 99 99 93 93 94 87 99 93 99 79 99 97 99 99 99 99 99 85 96 99 99 96 99 99 99 81 75 99 99 82 78 88 85 99 81 99 99 99 
99 99 96 87 78 99 99 94 99 91 99 99 99 99 99 99 81 94 99 99 52 62 65 34 0 40 50 57 34 62 78 99 99 99 97 99 91 99 99 99 99 99 99 76 99 99 99 99 99 99 99 87 99 85 99 99 99 99 99 99 97 99 81 99 85 99 82 78 99 99 79 99 81 99 99 99 90 99 99 99 94 99 96 99 99 99 99 99 99 79 91 78 88 90 99 99 99 88 87 78 99 
99 99 99 84 99 82 99 99 82 99 99 76 99 81 99 99 99 97 99 99 52 33 34 54 58 0 47 33 54 60 99 99 99 88 99 99 99 99 97 99 99 99 85 85 99 99 99 99 93 90 99 88 99 99 99 99 99 91 99 99 99 99 99 99 99 97 99 99 99 99 99 99 99 99 97 84 99 88 91 99 94 99 99 99 99 99 99 99 88 85 99 97 99 99 81 99 76 99 99 91 99 
99 99 99 99 99 97 93 97 99 99 99 91 91 75 99 91 99 90 99 99 65 53 35 46 35 37 0 40 66 60 96 99 99 93 99 99 82 93 99 99 99 93 99 99 82 99 99 99 99 91 93 81 99 99 85 99 99 99 82 99 76 99 81 99 99 99 99 91 84 81 75 99 99 99 99 79 99 99 99 99 99 99 97 99 99 99 81 84 99 99 99 93 99 99 99 85 84 85 99 99 99 
90 99 87 90 99 99 99 87 87 99 99 76 78 99 99 99 79 99 97 75 54 56 58 58 54 65 62 0 57 44 99 91 99 99 97 84 99 82 99 99 99 99 99 99 99 96 99 99 99 99 99 91 99 85 99 99 99 99 99 99 99 99 99 93 99 75 99 90 99 99 81 99 99 99 99 99 99 99 91 75 99 99 99 88 99 82 88 79 99 99 99 99 99 81 99 99 99 97 99 99 81 
81 84 97 99 99 99 87 97 87 99 82 99 99 99 99 85 90 99 99 99 36 64 56 50 46 44 44 60 0 45 99 99 99 79 99 99 99 99 99 99 99 99 78 94 88 75 81 99 99 91 76 78 99 91 99 99 85 99 99 99 99 78 87 87 99 99 99 99 99 97 94 99 99 88 79 99 78 82 99 99 99 99 99 76 88 99 99 99 99 99 99 99 79 94 76 85 76 93 99 93 96 
93 99 99 99 99 99 99 78 99 99 99 99 99 99 99 99 99 99 97 99 44 35 42 52 65 40 34 47 61 0 96 99 91 84 76 96 99 99 99 99 99 88 99 99 99 99 81 99 97 99 99 99 99 99 96 99 99 79 99 99 99 94 99 76 99 99 93 99 94 78 99 99 99 99 99 96 99 84 99 94 99 97 93 85 81 99 99 99 99 99 99 87 75 99 99 99 99 99 99 85 97 
94 99 99 99 79 97 99 75 99 99 99 99 99 99 75 88 99 99 99 91 99 99 91 99 91 99 94 99 99 99 0 39 58 66 48 57 39 45 37 39 76 99 99 99 99 91 99 99 99 99 99 99 76 99 78 99 99 99 99 99 76 99 99 79 99 81 99 99 99 99 99 97 99 99 99 99 76 99 99 99 99 99 99 99 90 99 99 90 79 99 99 99 85 99 96 75 99 99 99 99 99 
99 99 75 99 99 99 97 99 99 99 99 99 99 99 96 99 99 84 99 81 90 99 93 99 99 99 99 94 99 99 57 0 60 59 52 52 57 34 34 64 99 99 91 76 75 99 99 75 99 99 76 82 99 90 99 91 99 99 99 99 99 99 99 99 99 99 99 75 99 99 99 91 99 99 99 78 99 94 99 99 78 99 99 99 82 99 82 99 79 99 78 99 99 99 81 81 99 87 99 85 90 
93 99 93 99 90 99 94 99 79 99 99 99 99 99 99 99 91 99 99 99 99 75 99 99 99 99 99 99 99 90 66 40 0 64 64 62 52 64 38 66 99 99 99 82 99 79 99 79 99 99 82 82 99 99 81 90 99 93 99 99 99 99 91 99 99 99 99 99 99 79 99 99 90 99 99 99 99 90 76 99 99 99 99 99 91 99 94 99 99 99 99 99 97 99 99 99 76 99 84 99 99 
99 99 78 99 99 90 88 88 99 99 99 99 99 99 99 99 99 99 99 99 99 99 81 94 99 81 99 96 99 93 55 46 53 0 66 52 66 49 52 50 99 99 96 99 99 93 79 82 99 99 87 99 99 99 99 99 99 97 99 99 99 99 79 99 75 99 99 99 76 99 99 90 81 91 99 99 99 99 99 99 99 99 99 99 99 99 90 99 99 99 91 99 99 76 99 85 99 99 99 99 96 
99 99 99 99 99 99 99 99 99 99 99 99 78 88 99 99 99 99 99 99 99 99 82 79 97 99 91 99 96 99 46 34 40 37 0 64 64 33 38 42 88 99 99 75 99 99 99 87 99 78 75 99 99 91 99 99 75 99 90 99 99 99 99 93 99 99 99 82 99 99 99 99 99 99 99 99 99 99 99 94 99 96 99 96 99 99 99 99 99 79 99 81 91 91 99 99 99 99 99 99 99 
87 99 99 99 78 99 99 97 99 94 96 99 99 99 88 85 84 82 99 99 99 99 99 99 99 99 99 78 99 84 43 66 63 51 46 0 53 57 42 63 76 75 94 84 99 99 97 99 99 81 88 91 99 99 99 93 99 99 87 99 99 99 99 99 99 78 99 93 84 99 99 99 99 99 99 82 99 99 99 99 99 99 99 93 96 99 99 99 87 99 99 99 99 99 99 99 99 99 99 99 99 
99 99 96 99 99 99 99 85 84 82 99 99 99 99 99 88 99 99 99 99 99 99 75 94 75 99 99 99 99 99 52 44 57 35 61 63 0 54 59 54 99 99 85 93 99 99 81 99 94 99 99 99 99 90 99 99 99 90 99 99 99 99 91 99 99 99 99 94 99 91 99 99 99 99 75 82 99 75 90 99 99 99 99 99 90 99 99 99 99 99 81 99 99 85 99 99 99 84 99 99 91 
82 90 85 93 99 99 99 75 85 99 99 99 99 99 99 99 99 99 87 99 99 99 99 75 99 79 99 84 99 75 64 41 36 56 64 44 46 0 52 39 99 99 99 99 99 81 99 99 96 99 99 99 82 99 99 84 75 85 81 99 99 99 94 88 91 99 99 99 99 99 99 99 88 99 99 99 99 99 99 97 76 88 99 88 99 84 99 99 79 99 99 94 99 82 99 99 99 99 90 79 99 
99 99 99 99 84 88 99 99 99 99 82 99 99 99 91 99 90 99 99 99 99 99 82 99 85 87 75 99 99 85 62 34 40 50 65 49 54 50 0 35 99 99 85 99 99 93 99 91 91 99 99 91 99 82 99 99 99 99 96 99 99 76 99 99 99 99 99 87 99 93 84 99 75 97 99 99 99 99 99 97 99 99 99 99 87 96 99 97 99 99 99 99 99 99 99 99 99 99 99 99 99 
88 81 85 99 99 79 99 99 87 75 99 99 99 94 99 99 99 78 75 93 79 99 79 99 99 85 88 99 99 90 39 36 46 37 60 64 55 44 62 0 99 99 99 82 99 99 99 99 84 84 99 97 99 99 99 99 99 99 91 79 99 85 81 99 99 99 99 99 99 99 99 99 99 97 97 99 99 91 99 99 99 99 99 79 99 99 99 99 99 99 99 99 88 99 99 99 78 99 99 99 76 
76 99 99 99 75 81 99 99 96 97 99 99 99 99 78 99 99 99 99 99 91 99 78 99 81 79 99 99 78 76 99 99 81 99 99 99 94 81 90 85 0 55 46 56 52 60 60 51 66 51 99 99 99 99 78 99 99 99 97 99 99 99 90 99 91 81 99 99 99 99 99 99 99 93 99 99 99 99 99 99 99 99 99 99 99 99 99 99 99 99 99 99 99 99 99 99 99 99 99 99 91 
81 85 99 79 99 99 75 99 99 75 87 94 99 99 99 99 87 99 79 99 99 99 99 99 99 79 88 99 99 76 96 99 81 99 94 97 99 99 84 75 38 0 36 56 38 56 61 52 34 58 99 99 93 99 99 81 99 87 99 99 99 75 99 76 94 90 99 75 99 99 99 99 75 75 99 99 99 88 81 85 94 76 99 81 99 76 99 93 99 99 99 99 99 99 99 99 93 99 99 84 82 
99 91 99 99 99 93 99 97 99 85 99 94 99 99 99 93 99 99 99 99 78 99 99 99 99 99 99 99 99 82 96 99 99 99 99 99 99 91 99 97 39 46 0 58 63 43 33 60 40 64 99 76 99 82 96 99 99 88 87 91 99 75 99 99 90 99 85 99 99 99 99 99 99 99 99 79 99 94 85 99 96 85 99 99 99 97 90 91 97 99 99 99 99 99 99 99 81 99 99 99 99 
99 99 99 96 96 99 96 99 99 99 99 99 96 75 99 99 75 99 90 96 99 90 99 99 99 85 99 76 93 78 99 82 97 99 81 99 82 88 93 99 52 46 41 0 52 54 34 48 47 52 99 88 85 99 99 85 99 99 96 94 99 97 99 78 99 99 93 82 99 78 99 99 79 81 99 96 99 99 99 99 99 99 78 99 79 99 99 99 78 78 87 78 87 99 99 99 90 90 99 99 99 
99 96 99 99 99 99 84 99 99 99 99 99 97 99 99 78 99 82 99 99 90 99 99 99 99 93 91 99 90 78 93 99 88 99 99 99 99 99 99 99 64 51 60 53 0 60 36 54 55 58 99 99 99 99 85 96 82 99 99 99 99 78 99 99 82 99 99 99 84 99 99 88 99 94 78 90 99 99 99 99 76 84 99 99 88 99 99 91 99 78 75 96 79 99 99 99 99 99 99 93 99 
99 91 99 99 93 99 91 99 75 99 99 96 84 99 99 99 99 99 99 99 96 87 99 97 84 99 99 99 99 99 99 91 99 99 99 81 99 99 97 99 50 64 38 54 53 0 52 58 39 46 91 99 99 99 99 99 99 82 99 99 99 99 99 96 99 99 99 79 90 94 76 99 99 99 97 99 99 99 82 99 99 76 76 99 99 99 87 99 99 82 99 75 99 85 99 99 99 99 99 93 85 
99 99 75 99 99 99 99 99 99 99 99 99 99 85 99 99 99 99 99 85 81 99 97 99 99 99 99 91 84 81 99 99 99 91 99 99 97 99 99 88 54 38 40 56 44 65 0 48 51 36 99 99 91 99 99 99 99 99 99 93 99 99 99 79 99 99 99 87 99 81 99 99 78 99 99 99 99 99 99 99 99 99 90 90 94 85 99 99 97 99 99 99 99 99 94 79 87 97 99 99 99 
81 99 99 90 99 97 99 82 99 79 99 99 99 99 99 99 99 91 99 85 99 99 99 75 99 76 91 90 78 99 90 99 75 99 85 81 99 99 94 82 60 55 40 39 41 34 64 0 48 39 99 78 99 99 91 99 97 99 97 99 85 75 99 81 81 96 99 99 99 99 78 99 75 94 97 99 81 99 99 99 99 88 91 99 99 99 99 99 75 99 99 99 81 99 75 99 93 99 99 76 87 
87 99 91 99 99 76 99 96 99 87 88 99 78 99 99 99 99 81 84 99 99 75 96 99 99 99 99 96 96 94 99 99 99 82 93 99 99 99 99 90 49 40 43 33 61 56 63 37 0 47 99 90 99 90 99 99 99 93 99 94 99 99 76 78 99 99 76 93 99 91 96 99 99 99 90 99 94 99 99 99 99 99 99 99 99 99 79 99 99 99 99 99 99 99 99 99 99 78 99 82 99 
99 99 99 99 99 99 96 99 99 99 90 99 99 99 99 99 99 99 97 99 99 99 99 99 91 97 99 97 91 99 99 99 99 78 99 99 99 99 99 91 48 36 55 65 57 46 44 60 53 0 99 99 99 99 99 99 75 99 99 99 76 99 99 99 99 99 99 96 99 99 99 81 99 99 99 99 99 81 93 99 87 99 99 99 99 99 99 99 85 94 99 82 88 99 99 93 99 99 99 99 99 
99 99 99 99 99 99 88 85 82 99 99 99 99 99 99 99 84 99 90 99 99 99 99 93 99 94 99 97 99 99 99 99 84 76 99 76 85 82 99 84 75 99 96 99 99 99 99 79 94 93 0 65 58 57 48 64 48 48 56 50 76 99 99 96 99 96 94 99 96 87 99 99 99 88 99 99 84 99 81 99 99 99 99 99 99 99 99 99 76 84 82 99 99 99 78 99 99 99 99 99 99 
99 99 99 99 99 99 99 99 84 94 84 99 99 99 99 88 81 99 99 99 82 99 99 99 99 99 99 79 94 99 99 99 96 96 99 99 99 99 99 81 97 81 99 99 94 99 99 93 99 81 62 0 46 35 38 66 37 53 50 33 99 99 99 99 85 99 99 99 99 99 99 94 88 82 99 76 85 99 99 99 93 88 99 99 75 99 99 81 99 99 99 76 99 99 84 84 78 99 99 99 99 
99 79 99 99 99 88 99 99 99 99 99 99 94 99 94 99 99 91 84 76 99 87 75 84 99 99 99 99 99 91 81 91 99 99 75 99 99 87 94 99 99 99 75 87 99 93 99 99 96 99 42 58 0 36 38 34 54 53 42 64 99 99 97 99 79 76 96 99 99 90 99 99 99 79 99 78 99 99 99 96 99 99 99 99 99 99 99 99 99 94 99 99 99 99 99 81 79 99 99 93 99 
90 99 99 99 84 76 99 99 99 99 99 99 96 99 99 99 94 99 99 99 99 99 99 99 99 99 81 99 99 97 99 90 99 99 79 99 99 94 91 99 99 99 99 99 99 76 99 97 96 99 40 54 62 0 54 40 54 64 54 50 93 99 99 99 99 76 99 97 99 99 99 99 94 99 99 99 99 99 78 76 93 99 99 87 99 99 99 97 99 99 88 85 99 99 90 99 84 99 99 99 99 
97 97 85 99 85 99 99 99 94 99 99 97 79 99 99 99 99 99 99 99 99 99 81 96 99 93 99 99 99 91 99 99 99 99 99 76 79 99 99 99 99 99 99 99 99 99 99 96 76 82 40 64 34 50 0 42 62 46 37 34 99 99 82 99 99 99 99 99 99 99 99 84 79 99 81 99 93 99 99 94 78 99 99 79 99 81 99 97 99 84 99 99 99 99 99 79 99 99 99 94 99 
99 93 99 99 87 81 88 99 99 99 99 99 87 99 99 88 99 85 79 99 99 96 99 99 99 99 99 99 82 99 78 96 93 99 99 91 99 99 99 99 84 99 82 87 99 99 99 99 79 88 53 58 34 62 53 0 45 34 62 40 99 84 99 99 99 99 99 99 93 99 99 82 99 99 99 99 99 93 99 99 81 99 99 79 99 81 99 99 99 99 94 88 99 99 99 99 99 99 84 87 99 
99 99 99 91 97 99 99 99 99 99 79 88 94 99 88 75 99 87 99 99 99 99 76 99 99 90 82 99 99 93 99 99 99 96 99 99 99 79 96 99 99 99 99 99 84 99 99 99 91 99 43 52 64 34 36 44 0 61 45 44 99 90 99 87 99 99 99 99 82 99 99 87 99 75 78 99 99 99 99 99 96 99 99 82 90 99 75 96 99 76 88 99 99 82 99 99 99 79 99 88 99 
99 99 99 99 97 99 99 99 99 99 99 99 99 99 99 99 99 99 99 99 99 99 94 91 88 99 99 99 99 99 99 99 97 99 99 96 99 99 99 79 99 79 99 99 99 99 99 99 99 99 54 33 34 40 38 51 39 0 34 64 93 99 99 99 97 97 99 99 90 99 99 99 99 99 88 99 99 99 99 82 99 99 99 99 99 88 81 99 75 99 99 99 85 99 99 99 99 99 99 99 85 
93 99 78 99 99 99 99 99 99 99 99 99 79 99 99 99 99 84 76 99 99 99 99 84 91 99 99 99 99 99 99 99 99 99 99 99 99 99 99 94 99 99 99 99 99 99 82 99 99 99 54 50 44 46 38 64 55 48 0 62 99 99 99 99 99 99 99 99 84 91 99 99 91 99 99 96 85 99 99 99 99 99 88 99 99 99 99 99 99 99 99 99 99 97 99 87 99 99 99 99 99 
99 96 85 99 93 99 99 99 84 78 99 99 99 93 81 84 99 88 99 96 99 99 76 99 99 99 99 99 96 78 88 99 99 99 96 99 99 99 99 99 96 99 87 99 99 99 99 90 99 99 62 36 43 48 45 38 40 49 38 0 99 99 81 87 99 75 99 99 84 81 99 87 99 99 99 99 99 99 99 99 99 99 99 85 82 99 99 99 94 99 99 99 99 79 99 99 99 90 81 99 99 
90 99 99 99 99 99 99 87 99 75 91 99 93 99 99 85 99 99 99 82 88 99 99 94 97 99 82 99 99 99 99 75 94 99 99 81 96 91 94 99 99 93 99 99 99 99 99 99 99 99 99 99 99 99 99 85 76 99 99 91 0 52 49 57 36 38 64 46 37 40 99 99 99 82 96 99 88 99 99 99 99 99 99 76 99 99 99 99 99 87 99 99 99 99 99 99 82 99 99 99 99 
99 75 99 88 99 99 99 94 79 99 99 99 79 99 99 99 93 99 99 99 99 99 99 99 87 99 81 84 99 99 99 78 99 81 99 99 99 99 99 99 99 99 99 99 99 99 99 99 96 99 99 99 99 99 79 99 85 99 99 99 38 0 34 42 65 61 41 59 37 36 99 99 81 76 85 79 99 99 99 99 99 76 99 99 99 87 99 90 96 99 99 90 90 99 91 99 99 99 88 99 82 
75 99 79 99 99 99 99 99 78 94 82 76 99 99 99 99 99 76 75 99 99 87 99 79 99 84 99 84 84 85 99 93 99 99 75 99 96 99 99 91 99 79 99 79 99 78 99 99 99 94 93 99 99 99 78 97 99 99 99 81 36 54 0 66 36 58 45 54 58 46 99 99 99 99 99 99 99 99 99 96 99 87 99 99 99 99 99 99 99 91 94 99 99 99 99 99 90 99 99 99 99 
79 85 85 85 99 99 88 99 99 99 76 85 99 93 81 99 99 78 99 87 99 99 99 96 99 87 91 85 97 99 99 75 82 99 78 94 99 93 99 99 76 99 87 99 99 99 99 99 99 78 99 82 99 99 99 99 99 99 99 99 49 52 53 0 40 53 45 40 48 37 99 99 99 99 99 84 99 87 75 99 99 84 99 81 90 99 97 99 99 99 99 99 84 97 99 96 99 99 99 99 91 
94 99 84 87 99 79 99 97 99 99 99 99 78 99 99 81 91 94 99 88 99 79 91 91 99 79 96 99 76 99 99 99 99 75 76 85 99 99 99 99 99 99 99 99 99 78 94 99 76 99 99 87 94 99 99 87 88 99 99 99 49 58 60 40 0 50 36 56 50 38 99 85 75 99 99 99 78 99 99 99 99 99 90 99 91 99 81 99 99 96 99 99 91 97 93 99 99 99 99 99 94 
75 99 85 99 99 76 75 93 99 93 90 84 79 99 99 99 99 81 99 99 85 88 99 99 99 99 75 76 99 94 99 99 99 94 99 99 99 99 99 81 96 99 85 82 97 99 99 97 99 96 99 75 85 99 99 99 99 99 99 99 33 45 55 57 44 0 33 43 60 45 99 99 97 99 99 99 99 99 99 99 91 99 99 99 99 99 99 99 99 99 93 99 99 99 99 90 99 75 99 87 78 
99 87 84 99 99 99 99 99 99 99 99 99 99 99 99 75 99 99 99 84 99 93 99 99 99 99 99 99 90 85 93 93 84 87 85 99 99 87 99 99 99 97 94 97 99 99 99 90 99 99 76 99 99 99 78 84 81 99 99 99 50 49 55 33 48 49 0 37 36 48 99 85 99 99 99 99 90 78 99 84 99 99 93 99 99 99 99 99 94 99 99 99 81 99 96 99 99 99 99 99 99 
94 99 99 99 99 99 99 99 87 97 82 99 99 99 99 99 99 91 99 85 87 82 99 96 99 99 99 90 99 94 99 78 99 88 91 99 99 99 99 99 99 99 99 87 99 87 99 85 93 99 99 99 99 75 99 99 99 99 99 78 56 34 63 36 57 41 62 0 52 46 99 99 96 99 87 99 99 99 99 90 99 93 99 96 85 99 99 88 99 99 99 78 99 99 93 99 99 99 91 99 99 
93 99 94 99 99 99 99 99 99 99 99 99 99 99 99 99 99 99 88 99 91 78 99 88 99 99 97 99 75 99 99 81 99 81 99 99 76 88 99 99 99 88 99 99 93 99 99 81 99 99 91 96 79 96 82 99 99 99 99 99 48 38 55 54 51 47 34 48 0 58 99 99 99 99 99 94 99 99 99 99 99 99 99 99 99 99 94 96 84 99 99 81 99 99 99 99 99 79 99 94 96 
99 85 99 99 90 99 99 99 99 99 81 99 91 99 99 85 87 85 91 99 82 99 99 99 75 99 99 99 99 99 96 87 99 99 88 99 96 99 99 99 99 99 99 99 82 99 99 99 99 99 99 99 99 99 81 99 82 99 99 99 50 41 54 55 64 48 56 54 42 0 82 99 82 91 99 99 99 99 99 93 99 99 99 99 99 99 96 99 99 79 99 99 85 99 96 99 99 99 99 99 99 
99 81 99 99 99 99 90 99 99 96 99 82 99 99 75 96 99 75 76 99 99 99 99 93 99 99 84 99 99 78 93 99 99 96 99 82 88 99 99 99 94 99 99 96 91 99 99 99 99 99 99 97 88 99 99 99 99 99 99 99 91 99 96 99 99 99 99 99 99 99 0 49 50 58 49 64 60 47 35 40 99 78 99 79 99 99 99 99 99 99 99 99 99 97 99 99 99 76 99 99 94 
99 99 99 99 99 79 99 75 85 99 82 99 82 88 99 99 99 84 79 99 78 99 99 88 94 81 99 99 99 99 99 87 99 99 97 76 99 96 99 75 99 99 91 82 76 99 99 99 99 99 96 99 96 88 99 99 99 94 79 99 99 79 85 99 99 99 88 96 99 99 47 0 60 40 43 58 44 34 34 33 87 96 99 99 99 99 99 93 99 99 99 75 99 99 94 99 96 99 99 99 99 
99 99 93 91 99 93 99 91 99 99 99 99 91 84 99 99 85 99 99 99 91 78 79 99 99 99 99 99 79 99 99 99 87 91 99 96 85 99 99 93 99 81 99 99 99 99 78 79 94 91 76 99 99 99 88 93 81 99 99 99 99 75 99 87 75 78 99 79 99 99 52 56 0 44 49 37 50 42 47 34 78 75 99 81 96 99 75 99 99 99 99 99 75 91 87 99 99 99 78 78 99 
94 87 99 76 88 99 99 99 99 99 99 97 81 99 90 99 76 87 79 90 75 99 99 90 99 99 99 99 99 99 81 82 85 97 99 90 99 99 91 99 99 99 99 99 85 99 99 99 79 99 82 99 99 97 99 99 99 99 99 87 99 99 99 99 88 93 99 99 99 99 50 65 38 0 65 61 53 34 49 48 99 99 85 99 99 99 99 99 96 90 99 99 99 99 88 99 82 99 99 99 94 
96 99 99 99 99 99 99 91 75 99 99 99 94 99 99 99 99 99 99 96 99 99 99 97 99 99 99 99 78 99 99 99 76 99 99 99 99 99 94 99 91 99 82 99 99 99 99 99 99 81 99 81 99 99 99 99 99 99 99 99 81 99 99 99 99 75 99 99 84 99 56 44 44 58 0 63 45 51 59 49 99 99 99 99 84 99 90 99 79 99 99 91 76 78 99 82 81 99 99 75 84 
99 75 78 99 99 75 99 99 99 99 99 99 99 99 97 93 99 99 78 99 76 81 99 99 99 99 99 99 99 99 99 99 99 99 99 82 99 78 93 99 99 85 96 85 97 99 76 99 99 90 99 78 99 88 82 99 99 91 90 99 99 99 85 99 99 99 87 78 76 75 39 64 33 55 47 0 54 64 47 51 99 99 99 99 99 76 94 99 75 99 99 99 88 93 93 99 99 99 99 99 99 
99 99 99 82 99 99 99 99 79 99 93 82 99 99 99 75 99 99 81 99 99 99 99 99 96 99 99 93 85 99 88 99 99 94 99 99 99 90 99 99 99 87 99 99 99 75 99 94 99 99 88 99 99 99 99 99 99 99 99 99 84 99 99 99 99 81 99 99 99 91 34 58 33 38 55 60 0 36 46 64 99 99 75 99 99 99 99 78 99 75 99 84 99 75 99 81 99 99 99 99 99 
99 75 99 94 90 99 99 99 99 97 82 99 99 99 99 99 99 99 79 79 94 99 99 99 99 99 99 94 99 99 99 99 99 99 99 99 99 85 99 85 87 99 90 99 99 76 87 99 99 99 99 99 76 82 97 97 94 85 99 99 84 99 79 99 99 99 99 99 99 99 39 38 60 54 33 40 65 0 52 63 99 96 99 79 94 99 99 99 99 99 94 99 99 99 99 88 99 99 84 90 99 
99 87 99 99 99 99 99 99 79 99 99 99 87 90 99 99 76 99 99 78 91 99 99 84 99 78 88 99 99 99 82 99 93 99 99 99 99 88 93 99 85 99 90 78 85 99 87 94 81 99 99 87 88 99 99 82 99 99 99 99 99 99 99 85 99 99 99 99 94 99 40 38 62 48 55 38 48 60 0 56 93 78 87 94 78 99 99 97 99 85 99 99 81 99 99 99 96 85 99 99 97 
99 99 99 99 99 81 99 99 99 99 76 99 96 90 96 99 99 99 99 99 99 99 99 99 99 99 84 97 85 90 99 82 99 88 99 99 87 99 91 88 91 94 99 96 99 81 99 99 99 88 99 99 78 91 99 99 99 99 99 96 99 99 90 96 99 99 99 99 99 99 33 38 48 56 47 42 37 47 45 0 99 99 99 99 99 99 99 99 99 99 94 99 99 99 99 75 87 76 99 78 99 
99 99 99 99 99 81 99 99 75 99 99 99 99 99 99 99 99 76 99 99 99 84 99 93 82 82 75 99 90 99 99 99 99 99 76 99 79 99 99 84 99 99 82 99 99 88 99 99 99 99 99 84 85 75 85 85 99 99 99 99 91 99 99 99 99 99 99 85 99 99 99 99 99 99 99 79 99 99 99 76 0 47 62 57 57 54 40 51 52 34 99 91 99 99 87 90 85 99 99 90 99 
91 99 76 99 99 99 99 99 99 99 99 90 99 99 91 99 99 99 93 99 99 99 91 82 99 78 99 82 75 99 99 99 99 99 84 99 99 99 99 99 99 99 99 99 99 99 99 99 99 99 85 99 99 99 99 99 99 90 78 99 99 99 82 90 99 99 99 99 94 99 99 99 99 99 99 99 99 99 99 99 41 0 33 44 58 62 58 58 48 64 96 99 99 87 99 84 99 99 87 99 99 
79 85 99 99 99 99 99 88 99 99 97 99 99 99 97 88 99 81 99 99 99 87 99 99 99 99 99 87 99 99 91 82 76 82 99 99 99 99 99 88 99 99 99 78 99 84 91 99 99 85 99 99 99 99 99 90 99 99 99 99 85 99 99 99 99 81 93 99 99 99 99 99 99 99 84 99 90 99 75 99 50 41 0 60 33 49 40 40 52 33 99 78 99 99 99 99 84 99 99 88 96 
84 90 99 81 99 99 84 99 99 99 79 84 99 99 93 99 93 99 99 99 99 99 99 99 99 99 99 99 82 78 99 99 99 91 99 99 81 75 99 76 99 99 91 99 90 99 99 99 99 99 93 99 99 99 99 99 84 99 99 99 99 99 90 99 99 99 99 99 99 99 76 99 99 99 99 99 97 99 99 99 60 42 38 0 58 51 36 34 46 42 99 97 87 99 99 76 85 84 99 99 99 
99 94 99 99 79 99 99 81 99 99 94 99 75 99 99 99 99 91 99 99 85 99 99 90 99 99 99 99 99 88 99 99 99 75 99 99 76 99 99 99 99 79 99 99 99 76 99 99 99 99 81 99 79 99 99 99 99 78 99 99 75 76 99 99 99 99 99 91 97 99 99 99 99 99 99 99 99 99 99 84 50 36 53 48 0 52 37 56 60 63 99 76 99 99 84 99 99 99 99 99 99 
76 99 90 85 91 99 84 99 99 99 79 99 78 99 99 99 85 99 99 99 99 97 99 99 99 99 99 90 99 99 99 99 99 99 85 99 99 99 79 99 82 99 99 99 99 99 96 99 87 96 99 99 99 97 99 99 99 99 99 99 99 84 99 99 99 99 81 99 99 76 99 99 75 78 99 99 99 99 99 99 64 45 54 44 40 0 59 60 60 55 79 99 99 93 87 99 99 99 99 99 93 
99 99 99 99 99 87 99 99 99 76 99 99 91 99 99 90 99 99 99 91 88 99 99 99 99 85 99 99 99 99 93 99 99 99 85 99 99 96 99 99 81 99 99 99 99 99 99 91 99 99 99 99 99 82 99 99 76 99 88 76 99 99 97 99 99 99 99 99 99 90 99 99 99 99 99 99 99 99 99 78 45 54 59 58 60 64 0 62 62 44 99 81 76 99 79 85 94 99 99 99 99 
99 99 99 90 99 97 99 99 99 99 81 99 99 94 99 91 94 99 99 97 99 85 99 99 99 88 75 99 87 99 99 99 97 99 99 99 99 99 99 91 99 99 90 99 76 99 99 99 94 96 99 99 99 99 99 99 91 99 99 78 93 90 78 99 99 99 99 99 99 99 99 99 99 99 99 91 99 94 99 99 62 51 59 33 56 64 56 0 36 34 78 78 99 99 99 99 82 81 78 85 99 
99 99 99 87 99 99 99 81 99 85 99 88 99 85 85 99 84 99 79 99 99 99 99 99 99 99 99 99 99 91 99 94 99 99 99 99 99 91 96 76 99 99 99 99 99 99 99 99 78 99 81 99 91 75 99 99 82 99 99 79 88 99 97 99 99 84 97 99 99 96 99 97 99 97 99 99 93 87 99 99 44 58 42 42 51 36 37 57 0 64 99 99 99 99 82 99 99 99 99 75 94 
99 99 99 99 90 79 88 99 99 97 99 94 99 99 99 99 99 99 76 99 94 99 99 99 99 99 99 99 99 81 99 99 99 99 99 99 99 99 85 99 78 79 99 99 88 99 99 99 99 90 99 99 82 91 99 99 96 99 99 99 99 99 99 99 99 76 99 99 99 91 99 99 88 99 99 99 96 99 84 97 51 45 43 46 50 48 56 53 53 0 99 99 99 99 99 76 99 99 87 99 99 
96 82 99 90 99 76 99 99 99 90 99 99 99 82 99 99 99 99 90 99 99 99 91 99 99 99 91 84 99 94 99 99 99 99 90 99 90 99 78 99 99 99 91 81 96 99 99 99 85 99 99 81 99 99 99 99 84 99 99 99 99 99 99 99 99 99 99 99 99 75 99 99 99 99 84 99 99 99 99 84 99 99 99 99 99 93 96 76 99 99 0 44 57 34 35 57 54 52 62 61 99 
79 99 99 93 99 99 79 99 99 99 99 87 99 91 99 99 99 79 99 99 76 76 99 76 99 99 99 99 90 99 75 99 99 99 99 99 99 99 99 87 99 78 99 96 99 99 99 99 97 99 99 99 97 96 99 99 99 99 99 88 99 99 99 79 99 99 99 99 93 99 85 99 99 99 84 99 99 85 99 82 99 99 99 99 99 96 75 96 99 99 35 0 57 42 66 40 37 53 52 41 94 
99 99 99 99 93 99 81 99 99 99 99 99 99 93 91 99 99 99 99 81 99 99 99 99 99 78 99 99 99 94 99 99 85 78 99 99 99 88 99 99 97 99 99 99 99 99 99 99 99 99 87 99 99 99 99 99 99 99 99 99 99 99 87 99 87 99 99 82 99 99 82 97 96 99 99 99 99 96 79 90 79 87 99 85 96 99 97 99 99 99 59 42 0 39 52 65 47 52 64 48 93 
99 99 99 99 99 93 81 99 99 99 93 91 99 99 99 99 79 99 99 96 99 93 90 91 99 99 99 96 99 88 99 81 94 99 79 99 99 99 99 97 84 99 96 84 99 99 99 99 81 99 99 91 91 99 81 99 99 99 99 99 99 99 99 99 99 99 99 99 99 99 88 99 85 84 99 99 87 97 99 81 99 99 99 97 90 99 79 99 97 82 55 51 47 0 64 33 37 38 60 53 99 
99 99 91 99 99 84 94 99 99 81 82 99 99 99 99 99 99 99 78 99 99 93 93 99 99 76 99 99 99 99 99 99 93 99 99 99 99 96 99 99 99 99 90 99 99 99 99 88 99 99 99 81 99 90 76 99 97 99 99 75 99 99 84 99 99 99 99 79 99 99 88 99 90 99 99 99 99 96 96 78 81 79 79 99 82 81 99 99 99 99 37 54 62 45 0 60 66 56 61 43 99 
99 99 79 99 93 90 85 99 99 75 99 99 99 99 99 99 99 99 97 99 99 99 82 99 99 79 99 99 99 99 99 99 99 99 84 99 99 99 79 99 99 99 99 99 99 97 99 96 76 99 99 99 99 76 79 91 99 87 99 99 99 99 99 99 99 99 99 99 99 79 99 99 88 99 99 99 99 99 99 99 82 99 99 90 88 99 78 84 99 99 46 43 65 44 50 0 42 37 34 35 99 
99 99 99 96 99 99 94 99 78 99 99 99 99 99 99 91 99 99 99 99 99 99 76 90 75 99 99 78 99 93 99 75 79 99 99 88 99 99 99 91 99 81 99 99 99 99 99 99 90 99 99 76 99 99 75 99 75 81 78 99 99 99 99 78 93 99 99 99 99 99 99 99 96 99 99 99 99 99 99 99 99 99 85 99 99 99 85 76 99 78 38 48 34 52 52 59 0 41 35 47 99 
99 94 82 88 99 99 78 94 85 99 99 79 97 99 99 99 90 97 99 99 99 99 99 99 99 94 85 79 99 99 99 99 93 99 99 99 99 99 99 99 94 99 99 99 99 75 99 94 99 99 91 99 99 96 99 97 99 99 99 99 99 99 99 75 99 90 99 91 99 79 99 99 99 82 99 99 82 99 93 79 99 99 81 99 99 99 99 99 99 99 50 48 35 42 46 50 40 0 37 43 99 
99 99 99 99 81 99 99 99 99 84 81 99 84 75 93 99 99 87 99 99 99 99 99 99 99 97 99 99 99 99 94 82 99 94 99 99 99 78 99 99 99 75 87 85 99 87 99 99 99 99 99 94 99 90 99 99 99 75 99 99 99 87 84 99 79 91 99 85 99 82 99 90 84 99 78 88 99 99 99 99 94 99 99 99 99 99 99 76 99 99 63 57 56 63 64 50 53 62 0 51 76 
99 99 99 99 82 99 99 99 96 99 99 99 99 99 96 96 99 99 99 99 96 99 99 99 94 79 94 99 82 99 99 99 90 99 99 99 99 85 97 99 99 87 99 99 99 79 90 99 99 96 99 99 88 82 99 99 75 99 99 99 99 99 91 99 99 99 99 87 96 99 99 99 99 78 99 99 81 81 99 90 79 99 82 99 88 75 99 87 99 81 62 62 46 56 54 54 39 33 58 0 99 
99 76 99 90 99 99 99 90 99 99 79 99 87 85 99 99 99 91 97 99 87 79 99 99 99 99 99 79 78 78 99 99 79 99 99 94 99 96 76 96 99 99 97 99 99 99 99 99 99 99 84 96 99 99 84 99 99 90 99 99 99 99 99 99 99 99 87 99 99 99 99 93 99 99 78 99 99 76 82 99 90 94 99 99 99 81 99 99 94 99 87 87 84 99 87 99 99 99 99 96 0 
