n: 100
m: 4
Pi:U[1-99] 48 2 15 32 81 29 37 28 73 83 89 17 74 32 30 30 81 80 69 96 55 30 56 78 75 43 78 81 87 77 18 39 79 66 91 8 3 20 78 5 33 39 49 14 89 86 63 50 3 49 79 40 45 60 79 66 73 83 40 30 24 82 34 34 26 42 51 13 58 33 6 61 41 77 42 20 6 60 27 14 24 31 63 76 90 26 48 90 33 57 3 43 16 28 71 61 29 24 72 56 
Si:U[1-99]
0 28 30 26 62 6 55 66 33 21 94 72 52 99 33 99 99 99 99 3 37 12 9 99 37 99 81 45 76 22 99 99 66 99 99 99 21 16 25 99 99 99 84 7 18 33 39 99 99 99 99 99 94 88 99 97 25 28 88 99 87 99 97 99 54 99 99 99 99 63 9 46 99 79 61 78 58 96 49 40 99 99 99 99 94 85 99 99 90 99 99 3 48 99 96 99 72 66 99 99 99 
1 0 12 61 32 62 56 25 26 2 99 52 93 81 1 96 55 99 28 61 54 81 16 99 73 66 97 76 99 99 75 97 99 3 99 94 88 7 76 16 24 90 21 54 99 97 46 7 85 7 99 90 12 13 34 49 84 40 99 36 27 99 16 82 70 99 99 13 19 99 13 88 99 48 99 81 40 99 97 52 55 76 97 54 7 99 99 99 99 49 37 27 28 34 46 21 99 15 42 99 25 
53 64 0 16 46 30 3 54 21 44 99 99 73 99 60 99 40 99 54 99 67 99 99 28 13 99 34 93 43 99 99 96 88 99 99 99 99 96 76 63 97 94 99 99 52 99 87 27 94 36 84 90 91 69 99 75 99 6 84 72 90 18 93 37 1 99 39 22 99 79 46 99 73 99 99 99 82 99 1 88 88 99 3 52 70 76 99 60 36 61 24 85 99 72 49 12 76 3 66 31 10 
24 2 46 0 30 55 23 44 14 44 58 99 24 78 99 40 99 99 99 79 78 99 99 27 51 46 93 21 31 99 99 43 13 10 58 37 78 99 75 96 81 73 99 99 52 99 49 99 69 99 99 99 48 99 54 99 91 48 75 99 99 58 99 22 43 57 30 99 99 99 64 99 72 99 58 34 25 22 99 99 22 6 61 91 99 43 79 4 99 99 27 10 99 31 3 3 75 15 13 99 66 
21 64 30 26 0 62 29 2 14 57 99 18 10 60 73 31 84 66 93 30 99 97 63 85 99 97 31 87 99 7 93 76 78 94 73 58 99 99 87 99 7 99 99 99 99 85 36 99 70 99 99 99 52 88 99 16 99 99 99 10 99 28 60 46 99 42 99 96 96 63 25 99 27 54 33 66 91 31 12 88 13 99 99 43 18 27 37 40 28 87 57 70 99 99 9 99 99 22 99 82 99 
58 29 26 4 19 0 6 4 2 23 52 64 85 4 88 99 63 72 99 52 99 36 99 99 96 81 99 96 84 67 99 99 33 99 21 70 55 40 99 45 81 30 99 15 96 64 99 15 78 87 27 91 21 27 31 67 64 78 99 99 54 99 99 6 33 67 99 13 99 69 52 67 37 51 18 39 7 37 21 88 10 88 99 63 99 99 3 97 99 99 99 42 97 99 40 99 75 81 99 43 99 
52 36 39 35 38 32 0 52 48 57 22 88 73 99 22 67 48 24 21 6 57 72 99 7 64 36 94 99 88 99 58 99 4 39 88 99 64 99 99 25 99 99 57 99 99 99 72 90 61 99 85 60 99 70 24 7 88 99 99 49 99 99 46 99 51 99 40 49 87 78 30 57 76 87 33 99 43 99 85 42 99 69 9 99 54 93 52 45 99 99 34 52 99 99 99 30 99 7 10 99 37 
26 39 16 7 38 51 58 0 4 49 99 97 99 99 43 3 99 52 99 99 69 21 76 45 37 99 76 51 28 99 48 42 24 28 99 70 99 99 99 97 99 52 27 99 30 30 4 40 99 85 16 33 21 99 75 99 36 64 99 93 10 99 58 66 58 16 16 99 16 45 9 36 99 9 99 9 25 21 99 60 99 72 99 12 99 75 99 27 99 99 88 3 33 73 72 72 75 22 99 30 99 
13 47 32 45 4 8 64 0 0 4 22 40 99 10 99 97 37 75 85 52 99 85 1 33 21 75 69 99 84 66 61 99 99 99 37 99 54 99 66 99 93 54 3 99 97 79 13 61 99 33 82 99 99 79 16 37 40 99 6 99 99 87 30 51 45 40 99 6 67 9 16 99 64 99 90 99 76 6 1 70 39 63 91 18 99 10 99 78 99 34 99 42 99 39 99 49 27 33 99 88 66 
1 52 58 3 56 6 45 44 38 0 30 99 21 30 99 33 42 99 63 54 82 3 4 99 28 99 99 99 3 99 99 1 28 37 87 99 61 99 99 79 54 99 15 42 7 78 3 33 78 94 99 91 79 99 69 99 82 99 10 99 99 99 66 99 81 54 66 99 33 24 99 61 3 99 93 79 28 96 99 99 99 78 93 19 99 66 57 88 55 99 43 99 99 67 42 99 54 90 99 54 97 
99 91 28 99 99 52 99 49 99 79 0 42 38 4 3 36 18 22 16 44 99 1 99 85 99 94 39 58 76 33 96 99 84 54 37 99 96 25 4 10 99 79 13 90 45 61 57 99 40 4 27 99 99 28 99 88 99 64 79 99 99 99 99 63 99 1 99 99 99 28 12 94 96 19 12 3 99 87 57 19 22 99 99 90 42 42 99 99 99 9 99 99 21 99 4 96 37 79 37 99 15 
7 99 60 55 81 79 79 99 16 27 6 0 55 6 16 60 59 23 3 60 40 57 48 31 16 99 99 30 39 99 99 55 97 99 69 99 49 3 99 48 99 48 10 85 84 97 87 19 78 99 99 99 99 7 70 99 72 99 99 4 99 99 99 78 99 51 48 99 99 99 19 93 99 55 99 99 99 25 49 46 99 82 99 99 99 9 99 99 30 39 76 22 99 9 99 33 25 21 99 48 99 
55 66 66 99 99 99 42 79 31 99 34 34 0 22 55 54 8 9 14 20 99 39 99 49 99 99 27 99 99 99 99 99 99 30 34 46 97 4 24 43 15 96 24 1 99 25 91 85 87 52 99 99 66 21 64 99 99 99 88 78 99 52 93 69 99 84 18 90 99 76 99 21 12 24 16 94 99 94 10 15 25 73 19 22 99 60 99 99 85 99 75 99 99 99 99 99 45 84 52 75 31 
73 99 60 4 66 99 18 99 54 66 10 33 48 0 49 48 56 24 56 52 42 36 87 31 99 61 40 24 99 91 45 49 16 37 55 99 79 22 99 96 3 46 37 72 73 6 85 99 55 40 27 49 99 99 36 99 27 21 76 31 39 91 73 57 55 22 57 99 42 34 97 16 99 85 21 99 57 99 40 99 37 99 19 34 99 51 99 31 94 99 25 84 82 99 31 64 99 82 6 99 18 
99 99 99 99 99 67 99 52 12 15 26 53 60 4 0 48 12 4 53 63 39 45 72 3 37 37 75 12 15 99 99 99 99 54 40 18 12 99 99 99 13 57 99 94 55 75 99 87 99 37 88 42 81 99 82 99 15 85 99 99 18 31 81 81 7 55 85 99 96 90 99 99 99 99 99 76 99 1 99 82 99 3 63 99 28 43 99 46 48 45 61 55 24 99 99 82 27 99 97 37 75 
69 94 99 99 40 99 13 31 40 99 46 62 48 44 36 0 38 48 20 29 99 99 6 99 25 61 99 7 88 60 7 63 99 33 48 90 78 99 49 99 99 99 99 99 52 94 84 61 99 99 73 30 99 99 97 99 67 3 4 99 25 18 40 54 16 99 99 22 48 91 43 85 52 99 99 99 3 45 55 31 99 10 87 82 99 42 99 1 99 61 99 96 99 99 37 99 99 84 99 99 43 
99 99 99 99 99 99 99 16 43 72 43 7 61 26 24 10 0 26 50 45 90 99 15 40 27 87 99 70 12 1 99 90 99 58 40 51 99 30 99 46 94 73 22 60 99 64 99 99 99 99 99 13 99 87 6 3 79 40 99 99 99 99 99 73 87 99 82 40 91 76 87 85 97 37 76 93 60 93 99 91 99 3 4 18 99 6 88 1 99 21 27 10 64 82 91 99 37 40 99 24 21 
99 81 6 99 99 99 99 99 99 15 13 1 20 37 46 32 46 0 37 37 21 24 51 72 99 99 99 99 70 91 6 99 99 99 1 49 72 99 99 21 21 18 99 99 4 99 79 64 22 99 99 36 36 99 99 28 97 99 27 99 99 99 30 61 99 3 79 75 1 64 48 99 51 49 99 18 25 82 99 21 37 58 90 99 31 69 73 99 99 36 58 97 99 49 99 16 70 4 3 99 19 
99 46 67 99 99 99 99 1 27 99 22 3 3 10 56 31 39 28 0 17 30 99 99 99 52 99 64 99 99 99 12 99 81 99 67 99 99 87 99 99 45 99 99 99 99 99 37 66 24 88 97 88 43 99 99 45 99 15 48 99 99 99 28 99 12 12 25 99 3 31 99 82 93 64 99 99 99 4 39 9 33 99 63 7 3 99 99 99 99 99 90 90 99 60 43 30 55 97 99 96 99 
99 43 51 99 55 60 3 99 99 99 47 24 61 49 61 43 53 23 26 0 99 34 99 61 39 40 99 79 12 99 9 99 99 64 91 75 69 4 42 40 99 34 33 27 27 99 27 97 28 66 13 1 99 79 7 34 40 90 34 36 40 97 9 99 94 69 52 30 7 13 22 99 88 22 99 9 90 43 93 19 99 99 99 99 99 87 60 46 99 84 66 97 97 79 57 99 67 81 25 24 99 
99 87 45 57 94 99 28 39 66 7 64 99 3 9 40 99 99 99 40 15 0 66 16 40 48 16 64 14 50 49 63 48 76 34 27 99 76 25 90 30 6 99 27 22 73 58 99 99 99 16 19 99 51 99 43 99 49 78 99 94 99 27 75 99 34 67 66 94 99 39 78 99 99 21 66 25 99 27 70 91 99 72 99 10 12 15 63 99 99 81 12 70 75 24 61 52 7 99 52 99 63 
36 57 99 99 55 49 99 99 99 75 6 13 76 46 70 99 4 57 63 46 22 0 2 11 44 33 34 19 38 65 99 99 88 99 61 99 61 99 49 21 99 97 51 99 43 99 10 43 73 67 55 99 37 97 21 99 61 99 54 99 76 99 63 6 27 61 94 87 97 12 34 99 43 52 33 99 82 43 12 34 57 99 99 48 93 84 30 34 99 45 99 22 99 70 45 82 33 78 99 3 99 
99 99 54 78 40 63 99 51 99 54 24 99 55 91 61 27 19 75 99 63 14 20 0 60 60 15 50 43 14 7 54 40 39 22 3 67 99 48 72 37 31 99 75 6 99 93 67 99 87 99 99 73 93 99 99 99 99 31 28 58 84 64 63 3 99 10 99 6 85 70 66 75 40 99 4 1 72 54 75 99 54 40 93 45 99 99 88 22 79 12 16 48 99 60 99 57 37 49 99 99 51 
52 22 48 99 99 99 46 27 99 60 91 60 99 99 99 99 39 70 93 99 12 60 2 0 25 52 11 10 59 58 99 46 99 57 99 99 99 67 99 1 61 19 40 99 58 99 99 4 93 99 34 6 88 66 99 48 4 21 99 91 84 60 82 22 54 69 99 36 99 31 99 57 66 99 12 99 76 99 18 40 1 51 99 99 40 76 97 99 21 99 30 48 28 99 63 99 1 4 91 24 40 
99 99 96 24 73 57 22 99 18 72 99 99 99 36 99 99 88 25 18 99 34 35 66 8 0 17 6 36 3 58 58 61 6 27 22 64 3 99 99 99 18 87 37 97 63 31 79 82 28 99 4 21 58 90 6 37 99 3 94 90 99 99 30 19 61 34 70 99 45 6 69 99 99 13 94 85 87 99 27 3 99 99 58 99 79 10 99 97 99 31 99 72 7 99 99 84 99 99 99 99 99 
3 99 1 99 99 19 27 69 34 99 43 99 99 36 75 99 42 6 84 99 12 41 35 53 64 0 38 41 55 44 99 99 99 25 99 99 99 4 25 67 99 36 99 91 66 24 48 16 54 15 99 33 15 72 69 73 52 69 99 88 99 79 93 61 24 45 12 82 4 36 46 43 58 99 99 78 12 25 60 99 45 99 63 6 99 30 25 78 34 54 99 43 99 49 99 88 82 72 93 99 37 
36 99 99 99 54 76 99 36 16 6 99 90 99 70 99 99 99 99 33 99 8 46 56 58 64 25 0 22 1 34 99 37 85 60 76 67 99 99 75 99 76 99 99 43 96 51 3 21 78 6 12 99 99 51 55 99 15 40 99 99 99 46 75 6 28 6 1 79 97 51 36 54 99 40 60 79 99 60 37 30 97 99 12 99 31 99 12 21 72 99 24 91 73 97 19 46 55 99 42 99 99 
6 15 69 99 99 99 97 94 99 96 31 99 1 33 61 25 84 99 34 33 59 13 22 29 24 20 47 0 28 44 99 78 46 91 97 99 82 46 7 99 28 99 99 99 99 97 99 88 54 99 99 45 76 21 54 24 90 54 54 78 31 46 99 99 99 99 99 73 55 51 99 55 46 46 94 96 16 99 76 99 99 82 67 49 99 52 52 99 52 48 9 46 22 10 34 99 99 78 99 42 88 
55 99 37 99 99 51 37 12 99 72 81 99 4 99 81 67 99 99 76 88 21 48 27 61 44 48 30 53 0 52 99 31 13 9 54 99 72 99 85 30 99 99 48 79 55 99 63 99 99 82 99 99 79 99 99 3 19 51 99 99 88 78 99 57 78 75 73 99 99 99 37 58 99 99 64 75 28 60 99 66 22 4 79 84 54 99 61 90 99 97 99 99 61 99 99 46 4 75 36 99 67 
37 61 6 81 63 99 99 99 37 79 43 96 61 25 28 81 33 99 99 99 58 47 64 41 38 26 60 22 21 0 99 82 99 99 3 54 79 99 97 99 99 99 91 3 64 99 90 99 99 28 99 99 99 39 70 36 96 84 22 88 60 99 45 88 87 3 99 99 99 99 99 93 55 99 97 99 99 13 76 99 34 99 27 54 99 85 99 97 36 99 99 70 28 85 99 64 93 15 28 99 4 
28 99 85 99 99 78 99 96 46 99 99 99 61 43 97 88 70 39 99 18 99 28 99 99 93 99 75 99 96 39 0 19 46 44 22 0 35 60 18 34 19 85 99 6 22 99 93 7 37 99 99 93 99 99 90 90 52 99 61 99 91 99 31 37 28 78 99 99 60 28 40 99 99 99 99 51 99 58 99 3 22 99 73 27 15 99 49 39 99 99 99 19 72 10 81 75 97 99 84 99 99 
16 84 72 63 81 33 4 88 34 55 13 13 99 99 90 57 45 37 88 64 9 30 99 99 21 99 1 90 21 87 30 0 42 51 14 18 58 31 56 34 39 99 99 66 67 1 82 99 67 94 57 9 76 99 99 75 45 49 46 13 58 55 19 46 43 66 84 48 99 88 51 51 67 61 40 19 4 54 43 99 27 87 12 6 99 99 99 69 99 6 99 99 31 9 84 12 99 99 48 10 18 
66 99 21 97 99 99 99 99 22 96 45 42 55 75 58 99 82 6 99 6 84 19 31 57 18 99 52 9 19 99 21 19 0 58 6 56 55 57 4 8 99 6 7 52 16 75 96 60 99 33 15 21 99 79 99 36 13 67 12 99 99 27 63 25 99 64 88 99 46 99 99 99 16 99 99 99 18 99 99 1 99 81 99 99 31 99 99 99 88 99 99 49 99 99 99 99 99 55 30 72 69 
22 99 91 82 79 99 61 69 99 52 99 30 1 66 78 99 99 99 99 27 49 51 24 82 43 6 97 99 90 99 46 29 66 0 12 21 54 25 8 57 99 75 16 1 82 18 3 21 99 51 99 15 99 99 36 99 78 99 99 84 66 99 4 52 99 37 70 37 25 99 99 9 99 24 99 25 15 78 70 48 79 99 99 28 60 63 58 99 40 18 58 93 99 99 39 18 81 28 54 91 58 
91 15 10 99 52 40 72 99 99 99 99 99 99 99 99 76 99 61 31 99 69 6 58 99 99 99 73 99 99 15 61 10 22 3 0 28 54 44 57 16 67 99 87 85 13 70 99 88 49 99 99 79 43 19 16 99 99 99 99 9 75 12 99 76 99 99 91 39 97 19 25 99 99 31 37 76 82 51 99 67 85 85 99 75 82 99 58 87 13 61 96 48 52 63 54 42 99 4 60 15 27 
99 99 99 34 60 94 27 43 52 99 99 13 7 42 75 70 31 61 34 99 40 81 99 99 84 99 69 24 66 3 53 63 65 2 63 0 21 12 27 16 42 36 72 33 99 85 85 99 99 6 99 37 99 13 6 31 99 48 99 3 99 99 94 52 99 16 99 19 99 73 99 18 34 99 63 4 48 99 99 16 24 99 99 99 99 85 1 99 99 7 78 99 37 99 60 12 99 6 85 69 99 
15 99 99 54 99 99 99 99 99 40 12 99 30 61 82 99 22 13 72 15 99 36 42 99 24 99 99 99 46 13 65 62 12 4 22 31 0 56 36 65 99 99 49 99 87 99 30 42 99 99 67 99 99 60 40 99 94 27 51 79 79 52 99 99 91 90 99 69 99 99 99 28 67 33 3 31 22 51 25 99 37 67 18 99 99 49 81 99 91 99 99 99 40 99 57 99 13 99 99 25 99 
54 48 13 99 79 99 99 99 12 99 99 34 7 99 87 99 99 99 16 99 99 24 19 99 99 27 19 13 33 78 20 52 64 44 1 59 21 0 30 46 76 13 66 99 99 99 33 54 51 99 99 99 99 52 73 22 99 57 31 72 18 66 87 99 99 90 90 6 85 99 64 99 93 46 81 99 63 85 46 85 69 99 99 94 30 99 73 12 67 99 90 99 78 99 99 99 99 99 99 99 27 
99 99 84 99 99 99 22 61 58 99 9 90 99 9 30 66 12 51 99 99 99 99 79 58 99 7 94 70 75 91 12 7 43 53 36 25 29 62 0 5 1 70 99 82 31 99 99 10 55 6 49 13 99 99 99 52 9 99 51 36 33 49 39 99 9 99 99 57 43 36 99 79 24 81 58 99 81 99 99 99 99 88 99 99 99 97 72 21 99 82 60 99 99 99 34 97 66 33 63 99 99 
99 99 87 85 85 75 46 99 99 97 99 63 21 99 99 67 99 99 63 22 30 73 72 15 4 31 58 99 76 40 24 45 49 27 66 42 2 50 44 0 84 99 99 99 18 99 99 99 99 54 33 70 58 7 99 69 99 90 99 54 99 15 99 99 84 99 28 91 12 99 22 99 93 42 78 99 99 87 46 21 99 22 15 93 10 79 90 19 66 99 99 36 93 10 21 99 85 81 99 99 99 
16 16 58 99 4 39 96 99 36 48 99 99 76 99 99 9 99 16 99 99 27 96 63 99 99 13 52 79 60 9 52 31 48 99 58 81 36 13 99 99 0 18 28 65 46 56 1 4 11 42 40 3 99 55 40 12 49 91 79 3 99 63 4 12 10 78 73 99 99 1 57 99 72 60 40 79 4 22 79 69 99 46 99 85 99 99 30 96 70 40 93 99 87 34 99 99 99 61 99 9 99 
64 81 51 28 99 72 99 18 37 97 99 64 54 91 78 93 49 1 82 75 57 9 99 40 99 79 99 75 64 99 55 60 99 66 1 25 99 99 99 7 50 0 50 16 6 60 52 56 52 40 4 99 4 84 99 99 69 99 99 43 99 1 6 99 22 99 99 48 7 31 30 63 70 75 99 73 99 99 82 99 85 72 99 99 99 99 7 15 67 10 37 6 10 88 99 91 39 70 66 99 4 
40 99 64 99 58 31 61 15 42 79 7 99 99 15 99 78 6 46 99 79 64 99 9 10 4 99 19 24 30 18 99 18 49 13 7 99 99 66 57 28 40 39 0 28 34 14 31 35 60 11 78 99 76 99 36 99 27 21 55 99 13 99 87 99 99 9 99 99 99 99 99 99 99 99 28 99 79 9 7 99 76 99 42 67 84 64 30 66 22 33 99 99 18 1 7 54 99 12 15 88 99 
94 69 18 75 49 99 99 22 99 49 99 36 99 48 99 99 57 52 24 61 54 1 93 79 3 3 93 99 99 99 79 99 9 99 33 99 34 51 51 85 46 36 58 0 26 26 21 21 4 64 99 75 69 37 60 37 99 27 16 99 91 4 97 90 99 99 18 36 18 37 52 99 99 72 99 99 75 99 52 49 99 99 84 99 66 69 34 33 99 99 42 10 99 9 33 99 99 78 99 99 39 
52 99 73 69 22 88 99 42 19 99 99 99 99 84 64 85 33 81 28 16 61 97 99 99 43 28 52 13 22 94 99 34 72 18 99 99 85 99 16 84 10 52 48 36 0 22 11 47 20 55 99 99 15 18 99 99 34 48 7 34 66 1 24 49 72 90 43 81 40 7 99 75 99 51 99 99 99 99 76 67 58 12 88 6 79 9 99 18 36 99 76 99 99 79 76 64 63 75 12 99 49 
99 99 25 48 67 94 75 82 99 55 93 15 67 28 91 81 99 27 99 99 97 78 51 79 99 79 18 75 84 99 99 1 81 70 60 99 34 52 30 99 18 57 22 20 12 0 49 57 54 8 19 69 91 45 42 73 7 99 99 99 33 19 99 12 88 99 97 63 75 3 10 51 99 99 60 99 99 94 99 99 60 40 72 99 99 99 54 49 90 82 99 39 94 34 66 16 42 76 34 99 99 
72 37 78 93 25 57 21 42 99 99 49 9 96 99 69 99 99 99 91 99 99 82 69 99 34 25 99 12 81 24 99 54 51 42 46 43 99 60 28 63 25 3 48 14 48 56 0 52 64 32 49 99 31 21 99 61 69 99 60 55 93 99 99 3 42 48 6 54 28 57 28 3 99 10 13 99 3 99 22 90 45 18 99 49 63 58 16 51 99 90 99 37 79 99 87 97 99 85 28 99 99 
16 36 46 64 39 99 49 99 93 3 99 75 79 28 7 16 88 7 75 49 99 99 40 43 18 99 13 57 99 36 22 99 13 54 99 97 99 52 99 40 6 46 32 40 22 14 38 0 43 42 99 87 64 61 39 99 75 99 70 94 94 99 99 99 94 28 99 42 9 99 84 99 16 88 3 34 25 4 99 70 99 18 87 46 99 99 85 81 96 84 15 36 99 99 25 99 69 79 90 19 99 
99 76 34 99 99 99 93 99 99 37 78 99 99 99 10 31 99 75 63 3 15 99 99 21 99 91 12 76 34 61 39 34 15 85 72 39 99 28 99 21 10 8 14 5 31 60 64 60 0 65 57 88 87 99 39 18 88 51 48 96 99 21 51 99 46 72 81 33 99 99 42 94 99 93 82 10 34 25 99 90 7 99 22 66 99 42 99 24 84 52 81 45 27 52 99 24 42 46 81 99 19 
3 99 36 61 31 55 55 99 99 66 99 99 25 13 16 21 99 13 24 99 12 87 85 28 99 28 67 99 36 34 70 73 49 10 99 13 99 37 19 45 24 33 34 14 16 2 8 63 14 0 61 99 91 99 51 42 60 99 99 99 99 18 99 30 45 99 99 99 97 55 87 61 39 90 12 79 22 99 33 76 13 1 99 25 76 87 99 58 88 9 48 99 88 85 13 99 99 27 63 99 99 
90 7 99 58 99 99 81 9 70 99 31 58 57 99 93 24 99 91 46 22 43 34 3 45 99 99 87 99 99 96 69 99 61 46 43 72 99 99 64 99 49 96 99 99 25 99 49 18 60 21 0 55 51 50 30 20 16 33 11 38 4 52 99 54 82 99 99 99 99 99 99 13 52 99 66 1 91 64 99 7 25 70 6 75 9 46 99 99 12 99 85 99 25 67 13 25 99 90 67 33 12 
7 34 99 7 54 99 99 57 51 82 90 99 18 99 33 67 31 99 99 99 99 48 22 73 39 99 72 99 97 99 63 31 64 82 99 97 99 99 76 49 99 42 99 70 64 99 99 39 9 99 20 0 16 10 33 46 61 7 27 22 69 37 1 72 99 99 99 22 93 7 99 99 16 13 99 55 45 99 64 72 61 99 33 99 91 99 72 97 27 15 15 63 78 48 87 34 99 40 54 99 99 
99 99 21 99 19 25 39 99 99 54 73 42 24 99 99 40 16 99 91 99 96 99 99 78 99 42 99 88 82 87 54 99 99 12 99 99 22 46 99 24 1 99 99 94 16 63 79 99 99 99 15 22 0 54 48 37 23 10 44 16 15 10 58 43 60 99 21 99 7 99 73 45 42 99 99 99 99 54 4 40 99 67 99 16 90 99 51 99 99 93 27 46 99 70 99 70 9 36 99 25 99 
61 97 9 78 52 58 40 36 96 87 30 43 94 64 4 49 79 99 99 63 78 99 99 31 67 40 96 58 99 18 66 37 99 73 99 99 63 31 13 81 16 33 99 37 58 99 97 99 73 88 34 54 30 0 52 13 26 4 34 6 25 97 19 99 63 19 61 18 34 4 84 66 99 48 70 67 99 22 99 75 99 76 72 22 6 87 52 70 99 97 61 22 13 34 4 99 99 30 99 22 99 
99 96 94 99 4 12 24 99 25 99 42 99 33 72 27 69 10 31 73 72 99 99 73 91 99 79 99 99 99 99 51 46 99 99 15 90 99 99 99 40 15 51 99 66 22 25 99 16 78 91 24 35 40 32 0 23 18 28 52 48 18 99 21 61 15 99 99 99 99 99 51 99 96 24 79 69 9 99 99 99 39 67 91 13 99 69 22 36 99 25 93 82 99 99 84 55 49 99 99 34 73 
99 99 99 67 28 58 7 25 87 99 67 99 40 27 9 99 18 99 99 19 99 39 25 36 99 99 99 99 99 99 60 99 90 82 76 58 99 75 7 18 99 99 40 85 99 99 99 99 3 81 26 22 54 32 44 0 16 6 16 17 22 75 99 94 99 82 9 7 64 30 36 99 37 7 72 60 87 99 51 15 99 91 57 96 81 39 78 75 99 81 40 54 99 99 99 21 7 19 45 58 97 
99 99 61 15 99 82 12 1 99 90 43 70 16 99 93 48 39 67 99 30 36 99 63 72 99 7 99 78 85 61 13 93 9 82 93 99 82 31 93 99 46 7 99 87 99 94 10 96 99 31 36 21 6 7 30 64 0 2 13 38 90 27 90 76 99 76 99 99 1 99 12 4 85 99 99 10 99 75 99 99 42 99 99 99 99 3 99 96 99 72 39 99 52 99 10 99 9 79 72 99 99 
91 12 99 24 87 76 42 49 99 42 34 70 93 13 99 67 57 91 18 61 64 30 85 19 99 91 40 34 42 39 21 99 78 72 39 99 99 63 99 99 9 78 99 84 99 99 39 99 79 99 40 49 21 48 7 14 22 0 32 1 99 78 99 99 18 99 10 33 99 36 64 52 39 15 81 27 51 12 13 13 49 88 19 99 99 28 52 99 4 90 99 97 99 99 49 99 94 99 99 78 60 
99 99 84 21 28 58 97 48 99 39 99 99 99 57 99 33 66 46 99 21 27 28 40 99 87 79 96 60 99 94 34 93 34 93 57 99 7 91 55 99 78 63 70 99 94 99 99 30 18 99 5 20 60 44 29 45 39 60 0 59 99 81 99 70 85 99 15 99 82 18 99 94 70 99 4 61 99 99 99 99 46 81 99 99 64 21 99 1 36 79 99 21 99 99 6 76 99 30 99 18 43 
36 82 10 99 99 46 99 19 28 34 12 10 99 75 58 73 94 99 40 25 7 67 72 22 4 90 39 99 96 19 21 99 9 78 10 99 37 99 70 88 7 4 91 99 24 99 99 99 15 99 28 48 52 14 17 50 18 6 53 0 99 27 99 21 69 69 99 39 12 99 99 94 4 91 36 72 54 34 99 99 51 99 60 7 99 55 99 49 85 81 21 19 99 10 99 39 84 99 99 99 99 
75 99 22 99 40 99 99 39 30 15 96 99 99 99 91 85 60 40 19 27 37 31 99 99 99 72 4 57 99 99 99 96 99 69 87 52 99 99 91 66 99 52 97 1 99 99 27 54 45 55 28 63 81 69 34 45 22 9 99 93 0 55 20 52 17 48 48 62 32 8 99 99 13 6 10 3 99 96 27 43 31 6 46 99 82 99 24 99 99 99 99 31 15 99 99 84 4 91 99 99 76 
76 69 99 99 91 51 99 99 24 82 99 93 99 49 49 1 33 99 69 99 75 99 52 99 67 43 55 57 63 99 60 13 99 15 99 37 99 6 99 54 25 99 78 99 46 61 13 67 99 99 9 94 55 87 6 42 82 22 90 25 54 0 42 27 7 4 18 12 4 52 54 18 99 48 22 99 61 7 1 12 96 99 67 48 99 99 46 87 76 99 99 99 99 84 85 15 79 64 99 18 28 
99 58 24 46 22 55 87 66 97 99 99 96 9 45 99 67 43 99 93 99 12 57 39 87 99 78 99 69 99 88 64 99 19 75 42 13 30 42 84 99 82 42 99 72 61 99 99 99 99 88 13 42 99 10 72 97 6 96 99 6 5 38 0 5 48 20 3 27 44 56 36 99 24 70 6 87 99 12 90 99 90 43 99 99 66 99 99 52 99 66 99 1 85 99 7 99 99 99 6 16 99 
99 99 93 99 99 88 57 72 82 64 99 69 99 99 76 69 51 21 70 13 66 99 1 16 99 10 54 99 79 13 3 60 37 99 99 99 36 97 13 37 46 46 99 21 99 34 99 18 27 73 85 40 99 27 87 99 88 99 58 43 18 10 16 0 40 4 47 38 4 58 78 12 43 3 16 48 93 15 94 63 79 31 99 45 99 94 51 99 67 45 28 10 99 75 39 87 51 79 28 72 54 
39 54 99 48 36 10 99 99 99 99 99 34 99 99 99 88 99 45 57 63 10 99 31 99 25 99 99 51 63 99 99 6 99 88 66 24 69 91 19 99 99 91 63 99 99 99 33 43 39 10 36 33 93 79 30 46 99 30 58 99 49 35 0 40 0 28 32 34 64 4 12 75 82 99 91 27 15 99 3 10 19 99 54 52 51 9 99 61 19 24 99 43 99 36 27 72 99 99 99 52 99 
99 90 73 99 99 81 99 99 54 99 94 99 81 49 49 52 57 99 99 99 67 99 21 28 1 99 70 24 40 99 78 18 99 99 82 63 3 1 76 7 4 40 1 67 27 22 78 99 15 99 99 51 99 67 99 99 63 99 39 99 65 7 51 54 22 0 54 4 20 42 99 99 99 7 7 93 99 99 15 93 99 22 16 97 99 75 10 67 99 22 90 13 99 99 54 99 64 97 15 99 99 
99 91 99 9 91 66 10 21 93 21 27 99 36 84 88 99 28 99 99 36 94 63 84 27 6 99 99 99 21 99 99 99 99 21 99 19 84 91 30 99 1 85 99 88 36 21 22 33 99 99 33 76 58 70 33 33 40 87 99 99 4 0 32 48 48 10 0 16 47 30 24 99 1 94 48 7 99 75 99 99 36 64 34 57 99 99 4 39 99 99 99 34 99 99 7 99 64 64 34 99 22 
90 19 1 73 27 15 49 7 99 36 94 22 58 99 76 39 99 99 27 99 88 70 54 99 3 7 19 93 99 63 58 16 60 39 99 67 99 90 99 99 99 12 99 9 99 99 99 99 99 70 67 78 13 61 43 99 21 33 28 99 32 31 32 64 15 58 0 0 48 54 39 12 87 99 63 63 24 82 94 99 19 78 7 99 99 99 99 28 99 31 99 99 28 99 96 85 76 87 99 99 48 
76 81 99 43 93 85 79 99 78 99 60 42 70 43 13 99 48 10 27 45 31 84 24 99 99 19 70 75 3 66 75 30 99 99 42 39 42 99 46 94 4 99 55 6 27 43 46 12 30 7 18 16 99 4 99 99 45 99 87 91 55 33 33 27 61 6 18 6 0 42 36 70 60 30 51 19 19 42 78 64 45 7 67 99 48 99 99 19 99 22 72 99 25 57 88 52 99 28 99 99 99 
12 96 67 99 82 64 82 69 48 42 99 73 73 57 57 21 22 99 6 99 3 90 99 6 97 22 99 42 33 16 67 67 90 99 87 99 99 43 39 37 88 99 64 69 13 36 3 66 36 73 99 99 99 84 30 99 99 99 24 57 18 11 29 40 50 36 58 18 11 0 52 99 90 73 73 48 33 99 40 99 99 99 21 99 99 48 99 37 99 33 3 85 99 16 99 69 99 99 34 94 87 
99 99 97 99 99 73 15 81 45 99 73 99 88 58 99 79 30 94 15 99 24 34 87 42 6 10 99 55 6 99 99 51 31 46 12 99 99 37 82 99 46 76 99 34 34 96 99 99 99 4 97 99 24 99 58 99 99 43 99 99 58 6 99 99 99 99 99 85 1 13 0 2 12 62 2 62 10 38 54 38 99 99 99 99 75 90 99 9 99 52 99 33 30 55 63 99 99 72 3 99 99 
24 99 4 91 34 99 90 48 34 70 33 99 16 69 42 99 99 99 43 69 99 12 52 99 99 64 99 66 24 99 81 99 99 90 69 9 99 99 48 94 19 58 16 21 91 99 99 99 99 3 22 4 37 75 69 10 72 15 60 84 99 52 99 36 97 99 94 40 57 16 26 0 52 36 42 39 38 56 53 65 7 4 13 58 57 33 90 99 99 76 99 94 43 99 99 33 99 82 46 99 13 
48 99 27 99 99 73 63 88 49 99 99 99 45 79 10 99 81 51 73 54 21 39 99 46 99 90 78 99 99 99 7 10 99 99 99 16 31 66 99 99 99 99 78 7 9 12 99 28 34 99 28 99 69 99 99 46 67 99 99 99 93 99 70 66 4 93 6 97 99 96 54 2 0 11 50 25 26 63 62 64 19 73 99 51 81 36 96 4 81 34 75 99 19 99 4 90 90 81 60 21 99 
42 63 99 7 22 99 60 99 34 99 10 12 99 60 99 78 72 99 75 88 34 90 93 4 81 99 55 1 84 99 28 33 99 99 94 99 69 87 81 81 70 88 99 99 99 73 88 84 91 78 99 99 9 99 88 78 52 99 99 99 58 15 94 99 82 64 7 99 16 91 42 51 16 0 37 44 33 8 24 42 54 81 43 96 27 22 99 40 99 93 99 67 48 12 24 99 99 60 39 87 30 
99 99 85 99 99 78 76 75 73 25 99 85 82 90 48 96 30 99 99 16 99 60 24 99 79 36 39 61 54 99 91 10 99 66 78 99 99 22 99 19 54 55 51 99 51 79 99 82 70 22 97 49 84 3 94 40 99 51 99 99 97 36 91 82 70 12 66 19 64 99 20 11 17 44 0 62 13 40 50 32 91 96 99 73 99 9 99 99 64 81 99 99 28 91 91 99 12 73 61 27 7 
82 18 99 97 99 99 69 99 85 33 42 99 73 9 99 99 15 69 99 21 42 61 99 1 99 99 99 96 36 99 99 36 4 99 24 4 4 27 99 16 99 99 7 99 99 9 84 66 99 99 42 25 6 99 34 19 99 7 4 99 99 54 81 66 99 91 9 81 90 99 12 62 32 1 22 0 22 30 26 22 99 66 7 99 73 27 45 99 19 99 70 97 48 10 4 99 76 43 99 99 22 
61 54 84 99 16 6 67 88 36 1 3 39 99 76 40 87 51 54 4 85 58 93 7 99 85 54 99 37 12 12 99 99 54 27 69 99 73 99 99 73 45 7 28 99 99 57 99 16 34 99 57 45 99 99 69 7 99 54 99 36 43 99 99 28 99 99 76 94 96 99 61 43 66 63 41 45 0 60 60 52 66 99 16 99 63 99 51 52 99 99 12 99 31 99 99 1 66 25 46 99 4 
21 97 82 99 1 85 15 63 31 99 81 40 99 52 54 6 99 99 21 42 99 58 84 73 48 40 76 57 30 96 99 45 61 60 12 66 99 49 81 99 9 96 67 37 30 73 66 99 91 99 99 24 51 9 99 99 76 19 10 99 90 78 99 99 13 31 45 99 27 99 58 15 42 20 36 14 6 0 35 25 27 85 99 33 36 33 99 6 7 18 79 99 85 49 10 42 7 15 99 78 39 
25 19 43 99 69 99 99 99 99 48 97 99 51 12 99 13 64 18 94 60 99 99 82 99 76 99 37 13 9 99 99 99 99 99 52 51 96 66 12 40 42 78 45 69 45 55 49 85 99 79 99 99 87 30 99 37 88 54 99 99 96 55 99 99 63 55 70 87 13 34 34 56 49 11 25 16 6 46 0 44 99 66 99 61 79 91 49 99 45 81 3 99 30 99 12 81 4 51 94 99 85 
66 99 99 94 99 24 9 99 3 63 28 57 4 94 76 67 63 55 27 99 48 97 99 46 70 6 69 61 76 60 46 36 42 94 43 49 99 81 99 99 99 99 6 12 99 99 96 99 54 54 54 45 33 99 99 99 99 70 93 99 99 67 57 13 85 6 46 97 99 24 1 26 63 21 46 34 14 66 43 0 24 72 96 99 99 19 60 84 99 99 99 67 40 49 22 30 51 72 37 61 42 
55 99 79 25 37 51 99 99 99 30 3 99 99 99 87 40 12 64 94 84 18 99 99 99 30 99 16 99 99 75 94 99 99 19 88 99 99 99 52 99 78 9 99 48 82 72 75 99 99 15 97 99 39 15 19 43 94 93 9 66 99 99 99 19 94 99 24 99 99 70 61 51 85 25 75 63 72 99 99 76 0 46 24 8 56 5 64 14 4 2 9 99 45 66 99 99 55 61 99 36 94 
28 39 99 54 84 72 58 7 40 99 99 67 46 37 24 18 99 61 99 39 61 33 4 27 97 99 96 40 85 99 91 99 99 25 39 30 99 42 64 19 70 99 99 94 99 63 24 88 99 15 99 49 99 99 34 99 42 99 99 99 28 73 99 99 90 16 82 99 99 99 99 99 94 87 81 99 99 3 54 99 28 0 15 49 64 4 30 38 0 64 27 61 99 19 91 43 57 25 25 99 87 
69 99 99 99 73 99 22 99 94 76 93 99 42 79 64 99 99 4 28 39 99 99 54 99 60 84 88 72 45 10 42 66 7 52 18 21 99 15 3 99 99 99 69 87 99 16 60 7 54 99 88 25 37 99 21 85 46 52 37 16 99 64 60 63 69 91 21 99 99 99 99 99 6 99 63 57 51 99 22 22 45 53 0 6 3 17 46 66 49 43 72 73 57 54 52 99 49 99 94 13 37 
7 18 99 21 99 43 85 13 99 99 45 99 31 9 13 31 88 52 24 82 31 99 88 3 10 94 99 99 99 90 99 28 99 9 97 76 91 91 51 21 12 42 99 18 99 78 24 61 99 51 73 99 75 99 45 48 99 51 1 99 43 99 99 99 43 91 66 99 91 99 99 15 13 99 37 99 54 99 99 51 42 46 64 0 27 7 30 28 62 42 75 31 6 99 99 99 15 58 99 61 99 
99 97 99 99 19 63 21 31 67 99 79 30 99 24 51 63 99 99 75 99 10 73 99 58 87 12 99 96 82 90 48 99 30 99 99 25 46 99 87 13 90 99 97 78 99 88 25 61 99 85 67 99 99 99 99 81 99 87 99 99 79 99 39 4 99 30 99 22 12 99 66 81 99 99 46 66 61 99 73 78 29 23 6 38 0 11 65 18 10 2 40 67 99 55 99 99 79 93 61 28 99 
4 99 73 99 82 99 18 99 69 25 52 3 94 18 99 22 4 31 70 51 34 58 36 93 99 99 97 79 27 99 34 84 99 19 99 40 79 60 7 34 48 24 88 27 9 99 70 12 99 1 61 57 43 99 99 21 99 43 58 90 99 51 37 24 99 99 54 99 7 99 99 63 99 99 99 85 60 55 99 99 61 44 48 36 15 0 37 29 63 28 55 33 96 99 99 99 99 99 99 99 94 
30 99 7 99 75 33 70 69 99 99 63 99 99 4 16 94 27 75 99 25 42 88 99 84 99 85 73 87 3 49 36 37 52 67 1 58 94 45 63 99 99 22 31 90 66 91 99 69 42 99 42 16 75 57 96 99 76 76 75 99 97 10 7 19 82 99 57 69 99 69 3 99 13 33 60 10 99 87 66 99 46 6 60 34 61 65 0 32 8 8 99 99 99 28 90 30 54 39 96 3 88 
99 96 43 55 88 49 28 9 93 99 78 36 67 99 99 22 99 75 79 99 99 99 63 3 99 99 48 99 99 61 10 99 99 31 45 79 4 72 87 27 31 42 33 75 76 99 18 87 51 18 82 97 15 22 99 99 99 51 1 87 70 97 82 90 90 48 28 18 99 7 34 28 4 99 61 99 70 12 6 81 22 8 12 35 58 2 32 0 50 10 90 22 72 99 60 99 99 15 43 24 49 
34 99 99 10 93 90 24 18 99 45 99 55 42 37 99 99 99 66 25 99 16 99 99 24 78 99 37 84 39 99 96 72 99 99 46 76 3 22 21 90 52 99 99 57 48 61 64 45 31 85 76 51 42 51 43 85 15 37 99 22 42 99 99 36 27 33 25 69 43 33 42 85 57 99 99 99 99 6 99 99 2 29 26 22 10 52 54 6 0 43 82 99 18 99 34 99 99 1 99 66 99 
16 96 99 99 93 99 33 99 76 85 87 99 30 49 99 99 99 99 40 91 51 99 99 99 99 99 58 54 73 90 12 82 99 16 18 79 99 13 99 49 99 88 7 96 33 90 99 58 99 82 99 99 85 19 9 99 57 57 36 76 37 24 99 99 99 45 99 54 99 99 66 97 28 99 61 63 99 39 99 52 42 18 65 42 0 24 2 2 60 0 96 34 31 22 64 51 99 99 99 15 42 
34 40 99 87 22 99 82 84 99 99 99 13 94 99 99 81 43 10 49 99 64 99 25 99 9 30 81 60 99 79 99 93 81 49 99 99 13 82 33 42 99 99 18 99 99 82 10 13 99 99 15 52 19 72 24 72 88 99 99 99 99 99 10 15 99 99 88 99 27 39 99 97 99 99 69 99 99 99 99 10 99 58 55 99 75 99 75 70 34 66 0 10 58 6 42 54 6 63 36 26 99 
99 48 73 10 99 49 76 19 9 43 10 48 90 48 99 61 42 12 73 45 90 99 22 21 99 99 3 19 79 99 99 94 99 45 93 42 13 72 9 99 34 39 34 99 99 99 93 93 75 1 99 66 13 69 63 73 99 54 99 27 84 76 63 99 99 3 19 34 24 49 10 99 60 99 97 94 99 40 69 99 81 57 99 39 37 99 28 43 82 3 29 0 17 34 31 50 48 34 56 37 15 
43 1 99 63 64 99 99 99 99 73 25 60 67 69 99 9 99 99 99 1 51 18 42 99 97 99 60 52 99 99 96 4 82 81 99 28 31 34 99 51 72 15 19 99 99 33 39 25 99 73 99 72 99 52 31 99 49 67 99 99 99 4 22 72 99 99 60 18 99 42 99 48 99 75 84 97 99 19 37 99 99 10 99 46 99 99 99 99 45 99 63 62 0 46 64 17 1 41 6 34 99 
81 99 13 67 85 45 66 99 6 72 51 39 99 99 30 99 24 99 82 3 33 99 78 52 99 94 99 72 61 99 70 99 99 99 67 67 99 12 93 18 99 82 99 12 99 58 99 93 70 99 16 79 90 10 52 99 15 69 90 99 33 99 87 39 99 88 99 88 16 67 96 63 30 99 99 16 3 60 99 7 99 34 85 81 99 99 43 67 96 79 0 16 7 0 44 34 46 30 52 56 99 
16 99 54 1 57 99 99 30 78 25 24 22 63 99 46 63 87 52 39 99 99 72 46 48 10 51 57 87 13 57 18 99 99 27 19 99 99 18 99 78 79 99 24 99 99 70 36 99 51 73 99 99 13 79 87 99 99 99 99 99 99 24 99 87 99 30 99 15 3 99 99 99 25 99 99 1 99 7 24 99 67 15 28 79 99 57 51 43 99 99 62 41 60 66 0 40 17 40 63 62 31 
88 84 63 99 49 52 67 40 96 4 73 66 99 99 3 39 99 58 94 63 75 30 99 31 93 46 91 15 99 22 4 84 64 51 33 99 36 43 34 99 78 99 40 79 69 21 99 99 34 54 99 99 99 97 6 24 12 99 99 99 7 94 46 99 63 99 99 36 66 33 31 94 99 40 88 99 12 99 18 57 99 63 73 99 99 24 39 16 99 69 8 30 58 10 29 0 65 14 53 62 16 
45 10 93 42 99 99 43 99 34 75 21 94 99 49 6 22 99 39 30 36 99 64 13 69 94 1 99 27 99 99 99 99 97 6 9 69 99 99 99 69 69 42 12 99 99 55 76 15 90 16 15 28 39 99 37 43 79 27 72 99 58 87 9 13 76 91 69 99 15 19 91 39 99 3 93 48 99 31 99 7 21 42 78 76 63 61 60 82 22 99 38 49 34 42 39 46 0 62 35 64 12 
99 61 25 81 99 99 27 28 57 9 99 99 99 67 99 99 3 99 99 73 99 99 99 87 67 99 70 39 43 93 31 99 99 4 99 99 43 4 15 99 99 66 99 99 99 99 15 99 78 21 45 99 42 19 54 69 58 43 46 60 99 99 30 54 99 6 15 45 31 93 67 76 42 91 4 99 99 99 99 99 99 99 4 57 13 99 49 25 82 10 30 28 24 65 8 40 65 0 30 34 99 
55 6 18 10 58 48 96 73 7 34 99 99 72 99 93 36 28 72 99 99 72 99 15 73 42 15 31 99 40 57 99 10 15 51 99 93 39 96 12 45 81 31 72 99 99 45 99 30 60 21 70 99 99 99 99 33 13 27 99 9 99 66 48 36 63 34 31 76 99 99 1 99 16 48 81 99 99 60 4 99 78 1 99 48 30 28 99 99 99 99 40 16 7 31 57 22 14 30 0 59 13 
51 45 33 33 61 18 97 99 99 66 51 49 99 76 21 99 69 12 99 94 78 21 97 99 27 13 49 73 34 99 91 55 81 70 22 79 61 99 4 6 99 81 46 99 43 81 64 37 6 16 46 36 99 15 3 82 46 87 79 99 73 81 37 60 99 99 6 99 4 19 99 46 99 78 99 61 99 72 88 99 24 72 96 99 99 12 99 52 99 99 48 36 13 48 3 39 20 26 30 0 48 
99 99 99 46 49 99 33 6 67 58 58 99 99 99 63 88 46 49 45 9 57 99 57 88 39 54 99 99 99 66 42 45 99 28 96 99 27 63 99 54 22 27 75 99 99 43 99 42 22 99 16 19 99 1 99 1 75 15 37 99 42 99 94 30 64 73 99 3 79 69 28 99 18 6 99 81 99 79 88 99 99 99 49 28 30 28 12 99 7 93 99 48 9 28 13 16 99 31 99 55 0 
