n: 100
m: 2
Pi:U[1-99] 38 79 39 13 10 58 70 34 25 43 93 69 3 49 20 48 46 17 97 18 94 23 41 7 77 5 41 1 21 91 86 46 23 8 1 38 30 82 40 49 4 75 47 69 23 57 64 75 57 1 65 89 86 24 92 55 17 23 32 4 3 14 7 26 34 24 61 91 37 92 98 67 30 29 14 14 92 86 19 92 77 39 78 13 54 10 99 63 8 7 98 10 15 7 75 23 30 68 30 27 
Si:U[1-99]
0 62 83 94 80 28 82 30 94 53 95 39 71 49 18 46 31 4 62 64 87 76 31 58 17 80 53 29 20 78 48 81 86 17 9 62 81 61 29 80 20 27 35 65 7 21 95 8 24 98 8 86 83 28 79 99 97 14 50 92 16 42 73 54 5 58 62 59 79 84 8 23 80 72 83 24 8 67 66 46 71 16 89 29 75 79 23 93 41 10 9 84 4 49 69 62 83 96 61 11 66 
9 0 63 41 93 55 58 50 50 17 86 55 30 44 49 24 90 5 52 30 75 61 90 45 7 92 10 48 71 70 7 57 39 22 15 72 80 11 77 73 61 72 43 74 41 81 3 94 6 85 48 20 51 20 60 69 44 80 47 1 66 49 47 39 36 31 40 2 33 91 96 1 61 44 18 20 30 6 7 4 97 91 76 97 35 78 30 8 24 46 23 60 70 21 85 61 32 59 89 17 28 
49 5 0 3 15 91 42 79 41 29 81 3 45 88 93 25 11 78 39 18 23 34 29 59 26 42 13 16 59 45 90 64 3 74 61 83 63 50 53 60 41 25 57 90 30 2 31 88 39 46 21 28 41 60 48 82 78 40 12 82 12 4 38 90 15 54 73 64 20 94 86 26 72 58 34 27 14 17 67 97 53 95 11 8 71 28 54 36 18 83 99 29 73 83 78 24 22 9 10 65 96 
34 20 75 0 82 52 26 45 13 83 52 34 9 2 6 74 3 98 15 59 88 6 98 2 97 8 79 45 20 75 4 22 87 17 56 62 45 72 11 44 96 98 72 5 57 13 75 52 26 29 94 50 15 38 94 16 67 15 23 87 78 65 37 38 5 82 40 8 11 17 99 45 80 51 72 56 6 82 2 78 32 12 19 93 51 43 47 54 60 35 70 47 68 63 95 74 61 90 24 97 22 
44 22 89 26 0 21 47 49 78 10 38 1 81 68 83 11 75 99 46 31 53 52 68 75 28 67 6 4 88 78 26 3 93 2 33 57 54 90 81 84 15 69 38 15 51 92 26 69 76 28 38 14 73 32 94 29 57 45 98 52 16 68 8 76 25 29 74 19 19 73 29 45 25 34 33 77 88 36 98 11 45 84 72 58 70 24 39 97 91 36 4 35 82 71 67 66 12 37 75 28 98 
68 96 11 66 80 0 75 56 63 90 17 49 46 1 8 35 80 18 84 57 9 10 4 57 41 19 17 28 66 44 69 21 90 98 38 94 8 50 83 5 79 12 26 94 69 83 70 44 42 75 78 73 91 46 74 44 22 44 51 81 92 78 30 97 9 45 61 85 68 91 87 42 30 51 30 67 43 9 75 7 43 98 53 69 61 20 56 85 86 96 30 19 74 23 87 25 32 54 83 26 14 
67 79 49 9 82 19 0 8 6 74 36 17 81 31 91 86 10 50 79 66 97 19 23 50 51 36 87 95 38 11 44 99 13 84 79 68 31 36 95 14 63 14 25 3 62 26 14 70 53 34 82 43 62 81 59 50 33 32 77 11 78 56 93 8 62 25 78 23 77 26 74 29 20 85 73 69 84 46 92 99 88 45 33 37 34 38 83 94 72 65 34 10 49 22 95 14 72 73 48 37 79 
72 3 64 59 48 61 79 0 33 89 87 55 90 63 69 22 79 73 25 80 85 27 85 5 92 73 13 49 7 49 25 47 84 1 18 31 65 31 53 55 29 57 53 88 1 91 81 10 81 58 58 44 50 81 30 88 20 84 91 23 86 98 65 57 73 7 16 15 29 44 76 44 11 89 96 56 40 52 69 70 28 31 96 8 37 98 65 58 66 71 46 7 22 21 35 62 66 10 2 73 81 
73 28 75 22 71 82 51 71 0 45 62 61 11 58 55 42 41 89 13 68 40 98 70 43 83 74 26 4 14 22 11 84 42 90 49 48 77 85 1 83 66 70 74 92 13 31 39 52 67 49 66 86 4 69 85 49 21 44 87 50 88 94 66 24 1 11 87 74 7 46 15 16 16 97 45 21 15 19 57 11 76 68 33 88 21 72 43 17 11 18 66 48 15 99 17 17 96 11 91 20 99 
73 35 81 22 79 37 66 11 16 0 37 63 42 8 66 21 20 81 76 61 38 58 21 54 50 57 12 97 90 29 73 80 21 64 17 98 50 57 20 38 52 41 64 55 72 70 25 65 83 4 71 67 57 17 30 77 92 9 93 84 62 33 19 42 63 36 49 95 62 47 76 17 48 24 41 91 26 51 84 45 71 83 21 34 25 76 99 84 68 23 49 40 15 38 66 87 16 23 79 48 24 
59 16 58 15 66 30 64 96 1 67 0 89 91 93 85 83 74 66 42 53 50 61 49 76 47 57 97 49 84 14 72 47 30 12 54 94 13 15 46 42 70 47 68 66 23 75 81 30 91 8 77 64 85 70 47 97 16 92 78 77 53 68 46 17 78 2 82 73 16 64 90 78 83 94 64 51 92 23 37 3 93 32 16 22 32 41 87 27 65 66 39 37 98 13 44 23 94 54 24 50 42 
66 16 50 75 28 32 77 41 13 84 52 0 42 19 90 43 73 26 45 31 93 71 33 52 31 15 15 25 79 70 40 94 68 89 70 91 39 50 43 53 93 78 20 74 46 55 60 87 20 19 24 33 98 97 15 83 28 65 6 2 51 97 50 3 98 99 77 98 20 47 38 10 58 92 76 60 93 27 32 25 73 4 53 11 83 24 61 79 74 28 29 96 43 87 44 92 52 23 14 67 58 
65 85 72 39 59 96 17 5 43 75 78 49 0 20 79 96 87 58 67 66 75 11 20 64 36 29 67 78 34 49 4 21 15 19 55 65 41 37 54 99 54 94 34 61 6 2 32 14 97 45 14 31 53 78 38 20 87 83 78 69 91 35 40 28 39 28 42 60 63 87 28 11 55 54 3 55 69 95 97 47 54 21 61 62 10 72 29 68 91 73 96 71 49 38 58 26 37 34 68 54 69 
8 5 29 42 60 26 85 89 66 50 30 21 72 0 16 43 80 60 69 85 18 2 66 39 11 23 94 22 70 64 50 36 47 55 36 71 17 59 56 46 92 22 83 78 36 49 55 30 83 49 3 8 25 35 11 42 56 46 15 33 96 79 75 85 30 95 18 83 39 39 76 94 21 4 15 54 20 13 46 84 11 26 4 14 75 41 58 72 98 85 25 67 61 75 11 72 93 48 12 87 54 
59 91 97 18 42 34 30 26 32 33 86 11 3 4 0 65 60 19 94 17 47 86 82 51 10 31 19 16 26 33 88 15 21 13 27 17 63 69 45 87 9 52 66 21 1 70 33 38 11 42 15 14 21 79 13 62 2 95 67 16 92 49 33 63 67 46 13 93 39 44 71 34 11 16 67 79 66 69 3 85 6 86 13 36 2 21 61 19 29 87 74 38 61 31 4 40 90 43 87 47 96 
70 65 50 35 86 97 81 57 99 55 1 22 33 22 51 0 23 36 26 52 49 83 24 90 14 86 27 47 23 77 4 26 92 72 75 38 83 97 29 10 70 48 18 58 24 70 7 78 58 51 60 5 6 35 80 94 57 81 83 18 51 56 35 40 67 13 55 65 71 57 44 42 89 59 55 52 68 91 45 52 98 28 7 12 67 45 17 48 34 93 60 7 20 35 8 77 49 89 51 42 17 
68 58 60 74 45 37 98 96 92 48 88 55 61 99 72 72 0 62 40 79 87 48 7 71 14 99 74 69 71 96 51 63 8 44 19 25 69 85 9 34 57 43 56 38 34 69 76 10 40 35 60 83 92 85 31 79 82 72 68 37 99 66 74 43 73 48 51 42 77 17 19 27 50 95 55 39 19 89 1 3 16 61 44 87 91 99 86 14 64 52 23 54 99 69 52 36 56 25 55 89 49 
29 28 80 85 31 13 26 14 95 37 32 28 87 11 66 56 74 0 39 95 97 42 63 83 55 31 48 20 73 65 29 98 29 21 85 66 67 33 71 42 30 68 20 56 13 26 92 8 16 86 34 22 27 75 88 57 18 71 72 10 61 45 40 27 24 51 27 43 4 99 72 29 25 36 41 94 79 80 41 3 29 66 61 21 36 53 3 96 71 61 31 99 48 47 42 36 69 53 79 48 55 
14 9 95 13 7 69 29 21 4 52 79 17 94 66 46 88 20 97 0 8 76 50 55 5 54 68 30 63 98 1 45 29 46 61 7 71 72 40 91 84 45 95 88 89 72 32 89 92 63 25 48 51 92 12 73 22 55 24 41 19 12 33 9 5 56 21 9 71 84 67 32 83 71 72 77 25 59 93 30 15 3 4 4 84 75 28 34 34 7 98 74 16 12 58 22 37 79 78 5 17 62 
90 48 89 31 92 90 74 12 88 33 71 11 80 96 58 92 67 24 13 0 47 46 82 4 70 99 51 60 85 5 27 53 47 26 61 77 71 69 9 27 50 94 97 6 3 42 84 89 71 15 37 72 6 50 70 47 98 88 91 89 32 57 79 51 95 76 17 18 74 1 18 38 36 92 60 42 92 94 28 51 31 77 95 42 16 12 37 87 58 3 1 61 59 58 96 7 75 72 98 16 90 
72 34 84 91 86 26 5 33 78 97 8 57 35 95 71 36 76 67 27 79 0 75 95 92 35 34 59 23 46 44 91 60 91 21 93 17 5 95 79 39 67 26 66 35 7 61 27 46 6 88 42 32 34 31 5 96 52 43 84 55 43 13 59 59 91 84 62 26 29 20 61 34 34 98 67 1 60 84 95 74 71 22 30 35 91 72 59 96 80 54 8 71 94 42 85 97 6 90 48 22 6 
24 49 17 73 61 80 70 17 9 19 6 49 75 37 66 46 59 64 90 38 50 0 49 79 74 19 16 32 92 85 32 56 26 68 84 25 37 43 10 29 59 28 63 70 93 21 44 17 67 36 44 85 90 20 23 82 20 49 1 14 37 96 19 45 61 14 6 19 92 95 43 16 83 91 23 88 9 94 86 54 51 32 32 6 90 1 84 64 52 94 48 16 79 91 57 57 99 22 66 51 69 
97 6 5 43 74 38 38 7 77 18 32 52 85 89 89 42 36 85 70 18 81 16 0 57 15 16 43 49 22 70 82 51 41 68 76 88 92 26 8 36 76 11 42 2 90 86 16 1 50 53 13 98 23 35 78 38 98 26 58 73 20 61 13 43 83 26 12 74 53 67 46 86 53 53 69 66 39 64 12 37 1 58 50 29 73 71 9 45 72 69 32 82 86 32 1 77 28 73 16 31 83 
81 79 23 75 32 34 39 5 71 13 79 16 83 66 93 38 88 49 59 83 7 25 92 0 83 16 11 48 87 51 96 21 70 51 4 86 30 56 59 63 89 82 16 28 58 77 29 20 58 61 98 36 97 49 89 46 47 19 43 26 34 28 75 97 22 43 59 21 83 36 72 33 68 56 16 23 81 42 60 79 11 59 88 55 97 65 71 50 23 31 3 28 18 4 63 52 33 98 18 89 51 
2 93 37 89 74 90 56 77 41 57 17 62 96 39 41 69 38 69 18 89 5 52 28 1 0 37 8 73 56 67 43 67 29 89 60 82 48 54 30 23 12 41 42 12 69 73 60 52 95 94 26 96 24 26 68 12 27 2 37 99 29 84 42 89 72 29 68 76 10 55 73 16 97 48 42 9 97 54 41 66 35 79 98 93 78 12 52 57 1 70 98 11 97 66 50 39 33 6 38 52 52 
44 48 13 79 43 63 25 37 82 73 15 37 28 61 74 71 57 53 97 44 6 32 47 81 21 0 7 34 99 38 4 32 16 11 98 92 93 54 42 66 28 12 92 55 75 88 88 59 19 38 48 43 15 98 54 47 65 84 79 90 27 82 53 57 79 85 52 58 85 60 13 57 27 9 99 5 10 65 76 26 62 28 10 41 16 75 95 51 26 75 96 59 84 8 78 43 89 82 3 22 29 
17 81 21 79 73 17 83 9 33 69 55 69 11 67 2 74 85 20 81 94 24 8 67 35 44 87 0 48 9 71 74 9 68 61 24 84 24 41 10 54 85 55 18 16 62 52 45 26 2 19 83 64 98 16 64 31 77 37 93 87 40 24 70 86 29 90 26 1 99 80 46 4 87 8 70 11 40 78 49 70 97 1 65 52 44 17 34 80 7 14 18 3 59 68 28 93 59 82 90 6 57 
36 98 42 68 32 78 3 98 52 18 39 60 31 53 69 37 94 60 92 75 22 87 84 14 17 85 77 0 2 99 88 14 91 51 32 53 44 49 52 51 6 60 78 39 85 20 32 63 46 2 41 71 75 98 41 36 45 79 40 78 6 55 53 22 97 79 4 15 87 15 58 28 60 89 89 2 91 95 62 91 22 47 27 73 58 99 13 37 49 10 32 81 75 38 19 47 76 59 12 62 53 
26 35 49 31 15 84 43 49 63 5 35 45 32 42 11 47 32 96 18 58 15 84 9 62 18 78 98 31 0 66 68 3 82 4 28 35 65 52 1 22 41 80 32 23 6 54 27 43 42 72 94 40 23 74 18 81 74 38 98 36 73 71 59 62 20 89 95 45 46 62 12 72 45 32 62 43 92 67 12 7 65 55 43 97 85 50 68 11 29 86 39 43 97 27 5 56 5 45 66 7 60 
69 26 81 8 16 42 32 25 25 34 63 16 9 70 12 37 41 43 92 6 3 8 53 91 78 38 70 88 28 0 24 27 80 48 71 72 54 1 68 72 63 47 80 74 13 35 3 52 20 91 44 82 8 71 80 49 64 43 88 64 54 90 38 37 84 16 91 75 34 68 5 45 53 66 43 33 49 83 98 27 68 96 47 2 43 30 25 49 72 15 1 89 26 80 61 43 37 22 14 94 80 
19 35 73 28 44 21 60 47 8 36 43 78 56 29 89 85 18 39 83 81 74 45 28 6 66 56 60 15 99 60 0 55 7 49 2 58 9 35 83 83 93 80 86 20 87 26 31 75 94 11 31 43 45 5 65 89 83 13 35 53 71 79 42 10 88 28 96 40 29 18 64 29 65 81 36 57 24 11 78 78 96 20 61 27 1 80 10 35 81 25 13 51 79 41 37 31 31 7 64 42 49 
96 35 53 59 91 5 93 54 51 46 69 44 11 1 12 23 5 62 75 97 33 76 80 26 22 65 77 78 76 81 20 0 35 1 42 51 44 38 83 24 51 88 30 47 19 36 33 30 40 17 80 69 54 19 97 94 22 77 62 54 48 19 88 52 79 79 60 73 64 39 17 62 39 37 25 35 56 78 33 66 41 8 10 16 20 63 15 52 90 96 47 57 13 93 43 85 63 95 69 5 76 
57 95 34 65 52 40 55 17 26 10 95 56 21 84 80 89 67 53 38 79 63 43 20 90 38 73 26 48 6 69 64 98 0 73 25 65 63 95 57 4 88 85 37 37 24 45 8 32 74 53 6 47 81 29 60 55 79 33 30 12 53 54 23 44 4 52 48 2 68 74 44 70 1 93 51 22 27 1 75 54 56 18 57 66 16 75 12 32 9 94 80 44 9 19 91 20 82 44 56 60 22 
90 79 56 30 43 57 63 78 70 50 81 18 23 57 31 79 53 33 79 28 41 33 55 6 6 91 79 12 56 41 12 85 29 0 19 33 32 4 35 44 78 1 71 70 79 66 82 94 74 30 37 74 10 91 15 56 92 83 89 47 72 97 23 48 78 90 72 80 27 1 19 14 94 19 13 56 98 80 43 50 59 71 57 25 82 65 83 73 42 81 33 76 21 91 96 18 53 97 20 3 78 
45 29 88 17 17 17 13 51 60 13 33 72 63 15 79 47 78 17 11 34 40 83 62 30 85 45 36 8 69 42 66 34 28 73 0 74 72 80 8 48 62 96 88 30 94 46 37 30 59 71 48 50 60 3 77 2 3 96 27 98 13 38 93 72 56 19 62 25 45 71 18 51 69 79 12 65 96 48 79 12 89 16 13 90 59 45 42 93 89 47 24 4 42 1 81 92 82 2 90 76 79 
61 77 59 4 56 33 12 21 8 3 42 70 24 29 70 77 50 83 44 70 16 23 52 13 46 54 7 54 79 65 16 78 19 23 16 0 5 58 8 78 21 31 37 87 15 35 74 39 12 39 27 96 55 11 39 22 25 89 14 58 47 20 96 54 34 54 5 58 75 43 77 84 58 82 40 56 58 19 40 49 39 13 11 66 50 93 54 47 12 14 41 53 39 13 42 76 62 51 30 74 84 
50 65 63 83 78 25 64 25 14 34 25 59 37 32 75 26 52 98 17 60 74 66 21 15 38 79 20 11 36 75 19 90 85 70 26 30 0 29 91 44 79 27 91 76 24 66 93 67 23 5 66 45 29 95 59 8 17 15 21 42 82 45 70 91 88 30 23 5 96 84 15 3 92 97 71 20 41 15 24 96 92 83 39 62 25 2 5 21 52 28 71 13 62 45 48 38 51 9 83 18 50 
43 88 82 82 73 43 61 29 39 97 65 80 74 31 51 61 38 6 11 76 42 49 98 14 72 87 72 58 95 39 73 53 19 27 21 53 95 0 99 51 90 14 58 65 56 7 84 11 80 32 47 37 49 25 43 60 30 15 19 88 21 82 75 81 39 25 13 47 47 49 25 48 66 45 59 75 94 86 97 11 52 33 3 11 72 22 68 56 60 57 24 39 93 27 4 70 50 44 43 35 41 
77 45 47 50 23 81 50 85 69 64 94 12 29 88 6 83 25 10 79 71 55 77 96 16 17 36 22 3 44 83 41 96 20 67 77 88 64 25 0 54 36 57 19 7 62 46 77 68 96 86 27 53 99 70 79 98 58 44 48 92 12 74 12 56 13 42 24 29 75 88 36 3 12 37 41 44 47 83 22 37 86 46 7 85 85 14 61 9 33 56 76 60 72 56 32 11 97 17 65 16 1 
44 52 70 40 86 3 66 54 16 53 87 15 72 44 76 31 38 10 31 65 93 92 55 2 90 22 7 14 17 71 14 92 85 76 49 18 74 97 49 0 63 86 34 39 93 41 62 50 88 75 16 28 70 86 61 17 84 54 69 21 65 63 22 6 63 39 7 11 86 59 60 28 65 75 9 55 70 6 46 69 75 46 43 73 1 3 76 40 18 15 75 10 23 22 55 58 93 53 95 27 29 
64 93 3 63 24 78 32 94 5 43 86 75 37 1 18 84 87 75 57 14 63 34 82 83 61 60 61 24 79 22 15 96 84 15 97 43 77 31 51 98 0 52 97 18 62 49 85 1 65 73 36 5 85 77 67 12 44 23 84 61 12 13 19 79 81 30 58 27 94 8 77 8 53 82 6 81 8 28 43 62 54 90 99 44 77 13 41 93 75 87 51 28 19 54 15 4 55 6 48 48 7 
54 88 68 17 85 22 19 26 38 2 26 24 8 41 83 22 15 8 61 10 96 40 79 4 81 92 35 39 21 18 88 9 69 65 48 87 25 95 94 27 21 0 27 61 11 81 85 45 51 95 43 34 3 42 42 81 82 97 2 70 57 93 23 40 5 30 81 55 49 77 2 39 29 13 10 4 11 52 63 71 44 79 82 96 98 73 65 97 29 18 77 50 51 50 41 56 17 13 61 87 37 
48 40 24 55 13 3 89 37 38 68 92 51 56 49 30 52 62 99 14 5 78 36 24 98 44 40 88 19 17 77 70 75 62 80 57 78 74 2 74 16 75 45 0 39 29 88 97 50 28 71 65 84 36 83 27 22 50 45 25 81 52 26 95 81 53 82 42 18 6 96 55 77 88 97 1 43 24 80 41 18 23 5 81 67 1 92 37 54 66 48 85 70 17 80 32 40 81 2 62 4 9 
45 3 80 28 17 11 2 94 60 96 16 72 25 28 33 35 67 99 67 74 21 80 57 96 36 82 64 58 56 18 3 7 32 11 2 77 75 82 47 67 31 9 4 0 51 41 32 48 28 15 83 21 54 15 62 46 51 53 9 66 23 22 53 23 57 60 11 42 85 11 90 35 32 48 52 78 99 33 44 28 34 94 64 83 18 50 1 51 45 80 64 44 38 57 6 32 92 33 56 10 23 
29 50 47 92 90 53 78 70 86 73 48 79 34 31 90 60 11 84 71 17 21 11 82 75 16 28 64 93 57 11 60 20 81 16 39 10 38 52 14 11 91 67 41 51 0 91 58 33 37 99 3 74 90 99 16 55 65 90 35 5 41 84 32 18 83 27 39 59 95 87 45 15 51 91 32 61 71 99 57 70 66 88 99 71 41 60 6 88 87 77 3 48 17 3 57 94 18 97 77 59 50 
70 81 68 81 1 1 5 32 38 76 38 98 1 98 43 98 86 47 8 9 30 48 26 5 12 43 54 75 6 73 56 82 19 24 1 66 9 94 12 28 89 21 91 70 52 0 12 16 61 99 10 59 98 27 17 66 88 69 42 56 41 20 74 54 92 33 64 77 89 69 36 61 24 38 25 16 23 75 8 16 95 26 99 89 2 90 71 52 79 4 10 7 37 83 93 68 80 21 6 82 55 
50 58 27 11 13 19 81 98 33 33 55 97 91 50 66 21 92 4 87 24 19 44 94 17 33 16 1 6 12 43 89 17 81 55 26 72 90 22 34 99 53 27 18 55 67 7 0 97 61 36 75 60 11 25 83 89 20 35 35 72 79 13 35 75 69 80 72 38 63 29 2 55 53 17 23 60 77 90 15 87 61 64 72 37 11 83 90 56 6 64 28 95 18 20 1 29 29 46 90 54 7 
10 43 46 39 86 77 46 85 14 20 59 8 67 66 75 52 67 7 85 66 51 29 70 13 36 46 35 86 3 84 6 93 80 45 47 52 88 37 26 5 61 71 13 93 96 74 14 0 94 59 30 71 55 17 70 82 92 38 82 27 21 48 60 32 77 49 28 10 41 20 95 8 73 57 87 27 40 41 38 22 39 63 39 4 63 80 70 48 54 75 87 13 76 41 83 49 5 41 79 31 4 
28 80 79 92 37 22 44 61 42 79 41 24 23 46 57 97 66 63 75 13 73 86 29 74 37 30 19 64 49 74 71 34 3 74 15 45 69 57 87 46 35 56 23 5 19 25 3 90 0 96 29 61 88 34 50 83 25 35 19 14 55 39 77 70 80 23 91 62 20 93 37 77 78 52 39 34 22 86 14 47 83 89 47 73 63 93 50 85 50 82 92 11 60 53 21 84 22 1 82 34 17 
67 51 85 41 42 49 80 6 62 22 24 67 95 55 71 86 53 19 49 47 56 27 54 53 56 64 53 6 36 90 53 87 50 78 23 80 44 64 95 49 96 68 64 8 53 60 16 15 63 0 17 70 5 4 67 9 52 59 6 85 7 59 58 5 46 39 6 51 90 15 76 23 43 46 61 95 59 47 43 41 57 96 70 93 4 72 8 61 67 32 56 26 24 95 81 98 11 93 80 39 16 
85 74 6 47 10 82 42 23 20 33 35 82 55 84 69 10 53 53 94 52 63 79 34 15 22 98 95 49 64 92 40 9 12 22 49 71 96 63 90 55 90 46 46 84 31 63 80 11 20 66 0 95 18 40 51 5 95 83 87 95 87 58 88 3 12 91 44 93 28 25 33 63 89 74 75 36 99 62 25 13 71 32 74 81 5 39 97 46 45 50 54 37 63 67 84 31 98 93 97 71 95 
21 59 15 41 22 39 55 35 60 69 31 35 61 84 32 55 64 50 35 27 66 30 70 25 18 2 53 64 50 51 3 77 61 59 63 40 27 34 81 77 60 1 49 15 52 84 46 10 74 56 63 0 46 37 40 64 43 59 2 70 93 73 67 52 19 53 83 7 5 19 95 69 21 55 90 99 8 43 4 65 80 55 2 62 39 72 82 99 6 9 50 46 93 56 14 81 10 1 65 66 68 
96 53 41 19 74 27 6 55 79 6 4 47 38 9 93 11 40 60 62 18 22 27 46 75 96 60 91 8 43 5 13 37 21 57 42 62 95 63 21 66 20 10 9 57 11 63 16 89 20 49 66 55 0 22 96 32 68 16 15 13 99 59 88 74 26 12 99 41 34 10 71 65 61 97 83 66 10 78 29 23 96 50 24 40 26 70 59 29 50 11 75 98 24 69 91 78 27 25 2 84 86 
52 46 22 2 7 90 91 98 98 97 22 17 68 51 97 50 52 2 96 83 97 42 51 89 32 97 69 84 83 78 75 34 99 61 71 23 33 18 76 6 65 28 90 98 99 82 22 89 52 12 43 55 15 0 65 64 14 60 38 73 27 13 72 61 90 97 38 52 20 5 9 13 26 74 14 81 55 22 27 87 37 38 94 76 9 6 48 24 5 53 3 48 48 47 26 73 74 76 8 40 41 
79 25 98 89 35 26 72 41 15 30 86 39 61 52 28 49 20 97 15 47 74 79 64 57 85 50 27 92 83 53 84 60 31 43 3 41 77 17 97 17 56 64 79 8 24 13 19 57 27 16 1 65 25 22 0 16 25 75 53 8 74 83 21 61 32 2 9 2 37 63 48 38 50 3 38 80 1 82 35 26 57 6 54 11 50 2 98 36 52 37 5 13 61 63 89 4 95 37 62 50 85 
34 69 69 78 87 25 55 73 39 43 5 82 29 14 74 67 69 3 5 78 74 68 3 42 99 6 99 82 78 65 88 1 50 5 86 32 99 95 88 71 71 50 56 53 49 79 16 17 39 58 1 40 77 8 64 0 75 81 94 31 46 22 7 64 12 7 58 6 11 15 30 1 62 61 51 50 49 54 92 36 3 7 50 60 89 97 16 77 77 39 47 19 6 5 67 41 44 87 51 53 12 
91 55 99 63 71 79 22 60 30 53 38 20 92 86 62 2 37 91 54 35 35 90 36 94 56 84 32 48 62 90 28 17 19 78 96 88 95 76 78 77 74 89 50 32 15 26 45 42 29 72 71 26 55 82 26 55 0 39 25 39 3 68 25 3 4 12 57 21 43 90 98 20 26 8 60 52 36 67 13 82 48 14 86 14 35 40 77 86 20 29 57 72 82 76 42 85 76 71 34 90 90 
45 33 19 10 73 92 59 87 59 21 16 87 38 83 64 29 24 30 53 25 57 84 86 83 79 85 37 14 3 80 90 72 37 72 76 27 6 53 27 59 71 79 63 59 95 39 36 18 34 54 86 14 94 9 89 44 66 0 67 33 48 75 59 86 53 74 29 66 81 10 25 84 76 84 73 9 50 36 9 85 87 97 85 4 30 39 29 23 89 48 95 30 61 22 42 10 97 71 85 28 45 
62 88 50 55 5 97 85 41 91 20 77 53 84 98 66 25 75 25 19 72 68 67 38 14 61 81 28 75 4 38 36 11 90 50 18 4 27 95 13 66 77 2 33 73 29 30 3 31 11 14 75 89 59 7 83 90 22 30 0 10 96 32 11 32 88 6 36 47 35 75 1 72 49 68 13 5 5 34 30 15 50 30 70 83 62 54 90 52 12 75 41 16 88 43 79 31 70 97 56 91 60 
1 4 78 62 45 69 89 98 65 92 35 82 81 58 76 36 74 79 30 52 37 98 6 41 61 89 32 21 38 89 81 85 2 43 28 16 83 71 22 74 34 21 41 99 2 41 42 50 32 15 87 37 73 36 40 29 11 64 7 0 68 31 20 88 42 76 26 79 4 23 47 3 92 87 10 95 50 65 1 2 24 66 62 1 40 49 23 50 88 39 57 58 62 26 44 55 46 45 76 89 87 
41 2 74 16 81 39 79 58 35 12 85 24 84 52 1 94 65 57 2 41 89 80 24 53 18 33 36 72 69 58 87 6 56 72 88 60 70 95 33 74 38 12 42 93 17 79 54 86 23 9 85 2 12 82 85 29 55 97 11 63 0 60 78 5 25 51 67 58 50 36 17 44 9 16 95 23 13 9 26 13 94 48 42 8 71 69 78 31 42 37 55 62 17 16 14 83 34 53 8 87 81 
23 69 74 51 40 41 70 40 30 16 76 79 71 7 5 50 9 61 98 69 5 70 45 42 19 65 71 89 38 56 94 81 14 84 55 95 36 99 40 73 98 27 5 15 75 34 36 78 64 25 20 17 43 30 95 37 14 13 40 55 81 0 93 69 74 62 99 7 77 72 23 47 4 45 25 81 7 46 43 8 75 34 61 59 51 63 44 60 1 43 44 90 69 61 32 49 92 42 16 82 25 
56 90 40 77 89 3 19 80 22 6 88 11 47 97 4 65 43 47 12 48 80 2 11 78 52 88 98 26 51 58 33 96 27 56 95 61 36 24 44 77 50 83 14 70 97 10 7 86 47 10 21 72 63 97 58 66 36 10 57 61 73 57 0 16 94 32 22 92 36 23 97 66 65 36 93 39 26 76 23 65 33 40 67 15 88 87 5 42 49 40 91 52 92 43 37 66 26 32 61 45 11 
2 75 10 34 48 10 5 74 67 9 12 29 11 70 83 14 56 53 40 59 21 23 36 27 66 77 99 67 85 41 95 26 34 70 79 60 33 78 54 88 14 10 73 29 78 23 97 76 62 52 65 62 7 39 17 31 50 21 35 35 53 76 46 0 10 99 24 97 16 5 59 34 45 11 8 38 15 64 56 34 8 96 83 62 66 55 74 90 91 83 99 58 50 9 71 90 51 92 43 58 16 
35 56 95 47 85 9 9 72 82 74 23 3 43 10 28 55 30 16 43 40 65 63 41 9 72 16 44 6 85 9 80 34 15 88 88 19 28 33 25 95 90 71 72 78 30 36 89 33 23 67 39 2 23 66 60 15 54 2 56 94 97 94 74 36 0 74 45 28 61 6 55 16 18 10 47 68 59 20 43 87 80 91 34 33 4 42 6 31 55 74 98 2 40 88 93 42 34 8 10 87 99 
23 26 7 91 87 24 91 76 25 63 84 98 9 84 21 60 69 93 36 83 68 71 80 97 45 45 69 24 82 60 54 56 40 97 72 77 98 50 94 88 66 49 83 92 89 58 12 46 45 17 68 42 23 85 26 58 41 95 77 65 16 96 6 22 17 0 19 12 82 85 69 13 23 98 18 72 34 79 93 41 15 77 56 44 6 23 8 61 16 59 81 77 40 64 72 97 80 57 42 41 30 
56 55 49 62 80 23 21 73 73 72 42 11 37 41 68 79 57 54 96 11 25 21 83 66 62 86 21 33 8 38 41 28 23 50 74 8 31 87 24 43 85 47 33 70 10 62 50 52 77 87 53 84 71 85 60 34 52 70 75 22 26 32 10 69 48 53 0 93 21 43 55 53 14 83 61 46 93 75 63 31 73 54 32 45 42 36 48 9 31 4 61 62 5 40 25 11 52 43 7 34 97 
81 60 45 41 11 63 31 95 18 13 6 20 82 36 55 96 23 79 99 7 7 7 52 6 66 16 2 9 38 12 12 43 71 13 94 71 51 93 44 99 54 10 15 37 25 50 98 92 21 29 83 83 65 57 52 35 7 59 11 64 39 71 49 42 63 7 98 0 3 76 83 3 37 6 49 91 97 70 99 29 79 95 80 31 34 51 43 87 68 60 88 28 41 86 96 45 48 56 12 16 21 
98 12 58 1 32 57 31 45 61 56 14 37 51 48 59 94 52 50 71 77 72 37 19 21 65 85 79 52 9 76 72 64 97 53 4 82 62 14 64 91 71 41 97 6 40 93 21 78 5 27 50 24 75 29 1 53 95 84 46 36 42 47 46 85 58 1 26 96 0 3 10 34 4 54 25 35 29 43 84 50 65 63 22 40 81 68 6 1 59 56 86 67 99 98 14 78 34 98 80 62 37 
91 10 72 67 26 83 81 8 11 15 86 8 24 19 65 38 43 6 51 96 80 30 3 79 20 61 37 10 63 71 59 80 62 31 32 98 58 52 29 38 83 23 90 4 48 66 27 55 24 35 96 5 37 22 61 85 46 72 30 46 77 7 32 86 34 23 47 6 20 0 33 94 57 36 32 4 58 9 95 45 47 58 23 53 31 95 21 92 30 76 68 79 70 54 65 8 5 20 95 97 62 
53 16 7 94 52 21 29 65 1 62 18 16 25 34 42 45 53 90 5 1 24 58 91 47 37 77 94 15 7 3 79 98 53 95 57 23 37 14 51 27 47 8 81 49 19 66 80 63 1 38 77 71 28 30 18 9 85 9 67 28 94 52 37 69 75 85 7 37 64 86 0 90 64 90 60 86 36 2 86 76 52 19 15 85 70 1 84 41 71 40 50 7 34 67 77 67 74 18 56 89 95 
86 64 62 3 20 36 55 64 61 65 84 6 35 52 78 85 64 6 8 19 69 20 58 21 68 4 31 6 92 98 94 35 96 2 95 29 57 49 15 43 31 8 37 65 47 53 24 70 51 94 12 61 79 73 22 92 67 72 52 65 48 22 52 41 46 77 99 92 70 55 93 0 39 24 4 50 62 65 63 97 74 64 40 64 50 62 89 29 7 49 96 19 95 67 78 69 56 48 26 63 86 
39 17 99 74 5 62 64 54 81 36 6 34 48 13 42 29 31 27 62 30 54 73 81 30 2 19 88 28 55 92 84 49 48 20 57 13 21 56 32 15 42 34 41 67 72 13 39 43 88 14 3 57 53 82 52 60 11 28 35 69 21 87 53 13 1 74 37 20 97 30 73 55 0 54 39 5 97 17 28 22 5 42 10 12 39 22 28 18 32 68 29 20 50 21 61 83 40 33 43 57 61 
32 58 85 47 63 73 83 61 68 72 89 45 65 18 10 7 65 31 99 50 19 93 69 56 53 79 44 65 62 36 52 36 62 95 33 61 11 76 64 79 6 44 62 75 52 7 48 35 15 96 86 64 66 67 2 45 4 42 34 88 52 72 28 7 43 96 62 6 99 37 68 64 54 0 44 59 65 71 49 18 47 17 7 77 19 41 7 47 33 53 9 80 7 71 72 34 70 25 3 39 29 
19 10 68 72 57 56 44 74 74 88 7 42 18 1 83 82 75 3 54 52 32 49 63 15 72 13 32 42 68 11 39 54 71 9 17 43 67 92 27 96 55 77 11 60 53 8 61 10 58 95 82 91 77 88 30 24 21 35 10 78 96 36 59 86 19 27 50 79 72 5 58 79 11 82 0 38 69 81 57 61 42 60 79 85 85 16 36 14 73 27 81 23 31 84 64 61 57 49 24 45 26 
64 68 97 86 5 25 38 31 53 92 80 88 56 62 50 86 35 88 62 61 85 63 77 25 70 30 13 59 57 29 94 8 58 49 36 48 89 57 60 89 71 25 30 47 31 94 12 15 40 30 33 11 66 10 10 44 90 72 38 52 21 97 24 8 3 98 42 11 70 80 60 88 82 73 95 0 27 43 18 91 65 30 9 4 22 26 95 3 45 5 18 15 58 87 31 18 77 93 28 67 89 
28 44 52 4 66 97 62 85 64 68 79 74 80 62 16 97 13 81 11 99 26 41 34 23 95 87 95 16 64 60 83 58 31 22 73 87 19 42 47 60 47 14 50 89 92 52 15 59 21 3 82 1 76 29 62 32 49 43 60 50 43 54 4 22 95 1 4 21 42 23 95 99 21 41 43 80 0 6 46 50 67 40 72 75 84 11 70 29 5 74 54 75 80 34 27 58 26 17 97 52 79 
51 95 75 88 94 82 81 90 84 95 44 70 31 37 17 25 78 4 31 39 64 6 49 60 34 24 39 77 80 17 25 67 66 90 53 33 9 39 72 9 52 21 99 85 28 42 62 90 37 14 36 28 86 27 47 95 97 38 32 28 2 9 92 93 48 82 38 52 31 15 4 96 18 99 82 8 32 0 28 91 12 14 87 39 81 24 9 32 65 54 13 10 63 19 2 23 79 28 74 93 70 
40 28 93 16 12 23 42 88 36 97 7 66 23 42 57 24 70 22 87 35 54 25 96 38 34 52 33 72 83 35 45 91 91 96 93 77 82 88 32 49 18 46 65 20 39 15 27 26 62 53 40 62 86 81 75 94 17 27 38 23 96 46 60 21 20 28 55 53 54 17 64 98 16 69 27 96 91 66 0 96 91 38 55 76 55 44 98 72 64 51 44 65 69 49 11 51 31 97 85 31 17 
95 84 19 60 53 66 47 74 38 85 8 2 37 31 28 32 24 75 47 29 16 50 62 15 46 44 3 92 19 58 35 20 4 46 40 46 7 61 22 57 65 80 13 96 4 14 94 74 51 9 34 56 1 43 92 60 49 12 22 89 35 48 46 18 14 78 26 65 54 63 8 44 75 38 79 69 98 26 58 0 56 88 7 58 50 82 60 82 84 23 89 29 39 12 73 10 25 31 97 38 7 
82 83 43 88 1 68 95 73 65 38 37 42 56 31 22 12 9 24 66 7 77 23 97 36 11 5 73 59 12 45 41 17 84 78 65 75 63 64 58 96 1 32 79 57 23 25 23 87 29 54 69 37 50 47 3 58 26 65 70 95 31 9 11 86 99 74 99 15 49 21 10 9 67 75 92 73 58 74 72 66 0 1 84 38 43 94 25 97 31 99 64 66 30 32 42 71 73 92 20 5 27 
30 45 39 78 76 26 5 99 1 4 88 20 48 91 71 58 72 45 81 78 96 55 13 75 9 46 13 45 77 99 1 97 42 48 21 18 19 31 6 62 28 47 87 93 97 23 58 81 17 55 84 61 28 93 64 14 1 41 16 2 68 15 51 77 46 35 38 19 10 35 2 57 72 70 10 68 2 66 36 92 4 0 80 80 62 58 14 97 61 21 52 1 93 2 25 38 26 73 17 90 21 
3 44 56 88 8 28 20 74 27 84 50 77 70 82 48 18 4 23 44 27 28 80 88 45 42 54 42 53 82 83 55 92 5 17 43 31 74 2 89 46 71 55 9 40 50 26 43 16 50 14 28 45 50 26 38 5 92 54 30 41 98 22 84 31 65 40 97 1 38 34 15 69 7 84 95 2 39 89 5 11 39 63 0 44 71 86 46 40 96 3 24 40 88 73 95 55 36 37 12 66 10 
94 11 99 29 21 67 13 57 47 89 69 85 54 54 70 58 18 64 80 62 32 43 86 70 37 76 60 12 78 62 24 78 56 52 55 53 56 23 84 59 96 89 68 75 14 2 47 60 32 11 39 65 86 70 97 69 36 44 93 14 68 18 38 82 82 33 31 6 68 64 81 9 10 79 17 1 46 84 35 59 41 53 73 0 14 42 85 91 31 26 91 63 24 59 95 18 49 50 63 66 98 
57 54 29 70 37 62 21 7 42 2 52 26 36 29 35 14 99 60 99 62 24 6 37 16 32 64 43 22 79 89 66 55 53 94 77 6 88 28 84 30 61 9 93 59 23 79 70 99 31 52 9 27 62 26 94 4 41 82 6 49 84 13 41 96 54 39 48 5 19 32 95 74 98 51 84 66 39 61 26 92 66 47 13 34 0 15 6 25 49 78 13 55 65 14 30 58 54 69 34 55 56 
17 34 34 14 36 56 56 72 43 16 80 48 43 37 9 47 59 58 77 48 42 76 98 61 51 72 8 49 66 25 85 18 85 52 54 71 83 67 75 11 61 85 66 38 28 25 64 16 85 91 96 95 50 37 28 32 49 42 34 43 11 58 85 42 74 33 43 39 48 23 95 12 33 77 7 81 39 31 20 30 9 2 67 80 48 0 13 56 99 38 83 7 30 28 7 57 76 55 5 34 50 
88 96 71 23 84 22 46 72 78 55 58 20 26 79 53 87 22 41 4 57 75 89 65 14 23 97 24 38 92 55 8 89 26 43 86 30 2 80 21 47 29 87 22 74 68 81 66 33 84 52 72 27 87 3 29 45 8 45 30 73 80 16 72 89 11 97 15 56 73 37 89 10 60 85 85 72 19 98 26 38 27 64 60 30 83 66 0 81 30 48 95 92 45 45 30 6 11 22 42 81 16 
3 35 54 12 59 69 43 47 32 80 33 54 46 56 26 77 66 34 29 17 82 1 3 19 87 21 6 24 96 43 39 6 7 49 31 10 26 23 21 4 21 22 79 33 46 48 3 22 78 1 56 11 95 16 26 85 9 84 70 96 83 59 44 63 80 14 95 60 84 41 73 57 58 90 34 55 67 10 93 85 35 46 25 80 58 49 93 0 51 44 59 53 95 11 36 85 74 52 22 83 26 
75 31 3 96 66 69 85 28 60 63 7 55 72 56 91 59 11 88 80 48 97 40 98 19 54 88 54 12 31 70 52 74 58 62 70 53 64 18 78 41 95 53 51 10 48 30 62 56 92 76 78 93 96 44 94 4 49 18 2 17 17 86 97 63 57 58 65 65 21 10 7 46 99 79 3 15 60 13 66 55 3 78 12 72 73 41 13 16 0 2 91 52 66 88 52 37 79 7 41 95 63 
21 23 79 22 81 87 8 84 70 96 11 54 73 54 30 13 8 26 29 43 36 68 35 94 90 64 54 91 23 34 49 77 62 28 48 24 1 24 96 26 61 73 14 38 32 49 57 83 24 80 92 33 7 39 62 59 75 8 33 24 60 29 98 55 50 80 39 8 79 95 87 63 96 37 57 83 46 39 49 55 6 2 6 64 60 54 26 93 78 0 88 53 21 12 79 46 35 6 59 37 90 
59 9 56 47 46 51 12 39 73 46 42 99 42 61 39 39 31 52 94 43 88 37 6 72 67 73 73 73 57 99 33 38 16 6 11 52 87 27 18 6 74 76 60 60 93 34 89 13 38 28 36 26 71 46 55 46 87 22 63 45 95 44 1 90 78 35 24 73 74 57 94 68 36 24 11 85 21 82 57 50 68 38 42 35 64 57 83 3 79 13 0 49 42 44 37 90 35 94 1 39 2 
36 5 86 69 63 86 66 26 39 59 45 1 84 95 56 90 25 12 92 36 15 75 14 5 50 61 55 36 29 25 25 6 40 34 52 21 92 47 41 59 52 92 92 23 64 87 54 26 46 39 58 36 82 42 43 65 75 48 66 46 50 10 1 57 81 78 9 92 33 49 84 21 26 57 82 72 88 77 87 68 66 71 38 99 85 26 91 12 52 96 18 0 30 62 82 55 6 67 46 84 35 
19 52 79 8 32 75 6 30 15 22 57 74 11 37 50 75 91 94 76 72 19 43 99 91 39 30 73 44 79 80 29 48 48 8 96 67 28 23 20 21 75 81 17 64 28 58 71 26 13 3 60 20 84 48 94 78 84 97 26 92 14 82 29 57 75 28 84 50 49 56 19 6 47 88 70 6 12 56 65 21 54 99 77 93 41 79 64 89 71 68 93 95 0 3 8 68 83 81 10 70 72 
19 90 16 99 42 94 11 44 38 98 82 15 82 47 88 63 55 70 28 96 77 20 2 62 79 61 72 8 96 51 83 41 45 7 87 67 78 95 6 50 91 70 35 28 39 27 74 51 32 66 40 59 64 7 8 48 8 42 82 80 14 88 13 9 93 65 11 44 40 38 46 62 4 19 1 41 89 21 14 41 3 87 49 67 57 69 82 88 32 54 80 79 60 0 79 12 53 83 29 24 94 
83 73 32 53 73 67 38 70 45 21 24 55 4 82 19 12 44 75 59 88 3 49 74 28 57 22 23 26 33 12 43 12 85 59 73 52 31 7 29 3 80 22 5 93 3 6 39 18 61 92 95 71 51 26 70 47 18 88 27 3 33 42 76 90 65 37 47 22 75 7 20 98 42 79 83 43 15 71 54 44 40 77 13 7 9 83 12 78 99 86 50 69 46 18 0 26 25 23 76 69 38 
49 10 15 53 49 67 93 27 52 12 10 60 58 59 95 3 32 75 32 43 91 34 25 85 40 99 70 86 42 77 51 79 61 87 70 64 50 97 56 12 93 42 20 45 14 68 57 14 88 83 58 13 81 33 87 74 38 82 22 72 1 69 61 31 37 63 28 24 16 22 86 68 49 87 58 30 42 36 98 73 13 69 18 69 1 46 92 92 75 18 95 75 43 39 32 0 35 96 21 97 46 
96 64 80 81 35 10 16 5 39 40 81 54 67 46 21 10 13 41 44 25 19 69 18 97 55 11 17 24 36 9 28 67 67 97 64 28 18 24 23 77 13 70 11 74 68 3 97 96 25 4 29 37 99 48 24 47 72 15 14 78 93 34 74 46 23 21 58 76 38 99 18 70 63 88 25 71 66 41 93 84 21 96 45 93 54 84 29 55 52 57 16 44 9 57 94 25 0 62 76 73 11 
24 40 67 39 7 89 37 42 58 9 40 89 20 61 15 28 16 59 40 45 7 63 58 9 43 65 86 11 86 40 34 50 41 80 99 65 4 1 62 34 5 70 25 9 33 45 76 53 18 92 32 76 97 50 67 3 69 2 20 91 42 90 24 12 6 76 92 57 63 70 51 62 48 74 19 22 86 37 1 52 64 83 79 66 45 71 47 59 42 94 36 42 3 49 54 54 70 0 71 44 65 
34 8 1 37 92 1 16 46 84 24 55 86 80 98 86 7 86 74 41 88 84 48 60 66 41 63 10 13 42 95 8 1 88 80 71 59 60 5 67 16 55 11 65 30 52 97 68 19 87 8 76 71 19 33 50 6 48 73 75 96 82 24 43 42 97 71 16 12 65 7 62 41 93 69 29 39 9 38 52 14 7 33 6 8 98 28 70 61 43 82 97 43 9 68 68 78 74 62 0 54 10 
33 87 88 79 10 58 75 34 41 38 44 76 82 82 46 26 79 62 94 99 23 68 9 63 43 91 85 99 26 68 25 32 24 22 57 82 11 92 6 39 13 4 92 83 19 15 19 45 68 45 86 71 58 94 82 10 82 91 18 28 2 14 14 44 58 11 73 54 29 27 60 20 30 97 90 64 54 42 5 76 92 40 17 27 32 32 29 83 6 21 29 55 57 98 71 43 77 19 25 0 7 
85 20 7 62 36 12 39 86 36 65 31 1 20 55 3 48 52 54 55 70 84 46 88 26 51 17 8 69 61 2 14 25 22 11 27 19 12 14 36 87 81 2 54 85 57 46 16 62 6 93 82 46 63 99 44 64 94 88 36 77 2 99 87 29 35 62 84 86 85 25 12 69 9 93 76 81 66 10 21 19 87 76 93 18 56 28 21 27 63 37 17 91 61 96 43 78 25 35 62 92 0 
