n: 100
m: 6
Pi:U[1-99] 49 89 17 55 58 8 40 4 11 3 62 46 47 14 60 31 73 81 3 23 91 13 68 94 6 99 8 97 40 40 7 31 52 19 19 34 52 4 34 18 72 11 19 33 44 80 90 41 39 44 86 2 77 98 7 41 49 43 67 18 11 49 21 57 9 16 67 18 61 61 64 36 57 57 84 97 1 57 11 89 66 79 39 61 48 46 89 17 33 16 93 83 97 59 78 45 12 11 99 1 
Si:U[1-99]
0 50 39 21 57 23 10 20 41 58 84 99 24 67 30 94 70 7 99 99 73 99 28 97 18 99 31 99 82 90 96 25 99 31 99 82 15 99 39 99 87 64 99 64 93 99 69 99 99 99 54 99 96 99 99 48 99 37 33 99 99 39 54 99 88 9 99 27 52 21 58 99 99 69 82 49 99 49 28 70 81 25 10 61 87 27 67 99 99 42 99 84 25 79 72 1 49 52 43 88 99 
26 0 37 14 31 22 10 59 27 31 58 39 55 84 88 69 39 99 99 66 99 31 99 46 99 33 99 99 99 99 1 93 99 99 37 99 99 99 64 33 36 30 31 45 99 19 99 99 99 99 99 99 58 99 99 93 99 22 27 99 18 51 67 99 99 93 99 99 76 12 24 4 99 84 99 99 39 78 4 99 99 7 79 99 82 99 37 64 4 25 30 99 87 61 99 99 99 91 99 18 94 
46 27 0 56 6 65 6 62 14 14 31 84 99 99 85 99 99 99 73 99 82 21 13 12 72 33 9 7 30 46 64 99 99 67 82 99 99 99 96 99 99 99 12 21 99 21 4 31 88 99 42 99 81 27 85 99 99 78 1 99 22 88 40 99 94 45 99 60 99 99 99 63 99 12 99 99 97 52 88 63 85 43 64 54 46 27 99 75 99 7 9 18 99 21 79 99 69 84 84 28 93 
26 58 14 0 14 20 43 38 38 53 99 99 99 99 94 90 99 15 76 73 99 91 22 12 91 82 82 9 99 99 10 99 99 49 99 99 10 67 42 99 99 99 9 40 42 63 97 97 78 16 99 42 25 99 76 9 99 34 99 87 99 91 99 6 99 99 43 4 70 24 81 99 28 99 99 30 99 12 72 70 99 28 99 99 99 99 13 58 48 99 79 99 84 22 99 24 33 67 82 48 79 
6 20 8 54 0 40 60 32 2 16 87 30 3 19 64 9 99 7 46 99 99 99 99 99 31 16 78 99 99 42 99 70 99 99 19 99 10 48 12 42 99 30 87 21 15 12 82 31 99 48 72 37 97 66 99 52 99 81 27 78 73 81 91 82 51 19 99 99 16 69 99 88 42 52 99 58 58 99 99 99 39 99 99 60 6 57 99 99 99 64 99 28 99 99 99 42 60 19 36 31 82 
65 64 40 17 4 0 64 50 44 62 69 99 85 82 61 39 99 99 99 49 30 79 93 28 99 85 97 99 64 84 99 66 73 70 99 99 99 99 99 99 88 4 78 99 48 31 18 99 13 63 40 34 51 81 93 30 96 31 7 4 99 19 99 54 6 36 69 18 31 99 15 99 99 7 99 99 34 90 69 99 66 99 73 99 99 99 3 81 42 31 28 76 42 79 10 99 58 52 27 84 99 
32 18 25 23 22 26 0 49 48 53 99 99 54 9 18 99 49 57 22 22 99 99 19 49 45 99 85 39 6 63 31 99 37 99 76 7 99 99 7 57 99 39 42 42 60 51 99 37 82 99 39 93 99 39 57 16 99 60 96 24 1 1 9 39 99 99 99 99 21 25 99 84 99 99 72 30 72 37 18 84 30 99 1 82 22 45 73 99 9 97 99 42 15 99 99 64 28 99 1 6 36 
33 36 21 60 61 35 14 0 45 62 40 54 99 99 99 22 40 30 99 99 99 63 87 99 99 99 99 99 52 99 99 3 1 34 99 9 97 21 51 24 51 85 99 88 73 73 18 81 93 99 99 99 78 99 73 99 96 36 31 36 72 99 54 99 99 4 96 36 99 99 42 99 84 3 94 78 4 15 64 76 99 30 99 49 94 18 7 34 99 99 97 15 99 15 99 81 46 82 82 93 36 
19 57 59 15 42 27 24 8 0 22 28 99 10 31 99 99 90 99 25 70 13 99 24 61 99 36 99 69 49 96 79 99 99 76 93 40 85 34 99 99 1 99 52 69 22 99 18 99 49 99 85 79 60 99 21 99 94 54 51 45 99 99 61 72 99 99 82 76 99 12 45 37 30 15 99 97 87 31 99 99 67 99 94 43 99 99 25 99 28 99 54 57 99 4 27 97 91 99 25 99 15 
39 37 21 30 47 53 54 47 34 0 72 90 25 99 24 99 52 99 57 99 99 99 16 42 99 78 99 88 21 99 63 46 99 1 66 40 99 99 85 34 91 18 10 28 99 85 19 55 99 82 85 99 28 39 99 99 36 37 96 37 46 22 70 99 99 99 99 37 99 99 99 99 78 94 99 66 52 52 79 99 96 18 61 67 99 7 99 66 12 99 99 16 55 7 4 99 85 16 81 1 99 
99 67 99 39 48 73 58 49 37 67 0 57 54 31 13 16 60 1 36 12 90 9 99 34 99 99 99 99 40 1 99 12 15 67 27 48 99 99 99 19 64 42 99 99 75 18 67 13 76 99 3 88 99 99 99 91 90 67 99 99 30 6 99 99 81 1 60 67 85 99 99 72 99 33 91 25 1 12 45 52 72 52 3 1 99 67 84 7 21 99 39 99 70 48 16 22 72 99 64 82 76 
99 99 99 99 94 87 60 52 34 96 50 0 63 52 20 44 63 10 54 16 28 52 15 99 19 99 37 78 15 99 18 99 99 99 79 99 99 99 90 99 99 85 99 90 64 99 99 99 96 19 66 40 76 22 9 81 31 57 10 15 99 69 70 99 96 49 70 99 72 57 99 84 99 99 55 97 31 69 73 99 43 99 51 36 12 99 99 78 12 45 70 99 99 72 85 40 22 15 25 3 99 
84 31 88 49 99 99 99 99 97 70 1 45 0 26 20 35 52 28 63 24 99 45 1 55 30 99 99 99 72 99 22 66 15 99 99 99 99 99 48 99 18 57 85 99 54 99 73 64 84 39 99 66 55 66 99 99 66 99 21 58 99 7 1 4 99 28 61 27 16 93 99 99 99 54 72 99 75 99 99 58 99 51 76 93 43 99 99 60 99 4 99 99 99 99 36 22 25 88 99 82 25 
99 43 30 46 99 99 10 99 19 43 60 15 46 0 9 50 64 12 36 14 99 99 99 99 99 10 69 99 94 42 99 99 58 79 60 55 63 54 18 63 99 99 99 99 99 94 25 97 99 66 99 99 60 33 51 99 76 28 66 99 87 10 99 34 99 31 99 43 18 99 10 99 99 15 99 99 87 94 66 6 99 99 76 79 22 99 78 97 55 10 96 48 52 60 76 99 10 28 99 99 99 
10 1 9 99 73 21 99 7 99 99 36 35 43 6 0 50 57 35 41 52 99 46 46 99 31 79 99 46 9 25 96 15 48 99 58 22 99 67 13 9 78 93 70 49 13 58 27 10 99 10 58 93 99 7 18 18 99 1 16 99 28 61 33 99 99 49 70 99 15 15 99 33 55 18 99 99 51 39 87 22 99 99 99 97 99 63 43 99 24 78 94 25 99 99 4 73 9 99 54 88 7 
99 54 18 10 99 99 99 21 7 99 31 37 50 38 49 0 22 35 6 61 18 99 45 99 99 99 4 10 79 15 76 52 3 33 73 58 82 99 99 99 24 99 99 51 22 16 99 99 99 99 76 19 99 39 99 99 69 7 72 37 57 1 99 99 54 84 76 13 99 82 57 99 66 99 91 49 66 99 99 76 36 40 99 99 58 99 46 99 30 73 99 66 91 61 27 70 60 99 99 99 61 
99 27 91 15 99 85 51 70 99 63 17 27 18 1 24 4 0 12 30 11 61 91 99 4 69 69 31 7 72 99 3 93 79 93 42 45 93 57 99 31 99 48 99 70 99 79 37 28 72 93 63 9 64 46 99 46 99 57 88 67 57 99 99 99 57 99 99 12 3 61 99 13 99 16 27 99 24 82 90 99 99 99 99 16 37 57 25 10 78 99 99 69 99 99 84 19 30 36 99 12 85 
99 99 63 21 30 51 99 15 24 99 18 36 45 17 8 22 7 0 8 14 99 99 21 37 4 96 24 99 81 99 99 15 61 51 99 99 27 99 99 42 42 22 99 87 55 66 72 55 52 24 73 99 97 55 99 36 54 7 75 7 28 99 99 46 55 27 69 60 81 99 99 21 63 91 18 7 94 13 46 61 93 33 99 99 99 31 99 99 22 91 99 99 99 99 99 99 96 99 99 78 99 
99 99 87 66 99 48 48 43 99 99 30 47 28 25 2 10 52 36 0 65 34 48 51 99 67 94 99 16 58 67 22 67 97 66 46 69 21 78 54 25 45 99 99 99 15 82 79 60 84 94 99 48 93 13 1 78 67 99 39 99 99 99 99 99 22 36 99 99 9 40 15 85 99 3 91 67 4 22 76 99 99 99 99 99 54 21 3 18 54 33 99 99 42 99 45 99 87 61 99 99 82 
99 99 28 99 82 99 46 22 75 99 12 7 6 60 32 59 19 25 54 0 58 55 48 25 99 3 99 99 87 75 99 70 31 99 99 99 48 99 73 99 99 3 99 1 99 25 99 72 93 91 15 99 99 4 96 99 99 99 67 28 66 99 73 24 43 22 99 99 19 19 10 10 99 4 99 28 73 99 99 99 39 99 79 70 22 42 39 82 99 60 43 99 99 99 99 99 72 6 48 93 24 
43 99 34 31 21 31 66 81 99 99 51 93 85 87 99 52 99 10 73 99 0 27 13 36 5 49 64 63 23 41 1 1 48 99 43 72 30 99 31 28 99 99 99 81 22 99 85 84 48 69 99 63 54 43 99 10 99 4 99 87 22 99 76 99 33 28 99 99 43 99 64 40 94 99 99 51 19 66 16 99 67 99 99 51 27 81 99 99 37 85 99 99 66 58 99 16 70 31 72 9 61 
18 39 99 45 99 48 72 78 99 99 81 99 99 12 99 99 40 84 9 48 18 0 9 58 3 8 14 44 45 56 12 96 64 64 99 81 99 16 18 21 99 78 42 99 66 82 99 27 99 99 64 13 99 61 27 99 99 28 73 54 36 87 57 10 99 3 81 99 97 45 99 49 99 51 13 78 99 99 46 52 99 73 76 99 70 28 99 48 99 99 27 99 16 70 99 45 73 99 99 99 99 
93 43 66 4 99 64 76 99 60 58 75 45 6 99 99 24 64 93 13 99 4 33 0 13 40 8 18 30 8 32 99 99 60 4 72 57 99 99 88 91 19 96 90 84 99 99 99 39 73 39 99 99 99 99 6 10 85 72 9 99 99 27 70 22 30 16 85 13 48 99 58 72 52 16 63 88 76 70 82 66 99 99 22 18 97 22 43 54 99 51 7 19 54 99 99 99 36 99 33 99 16 
99 40 99 99 7 48 99 1 12 48 99 99 58 6 99 97 52 39 99 1 23 10 43 0 55 42 32 52 54 43 39 97 6 85 99 40 91 99 99 12 99 99 66 69 79 33 99 99 99 3 99 99 99 87 19 70 94 99 99 99 82 99 99 84 96 99 99 93 99 4 99 99 75 76 99 99 99 99 99 99 70 63 37 48 99 87 99 82 54 88 99 33 99 13 66 99 87 58 42 85 45 
87 10 60 13 28 84 97 64 10 99 63 99 87 99 28 99 4 18 64 70 35 42 12 62 0 47 22 10 46 10 99 21 99 7 27 7 27 55 99 3 48 99 99 88 79 46 99 99 75 54 31 99 66 64 55 57 43 81 16 25 99 52 19 85 15 99 99 99 39 99 99 12 21 99 99 99 9 99 99 99 99 3 99 12 97 63 94 7 99 99 69 3 99 7 58 99 99 99 16 72 99 
99 46 94 72 99 81 9 93 67 99 99 57 85 3 76 99 99 13 99 99 29 12 63 46 59 0 66 16 42 0 99 99 48 24 99 99 99 27 37 88 30 57 99 99 70 16 99 99 99 85 43 99 99 64 99 75 99 99 96 99 99 69 91 16 99 6 48 18 6 99 24 28 99 67 61 51 67 91 73 9 97 22 85 39 69 88 51 99 94 99 99 99 13 76 31 90 75 84 60 99 70 
46 93 15 99 99 3 18 13 99 99 99 99 78 99 12 99 22 99 43 99 19 32 36 51 20 23 0 18 37 44 24 28 73 99 78 99 36 7 73 90 99 61 27 91 99 99 9 37 16 99 99 16 99 49 10 99 25 97 7 52 99 82 99 99 58 46 99 91 25 63 15 67 18 42 67 45 94 48 70 84 34 99 99 37 48 78 99 9 36 63 99 99 99 3 54 69 43 25 99 90 99 
99 54 99 99 99 3 12 99 82 54 99 45 85 99 25 55 73 94 33 27 24 66 26 28 64 26 42 0 34 38 55 70 42 99 19 49 57 99 79 63 31 99 88 61 90 61 99 49 99 99 99 16 90 9 36 73 99 94 99 12 37 99 25 96 99 51 82 43 85 88 84 52 70 82 4 99 42 60 61 99 99 99 99 15 88 91 63 97 10 34 39 99 99 67 6 99 99 13 99 99 10 
99 13 99 69 99 52 99 93 67 73 99 33 99 99 99 21 99 36 99 19 1 56 66 47 30 61 40 20 0 14 88 99 75 33 13 37 39 51 76 99 99 99 3 40 81 99 91 99 40 49 58 99 99 99 27 85 73 27 99 99 30 99 79 73 94 67 90 99 99 99 99 81 99 99 99 61 63 82 30 3 60 99 99 1 99 99 99 99 99 28 99 99 45 45 99 99 63 66 49 99 61 
30 27 99 64 24 96 3 99 52 10 94 75 63 87 13 78 78 99 88 99 4 34 64 40 7 38 18 58 63 0 99 99 55 99 99 63 99 88 37 76 66 99 15 48 78 66 99 67 36 99 66 43 99 42 72 43 64 99 48 76 67 73 99 99 84 64 55 42 69 99 99 16 91 99 9 64 21 99 12 37 3 78 82 37 48 99 99 99 99 85 40 51 15 99 61 99 99 99 99 97 4 
33 99 99 99 66 84 22 31 99 94 49 13 84 99 90 76 60 81 99 21 73 39 97 99 16 79 42 70 9 99 0 60 9 40 47 10 14 64 30 54 99 99 1 99 72 99 76 99 18 30 99 31 99 12 99 22 84 15 67 99 99 61 99 79 99 99 99 43 99 87 99 79 81 51 34 64 3 12 70 46 99 87 22 43 99 46 48 40 69 6 27 64 70 75 87 99 99 36 99 52 49 
99 72 13 52 45 67 36 45 40 99 18 99 49 55 99 84 3 93 99 40 99 60 82 3 55 31 60 99 94 99 61 0 34 8 57 44 8 40 2 59 7 99 3 75 76 99 99 49 81 7 51 6 99 99 37 57 99 60 10 99 90 82 37 99 99 99 43 25 70 82 99 19 99 99 99 52 57 99 87 94 99 99 99 99 13 75 36 67 99 99 10 88 99 99 10 58 99 99 63 99 66 
54 3 30 3 99 6 28 66 99 15 60 82 31 6 34 10 99 13 28 78 99 99 99 93 99 78 87 99 85 99 26 46 0 58 2 48 17 9 26 23 97 99 48 99 93 27 96 67 99 79 19 72 99 10 99 84 54 12 42 28 99 12 21 4 84 13 99 82 88 27 22 78 46 60 90 10 79 99 99 30 7 99 21 45 9 99 54 66 85 73 52 99 7 99 39 97 84 99 51 99 79 
1 34 87 33 33 13 81 15 31 42 13 9 51 28 3 99 52 99 45 39 31 99 10 1 55 90 91 64 60 99 22 30 24 0 39 66 34 20 36 36 99 16 19 10 61 45 15 94 12 99 22 33 45 69 73 99 91 57 97 93 99 21 42 6 28 39 49 99 25 60 9 99 30 90 4 34 99 28 7 9 96 84 81 34 82 39 43 49 84 99 73 99 3 99 99 97 99 99 72 30 15 
33 78 27 99 1 7 16 76 76 69 31 99 99 99 99 24 99 99 87 79 75 15 48 99 99 91 43 90 99 97 65 10 10 51 0 64 32 19 24 40 64 16 99 99 30 99 24 31 99 85 99 9 99 88 76 22 19 4 99 67 22 13 78 30 63 99 51 94 99 67 99 34 99 54 78 15 9 99 99 51 67 99 58 78 99 27 72 15 99 45 99 99 30 64 99 99 16 99 46 99 67 
99 99 9 99 51 97 1 99 69 99 40 28 55 99 99 99 24 99 99 63 19 69 6 42 99 13 21 3 24 70 31 54 24 58 19 0 14 3 10 1 99 73 36 54 99 99 99 81 51 99 99 99 96 99 93 99 36 99 99 7 1 99 99 33 9 30 57 99 33 43 99 22 99 82 99 99 66 99 96 76 21 51 78 48 99 99 27 3 99 22 66 39 67 99 46 45 99 25 99 78 88 
96 99 82 10 72 3 99 99 49 99 15 99 99 3 99 58 72 94 10 67 55 7 72 99 18 99 99 99 99 66 52 12 0 2 36 14 0 16 50 58 31 91 84 18 75 22 31 18 4 31 81 99 66 33 99 19 79 99 21 99 99 61 54 99 99 99 78 88 18 99 15 28 46 4 49 52 63 99 60 46 52 13 25 61 94 30 64 42 99 99 61 72 99 39 37 99 19 1 22 78 99 
64 70 25 99 31 55 99 99 84 22 9 37 79 75 67 6 30 37 99 82 75 19 1 79 67 93 99 22 99 99 32 15 47 5 14 9 39 0 20 5 49 99 51 64 97 1 40 33 69 99 99 4 99 99 99 25 99 33 64 70 79 67 99 30 78 99 40 93 99 75 99 93 33 99 99 99 63 48 18 99 99 12 27 30 33 81 1 85 99 69 99 99 70 99 10 36 18 78 88 21 51 
99 7 28 69 19 24 99 54 33 39 72 82 73 15 13 69 36 90 36 34 99 99 21 99 78 78 99 99 55 21 50 34 44 22 51 56 42 59 0 19 58 99 99 96 45 45 99 31 87 37 99 33 99 13 37 58 99 55 54 70 31 69 9 3 52 93 99 99 21 46 99 99 34 67 33 3 33 85 99 73 64 99 99 88 40 97 34 63 99 99 28 27 46 73 40 99 90 1 64 10 52 
99 99 1 21 19 82 81 87 99 99 99 99 99 24 99 67 99 99 60 93 96 36 1 12 82 81 12 33 85 43 6 26 47 3 44 59 51 33 60 0 49 79 99 40 85 4 51 34 18 87 99 78 76 99 1 6 55 13 69 99 69 99 99 99 55 19 99 88 82 36 34 16 28 99 99 18 99 61 99 52 63 99 99 99 90 76 18 90 78 57 99 99 10 21 90 99 99 99 67 90 49 
99 99 88 15 99 16 36 57 99 99 49 72 31 99 99 99 99 99 45 67 4 99 57 28 52 99 99 94 64 72 99 16 99 99 22 94 99 99 15 99 0 38 48 10 23 9 60 54 46 46 99 75 13 81 99 25 99 99 52 42 43 99 18 72 99 15 91 6 15 67 99 4 99 42 90 12 99 99 87 99 54 99 99 99 40 99 21 99 99 91 18 9 7 12 93 30 85 34 15 34 25 
67 4 99 88 99 99 55 79 24 42 72 99 46 69 99 63 99 39 6 93 37 99 99 61 66 24 34 25 99 9 25 99 78 25 94 97 99 19 99 55 28 0 27 58 36 28 33 56 36 19 99 99 52 90 67 99 30 46 28 45 25 45 45 99 99 10 84 99 72 10 13 97 99 1 42 99 57 22 13 19 22 99 19 99 69 99 99 75 99 99 99 99 39 6 7 22 99 75 46 43 67 
99 16 75 99 93 99 18 60 99 30 58 33 36 82 45 49 99 99 82 99 27 99 99 99 15 99 99 99 99 99 33 76 24 16 99 63 76 85 4 18 66 18 0 64 62 30 8 32 20 62 79 99 34 42 66 99 21 48 99 60 7 21 21 67 99 99 99 48 99 93 85 78 40 99 58 99 94 16 99 94 49 30 61 82 99 40 97 99 99 99 99 25 48 3 48 22 7 21 36 31 37 
1 49 28 99 99 33 99 30 28 99 99 99 99 16 72 25 99 99 81 99 99 94 22 99 13 94 10 30 99 99 18 99 24 30 73 18 91 18 81 90 47 17 42 0 55 9 35 23 30 40 99 99 13 99 21 91 4 88 91 67 21 3 99 88 54 91 99 39 28 76 99 45 48 45 52 99 3 90 99 54 19 99 96 52 99 31 18 57 6 70 18 93 91 3 7 46 27 37 99 69 91 
94 27 99 36 99 99 24 99 15 58 52 34 57 99 28 99 99 99 99 99 99 36 33 87 12 76 99 64 99 87 18 97 73 58 46 99 76 16 27 37 54 15 48 46 0 56 5 56 64 2 99 15 24 99 99 66 6 79 70 28 46 99 28 72 84 99 24 84 43 73 99 16 91 99 99 84 90 31 99 99 36 57 76 3 87 15 4 99 1 46 99 39 99 78 9 63 22 84 18 99 46 
99 7 1 99 51 15 99 70 99 22 15 99 13 37 88 42 54 54 1 90 99 78 99 22 73 90 31 4 91 99 97 90 63 45 24 55 57 99 99 99 38 8 27 57 32 0 47 45 47 58 99 99 15 57 99 67 57 51 99 99 99 22 57 99 13 99 70 99 75 99 36 87 34 16 99 24 49 99 99 27 63 99 37 64 22 99 96 69 48 99 67 76 22 15 99 21 91 99 81 27 52 
99 99 33 99 75 99 52 67 73 54 93 99 99 93 99 99 90 99 52 31 99 99 70 99 36 99 99 46 99 40 72 99 54 19 99 79 99 99 99 85 28 56 62 12 62 56 0 28 38 48 99 99 99 99 99 94 99 21 99 99 90 1 19 99 72 64 99 75 99 99 99 43 4 24 63 3 99 99 99 87 64 99 90 85 93 19 87 33 43 90 70 15 55 81 70 99 28 88 64 75 99 
99 54 3 75 58 99 69 78 99 43 4 72 15 99 24 24 99 66 48 69 42 99 99 6 30 99 93 6 99 60 99 99 99 99 66 99 96 6 22 96 35 10 52 58 56 12 5 0 40 31 87 99 78 99 99 39 81 99 34 99 73 93 51 33 99 84 99 64 99 58 22 10 84 99 30 9 27 48 66 12 9 99 24 99 99 99 63 45 99 48 99 12 99 99 99 99 34 99 4 40 99 
99 10 99 16 30 99 55 28 85 6 99 99 99 99 99 25 99 94 97 99 99 99 99 99 79 75 18 3 99 39 99 1 99 99 67 37 57 13 99 24 13 58 40 38 31 58 26 56 0 52 31 76 99 99 78 99 99 67 48 52 58 99 4 99 99 70 99 70 99 99 99 30 39 99 85 99 15 99 76 99 99 46 51 25 81 99 91 99 4 99 73 57 99 39 99 99 31 76 94 70 99 
78 99 18 99 69 99 99 45 99 99 99 99 30 99 99 49 88 99 79 64 99 54 37 30 85 24 99 67 99 99 99 52 37 12 45 99 99 99 99 99 51 4 28 46 25 54 28 36 14 0 99 99 4 9 9 55 84 99 58 63 55 82 99 43 88 99 18 43 34 82 60 88 19 99 99 43 99 99 78 60 37 73 99 24 43 78 99 40 42 61 99 97 36 70 52 54 19 84 6 24 99 
99 12 99 99 6 99 99 57 99 99 39 46 99 91 21 99 96 16 99 99 99 99 87 90 99 99 99 99 99 99 60 43 99 96 82 88 99 91 58 99 99 85 99 6 10 73 12 99 99 64 0 42 12 58 4 40 16 56 16 34 52 1 28 33 7 99 7 15 99 36 99 27 45 99 27 99 97 99 99 49 99 81 99 99 99 99 18 76 24 28 24 79 7 99 34 90 1 99 99 90 61 
52 9 37 99 43 4 88 25 99 13 34 48 99 99 99 57 60 99 99 99 88 1 49 49 79 99 48 93 48 79 36 84 52 99 64 42 99 99 99 66 99 60 99 99 48 55 61 73 82 99 43 0 8 51 9 40 10 7 61 38 99 37 60 99 6 99 99 54 39 99 90 99 99 99 18 76 46 13 87 99 99 36 99 75 52 99 37 64 6 30 99 67 45 78 1 99 99 99 19 54 61 
12 12 99 99 21 99 49 25 1 45 99 88 99 79 99 90 99 99 99 78 99 99 99 19 52 16 99 60 84 10 10 99 49 58 37 3 99 1 99 99 99 99 18 67 48 99 19 99 1 28 11 64 0 47 61 47 53 55 27 2 27 13 15 99 99 99 99 19 7 99 87 45 60 61 85 75 85 40 99 88 43 99 99 90 12 99 99 30 99 34 40 99 99 6 22 19 96 99 99 42 18 
81 99 99 48 76 22 99 97 91 82 30 28 99 73 81 93 49 21 99 40 99 84 99 75 99 73 40 99 66 99 99 22 88 99 73 19 48 54 12 99 99 82 75 99 72 81 99 69 99 99 3 39 20 0 37 58 44 41 27 60 13 99 93 99 99 54 66 46 45 99 63 99 99 99 40 67 85 27 99 99 99 99 88 99 70 52 78 81 99 1 70 99 99 30 82 37 82 99 85 99 9 
96 78 99 31 99 99 7 91 57 79 99 9 99 88 72 61 13 43 99 99 48 99 99 97 76 37 39 79 99 67 55 28 99 45 81 45 19 10 99 99 67 63 34 31 63 33 61 99 42 96 48 50 38 38 0 25 6 26 26 36 99 45 96 42 28 99 73 66 99 76 57 94 99 21 66 99 82 48 99 99 99 99 46 99 99 64 42 99 10 10 3 99 72 93 63 85 4 99 16 61 73 
15 99 73 99 33 30 52 57 90 36 31 18 9 84 99 99 70 22 12 90 99 99 39 51 99 45 37 97 96 66 99 99 99 27 64 43 99 99 85 55 88 7 21 61 33 99 1 28 78 28 14 62 60 32 40 0 4 14 15 38 99 99 1 4 99 99 99 97 63 13 99 91 96 99 13 99 96 99 63 67 61 24 34 99 99 99 30 75 99 28 81 99 99 96 67 27 99 99 99 25 21 
84 99 54 99 99 42 96 25 78 1 42 72 75 9 99 99 58 24 58 99 99 84 78 93 99 7 12 49 99 36 99 87 99 22 79 99 27 99 22 39 99 99 99 13 81 90 99 76 67 45 33 62 35 53 57 46 0 6 40 56 99 88 91 36 79 55 99 76 97 99 27 64 55 1 99 12 3 99 57 39 49 84 99 51 39 99 99 45 7 48 99 46 72 96 99 63 70 49 52 36 19 
45 64 67 31 22 34 45 99 36 99 99 96 99 52 99 27 99 33 99 15 99 78 99 99 99 60 81 60 30 99 93 99 99 99 99 91 76 28 3 99 25 13 99 99 57 45 99 43 94 21 43 34 32 44 10 46 36 0 20 48 33 18 58 36 6 81 99 97 88 99 99 84 60 99 1 48 63 99 91 99 99 99 73 99 84 34 40 99 42 99 99 66 99 99 54 22 99 81 99 1 30 
30 66 70 99 90 6 99 12 99 99 99 7 66 39 99 96 97 99 16 16 13 55 99 99 73 60 94 99 9 54 66 22 28 43 21 99 99 4 75 69 61 61 99 99 12 99 18 99 99 67 38 17 53 18 41 18 42 11 0 25 66 34 66 99 67 99 94 55 99 99 93 33 39 85 13 75 99 46 94 99 30 99 73 25 39 99 37 82 33 12 25 99 79 99 30 73 36 99 10 99 99 
73 99 18 94 79 99 99 3 82 99 99 75 49 40 61 82 67 99 7 10 19 99 99 10 45 6 99 21 42 99 99 85 67 28 76 94 72 52 99 58 90 9 79 99 99 81 54 48 66 79 36 32 29 0 51 66 28 48 8 0 72 99 75 19 99 13 57 99 22 88 99 72 37 99 99 99 18 55 49 13 21 76 99 28 99 40 73 42 36 36 99 99 99 49 28 99 48 52 85 24 40 
34 76 30 99 99 13 99 99 99 55 60 30 99 99 42 99 66 15 99 99 79 55 99 90 66 99 99 10 99 99 99 99 16 3 52 99 30 96 79 99 99 99 99 30 99 99 73 10 6 99 99 99 99 57 43 1 99 79 99 78 0 2 60 37 51 33 38 64 12 6 99 43 31 15 63 99 99 99 52 18 37 99 13 69 7 99 22 64 99 6 78 99 73 99 6 39 75 99 82 93 48 
25 63 99 52 37 99 99 81 37 99 99 40 99 99 31 99 54 57 99 31 13 19 99 99 81 99 99 43 99 94 27 58 48 99 63 99 46 99 30 15 99 4 1 25 99 99 99 9 1 55 60 99 61 94 13 16 51 1 25 99 30 0 11 54 11 52 51 55 46 43 73 99 99 97 99 10 13 99 88 99 73 37 99 97 16 82 99 81 70 99 99 99 93 16 24 97 45 99 7 99 99 
99 96 64 99 85 10 73 91 39 79 99 99 99 88 99 99 99 99 99 10 48 99 48 10 99 52 99 99 9 42 7 9 99 49 49 40 99 94 99 63 73 99 99 81 96 99 3 99 37 99 9 64 99 43 87 99 73 99 99 61 44 42 0 30 38 17 46 28 30 62 31 16 7 99 99 49 28 99 99 99 22 70 24 24 18 70 67 7 76 66 79 37 12 75 97 64 99 99 46 99 99 
94 73 79 99 49 4 99 97 27 99 78 88 9 99 99 45 28 6 16 99 25 99 69 58 96 81 52 99 6 99 10 37 4 61 79 39 30 12 99 69 99 46 12 99 79 72 25 96 79 99 15 99 67 54 48 79 99 99 24 90 55 66 7 0 5 66 32 7 15 42 73 99 99 99 99 99 91 13 30 28 99 33 99 94 70 1 36 39 51 90 99 30 3 25 91 36 72 27 99 99 55 
99 12 70 99 99 85 61 3 10 99 60 99 21 12 81 99 57 81 99 82 63 79 49 61 49 69 99 82 63 79 34 3 99 82 79 99 99 88 46 76 9 6 99 87 58 28 91 99 12 19 1 39 9 1 99 33 99 3 63 93 29 23 12 28 0 40 4 62 50 40 82 73 99 99 37 33 51 93 87 99 66 97 31 82 99 4 99 46 72 99 84 99 19 99 72 1 72 99 49 34 99 
16 99 99 97 3 99 43 90 64 58 40 72 6 99 99 99 99 99 39 91 99 45 99 99 93 99 37 90 99 49 28 99 99 42 63 1 25 15 99 10 99 88 72 6 99 94 46 15 99 99 67 57 99 37 99 51 99 45 99 43 0 51 38 48 5 0 38 18 2 38 76 69 97 99 99 54 99 94 34 33 99 99 78 37 52 99 18 99 64 70 99 99 33 99 99 42 99 99 99 99 63 
21 19 61 63 99 13 45 99 46 7 19 85 31 99 73 99 67 64 99 25 39 1 18 12 40 99 13 99 99 70 99 34 64 9 55 60 99 36 99 27 99 99 82 99 73 88 99 40 36 96 78 37 99 25 99 66 33 63 27 39 24 30 40 51 18 36 0 58 42 61 85 99 75 96 55 99 85 97 27 18 31 22 21 99 99 99 99 21 99 55 16 40 66 97 19 99 99 43 72 99 82 
99 99 99 99 49 69 99 93 37 25 99 31 7 99 46 93 16 99 9 6 24 13 45 4 52 97 90 99 66 94 15 99 99 27 99 61 73 33 7 99 49 99 97 99 6 10 19 60 55 99 73 99 48 79 99 99 99 18 99 4 50 61 52 48 42 52 2 0 9 63 99 24 99 10 99 60 54 16 33 69 18 61 99 54 99 99 67 33 66 81 39 58 94 99 99 99 39 70 55 99 99 
75 99 39 99 57 97 28 28 10 37 93 60 40 24 34 4 13 67 37 99 88 91 72 33 45 99 18 82 21 33 3 99 99 99 46 99 25 28 99 99 16 60 88 99 99 31 99 30 99 99 31 99 99 99 3 45 99 99 82 87 46 20 50 32 20 3 8 28 0 26 99 40 82 99 9 22 54 97 60 99 99 99 51 99 61 39 99 85 99 33 99 58 36 72 4 99 67 90 99 82 81 
52 39 73 96 99 28 43 43 42 91 99 25 99 4 84 99 99 91 99 99 99 99 99 99 73 99 19 61 99 99 99 99 79 46 75 99 70 39 91 1 15 54 90 99 99 49 31 1 72 69 66 75 46 73 99 57 31 76 58 99 34 36 38 22 28 40 40 10 4 0 18 1 99 88 66 63 7 99 6 3 99 99 99 87 99 99 27 99 91 90 99 99 54 42 69 40 99 61 33 51 99 
57 57 99 43 27 57 39 99 99 99 66 99 97 33 99 66 69 55 99 81 46 99 28 66 13 48 99 67 18 99 42 66 30 84 45 21 97 33 10 34 48 99 99 84 24 64 1 27 79 99 25 99 99 79 13 99 78 31 42 25 45 88 60 99 99 94 75 81 61 99 0 25 27 43 58 35 23 19 14 44 36 36 99 76 7 97 99 99 99 99 99 21 58 13 27 1 73 22 66 99 99 
3 45 99 19 99 99 99 66 99 6 78 34 99 79 10 25 27 96 22 99 46 12 99 87 90 99 3 37 43 33 99 21 6 99 54 70 99 99 75 55 96 76 75 99 99 13 99 96 7 30 18 67 42 99 99 46 99 57 10 21 12 99 6 99 88 93 45 88 73 75 4 0 35 29 13 58 32 51 18 26 93 84 13 99 99 96 60 99 72 82 13 99 99 37 39 37 99 55 88 99 21 
45 76 24 70 99 15 76 13 88 99 99 34 7 25 69 99 28 51 99 6 99 99 21 22 36 99 31 30 99 99 99 97 24 61 87 99 99 33 99 99 99 99 99 58 97 10 33 79 67 99 28 99 1 28 22 99 13 52 99 52 99 22 99 99 13 99 64 99 91 33 50 12 0 1 44 63 6 62 60 28 34 9 99 25 99 58 76 99 81 67 99 48 79 58 37 51 79 97 97 99 60 
99 99 93 64 99 15 1 99 99 99 99 16 30 99 6 48 88 99 34 99 48 51 99 42 27 99 63 27 99 54 22 4 39 99 78 72 33 36 99 99 99 85 22 81 99 99 99 64 99 79 33 90 99 99 15 84 99 72 99 6 99 81 82 64 60 99 99 99 12 99 25 46 22 0 8 66 38 52 15 48 99 67 79 85 99 99 43 49 94 27 99 46 99 96 99 39 16 99 46 81 96 
6 94 18 39 99 99 99 99 99 99 99 99 7 99 99 75 21 96 63 9 39 99 51 64 99 42 67 60 90 6 99 84 63 99 91 60 19 96 99 3 99 99 34 70 99 99 97 58 99 3 70 97 97 45 99 58 79 99 10 97 37 63 99 28 99 30 21 99 6 39 52 64 55 54 0 31 34 19 30 50 15 40 70 52 10 99 10 3 99 97 99 99 99 31 46 99 9 45 25 99 93 
60 36 99 99 99 99 33 13 75 88 39 99 99 99 99 70 99 75 39 99 90 90 58 99 76 49 37 72 55 54 66 34 30 48 96 99 97 79 99 94 87 51 73 99 63 40 99 28 13 6 99 84 93 70 72 25 12 99 82 52 99 99 94 99 22 81 99 97 51 81 51 62 38 12 44 0 38 30 39 36 99 96 99 39 40 70 55 51 88 87 69 63 93 99 67 21 51 99 37 19 52 
99 13 24 69 91 79 37 43 48 99 99 99 99 42 34 18 18 49 99 97 69 37 18 99 99 87 33 57 3 4 46 99 99 34 33 75 99 18 52 99 94 94 99 63 93 81 60 82 90 99 55 6 94 99 99 99 99 99 99 55 49 93 25 78 79 99 99 99 99 99 36 17 60 20 20 13 0 32 16 0 82 78 99 99 87 99 85 60 99 15 54 40 99 99 30 36 55 99 99 99 99 
48 30 90 67 70 99 99 99 99 43 99 16 87 99 99 75 82 99 70 27 6 30 51 99 58 30 46 16 96 99 99 46 99 63 18 9 99 6 9 99 99 19 7 63 99 91 91 99 69 99 90 39 81 57 55 15 94 9 99 82 99 37 99 99 99 99 99 52 60 22 63 21 51 50 56 38 61 0 20 15 96 99 67 6 99 99 40 22 49 99 21 99 63 91 97 99 30 57 99 21 33 
99 31 99 81 61 21 99 27 99 99 99 88 3 99 99 9 27 64 99 54 6 84 87 28 99 19 54 54 78 84 99 43 99 97 99 73 27 4 1 27 99 99 30 3 61 87 99 99 10 54 99 99 31 13 84 40 52 18 69 81 99 27 99 49 99 99 99 15 13 69 37 52 64 1 44 31 31 62 0 28 1 99 16 99 99 99 19 70 99 91 99 91 4 82 55 63 99 72 75 55 85 
69 1 7 99 99 82 99 27 21 37 99 54 99 16 51 75 93 70 64 99 12 54 66 28 63 54 87 72 19 24 33 10 82 99 90 73 70 13 31 99 36 85 99 90 1 84 1 36 24 70 99 94 61 7 34 99 6 28 90 75 61 99 7 49 99 99 25 51 99 84 32 48 56 10 28 26 10 41 52 0 99 99 94 36 99 99 78 93 22 4 48 99 99 63 99 52 99 9 54 99 99 
99 99 25 16 16 43 99 22 49 36 99 99 1 76 99 7 7 99 99 66 33 75 85 99 76 54 46 99 79 99 55 99 42 46 99 81 64 25 82 79 99 99 99 99 99 21 99 42 52 48 21 70 21 88 99 39 99 99 99 99 28 91 99 99 99 37 28 9 99 99 94 87 13 99 91 72 3 99 27 46 0 50 58 12 36 54 64 57 47 10 10 99 40 67 99 99 99 99 61 99 54 
21 79 99 91 72 99 99 99 99 99 72 34 12 15 4 85 64 34 45 28 46 70 54 67 99 58 99 76 27 18 58 99 63 99 15 99 99 99 60 99 7 36 88 3 88 99 99 66 10 10 99 99 99 99 46 46 94 37 15 99 51 99 75 30 10 99 6 97 22 58 99 99 16 3 99 79 6 99 82 99 59 0 6 25 20 10 46 22 13 42 99 73 84 99 99 99 46 48 99 3 99 
99 43 30 99 81 73 99 25 99 99 72 99 78 34 13 37 76 7 57 99 99 51 99 97 10 79 99 99 72 9 88 49 99 99 99 99 24 37 88 99 61 99 40 99 67 21 94 40 82 15 63 99 99 48 48 25 60 73 99 99 51 43 21 3 99 58 99 84 54 15 40 84 51 55 97 37 21 99 76 52 12 11 0 18 48 17 48 2 19 55 85 67 99 91 33 36 21 87 99 99 99 
99 52 55 87 12 99 99 30 1 52 78 54 99 76 99 19 72 99 99 96 90 99 27 73 30 70 99 70 99 10 99 99 99 64 99 99 12 81 16 99 49 58 99 99 6 15 12 72 99 6 90 99 85 73 99 78 99 91 99 93 30 99 99 99 88 79 36 55 99 60 99 99 3 30 99 4 78 72 99 88 5 15 24 0 29 51 50 58 2 36 99 99 64 55 66 66 76 63 99 70 22 
94 96 6 84 99 72 75 36 39 99 10 84 13 81 73 67 96 43 13 99 7 99 99 76 30 7 75 7 69 54 9 99 55 1 84 99 99 46 46 7 99 57 99 42 46 64 66 99 25 99 99 79 7 78 34 99 16 99 99 28 99 99 7 99 70 58 63 3 88 55 94 99 85 18 99 99 97 96 79 82 54 16 16 10 0 46 57 36 4 32 72 52 99 66 99 99 99 66 99 46 81 
99 99 99 9 87 85 9 99 99 99 81 21 99 54 4 64 54 1 99 43 99 99 99 84 49 33 99 34 73 12 99 67 99 99 99 3 79 40 81 99 72 18 99 99 99 10 99 99 99 99 25 60 99 91 99 55 99 99 99 99 99 12 16 99 99 99 46 72 84 99 27 99 99 31 69 99 58 36 36 99 32 64 24 62 41 0 59 59 11 34 19 99 99 88 99 43 67 99 43 81 99 
3 99 15 99 58 43 73 60 99 99 9 97 99 24 10 99 63 72 54 72 99 49 99 99 3 99 99 76 51 12 99 25 57 99 34 99 99 99 99 64 51 64 51 99 99 91 84 75 87 4 27 4 84 85 99 7 99 58 27 99 99 70 63 10 51 99 54 99 45 99 49 75 99 78 99 99 67 51 67 66 36 61 65 51 44 22 0 3 2 26 99 19 18 99 85 66 99 51 55 40 99 
12 99 99 21 99 94 99 99 99 99 54 13 28 99 85 94 60 9 37 43 99 10 75 16 54 99 99 60 7 4 99 93 99 99 58 99 99 9 25 43 81 52 73 99 60 97 33 25 33 63 70 72 60 72 97 22 22 99 99 99 46 3 39 16 6 51 99 99 99 99 67 99 99 3 70 99 15 54 7 99 18 36 22 30 1 47 26 0 3 50 94 99 16 99 36 28 19 87 34 64 99 
16 4 76 99 99 91 9 99 99 30 87 42 99 57 72 18 69 18 99 99 43 72 79 78 99 99 40 93 99 10 94 99 99 99 67 51 99 99 99 99 36 75 45 18 99 27 51 99 25 39 40 99 99 55 99 58 42 33 99 21 16 28 90 27 99 85 30 99 99 99 46 40 82 96 99 99 31 9 73 78 63 26 9 25 58 24 19 62 0 41 94 64 99 99 99 49 31 99 67 40 78 
16 40 31 99 90 31 43 99 69 21 9 90 64 58 46 99 91 99 45 4 58 88 54 1 15 9 60 99 93 99 99 99 24 99 27 99 99 99 24 99 31 99 66 87 85 16 36 99 73 99 99 60 57 57 48 54 99 99 46 99 99 58 63 78 99 99 99 99 10 4 6 99 10 19 99 22 99 54 46 27 20 62 20 64 56 20 11 66 60 0 99 15 99 64 36 97 34 55 64 99 99 
97 63 57 51 60 84 46 99 99 25 87 99 36 93 19 99 99 93 57 33 7 52 99 31 24 37 99 99 6 6 99 99 45 31 9 99 13 58 3 99 34 10 30 67 99 31 99 46 79 99 4 10 99 99 43 1 75 99 16 52 57 99 99 99 49 16 72 40 99 78 99 99 15 27 67 4 99 16 99 72 93 99 69 99 43 22 99 99 79 81 0 54 23 28 36 38 8 60 4 66 99 
30 57 67 7 81 18 79 55 90 69 82 99 99 67 99 34 99 61 99 99 37 99 72 22 99 99 22 76 13 1 99 57 49 34 75 99 81 99 99 45 1 52 99 99 99 37 18 99 90 99 16 76 69 99 55 40 99 99 75 58 99 99 81 9 51 99 88 99 99 78 21 99 99 51 99 84 58 4 21 31 81 4 16 63 99 64 99 99 45 99 6 0 38 22 42 64 20 14 23 60 99 
21 99 99 4 60 99 40 99 64 75 99 79 18 99 99 99 19 36 85 9 73 70 93 99 99 3 15 99 99 55 99 99 99 99 99 96 87 43 99 46 99 99 87 24 37 64 99 1 21 27 99 99 36 24 99 58 96 10 87 99 90 99 54 99 55 99 94 99 99 75 78 99 99 55 27 96 99 42 99 19 90 30 99 99 1 78 55 99 52 33 50 34 0 36 42 24 20 8 47 60 99 
99 15 34 99 49 13 99 99 18 73 60 99 19 99 99 54 3 28 22 69 27 39 45 90 99 99 99 99 33 4 39 99 84 4 6 99 99 99 12 99 70 75 82 46 28 63 99 99 85 99 90 99 12 73 73 99 97 43 99 99 37 73 10 63 94 78 61 99 84 99 30 15 99 25 54 99 43 40 12 7 72 99 99 10 99 99 70 99 78 99 38 60 50 0 16 46 36 23 20 27 99 
69 99 57 99 6 99 7 31 18 69 9 99 97 24 87 79 6 22 99 61 55 99 57 43 79 24 99 64 99 30 99 64 61 76 99 6 99 24 7 99 22 99 43 66 19 99 84 99 1 76 12 99 99 43 48 73 99 12 88 70 99 63 99 94 58 99 3 10 7 99 51 99 58 99 99 10 99 6 39 90 9 51 6 78 99 99 99 46 99 6 33 61 36 48 0 32 65 59 30 28 7 
45 99 19 99 99 40 61 85 69 99 99 73 99 36 88 99 9 10 99 99 69 51 25 61 33 99 36 51 43 82 22 45 81 99 1 99 19 93 87 75 16 99 99 36 99 99 57 27 79 22 36 37 78 84 99 22 99 99 99 99 58 99 99 40 99 12 22 99 22 25 36 99 67 13 21 36 96 91 4 94 76 99 39 73 99 91 99 99 99 99 55 49 2 40 44 0 40 39 16 10 97 
99 99 90 91 99 99 99 15 18 4 12 13 58 81 57 78 3 99 94 69 10 75 99 99 88 99 82 88 19 84 64 81 55 99 85 54 96 91 91 99 78 39 66 99 31 54 99 99 99 76 99 46 82 94 46 99 99 96 99 30 99 99 55 99 31 99 99 36 42 76 69 81 34 99 48 7 51 94 82 81 99 66 99 99 99 27 10 72 99 13 44 1 61 50 2 0 0 40 48 2 99 
90 99 99 99 6 21 99 99 61 22 24 99 51 60 27 6 42 99 67 99 13 99 72 96 99 4 18 99 99 90 94 63 34 40 19 91 99 99 99 64 67 81 3 57 39 60 99 31 99 99 73 46 40 39 66 99 39 78 99 96 72 99 99 33 10 34 94 40 13 28 16 97 10 4 18 1 99 54 85 3 36 67 99 99 99 99 93 61 99 30 9 52 38 36 41 36 0 0 59 42 67 
64 57 99 99 63 99 81 99 78 28 12 99 31 37 99 94 99 99 46 33 99 99 36 99 79 22 36 99 69 30 37 37 36 99 12 70 42 64 99 10 10 40 88 78 99 4 99 99 85 60 99 69 16 15 31 27 99 57 69 46 60 64 99 99 54 22 64 99 54 99 99 87 66 73 9 99 18 99 99 64 91 42 99 99 36 39 33 66 34 99 3 48 0 44 63 53 66 51 0 56 63 
81 37 99 88 30 48 99 45 99 99 99 55 73 21 1 97 27 73 84 85 99 60 18 99 99 72 73 51 57 61 45 99 66 36 99 99 37 21 48 40 67 93 27 70 99 1 99 66 76 73 51 4 31 78 48 45 39 27 22 99 99 22 48 99 99 78 48 33 99 99 81 99 99 96 52 3 99 99 96 64 15 10 48 4 99 91 76 4 99 99 50 42 50 21 57 63 22 34 30 0 99 
91 61 99 25 88 24 75 99 63 99 27 43 37 99 49 99 22 99 99 30 46 61 6 99 99 99 99 73 94 99 70 46 99 99 21 21 99 21 99 79 99 22 24 79 45 12 42 91 40 75 15 43 99 99 70 99 88 9 13 73 99 79 60 99 99 3 99 99 3 99 9 99 61 99 48 48 99 94 99 99 94 99 84 99 75 54 1 33 99 97 9 97 99 99 69 51 88 99 66 28 0 
