n: 100
m: 4
Pi:U[1-99] 30 64 89 84 51 21 5 25 65 39 84 38 85 38 60 5 32 23 35 26 63 71 6 62 36 16 94 57 31 92 28 64 12 80 75 26 36 83 45 2 73 16 60 80 17 27 22 1 83 16 34 54 42 78 68 51 69 93 98 19 26 61 8 53 31 3 43 54 70 57 68 58 66 34 30 66 36 53 51 27 9 44 11 22 2 37 82 49 33 88 13 15 6 61 82 88 38 33 41 20 
Si:U[50-99]
0 58 55 85 54 66 54 78 63 93 99 60 60 98 93 89 50 93 82 92 90 81 95 96 81 99 70 69 96 86 94 80 80 64 70 64 89 75 89 87 68 70 99 75 63 96 53 79 82 60 77 96 90 85 79 84 70 71 58 58 84 64 63 93 59 97 94 65 98 95 95 73 72 54 85 57 72 92 63 82 72 53 96 76 96 97 85 53 51 96 64 83 57 72 83 67 54 79 50 94 86 
80 0 75 91 98 77 75 64 55 99 84 90 83 58 98 70 96 54 57 81 58 60 51 54 77 96 73 73 84 73 50 58 74 53 81 73 88 96 69 83 65 61 84 85 93 68 93 71 84 87 52 58 64 72 81 86 70 81 61 58 98 78 98 92 74 62 53 75 76 60 89 78 72 70 79 93 88 79 93 97 99 59 95 63 74 64 81 69 54 84 62 64 83 77 68 71 86 59 96 62 66 
95 65 0 68 64 90 93 93 91 95 66 54 83 50 70 94 87 78 74 72 99 97 50 79 71 91 76 58 65 69 70 87 75 92 79 54 56 92 87 56 60 93 69 78 86 76 95 72 52 73 79 60 83 71 60 93 51 97 52 96 61 83 59 53 82 86 59 58 62 75 74 91 55 58 97 60 94 89 99 61 57 50 52 75 62 71 73 61 77 65 97 76 61 61 68 75 65 79 92 70 97 
74 54 86 0 79 57 97 86 61 55 99 98 61 57 87 78 67 60 71 97 99 97 60 78 90 68 50 85 53 98 65 72 61 67 86 67 58 56 53 61 71 64 53 62 79 62 64 90 53 71 86 82 56 91 99 64 65 69 85 78 64 57 52 73 50 51 50 79 97 87 89 78 66 84 76 75 62 78 52 70 87 62 81 94 50 67 98 79 53 60 93 81 98 87 83 87 83 78 86 98 91 
74 69 57 56 0 73 98 78 89 79 63 78 53 50 77 73 67 60 60 99 84 97 92 82 98 69 83 93 86 58 83 65 50 74 67 71 93 59 53 94 55 66 69 93 95 90 64 96 76 86 78 82 73 61 54 54 91 73 73 65 95 52 65 83 77 93 88 81 53 65 97 73 85 74 95 79 69 57 68 81 63 82 84 95 50 70 74 68 85 95 80 52 60 81 64 65 50 64 59 59 71 
75 58 56 62 65 0 96 56 74 75 62 97 99 80 58 93 71 66 96 85 69 55 85 82 79 68 82 68 95 55 79 86 75 77 72 89 70 54 88 55 96 79 82 83 88 88 52 56 60 98 93 79 59 60 89 85 64 87 77 52 60 68 54 91 51 83 88 61 81 65 74 78 72 52 61 87 88 74 92 94 68 53 76 94 56 96 56 62 85 64 94 79 70 74 84 58 54 58 60 58 86 
95 78 60 52 81 50 0 82 67 57 76 62 94 54 75 93 63 51 93 92 69 63 91 85 86 55 71 99 90 98 73 84 64 71 93 56 94 78 57 82 53 58 75 86 81 85 55 50 65 80 88 83 57 51 61 87 50 75 95 78 78 50 57 55 71 55 57 77 84 57 84 87 53 76 98 71 53 81 90 78 63 94 62 68 74 51 62 53 69 84 69 75 66 61 95 76 86 88 57 55 87 
89 54 74 60 62 87 67 0 91 65 80 69 75 85 98 71 78 97 82 55 51 86 57 89 69 57 65 71 78 94 82 75 93 65 97 78 89 65 78 60 88 76 83 86 71 99 88 74 70 56 79 74 74 85 70 55 57 81 92 71 79 67 89 70 94 82 86 66 56 67 83 57 52 70 51 77 85 92 97 70 70 80 63 66 70 81 52 57 52 94 61 95 51 61 74 96 54 77 78 60 74 
52 84 99 73 85 92 50 87 0 95 88 54 76 76 86 64 90 61 98 63 99 74 82 77 62 96 53 61 79 92 74 54 95 99 67 63 91 94 76 75 70 94 50 57 70 52 92 55 75 81 56 72 59 59 92 76 74 68 59 62 95 75 99 81 63 92 84 58 91 54 63 95 93 57 69 93 74 75 77 61 96 68 59 65 97 71 98 72 75 51 96 99 60 67 86 75 71 85 60 99 80 
86 90 84 64 80 87 99 70 83 0 68 77 68 73 50 64 90 53 64 78 64 69 98 82 88 51 86 65 68 53 96 78 70 59 84 67 78 72 51 54 70 89 53 80 94 88 83 82 86 63 67 66 74 50 52 72 72 97 91 55 75 85 78 90 91 89 97 98 58 99 65 50 58 98 77 92 95 79 64 53 65 93 60 93 73 75 65 86 96 76 78 63 81 75 85 97 72 89 80 94 94 
69 83 98 53 76 68 55 73 71 98 0 84 60 86 55 74 59 61 60 55 72 79 82 69 94 73 96 71 57 71 50 63 88 76 88 51 51 99 69 59 51 73 80 92 59 93 71 71 77 94 56 78 71 56 72 90 64 85 67 61 67 79 74 52 71 71 98 76 79 64 84 89 90 90 90 91 69 73 74 83 59 84 57 61 91 82 52 81 65 95 52 96 83 73 55 54 60 99 67 73 65 
60 71 77 97 54 75 56 80 65 61 70 0 53 84 79 69 71 86 59 69 67 66 90 78 63 63 67 59 80 90 65 65 78 86 89 66 55 89 55 64 61 57 67 95 91 94 74 68 67 51 53 56 92 80 94 73 76 90 99 58 96 57 62 56 95 83 55 96 89 65 63 54 87 50 68 58 95 78 58 91 77 98 99 69 67 64 78 96 91 82 84 79 67 50 99 54 63 52 72 63 54 
82 55 97 55 68 90 69 86 56 50 50 74 0 67 75 85 86 85 62 63 99 79 72 58 55 71 51 51 96 93 70 69 84 79 82 78 55 69 66 74 54 77 97 73 62 66 99 84 77 93 58 99 70 93 60 67 96 85 98 99 80 52 91 89 84 93 69 71 93 87 75 92 87 68 83 80 85 66 61 96 63 84 54 77 69 78 56 98 74 61 54 62 76 98 69 81 95 67 69 95 60 
75 76 50 84 67 79 82 89 72 97 87 98 70 0 72 57 81 71 76 89 60 55 75 51 68 92 98 83 62 58 58 92 62 75 66 96 51 99 55 76 79 72 61 63 84 71 73 90 73 95 99 56 56 67 88 74 73 67 56 52 94 82 63 78 99 99 96 61 88 62 51 71 65 67 52 88 73 91 77 75 70 58 88 82 74 53 90 50 78 51 98 96 82 80 60 97 51 61 72 91 91 
57 66 97 95 75 71 95 75 86 72 50 93 65 67 0 90 54 56 81 62 62 53 80 92 68 80 57 65 66 51 99 78 83 50 69 56 73 75 93 53 76 68 91 60 71 74 53 52 69 90 99 98 96 74 50 50 71 67 63 83 59 74 82 81 71 96 80 86 60 63 87 87 90 93 96 53 81 59 58 77 67 86 80 51 90 60 98 87 59 59 80 75 97 86 85 66 74 98 78 75 94 
75 89 66 73 77 76 88 89 56 95 90 92 90 71 87 0 85 98 56 73 78 85 81 61 90 97 65 84 74 67 56 72 83 83 79 74 66 85 63 95 96 63 81 77 80 66 62 87 91 53 71 77 98 89 90 50 84 63 82 91 89 79 78 79 96 50 63 75 54 64 59 62 67 57 59 91 77 59 90 70 62 66 64 52 94 92 58 58 86 88 79 92 84 67 92 60 97 75 90 91 66 
74 81 82 51 51 83 66 91 78 62 50 83 85 91 66 96 0 93 85 60 56 66 97 85 72 75 78 55 58 67 51 87 67 65 75 78 65 77 51 80 72 70 62 60 73 62 67 84 99 75 92 77 90 59 89 65 63 97 91 57 89 97 80 95 76 67 52 85 90 75 69 61 50 65 98 86 69 57 83 98 67 88 80 74 87 84 63 99 50 67 58 92 62 73 58 70 54 58 74 60 88 
58 92 60 53 51 72 66 90 73 52 92 77 76 96 92 60 85 0 87 63 78 85 86 85 80 54 72 82 73 92 68 84 75 61 86 87 72 70 86 90 74 79 68 75 73 93 77 91 60 71 98 60 58 56 67 70 65 78 63 52 97 97 71 70 51 79 89 55 76 92 90 87 51 61 90 94 78 81 58 84 71 71 68 57 63 60 83 56 83 88 71 61 52 50 54 77 56 53 86 66 63 
62 72 59 69 51 98 88 93 80 97 67 66 99 72 85 70 59 94 0 85 74 91 87 72 70 88 54 85 72 56 56 93 51 97 95 99 63 51 82 95 75 94 59 96 65 78 54 61 56 55 80 87 65 76 77 76 92 88 84 89 54 55 62 64 81 87 75 53 62 50 78 76 80 85 83 58 96 80 84 96 83 92 67 92 93 56 76 81 74 85 90 67 59 55 95 95 83 72 73 85 64 
88 93 92 65 50 92 50 88 60 99 65 64 96 67 68 78 85 61 95 0 94 55 50 92 69 92 94 82 55 59 97 92 82 75 96 52 50 84 66 70 75 78 75 96 73 82 64 60 60 68 50 93 78 84 82 64 57 94 51 69 94 51 72 80 90 79 92 93 68 51 57 77 68 60 81 87 60 67 59 58 86 93 53 78 60 52 96 50 59 57 81 79 84 70 65 77 50 85 51 74 96 
74 70 85 81 62 91 53 66 78 66 71 71 60 87 69 81 90 76 93 77 0 70 92 60 55 97 54 88 82 80 81 54 77 50 97 63 89 75 54 69 57 98 63 56 53 97 98 87 66 55 74 93 50 66 87 66 53 62 76 70 61 83 70 92 58 79 55 72 57 90 75 58 72 78 54 67 55 62 73 51 56 70 84 59 78 60 93 92 58 67 70 76 97 74 82 80 51 70 67 69 97 
88 73 58 94 86 86 90 65 84 63 97 75 99 52 74 63 61 77 65 71 58 0 90 64 63 57 63 92 56 96 65 60 65 89 66 89 92 59 91 90 54 72 52 78 98 65 50 58 69 89 68 98 57 70 60 90 60 79 93 78 86 87 74 72 88 69 93 80 66 92 51 91 50 50 71 96 87 59 62 76 52 98 60 93 85 80 92 78 50 82 65 50 84 58 72 75 72 59 91 88 89 
59 76 83 54 50 68 74 90 85 54 58 68 84 66 83 81 72 80 93 86 90 77 0 71 54 64 91 86 99 68 69 86 71 72 78 85 71 59 69 86 97 87 99 53 56 50 82 58 91 84 92 98 61 69 57 68 58 97 69 76 89 86 99 81 79 55 79 70 58 89 73 65 73 61 85 57 50 56 50 91 82 58 85 97 63 89 61 54 54 81 59 96 56 88 92 94 58 98 79 71 94 
67 76 74 51 91 51 98 82 79 51 97 52 93 81 61 70 75 72 99 65 82 74 95 0 96 79 87 66 79 57 88 77 99 60 98 90 73 57 82 57 58 83 59 87 98 65 52 80 55 99 93 89 79 72 50 55 67 69 89 89 65 54 88 80 63 52 63 69 71 74 68 92 83 63 78 67 71 81 55 54 84 66 65 86 66 97 78 90 92 51 59 93 80 57 73 65 70 87 92 89 57 
53 66 94 59 69 65 92 72 92 90 51 98 94 68 87 87 99 50 99 67 74 54 76 87 0 71 76 50 88 73 65 79 53 96 65 83 94 77 55 57 86 98 53 62 79 76 94 70 63 92 67 58 54 54 84 69 85 60 87 61 73 87 88 96 51 78 92 61 77 59 65 88 72 70 93 59 73 79 92 75 51 99 84 59 72 83 84 97 91 68 81 73 72 88 70 59 73 97 77 81 76 
91 82 75 74 74 72 75 87 88 58 90 74 71 50 63 50 89 91 90 58 74 97 61 64 90 0 55 55 50 66 97 75 75 53 50 76 93 87 59 87 78 94 59 73 82 70 64 66 96 93 70 57 55 64 97 53 95 75 68 65 52 82 56 89 99 50 83 60 70 83 97 82 51 71 59 75 70 63 51 72 70 92 71 56 78 59 64 96 84 51 86 61 87 79 87 65 82 89 95 87 81 
75 69 99 65 95 94 95 56 71 54 61 98 94 57 79 74 62 75 75 93 56 70 93 55 95 57 0 76 79 88 67 79 50 65 60 67 91 95 92 81 71 70 82 77 59 85 78 91 75 69 84 87 72 57 80 97 61 87 90 99 80 61 79 77 88 83 72 62 89 72 66 59 73 67 53 61 92 78 52 79 66 64 73 84 74 51 85 91 86 79 67 78 84 64 84 69 79 95 85 91 76 
53 74 80 64 52 51 91 55 73 80 85 79 55 96 94 89 94 55 58 93 90 94 68 55 89 55 83 0 51 67 59 73 72 85 57 94 66 88 70 74 58 86 99 67 51 83 58 52 91 51 73 60 60 73 53 87 89 62 88 79 89 67 52 56 69 94 71 84 75 90 72 50 95 94 97 74 92 77 92 90 91 58 76 90 89 52 57 94 98 64 79 65 91 71 90 89 98 74 58 90 65 
83 76 87 71 92 55 62 55 65 99 53 61 93 53 96 67 89 50 54 86 71 52 83 71 54 59 65 84 0 53 94 76 55 69 53 83 73 59 95 77 69 75 77 56 83 67 84 90 99 91 69 98 67 82 82 64 63 98 79 81 50 66 53 65 95 74 96 57 63 95 55 90 84 79 82 62 67 66 52 68 95 88 50 92 85 75 99 61 65 78 93 65 82 92 62 90 53 76 99 84 66 
85 74 99 51 67 85 80 97 68 55 87 98 53 74 98 56 63 51 73 98 99 97 76 86 82 79 56 63 85 0 71 82 54 79 88 80 79 51 58 91 53 88 56 79 55 88 89 58 54 88 72 79 76 60 72 66 92 65 97 79 75 65 65 99 59 67 93 86 72 56 69 80 71 69 84 78 73 90 53 64 86 67 74 79 62 57 82 50 99 54 62 79 65 92 67 74 61 95 67 67 77 
94 73 91 52 63 56 58 98 64 65 66 92 73 75 66 74 67 61 52 77 91 60 68 90 77 51 89 63 80 54 0 61 83 75 73 68 73 77 50 92 78 90 75 88 50 73 68 91 75 78 68 97 63 79 66 66 68 50 81 81 71 63 95 62 91 97 95 58 64 58 52 95 85 56 60 96 61 54 67 69 82 70 95 55 70 56 73 73 97 60 90 77 73 97 54 93 83 51 73 91 75 
74 89 61 98 95 62 61 65 83 79 86 99 93 67 59 60 97 60 93 54 83 78 76 86 73 96 92 69 68 96 89 0 74 66 77 71 91 83 55 53 52 96 68 78 80 52 87 67 55 98 71 61 59 86 75 54 82 58 55 74 50 81 86 79 64 92 90 80 93 96 62 90 65 87 99 74 96 77 85 68 55 79 67 66 59 98 78 89 53 87 64 86 89 87 77 77 97 55 93 70 91 
51 58 91 62 98 94 61 73 51 72 81 67 62 53 94 57 55 52 89 76 64 64 81 90 93 62 57 62 70 88 59 69 0 94 83 81 52 56 69 52 90 96 90 59 86 51 62 83 86 58 61 83 61 59 64 60 68 54 63 98 82 69 87 53 87 61 57 53 91 81 86 79 86 98 50 88 93 52 65 86 79 95 73 58 92 57 74 51 56 56 55 84 79 78 58 74 50 80 63 74 83 
55 77 66 67 92 74 96 71 69 54 85 69 85 94 56 75 84 78 94 93 97 99 51 63 57 55 89 63 72 95 51 78 88 0 69 98 53 99 70 58 50 78 89 74 74 97 86 51 79 72 75 75 92 65 81 68 86 88 56 60 86 76 83 90 88 86 68 74 55 65 82 54 67 70 96 79 95 72 70 76 80 94 56 52 86 90 74 63 59 75 72 97 90 97 76 71 74 98 94 59 67 
85 76 80 83 92 99 87 81 82 72 82 79 83 71 65 76 88 62 67 97 51 68 71 53 91 95 69 99 98 80 93 92 92 70 0 97 79 58 98 55 89 99 92 67 91 81 56 70 81 61 56 56 67 97 97 93 73 81 53 50 63 50 90 99 58 62 51 56 85 91 74 54 64 77 82 96 86 67 74 65 63 92 54 93 99 72 70 55 62 92 92 61 83 90 50 87 90 85 91 59 71 
55 68 63 52 78 84 66 67 86 97 67 79 56 50 64 97 94 68 84 66 52 99 99 78 87 68 58 72 58 56 64 59 73 74 59 0 57 86 56 95 86 94 81 96 63 82 75 74 74 67 68 77 62 68 93 51 61 94 93 94 86 78 64 98 80 55 64 97 55 75 50 76 80 82 52 67 52 69 58 95 82 58 86 58 79 62 58 54 97 88 52 75 52 63 78 69 50 52 99 54 97 
76 60 50 64 84 50 91 96 59 57 96 60 65 55 64 89 64 86 56 59 61 73 52 98 84 89 81 71 76 94 60 74 93 63 75 56 0 51 67 55 59 62 60 52 55 95 99 63 72 83 86 78 97 88 80 64 64 95 94 50 54 62 97 52 79 97 51 94 87 53 91 68 50 81 52 88 82 65 63 72 74 85 89 90 58 52 92 99 73 91 65 58 78 54 86 94 73 50 87 79 93 
96 56 84 96 84 54 80 63 88 79 64 52 84 72 59 72 71 74 50 84 93 66 69 63 78 65 73 98 83 81 87 67 84 53 69 91 98 0 66 82 77 55 77 70 86 62 95 90 58 79 59 53 76 94 68 86 60 57 74 50 75 57 98 70 89 55 64 57 61 57 82 69 84 54 80 77 53 68 88 77 62 52 99 71 91 63 51 62 86 58 98 77 76 64 78 95 76 73 80 65 86 
68 86 67 83 64 56 58 84 80 94 65 68 73 67 59 67 94 77 75 59 90 50 83 69 77 56 77 50 59 88 83 57 84 81 93 56 66 63 0 64 64 53 78 67 56 50 92 87 96 77 79 76 80 68 78 69 50 96 65 61 56 79 66 83 69 66 82 77 94 90 92 73 80 81 80 80 57 94 56 89 90 63 68 92 56 63 66 70 89 69 78 96 93 85 63 60 63 91 69 91 72 
64 69 80 76 61 54 70 86 78 69 94 99 81 66 71 91 53 54 56 63 74 85 91 72 56 72 85 56 76 58 78 83 58 87 78 62 82 68 95 0 86 60 51 61 73 59 78 56 58 99 96 70 72 76 69 66 76 75 77 60 92 90 80 68 98 60 75 79 58 91 63 59 86 93 90 96 98 77 65 83 60 80 99 60 61 58 59 74 94 58 63 97 51 83 74 61 67 66 61 52 85 
78 76 95 79 52 57 50 58 62 79 67 69 72 95 63 63 66 96 78 92 66 53 96 96 69 69 69 95 81 97 96 99 97 65 96 89 99 96 83 90 0 51 59 61 99 93 60 93 98 83 87 75 50 65 99 87 52 82 65 66 73 75 87 50 79 54 69 93 50 90 99 59 87 55 86 97 73 77 98 83 60 62 60 52 96 79 81 76 50 68 56 89 86 68 79 99 80 52 55 81 60 
81 94 52 90 83 99 93 93 89 50 96 94 77 53 59 59 61 59 95 99 82 90 88 91 75 74 89 86 51 69 81 94 66 70 71 65 70 60 77 75 87 0 74 55 93 90 74 53 75 82 51 82 56 68 51 59 70 73 99 78 64 99 56 53 50 63 90 77 86 72 97 91 59 69 80 99 65 97 73 74 90 51 80 69 72 76 56 73 66 66 51 97 65 62 81 60 63 84 85 60 57 
76 71 98 93 90 62 87 82 64 99 99 76 65 88 52 78 58 77 67 93 75 69 66 91 72 83 96 68 50 93 55 53 73 58 80 60 76 65 57 97 52 67 0 78 67 90 56 99 62 79 96 52 72 74 98 85 90 81 83 96 85 72 92 59 55 66 83 84 55 55 65 78 75 83 89 84 87 66 50 79 98 81 72 83 66 53 98 75 80 81 50 96 98 60 67 96 79 50 90 54 59 
73 70 94 99 81 94 76 76 75 57 59 94 92 98 50 88 84 56 79 50 81 71 55 80 56 56 79 88 70 72 71 66 96 80 92 85 79 50 53 50 50 96 98 0 66 97 59 69 64 86 58 65 88 66 77 91 50 64 58 68 74 73 81 53 90 71 91 88 61 60 77 88 85 69 75 75 50 69 77 89 90 72 54 83 57 93 68 62 92 77 87 73 68 68 96 89 55 95 52 91 87 
66 84 95 67 50 65 63 98 69 78 69 75 92 84 56 58 95 95 65 80 88 93 95 86 85 94 89 68 75 55 86 64 99 61 67 81 53 77 61 95 63 79 70 91 0 77 95 65 70 73 90 66 62 83 55 84 67 59 82 64 93 92 95 73 70 98 84 69 51 81 51 57 71 54 69 61 71 88 93 57 83 84 50 62 61 66 53 59 52 66 85 88 68 89 65 84 81 93 59 98 98 
86 85 71 84 60 72 78 97 61 85 73 60 73 93 75 83 82 58 95 70 74 78 87 99 86 76 65 56 78 74 50 59 74 59 62 89 82 85 56 87 60 89 63 54 53 0 97 98 53 73 97 54 81 58 71 71 87 60 77 99 92 71 62 95 68 99 71 65 52 65 67 96 91 67 75 58 61 95 66 56 53 52 84 58 52 83 96 53 98 95 82 83 63 84 62 97 90 68 54 75 69 
72 64 86 59 78 76 86 59 93 93 89 81 83 60 71 52 94 63 77 98 62 99 79 79 99 61 54 85 72 71 57 97 97 59 72 62 98 80 84 76 72 78 65 99 91 75 0 91 77 77 53 91 72 93 67 76 76 73 59 99 67 80 62 92 93 63 93 80 92 84 67 91 95 65 81 97 55 90 70 84 50 97 82 68 64 95 51 73 63 99 81 63 57 52 82 99 88 60 86 81 58 
78 83 89 64 87 98 87 65 86 77 88 76 75 67 73 79 83 94 64 87 75 64 79 90 92 55 74 72 71 59 87 51 60 98 70 89 81 72 74 90 60 82 84 69 56 67 52 0 99 99 69 50 67 52 66 71 80 89 78 78 68 60 52 56 72 94 53 59 58 83 73 81 99 54 57 85 86 73 57 86 79 61 52 92 94 79 82 72 80 97 68 98 93 70 59 56 72 66 96 59 60 
59 50 98 95 80 63 59 86 90 75 57 96 55 98 64 50 89 99 95 65 53 97 96 65 59 76 74 61 68 88 67 93 50 75 73 85 50 98 53 59 83 90 67 83 92 88 72 59 0 77 84 70 51 82 73 63 92 61 68 58 89 60 71 55 59 56 82 51 52 74 69 91 92 82 85 90 57 96 60 67 68 79 51 86 54 77 57 61 65 82 59 63 65 76 93 52 98 93 70 68 64 
85 60 50 54 58 61 55 72 69 99 50 71 98 50 95 76 85 51 67 55 67 99 67 79 71 93 72 93 59 76 66 98 99 81 81 70 91 59 74 78 69 60 82 77 97 91 73 72 63 0 55 69 73 99 51 93 91 77 87 93 69 60 63 62 57 55 87 88 50 66 61 65 66 98 69 55 88 60 97 96 99 52 93 73 63 93 81 93 65 91 94 66 76 73 73 78 65 91 67 79 79 
76 97 63 81 95 81 58 61 98 81 51 63 85 79 75 69 56 91 51 74 74 92 94 58 93 64 55 81 85 56 53 95 65 89 63 92 93 54 67 76 63 73 90 59 95 94 83 81 80 97 0 50 95 69 90 80 90 85 65 50 84 75 76 76 61 55 99 95 65 54 97 61 58 98 78 58 95 91 91 78 73 71 87 84 83 79 55 56 97 85 54 81 77 71 83 90 98 64 56 66 56 
82 54 59 91 75 78 94 93 91 58 93 86 59 83 60 53 87 62 88 65 64 68 61 86 99 67 75 56 70 58 96 68 71 67 94 71 76 81 97 55 79 82 51 89 85 67 78 64 65 53 57 0 87 93 81 79 77 80 58 94 95 57 54 66 61 50 61 91 74 97 91 91 90 61 74 90 53 77 94 54 86 76 76 80 69 78 87 93 80 68 75 92 96 93 96 80 76 64 84 65 73 
52 82 99 68 95 53 91 70 74 78 60 91 66 57 99 83 94 69 92 92 64 85 65 97 61 93 76 82 83 91 78 56 86 52 95 63 78 80 90 71 56 86 81 83 57 57 97 52 75 68 72 75 0 64 93 52 98 74 78 76 67 88 78 93 91 99 97 89 91 99 86 80 55 67 84 51 84 98 69 90 70 60 69 59 89 56 77 89 77 84 66 62 92 78 61 56 95 89 79 75 69 
58 98 72 79 60 65 99 72 96 56 88 75 61 59 92 98 85 91 96 89 53 99 74 85 62 68 79 72 96 94 85 92 98 58 52 70 69 66 74 96 73 55 54 76 82 82 94 55 58 91 61 81 64 0 84 77 96 69 79 73 62 64 96 54 95 83 80 53 64 56 94 56 70 82 58 92 75 82 77 78 68 57 75 59 52 85 50 83 81 59 97 82 93 54 54 60 55 95 50 92 61 
72 51 54 90 84 52 70 56 92 96 98 65 73 96 58 95 63 69 83 70 54 80 97 65 71 66 99 65 97 53 85 83 50 58 71 68 70 83 56 64 65 66 63 98 85 91 81 53 77 80 98 91 76 93 0 75 51 69 91 72 56 96 59 76 65 66 81 74 58 64 73 88 68 76 64 61 83 74 60 53 94 53 86 66 67 79 80 80 64 92 91 93 83 51 85 82 96 55 66 85 86 
54 72 53 73 53 89 53 99 70 64 55 81 81 50 94 62 79 76 74 58 59 95 92 76 66 51 63 91 53 78 66 67 76 66 92 69 77 50 55 77 54 82 97 80 69 98 61 87 90 69 97 92 58 91 76 0 78 58 97 71 59 98 96 85 65 82 91 61 54 83 91 57 90 55 75 81 97 83 73 82 82 51 82 78 88 51 71 66 95 74 57 98 84 86 77 86 94 76 56 59 53 
59 59 56 55 80 80 76 52 82 66 57 84 96 84 59 54 72 50 73 99 51 76 67 61 87 55 60 72 76 88 59 57 98 54 97 81 51 66 84 72 52 58 50 51 99 57 55 77 82 78 68 81 92 84 81 69 0 86 51 70 71 67 81 64 54 72 83 56 93 54 90 93 91 69 56 98 56 87 84 87 64 83 80 83 89 57 94 92 96 74 86 81 97 70 94 57 67 61 76 85 93 
70 64 60 70 61 90 79 77 81 93 57 92 74 90 52 53 73 92 94 76 75 85 99 69 72 60 94 65 84 59 96 93 84 69 90 91 78 52 65 82 89 79 85 50 96 81 83 54 53 65 57 79 86 59 83 98 54 0 61 86 80 80 88 87 53 57 80 53 91 92 99 76 80 72 56 83 95 82 85 71 93 58 55 58 55 60 92 98 93 93 81 95 98 58 81 85 56 95 68 68 89 
93 77 68 92 95 95 93 60 98 50 85 88 73 93 55 71 61 77 70 94 65 77 95 96 96 62 67 84 88 98 88 68 79 80 88 77 66 59 85 71 91 62 55 71 78 51 68 53 99 81 62 76 83 64 87 54 65 53 0 53 51 95 57 99 70 70 79 95 61 82 95 66 87 57 66 98 67 85 90 64 97 93 68 57 54 59 62 59 99 85 87 78 76 77 67 92 62 53 62 57 90 
64 87 61 84 83 71 83 70 60 64 85 66 58 94 63 94 82 91 92 74 83 83 88 69 58 79 83 60 86 82 87 77 82 51 82 80 52 63 88 58 54 84 78 68 62 88 53 70 88 64 54 69 90 97 58 62 84 79 70 0 53 90 68 60 70 61 68 87 98 81 59 73 85 96 74 54 58 75 59 74 92 91 98 52 64 94 96 90 74 51 67 89 92 83 73 59 58 87 87 77 74 
85 98 59 70 93 94 52 96 82 83 66 81 79 55 75 63 81 73 58 56 52 66 87 82 99 96 69 56 95 91 91 95 71 63 72 82 60 68 69 70 51 89 69 57 97 60 97 95 93 85 64 76 84 71 65 57 59 69 53 55 0 52 68 76 89 77 80 56 87 71 68 68 79 69 64 85 56 59 73 74 90 91 79 86 93 92 80 92 73 84 63 95 59 74 54 55 90 61 75 62 59 
91 82 53 65 59 56 91 77 96 72 82 76 67 97 98 83 87 69 88 83 83 90 81 87 78 80 90 72 65 95 54 80 94 61 71 67 78 76 58 87 69 51 89 57 70 63 88 55 52 61 98 88 91 67 50 70 64 94 74 94 60 0 95 59 63 78 96 68 88 94 51 68 69 63 54 93 76 56 83 98 69 92 95 57 97 82 62 61 57 60 72 67 50 61 76 74 77 90 50 76 67 
97 57 56 93 68 92 50 68 72 55 89 96 84 66 96 60 90 94 68 90 54 82 69 84 90 93 69 69 87 68 75 99 86 78 67 92 56 65 91 78 67 59 74 98 66 90 87 96 59 50 78 58 98 90 73 99 73 80 81 58 93 58 0 90 91 76 91 64 96 73 78 75 61 60 64 60 76 64 86 71 53 90 75 57 50 93 62 62 60 76 51 88 60 66 81 61 77 96 94 72 67 
51 61 97 68 59 66 51 51 72 96 72 77 58 52 77 93 99 95 54 55 81 65 96 82 85 98 74 55 55 88 98 58 61 95 51 74 87 85 86 68 72 99 68 83 90 76 95 89 52 97 76 64 55 67 82 71 54 80 63 95 65 94 97 0 93 97 76 65 61 82 97 72 68 56 84 83 51 95 75 81 51 61 91 70 63 94 50 51 97 61 53 63 62 54 52 73 99 99 66 91 51 
55 81 95 67 96 62 79 67 79 95 80 59 58 77 87 82 69 87 69 68 53 56 66 85 94 92 89 82 75 93 60 95 71 95 63 89 74 64 80 87 69 52 55 75 54 83 69 88 79 76 70 62 64 74 85 98 62 60 87 85 75 99 84 67 0 61 74 97 89 61 89 68 65 91 84 96 90 63 99 90 72 99 84 75 97 95 86 56 91 68 77 70 86 61 82 93 83 56 58 96 99 
96 83 64 83 96 51 74 58 75 86 97 52 83 52 57 71 59 86 59 75 84 50 74 92 92 66 63 80 57 83 83 90 72 77 78 61 50 74 91 67 95 95 68 77 85 51 98 61 82 52 90 54 59 55 58 55 55 77 76 61 68 69 54 86 64 0 97 87 57 78 94 88 81 75 63 82 85 93 91 56 56 97 82 50 91 76 99 84 62 77 51 57 73 57 60 99 56 62 91 88 97 
52 81 88 57 74 64 80 60 82 57 56 88 67 95 92 59 59 64 67 79 95 76 70 92 51 85 99 72 83 88 73 88 74 61 57 89 98 57 69 90 94 65 98 92 96 91 90 64 97 93 84 59 78 53 74 57 69 89 74 78 59 59 80 70 95 62 0 95 50 97 91 99 86 86 85 74 51 57 52 57 88 50 95 68 94 95 85 96 97 55 81 92 63 50 76 53 55 85 88 89 90 
66 69 63 84 96 92 58 79 53 56 98 75 54 97 64 89 79 52 51 67 56 85 82 95 89 58 94 70 88 56 68 95 96 67 65 50 64 96 61 86 64 87 52 67 64 56 99 66 51 53 60 66 79 88 87 59 78 61 70 94 84 77 56 55 92 73 50 0 52 91 62 75 83 98 50 54 88 84 76 97 76 84 99 85 63 55 82 52 87 64 67 65 96 65 53 51 64 93 91 75 75 
73 95 50 80 51 93 86 52 76 74 57 76 75 80 50 99 53 70 69 59 57 74 77 66 77 83 54 96 88 52 84 52 63 97 70 72 81 67 92 95 57 77 95 80 69 84 68 88 74 81 72 99 89 62 84 62 58 60 63 60 70 56 77 85 51 81 98 51 0 69 98 60 74 95 77 54 70 78 59 98 84 94 51 51 74 96 54 66 62 83 86 99 95 98 50 86 94 72 53 88 66 
70 97 51 85 57 92 91 62 59 93 70 69 51 89 74 75 83 59 56 55 85 81 55 88 99 83 92 81 91 89 98 89 79 68 83 80 85 65 80 69 86 57 72 73 85 93 64 93 84 71 54 74 87 59 55 64 86 93 71 78 89 55 56 50 91 94 55 64 60 0 77 57 90 51 66 78 80 86 69 72 75 72 98 82 53 82 57 80 94 52 77 67 91 90 82 63 87 58 80 77 57 
59 51 50 89 88 84 64 86 82 69 58 68 64 59 56 68 74 74 72 68 56 90 52 55 91 87 64 85 74 58 56 93 56 61 97 95 80 52 80 74 96 91 57 78 74 54 95 59 62 71 57 87 76 83 86 78 60 99 54 79 73 79 70 94 57 72 59 79 97 89 0 90 71 71 98 72 52 55 80 76 74 70 56 72 88 50 62 80 51 76 52 79 60 70 50 75 97 60 90 99 87 
50 68 88 83 54 79 67 80 53 98 92 82 79 53 51 69 51 88 92 68 72 56 97 76 90 83 64 77 95 68 93 54 75 86 71 68 81 75 56 60 73 77 67 72 83 69 66 82 93 71 87 63 91 97 86 88 50 94 63 97 51 76 81 54 81 97 88 96 78 76 87 0 52 61 82 66 79 52 58 59 75 64 74 61 56 52 77 79 80 53 83 91 70 76 52 59 84 97 75 79 78 
86 79 78 88 84 90 79 95 71 87 80 57 64 85 72 81 81 63 78 75 60 95 77 84 79 81 89 72 57 72 52 70 76 77 84 67 81 75 82 90 64 52 75 54 55 52 65 78 75 51 73 95 95 53 75 51 77 83 72 51 56 90 66 51 97 93 57 76 61 69 86 51 0 85 54 67 80 83 51 58 82 56 87 52 63 58 51 75 50 92 63 95 75 62 96 52 77 51 73 57 98 
57 73 54 60 60 93 86 54 84 83 54 65 91 87 79 66 99 83 90 61 81 88 53 86 82 50 65 60 97 93 60 82 64 90 52 85 87 64 50 62 52 79 78 50 60 81 74 74 55 65 55 79 82 94 73 86 72 93 66 53 82 94 54 64 94 88 62 92 61 86 94 88 55 0 86 53 86 82 61 83 92 88 79 90 57 61 58 51 60 98 58 83 53 55 90 61 84 60 75 78 94 
53 54 50 96 83 70 91 86 68 91 95 69 93 64 87 60 99 95 88 66 98 84 99 85 64 57 84 87 89 84 55 70 89 51 64 60 89 84 62 51 87 89 79 70 78 91 72 93 80 83 81 56 59 65 53 88 64 96 65 78 98 63 80 51 98 92 94 99 62 50 72 93 70 93 0 54 82 75 69 53 81 51 66 55 79 95 54 67 53 53 79 84 74 72 77 63 56 88 83 68 99 
66 79 98 50 65 96 72 69 59 79 71 59 82 90 77 79 69 72 52 70 68 72 71 88 58 67 55 99 81 65 63 97 52 81 80 70 84 82 63 96 57 97 62 74 51 64 57 73 92 87 56 92 68 62 87 78 94 81 92 62 50 67 69 55 93 77 96 92 77 96 50 95 75 65 93 0 54 66 92 88 58 53 52 78 65 91 76 66 76 98 81 94 72 80 77 99 65 83 50 85 54 
51 87 54 52 89 95 95 93 60 58 86 78 97 85 90 51 50 86 72 65 82 57 96 78 86 85 63 97 52 95 51 77 53 50 88 93 53 65 83 75 87 86 76 93 74 95 71 96 66 80 75 97 71 66 86 96 58 54 57 66 90 75 50 95 99 61 70 84 81 63 59 92 80 60 77 92 0 99 80 77 93 82 65 68 77 53 64 56 91 57 76 97 57 72 60 96 62 60 54 66 84 
88 89 85 87 78 81 88 56 99 78 57 85 83 53 68 71 81 89 82 98 66 87 99 71 84 58 72 56 96 81 80 64 70 54 95 99 85 95 83 57 62 56 62 83 94 55 79 64 96 80 81 50 51 78 50 92 59 64 96 62 57 57 57 67 72 54 93 90 91 55 68 56 73 92 82 77 81 0 61 72 66 69 53 57 73 67 99 61 88 74 99 73 59 72 56 82 50 98 79 95 59 
94 63 55 96 52 56 78 52 82 57 79 71 64 95 97 76 97 64 56 57 70 87 87 86 80 75 86 96 83 77 90 70 89 58 65 82 98 55 55 94 91 52 87 80 54 55 54 72 74 69 91 80 79 69 52 68 86 83 78 80 86 97 54 56 94 57 60 97 72 64 99 59 53 62 62 50 88 80 0 50 56 98 59 91 52 90 59 99 96 86 64 61 55 59 61 52 79 96 81 56 56 
99 93 58 58 78 87 99 52 65 91 78 89 98 68 93 56 79 54 96 59 55 97 81 65 80 75 96 64 65 99 78 57 54 87 70 88 61 93 93 74 68 67 86 95 67 78 92 69 74 62 52 93 53 79 95 94 54 90 84 83 61 93 78 72 59 58 74 95 86 72 69 93 53 87 52 54 63 81 65 0 62 81 95 63 75 59 90 93 87 94 63 52 99 64 95 67 69 66 83 98 82 
99 89 73 78 59 85 52 53 80 53 81 61 58 95 60 70 58 92 85 50 96 59 98 64 69 82 61 88 63 66 69 84 85 88 89 58 98 63 51 69 95 88 61 95 85 86 82 80 77 72 50 68 56 65 99 89 51 75 51 79 67 60 57 70 81 92 63 98 87 61 55 71 64 50 53 72 73 80 53 85 0 91 51 97 89 64 61 65 90 70 72 72 95 95 91 74 65 58 69 85 57 
81 97 61 71 62 51 50 58 66 58 50 62 89 81 55 69 62 71 81 64 79 68 64 55 85 78 89 99 56 71 59 95 94 59 70 91 90 56 75 59 65 81 94 95 51 66 85 53 66 97 89 83 94 85 93 58 90 61 59 83 52 77 56 84 54 75 70 76 87 89 50 72 56 93 58 72 77 99 85 74 70 0 91 87 85 89 70 58 68 71 60 56 85 69 63 82 51 88 65 77 82 
60 65 81 50 58 56 92 53 87 84 55 96 89 71 87 83 92 85 72 67 86 55 57 75 94 70 60 55 66 51 88 62 92 96 77 93 90 71 83 89 61 74 83 94 50 84 86 69 80 72 50 72 84 91 55 63 63 69 60 68 81 88 78 56 60 75 55 68 61 54 98 98 99 98 72 86 79 89 79 58 76 83 0 84 93 86 81 65 62 74 52 80 66 79 85 90 67 77 69 71 95 
74 94 90 69 65 81 53 91 85 73 93 62 72 51 92 75 82 77 94 81 89 54 66 66 56 79 71 74 62 56 98 70 95 72 85 54 98 73 87 68 66 51 91 99 87 70 64 74 93 91 95 59 67 72 72 93 91 66 66 63 51 52 92 83 62 88 77 98 65 73 55 97 80 63 67 60 96 89 75 72 77 95 57 0 74 68 57 65 86 85 60 53 85 61 53 51 50 55 73 55 84 
95 92 54 90 57 83 83 63 85 95 70 78 63 82 66 51 56 76 98 58 92 99 92 91 63 93 88 86 88 85 56 85 88 53 99 83 82 90 74 89 50 99 62 57 63 73 79 54 80 69 89 53 54 55 62 92 51 56 66 74 59 56 67 64 93 76 92 62 74 73 55 57 55 67 88 52 81 67 86 81 64 62 79 51 0 98 95 54 79 56 81 99 77 51 57 64 83 57 59 73 80 
57 90 82 61 96 83 84 57 57 58 86 81 96 75 81 62 83 97 97 98 95 58 61 67 76 64 67 84 82 51 67 88 80 76 50 77 61 65 51 69 89 98 90 52 63 81 87 68 71 52 66 61 98 95 92 88 72 66 99 54 91 94 82 72 73 71 53 90 84 92 70 73 65 63 87 95 53 79 53 61 50 64 65 73 85 0 62 90 58 74 76 91 80 87 89 56 69 84 55 54 78 
76 75 99 56 58 95 70 97 92 87 97 63 75 69 93 80 81 98 93 85 87 71 91 91 74 65 88 62 94 70 51 90 84 82 86 71 69 57 99 81 56 79 92 69 60 78 91 66 96 98 57 97 97 90 74 67 56 90 69 90 94 76 62 98 58 57 82 52 92 62 84 88 80 81 81 88 56 74 77 68 72 79 67 89 55 90 0 76 71 62 53 53 98 88 66 82 60 67 65 92 77 
72 60 64 51 85 51 59 85 71 92 56 88 80 67 66 76 73 75 78 72 91 56 83 58 92 96 76 65 58 74 93 85 88 73 87 82 59 82 50 50 55 73 65 87 53 82 95 96 85 68 88 82 62 55 80 50 56 59 55 97 66 88 55 58 94 61 51 97 55 73 69 97 78 61 86 91 59 88 81 83 53 62 89 97 61 54 91 0 93 81 75 96 72 71 76 89 81 67 98 59 90 
91 60 94 91 58 56 65 83 91 58 76 88 70 71 85 89 53 68 62 89 50 66 90 57 62 67 90 50 77 71 75 54 91 97 53 53 67 87 51 50 93 84 79 94 62 58 86 58 86 54 62 61 82 99 70 83 69 66 94 78 88 53 90 93 78 50 91 89 95 61 73 89 57 83 57 52 62 96 86 88 70 85 78 55 77 66 50 92 0 73 55 88 70 69 60 75 60 84 55 97 71 
58 91 96 83 78 79 98 66 79 91 99 79 65 74 77 84 58 84 98 94 57 96 61 90 76 93 57 84 99 97 83 77 61 67 83 58 77 91 70 96 83 80 52 67 57 64 78 66 85 85 77 75 65 88 55 79 90 97 79 67 63 74 76 63 94 53 69 70 87 97 50 88 50 50 98 52 92 72 90 67 77 52 63 57 80 54 93 50 59 0 91 69 54 93 73 60 63 70 53 94 99 
92 60 73 62 57 95 53 86 99 95 61 54 82 59 62 77 70 77 79 54 85 69 87 60 98 79 75 71 58 69 74 60 86 53 91 55 74 75 75 97 86 90 66 59 57 90 65 75 52 69 50 53 99 82 87 65 58 66 94 60 83 96 88 70 76 50 84 53 53 73 99 82 80 79 93 66 62 88 84 82 81 51 97 70 75 57 82 57 98 76 0 66 60 52 64 67 82 71 91 92 96 
67 57 97 77 67 68 98 89 58 70 61 91 56 84 84 95 75 87 61 63 50 82 50 69 97 95 61 63 86 77 97 96 84 57 62 94 54 66 81 93 70 61 70 68 51 83 71 79 70 61 94 95 92 62 94 99 69 79 58 71 69 51 85 99 55 90 75 98 65 98 83 89 75 84 85 59 77 68 85 89 54 85 51 58 69 51 53 57 59 51 63 0 77 52 66 81 67 98 72 93 94 
91 78 56 95 80 61 81 77 52 59 72 61 65 81 63 90 92 77 97 88 85 51 52 51 62 94 71 72 62 64 54 92 55 52 75 62 90 95 54 54 74 88 93 72 92 59 99 87 84 51 86 79 64 53 85 76 84 62 82 73 51 58 88 80 65 79 73 61 93 96 73 60 78 72 71 76 78 96 60 75 52 78 81 61 69 88 80 76 77 51 79 69 0 99 62 76 78 99 70 99 73 
70 50 93 55 57 95 54 98 69 92 96 84 74 76 91 52 78 65 50 58 63 78 59 76 87 58 65 96 99 95 96 54 69 53 59 57 84 94 53 82 77 78 73 99 93 61 58 93 62 90 76 81 88 68 61 66 73 97 80 92 61 61 82 65 86 61 97 87 88 54 72 67 75 85 54 95 79 62 88 78 87 99 51 57 67 61 91 90 78 81 59 79 67 0 88 71 76 64 89 89 83 
91 70 79 90 78 72 83 76 84 72 66 87 92 62 54 50 66 71 77 91 79 84 95 97 76 74 90 93 95 86 59 67 97 91 81 66 98 71 92 51 93 65 57 87 65 90 76 85 74 94 64 91 62 60 88 69 73 56 92 89 75 59 78 50 57 59 63 90 99 94 66 94 57 86 93 78 80 60 58 92 93 56 74 87 64 79 68 98 89 76 71 57 61 84 0 57 59 76 96 65 71 
98 90 93 56 52 77 62 98 95 71 74 78 94 72 50 64 85 87 93 62 60 95 54 98 97 78 57 90 64 85 58 78 70 92 63 55 94 69 72 62 53 76 50 93 98 90 53 96 97 84 57 95 68 79 88 51 79 60 59 54 78 88 97 56 83 65 57 77 80 89 53 55 97 91 81 83 84 82 99 99 89 68 91 76 76 75 50 53 93 66 94 50 91 75 89 0 77 85 73 71 77 
66 69 55 77 50 88 89 56 63 79 73 55 90 87 69 90 81 81 84 69 75 81 99 72 67 60 53 52 57 97 53 54 92 53 99 57 61 58 81 78 60 61 59 96 54 75 84 95 57 91 72 96 73 87 85 66 57 80 94 95 82 84 84 83 57 72 62 79 66 77 53 88 64 50 70 82 68 65 53 52 95 63 85 62 83 71 93 90 73 90 72 89 59 94 66 69 0 50 69 92 68 
75 53 76 67 88 78 51 51 59 70 58 95 76 77 61 87 59 88 85 67 93 84 94 84 55 56 55 62 77 52 52 83 76 79 73 80 69 71 64 90 99 58 63 64 90 92 94 91 80 98 77 89 53 96 53 85 88 95 82 75 57 97 50 93 52 74 60 78 78 91 81 59 81 92 76 82 91 67 93 84 86 96 81 67 74 95 99 64 70 81 58 91 84 82 54 85 67 0 52 96 70 
95 65 55 50 90 98 85 54 97 66 56 55 79 51 61 75 84 65 66 52 91 90 86 72 87 87 84 67 74 74 50 84 94 51 62 69 62 55 80 77 99 75 96 53 62 81 50 78 75 50 77 58 60 98 74 59 84 82 89 94 89 73 76 76 93 92 80 91 53 89 66 77 93 59 61 67 53 65 60 89 77 51 94 82 66 86 58 95 78 94 63 61 87 74 82 97 68 73 0 96 59 
51 75 69 84 58 96 50 61 58 70 83 80 65 78 90 79 76 96 93 52 72 71 83 59 64 63 93 79 56 73 71 85 60 53 66 83 76 56 99 62 75 94 95 50 89 55 64 59 91 81 51 50 53 87 50 60 85 54 94 70 73 59 74 85 57 76 67 92 96 59 86 69 99 86 54 99 52 83 98 94 94 89 93 71 86 77 57 53 86 50 99 57 87 89 94 92 58 57 66 0 82 
69 90 96 73 94 54 79 55 51 83 62 96 81 73 73 71 84 63 87 76 92 78 97 72 50 64 60 73 65 99 51 92 69 51 81 96 99 59 56 65 72 93 97 57 89 75 82 53 71 92 61 85 55 64 52 54 91 67 98 63 64 88 85 50 89 63 81 89 88 61 91 54 76 66 81 71 60 87 88 78 81 62 69 69 69 53 77 56 65 71 50 59 59 63 63 54 57 84 70 63 0 
