n: 100
m: 6
Pi:U[1-99] 32 26 22 84 18 8 2 34 63 50 43 80 67 64 3 32 29 98 20 83 59 82 53 48 67 37 14 13 51 19 5 92 42 27 96 45 17 19 89 37 76 81 61 42 99 56 95 17 92 10 74 80 14 26 15 4 24 39 43 53 47 75 96 19 11 82 43 20 16 85 15 66 41 53 44 13 16 93 92 45 49 41 64 68 32 23 84 72 69 32 45 71 88 11 73 2 71 31 31 67 
Si:U[1-49]
0 25 2 30 16 5 31 21 26 2 49 49 49 19 33 49 49 49 49 43 49 49 12 49 49 43 6 49 25 42 3 49 6 3 43 36 49 19 30 34 1 49 39 18 24 16 49 1 49 49 18 49 28 12 33 3 49 9 13 49 28 49 49 49 49 49 49 21 48 49 49 49 49 22 49 49 43 27 36 49 49 24 49 49 49 19 31 27 49 13 22 49 18 12 22 34 13 28 49 46 48 
30 0 9 21 14 2 30 17 3 3 16 6 49 49 31 1 49 42 7 46 27 36 4 49 7 24 49 25 21 49 49 49 49 49 31 24 3 49 43 30 43 49 49 46 3 49 31 34 7 15 49 33 28 49 33 49 22 1 21 49 45 16 49 49 33 24 3 49 49 49 49 49 49 49 43 49 22 21 49 49 34 15 9 49 1 24 49 3 49 45 49 43 19 49 49 48 3 9 6 22 21 
10 12 0 30 1 10 4 8 7 16 3 27 49 16 33 31 49 49 49 36 19 28 49 40 49 4 49 46 13 49 49 34 49 21 49 49 28 31 49 27 28 28 15 27 49 37 42 7 6 49 36 49 49 49 49 12 15 9 18 6 10 46 3 13 49 42 49 37 49 42 34 37 49 30 12 9 13 24 49 3 21 13 49 16 49 40 4 49 49 30 16 46 49 37 46 30 49 49 6 42 25 
2 8 20 0 30 1 16 28 4 32 13 19 4 19 1 1 42 6 49 49 49 10 46 22 48 49 49 34 21 15 49 1 18 36 15 31 12 24 7 49 18 49 49 49 49 19 30 49 30 49 49 49 4 7 1 49 27 18 39 39 49 31 28 49 16 16 24 43 7 37 18 21 6 49 49 49 39 49 15 12 49 49 49 13 49 49 34 1 49 49 37 33 13 49 31 19 49 49 3 12 49 
19 6 18 5 0 16 18 26 18 30 22 25 36 49 40 13 31 49 43 40 49 49 49 37 37 49 4 49 21 37 10 49 15 24 49 49 48 48 49 24 49 49 49 49 49 43 49 33 30 28 49 49 46 49 49 3 43 16 18 49 4 49 31 39 31 34 42 10 43 28 49 15 49 13 49 43 10 1 39 24 4 43 49 16 28 49 37 49 49 49 10 22 49 49 33 13 30 18 30 36 49 
14 30 2 25 10 0 4 24 1 15 49 49 49 25 46 49 6 9 49 25 49 37 3 34 30 40 1 33 37 49 48 49 18 49 49 27 28 40 49 49 49 49 19 49 49 49 49 24 49 49 22 43 49 3 49 4 9 49 49 1 33 49 21 49 28 28 49 33 33 42 49 49 10 49 46 49 21 49 46 49 18 3 16 16 46 4 49 49 39 42 36 49 49 33 49 39 30 49 33 49 36 
31 14 25 29 9 29 0 18 1 4 49 33 24 49 49 40 39 49 49 13 31 49 10 49 25 21 1 3 24 12 49 30 18 49 43 4 49 49 30 49 25 43 49 49 34 28 49 28 3 49 45 49 49 49 19 49 49 48 36 34 10 49 49 36 43 49 49 49 40 49 1 25 18 34 3 49 34 16 34 42 40 27 49 3 49 49 49 49 36 42 30 49 49 19 9 21 37 33 33 9 49 
2 27 12 8 18 18 15 0 26 3 46 25 43 49 1 49 46 49 49 49 49 45 49 49 18 49 43 12 49 1 7 15 46 4 13 49 33 49 18 10 24 33 31 49 16 21 49 27 3 27 36 22 9 19 49 33 9 49 49 27 49 42 37 34 49 27 39 16 13 30 7 15 1 39 37 48 49 25 33 12 7 49 49 28 33 36 4 49 49 33 27 3 1 15 27 19 49 36 12 16 16 
4 28 14 27 12 11 6 27 0 23 33 49 21 37 12 10 19 49 45 49 7 49 49 9 42 33 30 49 49 49 10 49 37 49 33 49 19 49 49 1 49 13 4 34 49 49 27 19 18 13 27 25 39 28 4 48 49 13 9 16 49 33 25 34 1 49 37 1 49 49 49 49 49 49 48 48 49 6 49 33 40 49 49 43 15 45 49 22 15 22 39 6 31 49 19 22 18 49 49 49 43 
6 15 5 24 5 20 9 32 8 0 37 49 31 49 6 48 49 21 1 49 39 37 13 28 34 3 27 49 49 37 49 49 49 42 49 9 6 45 49 9 16 28 16 22 49 28 30 49 15 21 49 15 49 45 49 49 9 4 49 48 6 37 49 28 49 49 49 46 34 49 18 49 27 48 49 49 43 49 49 6 49 31 49 1 46 21 7 42 49 3 49 49 34 27 9 49 27 49 49 3 22 
18 13 36 36 49 10 3 1 16 49 0 6 32 24 15 12 17 16 2 8 49 3 49 25 49 1 40 22 46 49 9 49 19 25 7 49 34 49 45 49 49 49 49 43 43 49 6 6 27 49 49 49 19 43 49 19 3 4 49 9 6 49 31 34 45 49 49 36 39 31 7 49 49 10 49 46 49 49 49 28 31 16 48 22 34 42 46 49 6 18 49 45 49 22 39 49 13 30 31 49 49 
37 49 4 49 48 46 43 37 49 49 2 0 0 1 16 10 11 21 31 2 49 43 39 15 12 42 13 18 19 49 49 46 31 49 43 25 48 7 43 42 49 49 21 43 27 43 49 48 49 49 39 36 9 36 49 42 46 3 1 21 49 49 4 49 49 15 49 10 45 49 24 3 37 49 49 49 34 1 40 49 49 49 43 1 7 33 15 46 40 49 7 48 49 13 21 49 7 30 18 40 21 
49 13 28 15 13 22 15 49 49 36 31 19 0 12 30 5 26 3 18 18 49 49 28 4 1 39 42 49 13 42 34 49 42 31 46 43 49 36 25 49 7 46 6 3 3 40 49 40 21 7 30 21 40 28 39 37 49 49 27 49 43 49 34 45 1 13 25 24 49 49 18 49 22 39 37 49 34 21 42 49 48 30 39 49 12 37 39 37 49 49 3 25 49 49 49 7 33 49 49 12 13 
46 39 15 49 16 25 49 12 49 4 18 1 32 0 18 2 1 8 7 4 49 43 49 49 49 40 49 19 49 49 34 25 34 49 40 6 49 49 49 49 49 1 15 49 33 28 49 49 34 36 48 27 22 31 36 49 18 1 49 10 40 49 21 43 6 49 3 13 30 34 49 33 49 36 49 39 7 49 13 36 33 49 37 49 4 33 36 49 49 49 3 15 3 49 40 39 10 10 49 49 49 
49 10 13 49 15 49 6 18 49 9 12 24 25 7 0 30 6 18 2 13 13 13 49 31 24 49 27 18 16 31 49 43 39 45 4 7 49 49 40 49 9 31 49 39 15 9 4 9 49 49 49 3 22 34 49 49 34 24 49 49 30 49 25 34 40 7 12 49 49 28 49 49 49 42 18 25 49 49 49 16 49 10 49 49 40 49 49 49 9 49 36 49 49 6 49 10 7 49 49 7 49 
21 49 6 49 49 10 49 49 49 16 28 1 8 22 31 0 5 30 2 24 49 19 45 49 49 49 9 19 37 49 19 3 49 49 49 34 45 28 9 31 18 49 49 39 21 28 49 13 49 46 49 49 49 33 43 46 39 25 49 39 49 39 49 10 16 25 33 33 3 49 28 49 49 12 49 36 49 49 49 21 49 49 49 25 22 18 49 49 49 43 28 49 49 12 45 49 49 28 46 30 40 
49 31 49 1 4 37 49 49 49 1 18 15 17 7 21 14 0 20 7 23 37 49 49 24 45 46 36 3 6 10 39 12 15 49 49 49 21 34 49 49 15 36 49 1 37 48 12 49 49 49 12 49 49 18 49 16 19 40 1 49 49 49 34 13 19 49 43 30 49 16 49 34 49 49 49 49 49 1 9 34 42 4 21 22 15 9 15 34 49 31 48 49 30 25 15 49 36 49 36 15 49 
49 49 49 43 49 28 49 40 49 40 8 11 13 4 8 9 23 0 2 28 49 42 49 49 37 49 49 37 49 45 40 45 45 24 7 27 48 21 3 31 24 48 24 43 49 16 1 27 49 39 16 42 49 12 31 24 10 49 43 13 49 25 49 36 39 49 49 42 16 3 49 36 45 49 48 13 49 18 49 19 18 4 49 34 31 37 49 49 48 49 37 9 18 49 48 49 24 49 49 30 28 
24 27 9 49 49 49 49 49 25 49 24 26 24 3 16 2 31 15 0 7 3 46 42 28 18 49 49 37 49 24 49 49 49 30 24 16 16 12 49 49 3 49 49 22 49 37 48 10 49 6 49 34 49 36 49 33 10 36 49 49 49 31 49 49 49 40 49 34 45 12 49 37 13 48 43 39 7 36 27 49 16 28 49 46 43 37 9 49 49 15 49 31 36 21 36 49 48 49 49 1 49 
49 9 49 48 48 40 18 7 16 42 5 27 17 19 20 2 26 4 31 0 34 10 6 16 3 49 3 15 49 42 49 49 1 49 49 49 49 28 16 40 49 37 45 19 49 28 49 49 28 22 34 49 40 6 22 49 10 49 15 27 18 36 15 49 12 36 4 9 24 49 15 27 30 45 1 28 49 4 25 28 49 9 12 16 49 22 43 40 49 9 49 4 6 37 36 43 4 49 49 6 34 
6 49 49 12 39 15 49 36 49 46 49 49 49 49 37 30 19 18 31 37 0 25 13 12 4 10 32 15 8 13 7 31 31 49 49 49 18 49 42 36 34 49 46 9 6 45 19 22 16 42 49 3 49 10 7 1 49 16 31 1 16 36 18 4 16 18 49 49 6 48 24 49 49 6 37 19 49 49 49 33 27 49 49 49 48 6 4 36 37 40 39 13 15 7 33 12 6 49 49 18 49 
49 49 3 49 49 33 46 28 49 49 49 39 49 49 49 10 49 49 48 49 8 0 31 11 9 23 30 12 2 13 37 31 31 49 43 49 45 19 13 49 15 36 25 12 1 22 33 12 25 9 28 49 49 49 46 42 49 42 25 15 15 46 7 18 49 31 34 49 49 30 49 36 37 49 49 12 49 49 48 49 49 9 49 49 49 4 31 49 28 18 49 30 46 45 49 13 49 6 40 37 21 
36 21 3 49 7 49 34 31 49 9 49 49 12 49 36 9 37 25 3 49 11 2 0 28 2 7 14 15 28 24 36 49 24 31 7 7 6 30 31 40 1 43 15 28 49 49 49 49 49 45 49 15 49 12 49 27 49 13 49 49 36 16 49 49 49 49 34 49 49 49 40 49 13 49 49 49 49 22 30 28 49 33 25 30 49 4 13 49 49 49 43 21 49 36 49 49 21 49 49 1 49 
49 34 49 49 6 3 43 43 31 49 19 48 12 34 49 7 24 43 12 31 22 4 21 0 5 32 11 1 15 29 49 18 24 6 36 15 34 25 49 22 15 49 49 49 49 3 49 13 49 28 49 25 49 34 49 39 49 7 21 13 6 31 27 49 9 36 7 34 10 1 48 42 49 25 42 25 6 3 49 15 7 49 49 18 18 4 45 43 9 13 30 21 40 49 49 16 49 36 7 49 39 
49 39 1 6 7 43 49 46 10 9 9 15 49 21 39 49 37 49 7 49 6 11 14 24 0 11 26 6 27 18 25 49 39 40 43 22 48 45 49 30 10 13 6 49 49 34 49 49 37 49 24 39 49 27 19 49 39 49 3 37 49 49 45 49 49 49 49 6 49 45 15 4 15 49 43 49 16 49 49 30 10 42 36 40 1 49 37 49 10 4 16 9 49 49 25 9 49 1 16 49 1 
22 33 49 3 49 7 36 12 1 49 43 34 9 37 10 42 49 42 33 3 22 23 20 4 8 0 16 23 0 10 46 49 24 49 10 34 39 37 22 49 46 49 12 49 12 31 21 49 36 1 49 49 18 19 7 49 43 34 42 39 24 12 1 25 27 6 27 21 16 49 36 34 40 48 13 18 49 19 22 4 34 49 49 33 13 15 25 49 15 12 49 49 30 49 21 25 12 49 49 13 7 
49 49 46 49 15 28 19 24 10 19 27 1 30 49 49 7 25 49 30 6 27 9 22 10 12 4 0 21 19 14 49 6 25 49 27 13 21 49 27 36 19 34 40 49 39 27 22 40 49 49 16 10 28 49 33 28 40 3 49 15 37 49 49 36 49 10 49 48 13 49 40 25 15 10 31 49 10 49 16 9 6 36 48 49 25 49 42 37 45 49 49 34 30 45 31 48 48 49 39 49 15 
10 49 49 39 22 24 45 43 34 25 19 19 46 49 10 49 39 49 39 19 6 20 6 30 32 14 32 0 12 16 49 33 39 16 1 36 46 49 49 27 49 9 12 49 49 21 49 46 31 49 49 49 39 10 49 18 49 22 21 49 33 49 18 18 45 1 49 1 49 49 49 3 49 30 24 49 13 6 9 33 49 27 15 33 31 19 31 49 30 18 13 49 36 42 49 36 10 15 40 49 49 
49 3 24 36 13 10 49 49 49 49 49 49 49 42 49 19 21 30 49 21 13 16 13 12 14 25 6 10 0 8 37 49 6 28 33 49 12 49 49 4 48 12 34 46 49 49 27 42 27 49 45 49 13 21 18 43 27 7 3 3 12 9 6 1 49 34 22 49 9 49 49 46 49 49 21 18 28 49 33 36 49 31 37 36 22 3 49 33 43 22 6 4 34 45 30 25 49 18 12 49 49 
45 37 10 49 40 7 49 46 49 10 34 49 28 49 7 40 31 49 45 27 18 21 28 25 14 0 24 23 22 0 27 13 28 49 13 49 16 42 49 49 49 42 49 37 13 49 49 1 4 25 16 1 49 21 49 49 49 24 30 31 9 49 24 27 21 46 49 49 28 46 12 49 40 49 40 42 49 7 18 36 28 42 49 24 13 49 49 24 30 49 49 49 43 49 24 49 49 42 49 25 49 
49 15 49 46 49 19 28 6 6 49 37 37 7 49 22 49 3 18 1 49 4 36 22 16 22 45 49 18 3 40 0 28 0 18 8 16 7 27 27 11 42 49 25 13 31 40 15 39 15 31 31 30 25 33 45 33 22 13 49 27 7 49 49 49 45 12 49 36 49 10 31 49 12 10 1 49 46 28 15 49 49 4 39 49 31 22 36 13 13 6 6 49 31 49 15 19 49 28 21 28 16 
7 22 28 6 49 49 46 19 10 49 30 46 16 12 49 6 3 16 18 36 22 9 12 36 33 49 48 42 49 19 14 0 27 8 10 11 18 14 6 30 6 49 49 49 45 49 25 48 49 49 49 18 33 7 49 15 49 49 48 49 49 6 49 49 33 16 49 36 21 25 42 45 12 12 13 28 45 33 28 3 30 40 39 49 39 40 15 36 49 49 40 49 24 24 25 37 21 16 16 40 48 
49 49 49 49 40 49 49 49 10 42 49 49 49 45 49 45 33 3 45 49 49 49 49 3 45 49 49 49 49 48 27 12 0 32 30 25 32 9 1 0 9 15 49 49 45 43 49 49 27 21 25 49 34 34 6 39 48 6 39 39 49 30 49 49 10 13 7 49 21 49 22 49 45 37 7 28 4 12 24 49 49 3 15 1 22 33 25 49 42 49 13 15 15 40 16 49 49 49 12 49 33 
49 18 49 6 39 1 33 25 9 30 49 49 37 4 49 49 49 18 24 22 21 4 49 46 18 24 49 43 33 13 31 8 24 0 12 18 18 31 15 30 49 15 16 19 30 34 37 1 49 3 13 49 42 24 3 16 25 36 49 37 16 49 48 45 45 49 21 33 49 42 13 3 49 7 6 49 49 6 12 12 9 37 7 24 40 24 49 40 46 48 31 49 48 45 49 49 4 49 12 3 49 
49 6 49 49 49 30 49 22 6 37 3 49 39 31 3 48 19 6 25 18 31 49 9 49 6 36 49 24 49 45 16 14 24 2 0 25 13 12 12 15 49 39 6 49 36 36 15 15 42 34 49 15 49 1 9 13 12 19 21 6 49 40 49 49 48 49 49 10 45 27 40 34 3 36 30 49 34 9 48 49 49 33 15 10 1 49 22 49 49 36 49 31 49 22 49 49 39 21 39 49 49 
7 39 15 49 49 30 46 49 49 49 16 42 34 49 49 30 31 18 27 49 7 12 10 36 4 4 49 49 49 49 18 14 14 9 8 0 19 30 8 32 49 37 6 22 25 12 45 37 10 49 49 7 49 37 13 22 45 40 12 49 49 24 42 49 49 49 21 39 13 3 49 12 21 18 18 12 22 49 42 24 49 13 49 31 49 15 19 39 45 49 49 49 49 10 49 49 19 40 49 39 4 
7 49 48 10 28 45 4 21 45 15 16 42 49 49 27 36 12 18 49 3 15 1 13 49 15 1 24 49 4 7 32 24 12 11 0 2 0 6 14 3 36 21 49 6 37 49 6 49 42 49 10 27 49 49 43 34 21 49 3 49 27 28 40 1 1 49 49 22 40 49 30 49 10 18 3 43 49 19 15 49 21 49 49 27 3 37 45 24 18 49 4 34 49 28 19 33 18 49 37 28 42 
33 25 1 1 49 19 3 49 28 21 21 43 34 31 49 4 6 27 9 49 3 28 33 49 30 49 46 49 49 49 24 6 25 0 30 20 12 0 9 11 49 49 49 49 49 24 1 49 30 4 30 49 49 6 37 7 10 49 37 28 40 49 31 15 19 33 39 40 49 4 1 49 9 30 24 37 18 22 24 49 21 22 46 34 49 49 40 30 1 43 15 13 49 49 49 46 39 25 49 46 31 
33 15 49 49 49 45 37 48 49 21 49 16 36 34 31 34 42 18 24 42 46 49 27 49 49 1 49 33 49 21 25 16 26 30 32 14 2 31 0 18 45 49 25 15 49 48 15 27 6 28 4 48 48 49 33 33 6 49 49 6 49 6 46 30 28 49 31 1 4 16 31 49 49 33 49 28 12 49 49 18 36 18 3 39 1 25 49 37 49 49 49 24 10 21 49 9 49 49 13 49 49 
10 37 49 43 4 27 7 49 40 48 49 31 33 49 40 49 10 46 49 49 12 12 3 49 28 9 49 48 42 49 8 2 14 10 2 31 31 14 17 0 1 46 25 19 49 49 49 49 45 42 49 37 12 15 10 7 22 15 25 10 48 49 49 10 21 49 45 49 49 49 10 6 31 3 13 15 22 39 30 19 30 34 19 21 40 15 49 21 42 9 31 49 48 33 48 49 49 49 40 49 49 
49 9 45 49 19 49 34 37 49 16 18 49 49 1 49 33 27 49 28 49 25 46 49 49 42 48 49 46 19 48 10 19 46 22 48 1 24 25 49 49 0 9 2 7 14 14 10 9 8 22 39 1 49 37 49 30 48 49 25 1 24 15 49 40 13 33 7 13 30 27 36 13 18 49 16 49 1 4 13 24 49 27 36 3 15 19 48 49 16 42 6 3 49 22 49 30 9 22 12 49 1 
49 1 33 25 46 49 19 33 24 30 39 24 19 15 42 49 22 24 30 28 25 15 22 25 43 45 49 16 49 16 6 33 49 7 49 49 49 49 22 1 8 0 19 22 23 22 12 11 16 20 49 37 12 1 24 49 24 7 49 49 49 13 1 31 36 33 49 19 48 49 45 49 49 49 49 24 49 10 31 7 15 34 46 46 46 49 31 36 49 49 1 49 25 45 49 25 7 45 10 25 15 
49 13 49 49 9 4 43 49 39 49 42 21 6 49 49 42 19 45 9 21 4 21 7 48 49 16 49 49 46 42 30 42 49 49 15 49 9 40 49 6 18 30 0 4 28 32 4 20 22 32 36 15 49 48 31 43 4 42 49 42 3 49 21 49 49 37 49 18 18 13 33 49 24 1 37 15 49 21 6 49 49 49 49 49 49 49 16 34 49 31 7 28 46 49 49 40 37 45 49 13 49 
21 12 6 49 33 28 34 49 49 43 12 18 49 45 49 13 31 49 49 22 43 49 15 24 49 9 19 31 40 37 49 18 3 21 49 40 28 49 10 49 22 16 4 0 11 2 30 16 28 32 49 12 4 39 37 43 49 49 34 42 3 49 39 49 49 49 6 49 39 49 49 30 49 48 22 21 6 48 31 34 49 49 49 36 31 49 49 49 46 16 49 6 34 13 49 49 49 49 21 49 49 
37 10 25 13 1 31 49 49 22 6 4 9 28 7 28 9 36 49 42 42 42 31 34 9 3 43 49 7 49 49 22 1 21 45 49 49 33 7 49 15 8 23 12 24 0 31 14 26 26 25 49 28 49 45 49 45 49 49 42 49 30 13 49 49 33 27 13 27 49 49 27 49 31 49 34 49 45 25 21 12 49 40 19 49 30 49 49 22 36 36 49 19 43 10 27 33 4 49 10 49 36 
49 49 49 49 49 39 49 19 49 18 49 39 49 49 34 49 49 37 36 49 49 37 25 37 19 42 49 42 49 40 43 18 48 42 42 15 48 25 45 25 6 20 15 6 26 0 2 30 22 4 37 12 6 37 49 9 4 49 49 15 49 34 49 49 13 7 49 49 22 4 15 24 15 27 49 49 19 13 37 25 49 43 49 49 49 21 43 49 49 49 45 49 31 42 21 13 25 21 1 24 49 
37 34 27 49 19 45 49 49 27 49 13 28 25 49 12 49 3 7 40 4 25 1 49 49 46 36 49 40 34 42 24 49 30 49 49 33 43 6 49 30 1 6 15 15 8 13 0 31 2 28 19 49 49 30 49 49 49 49 40 15 12 49 3 49 18 46 49 7 16 40 40 4 27 49 49 48 1 18 13 49 1 33 39 15 49 37 49 49 13 3 49 49 40 49 49 10 13 10 4 49 49 
49 49 36 30 25 49 22 25 39 49 16 4 49 37 1 18 25 49 49 45 49 36 24 12 43 9 46 49 4 48 1 16 40 49 49 36 3 15 16 3 8 5 0 2 3 5 28 0 32 21 49 49 13 49 13 21 49 13 36 49 49 24 49 12 49 4 42 49 25 49 4 45 49 4 39 49 48 49 49 49 36 12 24 49 13 28 49 49 49 40 18 13 10 10 7 13 49 1 49 49 22 
9 34 28 49 40 28 49 49 4 25 25 43 10 49 28 49 7 19 49 10 31 34 1 22 6 49 42 49 45 33 21 49 49 18 21 12 28 49 18 43 30 32 3 25 31 31 18 9 0 32 49 37 45 48 21 49 13 49 30 16 19 40 49 28 28 46 16 24 6 49 49 12 16 10 28 9 15 49 34 49 49 42 46 42 21 46 31 16 19 21 43 49 4 9 3 49 34 16 9 49 49 
37 34 49 40 15 30 21 16 4 49 40 42 21 10 16 37 49 45 49 6 45 49 16 49 49 49 49 46 27 46 30 49 49 10 45 48 42 3 49 36 10 2 20 18 13 27 13 20 17 0 30 49 33 18 30 49 33 48 37 49 48 34 46 34 49 27 49 7 49 25 9 49 49 1 49 4 15 10 33 49 16 21 49 42 6 24 49 36 49 3 49 49 22 48 40 39 49 31 25 1 49 
36 49 25 39 18 49 30 43 49 16 43 4 27 49 21 49 18 49 16 45 3 37 49 6 49 9 25 49 36 49 3 42 36 7 10 49 49 36 3 49 6 49 6 24 15 28 49 4 18 49 0 28 20 13 32 18 7 14 5 2 16 7 13 40 49 12 49 49 19 34 49 34 46 49 24 13 39 49 12 49 21 36 6 6 49 49 7 19 1 33 18 49 1 31 45 49 34 42 33 49 34 
48 49 22 40 6 6 49 49 40 18 49 39 31 49 16 49 49 7 49 49 19 34 37 49 13 1 49 22 9 22 49 28 10 21 31 42 49 49 16 16 21 21 49 49 48 49 21 1 7 40 22 0 20 7 19 8 15 10 14 4 19 49 12 49 24 49 49 33 49 7 49 49 30 49 7 30 49 48 12 34 45 18 9 49 21 1 33 10 24 49 49 49 33 13 34 49 22 28 48 4 36 
3 3 9 49 28 30 3 19 27 10 27 49 46 31 49 49 49 49 6 18 6 24 3 36 49 48 49 6 49 49 49 46 49 49 15 1 3 40 16 48 49 49 1 36 49 34 13 1 49 34 19 14 0 4 14 27 8 1 18 22 3 13 49 12 49 9 3 49 9 10 18 49 31 49 36 49 10 1 45 24 24 49 7 49 49 1 10 49 10 49 13 28 42 49 49 49 49 45 1 49 46 
28 49 49 9 49 1 24 49 30 27 49 19 15 28 18 49 6 33 24 49 49 21 33 43 49 49 31 39 18 49 9 15 25 15 49 13 4 49 16 46 30 46 39 49 49 49 49 43 9 49 14 9 25 0 6 25 30 9 4 1 49 25 49 49 13 22 49 7 49 36 22 49 25 39 4 49 49 49 39 39 40 30 40 6 18 49 16 33 30 4 49 49 22 49 49 49 46 49 16 49 43 
37 7 37 48 19 7 48 49 22 30 3 6 49 16 39 36 49 49 15 49 1 9 49 45 49 49 21 22 49 36 12 40 49 15 49 48 49 12 9 49 49 48 7 49 49 30 49 1 30 1 6 24 5 6 0 8 14 20 24 30 46 36 49 49 49 1 31 19 49 49 13 49 49 4 49 7 49 15 42 6 49 49 49 46 39 49 30 10 6 42 43 24 49 48 49 49 48 49 7 27 7 
39 25 49 24 40 49 49 31 49 39 49 37 49 49 49 49 45 25 16 49 19 27 1 43 37 49 49 40 7 49 48 13 49 34 49 46 49 16 31 49 39 10 49 49 36 49 42 33 49 15 30 17 26 6 10 0 14 26 26 1 48 49 49 12 48 42 30 49 46 49 22 16 45 4 9 16 12 42 34 4 49 3 49 39 49 33 49 31 49 49 13 13 37 12 13 49 30 6 49 34 19 
49 21 49 39 49 39 16 7 45 28 49 40 49 37 22 22 10 36 42 49 33 49 18 49 49 49 40 13 22 10 9 7 37 49 21 13 4 49 4 49 39 49 49 49 31 3 25 13 37 1 22 23 6 4 12 32 0 26 12 20 49 49 33 49 49 49 12 49 16 24 39 9 7 24 49 30 24 22 9 49 49 1 19 39 46 40 30 49 18 34 48 22 13 24 4 6 49 49 49 36 49 
43 12 49 49 46 27 49 1 49 22 39 49 49 24 3 1 7 4 49 49 22 49 19 1 16 49 49 22 3 49 27 39 3 49 19 49 49 15 13 42 16 19 12 49 39 25 49 34 49 6 16 17 26 10 29 3 2 0 14 28 49 31 33 42 36 46 49 49 27 34 49 40 49 22 39 31 49 43 49 30 22 7 25 49 49 39 49 9 49 49 46 49 46 43 34 49 36 45 49 49 6 
21 49 37 28 27 49 49 31 9 49 40 33 49 28 9 24 49 1 24 49 49 6 36 22 25 49 15 34 49 9 13 49 39 49 49 49 15 21 42 3 12 49 49 28 46 49 49 6 49 49 24 22 15 29 24 16 32 24 0 11 36 31 49 12 31 28 22 16 7 21 16 49 27 10 49 49 4 49 49 49 6 49 45 49 9 19 3 22 10 10 40 49 49 18 48 49 18 49 12 46 49 
1 4 42 49 39 39 49 49 18 27 15 6 4 45 24 28 24 49 49 7 49 21 49 42 9 43 25 22 42 18 37 49 4 49 16 25 49 49 49 49 25 49 49 49 49 16 30 4 36 49 22 14 27 14 9 28 21 26 3 0 49 15 31 1 16 6 36 6 9 15 49 49 1 6 49 7 49 30 49 49 49 45 27 34 37 31 12 13 4 9 49 12 49 36 22 1 45 49 27 16 21 
45 49 36 21 22 3 49 27 34 49 25 7 49 42 34 19 45 15 49 49 49 19 27 27 27 49 21 49 30 39 7 49 49 49 22 31 10 9 49 49 49 39 3 7 22 49 3 25 49 48 49 13 49 49 49 42 1 49 49 18 0 28 31 8 12 26 28 11 7 11 34 49 7 40 19 49 19 18 18 49 21 15 49 49 28 49 49 31 48 49 45 21 19 49 49 49 49 49 7 12 43 
36 19 34 7 30 49 49 49 6 49 36 7 37 30 9 27 39 49 49 34 49 6 22 10 49 49 49 45 49 48 49 49 13 31 49 28 30 49 7 49 39 13 27 46 49 49 49 43 49 33 18 49 42 45 49 45 40 34 49 10 8 0 28 26 18 16 15 14 9 30 27 49 6 43 27 49 43 24 49 7 22 49 49 37 25 42 49 49 39 49 49 49 22 49 33 18 49 49 27 49 16 
49 49 24 49 25 7 42 10 39 49 19 49 30 9 49 48 28 10 21 49 49 49 4 6 49 42 40 27 49 3 33 37 43 49 40 45 12 10 49 49 27 33 49 10 13 36 43 42 49 13 3 10 16 27 1 21 49 25 27 39 16 1 0 6 29 12 23 26 17 20 49 22 36 49 12 24 49 18 7 21 49 42 24 49 21 48 10 30 1 49 36 45 16 7 36 40 10 49 49 42 49 
30 4 48 49 33 1 49 18 27 13 22 43 24 43 16 46 49 33 7 49 49 49 49 21 27 49 37 49 49 49 27 3 49 49 49 39 37 34 49 27 42 24 16 49 49 49 49 43 33 28 49 36 49 28 10 24 30 36 39 25 22 16 18 0 26 4 2 26 3 4 49 1 49 49 49 49 10 49 19 49 18 49 12 49 28 49 49 6 25 49 49 49 18 9 30 30 22 13 49 49 43 
49 49 49 31 49 37 18 19 36 1 46 34 49 21 18 49 49 36 9 49 42 9 18 45 49 21 16 3 25 22 22 40 49 25 49 48 6 49 12 18 28 34 49 25 24 13 49 34 16 31 13 28 49 49 45 49 49 49 43 37 7 7 18 12 0 14 1 15 14 2 10 49 22 24 49 3 49 49 28 43 45 34 25 10 12 49 24 37 31 40 27 3 49 16 12 4 30 49 42 21 9 
22 22 49 49 49 49 37 49 48 21 49 30 49 3 42 36 49 24 18 49 49 7 39 49 31 21 46 49 22 16 24 15 12 46 49 4 49 49 49 7 49 49 22 49 49 3 24 28 1 49 18 15 49 3 27 49 49 27 42 49 4 30 12 26 32 0 13 16 24 18 10 49 49 16 31 49 49 28 48 13 49 31 49 49 30 49 46 49 48 49 33 49 42 39 49 49 45 9 3 18 49 
49 4 39 43 49 40 28 37 49 15 49 49 30 46 49 49 28 49 22 16 39 7 10 15 40 33 49 25 19 49 6 13 21 49 49 4 49 9 49 49 24 49 49 49 7 12 45 36 16 49 37 46 12 37 31 4 36 49 37 49 18 26 6 10 1 25 0 4 25 24 40 49 49 1 18 1 49 10 49 49 9 48 42 22 49 49 49 24 49 22 7 4 6 36 3 45 37 21 49 49 49 
49 49 49 49 40 33 19 49 49 49 4 27 27 42 42 21 49 22 46 4 40 49 49 49 39 49 48 49 49 33 39 21 49 39 49 49 12 34 49 15 49 49 46 49 21 15 49 49 46 49 31 10 45 6 49 24 33 48 10 24 5 20 17 24 10 5 11 0 19 6 18 49 1 1 37 37 24 13 49 1 49 49 49 36 19 49 6 33 10 6 10 12 33 25 39 9 49 12 39 25 49 
49 10 49 49 37 49 49 30 31 49 49 49 49 49 49 34 25 33 13 1 31 49 12 49 1 48 49 49 49 49 49 42 37 18 49 49 49 27 27 48 24 9 30 9 18 24 49 40 49 21 33 49 27 7 34 46 33 37 12 48 23 18 23 26 4 26 22 18 0 28 34 49 16 49 49 49 27 30 4 25 15 24 1 21 34 40 3 45 49 49 18 4 3 15 49 49 49 49 49 49 6 
12 19 49 16 28 49 49 46 49 42 34 19 16 49 49 30 31 49 48 49 25 39 49 1 49 37 49 42 22 30 16 22 19 13 37 49 49 49 22 18 40 10 31 25 40 4 49 49 49 22 9 22 49 13 27 9 49 24 6 39 6 15 31 24 29 9 7 9 2 0 25 49 27 49 30 49 49 27 49 28 13 13 36 40 48 9 31 49 49 40 9 46 49 34 49 12 12 21 49 49 46 
28 19 22 4 49 49 49 46 49 4 1 13 25 10 49 9 22 30 24 33 39 49 30 13 30 19 49 49 37 13 30 49 49 3 49 13 46 15 49 49 49 25 49 4 42 16 49 18 49 48 46 19 15 3 49 13 49 21 27 21 30 49 13 12 40 43 49 49 37 49 0 10 14 17 25 26 16 13 28 14 49 49 18 49 39 49 49 7 49 1 49 22 21 15 36 10 49 34 37 49 25 
24 49 49 25 49 28 46 46 42 25 6 49 49 49 6 34 37 16 19 49 36 46 39 49 19 16 45 49 49 10 49 27 45 13 10 15 36 3 10 16 3 7 49 36 33 48 49 39 10 16 49 28 37 49 49 3 19 10 49 18 24 49 7 3 24 39 49 34 9 49 29 0 8 2 32 28 6 22 12 12 49 49 49 28 7 25 9 37 49 18 27 24 49 37 21 45 13 49 49 46 24 
27 37 12 49 49 45 49 7 10 49 49 22 49 49 49 49 22 49 16 1 7 31 49 24 15 24 49 4 13 48 19 1 49 22 34 28 49 28 9 49 49 49 31 25 18 18 1 34 1 49 46 49 40 49 7 49 40 24 49 24 49 18 21 10 30 33 39 12 49 13 6 8 0 15 23 10 6 26 26 16 36 15 27 31 24 40 24 30 49 49 6 33 46 49 28 49 33 4 49 10 25 
21 39 45 30 49 3 49 36 30 49 10 49 49 19 22 28 16 43 49 49 49 13 43 3 1 19 34 19 22 39 39 49 39 9 49 49 31 3 25 27 12 49 16 21 34 34 39 37 49 48 49 7 49 49 49 49 49 49 34 49 1 49 49 49 34 25 12 3 49 6 23 24 2 0 10 16 4 23 20 28 22 27 1 49 27 16 25 16 49 39 21 18 9 49 49 19 39 37 39 12 36 
49 25 49 49 4 15 49 6 49 40 22 49 49 33 30 49 19 49 21 37 34 49 10 49 12 49 18 49 12 40 7 3 49 49 34 24 37 49 49 49 49 43 3 33 12 18 3 36 49 1 36 31 49 49 49 49 49 24 49 49 49 6 49 49 24 33 19 40 46 27 6 11 24 20 0 15 14 4 1 6 22 49 12 34 19 30 15 49 21 42 24 9 13 49 49 33 42 30 28 10 13 
49 49 49 49 49 43 49 3 30 30 49 40 10 49 46 27 49 28 46 49 49 49 19 45 22 49 6 36 49 42 49 49 36 49 39 24 28 19 13 7 49 49 19 39 16 43 37 16 24 49 49 49 27 42 1 49 45 49 49 34 49 49 27 45 49 49 16 30 21 24 20 28 22 3 27 0 28 20 8 28 6 49 7 4 33 45 49 10 33 49 16 9 9 18 48 49 49 36 13 49 6 
49 45 7 49 19 49 1 49 33 49 31 40 10 22 16 46 49 19 49 49 6 49 9 48 25 49 49 49 37 49 49 15 4 49 39 1 49 49 49 30 1 49 1 40 1 36 1 30 39 49 43 4 49 28 49 22 12 10 28 9 49 27 16 7 19 28 16 33 37 36 15 16 18 9 30 26 0 22 4 8 49 49 49 1 22 49 27 31 49 22 40 13 43 49 4 28 3 49 49 22 9 
37 4 12 19 9 36 37 25 10 31 21 15 45 49 49 42 22 9 33 30 42 22 49 24 49 49 49 49 22 49 31 12 48 46 34 4 49 49 49 12 49 49 36 31 21 49 49 49 49 39 6 12 1 49 28 10 10 37 43 45 49 49 13 19 37 40 42 33 19 39 29 12 17 18 8 18 30 0 14 16 6 28 18 42 6 39 39 9 22 49 49 49 4 9 1 4 43 28 21 40 6 
49 16 25 48 31 46 30 22 15 45 16 18 49 10 42 31 49 37 49 49 7 6 49 19 49 37 13 30 49 43 49 24 49 37 49 16 49 15 49 49 30 33 1 18 21 48 49 46 39 49 6 13 3 49 49 49 21 49 15 46 4 49 6 49 19 49 45 49 43 18 2 14 2 27 2 20 8 28 0 27 49 49 12 45 25 4 49 49 49 34 10 42 16 15 3 21 16 18 10 7 24 
49 19 7 49 42 46 7 9 7 6 3 25 42 3 49 27 48 49 34 49 49 21 42 49 7 13 10 13 49 6 40 18 40 49 49 49 48 27 19 19 28 42 30 49 12 49 31 22 12 21 30 49 46 42 49 22 28 18 49 49 33 49 12 49 24 49 21 37 49 45 20 22 3 21 22 28 32 10 26 0 4 49 4 25 33 4 49 49 37 49 4 49 25 30 10 46 13 49 39 49 49 
12 10 42 49 49 39 21 21 43 31 49 22 25 18 48 16 49 13 49 49 49 49 49 13 49 19 12 49 37 49 49 13 45 49 40 18 49 43 30 36 30 3 12 7 4 49 49 49 39 21 19 49 15 49 22 49 49 49 10 49 40 7 49 49 22 49 39 49 39 45 7 42 31 49 1 49 15 48 16 49 0 22 32 20 12 22 19 5 12 2 49 28 27 43 33 49 24 9 12 48 49 
43 42 49 24 46 49 49 49 27 49 19 49 49 16 27 39 39 49 49 49 39 49 36 49 48 49 49 1 49 49 31 49 49 24 30 37 19 24 49 4 30 33 3 25 28 49 49 49 27 39 49 48 21 6 48 36 48 4 45 31 49 40 49 28 49 49 4 49 49 49 7 9 9 25 49 18 49 49 36 49 26 0 29 10 9 7 22 24 2 16 12 3 30 49 48 49 49 49 39 37 49 
49 3 49 31 49 15 21 49 42 49 25 25 49 7 7 49 10 3 4 34 49 49 49 49 21 49 42 40 37 4 49 33 49 49 49 13 22 39 45 39 49 49 49 49 18 15 18 49 9 31 49 28 18 15 48 30 21 19 25 49 27 49 33 40 7 13 36 21 49 27 7 4 1 49 22 1 36 49 21 13 24 32 0 7 19 24 25 10 24 32 49 13 48 34 49 30 42 33 37 33 49 
49 49 6 7 49 49 42 48 49 49 49 37 49 16 3 43 43 49 40 34 4 48 1 43 21 49 49 49 3 49 49 49 27 1 49 46 49 28 6 22 16 49 49 49 13 24 43 4 36 27 30 49 16 49 33 46 40 4 49 1 12 3 49 43 49 22 49 49 43 39 49 37 31 24 10 45 15 46 16 4 24 31 10 0 23 18 21 21 30 2 49 36 49 49 1 49 19 36 36 28 45 
40 42 31 3 49 49 21 49 28 49 9 49 24 28 28 22 42 43 31 49 18 49 46 22 4 46 49 21 49 21 42 33 49 49 48 25 49 49 30 49 27 43 49 21 30 21 49 46 25 15 39 30 4 49 37 39 36 49 1 15 49 4 36 49 49 28 1 49 25 4 43 42 49 49 24 49 49 16 24 10 27 6 5 11 0 8 17 12 1 29 49 18 18 15 31 45 19 49 40 49 15 
45 49 43 25 24 49 49 25 49 37 30 7 16 18 3 28 12 49 43 7 49 49 6 49 49 49 49 49 49 45 25 49 18 49 42 4 49 49 49 49 30 34 1 49 49 28 49 22 46 49 49 49 36 49 43 36 49 7 33 49 49 49 39 19 15 30 30 43 49 45 3 10 49 37 36 21 31 49 40 10 22 14 5 29 12 0 28 19 2 19 49 49 25 49 49 49 31 19 49 43 21 
46 49 49 21 46 49 25 4 12 6 16 49 45 40 49 49 7 49 40 10 49 6 49 30 49 49 49 24 15 49 10 12 9 36 3 49 22 49 49 24 22 49 39 4 12 27 42 31 25 49 49 30 18 12 48 40 15 7 49 48 31 4 49 24 19 25 37 49 34 37 49 33 48 9 49 13 21 49 30 49 28 18 24 5 2 12 0 17 27 6 40 24 43 3 49 49 13 10 10 39 34 
4 49 28 49 6 3 49 49 24 28 43 36 49 4 24 49 12 49 49 33 49 16 34 46 49 28 12 49 46 45 49 31 24 6 1 49 49 24 49 33 16 31 15 49 36 49 49 49 49 13 28 34 24 30 21 39 49 37 13 49 49 12 34 43 22 43 24 49 49 49 33 45 49 43 49 37 49 49 49 19 12 29 3 4 10 20 25 0 18 16 49 49 31 49 49 22 4 28 12 49 34 
49 12 49 49 39 27 16 27 19 49 28 16 22 49 28 49 49 10 3 49 10 49 28 4 49 9 13 28 33 49 15 27 45 45 49 18 13 49 49 37 21 39 3 37 6 49 9 45 49 49 49 46 7 7 15 27 49 49 33 49 13 33 27 49 34 49 36 49 18 49 49 49 36 49 36 49 6 16 49 49 31 12 27 22 16 22 9 12 0 28 49 45 49 9 33 6 24 49 49 49 34 
49 49 15 37 49 42 39 31 27 6 10 49 49 42 49 21 19 40 34 49 42 33 24 16 49 12 34 39 49 49 28 49 43 22 19 49 33 42 49 21 18 34 40 49 49 49 40 22 49 31 21 49 24 21 49 49 6 49 25 45 9 18 28 49 49 6 24 18 6 30 16 22 49 45 7 49 42 49 49 19 10 6 18 3 2 14 19 26 28 0 49 49 1 10 49 24 7 16 49 16 49 
49 3 49 49 49 4 12 39 25 49 43 42 33 24 49 10 49 49 49 49 49 15 9 49 49 40 25 6 4 49 37 43 6 27 36 49 22 46 40 49 3 49 49 49 49 22 6 39 49 48 45 6 27 49 34 25 7 27 49 49 7 31 3 22 40 46 49 24 49 7 39 19 28 25 31 21 25 48 36 24 3 33 18 13 40 42 28 42 16 21 0 13 23 4 14 12 22 4 3 21 49 
39 46 33 49 21 4 16 37 25 27 34 49 49 49 24 49 19 18 13 1 18 15 30 49 3 18 39 22 9 6 43 18 15 33 19 1 24 45 49 18 46 49 36 18 6 3 22 10 30 25 36 39 49 31 33 48 49 49 49 49 31 49 49 25 16 37 49 16 49 49 49 15 27 16 9 49 45 1 15 40 40 27 9 49 49 46 49 7 42 25 25 0 30 31 12 27 12 26 30 3 1 
43 3 49 21 16 1 15 49 21 49 46 3 49 49 49 45 49 33 43 16 48 27 49 27 28 15 31 24 49 9 49 18 49 36 33 49 39 27 49 49 49 49 49 49 49 28 43 30 3 49 28 46 42 42 15 10 49 42 36 18 7 40 49 49 49 49 31 19 22 46 24 49 16 34 49 49 42 19 45 49 27 49 13 49 49 3 49 16 15 15 32 13 0 23 32 4 7 16 25 9 25 
4 40 49 34 31 49 49 48 36 49 22 31 49 49 49 4 22 45 43 49 16 49 45 49 49 10 42 49 45 39 30 22 49 15 10 33 46 15 27 19 18 12 7 49 37 36 49 22 49 49 49 15 6 28 49 33 37 49 49 43 21 49 6 49 49 49 49 24 7 49 49 49 49 24 39 9 7 16 10 49 49 49 40 31 24 9 1 6 49 49 7 16 10 0 32 24 17 30 2 28 31 
49 9 4 49 12 49 45 49 25 22 27 49 6 31 21 49 24 49 49 12 9 13 25 36 40 28 1 30 34 49 36 49 42 30 49 7 49 49 13 10 49 16 25 34 25 49 49 49 49 27 49 7 21 49 36 34 49 25 49 24 19 22 49 49 4 40 46 12 43 49 9 10 40 7 28 49 28 25 49 19 12 43 49 49 45 4 22 49 33 4 0 16 15 20 0 26 19 28 4 30 25 
18 40 4 43 49 42 49 40 37 36 49 4 43 13 49 49 6 43 49 49 48 6 19 48 9 49 49 49 49 49 16 39 49 16 43 49 36 46 49 10 34 4 48 30 49 22 42 45 43 4 25 28 1 22 42 4 49 30 49 40 49 49 31 39 42 10 49 31 12 18 21 9 34 46 49 16 49 39 12 27 33 45 45 7 49 25 9 33 49 21 23 6 18 13 31 0 1 14 6 21 49 
30 15 49 49 12 49 21 7 49 49 49 45 40 25 25 1 4 6 24 33 49 45 4 31 3 49 3 19 10 12 34 49 49 49 33 49 10 27 31 1 22 13 40 49 49 9 49 49 45 37 16 49 15 13 49 3 49 45 24 12 12 9 9 7 7 18 28 49 49 28 9 49 49 6 49 10 15 49 42 49 15 49 4 13 6 12 22 31 49 3 32 26 8 18 7 27 0 10 12 16 1 
37 40 28 19 25 49 9 1 33 19 37 30 15 19 49 49 33 30 37 49 49 33 49 10 37 22 10 1 21 49 39 45 49 49 37 27 15 18 49 49 34 49 16 27 49 4 49 40 24 7 49 15 49 28 45 49 25 21 45 49 27 12 49 49 49 22 49 6 49 24 28 21 49 10 16 49 7 34 31 40 45 49 49 49 33 49 42 49 24 49 20 9 7 8 17 12 12 0 23 28 16 
34 49 16 4 21 49 43 49 34 16 37 42 49 49 39 43 16 45 49 49 49 27 33 49 21 49 28 49 49 22 48 30 19 49 19 49 6 49 49 42 19 49 30 49 34 49 34 43 1 49 43 22 49 49 40 31 49 22 21 15 9 7 40 49 40 46 9 36 49 49 49 31 1 28 48 49 27 49 49 46 49 49 49 49 9 24 33 16 49 48 14 17 30 2 12 27 14 14 0 6 46 
36 49 16 49 49 34 33 28 49 7 49 24 49 49 24 19 49 34 49 49 18 16 3 36 48 15 36 28 49 9 22 18 49 7 49 13 22 49 49 45 49 49 49 13 27 33 33 49 43 48 24 4 40 49 49 3 25 3 21 3 15 49 49 30 4 49 49 49 49 33 43 31 43 49 31 48 6 49 43 49 49 22 49 49 7 16 33 48 1 49 4 24 4 23 22 19 11 8 14 0 34 
33 49 49 48 3 49 49 33 36 45 3 10 42 49 12 49 49 16 3 49 49 28 6 33 49 49 1 21 36 49 49 21 40 9 28 45 34 49 40 48 49 49 49 46 25 42 49 42 40 27 21 49 3 49 39 13 6 49 24 22 49 30 19 46 28 43 25 49 49 6 49 6 4 49 49 22 49 34 49 7 49 22 46 42 22 4 15 49 7 18 49 1 49 4 49 10 12 31 49 49 0 
