n: 100
m: 4
Pi:U[1-99] 98 85 2 91 13 80 51 82 76 40 93 52 47 74 17 28 96 99 7 95 46 16 72 21 15 95 44 7 90 47 31 78 60 2 76 35 52 34 31 95 6 83 40 95 34 84 77 8 74 56 71 66 35 17 37 55 37 50 3 47 22 73 43 1 90 16 57 90 48 85 80 77 58 47 70 46 61 43 40 31 74 38 86 2 95 85 48 60 67 89 27 51 63 60 36 7 36 23 40 28 
Si:U[1-49]
0 30 14 30 6 25 9 20 12 23 21 37 46 25 48 19 25 33 49 49 13 49 49 45 24 36 49 39 49 21 13 10 42 27 49 49 25 15 49 49 49 49 49 31 9 49 49 49 4 49 1 3 49 42 22 49 49 4 19 21 40 12 21 24 49 9 49 49 3 4 49 33 7 30 3 18 24 49 33 49 45 49 37 3 6 49 49 37 10 45 49 13 37 49 49 49 49 49 27 16 21 
3 0 28 6 16 25 16 16 17 18 33 49 30 1 3 49 6 22 45 49 30 49 46 7 49 6 31 49 27 3 40 21 7 33 24 49 10 40 10 6 40 49 46 49 49 49 19 28 31 40 49 49 25 49 25 49 4 49 49 40 49 49 10 49 12 49 21 49 49 30 46 46 36 39 49 40 18 49 21 49 33 49 49 7 49 16 43 45 39 13 49 49 40 46 49 43 49 16 7 34 33 
11 14 0 9 18 11 16 23 22 14 1 7 36 42 33 27 19 22 33 34 49 28 43 16 49 22 49 9 45 49 37 25 49 21 49 49 12 30 49 39 33 49 49 12 49 49 39 49 49 37 43 42 42 22 30 25 13 39 7 49 49 3 22 21 27 49 45 1 16 25 34 24 36 49 49 49 30 37 49 49 19 4 49 45 49 4 19 43 49 49 49 49 49 16 49 24 27 49 21 49 3 
21 22 13 0 22 22 24 14 22 6 49 48 16 49 33 49 49 42 45 4 49 49 49 9 43 49 13 33 42 48 31 49 49 4 25 49 40 49 49 15 49 49 49 49 37 13 49 22 49 45 49 10 24 18 45 49 49 9 9 49 16 49 7 49 28 49 49 24 49 3 49 49 49 49 34 49 34 13 12 37 49 49 49 49 49 49 1 4 19 49 37 22 49 49 34 43 40 28 49 27 3 
6 18 12 6 0 0 22 8 13 7 16 6 43 37 36 49 33 10 24 30 31 16 49 49 49 49 25 40 7 49 19 45 1 28 49 49 21 33 49 1 49 49 49 49 37 49 33 34 36 49 46 49 45 49 12 45 49 48 10 4 21 49 49 46 49 7 49 1 15 49 39 49 42 49 34 21 49 7 49 49 34 49 30 25 49 49 7 36 49 31 49 21 48 49 49 42 49 6 37 49 37 
21 26 32 6 22 0 23 28 31 10 28 18 15 18 37 43 49 49 6 49 43 48 12 49 49 49 6 18 49 49 49 46 36 49 28 42 49 49 49 39 40 24 25 49 30 12 12 49 49 45 45 43 49 37 27 49 18 16 49 34 49 7 49 49 16 1 49 33 43 49 48 21 10 24 18 49 1 46 19 25 30 49 37 15 49 18 31 49 22 49 6 49 49 36 27 13 9 49 49 9 49 
0 4 27 11 14 3 0 23 31 32 46 9 49 49 22 49 49 3 49 49 18 49 33 36 18 49 21 22 6 49 49 49 9 49 4 49 10 49 34 48 48 49 6 3 9 49 4 39 21 24 16 37 12 49 36 49 48 7 4 49 49 27 49 49 49 49 43 36 18 43 42 36 10 49 31 40 21 46 49 10 39 22 22 45 3 31 34 24 49 36 27 48 40 19 6 45 27 28 12 16 49 
6 25 31 2 18 18 20 0 12 28 37 49 49 27 49 40 1 13 33 24 3 1 37 45 49 49 10 40 4 40 18 45 49 46 34 31 10 19 43 1 15 36 30 4 48 4 36 49 45 4 21 24 15 21 12 49 42 16 21 49 49 48 46 49 49 40 1 49 40 36 25 48 49 39 49 40 46 10 43 49 31 25 43 24 33 12 49 43 49 34 49 36 24 19 27 49 49 49 49 49 12 
4 6 24 25 30 14 23 7 0 3 3 15 7 49 30 16 16 33 36 28 46 49 36 49 3 36 48 37 25 34 9 43 49 30 18 18 49 49 43 27 16 49 24 9 24 49 49 49 49 49 21 49 27 49 42 49 49 33 46 46 49 37 49 49 49 39 3 15 49 49 49 31 49 49 46 7 33 1 49 49 49 39 49 49 40 49 37 12 3 33 13 49 49 40 49 36 1 49 49 49 49 
28 0 18 22 12 22 6 28 20 0 40 22 39 49 1 15 49 49 48 49 49 49 49 37 48 24 49 37 49 4 49 49 49 6 49 4 30 15 22 15 13 16 39 42 16 49 34 49 49 4 42 49 34 49 40 4 7 48 6 30 49 40 49 9 24 49 48 12 18 15 45 22 49 48 49 9 49 19 36 28 15 19 12 49 36 49 49 37 36 19 43 33 49 19 28 49 3 49 1 9 49 
7 39 49 37 3 37 27 49 49 6 0 21 21 30 5 32 30 30 16 30 49 42 18 49 34 4 49 49 40 6 18 49 36 49 34 1 49 49 49 30 3 12 3 21 49 49 49 1 49 21 49 49 49 49 49 9 49 42 1 49 21 45 49 39 46 49 49 43 49 49 21 25 37 49 49 7 49 49 19 33 25 34 12 27 49 49 49 42 49 49 49 15 19 21 49 9 40 10 49 49 49 
15 6 49 4 45 45 49 22 49 49 12 0 26 24 2 2 1 27 4 21 13 49 1 19 49 49 43 13 49 36 42 49 22 49 30 49 48 16 3 49 34 34 6 49 19 18 49 49 42 3 49 18 49 3 43 21 19 49 45 46 30 49 30 24 49 49 49 13 1 46 31 49 28 49 34 30 49 27 27 48 49 12 27 4 49 25 49 36 48 37 37 49 30 43 49 49 19 43 25 49 42 
49 49 12 16 33 18 19 28 31 49 20 9 0 14 12 7 9 27 32 18 37 22 49 48 49 6 34 28 43 18 42 37 49 46 49 28 9 49 49 31 15 49 27 19 9 18 19 39 45 27 1 13 46 49 7 49 28 49 49 10 4 46 45 49 18 15 15 37 49 3 49 21 49 18 24 43 49 25 34 49 25 49 49 49 49 7 10 43 48 49 7 49 25 49 49 10 36 19 49 49 42 
49 31 31 49 6 49 34 49 49 4 14 27 18 0 18 30 12 29 25 22 28 18 15 18 46 27 43 25 49 40 49 49 49 40 6 49 48 6 31 40 49 49 49 7 18 22 19 46 49 49 49 28 28 49 49 4 12 13 49 46 33 18 27 10 19 49 27 37 49 40 49 37 49 15 49 21 15 49 4 9 48 45 25 49 1 49 49 13 1 12 6 36 45 24 49 46 7 40 12 30 49 
25 9 7 49 22 16 49 49 10 49 7 16 32 10 0 10 12 22 15 32 49 49 49 3 49 12 49 13 15 49 49 45 36 49 45 49 49 9 15 7 33 39 7 12 49 49 10 10 18 49 42 18 49 49 33 49 42 43 49 37 49 4 3 48 12 12 39 49 49 42 22 49 1 24 49 1 4 6 49 28 49 49 31 49 22 37 3 49 37 49 49 3 40 28 4 3 49 48 24 13 49 
43 49 18 22 36 39 49 46 25 49 8 15 20 24 16 0 26 25 8 18 10 49 48 13 6 22 45 39 40 13 31 46 37 49 6 3 49 19 24 27 25 28 10 3 37 49 49 49 10 46 13 31 9 49 49 24 49 22 49 12 21 40 49 49 22 49 46 49 15 19 37 15 49 40 49 49 15 19 30 19 28 48 3 6 27 46 25 13 49 49 7 3 7 18 6 49 12 49 49 42 7 
49 13 49 16 19 37 27 49 9 49 9 12 22 23 30 5 0 3 20 13 49 3 12 49 43 22 18 42 49 49 10 31 49 28 49 49 24 28 15 49 12 21 7 28 1 7 46 3 33 28 25 49 16 25 49 30 28 31 49 49 46 18 46 12 24 24 27 49 49 49 46 21 49 4 36 31 48 9 12 37 4 3 37 1 49 49 49 49 49 49 22 27 49 42 13 15 16 1 49 4 34 
49 49 49 49 7 39 30 49 49 49 6 12 15 19 4 2 12 0 19 30 42 33 7 12 49 13 6 1 25 31 21 49 3 13 42 49 19 49 10 34 16 49 43 48 49 27 49 49 46 39 49 7 6 7 31 10 10 25 49 28 27 6 49 10 49 24 16 3 34 7 15 27 31 42 12 49 4 36 36 24 49 21 7 49 16 3 48 42 31 28 36 16 16 33 6 49 31 39 49 28 46 
39 21 49 45 49 49 49 9 46 30 13 26 10 27 16 14 27 27 0 18 13 45 49 49 37 49 49 46 27 33 49 49 27 49 49 40 9 49 49 49 39 36 49 6 49 45 4 49 39 31 49 49 25 49 18 31 39 37 24 19 36 15 19 49 39 21 27 49 39 46 4 28 22 49 49 49 49 19 40 49 49 37 43 12 12 49 9 22 4 10 25 6 7 30 45 4 3 21 24 49 49 
49 49 49 33 49 34 10 40 3 33 15 29 27 30 16 31 13 18 32 0 12 6 16 1 49 46 6 4 45 49 49 49 19 25 18 49 49 37 13 3 15 49 9 24 49 49 3 25 49 34 36 3 12 49 13 49 34 49 49 31 4 27 49 49 49 7 13 9 49 49 22 27 39 36 49 30 31 3 21 33 49 43 16 49 18 18 24 4 49 13 25 6 48 19 49 49 3 19 49 49 49 
49 22 27 49 42 24 49 49 30 4 49 16 39 16 49 6 22 46 21 48 0 22 24 14 13 2 23 28 2 21 1 49 49 25 28 49 15 49 37 49 49 4 27 49 49 49 34 34 21 37 49 49 49 37 16 46 49 18 49 31 7 49 49 42 25 39 7 49 18 21 30 15 49 42 37 22 16 49 48 49 25 39 16 15 40 28 28 49 4 49 13 22 46 13 37 19 12 49 21 49 42 
24 49 49 46 42 9 45 49 1 40 49 49 49 40 24 49 13 28 49 16 24 0 22 21 31 12 25 17 19 31 49 37 25 37 49 49 49 30 6 45 39 49 3 49 49 7 3 46 25 49 49 33 7 4 27 19 34 45 49 42 46 19 49 49 12 49 49 49 12 49 34 7 10 48 37 49 21 31 1 49 3 13 30 4 27 13 31 34 28 10 37 7 49 49 13 42 15 49 25 24 49 
42 49 31 49 48 49 45 24 40 49 49 49 49 27 7 4 1 10 19 49 32 30 0 15 2 6 12 15 8 0 9 39 4 9 1 27 43 34 49 49 27 30 16 34 36 49 15 3 27 49 33 21 49 48 49 16 46 22 49 39 49 49 7 27 43 22 22 49 49 49 49 45 49 7 49 49 39 48 33 3 18 45 12 42 49 4 49 6 6 49 9 27 36 19 9 49 49 33 49 49 19 
39 49 49 22 36 49 37 43 7 49 49 40 43 49 49 21 48 15 49 3 13 22 18 0 16 14 17 26 20 17 49 18 49 25 18 18 39 25 49 21 25 43 30 49 12 16 12 49 22 33 49 42 6 49 49 10 43 49 10 25 30 13 43 30 15 15 49 40 49 46 40 1 39 22 1 48 18 39 49 49 49 7 49 28 49 49 21 6 49 30 21 36 25 31 49 49 49 25 49 27 28 
40 13 49 39 49 37 49 49 49 42 49 36 9 46 49 49 13 10 48 39 17 8 16 4 0 18 14 27 30 0 49 28 24 49 21 31 9 49 7 49 49 49 16 3 49 4 19 49 33 27 27 49 43 43 34 43 34 34 19 18 49 7 13 49 19 24 49 33 49 49 31 13 49 16 34 49 27 49 49 24 48 9 49 21 42 40 45 33 49 33 49 25 34 49 6 1 13 46 49 49 46 
37 18 49 43 15 33 27 37 49 42 7 9 16 49 49 16 31 49 49 49 8 32 4 29 6 0 0 31 10 17 40 3 3 49 49 49 49 49 6 1 46 42 31 49 31 49 3 15 49 3 10 49 15 1 22 21 49 39 45 49 49 37 49 49 4 27 49 15 49 49 49 13 31 9 48 10 49 49 49 48 49 49 31 27 37 49 49 28 49 49 40 42 22 49 6 49 42 18 49 49 49 
49 22 15 49 49 1 1 43 7 48 33 46 49 28 49 13 46 27 43 48 25 24 22 14 20 2 0 30 20 32 49 40 49 49 39 15 10 46 21 49 49 48 49 6 9 49 21 37 22 9 49 49 33 28 49 49 49 49 36 40 40 42 49 34 3 36 49 4 22 27 15 18 40 22 43 37 13 12 18 48 30 39 46 39 3 40 49 49 3 48 49 49 9 49 40 49 3 19 49 46 45 
18 49 1 1 28 49 12 3 13 7 49 4 28 49 28 49 18 49 49 6 12 17 30 8 22 15 25 0 19 26 16 15 42 49 40 4 48 36 25 49 16 21 49 22 9 16 15 15 4 45 49 49 33 49 37 49 34 49 49 49 21 31 12 43 49 49 18 49 49 21 10 30 22 33 49 49 48 49 49 49 49 49 18 18 49 18 6 33 45 24 42 24 49 31 49 40 49 28 1 48 49 
48 49 49 39 21 13 34 33 42 19 16 22 46 22 49 49 9 49 49 49 23 20 11 13 22 16 16 10 0 1 49 49 12 19 37 9 49 49 24 24 49 49 6 45 15 49 49 3 49 16 9 10 24 9 15 49 39 12 1 33 49 6 34 49 49 34 24 49 49 7 1 18 42 48 6 25 21 45 33 28 49 1 49 49 24 45 31 31 15 21 30 21 37 15 15 49 19 19 15 49 16 
19 27 6 49 40 18 49 15 49 22 49 37 9 7 49 28 22 46 4 18 24 32 6 6 20 22 27 0 9 0 30 16 49 9 49 30 19 10 49 43 7 49 49 16 49 13 24 40 49 37 21 39 31 15 28 49 3 7 25 42 18 49 30 49 49 3 49 49 22 49 49 49 7 1 3 33 49 49 49 25 49 49 49 22 46 39 3 49 49 6 18 49 13 49 46 16 16 49 33 6 33 
49 49 4 16 46 49 48 22 49 30 49 49 27 49 49 28 36 12 49 49 49 25 49 27 25 33 6 49 49 27 0 14 7 22 24 4 19 28 17 26 30 49 49 49 6 49 27 49 25 30 49 49 4 37 10 49 34 39 21 49 49 49 40 40 25 24 19 19 22 49 49 30 49 43 28 49 49 43 40 31 49 39 24 9 16 15 48 36 45 18 19 45 49 22 7 22 49 43 6 49 30 
49 40 46 33 18 6 24 18 31 49 28 36 4 49 49 39 10 43 28 49 34 40 39 49 6 27 42 49 16 49 4 0 14 26 25 24 8 22 19 9 49 24 36 49 22 49 30 24 49 12 49 30 6 30 49 39 43 46 4 49 49 1 49 43 49 13 49 48 21 49 6 6 49 21 1 49 49 49 6 3 9 49 49 7 10 45 49 27 1 39 49 46 49 46 36 49 1 49 49 49 49 
40 27 49 22 19 4 13 22 49 49 22 49 49 45 49 49 49 40 21 10 27 49 49 10 49 40 6 39 49 28 11 5 0 28 31 15 12 0 26 18 39 27 1 49 27 34 40 49 16 39 49 16 24 49 40 18 16 4 49 49 1 49 49 46 45 18 7 49 49 16 15 40 49 36 40 25 15 1 49 43 49 36 18 34 6 22 49 28 49 12 10 49 49 49 49 49 49 49 22 34 13 
1 36 37 31 1 43 21 10 49 31 43 49 49 49 15 36 27 46 25 31 40 25 48 27 49 9 33 28 36 6 16 12 8 0 25 22 10 30 13 5 39 19 49 49 27 27 12 4 49 49 19 46 24 22 9 49 19 24 36 28 7 7 49 12 49 33 1 49 4 43 6 49 49 3 33 34 49 49 27 27 21 30 19 49 27 49 27 27 49 12 49 30 40 49 49 49 6 48 49 25 49 
46 49 24 49 6 21 12 22 48 49 48 28 49 18 46 42 49 19 24 6 37 28 31 49 6 43 7 4 9 49 10 14 23 6 0 5 14 7 10 0 30 12 15 16 3 25 25 13 49 49 6 10 49 49 43 12 45 49 49 39 49 49 49 37 19 16 6 45 40 27 46 24 49 15 49 1 49 49 39 36 27 49 34 19 49 49 49 25 12 13 49 45 18 28 27 40 28 49 49 18 36 
12 49 10 31 43 49 16 7 49 42 49 49 21 21 45 1 43 19 21 49 7 49 49 24 49 18 43 10 12 4 10 20 23 14 2 0 1 30 10 12 49 16 3 34 16 49 18 49 22 49 21 27 10 7 10 10 49 3 49 49 40 49 46 40 4 49 27 33 9 49 49 10 3 39 46 36 15 18 10 49 6 6 49 33 19 42 49 49 25 19 49 49 12 34 49 1 30 4 49 34 34 
21 21 21 39 49 33 33 34 28 31 16 49 49 16 16 28 25 48 37 28 45 18 9 30 42 21 21 19 36 13 26 32 2 19 18 26 0 19 5 1 49 7 49 36 31 27 39 13 3 40 39 1 34 49 45 18 45 39 48 18 49 43 25 9 10 49 16 49 49 42 24 49 9 49 39 24 49 49 49 21 43 28 6 49 15 49 49 49 49 19 13 49 49 13 49 49 40 49 49 24 43 
49 49 49 49 49 49 34 48 33 34 28 49 49 49 48 25 49 25 40 45 1 22 30 40 40 49 7 18 49 42 9 7 30 25 22 32 9 0 16 8 49 13 49 22 42 7 13 13 36 49 24 34 49 15 4 49 36 9 25 40 40 49 49 10 21 3 49 49 22 49 34 40 12 49 25 49 12 22 30 49 49 49 19 6 49 49 12 30 27 6 49 1 33 13 18 6 4 25 49 49 49 
36 49 49 25 45 49 49 34 16 45 18 34 49 27 49 49 4 37 18 46 31 16 49 22 46 12 49 49 34 27 28 31 14 29 20 15 6 18 0 26 25 49 49 16 36 22 49 49 15 9 49 49 31 45 28 31 49 7 49 49 49 49 49 49 49 49 31 18 4 49 49 18 33 37 49 19 27 49 48 49 6 33 4 13 15 21 49 49 3 18 49 49 49 27 49 49 21 10 49 34 49 
49 49 49 1 49 27 49 49 12 49 31 15 12 24 31 49 49 49 18 42 7 42 49 49 49 49 3 49 49 49 12 10 18 32 26 2 27 21 29 0 39 49 49 40 16 49 49 12 49 49 28 49 49 49 13 49 49 43 27 31 39 15 49 40 30 49 42 9 15 25 49 12 21 39 40 7 9 46 9 49 30 7 6 3 10 28 39 25 36 49 6 28 49 49 49 21 6 31 18 49 49 
49 49 49 49 49 49 49 49 13 25 37 6 49 49 46 25 49 42 13 49 43 7 48 22 18 46 49 12 36 49 49 13 42 49 49 46 49 25 49 49 0 18 31 27 22 19 4 32 16 2 49 42 49 13 24 3 7 4 49 7 40 18 21 39 49 49 49 4 49 9 49 28 22 37 49 4 49 30 49 49 4 49 18 49 49 49 1 30 34 49 49 49 37 49 3 3 13 30 49 42 39 
24 49 4 10 45 33 21 49 49 1 16 27 9 45 45 28 49 49 49 15 49 49 27 39 37 36 49 15 1 33 49 42 22 42 15 40 28 25 40 34 17 0 29 15 15 4 0 16 10 0 1 36 42 21 27 49 18 6 48 33 49 28 30 4 46 49 28 28 24 25 40 49 21 48 25 49 18 22 21 49 49 49 42 49 49 49 49 1 12 15 49 36 22 36 43 31 48 15 7 49 25 
45 49 49 43 25 37 18 39 34 30 10 6 49 49 36 30 49 49 28 49 12 39 42 49 49 12 7 49 22 21 49 43 21 10 21 48 49 19 15 49 18 6 0 30 6 4 24 32 10 24 24 40 31 39 49 49 13 42 49 31 22 49 18 27 24 49 39 7 49 49 49 15 49 28 46 46 30 15 49 34 3 49 40 24 49 4 49 6 49 24 1 49 48 49 34 9 6 49 13 6 9 
45 33 49 49 49 30 33 13 24 49 33 42 37 36 49 13 33 49 49 49 43 49 49 7 49 36 49 36 27 3 16 12 25 40 39 42 49 15 49 49 2 4 22 0 26 0 28 20 31 13 49 49 31 24 49 9 25 49 49 37 49 49 7 49 25 10 31 49 40 49 19 49 49 37 36 49 49 28 21 48 48 10 9 31 49 31 49 21 48 21 43 34 45 18 49 46 49 39 30 49 49 
31 49 37 49 49 45 37 4 46 49 15 43 24 49 42 12 49 21 21 49 39 49 12 9 6 19 34 24 49 6 49 49 28 48 40 21 49 49 49 37 26 1 26 18 0 24 6 28 3 27 49 33 45 49 30 42 39 19 39 40 6 49 49 31 49 43 49 49 15 39 6 49 49 49 49 34 49 34 43 49 49 49 36 18 49 28 24 49 49 45 28 31 49 49 49 4 18 34 4 43 49 
49 49 49 6 25 40 24 4 15 49 19 49 49 49 19 15 3 31 1 1 7 42 49 46 37 46 43 4 46 49 21 31 49 46 12 45 25 49 15 49 4 28 20 11 16 0 20 4 13 18 49 40 33 42 3 36 13 46 40 18 30 49 21 10 48 1 49 10 15 18 10 31 10 49 15 18 27 49 24 24 22 49 49 40 1 49 7 24 43 7 24 9 12 13 10 25 49 9 19 12 49 
12 13 49 49 33 7 49 9 42 49 15 16 49 49 43 49 49 33 49 18 13 18 49 30 34 49 49 49 31 37 49 37 49 42 19 4 25 33 49 49 2 20 23 2 12 3 0 2 6 4 1 30 27 49 49 46 49 24 9 49 49 27 46 49 6 19 4 49 49 13 49 36 49 49 49 49 33 22 49 49 49 45 24 10 6 4 49 40 12 49 46 49 40 18 10 49 49 49 36 25 49 
49 49 10 49 37 10 3 7 27 31 12 10 12 18 49 43 7 45 49 49 49 40 49 49 12 36 48 25 27 40 25 49 39 24 3 49 49 49 49 49 10 10 7 1 7 10 29 0 9 17 49 49 10 4 49 7 21 33 43 43 22 49 49 27 36 6 33 46 45 49 7 49 49 49 28 16 40 16 9 49 49 49 1 49 34 19 28 1 18 49 19 27 49 31 4 24 3 31 1 45 46 
3 28 43 49 4 49 46 40 6 49 12 9 4 49 49 46 1 3 10 28 15 49 49 49 49 49 49 16 6 49 3 49 18 34 22 21 24 49 18 49 12 30 7 4 18 12 5 9 0 24 49 49 37 37 49 49 15 4 49 49 34 49 49 43 25 13 49 46 21 15 33 27 16 6 33 49 39 49 46 22 34 46 49 43 30 43 25 46 10 49 49 49 34 3 49 49 49 22 49 49 22 
9 13 49 27 49 46 34 30 4 49 49 12 49 10 49 30 24 13 43 49 42 42 3 49 49 48 10 43 49 40 13 36 1 49 1 46 1 37 49 49 1 3 10 1 1 23 15 16 22 0 49 12 49 12 49 49 45 10 7 49 39 37 49 4 31 49 49 21 30 16 7 49 7 49 49 49 49 15 28 16 49 10 49 9 49 22 34 7 49 18 4 30 49 15 16 49 49 49 40 49 49 
22 49 49 19 25 3 16 34 31 49 25 30 24 18 6 28 19 49 49 49 46 4 7 15 36 28 19 18 33 39 1 48 48 37 19 49 15 49 49 49 12 49 28 24 49 49 10 43 18 49 0 9 5 32 0 6 2 24 20 5 24 34 18 33 15 21 45 49 43 49 49 12 31 30 13 40 45 22 49 40 6 39 12 49 49 49 49 49 21 49 12 9 37 49 10 18 16 49 21 49 49 
21 49 49 19 1 3 49 49 31 49 49 10 28 22 3 45 49 37 22 49 4 9 13 49 6 49 19 43 49 15 39 21 49 21 49 37 24 15 49 21 49 45 46 49 49 28 7 49 7 49 5 0 28 2 30 22 18 10 31 4 49 19 16 49 49 49 7 22 49 40 6 49 12 40 15 49 6 34 4 30 3 49 3 42 21 37 36 43 42 49 49 18 9 36 49 49 24 49 49 36 40 
31 49 4 48 39 34 39 13 31 43 1 31 49 4 49 49 25 48 3 49 49 46 49 49 3 49 49 49 18 49 30 48 49 49 3 28 49 42 1 24 49 9 12 21 27 49 27 49 49 40 30 3 0 30 8 18 25 11 14 22 25 19 34 22 49 34 7 49 49 13 22 31 12 10 12 33 22 21 49 36 37 27 49 42 10 27 49 6 46 1 19 16 21 49 49 25 49 3 49 42 22 
6 49 36 45 18 49 39 49 49 45 34 34 46 15 1 6 43 34 49 21 15 49 19 49 28 49 49 34 18 34 1 33 49 43 18 49 40 49 49 42 49 34 49 33 49 49 46 25 31 27 2 22 2 0 5 14 14 16 28 6 1 42 9 9 13 9 33 30 49 6 25 49 49 1 46 49 33 49 37 43 15 4 48 49 49 40 39 25 49 33 37 49 49 33 49 18 49 42 9 18 33 
28 49 22 1 49 30 16 49 27 49 10 49 49 3 21 27 31 12 1 49 9 31 49 42 49 39 49 18 22 49 28 42 42 49 42 42 49 6 46 3 49 49 7 10 39 37 30 49 36 42 17 19 31 20 0 28 14 32 4 7 37 25 25 19 1 49 4 34 49 48 40 18 42 49 18 49 18 49 49 46 12 49 49 49 49 12 46 39 31 28 49 37 49 21 12 30 25 43 30 49 24 
49 33 16 15 49 27 4 49 24 30 45 49 34 6 49 49 37 49 18 49 39 36 10 34 49 49 7 30 49 6 3 49 49 49 37 49 40 24 49 49 49 49 49 4 7 49 21 27 49 49 14 28 20 8 24 0 17 22 24 17 22 49 16 33 49 18 16 48 49 43 49 49 49 40 16 42 49 49 49 33 7 12 49 49 49 49 13 34 49 27 1 45 13 25 15 49 49 30 10 10 49 
16 49 25 31 49 19 49 49 49 49 49 36 40 36 49 31 49 3 49 49 49 43 49 43 40 6 16 19 28 3 48 49 22 43 36 15 30 4 37 15 12 40 49 3 24 13 3 33 49 49 27 32 6 3 2 28 0 32 30 13 49 49 43 37 49 18 49 1 15 7 19 9 12 49 46 27 25 49 43 49 33 49 30 16 31 13 15 12 42 6 15 49 21 28 49 49 28 27 49 49 49 
49 49 49 43 24 15 49 49 9 3 6 42 13 36 42 49 49 42 49 15 49 49 49 21 49 39 46 7 49 12 40 48 45 16 31 49 49 9 36 49 49 34 6 7 49 4 10 49 24 34 25 17 6 2 14 25 7 0 2 24 28 30 49 31 46 46 39 49 6 33 49 49 49 49 49 42 49 49 16 39 9 49 49 49 49 4 19 28 36 49 49 49 24 22 10 1 49 49 10 28 19 
49 34 49 15 19 49 39 21 21 27 12 3 49 49 12 9 3 25 25 49 42 49 49 34 49 49 12 49 18 9 49 22 46 24 46 24 49 49 36 24 49 49 49 34 34 28 18 27 27 7 1 23 8 30 16 1 6 16 0 26 1 49 22 16 49 49 49 43 49 18 49 33 15 49 12 16 49 31 22 19 49 39 40 49 1 46 37 16 18 21 36 49 49 21 49 49 3 49 18 1 40 
46 1 28 28 27 1 21 3 42 49 49 3 33 31 34 48 24 21 4 49 40 28 24 49 33 30 49 31 49 25 12 22 39 1 24 22 49 33 40 49 40 10 49 49 34 49 6 42 49 25 13 7 10 1 7 24 25 31 26 0 37 48 49 49 40 49 49 49 25 49 49 25 49 21 49 49 24 39 39 49 49 37 45 15 39 42 31 33 49 25 42 49 49 22 13 27 49 4 36 24 49 
7 49 12 16 6 18 43 49 34 28 1 3 22 49 36 30 49 49 19 49 22 15 16 7 21 49 49 25 49 21 4 30 48 31 21 49 34 22 12 21 49 40 6 18 7 42 49 9 24 39 46 4 25 49 31 3 49 49 19 49 0 4 1 24 14 20 24 22 0 10 12 49 49 24 49 36 43 25 49 30 28 21 49 49 49 13 49 49 49 30 49 49 30 36 39 9 3 49 46 36 49 
7 27 7 12 49 45 40 49 49 49 12 12 49 43 49 15 49 42 49 49 49 49 24 49 49 49 48 49 31 6 49 45 16 49 49 49 45 49 49 27 27 24 49 34 21 46 45 42 49 30 10 49 4 49 28 49 27 4 49 25 25 0 32 26 4 28 17 26 29 2 31 3 49 49 49 15 18 49 24 28 31 49 42 13 49 1 34 49 19 16 34 22 39 6 27 49 49 22 21 46 42 
49 21 49 3 45 18 49 36 49 3 6 45 45 49 10 49 49 49 24 15 49 28 19 40 49 42 49 39 10 40 49 22 18 27 49 49 49 10 16 33 49 31 9 4 27 45 4 16 49 28 40 49 10 49 40 49 18 40 42 3 16 8 0 10 9 4 32 25 7 14 49 40 10 40 49 15 49 10 7 34 49 49 15 49 49 25 43 31 49 49 49 19 1 37 49 22 49 27 9 49 49 
45 27 49 27 1 12 9 3 48 49 30 31 49 48 49 49 49 30 19 49 28 49 49 49 42 40 49 43 49 49 9 18 49 21 31 49 24 24 49 24 4 12 27 3 36 10 45 1 49 49 27 34 49 49 49 49 33 49 16 49 8 28 12 0 19 9 10 30 1 8 40 49 49 10 3 28 49 49 33 49 27 49 49 49 36 9 49 22 10 48 12 19 49 48 19 36 49 49 49 12 49 
49 39 48 49 31 10 12 1 49 48 40 49 49 49 49 49 49 7 49 13 49 22 3 33 4 27 28 49 16 25 10 13 1 49 33 13 49 49 31 16 49 6 49 49 49 49 10 49 49 49 6 43 31 49 24 46 49 49 46 49 11 22 13 13 0 24 15 15 17 28 12 49 49 43 40 49 49 49 4 16 4 49 18 21 49 27 49 24 49 40 39 49 31 49 39 49 28 46 49 6 4 
49 27 45 49 13 22 24 12 6 4 42 49 49 49 30 42 28 42 49 1 39 30 49 19 49 49 34 33 19 6 49 46 25 49 49 3 45 27 22 49 13 27 49 48 42 46 49 4 27 3 33 42 49 49 18 49 12 18 49 49 12 30 22 16 18 0 1 4 28 10 30 37 18 13 28 1 49 49 25 49 12 42 13 6 33 36 49 21 16 46 9 9 49 16 42 49 22 27 43 49 48 
10 49 49 22 24 36 27 48 49 49 24 4 49 49 40 31 31 3 49 49 39 7 49 46 49 49 15 4 49 49 21 3 12 9 33 49 49 13 22 42 24 43 49 49 40 19 40 25 7 28 21 49 4 36 49 19 49 9 31 49 22 3 30 10 12 4 0 29 10 12 21 22 49 9 39 21 10 49 4 49 43 4 42 49 49 18 7 34 24 49 31 39 34 43 36 18 1 49 13 49 49 
4 9 22 49 49 43 31 25 49 28 19 43 12 49 25 4 31 36 49 1 30 48 49 16 6 49 31 39 28 21 36 16 25 3 49 49 49 21 34 49 49 49 49 49 15 30 36 16 45 43 49 6 13 37 15 49 16 34 28 22 12 12 4 12 7 6 10 0 14 21 49 16 46 12 6 19 49 31 49 30 12 49 49 49 49 28 49 49 34 48 27 28 49 49 30 49 19 31 6 49 49 
24 16 15 49 18 13 49 36 49 40 49 27 13 15 49 9 49 49 49 16 36 48 6 49 49 49 49 48 49 46 24 49 49 1 40 30 49 46 49 22 48 49 27 39 42 49 37 49 49 43 7 49 49 19 49 46 16 49 21 45 28 8 20 9 1 10 19 0 0 29 30 36 49 9 6 49 3 49 49 49 43 30 15 42 33 49 49 49 6 19 25 34 27 37 49 49 45 49 43 30 27 
43 28 49 1 46 15 12 49 49 27 21 30 18 49 40 40 49 10 3 16 12 49 42 49 49 18 49 4 43 48 4 49 39 36 6 49 15 49 22 40 28 49 24 18 3 7 19 18 49 49 30 3 49 49 9 1 34 21 49 49 6 17 2 13 1 14 3 31 18 0 18 34 3 19 30 24 22 49 49 49 10 36 49 49 42 3 19 6 3 49 33 13 9 49 30 27 49 49 49 1 40 
49 49 49 49 49 49 42 18 49 33 15 49 24 6 19 37 49 24 49 49 49 49 28 49 49 13 49 49 48 3 43 7 49 49 48 25 49 49 18 49 46 49 49 49 18 10 49 36 49 19 49 49 37 30 49 49 21 39 21 3 19 34 46 49 49 30 49 49 49 30 0 20 22 28 20 20 32 2 19 28 31 3 49 49 30 30 18 9 15 9 37 3 39 49 6 1 49 9 48 28 22 
10 30 33 49 49 28 49 15 4 49 49 49 27 30 49 39 49 49 4 31 36 49 24 49 13 49 42 49 49 49 49 39 34 27 49 49 28 46 28 1 6 49 46 19 27 39 28 48 49 33 49 24 3 36 24 18 28 1 18 49 7 49 42 4 49 49 28 40 15 25 20 0 11 31 10 28 18 22 6 10 49 49 10 49 6 48 49 30 1 4 15 49 1 43 49 21 6 42 39 10 37 
12 31 49 19 25 33 49 46 24 22 22 31 10 48 45 37 49 49 43 7 6 22 40 49 6 9 19 36 36 43 25 10 31 49 49 45 43 16 27 49 33 3 33 49 37 21 49 15 48 9 24 49 16 7 24 1 49 49 49 27 49 46 49 48 6 34 31 3 31 31 8 3 0 29 10 20 4 24 24 4 12 49 27 39 37 15 49 21 25 21 18 37 48 49 28 49 25 13 24 36 49 
16 49 49 46 19 15 49 46 37 24 49 7 33 18 7 37 16 49 49 28 39 15 4 15 37 49 49 9 9 49 30 49 27 42 49 15 25 25 1 49 49 28 39 49 49 49 49 49 12 4 3 15 46 42 16 49 15 49 22 24 49 39 49 49 49 6 49 16 34 18 32 29 32 0 16 22 20 6 22 12 6 27 24 6 49 49 16 33 15 16 30 19 19 12 28 43 31 10 10 49 15 
12 49 4 19 16 31 40 24 36 30 24 49 49 49 49 10 49 49 21 21 36 24 49 36 21 49 49 39 49 22 7 49 49 6 40 45 19 37 48 3 49 13 31 40 49 49 49 30 49 49 22 28 31 9 18 34 49 40 19 49 30 49 42 3 22 1 34 24 49 49 0 26 4 12 0 1 5 4 30 32 30 42 49 49 16 3 49 49 21 16 1 49 46 24 49 49 9 19 34 49 1 
12 49 19 49 27 31 7 49 7 28 49 1 46 48 15 19 15 49 49 49 3 49 49 15 12 45 49 1 19 30 1 16 49 4 45 9 3 49 49 49 42 49 48 49 16 49 33 49 49 12 49 49 49 49 49 36 49 9 10 49 31 9 18 49 49 49 49 18 49 49 29 7 31 20 32 0 24 22 9 6 37 49 4 3 37 28 28 1 27 7 49 49 25 49 12 1 40 49 49 22 49 
49 1 15 49 49 18 49 3 49 49 15 16 10 18 45 22 22 1 49 46 49 49 24 15 49 28 19 33 49 49 13 33 7 31 16 18 49 15 49 40 12 49 49 1 46 49 4 43 24 49 40 46 22 37 49 10 24 49 48 49 43 49 36 49 37 49 49 49 49 18 26 1 6 8 4 19 0 28 16 22 31 15 49 22 49 49 7 49 49 49 49 31 3 49 49 1 1 10 49 4 4 
39 49 48 49 31 49 12 49 34 45 49 49 49 49 12 19 16 49 49 48 3 49 7 9 43 10 49 49 33 48 37 49 40 40 49 49 49 49 13 18 43 10 49 45 45 7 49 37 21 36 49 28 49 37 43 12 49 49 31 49 22 12 49 3 19 30 36 49 49 13 31 20 0 10 6 27 5 0 16 7 13 21 7 46 45 4 46 24 6 1 49 13 49 49 4 49 49 18 48 6 49 
10 49 45 19 19 15 48 49 24 28 24 49 46 6 39 49 49 49 36 49 49 1 18 4 49 9 49 13 28 36 3 12 31 49 15 49 33 1 4 9 6 49 25 7 24 49 21 12 12 49 40 3 12 30 25 1 30 3 49 24 49 49 49 39 49 49 45 16 12 21 25 5 24 18 31 11 24 15 0 22 49 49 18 16 30 31 3 28 45 9 49 49 39 42 46 7 10 9 24 49 28 
49 43 45 27 49 49 39 49 40 49 33 42 25 10 49 18 27 49 49 19 34 6 13 36 34 42 49 28 27 9 3 24 7 18 49 49 24 37 49 33 49 49 13 49 49 49 1 31 16 1 37 33 49 36 18 33 49 43 49 16 49 30 1 15 49 15 49 49 49 21 1 1 27 2 21 6 17 22 3 0 24 49 37 3 49 49 49 49 49 10 7 49 45 39 45 37 49 49 9 6 15 
22 49 39 37 46 7 37 49 49 49 49 37 49 37 49 49 45 43 49 43 10 43 49 24 15 24 43 49 43 4 37 21 49 24 49 22 49 13 24 15 42 9 40 30 22 49 16 28 49 10 24 49 49 49 48 49 7 31 49 49 42 49 49 19 9 1 49 49 4 4 15 9 33 34 34 49 9 37 10 25 0 17 18 11 20 26 22 1 2 21 49 49 49 40 34 28 39 49 9 24 3 
49 4 34 36 18 49 48 19 49 25 49 49 28 49 48 15 34 15 43 33 43 49 3 27 49 15 48 43 40 48 49 1 18 28 24 49 3 49 31 49 39 31 3 49 36 49 7 12 49 6 30 49 46 19 49 6 43 24 45 22 49 19 40 49 4 24 49 49 37 49 33 49 18 49 49 43 6 49 16 1 25 0 0 4 4 16 25 18 6 18 49 15 16 49 49 28 22 3 49 49 49 
3 49 22 16 18 6 49 30 22 37 49 21 49 21 18 48 49 48 19 49 33 28 48 12 6 46 30 36 24 22 49 3 25 49 49 28 49 49 49 1 28 49 45 22 49 6 49 49 3 45 40 10 33 31 49 49 12 3 49 19 13 45 19 27 6 9 27 16 49 49 49 9 6 16 4 49 49 49 49 28 22 0 0 24 8 2 2 9 30 16 15 25 49 12 49 18 49 12 49 49 49 
49 22 4 15 16 18 49 49 49 46 21 19 6 1 34 13 49 42 49 49 49 49 49 49 13 16 4 13 21 49 1 49 49 13 48 49 49 16 49 10 16 15 16 49 12 46 48 36 46 3 49 49 49 34 31 49 6 49 49 18 9 49 7 43 39 36 49 49 15 49 46 49 49 33 49 49 49 33 21 49 25 10 27 0 26 24 13 27 7 8 9 49 19 13 18 6 36 30 36 40 21 
49 12 28 13 31 49 3 49 45 3 10 6 13 13 12 49 18 1 49 49 49 27 33 49 49 49 49 39 49 49 10 42 24 4 49 46 3 19 42 49 31 49 7 49 45 49 49 21 49 25 49 16 49 49 16 49 33 13 49 49 4 49 49 49 49 49 25 1 49 4 40 43 49 28 10 25 21 7 27 49 16 2 14 8 0 31 26 12 6 18 49 33 25 10 49 48 46 49 37 9 49 
33 49 25 24 36 25 36 49 49 45 49 4 49 49 30 19 25 43 49 48 49 49 45 28 49 15 6 3 49 49 49 45 6 49 13 24 49 10 49 45 27 49 33 18 49 13 39 36 33 49 43 25 25 45 6 13 27 49 49 49 49 49 49 28 9 22 33 13 37 10 49 49 49 43 33 4 15 45 34 13 24 0 23 21 11 0 7 24 30 16 3 31 49 15 7 49 7 46 36 4 15 
45 9 48 49 31 45 12 9 49 1 25 49 49 30 13 19 49 1 24 49 3 6 49 46 36 49 37 19 7 49 31 28 49 49 4 49 33 49 40 16 49 48 49 6 3 42 4 22 28 43 4 21 7 39 43 6 39 13 6 22 49 15 49 40 7 39 21 3 33 4 49 49 49 49 18 49 31 49 33 25 2 14 30 28 22 23 0 29 6 11 49 49 49 31 49 49 9 28 16 30 42 
10 13 49 49 49 49 42 40 49 49 49 9 45 3 49 49 40 49 49 49 39 45 33 7 39 49 49 36 9 19 48 24 39 42 27 15 19 39 1 25 7 49 49 37 25 7 48 49 48 39 34 34 15 49 21 24 46 49 49 37 28 49 3 49 49 49 15 42 33 49 43 49 49 10 13 46 49 15 28 49 2 28 14 27 28 23 17 0 27 19 49 49 49 49 49 24 13 13 6 24 46 
49 46 48 49 49 18 12 49 24 40 49 49 24 46 36 48 49 49 48 28 31 49 49 49 16 4 25 3 12 37 48 49 15 34 18 49 27 22 12 22 31 18 13 48 45 30 4 25 22 31 27 49 31 37 49 22 49 33 1 37 15 21 49 6 49 36 3 49 39 21 49 49 33 49 25 22 49 31 49 19 10 18 31 26 22 23 26 22 0 10 33 49 49 49 1 49 49 49 7 27 12 
13 49 49 49 6 16 19 49 6 49 43 21 40 7 37 3 49 28 49 46 43 24 1 49 49 28 6 49 49 9 49 6 49 49 12 49 12 39 42 25 49 49 46 49 49 37 49 49 40 49 49 49 49 49 48 1 21 1 43 49 4 49 48 49 46 12 39 40 49 3 49 49 28 31 28 49 28 49 49 9 24 29 14 7 7 20 24 18 20 0 4 49 48 16 48 49 49 15 49 18 49 
49 49 10 45 9 49 49 33 28 34 6 49 37 39 1 49 49 49 7 3 16 24 45 49 27 33 49 34 39 10 31 16 49 21 49 24 24 12 49 49 49 6 49 48 49 39 1 49 36 16 25 48 36 43 49 34 33 28 49 3 6 30 24 49 10 6 46 4 45 49 49 27 45 31 49 10 49 10 49 19 21 46 49 16 36 49 25 33 49 49 0 11 21 20 24 8 30 8 14 12 9 
28 49 49 34 49 49 12 15 1 30 10 6 49 30 25 13 18 49 39 28 49 10 39 49 3 9 46 34 49 1 9 24 13 19 3 30 15 49 43 49 49 25 24 49 21 12 49 27 49 49 24 49 34 37 33 42 42 28 30 49 49 34 27 49 49 49 15 9 49 1 9 39 48 36 43 22 45 49 4 49 49 40 4 12 9 4 18 49 19 49 0 0 11 15 22 2 9 20 24 22 6 
16 49 42 49 49 19 30 30 49 49 49 27 49 43 34 34 12 7 6 18 49 49 49 37 4 3 33 34 36 49 12 18 4 49 46 36 28 45 45 49 34 49 31 25 49 31 49 30 33 3 9 3 12 27 49 25 7 19 4 3 34 49 4 3 49 49 31 49 10 49 49 49 49 49 21 49 6 9 22 1 13 10 27 49 19 49 49 28 28 3 12 16 0 18 26 20 27 23 2 20 49 
34 16 12 49 43 34 7 49 45 42 7 40 48 49 49 49 49 48 46 3 49 49 7 4 12 36 49 13 39 21 49 42 49 6 49 48 27 7 37 13 16 13 34 49 49 28 45 34 48 25 49 28 49 27 22 4 16 27 49 27 3 12 15 28 49 48 49 45 49 49 31 19 4 34 45 15 46 49 49 49 39 49 49 40 34 49 49 49 49 10 12 1 13 0 30 20 32 6 12 32 49 
49 18 4 7 49 49 49 9 49 1 18 49 49 49 49 24 24 16 40 28 40 42 13 43 49 49 6 49 49 34 28 49 33 49 24 49 19 49 45 18 49 12 49 49 1 4 36 49 7 34 4 49 16 1 33 37 49 13 33 49 49 34 34 37 49 27 13 24 49 16 49 40 46 49 10 21 49 10 43 49 7 40 16 30 25 31 49 12 43 49 24 30 18 8 0 26 26 18 28 10 21 
49 7 49 25 49 39 49 9 40 42 49 25 24 13 49 49 24 49 49 7 16 21 31 49 36 49 49 22 49 49 28 49 13 19 49 16 49 49 49 27 49 49 30 49 28 49 36 21 49 49 39 27 16 1 24 18 31 49 49 48 46 10 30 49 49 43 42 16 24 49 28 15 31 49 49 7 25 49 4 33 45 49 6 49 49 21 4 49 49 48 19 16 18 10 22 0 30 16 22 28 49 
25 43 24 49 49 7 19 49 22 49 12 49 16 4 49 3 36 31 46 12 16 4 45 27 48 22 19 49 49 15 49 33 12 49 31 25 21 21 6 49 37 3 45 19 30 49 36 49 43 49 24 49 49 49 49 42 7 42 49 34 12 49 12 13 31 36 49 49 1 15 16 3 46 49 1 12 19 7 10 13 43 49 24 49 12 22 13 7 7 49 16 32 14 2 2 20 0 8 14 9 49 
45 49 49 49 34 36 7 49 3 34 12 46 21 49 25 33 27 49 33 16 49 3 43 43 49 15 37 49 27 45 48 37 15 49 48 49 49 49 49 24 22 49 16 10 49 16 49 1 49 7 30 49 49 49 49 6 34 46 10 46 43 49 39 49 42 49 18 4 49 24 49 16 46 49 49 43 46 49 48 19 1 49 42 7 18 46 49 45 49 48 16 26 31 4 20 32 16 0 2 13 49 
34 21 15 49 27 49 49 49 49 49 49 49 18 18 19 49 3 43 45 24 49 28 9 12 30 40 43 18 16 40 49 3 49 12 28 36 36 49 15 49 15 49 37 49 16 49 18 27 43 16 49 49 16 49 49 49 12 49 10 42 49 15 31 40 49 6 25 49 9 34 49 15 49 45 42 43 36 25 6 49 49 49 37 49 49 12 39 49 46 49 20 17 16 23 9 17 8 5 0 32 18 
10 36 49 21 16 7 49 49 18 49 39 28 42 16 49 49 10 19 10 49 49 49 49 7 22 49 49 40 49 28 49 24 3 49 43 39 42 49 16 22 45 49 9 49 22 49 18 1 49 24 39 49 49 49 49 49 12 49 25 49 22 3 39 49 24 12 39 22 33 49 45 49 16 6 33 4 27 49 31 49 45 42 33 33 42 49 15 24 19 46 30 22 14 16 26 20 20 16 10 0 46 
46 36 28 30 46 16 39 49 49 49 9 4 49 49 4 45 49 49 19 34 4 33 49 49 6 30 48 1 27 49 13 49 21 46 39 49 36 15 49 49 49 36 49 36 49 49 10 49 13 7 49 34 48 49 24 9 42 49 45 37 49 15 48 39 49 49 49 45 24 49 9 49 48 1 49 49 21 48 18 49 49 24 1 40 19 49 49 33 49 34 49 19 43 34 49 28 37 43 6 30 0 
