n: 100
m: 8
Pi:U[1-99] 16 59 7 62 5 46 72 22 15 50 95 39 54 96 82 20 97 49 37 40 48 96 64 1 11 13 34 73 24 33 56 15 28 20 37 22 6 30 94 79 76 28 64 12 78 40 34 96 45 60 64 42 30 72 18 59 86 54 61 24 34 97 12 24 43 52 12 37 26 49 13 6 31 37 68 26 19 7 40 21 53 2 81 77 71 34 15 47 75 96 91 94 9 20 27 62 13 42 96 31 
Si:U[1-99]
0 91 90 93 43 48 6 62 21 52 19 55 52 21 35 90 69 76 22 60 36 35 8 20 58 20 18 21 37 37 28 60 70 57 41 59 88 97 57 16 86 77 13 19 91 77 50 85 54 78 27 35 64 17 2 79 53 23 52 33 98 51 7 61 79 4 57 63 27 55 91 80 37 31 41 60 58 6 85 35 12 13 76 76 95 75 30 85 48 43 33 35 65 33 17 41 50 96 48 36 8 
20 0 5 31 57 67 24 15 18 80 99 76 1 96 61 61 36 51 46 26 68 6 26 26 72 63 13 44 23 18 73 1 74 61 80 6 70 38 86 27 51 92 5 36 81 64 24 81 34 56 97 51 95 14 47 14 95 30 65 31 8 27 17 49 42 8 65 73 36 57 46 94 25 8 34 30 68 31 25 59 73 29 68 37 83 90 13 98 60 10 27 93 79 3 70 45 92 28 75 63 62 
68 55 0 52 9 99 21 71 72 82 56 89 52 53 70 98 48 70 48 49 32 29 42 44 77 21 96 84 53 7 40 23 27 65 79 34 9 48 40 58 75 46 5 54 20 78 99 50 30 22 3 26 56 85 9 75 71 42 85 46 40 58 45 85 74 2 13 71 43 39 89 28 86 5 57 75 26 92 66 59 21 61 11 31 53 30 4 61 74 39 44 92 89 52 47 61 83 85 14 90 46 
75 40 48 0 32 56 89 95 13 58 61 88 4 11 97 34 82 63 21 15 68 58 20 11 35 54 60 97 43 10 61 64 9 18 47 73 18 61 50 42 87 97 60 33 23 45 27 32 87 31 98 57 73 58 59 62 13 15 83 78 47 22 55 94 6 78 37 1 85 11 32 95 99 37 17 9 81 64 77 55 26 88 28 14 13 70 52 52 75 79 49 20 48 47 83 3 35 96 27 36 92 
74 35 56 44 0 68 97 96 38 69 33 67 35 75 20 98 89 71 48 58 17 45 94 28 30 77 56 45 34 71 84 10 21 64 46 75 26 28 38 74 37 4 50 22 56 93 30 60 42 28 72 53 20 16 56 86 57 33 28 20 16 27 8 6 28 97 93 64 57 51 58 24 52 20 28 96 15 78 58 43 92 33 51 72 67 16 39 31 20 85 2 3 57 84 71 55 82 34 21 20 15 
69 61 58 69 28 0 62 29 44 81 8 81 12 53 49 91 35 85 55 38 42 36 88 53 60 58 6 28 86 39 30 60 54 19 27 71 49 18 28 35 67 22 89 50 71 31 11 61 41 95 87 49 35 96 69 93 41 6 41 57 1 94 54 36 33 15 49 57 1 36 21 29 59 20 89 23 48 12 34 45 68 66 14 25 93 57 6 15 33 77 46 45 12 91 79 14 6 31 85 74 7 
19 13 19 55 79 17 0 72 54 7 1 18 68 70 49 53 89 46 27 55 43 93 77 26 77 4 5 96 80 29 31 32 5 53 50 24 13 86 54 16 71 93 95 97 65 91 36 20 84 78 94 52 87 81 44 65 25 72 17 83 64 92 72 53 25 33 2 5 39 62 96 94 8 48 56 23 89 47 40 15 34 52 86 42 38 34 24 85 38 48 84 50 69 96 49 19 84 44 14 33 34 
80 96 41 58 62 25 87 0 85 86 25 31 27 78 8 79 33 7 27 36 57 95 60 20 94 80 64 3 99 11 96 93 6 58 75 37 8 87 64 72 19 21 84 95 17 14 6 44 85 53 36 63 21 34 61 53 18 49 16 5 94 22 57 2 3 4 29 1 47 98 55 93 6 95 93 71 87 30 98 63 70 28 93 83 24 95 76 68 47 96 99 3 89 18 73 23 91 90 59 17 84 
57 26 58 17 5 66 75 69 0 9 8 24 60 80 37 40 36 31 93 77 85 75 97 40 8 15 63 63 12 9 62 52 84 84 27 15 36 34 90 61 6 81 35 96 46 63 90 60 23 24 91 60 62 76 23 97 28 28 62 63 96 73 5 80 44 93 53 77 80 24 44 91 95 29 26 61 98 10 47 47 35 4 47 1 89 83 37 75 14 67 21 23 78 5 11 76 96 67 37 15 7 
21 32 85 56 82 56 4 36 68 0 53 32 77 39 26 78 48 52 76 90 47 70 8 41 52 98 18 17 59 2 9 24 20 50 39 90 63 6 79 9 58 22 44 59 48 40 79 91 16 20 53 33 43 73 56 81 70 10 43 8 80 56 66 28 5 78 19 29 10 61 95 26 81 5 92 74 44 4 44 93 52 32 51 15 70 61 58 53 51 80 5 43 24 15 6 65 79 75 18 4 78 
10 23 10 94 50 94 17 38 25 90 0 35 64 38 6 84 82 18 19 66 17 66 40 16 98 46 15 43 63 94 27 34 86 8 93 20 92 25 28 53 56 90 1 26 47 39 99 26 61 65 20 27 8 86 69 97 71 50 73 17 82 48 1 71 78 18 29 43 58 97 44 39 3 80 26 16 98 62 17 74 31 86 33 47 54 44 13 14 32 50 44 51 47 92 8 3 18 33 20 35 42 
31 66 8 82 96 34 30 18 70 49 8 0 19 31 32 37 16 96 10 27 99 66 12 20 9 32 50 54 68 16 61 49 37 6 69 65 55 84 8 64 55 30 87 55 93 6 99 69 5 61 75 91 73 64 54 33 27 30 8 41 36 20 39 12 93 9 57 36 72 16 77 88 30 58 69 7 77 59 97 59 24 98 40 46 28 79 32 15 5 52 37 92 64 62 50 84 67 26 76 57 90 
1 73 4 32 20 82 12 15 68 4 4 45 0 16 12 31 25 34 35 96 21 96 2 7 50 39 72 49 51 10 79 88 25 79 12 53 12 5 83 61 47 50 55 82 26 86 33 59 84 24 18 64 67 36 25 14 46 69 45 82 14 82 56 9 79 17 12 95 76 72 46 4 46 91 73 72 58 26 68 63 50 58 11 29 77 82 67 13 45 23 16 18 8 76 9 15 9 1 10 40 80 
35 92 48 76 70 51 81 32 61 54 88 6 4 0 27 95 97 91 88 95 92 31 5 12 87 54 80 82 98 29 98 57 71 85 54 68 5 96 50 96 46 20 48 6 83 60 61 85 51 80 4 80 91 63 99 91 2 34 78 29 12 90 37 10 72 70 37 26 58 76 4 16 49 6 5 19 1 82 57 57 34 56 61 48 45 99 38 96 69 43 43 93 60 60 53 69 96 10 13 88 94 
78 57 89 94 10 82 44 63 94 83 72 64 7 50 0 84 53 96 71 88 14 47 24 50 7 72 42 40 80 68 42 18 34 66 97 81 63 6 11 26 87 37 13 2 84 96 82 7 48 31 88 59 57 46 27 59 98 40 91 64 13 43 48 37 42 85 64 59 38 73 73 31 42 68 92 65 78 64 39 18 25 29 52 3 61 34 21 23 49 1 56 27 19 79 7 36 2 83 21 16 27 
3 94 79 52 41 55 44 11 80 53 66 75 93 56 76 0 67 33 5 16 92 95 66 7 52 4 77 13 46 74 2 16 51 23 56 52 96 74 54 64 92 63 5 9 40 27 78 74 21 60 49 23 36 11 76 22 14 13 64 49 81 85 36 41 83 26 92 68 22 63 1 69 89 45 48 93 48 61 90 98 99 75 42 32 8 48 13 62 78 78 50 3 59 21 84 63 28 33 53 52 99 
96 63 69 79 15 45 22 98 93 63 31 6 41 39 84 4 0 52 5 2 84 24 82 68 87 36 9 63 88 13 89 94 7 73 19 47 75 43 99 85 16 67 50 59 44 15 97 96 83 11 20 32 29 25 81 18 85 73 60 2 1 5 25 36 73 25 24 63 31 88 15 23 45 64 66 79 96 84 94 25 87 93 9 86 42 65 89 15 44 65 10 58 8 72 75 4 40 86 15 55 40 
55 99 83 38 4 12 7 70 91 38 67 81 35 61 95 17 38 0 85 83 13 9 61 10 65 52 47 1 44 34 50 13 53 10 75 59 11 85 79 13 13 34 39 8 83 1 1 99 11 70 59 16 38 94 69 2 77 86 3 29 95 8 44 63 49 8 50 39 17 27 61 73 72 36 76 88 27 7 1 40 63 19 49 68 11 36 56 70 28 12 7 84 41 76 77 1 39 55 36 63 95 
18 23 42 70 20 89 55 93 54 95 25 45 79 42 27 36 24 79 0 9 9 86 6 31 66 62 77 62 97 94 42 8 35 65 74 4 19 30 92 17 17 82 13 86 48 96 81 24 18 56 74 28 18 54 25 12 58 71 59 28 81 70 77 13 43 75 99 70 4 67 43 12 50 6 12 15 53 71 26 81 77 31 94 14 27 50 45 56 44 83 79 92 13 69 89 42 62 48 11 37 13 
25 5 23 18 76 42 51 24 72 97 54 40 76 81 54 59 79 79 90 0 93 70 73 13 15 66 15 44 64 20 16 91 60 81 1 22 23 59 36 50 38 73 67 27 98 20 25 89 54 29 71 75 29 90 51 2 35 73 15 13 63 87 23 37 22 80 68 24 29 53 23 54 31 41 45 36 61 5 56 60 75 75 70 12 42 31 48 13 90 26 52 85 8 22 44 13 82 4 93 5 59 
55 35 64 67 33 87 19 96 87 11 75 70 56 15 85 2 52 26 66 62 0 37 61 4 20 26 74 49 19 22 8 26 69 81 12 20 26 73 65 69 62 72 81 60 69 53 9 46 48 31 40 59 37 57 97 72 25 22 92 8 86 9 34 23 49 77 43 10 22 48 37 58 48 75 69 15 8 41 43 20 58 94 60 25 51 96 30 40 77 35 59 13 48 9 71 12 35 27 16 29 14 
25 80 50 70 1 78 60 55 68 84 19 9 6 35 48 95 54 54 20 2 92 0 50 63 30 94 80 37 90 39 10 60 78 11 63 3 71 56 65 89 29 9 40 65 70 82 11 56 48 44 86 92 86 43 91 75 14 56 26 68 63 38 85 47 74 64 29 33 95 34 31 63 90 50 25 22 87 73 94 28 13 64 91 81 5 46 68 31 71 58 65 22 56 12 34 61 37 28 31 52 37 
29 41 29 2 74 32 54 80 75 34 81 85 74 37 88 93 83 41 24 10 38 12 0 31 46 28 1 42 16 25 2 64 1 78 68 38 72 32 65 26 31 71 42 6 48 57 92 79 63 65 63 79 80 29 79 97 39 49 9 27 69 96 41 18 34 29 66 38 5 62 18 95 8 93 96 55 50 59 8 11 17 32 62 2 5 18 56 59 27 21 59 31 86 35 26 87 79 13 57 92 46 
39 67 27 71 7 74 30 80 97 16 41 86 20 67 91 85 96 16 39 51 79 72 21 0 31 24 13 20 69 47 82 34 21 33 24 94 54 26 20 49 66 66 44 81 65 32 29 57 63 47 10 63 1 72 27 88 60 16 56 70 93 74 43 30 22 27 51 72 86 15 30 29 70 21 80 92 21 15 26 58 29 18 60 68 44 72 56 91 89 68 82 47 7 76 47 15 55 38 48 80 57 
83 99 37 12 99 72 47 22 91 94 1 42 55 1 1 68 4 5 47 48 78 90 35 67 0 93 2 26 62 67 84 6 68 72 12 6 78 70 71 74 95 32 3 11 60 76 81 26 58 97 41 36 80 41 47 39 57 45 40 99 35 16 59 77 57 48 28 14 56 28 13 64 52 5 79 1 84 52 83 68 6 12 71 76 62 26 59 25 53 46 34 25 16 11 28 4 66 26 45 56 85 
92 62 59 72 13 8 49 77 32 36 47 97 65 88 67 84 97 2 74 98 29 91 25 6 81 0 98 45 37 6 19 56 7 33 2 23 97 61 13 24 37 41 55 62 77 84 90 7 17 23 54 43 32 4 18 19 68 16 63 80 43 64 14 90 5 69 65 33 98 28 14 55 78 86 21 34 51 35 68 91 33 63 23 67 36 79 5 41 42 81 82 72 28 16 26 58 83 81 98 66 65 
13 52 83 80 81 14 79 81 29 25 41 7 12 40 85 85 32 33 15 91 70 3 56 68 58 54 0 21 83 48 31 27 96 87 67 90 46 12 83 96 33 11 97 91 31 3 40 71 38 37 74 3 24 1 86 9 77 82 15 67 67 93 78 22 6 30 35 45 17 30 81 75 3 63 44 16 23 25 16 44 84 23 68 8 19 94 80 5 78 61 67 2 10 62 72 37 21 93 38 87 90 
76 92 69 18 61 12 16 25 36 98 20 5 43 43 56 29 87 51 27 31 7 99 59 69 68 4 81 0 9 63 27 88 6 33 86 33 13 86 92 68 51 79 61 30 65 13 90 80 37 98 27 40 56 16 82 10 22 25 57 9 58 87 97 45 63 56 33 20 78 84 32 46 85 17 54 71 32 73 90 26 56 87 41 44 23 51 47 70 84 91 43 43 73 19 44 29 63 63 40 63 2 
23 18 52 29 55 69 5 26 61 61 66 94 17 56 50 39 84 67 94 14 62 71 59 96 15 4 56 19 0 53 33 20 97 11 35 7 77 33 23 65 55 13 52 6 92 55 59 94 90 46 95 61 61 88 3 66 9 97 83 34 58 48 52 17 22 88 45 59 51 77 70 40 98 1 47 15 8 21 16 17 95 60 40 6 55 89 66 92 71 24 32 84 16 88 14 38 95 55 87 19 60 
88 59 34 26 99 37 19 26 27 96 28 94 65 18 5 58 87 13 55 69 60 44 81 32 66 74 55 66 6 0 55 88 77 74 31 32 73 96 17 50 28 63 58 62 28 93 91 96 22 95 5 39 25 82 64 75 14 16 48 81 17 97 30 53 39 73 99 77 82 3 64 48 60 89 74 54 35 5 99 26 67 1 51 1 68 50 88 76 37 59 91 30 65 57 47 17 28 4 78 77 23 
65 48 21 35 49 65 43 50 58 92 56 68 83 80 66 1 96 3 2 1 19 88 78 5 45 71 86 34 3 75 0 74 40 35 42 47 43 34 40 59 13 4 23 48 45 12 35 59 53 69 42 61 42 27 98 81 45 29 50 96 69 33 22 71 51 20 33 5 4 70 81 68 63 87 85 6 70 6 18 59 41 34 82 55 43 52 69 66 8 48 78 38 44 48 66 66 73 66 14 70 52 
83 60 85 14 12 44 64 96 93 32 25 91 92 76 91 90 86 31 78 36 84 13 19 41 70 68 29 44 94 88 27 0 79 50 12 32 12 50 60 17 74 61 24 59 89 40 91 2 54 16 41 64 81 7 40 24 35 84 96 95 54 93 67 83 54 2 29 32 96 73 39 97 21 83 58 31 27 2 28 22 69 84 51 7 28 79 99 78 18 89 50 95 44 96 87 53 17 20 85 97 13 
14 87 46 92 69 17 67 93 82 4 2 59 45 78 51 8 95 43 95 2 25 6 46 12 47 73 91 67 18 84 17 8 0 61 94 74 83 4 16 96 19 68 5 34 82 85 20 26 61 60 65 72 14 52 75 33 11 40 31 62 36 22 52 22 46 10 64 74 74 89 71 87 33 16 1 85 24 13 91 28 17 70 81 54 58 60 44 41 98 52 13 63 66 11 92 64 4 83 3 62 63 
89 45 34 21 44 95 95 13 3 63 59 24 21 96 53 55 82 18 34 92 85 39 15 37 78 34 16 14 93 71 39 19 51 0 79 97 13 71 50 62 15 13 32 89 14 2 47 89 2 24 79 93 71 97 28 93 95 87 19 58 83 89 34 76 62 3 65 43 90 74 42 96 93 55 3 12 23 55 91 19 62 68 12 73 70 29 3 97 60 34 50 59 6 39 3 66 79 75 46 75 18 
60 97 93 43 77 60 22 59 8 5 68 12 60 15 99 14 75 19 56 44 25 77 68 38 73 22 13 96 81 89 48 90 75 33 0 34 23 68 14 39 76 43 77 37 45 34 15 46 52 62 14 34 14 18 58 13 95 2 66 50 46 1 39 45 76 11 39 17 52 20 19 79 35 39 75 77 94 29 64 10 40 19 70 16 5 49 95 48 34 54 14 14 47 88 48 1 24 19 70 94 86 
72 70 84 76 77 36 2 49 15 35 64 81 77 83 25 12 11 8 44 67 51 81 52 88 81 56 72 91 19 28 16 18 83 40 63 0 52 2 8 45 1 74 35 89 40 55 11 95 75 78 86 93 62 96 72 88 97 21 36 23 42 76 31 65 53 71 90 10 31 91 75 45 16 94 42 27 90 44 80 88 45 22 59 29 94 27 76 65 52 17 86 2 68 10 64 59 83 52 55 70 42 
51 12 94 59 75 79 39 31 40 46 8 66 13 53 71 70 47 35 85 5 25 93 42 3 20 47 7 49 91 66 65 28 69 73 62 59 0 68 24 54 94 87 21 85 76 26 6 81 32 28 59 94 4 38 69 2 45 74 80 24 61 19 78 61 6 97 26 60 68 89 47 66 57 77 66 95 92 47 88 63 3 69 64 90 10 53 98 72 58 22 25 57 38 9 38 37 81 7 96 65 48 
26 11 87 72 4 8 89 61 15 27 66 98 46 92 71 16 83 45 81 21 99 81 81 73 98 4 71 30 22 98 87 83 72 73 11 82 49 0 69 35 44 55 26 73 7 89 92 55 86 7 96 25 95 2 14 28 31 61 59 75 5 1 22 1 51 27 72 2 64 88 59 30 50 60 42 14 75 82 31 10 53 89 5 5 96 84 58 93 79 67 88 1 16 50 87 12 40 50 91 26 25 
8 10 34 87 20 80 55 96 24 52 73 72 81 20 92 43 71 35 51 2 73 95 67 52 10 14 91 46 54 50 68 80 88 30 29 59 65 75 0 70 29 89 46 1 28 73 84 55 80 4 42 84 96 89 51 84 59 47 47 96 96 81 55 67 75 50 44 42 60 8 55 3 6 17 17 98 28 77 81 50 10 54 90 39 27 94 94 57 47 31 37 52 1 3 37 90 1 70 59 46 81 
78 5 9 41 35 4 50 48 33 95 49 59 14 99 70 92 57 46 82 52 7 19 23 15 25 39 76 75 42 3 13 41 70 90 26 61 84 54 43 0 94 41 79 78 17 7 98 4 85 94 32 25 31 79 88 55 24 96 89 73 32 80 33 4 56 70 22 40 93 29 48 68 31 68 74 24 81 62 78 66 43 44 79 72 21 85 85 44 17 49 41 40 11 46 38 78 92 67 37 70 12 
86 91 99 16 42 8 42 51 47 50 52 8 82 69 67 23 16 82 15 15 62 14 70 84 21 87 97 74 32 38 22 17 71 93 64 47 78 72 56 31 0 52 57 28 5 50 92 83 18 30 77 51 90 5 10 17 86 79 51 80 73 40 48 56 15 55 16 49 44 4 72 20 34 81 14 96 29 83 84 72 10 74 37 38 76 48 51 67 39 50 6 63 54 72 77 18 87 2 75 95 14 
12 32 54 26 78 94 43 78 67 72 98 89 53 79 25 23 46 67 36 98 39 49 41 89 1 87 18 79 27 83 23 90 1 15 31 60 78 77 9 52 80 0 79 80 78 83 61 82 27 2 34 35 12 73 52 19 83 87 50 77 2 95 1 55 99 15 9 72 8 21 66 2 62 25 19 96 53 91 79 80 72 32 43 31 29 28 67 21 2 83 80 16 12 56 93 51 90 66 81 61 67 
98 76 30 1 44 8 9 84 51 27 38 4 22 34 90 93 67 76 2 50 75 50 92 97 28 85 52 56 5 15 64 76 84 64 27 56 75 96 49 71 27 38 0 69 84 66 10 1 84 7 48 54 71 19 75 69 35 74 99 87 3 5 23 23 87 20 63 89 14 11 98 88 58 82 24 65 83 69 73 11 93 75 87 46 32 13 39 37 6 68 53 16 9 57 90 78 19 36 41 21 84 
56 79 78 22 29 47 8 74 82 63 58 47 82 27 29 16 81 45 15 45 27 15 83 11 43 99 78 7 16 70 41 62 72 81 84 23 35 8 39 59 79 38 71 0 49 3 44 71 41 57 99 39 1 67 48 27 32 4 84 25 94 26 64 13 47 10 12 6 62 47 55 25 12 50 94 57 95 56 72 88 8 20 82 96 97 63 81 80 17 20 73 7 92 66 7 24 59 18 12 74 79 
29 47 71 18 20 11 73 83 61 49 38 57 42 53 18 81 6 78 33 95 49 11 58 88 98 33 27 98 17 61 9 25 20 76 19 8 11 35 51 36 71 99 3 32 0 98 1 75 29 31 8 18 12 75 92 77 51 71 73 71 62 54 37 92 33 70 70 99 24 8 10 40 9 16 18 98 5 66 63 43 68 91 63 96 56 89 15 6 74 73 34 71 83 97 45 28 85 49 19 70 47 
97 61 87 64 72 7 93 1 52 26 41 41 14 79 68 68 53 44 55 89 15 47 69 41 57 10 73 23 18 93 58 6 61 50 7 37 70 93 15 81 15 90 74 76 97 0 73 23 22 45 9 6 5 90 2 62 57 17 13 53 69 11 39 71 84 90 42 8 40 25 33 12 9 79 96 68 7 3 45 67 60 54 11 1 91 82 7 30 97 61 9 31 54 31 96 97 23 18 90 70 14 
2 67 96 73 5 17 8 48 42 9 80 13 41 40 29 51 36 61 78 15 15 17 89 25 64 71 15 82 52 98 33 15 45 35 50 62 44 21 55 21 8 14 35 55 34 88 0 25 7 75 69 64 50 6 83 86 63 11 62 81 14 66 32 82 37 21 4 42 22 85 24 69 16 30 99 46 78 96 26 54 79 97 60 22 73 24 60 97 89 73 7 37 27 33 33 81 37 4 27 54 79 
34 6 10 84 77 2 28 48 72 64 94 15 97 7 44 99 62 24 25 61 85 77 45 42 19 37 93 11 33 54 85 32 83 26 46 5 6 21 98 75 97 41 30 2 99 38 54 0 6 11 73 47 52 95 19 1 45 21 77 32 42 99 71 96 29 56 77 26 23 42 42 60 90 18 3 40 65 35 9 21 17 78 94 84 18 4 64 81 32 82 78 94 68 87 2 39 2 18 2 28 55 
56 38 51 13 36 99 42 77 4 12 2 99 34 94 55 39 96 32 61 55 25 90 8 14 93 24 58 65 44 15 89 94 38 9 95 51 15 10 71 50 43 25 55 38 47 21 44 47 0 31 79 80 94 92 80 3 71 8 89 95 62 58 91 68 70 29 41 66 16 92 5 18 8 40 6 47 66 22 33 90 54 99 20 16 90 50 18 63 92 60 77 85 43 20 11 63 1 10 95 63 15 
5 18 32 1 84 51 55 17 54 6 25 97 74 48 62 21 45 77 14 48 30 56 13 22 93 10 2 53 17 95 16 57 49 75 44 37 28 17 52 67 11 94 88 8 75 12 6 56 91 0 71 58 33 81 33 37 11 18 68 80 47 99 70 59 12 52 19 17 33 63 12 50 97 82 54 24 51 26 20 25 21 18 5 73 26 83 59 55 72 76 6 79 94 30 7 19 84 64 58 15 49 
63 32 1 67 55 48 70 17 19 46 28 39 92 78 57 96 95 2 91 13 29 27 29 17 9 86 15 83 62 33 38 32 91 86 95 39 39 20 78 12 51 8 97 84 82 66 99 52 21 74 0 67 37 43 43 81 65 99 72 84 36 32 30 30 22 45 5 26 80 71 13 95 2 13 59 88 94 54 94 55 57 84 21 17 6 49 57 96 76 11 83 82 69 36 91 48 85 98 67 73 65 
3 21 59 31 81 29 45 63 88 42 54 23 51 74 70 77 69 20 61 71 6 30 63 14 52 14 34 54 20 45 25 86 23 87 75 16 42 70 97 25 46 69 16 2 17 89 69 18 89 63 31 0 92 69 68 49 8 46 72 14 1 24 25 70 48 65 5 8 93 98 34 9 50 2 24 89 58 95 80 23 58 48 49 80 78 24 5 63 12 18 93 18 78 50 4 37 84 57 89 16 9 
97 31 79 43 41 14 28 49 43 90 70 9 20 25 88 11 87 79 68 91 53 93 94 4 15 60 40 98 75 19 12 8 26 53 55 19 82 94 47 35 65 33 60 80 11 91 67 7 18 47 25 70 0 53 61 79 34 44 45 33 43 21 41 85 27 39 55 39 51 34 28 63 22 68 98 40 65 37 3 34 68 36 47 89 14 5 30 7 78 37 87 81 37 96 10 82 44 47 83 25 49 
89 96 66 3 1 22 55 36 16 59 6 27 42 98 47 62 17 17 12 65 56 77 84 36 25 33 71 14 29 10 15 73 21 4 85 16 23 39 58 41 35 10 22 37 85 58 20 91 51 45 44 49 96 0 37 25 8 24 34 25 30 92 81 89 23 34 42 83 4 48 95 93 25 31 84 62 98 89 95 70 68 64 44 30 59 9 36 33 39 53 87 57 3 21 30 34 34 79 36 90 55 
98 37 53 18 8 94 11 75 54 10 40 47 17 58 58 14 43 56 10 5 28 44 38 7 77 62 53 25 86 85 86 61 96 77 30 2 78 1 27 42 51 90 47 74 78 78 72 63 62 34 91 66 15 59 0 27 22 48 39 91 48 20 83 71 49 60 60 75 9 1 35 69 45 31 50 51 80 47 47 62 43 57 38 91 46 4 99 72 14 55 35 8 38 25 5 40 85 59 99 60 39 
39 81 42 79 38 56 81 11 39 20 84 82 1 79 58 2 21 65 84 36 17 1 5 36 90 2 37 32 16 44 8 2 34 74 60 62 35 89 38 76 4 60 21 51 9 13 2 14 75 3 33 8 37 16 60 0 31 33 11 31 80 90 22 45 68 95 69 60 69 5 70 14 34 72 57 96 45 53 31 56 87 45 24 56 93 27 94 64 91 54 78 48 92 92 20 17 42 48 18 58 36 
48 25 48 43 22 95 3 10 90 88 39 24 15 21 87 62 58 78 41 4 7 28 16 21 56 16 86 43 17 86 39 64 41 65 79 52 60 74 25 95 33 74 91 92 99 75 68 36 75 11 47 5 15 25 86 67 0 28 27 90 31 59 1 12 61 93 36 69 21 6 91 14 76 65 3 9 47 11 13 57 77 89 8 20 85 37 50 88 59 80 17 4 85 5 22 47 76 71 43 76 81 
22 96 99 21 94 49 67 51 39 66 41 36 38 56 54 88 56 19 86 47 55 21 65 35 22 14 49 28 56 38 79 15 65 71 99 14 88 63 10 60 56 83 57 1 36 63 61 13 99 61 35 28 15 25 89 73 45 0 44 44 98 98 79 31 76 46 28 21 20 33 40 84 23 25 91 62 92 43 9 99 95 52 10 99 4 12 52 24 27 40 87 46 20 82 24 3 49 46 87 38 92 
92 17 12 86 79 8 23 97 54 7 45 37 57 24 30 99 97 55 52 57 59 68 8 6 32 23 61 65 54 2 54 42 19 23 96 84 77 21 98 63 37 12 35 71 1 98 70 98 9 52 94 62 78 65 83 67 21 96 0 38 10 14 78 48 72 15 8 25 69 57 10 79 55 64 33 69 77 94 5 82 50 12 73 78 98 21 16 70 44 90 80 53 68 17 65 90 80 73 37 15 4 
98 52 10 50 16 45 9 61 20 66 21 64 36 86 34 5 22 53 30 45 75 49 5 27 36 10 66 24 48 56 83 78 86 97 49 96 64 48 94 47 66 28 94 91 28 89 30 6 30 57 49 82 45 40 43 99 44 76 59 0 90 42 5 74 97 40 7 99 79 79 12 93 42 75 66 23 14 35 67 94 53 84 87 16 81 46 46 38 11 17 10 29 42 91 26 79 62 94 1 55 13 
65 92 95 14 50 16 73 98 79 22 13 45 57 48 82 53 6 44 69 66 33 93 96 79 55 30 15 84 78 35 31 31 20 30 97 80 38 44 23 24 27 1 29 68 94 11 45 92 88 71 1 50 90 29 55 52 86 75 43 89 0 55 3 16 87 57 14 37 92 58 7 42 47 37 86 49 32 48 59 75 11 5 96 1 79 96 29 99 2 35 19 63 5 58 45 46 12 12 33 74 23 
41 56 42 11 18 66 34 91 71 83 81 17 68 29 90 15 67 88 51 49 66 29 29 77 2 44 70 25 36 93 56 33 85 30 52 66 18 51 66 13 94 41 49 89 27 25 35 38 82 54 10 35 23 35 68 84 93 71 60 15 63 0 32 67 38 39 22 49 84 9 19 86 14 71 85 87 81 93 12 93 24 15 67 3 11 11 65 23 14 48 99 32 92 96 60 32 38 35 27 20 33 
5 9 93 36 6 1 87 12 64 51 87 81 61 14 99 55 21 63 26 24 46 53 8 72 49 23 91 12 65 40 68 90 43 53 33 35 97 95 3 63 80 94 51 41 93 71 35 31 38 96 73 16 41 6 21 92 93 88 98 81 41 31 0 54 47 82 99 5 16 86 43 47 51 85 19 43 83 6 12 79 61 74 57 37 79 82 40 79 4 82 86 95 71 51 21 55 46 48 95 72 39 
47 70 58 83 34 99 22 41 67 91 75 33 36 2 84 61 51 10 15 64 98 23 17 34 12 15 37 89 53 46 45 51 24 86 91 78 67 54 4 74 77 12 13 75 58 82 72 51 47 64 16 84 63 95 67 1 99 14 38 79 62 80 95 0 91 30 42 91 68 49 57 48 57 9 12 52 66 86 62 61 63 1 32 22 56 75 21 64 7 51 50 27 40 9 66 78 72 62 15 79 98 
32 55 69 42 13 44 1 42 66 42 81 60 59 57 3 12 91 52 19 31 7 11 37 80 20 18 50 79 61 33 96 38 56 17 73 67 8 60 61 48 64 46 57 61 52 86 31 60 36 97 16 45 65 95 76 26 45 95 24 72 56 73 58 51 0 85 33 56 80 72 59 29 70 26 56 85 44 81 10 15 83 34 3 6 30 49 62 79 35 67 88 56 48 41 39 86 54 34 91 32 39 
58 19 24 28 50 68 44 88 16 69 48 62 35 53 73 37 17 24 36 4 95 9 17 58 80 9 93 77 52 8 84 90 76 87 95 27 79 97 74 24 5 12 80 11 60 38 33 75 95 43 57 39 97 49 79 54 92 95 63 91 83 77 57 20 21 0 98 97 81 82 44 82 73 10 36 11 95 41 5 1 40 35 77 20 6 85 81 99 73 52 93 40 56 17 89 63 4 94 69 12 26 
12 68 20 31 83 41 9 67 70 66 16 38 23 60 71 5 34 78 91 57 90 4 7 43 52 40 49 77 12 20 99 37 58 58 93 60 52 5 98 3 25 81 92 11 72 36 37 90 31 60 87 62 66 78 56 39 28 5 8 41 96 11 21 56 25 61 0 53 11 15 80 67 43 67 24 25 85 47 54 31 93 33 25 17 12 18 60 93 9 89 47 17 51 54 68 91 71 75 80 13 87 
1 75 16 83 54 18 22 46 60 83 45 75 15 78 5 30 98 4 24 95 89 5 60 1 75 92 43 29 53 92 22 39 26 11 16 19 45 48 49 86 63 48 84 66 79 3 48 53 49 14 96 91 92 10 13 25 34 51 24 9 3 6 74 64 60 88 24 0 70 81 89 38 85 68 36 66 74 24 19 46 62 7 86 26 70 10 53 18 47 62 64 76 36 34 98 43 18 4 92 84 52 
35 6 92 1 28 60 90 1 10 64 66 3 32 95 61 99 27 50 73 7 1 71 78 23 60 56 51 33 78 21 53 34 83 41 15 34 54 58 95 93 83 73 31 12 91 64 75 53 34 46 4 49 85 91 48 56 93 21 16 19 56 36 82 49 45 85 9 90 0 94 45 98 85 93 64 23 49 12 7 59 7 98 34 97 99 60 49 27 77 24 80 80 6 94 40 93 14 38 61 3 93 
90 20 12 60 54 81 54 10 24 75 82 86 22 84 71 57 16 92 79 3 74 61 50 88 82 28 99 19 9 2 64 87 1 5 14 83 72 24 62 98 73 40 47 34 60 67 29 96 13 42 28 41 96 74 38 49 68 52 94 6 7 31 28 76 44 99 89 17 83 0 55 4 72 8 71 96 12 15 65 76 17 95 91 55 18 81 11 2 96 17 51 91 87 2 25 42 19 51 23 54 93 
29 17 82 52 47 58 81 20 62 60 75 78 46 68 75 85 83 28 66 38 64 58 30 50 10 86 40 72 17 74 63 89 71 91 65 26 1 81 94 85 13 70 29 53 99 92 69 80 7 97 43 63 21 11 23 69 31 91 22 90 99 70 76 14 23 76 23 48 43 13 0 59 47 35 92 77 35 85 48 99 57 37 50 43 52 38 46 39 5 14 71 83 38 76 89 78 2 29 61 85 40 
40 49 36 98 30 85 65 96 52 19 10 83 87 4 52 91 39 29 79 45 7 33 39 50 97 60 63 99 13 4 3 95 6 61 73 27 79 90 88 37 42 77 61 4 23 94 90 2 75 29 88 48 78 20 82 29 76 67 98 24 32 99 85 19 88 6 36 44 39 19 75 0 43 65 20 5 22 48 64 29 43 78 20 27 77 17 90 5 50 10 78 85 59 25 80 98 69 39 53 42 76 
90 57 42 59 88 51 53 7 27 44 59 12 68 54 49 55 66 43 5 95 46 27 34 46 63 10 31 55 59 39 46 10 75 39 18 85 68 4 72 94 65 63 14 39 70 14 64 32 67 39 51 24 66 41 45 98 92 34 87 90 42 14 30 58 92 15 68 91 71 83 63 49 0 68 24 8 70 22 56 18 12 17 61 20 64 22 43 4 99 40 20 23 42 34 5 84 70 82 30 37 58 
83 82 42 35 93 23 32 1 59 92 6 35 79 98 42 34 86 63 72 44 58 42 44 23 83 20 77 67 71 33 18 87 78 15 24 48 18 59 47 32 11 55 75 56 78 56 21 66 98 45 8 11 74 56 10 81 3 16 42 51 9 59 39 27 81 51 76 46 13 1 90 3 7 0 80 90 67 12 2 82 15 6 33 34 50 76 49 6 60 19 74 1 98 64 43 19 49 80 20 24 98 
71 28 27 28 36 2 55 27 68 70 45 52 56 14 65 90 4 31 35 99 15 98 65 99 96 47 57 67 91 90 80 19 15 35 97 12 81 7 75 72 68 89 99 19 37 9 72 4 91 46 53 25 40 32 51 54 87 47 4 71 13 58 35 99 53 10 23 72 75 97 23 95 63 37 0 87 22 27 40 4 23 65 99 36 49 3 60 85 19 30 98 42 98 98 95 63 6 84 10 23 60 
69 19 92 77 42 75 34 37 32 68 75 85 26 1 31 9 43 34 76 82 32 45 36 26 12 55 11 90 79 68 9 68 90 99 25 9 12 12 88 54 69 81 55 53 99 57 71 66 25 10 44 3 2 15 95 42 66 25 88 86 84 9 23 9 56 97 89 8 5 78 31 5 75 23 74 0 40 87 12 5 23 27 27 14 74 40 30 10 9 59 13 55 43 7 84 81 27 27 87 13 3 
91 22 15 98 74 24 64 4 25 73 12 69 1 69 96 31 73 7 7 13 61 27 20 76 59 70 5 55 15 89 74 21 14 67 86 10 47 60 96 45 38 55 71 43 34 33 70 24 14 60 57 13 76 37 69 23 39 81 38 48 41 93 19 26 20 17 96 20 74 74 44 35 13 33 97 22 0 63 82 4 31 82 49 16 56 79 85 4 75 1 27 88 37 35 80 53 19 90 98 57 29 
77 1 75 64 95 56 32 62 58 97 50 66 73 80 57 55 37 83 5 45 76 90 43 55 18 91 72 66 31 27 12 25 88 94 33 36 24 95 6 40 36 13 51 69 38 49 9 32 12 91 61 47 65 27 18 38 38 91 94 25 90 72 57 63 19 65 44 45 59 22 29 7 72 77 6 88 61 0 49 22 6 56 23 55 50 53 43 19 4 25 16 54 75 11 58 73 48 17 10 89 20 
51 78 87 90 95 72 28 68 51 9 6 12 95 87 36 66 66 47 12 54 77 38 19 20 13 12 59 62 98 44 11 16 19 39 95 5 24 72 89 25 78 49 6 93 78 41 69 67 56 73 84 65 21 94 25 78 7 90 71 58 97 40 51 35 54 58 44 92 90 32 70 56 86 72 32 4 42 7 0 43 10 9 57 50 93 39 37 69 27 2 13 2 19 83 12 60 66 91 6 96 60 
57 87 94 34 4 21 18 7 53 14 42 80 88 58 73 84 63 90 13 33 51 39 45 66 50 33 35 26 89 32 78 93 50 88 51 12 4 41 79 12 67 7 50 18 8 99 31 12 16 89 45 30 50 96 41 72 6 95 98 64 11 81 13 20 77 79 5 29 28 44 42 85 62 93 32 30 60 35 16 0 10 42 97 91 17 99 11 62 71 81 99 68 89 90 79 36 11 85 88 5 36 
72 58 24 44 75 17 39 21 30 22 3 84 23 25 7 61 14 55 48 48 16 48 86 81 34 8 74 15 22 3 89 4 20 28 11 7 43 56 84 53 65 21 48 34 67 87 81 75 40 20 76 74 65 24 18 64 77 64 70 6 22 25 95 5 80 81 92 69 9 1 78 15 42 56 14 5 66 40 91 37 0 50 82 29 46 21 10 37 5 31 56 82 78 28 23 91 41 58 67 44 11 
91 48 86 55 95 89 74 88 83 40 19 39 51 73 4 42 8 18 8 96 35 99 84 50 86 70 64 32 50 96 76 2 57 68 46 97 59 84 84 17 41 99 52 48 98 28 98 50 44 69 40 6 13 25 23 65 14 68 21 60 48 18 67 94 23 2 42 61 37 23 34 82 47 67 81 3 16 53 52 98 23 0 10 36 35 12 7 24 55 88 79 35 1 37 24 48 62 55 63 89 74 
3 70 78 83 63 11 85 36 21 29 95 90 93 61 23 85 45 21 71 32 8 29 56 50 51 19 34 71 14 91 70 9 77 46 30 90 17 72 13 19 57 13 74 29 64 29 84 85 65 99 72 87 36 67 75 66 41 62 43 19 11 78 55 14 59 76 92 96 24 21 99 22 62 67 56 68 44 46 32 7 5 94 0 63 5 64 34 97 75 58 36 84 18 53 88 72 73 76 87 88 12 
84 49 74 37 81 17 23 67 34 60 60 88 85 64 23 98 21 14 29 20 11 49 80 33 86 19 29 84 75 88 2 5 56 82 37 91 39 85 46 7 5 13 39 94 5 26 24 62 95 69 33 38 98 49 43 66 72 74 77 81 67 80 7 96 84 30 35 36 98 52 53 18 13 37 62 35 64 56 78 8 65 84 82 0 17 56 69 45 66 75 2 71 31 9 72 54 64 98 61 88 27 
92 91 11 32 81 97 79 58 85 76 33 57 20 24 18 19 66 98 23 38 91 85 45 82 46 40 39 27 38 71 93 47 78 52 87 88 20 5 46 13 30 51 1 70 26 89 16 50 80 17 70 65 81 28 12 23 36 33 7 83 48 69 6 69 90 76 66 22 96 52 13 32 66 56 26 46 27 51 80 18 66 19 51 84 0 85 95 33 67 98 34 71 83 8 90 44 95 97 25 65 61 
15 88 21 35 52 26 58 25 41 99 21 18 43 66 45 17 99 69 45 92 58 30 66 41 7 98 68 65 52 99 38 33 7 34 43 37 46 52 84 65 51 73 4 59 1 51 37 47 52 83 80 32 7 18 33 5 61 55 77 71 9 84 59 42 56 68 43 47 57 1 80 12 12 41 39 56 22 21 96 79 23 46 47 81 70 0 70 81 24 79 24 76 28 71 26 95 79 27 35 6 39 
29 99 76 84 39 15 15 54 52 48 9 88 63 2 67 26 31 71 93 5 56 91 95 25 2 88 69 73 58 63 27 57 54 43 69 18 52 56 88 85 33 59 51 70 62 33 81 35 66 3 57 93 15 7 44 22 87 85 23 98 13 45 89 41 56 45 52 92 14 72 80 95 28 25 22 27 8 5 10 53 25 61 52 35 5 96 0 60 3 2 53 91 60 51 2 5 91 4 36 76 28 
47 73 68 98 42 59 7 98 44 97 97 42 48 95 9 76 13 88 16 20 66 68 57 79 6 88 21 31 75 70 50 2 3 36 74 70 89 20 65 65 71 18 10 2 60 91 91 9 27 55 72 71 50 76 37 12 43 66 10 21 63 18 10 2 86 10 40 57 88 30 33 36 48 92 1 74 96 92 62 85 29 81 10 71 24 17 9 0 28 55 75 20 21 57 2 5 85 8 89 83 91 
25 76 96 10 11 2 74 98 95 34 59 25 42 8 87 96 18 31 77 65 65 71 28 34 21 81 95 51 58 1 73 67 58 12 30 22 25 3 70 88 47 45 91 92 14 76 40 77 60 13 20 18 99 57 58 6 30 41 61 72 5 13 65 30 23 40 61 63 14 4 89 22 19 41 31 47 82 59 81 66 53 51 86 29 90 47 43 5 0 76 16 42 19 7 82 35 63 47 27 48 55 
25 4 35 22 55 53 52 87 31 10 59 72 34 74 42 12 11 3 97 21 42 42 75 18 12 19 11 96 18 26 86 26 16 93 67 89 84 38 62 96 60 92 48 55 23 33 86 83 84 39 25 53 44 86 27 40 72 50 30 29 96 86 67 91 30 64 64 88 11 79 95 31 28 56 84 24 49 31 44 90 57 91 27 42 54 69 15 49 22 0 37 98 22 65 69 43 57 74 52 72 81 
38 10 79 8 54 24 12 87 54 19 47 55 9 43 2 77 29 40 52 28 12 68 87 10 66 99 80 48 94 48 79 69 43 62 88 33 70 19 11 52 78 34 22 34 64 98 59 52 91 32 2 79 71 43 90 43 56 59 56 98 58 4 17 59 19 84 99 30 45 57 26 15 97 8 28 69 35 98 69 82 67 97 62 57 90 37 30 72 13 39 0 27 80 7 83 5 24 80 68 79 88 
9 32 75 78 50 22 29 5 92 50 80 59 85 52 4 54 63 1 34 89 16 46 78 38 7 91 32 4 44 44 58 72 20 93 67 18 69 97 13 51 64 54 19 1 82 82 2 15 35 55 13 10 99 98 87 6 38 4 49 67 32 52 99 40 2 44 81 57 24 75 91 98 22 22 92 74 47 1 37 26 34 25 31 89 52 47 60 74 41 6 61 0 23 1 28 52 33 81 24 50 34 
61 18 55 67 27 74 57 60 7 8 71 43 24 46 53 63 25 53 8 35 27 3 74 31 36 57 59 25 70 77 10 77 34 61 85 45 94 54 89 91 24 72 53 97 47 90 29 69 46 77 66 38 22 54 77 87 36 13 45 61 56 32 95 44 97 28 22 80 58 33 83 23 76 37 13 20 26 95 93 72 36 57 9 59 48 80 57 93 66 2 12 7 0 88 85 63 19 40 74 52 83 
12 68 76 23 95 62 98 50 67 58 66 2 73 9 3 4 72 57 78 6 31 46 42 17 85 70 91 75 94 79 11 85 58 89 37 24 28 5 58 29 23 52 98 98 6 41 37 62 85 61 66 91 2 96 99 85 48 6 56 55 48 2 11 94 65 24 73 50 47 96 25 5 61 54 32 77 33 50 20 34 76 78 13 43 68 69 75 11 76 78 73 24 3 0 7 81 54 75 14 4 76 
68 59 41 20 55 96 81 95 43 41 60 89 79 31 90 17 25 54 62 23 36 80 88 69 88 23 33 39 44 40 62 67 57 8 15 26 98 60 68 35 89 74 74 32 42 84 92 82 78 99 4 42 75 88 10 89 64 75 96 26 62 24 54 4 38 6 61 40 47 88 43 58 90 53 18 80 27 66 58 33 92 74 12 95 98 28 7 1 1 89 2 47 64 96 0 23 90 62 65 11 57 
60 23 62 65 67 78 85 48 97 21 53 61 14 21 28 89 12 50 35 5 4 3 3 44 75 67 31 46 25 21 91 95 14 15 52 70 81 49 11 83 13 53 9 15 40 24 78 21 52 90 51 23 46 14 21 1 24 54 6 14 35 87 88 34 65 30 86 66 98 12 29 8 95 49 60 93 79 10 74 6 88 27 57 54 13 45 99 50 32 72 22 38 37 77 22 0 41 77 43 50 49 
45 35 3 6 9 23 59 65 88 87 60 58 72 55 49 2 54 77 60 22 34 8 44 15 73 65 48 97 3 87 90 88 41 21 84 18 99 7 38 2 70 83 96 34 44 52 73 47 31 7 86 86 41 78 29 55 76 85 21 4 10 34 98 7 11 44 36 47 26 58 61 53 16 14 13 37 98 96 43 93 71 70 53 2 92 3 15 36 52 86 77 50 69 49 75 7 0 18 32 1 11 
5 70 89 89 47 4 36 81 62 3 37 9 17 12 69 60 47 1 20 60 1 21 71 5 45 53 8 10 86 61 89 73 23 80 89 54 29 81 77 12 82 15 8 10 89 42 17 42 20 98 67 63 52 92 92 92 78 48 83 49 12 80 8 43 84 19 65 16 75 95 19 90 76 89 71 77 48 94 9 80 4 81 2 86 18 38 8 90 84 94 89 83 86 89 79 84 3 0 59 39 71 
75 61 77 56 68 74 44 9 7 43 11 10 76 50 84 61 82 83 15 82 84 10 43 7 31 60 40 38 94 77 88 24 38 20 94 3 71 6 4 52 2 5 69 81 68 42 2 48 85 49 43 84 20 5 22 17 85 3 89 91 11 77 13 18 37 62 54 63 38 89 29 57 93 22 13 43 54 8 21 4 88 32 88 90 10 17 98 11 61 66 13 18 62 69 21 4 22 20 0 30 70 
77 51 6 63 29 71 9 20 98 55 84 43 59 80 85 69 86 17 32 31 29 29 57 3 72 74 67 67 55 29 66 30 33 39 36 99 63 16 43 97 12 3 75 85 19 34 91 67 19 44 62 79 72 68 89 3 35 74 30 63 60 86 75 9 47 74 9 62 44 39 4 29 41 84 55 91 88 34 34 86 3 86 97 2 59 56 77 52 92 36 89 13 77 21 25 11 82 70 11 0 92 
56 23 32 43 79 27 85 80 23 24 57 54 66 32 84 44 21 45 82 12 90 72 72 12 4 94 64 95 83 81 69 87 23 17 55 46 73 17 88 66 36 27 38 43 81 25 50 87 30 23 4 44 89 18 5 75 94 56 72 68 17 26 36 39 82 80 65 89 6 83 29 48 76 15 91 95 75 17 26 91 42 58 33 88 3 45 46 92 81 76 27 16 34 29 3 44 59 71 6 3 0 
