n: 100
m: 8
Pi:U[1-99] 13 44 4 47 34 38 32 37 5 27 92 8 30 80 68 87 43 89 81 48 64 59 57 79 35 74 5 48 14 46 75 69 13 63 80 12 88 24 77 39 74 71 38 41 47 7 43 72 59 65 62 82 28 46 42 94 37 94 40 79 76 73 52 51 98 88 64 58 54 68 61 43 87 92 99 30 33 76 21 18 90 60 51 98 32 10 10 7 59 37 99 20 14 88 95 69 48 45 92 87 
Si:U[1-99]
0 24 22 26 38 2 28 54 60 18 99 15 72 99 66 12 63 7 42 19 99 40 99 78 73 99 99 76 36 4 84 22 82 52 55 99 31 9 99 94 99 1 51 99 18 40 18 43 99 99 99 93 99 99 94 99 66 69 84 94 99 57 48 67 75 3 99 6 66 90 99 78 75 33 39 73 82 99 85 79 33 66 99 16 99 99 99 22 66 99 84 99 37 93 16 73 99 99 70 67 99 
36 0 2 43 6 34 62 38 46 18 42 72 60 13 99 57 27 99 51 43 33 33 99 70 6 1 30 99 43 63 96 99 99 73 48 42 18 99 99 99 21 28 73 9 99 66 28 69 99 15 60 45 72 99 58 99 46 99 99 18 49 22 99 10 76 66 4 57 99 99 1 63 39 7 75 87 69 37 87 99 15 99 31 33 51 6 99 13 13 99 99 45 99 60 90 9 99 73 99 30 75 
50 54 0 24 2 24 64 22 50 57 63 49 15 99 99 9 99 30 99 97 85 91 51 61 99 1 99 66 61 30 12 99 99 99 99 99 67 36 99 45 99 76 67 93 16 99 34 79 45 48 31 99 51 70 21 10 99 19 87 84 21 57 91 99 27 99 99 27 99 99 25 87 57 73 85 90 12 99 99 99 64 99 42 82 52 52 57 99 76 3 52 99 99 99 99 99 99 99 99 60 99 
46 64 22 0 59 60 63 12 44 20 19 4 99 67 22 66 99 99 87 43 60 15 99 99 96 99 28 99 4 66 52 58 75 30 87 99 9 99 72 72 52 99 99 76 82 99 91 42 99 99 33 90 99 84 94 24 99 70 99 88 28 55 73 63 99 58 99 99 55 40 99 93 99 99 51 31 76 99 72 90 43 10 48 88 72 81 99 10 81 99 49 30 99 99 96 99 7 88 99 54 69 
41 30 33 50 0 26 21 56 20 34 43 33 66 30 99 99 99 13 49 40 25 90 99 7 67 99 99 63 93 99 99 99 99 30 90 99 43 37 55 79 82 66 99 99 99 99 90 61 79 54 93 99 27 99 31 37 18 99 99 66 91 91 99 7 99 54 99 39 51 81 99 97 1 25 94 34 99 99 99 99 28 75 48 96 99 82 99 18 9 99 85 10 27 40 12 7 1 94 19 99 55 
58 3 49 44 3 0 41 24 4 44 19 22 99 99 99 63 45 25 52 46 81 99 18 9 99 48 99 99 15 49 6 33 40 33 64 99 99 73 99 61 22 10 27 16 99 6 37 99 99 99 87 45 99 96 99 64 99 6 90 28 73 99 91 60 99 33 85 63 22 99 70 99 99 73 99 99 99 99 99 33 99 33 88 30 45 49 9 99 22 99 9 99 99 99 94 70 99 99 99 99 99 
24 8 20 26 63 34 0 27 14 18 21 99 73 99 70 81 99 39 99 75 69 15 54 99 69 99 34 46 99 39 99 99 84 99 7 33 43 99 70 99 70 99 99 99 99 99 36 24 99 84 19 31 99 99 99 99 63 18 84 99 19 52 43 60 99 97 99 99 99 99 27 21 12 15 6 99 19 99 48 99 99 99 99 99 99 9 99 48 99 21 15 64 99 99 99 43 91 99 99 67 61 
2 58 13 54 20 66 26 0 1 49 99 99 99 34 66 12 22 99 28 99 69 87 73 78 99 31 72 30 93 33 87 55 99 63 99 73 99 46 99 99 64 99 99 3 67 67 99 99 99 19 28 99 99 88 31 99 79 60 91 73 99 6 99 69 31 76 43 99 99 82 99 99 90 99 99 67 43 99 31 31 91 82 69 61 12 4 46 64 30 99 99 31 28 54 87 55 45 99 99 99 99 
48 32 66 50 20 48 38 63 0 46 45 40 99 4 73 99 99 15 99 85 55 81 7 99 99 57 99 91 99 9 31 57 9 99 99 99 66 99 22 99 19 73 99 72 45 82 36 69 73 7 99 75 42 99 10 99 60 99 84 99 64 13 55 52 3 39 88 79 99 61 94 99 28 75 15 81 42 99 75 99 58 30 99 24 28 99 73 30 99 6 39 37 99 76 99 34 31 66 48 1 33 
42 38 50 62 30 31 26 21 32 0 99 27 99 15 99 99 99 99 66 96 55 28 99 81 99 99 96 75 97 27 27 99 91 30 63 10 88 99 21 60 30 99 99 52 63 99 4 24 81 99 6 43 63 99 45 67 99 49 24 79 33 31 31 96 99 99 34 63 90 34 99 30 99 55 93 99 58 72 58 15 99 67 54 99 81 99 45 99 99 99 99 85 97 87 22 99 46 99 96 84 37 
99 87 99 7 69 1 51 58 99 55 0 12 12 25 53 34 3 22 46 54 72 88 99 67 99 97 28 6 99 97 99 99 46 6 99 99 99 99 99 33 75 99 6 13 13 3 42 43 31 33 75 37 16 1 67 55 60 25 99 99 42 13 69 66 99 40 99 48 99 4 58 99 60 99 37 70 93 70 15 99 64 87 67 43 99 66 9 73 15 12 31 84 99 84 73 99 97 99 82 99 99 
33 97 99 24 99 99 75 31 91 99 36 0 64 2 17 49 40 1 8 37 27 99 13 99 99 70 12 55 99 84 90 42 99 99 43 64 39 66 99 99 1 82 99 34 22 99 24 21 69 51 31 21 30 99 24 99 63 19 99 99 46 99 15 99 99 40 99 27 99 22 99 99 48 46 40 99 24 84 3 99 15 84 34 76 84 85 84 99 46 76 99 42 96 99 99 55 81 99 94 54 7 
34 57 58 99 85 70 57 99 99 28 48 42 0 60 53 26 36 24 6 54 7 99 99 79 99 28 99 70 99 99 58 99 99 46 99 54 61 40 99 21 85 73 40 99 75 30 99 37 19 99 39 13 85 16 49 99 99 57 99 58 90 66 99 99 42 84 76 99 84 87 99 99 93 84 99 52 58 22 57 51 79 73 99 22 81 81 49 18 79 79 79 39 72 6 99 46 40 7 54 43 99 
97 99 25 99 27 99 81 21 99 99 54 30 27 0 5 28 25 44 32 32 51 67 76 99 64 99 42 91 99 99 99 42 25 16 40 99 18 48 99 43 99 99 99 99 54 58 99 99 99 99 99 99 69 99 99 99 49 99 72 52 99 81 18 61 99 99 99 99 64 99 70 16 22 99 99 99 4 99 54 99 99 99 99 99 99 37 37 3 73 99 99 22 99 97 36 64 58 25 57 99 99 
99 99 96 55 99 70 24 15 66 33 38 6 56 41 0 8 62 20 57 21 99 34 99 57 9 99 99 99 70 99 36 28 36 99 16 99 19 99 21 99 19 99 84 94 94 64 88 40 55 99 99 24 99 18 99 52 60 99 64 61 99 12 3 16 88 15 99 99 99 34 94 16 1 99 57 63 93 99 24 30 73 99 78 73 99 87 75 39 54 4 99 88 46 99 51 7 70 96 34 67 99 
18 58 99 99 91 1 99 9 82 91 3 5 4 22 56 0 5 20 64 53 93 1 52 99 79 82 99 94 88 99 99 46 61 36 99 96 99 99 54 99 84 99 63 52 31 31 22 66 58 99 99 9 99 21 99 99 99 69 99 99 99 55 10 69 51 63 67 55 99 27 99 99 70 67 76 42 24 85 45 79 31 42 99 91 99 52 63 61 22 12 31 60 9 25 99 73 18 60 49 82 99 
96 84 55 99 87 99 21 24 16 19 20 33 41 41 66 52 0 39 8 58 54 99 82 15 1 99 76 82 79 99 99 99 27 75 99 54 24 81 57 19 99 82 48 60 81 22 99 46 99 18 24 88 7 90 99 7 99 42 70 43 22 82 64 40 7 48 78 85 63 99 51 99 72 99 93 99 99 96 75 99 79 27 99 7 99 99 30 61 99 99 30 69 99 46 99 99 31 85 99 99 63 
6 22 48 91 99 99 81 72 99 37 33 52 63 38 30 62 16 0 48 46 30 96 19 99 54 73 99 99 93 42 99 31 63 99 99 18 76 73 88 99 84 49 99 99 7 45 61 6 99 3 99 85 99 43 99 99 13 85 60 46 72 99 99 13 51 99 6 55 60 67 18 99 78 97 37 90 85 99 87 46 21 99 90 13 99 37 99 18 34 22 99 99 46 99 16 99 88 49 21 15 79 
99 85 31 81 99 99 66 81 88 99 55 13 36 48 12 0 59 16 0 22 87 66 99 16 55 84 36 99 99 61 18 39 99 33 4 31 99 18 6 85 6 1 99 99 99 99 37 63 22 39 30 84 84 49 46 34 7 99 99 88 78 99 48 72 96 24 99 99 7 99 99 99 84 97 99 67 13 57 46 37 99 42 6 30 81 33 9 99 99 99 99 16 99 99 49 21 99 15 99 36 19 
58 93 52 99 60 99 43 99 99 31 28 51 43 65 1 0 26 65 8 0 99 1 49 84 6 33 99 69 61 70 99 10 99 72 6 91 85 60 21 85 16 90 49 27 99 67 99 97 99 99 99 60 81 99 21 63 91 99 99 99 60 82 99 51 79 27 99 64 99 99 99 48 99 99 60 70 79 51 99 99 99 81 31 48 99 84 99 99 30 99 99 99 57 99 54 99 99 66 99 31 99 
40 70 16 94 36 99 99 31 21 70 78 49 63 30 45 45 48 75 75 46 0 58 38 41 24 16 22 62 25 48 1 99 79 45 99 99 90 58 37 93 76 12 81 28 21 99 99 43 99 91 99 99 99 33 99 99 54 81 99 79 78 75 63 24 99 4 99 13 99 99 51 24 31 51 99 69 18 96 99 60 79 99 43 76 99 96 70 42 70 66 93 66 42 73 99 90 55 99 45 52 99 
48 6 25 99 99 51 97 31 70 39 6 63 99 24 99 57 99 52 99 43 20 0 38 4 62 8 58 1 21 6 99 67 97 99 90 99 36 75 63 99 87 99 37 91 94 46 75 55 42 55 18 99 99 99 99 99 10 99 87 51 93 55 36 12 72 99 76 99 16 10 99 99 66 27 88 27 72 1 67 24 57 10 99 42 25 33 99 49 66 99 99 87 51 99 60 66 19 36 76 61 99 
99 72 34 66 22 96 48 49 99 31 51 3 99 54 99 99 16 7 91 99 64 22 0 10 12 47 58 0 50 6 99 22 99 69 99 99 93 25 7 99 15 99 99 99 13 54 96 99 99 16 99 10 99 99 15 99 57 97 99 19 99 87 16 99 99 6 67 61 99 81 39 33 99 24 99 99 3 22 99 99 99 99 99 99 45 99 85 37 79 30 73 60 67 99 69 99 43 99 99 22 49 
48 13 99 49 84 43 1 99 45 60 99 27 99 88 99 99 81 99 99 99 6 13 33 0 27 7 10 47 37 22 91 99 99 6 49 57 76 43 15 43 84 76 99 39 85 61 30 84 99 99 9 99 99 99 75 22 85 18 34 61 34 63 46 22 99 99 84 60 4 84 37 6 96 99 18 99 7 76 52 3 96 99 99 99 31 57 40 99 79 57 99 75 15 99 55 37 93 82 51 58 87 
90 99 99 72 7 99 54 99 33 39 82 99 72 99 15 18 91 99 91 99 30 24 61 10 0 14 46 48 24 59 99 99 33 37 99 52 99 19 85 16 40 99 36 99 36 94 99 3 16 43 94 60 90 90 99 99 13 81 81 82 49 93 31 99 22 51 12 58 99 13 90 24 45 72 99 3 96 97 67 10 39 10 36 36 94 90 99 99 99 43 97 39 52 97 19 21 99 99 99 87 99 
99 93 64 67 54 88 99 21 1 99 61 15 99 99 99 58 73 99 93 1 31 30 47 60 60 0 40 11 27 58 39 97 99 58 99 94 19 18 52 99 70 33 4 28 30 10 48 54 70 60 37 18 45 27 99 87 58 66 96 52 99 94 39 1 99 3 15 10 79 21 99 58 75 39 31 7 99 99 99 75 42 3 99 42 90 99 99 33 99 99 7 99 99 84 25 61 99 19 99 39 99 
99 82 28 73 99 99 54 99 36 99 67 69 60 93 87 19 19 72 51 39 12 8 54 25 6 16 0 46 2 43 99 40 99 99 46 99 39 19 99 78 6 94 60 6 99 21 99 72 79 46 99 87 99 79 94 99 42 6 99 82 99 67 99 99 73 36 94 99 85 99 57 73 16 3 4 99 82 7 52 90 6 99 33 30 9 99 34 87 57 99 40 4 99 99 33 99 99 51 99 13 46 
87 93 9 99 28 99 99 99 52 57 7 21 99 21 10 99 49 99 97 31 28 36 34 65 51 19 65 0 13 12 99 91 99 79 46 34 28 99 43 55 39 82 99 99 99 36 99 99 99 55 6 99 52 99 46 96 96 84 39 48 99 91 21 69 84 39 25 55 64 63 52 90 69 3 99 99 33 69 37 3 55 99 99 49 27 28 99 99 99 7 99 99 58 46 58 99 58 66 30 99 99 
99 99 99 55 21 22 22 93 46 99 99 99 45 99 36 99 99 66 55 84 28 63 32 36 10 36 24 60 0 60 64 55 19 99 36 99 90 84 43 93 99 69 99 72 18 99 99 51 75 99 99 99 99 99 99 99 48 99 94 27 10 54 73 12 99 99 84 99 84 33 22 3 99 4 99 99 13 57 99 57 99 27 12 51 69 99 94 28 97 99 84 22 99 49 99 58 42 49 21 58 18 
1 9 6 99 82 87 45 99 27 99 16 24 81 19 99 55 99 51 99 10 30 64 61 36 2 23 44 29 32 0 15 33 99 99 37 87 99 34 9 99 99 99 58 51 99 90 82 70 87 10 99 96 67 99 99 60 28 87 99 99 81 73 1 82 43 60 99 51 66 99 81 87 99 99 99 27 19 33 99 19 82 99 99 6 99 28 10 99 69 99 72 33 45 9 97 99 63 34 99 99 27 
94 57 33 99 33 99 99 64 99 99 13 87 81 78 49 40 99 52 51 82 73 30 45 43 99 25 36 99 99 49 0 41 21 52 62 40 54 60 2 18 40 99 99 34 94 99 99 33 70 93 45 96 85 99 52 91 99 99 96 60 51 54 99 58 66 31 25 45 99 99 6 63 96 60 9 97 19 99 69 60 81 99 99 93 55 24 19 99 94 66 99 96 51 81 99 25 91 12 99 99 46 
94 16 46 42 75 16 99 99 63 76 99 61 45 99 49 72 88 99 90 88 37 39 99 60 99 51 6 69 99 51 7 0 10 34 1 36 62 14 66 2 73 13 51 70 48 99 57 49 72 60 99 57 99 58 33 99 97 49 54 16 99 4 9 13 99 96 99 99 30 99 61 99 99 99 99 1 36 13 1 33 99 99 33 36 1 99 27 21 91 70 99 16 33 99 28 1 49 99 3 99 99 
99 88 99 64 24 46 99 18 99 99 99 99 99 99 42 51 99 51 97 16 99 42 3 99 15 91 24 99 33 99 32 46 0 61 38 45 52 60 32 13 72 10 18 63 99 61 99 99 99 45 34 52 30 28 91 84 31 42 99 37 4 63 51 99 63 22 99 99 40 61 99 36 79 48 25 99 99 99 99 45 18 99 99 52 66 99 99 99 87 34 9 99 99 18 57 90 46 36 19 13 94 
76 99 42 99 99 99 99 99 54 88 85 43 99 75 46 13 46 42 10 37 99 21 99 27 22 79 24 81 66 99 49 57 41 0 12 9 65 26 34 46 1 9 4 67 16 49 24 25 57 63 93 22 90 30 99 99 24 67 99 99 93 94 99 19 72 66 63 99 54 25 99 34 99 64 24 99 24 10 99 45 99 67 99 99 36 99 99 99 67 99 99 99 1 18 99 16 12 46 22 73 73 
45 43 99 99 99 99 99 40 21 48 85 78 99 99 6 66 99 99 99 88 45 90 99 99 90 90 24 57 76 88 20 20 48 32 0 32 48 58 26 8 99 99 84 99 61 64 76 31 96 27 99 99 51 79 81 99 99 96 4 36 58 84 18 97 7 99 99 55 99 99 19 99 7 51 40 99 99 82 99 85 72 9 51 99 67 60 99 6 4 84 58 99 99 99 46 99 3 67 28 99 93 
99 51 28 88 99 67 48 42 1 69 99 99 82 12 30 99 46 1 90 25 18 99 81 7 54 4 46 10 94 22 16 36 24 60 38 0 24 16 51 58 99 39 10 99 99 58 96 81 3 52 99 72 12 1 99 42 6 87 99 99 79 79 61 28 16 63 96 51 42 88 99 16 94 40 91 55 75 42 43 70 99 99 48 99 30 40 88 13 10 99 13 43 99 99 99 16 93 51 31 3 45 
93 78 43 99 99 21 99 99 28 99 7 94 33 51 99 99 88 66 30 99 37 79 99 73 40 99 19 28 21 69 8 38 43 22 45 61 0 10 60 8 99 99 6 91 43 58 3 99 84 15 67 24 99 99 49 79 43 70 4 99 99 33 85 99 99 18 6 99 57 30 57 99 99 99 94 99 99 34 99 99 99 69 96 75 84 99 36 42 49 99 99 12 15 66 46 66 6 87 99 1 66 
99 30 90 99 99 15 57 73 42 99 19 9 99 99 78 30 46 99 78 91 69 61 22 24 33 64 78 99 99 58 8 18 26 10 1 48 17 0 20 58 88 22 94 58 33 70 10 79 99 12 78 21 97 99 61 99 99 70 99 90 99 34 99 99 99 18 81 99 54 94 13 72 27 99 97 61 78 66 24 58 58 24 28 87 43 66 58 9 42 51 75 99 84 49 16 82 99 10 99 99 30 
19 99 58 42 99 99 10 40 15 24 99 99 99 45 99 99 3 76 99 22 99 63 57 99 4 78 99 36 31 33 2 5 39 36 50 57 60 22 0 8 24 40 79 58 93 31 64 10 16 99 48 10 99 70 28 99 99 69 99 69 79 60 15 57 9 3 99 82 99 99 99 24 99 73 7 25 22 99 99 99 99 97 36 99 40 22 99 34 94 99 49 94 36 52 99 31 91 25 55 99 22 
31 46 82 1 33 76 48 76 9 96 99 63 45 75 99 10 6 73 99 99 12 24 18 73 39 99 99 99 99 75 62 14 46 0 55 7 64 16 8 0 99 99 76 99 99 33 15 79 9 42 99 99 57 99 18 24 99 21 1 52 45 28 99 58 49 84 57 58 87 15 99 99 18 99 73 43 81 99 88 66 43 67 75 46 34 99 63 93 36 75 72 1 88 57 99 12 60 72 66 49 57 
18 22 73 99 43 33 99 70 75 43 99 19 99 42 76 61 37 96 31 48 21 99 99 48 96 64 99 13 99 87 99 67 46 87 82 99 99 76 99 70 0 6 54 54 55 48 44 27 3 8 22 46 99 99 99 66 28 99 78 12 66 99 64 75 99 43 61 99 9 99 33 81 28 99 99 97 34 60 52 99 99 75 99 34 91 99 54 61 99 34 45 31 99 27 22 99 33 69 7 94 72 
99 61 96 75 70 3 99 82 21 72 52 99 27 99 99 22 99 94 99 61 63 84 99 99 58 63 40 9 37 42 78 99 99 46 99 7 99 96 99 9 32 0 13 8 10 16 59 22 64 29 99 99 30 48 99 99 99 99 97 99 31 60 24 99 7 78 45 78 99 99 99 7 36 99 58 25 66 99 99 99 46 99 76 57 42 33 76 99 46 99 91 73 81 49 88 99 96 18 57 99 75 
16 99 99 99 22 99 45 99 58 33 18 99 99 63 43 99 75 99 72 72 93 82 99 52 27 33 99 21 99 93 57 55 58 99 93 7 99 73 16 66 8 43 0 27 28 64 38 37 11 16 24 3 30 81 64 4 75 99 99 99 99 99 99 58 10 99 99 61 99 99 24 10 99 9 99 99 25 12 99 97 60 99 76 49 61 33 90 21 99 51 99 55 99 40 99 99 99 36 25 99 81 
81 99 99 99 43 66 99 49 52 36 82 31 99 12 25 97 12 88 7 61 36 64 99 87 99 97 57 99 66 99 99 99 87 82 99 30 99 85 51 33 41 44 65 0 36 21 61 40 61 18 31 99 10 99 49 54 31 52 49 36 79 33 99 13 4 69 90 99 99 31 3 24 21 61 1 36 69 42 25 13 37 99 75 99 99 43 87 88 99 4 54 99 99 54 82 54 79 51 9 99 99 
19 75 43 94 96 39 1 99 85 27 90 99 6 52 99 76 37 99 99 24 43 99 55 99 99 36 99 99 30 22 37 72 99 99 84 99 57 70 99 97 53 56 38 32 0 41 44 2 51 18 99 99 85 99 22 58 99 39 85 3 99 19 34 99 99 99 99 99 7 15 99 9 99 21 99 99 99 63 7 15 99 42 6 90 6 28 75 18 76 99 99 6 99 82 58 99 99 18 84 40 99 
99 99 51 69 30 90 91 22 99 99 99 99 25 99 76 99 99 69 21 99 99 99 99 99 24 99 33 57 99 91 99 19 67 45 43 99 79 99 61 24 54 20 39 32 24 0 31 19 30 31 99 99 99 99 51 24 48 99 52 33 99 54 43 66 99 99 9 99 99 90 70 99 6 99 99 25 91 99 99 6 12 28 85 99 58 42 99 18 60 10 94 16 78 85 93 99 99 40 94 84 24 
99 67 99 63 99 36 9 34 19 12 15 99 99 9 84 72 99 99 58 99 99 99 66 97 60 99 60 99 82 99 21 43 52 10 16 45 61 22 99 54 21 3 15 49 21 29 0 13 23 8 57 37 6 91 54 99 99 99 4 99 99 34 99 99 64 75 31 72 30 13 55 99 99 31 99 97 99 79 67 99 99 99 87 64 22 91 13 33 45 24 99 37 99 36 96 99 90 75 22 33 30 
70 55 15 7 64 78 99 40 99 99 52 99 99 19 99 99 33 99 7 33 31 99 36 76 67 99 88 69 64 79 3 60 99 78 84 31 90 99 99 54 24 14 62 8 8 43 34 0 22 53 99 99 45 99 76 82 31 49 72 43 58 84 99 66 99 90 43 25 64 97 40 25 28 96 91 13 99 99 78 36 99 66 91 18 99 40 43 73 99 36 42 99 55 99 99 75 99 51 94 27 99 
63 99 72 70 99 99 12 99 99 37 99 90 70 6 99 48 99 15 99 7 99 3 61 3 99 99 58 58 88 96 78 82 99 94 99 16 99 34 21 99 12 63 65 52 0 53 48 40 0 21 13 6 25 75 75 99 12 6 99 94 99 54 58 61 99 30 97 61 99 99 48 37 37 87 54 1 66 99 28 99 79 84 4 42 9 99 99 70 67 76 30 99 40 9 99 84 99 45 4 99 52 
57 51 61 4 19 40 94 28 99 73 21 45 13 85 96 99 99 25 96 13 99 99 19 43 97 40 19 61 99 1 99 7 96 97 1 85 99 76 33 27 18 18 10 54 4 60 16 52 6 0 36 58 10 27 97 4 12 70 85 70 99 93 99 18 99 63 31 46 25 75 84 99 99 79 49 69 55 99 30 99 97 70 97 99 91 27 12 54 78 61 66 82 7 18 37 30 4 70 36 73 21 
99 99 46 75 99 10 39 42 63 28 57 99 28 57 79 10 25 99 25 42 64 99 90 34 27 64 99 58 12 99 99 99 99 3 82 99 28 49 54 99 72 72 31 99 99 96 99 75 99 99 0 42 57 46 11 19 15 0 36 25 99 99 45 99 58 99 99 99 82 18 99 9 27 10 45 37 33 49 99 99 99 99 91 99 82 30 61 99 99 99 48 99 99 37 87 99 99 78 64 99 99 
1 99 99 93 99 54 69 70 7 99 99 99 99 88 3 43 99 78 94 75 99 34 94 42 64 69 60 58 15 45 48 99 1 99 42 99 43 60 99 46 42 88 76 39 1 99 94 45 91 27 52 0 23 66 39 51 2 37 2 17 99 99 99 99 72 97 24 99 99 99 99 99 63 9 55 4 10 25 66 99 31 99 99 33 99 25 36 99 99 90 99 99 34 79 63 91 72 99 99 82 94 
99 48 22 99 99 96 55 42 48 42 99 70 49 99 67 37 90 99 43 84 99 99 99 1 99 99 19 18 63 28 4 88 57 7 67 46 99 58 61 61 99 76 48 15 90 64 28 97 99 36 18 24 0 32 33 43 20 25 38 44 99 81 42 60 99 21 54 66 25 97 76 7 99 73 3 43 58 75 99 99 94 70 79 99 24 85 69 97 79 28 99 99 99 79 55 99 99 36 66 70 64 
18 70 99 94 99 99 36 99 99 90 61 24 76 99 21 33 99 85 30 99 63 99 99 39 15 72 13 99 99 99 99 10 67 51 99 15 52 96 99 99 99 99 94 31 43 99 97 99 3 99 62 1 39 0 18 51 64 17 35 15 90 99 99 94 88 34 94 99 55 42 51 12 99 12 40 25 22 31 72 99 99 4 51 99 99 54 49 99 43 99 52 99 73 99 99 91 99 99 4 73 93 
45 60 78 31 36 58 25 12 85 85 15 99 99 99 1 99 51 99 55 30 64 1 12 15 99 57 57 99 97 49 99 64 99 81 99 63 78 99 99 13 93 45 69 67 64 42 40 81 99 13 27 10 25 39 0 29 17 8 37 1 99 1 16 99 97 99 24 45 42 27 28 88 9 99 4 99 99 61 7 99 99 13 64 6 99 30 76 15 99 97 28 99 64 66 31 9 55 45 57 85 19 
49 99 51 46 46 90 52 99 33 16 37 43 52 99 99 99 28 82 99 61 99 99 25 33 7 72 45 30 24 43 99 36 99 99 94 99 99 99 12 99 60 55 99 1 46 30 49 43 99 99 26 28 52 11 45 0 31 62 58 34 91 90 1 30 85 99 99 99 99 46 99 33 52 30 9 52 99 10 33 99 88 99 72 99 1 99 40 70 3 99 28 69 99 76 99 67 76 51 12 3 87 
99 90 99 10 97 99 4 25 84 25 63 63 22 34 66 24 99 63 72 49 99 99 48 16 99 99 31 79 99 94 55 70 87 49 99 15 87 15 55 60 42 37 60 99 33 99 15 99 99 42 9 40 2 60 34 16 0 21 24 64 60 99 13 99 58 76 54 99 99 99 99 39 78 63 99 96 94 18 99 43 66 99 69 19 40 57 9 99 33 99 34 16 66 24 99 61 67 27 99 66 45 
48 49 39 39 99 96 99 99 93 51 97 99 55 76 99 99 28 99 88 43 99 93 18 93 99 99 99 18 99 99 30 99 99 99 99 99 99 16 21 99 99 69 99 40 99 3 99 99 4 99 65 55 4 10 26 36 33 0 27 9 78 99 67 99 99 79 40 76 66 99 78 94 60 99 99 18 30 99 93 7 99 66 96 84 24 73 45 99 99 79 99 21 94 90 52 60 45 85 73 88 4 
4 67 99 6 33 99 99 97 93 88 40 99 99 46 99 99 60 99 99 81 52 99 45 30 99 99 24 99 18 6 90 51 52 64 19 18 69 99 54 93 97 36 78 99 99 61 40 99 21 51 51 12 12 58 28 40 16 26 0 38 99 72 22 58 99 76 94 99 48 99 81 88 99 99 51 99 24 99 22 99 99 3 99 24 99 99 58 10 99 40 66 99 99 52 22 99 99 94 99 88 88 
99 19 46 99 25 99 99 99 97 9 22 21 99 51 99 97 49 21 40 96 99 73 99 99 19 99 12 78 82 99 78 30 99 12 43 31 88 75 91 73 73 99 57 37 70 76 99 57 43 45 48 4 6 14 36 30 65 32 60 0 70 46 99 1 4 33 64 37 58 9 88 19 99 40 37 22 39 45 99 31 99 99 60 9 97 99 49 99 99 99 87 33 39 60 46 99 66 46 27 99 99 
99 99 99 99 79 70 63 61 93 99 99 6 72 52 64 61 99 99 51 33 99 34 34 99 99 84 99 85 58 99 25 51 99 99 42 99 70 81 81 99 93 97 97 54 99 99 76 85 39 69 10 3 30 99 90 1 57 99 99 81 0 32 26 20 43 2 54 6 28 28 34 25 67 66 70 46 42 99 91 85 48 57 12 43 99 99 84 90 87 43 43 99 91 99 81 90 57 99 99 19 99 
64 46 55 99 57 99 42 42 12 73 99 93 99 36 99 99 70 55 99 42 99 82 99 3 54 99 99 99 4 51 66 76 49 45 73 94 99 93 42 99 6 25 99 99 99 22 99 99 93 54 10 99 30 99 99 13 75 36 4 99 25 0 4 9 18 23 41 64 28 59 40 52 69 61 93 99 70 99 99 51 60 3 46 66 39 99 94 99 57 67 84 99 99 99 97 51 99 49 40 99 99 
58 34 72 22 40 97 12 84 1 99 99 1 99 55 91 97 15 99 6 99 16 99 63 45 99 42 99 3 99 4 99 99 49 99 99 99 93 99 99 82 97 43 16 48 57 87 99 99 99 67 99 30 27 91 96 30 6 91 1 94 51 40 0 34 9 0 49 11 2 43 87 39 99 4 24 19 99 66 99 3 99 99 39 67 69 18 79 99 21 99 10 73 46 99 87 97 99 15 36 12 96 
4 64 96 99 52 66 99 37 27 15 99 99 60 42 10 99 78 42 1 99 99 99 99 99 22 9 18 9 16 63 33 30 67 97 39 57 99 33 18 13 16 27 99 99 19 99 58 21 87 99 42 73 10 99 99 88 99 61 7 99 43 25 56 0 32 16 42 46 1 63 39 99 37 99 82 99 3 63 99 70 16 51 99 99 10 34 9 45 99 99 30 54 63 37 99 7 46 25 61 15 12 
82 31 99 21 39 76 51 94 99 45 79 79 99 49 33 21 69 99 99 99 22 66 27 99 99 30 73 73 7 49 99 99 99 57 30 61 51 99 42 99 99 99 21 51 10 73 72 9 63 99 99 7 69 99 7 99 24 51 24 33 44 27 8 6 0 24 39 22 6 2 99 61 99 39 72 36 66 48 94 84 45 78 99 48 70 99 57 6 40 22 99 99 43 61 99 88 99 45 99 99 99 
16 94 96 55 99 99 54 88 25 66 99 99 28 99 52 99 99 87 85 85 9 21 99 64 99 99 66 96 34 99 76 52 69 99 82 48 99 58 37 99 42 40 99 37 99 28 46 97 16 99 39 49 58 31 99 73 69 76 99 16 62 32 60 7 65 0 56 22 26 34 99 99 99 96 97 99 99 28 99 36 43 99 99 99 99 90 63 99 78 61 1 4 39 58 84 91 60 93 7 18 66 
76 99 99 12 67 99 55 57 42 82 46 99 99 99 13 99 99 19 99 99 10 9 97 99 39 75 79 22 9 99 99 90 99 60 12 99 99 67 46 99 99 93 96 99 13 33 43 99 24 99 99 99 81 99 94 75 58 99 1 36 52 16 33 43 11 30 0 8 44 32 99 99 36 40 45 97 34 99 99 78 61 99 99 54 18 16 70 10 27 81 64 30 16 99 15 27 99 19 21 99 99 
84 88 81 21 48 10 66 99 39 75 99 73 99 55 58 55 39 70 72 10 10 96 99 22 96 96 99 55 99 70 99 99 64 78 13 60 33 18 43 40 87 37 99 73 87 60 99 55 99 99 33 45 28 51 66 45 24 12 46 18 34 27 18 7 36 44 11 0 15 7 99 57 64 70 70 99 93 7 57 9 99 75 99 99 6 99 49 66 22 99 97 34 33 99 75 30 30 91 99 99 76 
99 25 99 61 79 99 82 46 99 45 78 42 10 52 24 99 13 61 93 76 19 99 99 97 75 27 99 99 99 3 51 51 99 99 7 99 99 15 99 10 27 91 34 93 99 99 85 45 99 73 69 99 79 88 99 99 99 64 99 51 48 55 0 55 58 1 65 21 0 56 75 99 58 24 99 99 45 99 85 63 87 99 99 3 99 99 99 10 99 58 99 25 99 94 33 10 64 75 49 24 22 
58 88 52 96 19 75 99 55 3 99 3 99 46 91 57 30 3 99 99 99 60 54 93 61 99 96 45 21 30 99 99 76 99 75 99 36 51 33 54 39 99 54 99 25 99 33 43 70 99 46 66 28 39 51 49 99 99 19 99 99 58 54 52 25 40 25 16 19 33 0 69 93 99 57 45 99 84 54 96 37 97 69 99 94 99 13 99 58 42 24 51 79 30 99 4 99 99 63 21 1 75 
91 55 99 58 28 99 46 75 16 3 7 72 99 13 99 13 66 99 22 36 88 63 76 49 99 99 81 7 99 37 51 99 19 76 99 99 55 99 99 64 99 60 34 99 90 22 69 39 82 93 72 51 15 88 49 99 99 87 90 99 31 45 99 9 99 34 4 99 99 99 0 40 38 57 17 40 35 46 2 52 24 99 99 4 99 28 99 78 55 99 24 78 91 78 99 99 99 99 52 99 25 
40 70 82 4 82 12 16 99 73 99 99 6 1 75 94 87 99 99 99 99 25 99 99 99 4 99 99 69 99 1 99 99 22 12 15 67 3 43 60 42 99 99 99 28 99 99 99 99 36 4 99 99 18 3 15 99 39 99 99 7 58 82 58 99 73 42 94 99 99 99 12 0 56 51 42 65 43 23 28 22 31 39 88 31 34 36 30 67 69 18 67 70 99 16 46 70 15 99 94 66 49 
99 88 43 33 72 99 99 99 45 99 40 93 39 57 48 16 13 99 31 82 16 73 78 70 63 99 61 67 37 99 46 72 61 99 99 99 99 13 3 31 99 99 22 33 76 7 99 24 99 99 13 88 18 48 64 7 99 64 63 58 30 99 19 31 64 99 99 91 99 99 50 17 0 39 20 34 33 44 34 10 57 99 99 9 99 99 45 79 21 49 27 36 99 99 45 4 16 97 54 99 51 
10 39 96 63 78 99 99 45 99 30 6 57 1 94 99 12 28 91 54 75 93 66 13 99 87 99 81 25 58 76 3 99 81 36 37 99 37 99 51 94 99 73 99 85 96 99 96 51 82 99 90 99 16 99 99 88 63 67 72 99 12 84 99 31 99 99 60 96 3 49 8 64 46 0 54 44 38 55 34 62 15 99 99 99 90 4 75 1 4 54 76 3 76 22 99 49 22 84 10 1 99 
99 99 63 91 39 7 99 16 99 34 19 49 1 33 85 51 99 49 99 66 37 66 99 16 99 46 73 91 96 40 45 99 67 16 36 15 51 25 81 99 69 75 15 99 99 99 36 48 18 22 64 33 93 75 99 99 10 64 64 99 99 46 87 19 12 99 9 18 99 99 36 41 60 12 0 23 40 18 49 54 12 99 36 4 99 99 99 99 18 99 79 93 99 27 99 99 94 4 96 36 99 
9 54 25 78 79 3 99 3 99 88 99 58 99 99 79 99 99 99 48 99 99 99 94 99 36 48 99 42 99 33 99 99 99 34 28 64 99 99 99 97 97 52 63 3 73 19 94 55 75 99 60 61 66 31 22 99 52 28 99 28 84 51 96 99 43 60 39 60 85 99 44 64 62 48 58 0 7 47 32 17 87 73 99 60 99 99 67 99 99 57 7 45 99 99 40 78 61 18 4 39 21 
85 99 81 4 19 99 61 94 99 60 12 99 51 99 66 99 63 39 57 52 12 28 67 99 99 3 15 99 99 99 72 3 94 99 54 45 99 81 76 36 99 82 99 99 99 99 1 99 40 99 25 51 99 99 25 70 93 79 99 67 99 99 79 99 24 99 42 99 7 99 10 24 13 1 29 42 0 32 55 4 22 22 99 99 19 99 10 28 88 99 12 39 75 99 99 99 31 99 9 48 51 
21 70 94 66 99 4 25 99 42 99 28 99 76 73 3 48 99 30 99 24 48 99 91 99 40 43 12 15 1 99 3 99 99 36 4 99 99 25 36 48 46 99 40 99 18 81 99 76 67 99 78 78 99 85 99 58 93 88 99 58 42 21 42 1 72 69 28 15 1 19 40 42 40 24 57 7 49 0 35 11 13 51 99 99 99 64 66 99 43 75 76 3 90 70 27 99 48 99 18 9 90 
75 99 99 70 25 78 43 99 45 45 67 99 42 99 46 22 99 99 13 6 81 70 42 99 30 70 73 99 12 27 3 99 99 66 99 48 99 99 63 67 34 85 90 69 70 78 90 15 12 70 34 99 99 45 82 69 99 90 37 99 99 99 99 22 99 15 39 82 54 81 44 29 15 49 54 23 11 20 0 27 52 99 99 69 4 99 94 55 46 25 30 73 99 99 61 99 36 99 69 48 18 
99 93 99 64 75 99 9 99 84 99 42 34 69 22 28 43 78 15 78 99 4 66 99 39 99 36 55 99 63 82 31 99 93 63 99 52 99 33 3 25 52 4 90 66 60 18 21 99 99 60 99 99 99 73 99 16 99 22 28 46 96 81 42 31 37 6 94 63 90 28 18 57 18 60 46 66 59 3 8 0 84 99 54 31 96 60 46 78 99 70 99 99 64 28 99 64 75 12 30 7 55 
13 76 15 72 49 99 99 99 61 99 46 78 99 75 91 91 67 75 33 99 69 46 99 22 87 76 99 99 70 99 24 99 99 94 99 10 99 99 9 1 45 9 16 99 76 49 54 99 76 10 99 84 15 21 99 22 99 64 99 33 99 22 84 99 93 42 99 99 99 85 99 63 99 99 19 99 96 99 70 55 0 42 58 36 12 16 46 30 47 55 22 16 13 99 39 99 33 99 99 52 96 
99 99 27 54 99 99 75 93 79 22 99 10 99 99 99 67 66 64 99 10 99 76 54 99 99 24 99 99 4 84 42 90 28 99 99 88 34 10 27 9 3 99 99 55 76 99 81 79 99 99 15 69 94 67 82 15 85 99 78 4 10 63 43 70 42 30 99 99 36 73 82 36 27 3 99 39 18 99 99 99 25 0 54 1 10 39 9 30 36 58 99 45 58 24 99 79 73 28 87 25 88 
16 54 99 99 22 34 94 99 21 99 94 54 61 87 9 99 34 99 85 28 99 90 99 99 54 99 3 99 33 25 42 99 66 99 45 99 46 79 99 99 99 63 51 99 22 63 13 16 99 73 18 13 99 99 33 99 54 58 31 7 13 99 27 30 52 99 45 99 16 97 64 99 99 12 99 90 99 99 25 58 64 10 0 12 64 34 29 36 48 22 99 37 99 27 99 85 99 99 99 69 49 
51 45 7 91 61 99 99 99 90 82 81 99 55 45 22 99 99 30 99 85 73 82 3 64 79 99 46 52 99 15 99 99 22 36 49 28 15 82 94 42 99 36 99 30 72 99 94 99 37 87 58 99 42 76 51 16 84 24 94 99 36 1 31 12 81 99 72 49 37 99 99 63 54 54 66 99 99 99 48 60 4 48 28 0 64 55 48 40 6 41 10 99 82 24 15 39 99 58 99 67 22 
64 16 19 15 43 99 1 25 46 73 99 3 99 13 66 6 42 40 99 99 99 84 99 99 84 22 42 19 99 99 99 70 1 28 73 99 99 99 99 55 99 52 99 66 99 76 6 72 85 84 7 61 91 67 49 99 82 99 63 99 85 30 99 99 48 69 93 55 40 73 96 36 99 58 99 1 48 37 18 64 46 45 27 32 0 6 30 50 48 44 99 46 9 33 90 45 85 15 55 66 91 
99 3 99 99 75 81 51 48 93 52 16 30 99 99 42 67 46 99 27 99 1 7 97 36 99 99 99 97 24 96 60 99 7 81 37 70 21 99 67 85 99 1 99 99 99 87 72 99 99 99 87 43 19 99 99 99 87 43 13 57 57 66 99 96 16 99 99 13 99 39 16 55 1 99 99 99 99 66 99 48 26 4 39 64 9 0 66 14 64 14 99 79 99 79 24 99 49 79 76 51 9 
69 99 58 99 99 61 76 25 91 67 43 67 99 21 99 70 99 31 7 99 97 99 99 87 1 99 30 31 99 99 99 43 33 99 99 99 99 99 24 6 99 64 25 91 99 99 85 24 93 99 78 66 99 12 37 99 45 93 97 99 99 99 51 79 99 99 99 99 10 87 99 30 99 99 21 99 69 99 99 7 40 12 25 52 48 29 0 15 32 62 70 46 3 24 61 42 99 99 57 10 82 
99 42 94 73 87 81 9 99 58 79 28 61 87 88 99 99 81 99 99 93 99 75 99 16 48 30 57 99 93 99 90 54 64 73 58 99 99 19 21 61 61 99 99 79 69 1 72 25 63 76 81 60 67 99 73 99 64 87 49 79 97 63 28 88 49 28 67 10 93 99 42 24 99 99 99 45 70 54 54 97 66 47 59 26 49 15 7 0 39 18 21 75 67 99 99 99 99 99 30 10 78 
99 99 51 19 34 99 99 99 31 24 99 99 67 30 22 99 97 15 7 99 99 51 30 37 99 99 61 60 51 81 99 10 99 7 73 21 66 66 22 81 75 37 25 99 99 93 34 33 16 99 39 96 7 16 28 99 34 99 99 99 99 76 16 99 99 18 15 21 76 99 99 87 60 16 24 81 3 13 3 99 63 21 56 9 16 38 48 66 0 38 99 79 99 40 13 99 99 99 31 7 48 
76 73 99 6 94 75 99 84 99 93 99 99 75 49 99 9 55 33 99 93 52 99 54 99 42 9 99 1 99 72 85 99 75 99 67 99 49 46 52 60 93 99 25 99 99 25 21 3 87 42 84 99 66 31 99 42 61 82 99 99 3 48 54 99 99 48 54 90 99 49 7 96 87 13 90 99 99 52 52 99 22 64 32 26 2 12 8 6 16 0 99 10 6 70 43 99 81 99 78 91 99 
30 6 55 64 73 99 49 99 99 45 67 37 48 60 99 27 88 99 99 34 99 99 99 42 99 55 99 97 76 85 37 72 24 21 19 72 99 36 31 37 64 94 99 57 99 96 7 27 78 99 72 82 99 75 61 99 87 19 99 31 33 36 75 1 99 99 99 97 99 99 99 99 31 60 99 99 48 99 37 99 34 18 93 6 99 70 99 13 75 27 0 56 3 26 58 62 44 14 31 33 28 
3 78 99 75 99 16 93 99 40 99 99 73 15 99 49 85 46 3 99 99 6 99 25 90 79 99 99 63 21 91 99 6 24 99 73 58 3 7 7 99 96 15 42 15 99 99 99 58 97 70 99 34 61 9 25 99 97 99 90 99 24 99 93 75 96 72 24 40 99 96 16 10 45 13 99 99 3 99 99 99 99 3 99 70 48 61 88 7 45 37 18 0 8 52 20 7 65 46 45 24 84 
15 73 99 99 46 7 16 66 67 85 81 76 54 7 49 75 99 22 99 99 3 13 82 99 99 15 90 54 99 99 21 99 99 99 97 24 48 78 99 99 64 97 99 51 25 49 51 99 99 43 70 99 57 9 99 69 70 60 51 46 37 99 45 58 46 99 99 63 94 16 99 99 99 54 99 99 36 64 87 66 82 99 99 72 99 28 99 99 51 99 62 18 0 59 40 16 60 66 34 40 97 
43 15 99 6 93 99 30 99 6 99 55 73 99 99 34 97 60 3 28 31 99 25 91 73 99 61 60 99 81 99 46 37 99 75 39 99 99 33 30 46 79 15 18 99 99 9 36 22 36 37 61 4 75 12 99 45 99 33 84 9 99 15 60 6 76 33 4 99 13 99 24 84 99 84 73 33 73 30 99 25 10 75 99 69 63 28 99 99 85 13 30 43 30 0 27 34 38 10 47 33 69 
99 30 10 34 99 99 54 99 99 96 93 99 99 57 22 99 99 73 3 99 99 99 99 99 99 85 99 28 99 99 67 60 58 99 13 19 97 7 24 28 99 18 85 99 99 96 33 66 78 99 7 66 99 22 99 51 34 99 22 99 99 30 99 37 99 36 36 99 99 57 79 99 13 54 99 81 27 99 94 31 43 99 30 46 52 67 99 99 99 24 61 29 42 35 0 48 36 59 3 49 99 
99 99 99 78 76 99 48 75 54 30 43 51 70 75 99 66 99 87 99 79 91 88 7 96 99 99 52 12 99 37 79 19 72 42 49 99 61 99 79 78 99 99 3 97 37 60 99 21 99 27 99 58 7 24 99 72 99 55 45 46 51 82 31 30 99 49 42 46 54 97 99 99 99 45 21 99 99 10 73 48 99 88 94 79 99 28 46 99 70 19 50 60 3 32 47 0 42 20 60 64 31 
99 99 72 99 78 99 99 1 3 99 13 16 45 99 99 99 99 94 99 99 81 99 21 85 75 99 99 99 6 93 24 42 64 61 6 37 36 78 84 18 99 94 99 99 99 99 99 90 67 61 34 52 66 99 15 49 81 61 99 66 96 99 51 99 57 21 99 99 99 16 99 99 37 24 72 94 82 99 99 99 43 66 13 63 67 99 99 96 43 99 28 53 50 54 18 31 0 34 13 55 99 
66 99 24 40 97 69 43 84 99 99 91 76 99 61 99 99 31 99 22 99 51 19 36 4 90 99 87 39 27 6 91 99 99 28 7 42 34 76 72 64 99 99 91 99 99 99 99 55 79 99 99 40 99 70 99 99 99 87 79 10 94 73 10 69 52 99 1 99 99 64 52 13 73 99 40 24 12 27 64 31 15 99 66 31 99 18 43 73 21 93 64 40 63 18 66 12 24 0 53 3 24 
43 99 19 66 99 67 15 99 85 70 96 4 6 48 72 18 91 51 99 48 99 36 18 60 63 99 76 84 19 99 99 48 49 70 94 55 57 3 75 42 99 36 58 46 51 96 99 73 76 12 69 99 66 99 54 54 99 76 99 58 43 99 28 63 61 40 99 82 99 99 76 99 99 75 49 31 99 61 99 90 72 99 99 99 99 1 52 99 70 40 25 22 50 63 52 42 44 58 0 7 36 
4 99 99 99 33 58 69 99 99 99 84 52 99 99 94 99 99 99 99 27 6 45 54 24 4 3 10 33 99 96 45 37 99 91 19 49 70 91 99 99 82 13 25 57 31 99 61 99 99 99 99 37 99 99 61 81 6 99 99 18 99 99 78 16 91 52 99 9 28 99 25 94 99 87 54 70 99 60 33 99 10 99 39 45 21 91 99 99 25 99 28 42 56 31 37 1 18 13 54 0 99 
51 84 10 63 99 99 99 30 99 93 78 1 99 63 40 99 79 49 90 99 99 99 67 99 99 60 88 6 99 99 99 57 81 99 63 61 99 40 90 96 97 3 87 43 9 69 55 24 91 46 45 99 57 52 51 18 99 94 63 61 99 90 4 12 99 39 99 49 72 45 90 99 94 99 48 99 70 36 99 4 99 84 54 93 99 88 52 99 45 90 99 99 3 19 99 13 34 85 99 99 0 
