n: 100
m: 4
Pi:U[1-99] 55 94 9 78 56 22 97 8 17 16 74 55 48 50 54 35 44 91 16 81 56 57 60 63 23 90 41 54 42 24 39 57 91 83 80 89 24 26 13 92 35 47 43 7 76 27 74 70 40 57 88 15 65 46 55 34 75 52 16 81 82 98 93 71 80 36 30 97 85 82 95 80 6 91 29 98 69 58 68 68 31 51 13 66 87 87 66 4 22 52 67 26 8 12 17 22 81 88 9 41 
Si:U[50-99]
0 94 94 88 84 62 93 61 80 77 92 77 50 91 56 65 62 75 52 80 52 86 84 68 86 97 99 61 53 81 92 59 87 71 79 67 50 90 67 83 63 80 87 91 68 70 67 92 98 78 81 91 91 53 57 80 93 66 86 68 55 81 64 56 70 60 60 56 84 96 68 70 51 83 65 56 70 64 68 54 68 78 95 68 87 78 62 57 61 61 54 61 53 72 62 59 55 63 78 54 73 
80 0 65 66 57 65 81 91 56 68 78 72 89 54 80 76 98 78 75 69 67 75 68 77 71 55 73 71 95 71 75 57 70 68 77 94 54 91 83 57 89 57 79 76 54 72 55 92 62 69 75 89 92 86 86 66 63 96 92 78 58 70 84 70 52 87 91 62 97 99 76 75 88 59 75 54 59 69 94 73 87 83 65 50 57 59 57 96 92 76 61 93 61 99 84 54 94 73 74 50 60 
75 77 0 61 80 70 85 79 55 85 75 96 74 75 68 66 80 68 68 72 70 84 85 75 66 67 50 87 50 65 55 79 60 63 80 51 95 85 87 83 91 91 95 95 57 80 96 64 85 70 54 99 86 59 63 85 74 96 92 84 76 52 96 52 71 82 50 69 90 74 87 90 66 63 95 58 72 61 60 71 60 77 86 83 55 97 96 74 79 67 56 70 84 90 62 88 60 53 56 65 59 
56 94 74 0 57 97 72 60 82 77 83 69 67 73 63 97 84 98 77 97 74 86 88 54 66 99 99 83 66 51 62 81 62 61 70 79 54 53 56 90 63 50 91 83 55 50 61 90 53 60 89 91 57 64 73 83 51 54 86 68 87 61 93 82 70 61 66 82 51 96 68 91 50 52 96 83 78 72 93 55 80 60 55 57 66 93 64 97 96 95 63 64 97 87 68 85 96 74 99 62 56 
75 62 63 95 0 57 97 75 97 51 73 82 51 81 62 62 67 96 80 80 81 56 75 79 86 62 53 72 73 90 70 96 52 56 58 67 86 56 64 66 72 98 81 75 57 54 82 60 61 81 63 92 82 61 71 60 77 78 95 98 67 88 81 95 99 67 73 53 62 86 78 55 97 94 98 81 50 51 94 70 58 63 79 74 53 54 89 82 67 80 84 90 59 91 67 64 94 67 53 80 51 
72 92 84 68 65 0 84 76 94 56 85 68 77 76 68 50 70 56 53 97 81 69 92 57 58 91 61 94 89 69 55 81 63 57 55 96 92 73 76 55 65 73 70 82 88 85 76 62 81 61 91 81 67 63 82 75 81 60 72 82 90 65 82 64 95 79 55 51 55 57 87 85 71 63 88 80 71 94 73 61 66 92 91 76 53 72 63 80 95 60 92 80 67 75 81 77 68 81 72 88 81 
97 89 74 79 56 94 0 51 54 83 90 95 95 84 54 54 55 80 96 88 57 72 75 97 95 71 95 68 88 98 97 77 66 79 69 51 64 65 60 86 92 63 96 59 86 94 58 70 76 50 57 96 63 66 92 76 77 89 72 90 61 66 64 74 88 98 55 94 99 52 63 64 87 79 93 86 91 65 75 63 77 74 82 55 59 57 73 82 86 77 88 75 96 58 96 73 99 55 78 63 99 
76 59 52 62 56 74 95 0 59 75 94 83 60 73 59 70 65 97 56 95 66 74 64 60 65 53 60 94 93 62 72 61 53 85 97 68 90 60 72 61 61 80 70 95 53 71 81 77 74 60 97 84 73 58 94 72 68 99 82 82 76 75 93 95 96 80 52 82 98 70 93 68 93 94 51 51 50 76 85 97 69 76 62 93 74 63 62 89 71 92 80 99 97 68 50 61 96 63 69 72 89 
58 56 52 61 57 92 51 68 0 91 64 60 85 87 77 68 90 66 84 74 51 67 59 58 97 52 59 79 52 92 91 71 74 53 52 98 68 54 65 89 59 69 67 78 56 73 85 93 75 61 75 62 88 54 71 51 74 50 51 66 91 65 90 75 75 71 89 53 88 70 62 69 76 84 64 94 50 55 56 97 89 67 87 90 95 95 73 81 61 94 75 80 54 59 63 97 76 97 68 84 87 
67 51 77 85 89 85 91 70 99 0 87 59 70 96 53 76 69 94 74 67 56 97 83 98 80 91 60 97 84 62 90 99 65 96 52 64 54 74 67 66 56 90 70 97 53 84 80 74 68 90 64 58 86 93 85 52 88 68 65 82 79 77 63 77 88 65 65 79 87 74 80 65 92 96 72 54 97 90 98 89 87 63 84 73 59 85 63 50 91 54 61 77 58 70 76 68 51 96 63 97 84 
93 57 91 65 54 77 85 86 64 61 0 89 87 78 95 82 66 54 88 51 59 84 54 67 69 91 98 69 54 76 76 73 65 55 63 90 83 56 69 65 59 65 61 98 92 67 98 61 68 58 67 92 94 66 50 63 72 50 75 71 79 90 90 90 77 68 83 90 75 53 58 72 79 56 56 79 51 67 99 97 56 99 73 80 58 70 77 85 81 53 53 83 87 52 92 75 94 77 50 94 90 
78 87 92 73 52 81 61 67 68 83 98 0 96 63 61 50 71 85 51 73 90 86 92 69 95 77 96 64 89 56 95 64 96 82 52 93 83 63 95 84 75 83 68 58 54 52 80 70 90 82 92 88 50 69 92 64 56 77 79 83 54 70 79 83 79 55 93 96 91 55 61 57 52 85 94 51 75 54 79 66 84 91 72 97 79 82 90 51 53 81 63 65 78 83 61 75 82 66 83 93 64 
59 63 57 61 72 75 60 80 76 60 87 70 0 71 70 93 53 55 99 79 88 53 93 91 50 71 80 88 87 92 53 91 84 75 91 85 97 78 73 84 62 80 71 70 63 93 68 73 97 81 63 57 61 60 79 70 99 97 62 56 51 80 72 58 56 65 54 52 95 57 95 92 59 61 56 73 93 92 90 75 67 54 62 83 59 60 65 66 62 76 91 70 57 71 50 52 75 73 90 98 72 
56 64 52 89 64 86 70 78 88 62 64 93 98 0 93 96 54 63 75 59 94 80 72 53 74 72 59 57 50 90 99 79 64 95 53 71 95 60 81 84 99 90 70 93 96 52 76 71 92 90 98 50 86 65 95 82 50 94 65 84 96 87 81 80 78 72 60 73 77 90 75 64 82 57 84 53 88 98 73 57 54 79 95 67 80 66 75 84 62 97 86 56 55 77 52 78 53 87 90 92 84 
50 73 80 79 52 83 81 73 97 72 92 88 90 80 0 75 67 67 93 84 60 76 57 99 85 83 53 93 64 76 94 54 76 94 95 55 66 51 88 99 70 90 86 93 68 63 68 71 64 69 74 82 87 95 61 89 57 84 95 99 98 64 99 98 53 86 50 81 88 97 59 64 75 78 95 81 73 72 86 83 85 67 73 97 76 79 53 78 64 68 58 95 96 78 91 87 93 50 94 81 63 
92 52 73 57 65 64 72 66 51 77 79 51 83 86 58 0 92 63 85 62 61 62 90 89 79 72 80 61 75 81 82 94 85 93 55 85 73 86 57 69 96 92 57 77 68 88 72 90 66 72 77 83 71 57 81 72 68 72 96 53 51 71 85 65 84 61 88 77 71 69 79 89 56 82 81 91 62 83 64 99 98 70 66 76 57 59 72 63 64 87 96 67 97 60 83 70 60 96 93 76 52 
68 89 72 50 89 51 73 84 85 57 56 57 62 70 81 98 0 71 82 68 87 58 56 97 82 51 54 94 99 79 60 51 96 65 55 53 60 69 86 62 91 94 73 91 69 91 89 74 55 67 76 87 65 69 62 81 86 96 74 78 96 64 87 63 70 73 93 64 61 54 78 75 64 79 96 82 83 61 93 59 57 73 87 56 61 97 80 53 71 73 82 50 55 75 95 89 71 91 79 81 62 
77 79 72 64 65 71 70 66 94 89 54 59 80 64 53 50 82 0 70 72 94 78 76 79 64 74 77 73 95 92 68 70 95 81 92 53 51 98 63 83 63 85 66 76 84 81 57 74 59 87 66 62 87 54 65 56 65 66 59 88 83 96 70 59 95 66 82 78 74 55 95 52 56 65 63 74 78 76 96 67 85 53 86 90 50 80 50 75 69 71 69 79 55 57 80 76 98 87 56 67 76 
63 57 63 52 70 95 99 53 86 99 74 66 71 75 81 62 63 63 0 89 56 81 59 78 85 69 81 75 72 60 58 52 96 57 96 86 72 62 99 63 95 77 86 72 57 95 62 60 89 67 81 80 94 65 71 98 85 74 53 94 66 61 67 53 76 64 99 99 84 63 95 89 54 76 69 52 86 89 73 92 95 88 54 99 93 73 90 54 85 77 66 59 82 83 76 51 61 91 80 60 63 
63 79 68 97 95 64 99 99 74 84 97 54 99 74 84 64 88 84 64 0 98 90 60 60 75 62 68 53 58 98 60 53 63 62 61 51 55 64 66 70 55 80 95 69 57 79 64 90 73 94 55 71 73 82 76 95 71 75 72 56 72 50 63 58 93 68 74 59 94 99 92 93 76 71 69 99 65 87 88 83 81 58 91 75 94 67 55 57 51 71 66 93 77 60 53 54 60 89 88 79 99 
58 72 95 90 54 66 55 88 97 55 77 74 78 94 85 50 75 98 79 94 0 60 66 74 54 54 80 51 86 76 73 84 68 80 81 63 99 78 64 87 62 62 50 85 83 56 59 57 56 80 96 76 56 56 53 94 99 68 56 66 73 90 69 58 95 57 58 58 87 76 64 87 67 88 50 97 93 91 97 53 67 67 65 72 91 84 78 94 91 86 82 63 93 66 94 83 87 75 76 85 78 
84 64 72 60 96 68 86 95 79 51 57 56 67 76 64 60 55 68 50 64 96 0 68 51 73 79 56 84 76 57 67 82 52 72 79 66 85 95 79 94 76 87 76 78 82 68 89 94 87 67 53 95 70 51 65 79 95 79 63 88 59 78 94 92 58 95 80 53 94 93 82 55 68 98 92 86 61 53 95 93 73 90 97 88 85 78 68 95 89 53 98 96 88 75 72 94 82 51 78 63 54 
90 72 65 99 97 86 92 89 97 89 55 79 72 65 54 86 79 67 92 75 71 87 0 76 53 50 69 60 55 58 99 75 66 77 87 77 73 73 62 77 58 69 78 78 71 75 90 73 63 69 56 65 52 69 99 60 59 93 66 90 64 65 93 88 69 56 60 53 70 82 97 88 84 95 81 79 67 63 87 90 61 63 72 69 86 72 50 55 74 93 85 74 51 65 77 54 78 53 51 91 82 
78 75 86 96 80 56 60 75 86 60 77 83 63 82 88 93 63 74 86 98 54 60 59 0 62 96 96 81 50 81 67 80 91 65 73 98 76 57 55 65 63 87 87 99 75 56 79 84 96 92 79 88 59 95 66 50 64 63 52 76 55 98 66 51 74 51 55 65 97 56 71 84 71 86 82 91 89 86 80 67 56 67 89 75 93 80 69 66 79 58 85 83 77 59 96 59 57 63 53 73 84 
69 56 82 82 96 68 71 68 59 96 58 69 59 58 88 66 76 59 72 68 86 85 61 60 0 62 99 79 62 93 50 73 93 84 99 72 86 59 93 58 93 50 75 90 82 52 76 58 86 98 61 92 61 96 86 86 69 80 63 58 72 53 85 76 68 51 66 60 52 82 87 98 83 56 86 62 77 62 73 77 65 75 91 98 78 51 74 50 86 54 97 88 98 84 61 60 61 65 66 97 88 
91 58 64 51 76 52 89 78 58 89 66 95 83 54 72 80 58 99 71 96 59 98 83 85 51 0 62 80 68 85 85 72 94 99 97 59 84 81 80 67 53 60 56 85 99 81 60 52 52 67 63 79 76 67 72 96 64 68 51 76 59 63 96 67 52 78 51 70 81 95 77 98 81 51 90 88 97 88 73 74 80 56 79 85 95 89 68 58 91 75 52 63 63 88 79 86 53 98 84 88 90 
98 74 76 82 65 78 95 84 83 52 68 61 61 98 66 53 66 87 75 82 94 97 77 67 93 85 0 66 51 82 68 77 80 76 69 50 64 98 88 69 77 53 88 87 61 92 53 82 54 77 99 67 74 90 67 53 81 64 76 71 72 98 93 69 70 71 77 90 67 68 62 74 65 75 81 99 53 79 70 96 57 95 98 80 76 65 64 67 81 92 77 84 54 81 78 69 72 78 86 82 76 
64 67 68 84 51 54 65 67 82 53 82 81 52 83 92 66 59 86 78 93 69 66 87 70 65 98 86 0 89 81 52 71 94 77 51 76 85 98 53 81 64 53 71 55 88 94 99 92 79 70 81 63 71 59 52 82 53 64 66 84 67 83 54 76 50 66 53 90 59 50 53 64 81 80 65 83 88 86 84 82 54 50 83 95 77 62 60 77 76 78 89 94 50 97 86 84 61 98 82 52 86 
74 62 77 61 71 62 69 81 50 62 70 73 51 72 63 71 70 87 79 54 51 73 75 91 91 53 55 69 0 53 54 98 83 83 85 99 52 83 73 63 74 79 54 92 50 69 69 72 84 56 91 83 72 88 52 83 77 79 93 97 75 99 99 81 95 83 86 61 96 65 71 69 67 82 83 68 97 65 73 65 70 76 67 57 86 67 78 86 58 77 78 74 79 95 96 91 58 50 98 53 97 
78 93 96 59 56 79 95 58 62 90 68 95 81 67 54 68 58 51 92 51 94 78 73 81 96 85 96 83 62 0 97 80 60 55 89 59 62 59 65 74 86 57 50 82 85 75 99 51 74 51 67 83 87 64 91 53 62 71 77 71 90 51 99 92 94 96 93 61 62 85 50 78 82 53 73 88 58 69 76 54 56 98 88 83 54 93 73 80 97 76 89 96 65 61 62 52 62 56 56 75 84 
68 65 78 61 84 63 53 90 82 66 78 70 74 84 52 88 65 66 99 68 72 51 94 53 95 76 91 90 91 89 0 99 64 98 60 78 65 87 54 69 77 90 55 66 97 94 86 80 66 75 84 74 82 70 63 64 90 72 84 58 52 89 96 65 52 78 77 68 57 93 53 50 74 85 76 51 67 89 99 66 89 90 85 56 65 88 67 51 52 56 73 64 97 62 70 64 76 74 60 84 96 
77 56 58 95 53 68 67 60 93 56 50 52 89 87 72 90 99 62 51 91 80 61 91 79 81 89 50 84 83 77 50 0 89 76 67 56 90 84 89 93 60 97 66 76 96 92 56 66 75 71 69 97 98 53 56 59 75 51 53 64 60 78 74 61 52 79 97 94 91 56 71 64 68 88 69 54 68 90 52 50 71 81 85 81 70 95 69 89 87 62 54 87 84 85 84 69 73 55 99 95 92 
77 89 50 76 67 89 66 86 72 54 98 81 97 51 62 97 88 85 75 92 96 57 89 82 90 56 95 62 98 77 54 98 0 59 62 56 58 84 58 81 84 80 69 83 79 84 94 53 71 80 87 70 64 85 73 98 69 88 97 54 79 92 95 85 93 78 51 84 77 63 67 92 51 86 69 81 92 61 70 84 88 92 95 95 58 72 60 73 55 77 97 83 63 97 77 81 71 65 59 81 72 
90 98 93 93 66 70 95 66 62 54 52 52 80 79 87 95 80 62 83 55 78 69 67 81 83 62 51 69 60 92 90 77 50 0 92 69 84 56 63 71 52 60 74 60 85 89 68 50 69 81 90 61 99 64 56 76 79 81 54 98 70 51 59 89 74 55 96 85 82 51 79 80 52 51 99 70 73 80 97 66 65 58 90 67 73 94 58 69 56 52 66 55 57 99 86 82 93 97 95 54 68 
96 55 79 69 56 50 54 57 81 67 56 94 56 70 96 98 79 59 95 93 65 91 55 60 87 74 98 95 73 62 74 55 95 55 0 95 51 58 72 58 84 62 90 60 56 63 58 97 72 99 74 95 87 99 90 57 90 82 98 62 58 77 88 82 99 57 93 67 63 93 91 75 63 52 82 52 52 60 94 52 58 57 74 73 56 80 95 61 81 73 66 89 51 69 54 87 93 57 50 99 81 
90 54 94 96 97 85 71 84 63 84 88 52 93 87 80 58 63 91 98 59 52 92 56 77 56 52 78 74 98 98 95 58 70 53 62 0 88 99 96 58 50 75 51 81 71 58 61 60 98 69 91 79 60 66 95 99 98 71 68 58 59 60 94 61 93 64 63 61 57 78 84 64 75 87 73 81 51 88 60 53 59 80 92 91 91 90 95 86 63 71 58 52 60 70 69 60 88 95 93 96 80 
70 83 73 71 57 90 78 60 61 82 67 83 88 68 72 65 58 96 75 91 99 69 59 65 79 61 53 52 87 91 89 93 89 97 68 83 0 83 80 97 55 65 72 66 67 55 90 98 54 86 95 82 73 60 70 61 74 71 75 96 73 92 65 84 84 57 67 96 66 51 75 78 92 56 84 75 64 70 81 78 83 74 51 73 62 59 71 57 98 55 73 84 98 51 58 51 70 92 88 84 91 
84 86 74 90 64 89 64 96 64 87 77 95 65 65 66 68 99 81 54 80 75 75 58 70 54 97 68 55 63 84 88 56 50 84 85 96 82 0 72 74 74 94 54 79 87 57 92 90 97 59 92 98 75 58 78 89 88 81 72 88 98 82 88 60 59 64 91 67 80 59 93 64 75 69 84 93 72 66 76 69 97 77 91 89 84 63 71 51 65 82 60 67 81 50 62 72 54 83 52 57 80 
75 70 97 56 70 68 51 62 76 55 80 55 51 73 93 72 64 95 82 55 95 88 64 70 52 53 60 62 67 83 54 89 93 60 75 68 68 73 0 74 53 95 82 61 94 95 81 81 84 58 61 93 61 53 82 96 75 57 89 84 78 57 55 71 78 60 78 84 74 78 73 87 51 87 65 67 68 86 65 90 82 50 60 72 52 69 61 68 91 63 72 58 80 90 79 73 94 82 57 50 51 
62 65 51 71 58 67 54 55 72 92 65 77 75 98 52 66 84 99 64 65 65 84 72 53 69 81 93 91 68 93 61 99 87 75 62 60 93 53 92 0 68 99 64 81 93 62 81 89 56 58 68 54 74 60 56 95 79 57 71 67 63 78 75 74 92 68 55 86 56 81 59 71 83 94 59 57 99 90 56 65 65 64 50 78 77 52 99 75 51 84 82 70 50 71 76 78 66 54 91 87 63 
53 55 63 58 69 74 56 98 70 56 76 77 84 68 96 76 57 97 68 58 56 96 57 58 95 68 95 87 66 90 76 92 87 77 76 84 75 75 54 80 0 66 67 80 54 99 55 58 65 54 66 68 96 72 61 97 63 58 61 65 97 59 99 89 74 79 76 51 56 82 71 55 58 53 83 70 82 73 88 70 75 88 97 88 60 78 73 50 56 67 61 84 90 64 93 73 83 88 96 67 65 
76 71 55 97 60 96 74 64 71 80 54 60 84 71 92 62 68 67 78 98 58 83 71 90 80 51 91 63 53 94 93 68 96 57 96 68 57 90 87 60 63 0 99 53 89 58 56 54 91 89 55 91 56 84 61 61 76 88 88 85 74 63 78 82 51 92 58 88 51 76 82 66 97 91 98 64 66 73 67 56 76 67 71 52 98 71 86 85 80 54 78 60 79 86 84 95 52 69 81 56 74 
73 68 62 56 80 64 77 84 64 51 67 64 72 76 70 63 81 71 61 76 90 85 56 55 82 82 67 80 63 62 82 89 52 71 51 79 95 51 90 55 59 63 0 83 82 66 92 90 73 53 89 59 92 63 54 61 85 70 52 87 56 51 56 82 63 80 89 69 98 87 51 68 58 58 78 84 96 68 59 61 83 83 65 70 66 50 65 66 53 56 89 93 86 82 58 79 79 72 73 68 62 
76 96 92 62 73 51 94 98 81 78 53 56 59 85 73 68 83 96 86 77 89 58 96 93 68 68 53 76 92 75 75 87 85 73 82 78 71 62 83 55 58 99 88 0 60 73 62 86 62 73 56 77 54 95 82 76 69 91 91 90 60 72 73 76 74 52 89 59 90 75 66 67 70 86 72 93 87 61 69 81 53 84 68 93 67 64 80 79 58 81 64 54 64 95 87 68 64 50 50 58 84 
96 83 73 50 95 91 65 72 86 69 84 94 99 65 56 71 59 83 84 76 70 62 71 74 63 52 53 75 99 74 79 71 63 99 74 96 79 89 90 92 99 95 94 76 0 90 57 55 65 63 84 82 73 78 87 50 82 72 93 64 60 87 99 70 54 57 97 55 64 95 51 84 75 95 67 73 69 78 56 67 65 50 58 93 87 60 86 59 71 55 93 81 63 97 88 53 67 97 88 75 95 
87 79 99 64 66 67 59 78 98 68 64 68 68 52 98 83 87 98 55 83 66 93 75 78 86 63 73 93 73 62 74 94 67 52 75 95 88 70 72 56 63 76 52 89 58 0 81 72 57 95 63 74 76 53 65 67 80 91 86 53 59 57 91 50 52 50 98 78 97 66 98 77 92 57 84 85 62 71 51 58 71 91 79 55 98 87 76 73 95 60 63 54 92 70 98 85 57 86 76 68 98 
70 84 79 66 65 60 99 71 57 92 86 72 53 99 58 90 71 79 79 97 98 90 73 66 85 58 80 94 62 64 93 65 98 60 85 74 95 63 97 70 52 56 82 85 62 66 0 85 61 91 82 51 91 64 61 67 70 92 93 90 78 98 55 90 92 52 88 64 54 75 67 64 52 88 51 93 57 84 95 75 56 65 79 66 73 57 67 60 51 65 93 54 94 92 92 77 84 83 94 72 59 
77 90 77 90 57 53 97 80 87 70 81 57 66 80 50 76 96 96 82 59 81 97 78 75 91 85 80 99 58 88 70 81 82 72 91 54 74 95 82 51 78 95 97 92 81 78 63 0 71 91 92 68 77 52 95 64 50 93 54 86 90 64 64 86 84 57 68 75 78 86 55 83 76 89 74 78 70 87 70 58 83 96 94 87 75 94 59 51 85 76 72 96 58 60 61 55 83 52 76 98 82 
87 97 92 77 99 81 64 85 70 79 78 66 66 87 59 76 82 51 50 90 74 53 60 79 52 71 94 58 85 61 94 55 70 61 82 69 57 67 79 50 59 97 59 91 94 66 85 86 0 50 66 83 88 59 51 68 68 71 96 58 76 60 84 62 80 81 78 92 77 73 76 94 76 65 69 53 67 56 50 51 55 87 80 84 54 54 82 97 67 81 55 63 66 80 74 59 65 77 52 66 82 
54 54 64 71 61 93 94 95 75 60 54 71 93 52 57 96 92 88 84 90 61 62 52 53 71 73 50 87 68 54 58 71 96 66 80 54 66 97 82 90 68 51 97 70 56 83 90 74 56 0 55 71 78 75 90 92 86 83 63 91 77 97 80 93 63 88 56 56 75 61 81 87 73 93 56 51 88 99 55 67 92 54 62 63 63 83 64 53 70 91 74 52 86 68 55 94 87 53 50 70 84 
76 53 77 53 91 87 72 89 63 54 79 88 55 54 58 68 68 53 75 73 52 89 69 95 71 67 79 74 86 94 96 92 95 53 67 67 80 82 56 73 50 53 63 80 72 58 91 74 92 50 0 80 50 96 83 90 89 55 68 83 70 68 52 84 51 86 76 90 84 71 89 79 62 96 63 72 69 78 86 85 91 91 71 63 54 96 72 61 72 94 73 94 91 90 83 73 71 67 59 93 77 
86 78 51 90 94 96 69 79 71 73 79 80 51 83 67 65 72 79 72 63 79 92 76 88 70 90 70 91 70 56 87 68 97 96 63 81 76 61 52 72 89 85 55 68 62 50 96 90 97 70 67 0 73 56 55 99 98 94 89 74 98 83 73 92 89 83 99 75 76 97 97 66 89 59 77 64 63 59 93 73 70 89 91 58 58 65 51 92 65 77 91 51 95 84 74 91 55 58 92 73 62 
83 93 87 73 59 59 59 63 82 61 85 73 64 93 92 54 54 77 73 86 83 76 69 71 93 63 70 85 64 62 82 89 73 57 74 93 64 74 53 58 70 72 50 76 77 57 93 91 86 82 83 98 0 90 91 79 87 93 71 51 63 56 72 95 93 93 50 82 78 77 98 57 55 69 65 99 57 99 95 77 62 84 88 58 60 78 94 63 56 56 88 60 81 96 87 67 69 61 70 83 90 
86 98 76 75 66 76 52 70 89 75 57 56 94 97 66 64 72 67 94 93 85 53 72 59 52 67 75 58 62 50 91 84 55 61 71 88 68 96 83 84 52 71 82 59 57 69 94 76 52 88 53 61 85 0 79 70 74 64 90 90 62 85 52 53 61 63 52 79 69 66 57 92 72 85 56 60 57 89 81 71 81 99 75 83 62 53 61 91 86 93 82 94 73 50 56 50 76 78 92 96 57 
60 80 71 57 99 73 78 66 94 65 89 54 65 60 93 56 78 82 52 94 95 83 96 76 55 97 61 72 68 86 93 85 93 52 56 90 69 73 59 61 75 80 60 72 63 92 63 84 71 97 57 71 78 83 0 92 67 89 85 81 98 83 93 55 61 78 65 65 84 79 94 99 78 92 77 98 66 77 60 54 74 66 68 99 98 64 97 97 93 70 77 51 96 65 91 77 83 60 82 59 57 
56 60 51 60 91 81 98 74 74 63 90 79 72 72 88 74 79 91 75 54 67 94 75 74 64 79 89 88 59 50 90 97 58 63 86 60 65 79 66 81 91 77 99 54 74 78 77 91 84 92 80 66 89 59 92 0 79 53 64 84 57 81 89 77 84 79 94 51 54 65 78 58 64 54 55 82 87 51 89 86 70 70 68 81 68 89 62 86 65 95 59 98 98 80 77 87 77 71 90 99 51 
55 79 57 93 99 69 78 62 56 89 61 92 55 96 55 81 82 90 72 82 75 70 96 82 69 69 95 92 96 88 94 99 73 55 76 54 55 79 68 80 88 63 74 88 73 64 54 58 93 61 61 54 94 75 56 78 0 52 98 71 56 86 84 71 70 98 66 65 53 96 53 56 74 76 87 57 67 84 57 60 77 92 69 92 87 81 60 50 79 88 64 96 86 95 86 85 53 58 74 98 93 
78 51 68 93 74 70 93 52 58 84 55 50 97 78 99 61 76 95 65 91 97 72 74 89 55 94 76 56 82 59 72 51 75 65 76 81 76 69 73 70 67 67 57 57 80 73 97 75 74 52 95 79 78 78 60 96 53 0 82 95 80 91 51 55 61 94 94 53 70 72 89 98 89 68 79 85 54 60 75 51 91 96 56 72 80 96 67 74 86 69 99 99 81 93 95 99 71 96 66 70 76 
99 80 83 57 66 56 93 84 55 82 90 99 96 87 67 70 64 84 76 96 87 98 59 98 65 81 63 63 64 98 71 83 63 90 50 76 70 63 51 65 70 99 62 98 50 85 50 82 66 58 97 55 99 72 76 58 78 92 0 82 70 80 88 55 84 64 72 95 88 58 91 92 95 73 54 58 72 61 50 99 56 66 53 92 78 51 56 59 97 96 81 81 85 89 50 99 83 57 68 91 59 
94 69 58 85 98 85 85 71 66 72 89 64 62 93 57 83 80 74 87 83 78 71 89 83 99 90 78 89 84 89 76 55 78 91 63 59 72 71 83 94 89 72 50 56 98 71 86 61 55 77 69 66 76 83 96 52 53 85 95 0 88 80 90 95 54 88 91 83 94 61 66 52 50 68 57 60 54 70 61 59 97 93 65 94 83 58 55 94 84 67 59 99 70 94 67 89 58 77 97 97 53 
65 97 61 76 85 82 67 81 51 55 59 87 58 53 92 79 77 65 65 87 63 78 50 91 92 53 97 50 63 81 61 71 67 88 83 90 50 60 72 96 97 77 78 79 80 65 95 61 94 92 94 72 65 78 59 56 87 73 88 83 0 79 86 55 86 63 59 85 55 55 53 94 74 51 71 77 50 83 60 94 79 67 99 92 83 64 83 60 67 80 66 99 61 67 84 79 79 73 90 81 68 
82 78 76 87 95 74 57 87 69 87 79 99 83 70 95 67 54 89 59 66 53 89 66 69 50 55 58 94 50 58 82 93 75 71 94 58 69 67 77 84 89 99 68 95 91 53 89 84 72 55 55 99 66 55 65 70 71 71 57 97 72 0 95 91 61 93 53 78 93 73 78 86 83 68 93 88 83 95 60 68 88 72 52 75 57 89 61 63 84 75 98 90 61 92 63 95 97 74 67 73 63 
57 53 73 51 94 95 75 51 56 68 86 60 70 92 65 73 77 97 82 74 93 66 56 67 54 96 99 80 94 99 80 52 88 63 96 52 91 51 56 79 63 99 76 52 64 50 67 86 53 51 82 79 99 72 79 86 51 56 85 86 79 57 0 95 50 62 68 84 98 87 90 97 93 69 75 83 81 60 76 56 74 97 65 96 79 75 68 69 81 88 87 78 84 91 60 81 56 99 51 84 68 
56 92 89 66 54 68 74 63 75 61 80 85 62 55 50 69 99 60 75 58 98 63 58 79 78 94 55 87 66 73 70 76 90 62 66 57 97 84 51 66 80 85 59 64 76 91 80 55 58 71 75 63 56 58 97 61 86 74 79 69 66 90 95 0 77 93 65 73 79 80 80 62 97 69 93 75 93 96 87 91 94 92 91 89 91 99 86 50 62 75 64 69 87 87 52 89 61 95 84 59 56 
99 80 93 94 79 76 67 92 94 78 73 59 99 95 84 87 59 89 64 97 67 79 78 57 61 89 90 51 95 73 51 55 76 82 75 95 78 99 94 57 94 70 68 85 55 78 90 86 92 92 95 86 76 51 64 78 65 69 96 92 75 50 91 70 0 69 50 80 91 82 89 73 87 84 85 53 51 56 61 52 59 54 75 50 98 87 56 61 77 94 62 58 99 54 86 55 67 73 69 88 53 
61 91 65 96 74 82 86 83 59 68 97 75 80 60 80 52 87 99 95 98 66 69 87 87 87 73 93 53 97 65 97 51 75 76 51 93 91 50 64 93 59 61 91 61 67 52 50 91 55 50 50 63 90 63 59 83 58 89 50 73 54 60 52 99 72 0 98 70 82 56 50 68 64 64 55 63 96 64 66 93 73 65 84 68 57 58 91 64 52 97 51 53 97 59 79 87 82 66 92 70 77 
52 80 99 55 87 95 77 86 53 57 77 69 75 87 63 53 64 93 62 64 79 86 72 56 87 93 88 79 97 83 72 82 98 70 69 70 52 94 66 64 84 64 61 97 50 56 96 74 88 92 54 95 60 53 63 75 92 78 88 74 51 64 79 65 83 70 0 82 98 70 89 53 89 68 72 95 96 89 73 77 63 78 85 76 94 89 96 65 97 74 79 70 80 71 76 78 55 66 71 85 50 
54 71 50 76 63 50 82 53 61 95 89 98 85 57 53 82 95 82 67 77 78 69 87 78 75 64 56 92 86 98 81 65 71 68 64 73 57 64 79 57 72 74 65 68 59 64 66 63 86 50 51 87 90 69 56 90 59 89 85 62 97 76 66 50 75 50 90 0 62 55 79 72 60 73 80 85 99 98 52 81 90 59 90 56 84 64 72 68 98 72 81 55 97 58 55 96 77 76 78 63 98 
74 83 80 61 74 65 90 73 66 96 74 88 51 54 70 80 56 73 65 51 99 82 52 51 72 65 61 50 74 87 52 74 81 85 83 86 84 86 85 98 98 62 97 86 82 96 58 82 60 93 92 96 85 73 57 98 74 55 62 77 87 68 87 83 68 80 91 62 0 93 55 64 86 73 61 95 93 58 97 62 81 95 62 96 63 97 96 96 71 91 53 66 85 74 69 57 97 99 74 78 71 
86 50 53 83 58 61 95 61 78 87 61 58 51 55 93 50 93 68 58 51 84 57 55 81 85 65 54 82 52 61 90 56 81 74 71 60 66 88 85 60 55 60 56 80 68 63 50 50 64 67 66 80 87 77 54 83 73 52 91 97 85 62 59 55 97 89 56 68 68 0 81 69 86 87 52 57 68 87 83 89 76 99 67 58 51 94 94 57 84 63 50 91 57 91 59 70 60 81 54 66 78 
54 96 57 55 70 90 68 88 53 64 55 81 79 50 53 72 81 81 60 87 95 93 53 55 54 93 98 94 53 68 84 89 89 63 94 86 71 78 94 83 57 96 53 50 68 80 57 92 94 57 56 84 68 95 82 68 52 54 78 98 81 53 66 85 72 59 60 85 95 64 0 99 78 92 65 56 79 95 53 96 55 76 59 91 72 76 72 88 57 73 67 58 65 98 78 52 63 91 64 71 75 
66 53 75 76 64 70 61 81 74 55 98 74 53 56 91 69 89 56 70 51 56 62 84 64 94 51 59 90 73 60 75 92 66 70 74 96 67 71 53 54 71 66 81 90 99 84 99 73 51 81 51 88 58 66 91 80 78 98 77 84 84 88 67 77 66 63 63 54 72 57 87 0 65 67 58 53 70 74 85 52 99 87 52 62 51 90 52 90 63 66 78 94 52 59 90 67 53 64 55 54 62 
61 52 73 55 81 82 82 53 55 57 72 61 58 59 90 55 70 61 55 88 87 92 69 72 83 52 73 62 84 99 58 75 85 62 85 51 66 89 86 82 80 86 62 69 60 64 77 97 53 87 71 51 58 65 92 75 70 53 85 84 72 84 66 64 53 56 96 68 64 53 90 98 0 72 62 67 92 86 83 71 87 77 89 91 64 58 97 67 74 99 66 65 71 94 52 72 74 59 63 73 54 
90 77 66 76 73 88 78 88 67 56 57 72 62 81 79 60 94 86 65 78 81 51 51 73 76 63 95 65 58 53 94 76 63 65 84 81 95 99 89 65 64 88 80 89 50 99 52 71 94 55 80 70 65 98 66 86 99 53 81 58 93 65 98 52 61 81 63 86 54 85 99 97 73 0 78 71 83 56 97 77 79 82 93 78 57 51 63 58 52 60 64 87 55 82 60 77 51 93 79 58 52 
63 96 57 58 75 88 74 84 95 56 62 74 63 77 51 53 91 91 84 67 94 61 74 50 59 52 59 62 89 58 57 50 59 93 60 71 98 53 60 68 69 93 72 99 74 89 95 88 71 60 69 66 94 97 50 58 95 66 96 56 69 75 57 97 80 78 58 92 78 56 75 75 82 70 0 90 97 79 55 53 55 68 92 86 70 60 79 81 92 64 97 67 71 78 82 82 51 87 54 54 96 
50 82 71 80 65 58 98 52 91 88 53 98 59 55 68 84 74 81 90 54 69 84 97 89 78 76 76 60 60 78 80 52 82 90 81 70 73 88 80 73 94 54 63 57 69 58 71 64 96 87 65 94 80 59 81 80 61 78 85 54 58 61 62 89 61 73 72 64 50 53 72 76 65 76 73 0 92 62 98 67 79 69 60 88 85 78 65 80 88 93 53 87 51 92 55 78 84 90 67 74 92 
73 78 99 84 71 92 61 76 98 72 98 83 68 55 78 69 67 82 74 79 95 55 73 96 98 90 70 76 89 90 71 91 92 86 88 55 96 78 88 55 71 90 53 95 80 60 80 83 73 95 52 63 83 93 74 85 58 76 75 54 71 75 52 61 96 80 68 57 66 98 73 67 72 83 75 87 0 77 96 74 67 70 97 99 99 92 97 93 55 84 96 65 89 93 99 60 98 65 71 76 62 
91 55 81 66 82 84 57 88 60 79 50 53 96 59 64 86 58 67 69 80 73 82 65 89 93 88 82 88 95 97 93 92 65 83 68 92 86 66 88 90 74 76 57 62 59 87 69 95 69 97 57 83 90 52 74 50 70 79 89 93 50 53 77 69 87 85 85 58 80 68 87 75 87 81 57 72 63 0 81 53 93 69 60 73 63 55 67 51 94 72 97 72 68 71 63 67 55 73 79 57 80 
73 72 79 88 99 99 69 85 61 62 78 58 91 99 83 61 94 73 88 51 61 67 54 79 62 88 53 71 79 85 79 67 88 70 81 98 81 95 98 93 52 97 63 73 76 61 73 89 84 97 76 63 61 54 91 76 84 88 86 75 63 76 91 56 72 71 76 68 73 55 60 86 67 86 67 83 98 69 0 83 86 73 71 64 85 92 82 90 88 51 55 55 68 83 71 70 75 84 85 76 60 
67 68 76 97 55 94 87 96 61 75 78 97 90 60 80 85 74 76 78 83 90 90 71 79 88 60 58 93 57 92 76 74 57 82 96 92 93 87 50 90 94 91 91 88 82 91 53 98 88 67 50 68 75 90 74 90 75 67 87 62 97 70 65 90 77 79 57 75 74 54 90 87 76 58 79 95 62 62 86 0 93 99 51 85 80 55 76 96 51 62 80 60 62 75 83 84 75 65 63 85 79 
82 61 76 70 90 61 55 99 94 67 77 90 50 93 90 52 85 56 74 60 73 90 58 62 50 75 89 58 68 88 69 88 67 91 69 59 80 77 95 65 55 59 86 90 67 74 88 63 68 57 73 73 60 78 59 57 75 75 69 98 54 75 86 86 77 70 74 61 98 83 97 96 51 90 51 88 92 56 75 86 0 99 62 96 79 85 84 80 96 90 64 53 56 78 94 51 52 81 62 97 51 
68 70 91 64 91 90 76 54 60 78 66 80 91 99 78 99 69 56 55 50 67 83 94 84 90 53 51 62 96 80 50 60 55 55 51 90 67 95 69 68 52 77 67 64 55 89 95 89 93 63 78 97 52 73 80 71 56 83 58 98 53 59 52 78 59 64 98 62 93 95 94 91 61 77 98 53 57 66 57 98 92 0 65 78 91 89 63 64 53 81 58 50 54 63 72 87 54 84 78 78 75 
94 62 91 71 69 67 92 73 80 93 92 91 91 85 91 72 76 71 70 80 74 76 93 67 63 99 82 75 54 63 79 96 73 63 76 87 87 98 95 83 68 89 64 50 73 94 76 64 61 68 85 97 65 55 75 55 93 83 84 84 80 64 76 86 78 59 93 71 65 81 81 77 72 56 91 86 60 53 91 74 62 72 0 70 88 57 74 84 54 52 97 76 71 58 97 72 57 87 99 59 78 
95 54 73 67 71 96 60 88 50 82 99 93 94 71 55 88 72 62 97 66 64 71 68 98 80 76 51 92 85 71 93 52 86 90 85 51 86 95 86 59 65 71 54 64 77 66 60 91 85 56 58 51 76 75 53 64 92 91 52 99 63 60 92 97 80 59 83 59 92 74 65 66 56 73 90 55 69 92 60 95 57 76 57 0 90 79 54 74 88 96 57 91 51 56 72 54 52 92 51 79 97 
68 84 96 52 71 90 51 90 50 51 63 55 60 65 51 85 53 65 75 84 53 90 89 86 87 86 67 55 53 73 98 50 70 75 99 93 96 91 56 77 99 51 69 75 92 94 59 99 89 99 80 54 63 51 91 74 56 55 95 82 94 64 66 52 51 66 58 95 73 80 69 64 77 61 94 63 89 66 51 84 78 81 73 68 0 96 68 95 60 78 58 89 94 83 91 90 61 60 50 57 62 
59 66 96 79 78 86 58 62 88 99 94 53 96 85 81 86 82 85 71 66 90 75 97 98 56 55 74 53 73 56 93 63 89 89 62 59 85 72 98 62 90 78 83 56 78 73 97 53 87 61 50 51 82 99 60 85 65 74 84 75 65 76 96 78 72 93 89 96 69 98 77 74 83 55 81 78 82 50 98 84 93 93 79 94 60 0 70 66 91 74 57 78 75 94 99 55 71 75 99 57 71 
69 62 97 63 78 70 66 67 68 89 80 99 53 89 63 91 78 51 88 86 99 70 64 83 94 78 97 52 96 99 89 64 78 62 73 61 77 71 64 51 94 56 87 98 68 86 65 82 52 96 58 69 84 74 70 59 59 63 53 89 74 95 74 86 64 75 54 79 97 94 75 92 83 92 67 71 50 68 60 74 74 81 73 54 67 69 0 98 67 90 62 69 99 61 92 99 53 70 62 85 75 
96 68 91 58 80 81 65 61 82 95 57 95 76 56 58 86 59 55 78 67 72 59 54 66 62 65 81 76 54 57 88 64 54 99 90 70 66 90 54 73 87 96 95 72 74 51 65 55 99 58 55 69 81 91 78 92 63 91 78 53 78 79 74 76 74 84 54 84 92 81 55 58 65 64 89 73 68 81 76 89 78 68 51 85 82 56 59 0 66 60 99 71 69 57 71 82 89 95 97 54 97 
54 58 76 66 95 62 78 87 83 87 74 73 64 94 86 82 93 56 88 69 60 63 53 76 62 83 73 80 91 79 85 75 53 73 88 59 77 84 77 67 58 57 88 51 95 54 66 81 84 58 97 89 98 88 51 65 87 92 77 71 58 82 91 72 72 56 58 55 67 54 99 85 82 61 63 94 61 72 54 85 50 71 70 55 89 97 98 66 0 99 67 58 78 74 50 94 81 80 54 86 98 
82 81 61 55 64 71 53 69 77 51 65 60 78 85 86 98 93 50 55 91 84 97 74 58 59 64 94 93 50 67 71 92 57 86 98 56 73 85 95 92 85 99 81 94 77 88 53 73 64 55 91 75 73 76 88 86 93 78 71 69 85 51 68 99 55 56 96 70 93 59 83 73 75 53 63 62 84 87 56 94 78 73 85 57 84 99 62 62 81 0 93 59 57 54 89 52 69 54 51 53 96 
96 57 92 69 87 60 58 94 82 69 81 62 53 58 83 89 95 80 96 52 90 59 56 63 98 62 70 70 88 72 69 98 59 98 69 57 76 91 65 58 67 80 78 60 73 71 97 54 71 82 72 96 71 95 77 87 96 60 74 69 83 99 70 79 93 65 79 51 68 71 72 51 69 89 62 61 84 91 78 67 52 86 82 51 52 89 67 74 50 60 0 51 94 79 93 67 90 67 61 55 74 
94 64 93 89 76 66 80 68 77 94 76 75 88 96 63 76 60 98 78 77 78 76 52 70 68 58 69 61 56 90 84 95 56 83 81 62 54 96 57 68 62 95 78 64 97 81 96 91 50 98 74 74 78 51 82 67 69 86 92 94 63 61 72 54 54 88 98 77 75 62 54 84 74 55 87 75 80 71 55 90 99 51 95 71 95 95 94 86 88 61 77 0 67 63 80 88 74 70 86 81 78 
84 89 75 69 90 54 67 66 52 88 76 57 54 94 89 58 52 64 52 67 65 63 50 77 67 91 87 70 50 83 81 65 64 86 67 97 75 86 94 62 62 66 53 78 51 99 58 55 64 60 87 91 92 68 71 92 51 86 82 72 89 57 72 50 93 79 93 81 74 92 81 92 61 76 59 82 86 88 94 59 83 66 75 56 92 91 92 79 65 99 98 53 0 73 51 89 56 59 89 83 91 
61 81 92 54 65 55 58 62 80 67 50 91 57 67 72 68 59 89 53 68 51 99 75 67 59 81 67 92 88 67 89 80 76 51 72 94 74 74 95 55 59 57 75 91 60 65 51 73 93 62 76 87 60 79 74 89 82 76 70 73 79 55 98 57 62 71 57 74 99 52 80 75 74 89 55 62 65 80 72 67 71 78 57 66 74 96 67 98 72 54 92 94 54 0 52 74 97 94 95 58 73 
92 85 76 92 79 77 57 61 61 98 60 63 89 67 77 50 91 78 54 69 75 58 56 96 95 62 70 95 61 77 52 80 93 91 77 60 76 57 94 82 66 80 51 91 81 85 80 66 78 63 64 63 68 83 90 68 96 69 75 82 51 55 87 99 64 59 92 90 99 92 80 94 89 65 67 54 87 84 92 62 69 82 94 51 70 84 69 88 75 63 62 74 50 91 0 90 91 68 84 69 74 
51 69 57 62 71 76 83 84 68 87 87 84 70 54 73 74 83 67 81 81 88 89 67 53 73 77 58 86 50 71 76 91 72 99 93 68 63 78 54 87 64 81 59 77 92 76 81 54 89 64 59 81 50 81 73 90 59 79 79 94 53 61 57 54 89 95 95 65 59 90 61 62 92 68 60 69 81 66 72 89 85 94 64 61 79 63 90 96 82 61 91 55 68 52 82 0 56 59 73 63 87 
95 94 50 91 84 64 83 89 56 94 98 97 51 55 55 66 96 86 91 97 65 56 74 90 80 94 84 60 79 54 70 65 69 81 99 89 99 79 97 81 90 98 92 72 82 55 50 58 66 70 77 65 80 80 85 97 59 86 92 90 85 95 80 66 94 92 84 80 90 84 67 77 58 88 86 60 89 51 88 91 88 50 55 63 57 80 75 80 69 68 82 52 75 68 97 53 0 84 71 61 55 
51 62 75 65 67 96 98 74 65 75 77 92 64 77 74 89 96 74 52 56 83 93 61 87 67 57 74 67 78 57 54 60 53 77 95 71 88 99 63 64 75 75 89 78 61 98 74 64 58 94 74 66 80 99 90 94 93 84 91 53 67 60 69 67 67 65 68 50 90 71 78 68 64 76 55 77 78 89 56 54 67 80 77 53 89 73 78 66 89 77 67 91 70 79 60 62 78 0 99 53 64 
88 52 86 64 86 56 87 72 64 91 58 95 85 90 72 89 63 65 52 64 62 84 70 94 51 61 65 68 98 77 74 54 89 72 85 73 85 74 69 78 62 91 65 74 50 64 52 94 64 87 83 64 60 91 88 83 50 99 54 80 63 81 56 92 89 75 90 96 79 94 62 87 99 62 90 66 67 83 97 56 65 54 52 99 50 73 55 78 70 61 61 77 97 59 74 92 66 53 0 95 59 
68 80 80 55 78 78 58 54 62 52 93 94 87 75 96 85 86 87 78 66 82 57 86 96 61 77 50 70 89 52 91 83 68 94 64 76 96 61 74 83 84 79 62 85 91 99 64 80 87 94 51 72 66 76 50 89 83 83 70 55 60 59 53 71 71 51 66 97 93 84 75 72 82 82 58 62 69 85 79 72 71 59 62 52 55 51 66 86 75 61 97 52 50 98 84 80 98 77 60 0 90 
58 72 50 68 98 83 80 80 58 54 69 55 84 90 52 82 83 84 71 92 96 87 50 84 64 75 94 68 67 68 91 94 53 76 85 86 92 96 51 51 76 51 69 65 82 88 75 97 84 62 58 51 97 78 82 54 53 55 81 77 68 79 57 70 84 70 54 79 79 52 87 58 73 98 78 64 86 73 62 86 61 93 88 79 57 78 86 63 67 58 89 54 89 57 98 50 67 87 63 50 0 
