n: 100
m: 4
Pi:U[1-99] 4 43 65 85 74 69 76 28 21 49 36 67 98 89 54 37 24 85 68 40 44 82 90 80 30 7 15 86 48 49 71 45 98 16 14 4 95 64 10 34 7 44 99 99 85 96 14 65 53 16 53 74 8 87 96 73 80 21 60 34 46 96 31 73 62 1 95 47 94 48 86 76 98 8 88 41 88 29 13 94 87 23 34 31 96 44 74 82 34 93 47 46 39 15 63 40 88 16 23 76 
Si:U[50-99]
0 49 44 45 65 57 50 49 36 51 99 99 99 78 99 99 99 79 87 99 99 91 99 99 75 90 85 99 99 99 99 99 99 99 79 88 99 96 99 99 99 99 99 99 78 88 94 99 93 96 99 82 99 91 99 90 97 91 84 99 78 99 99 75 99 96 99 99 82 99 99 99 85 97 84 99 99 99 97 99 90 99 99 99 82 99 97 99 99 99 99 99 82 99 99 99 99 99 76 99 99 
47 0 38 42 63 36 64 33 45 44 99 99 99 94 97 87 99 99 76 99 99 87 99 99 81 90 78 76 99 99 79 99 97 78 99 99 99 99 99 99 96 76 99 99 99 78 91 99 99 90 99 91 99 99 99 99 99 99 99 97 99 99 99 99 99 75 99 99 85 94 85 99 99 76 99 99 99 99 99 85 99 99 99 75 99 99 96 99 99 99 99 99 99 99 90 99 99 99 82 99 99 
39 48 0 57 65 37 33 51 58 50 99 99 99 99 75 93 99 75 99 99 99 99 99 99 99 99 99 99 99 99 84 96 99 99 84 99 96 99 75 99 96 99 81 99 99 88 99 90 94 79 84 99 99 84 99 76 99 99 91 99 99 99 78 99 99 99 99 99 99 99 99 96 99 99 99 99 99 99 99 99 99 82 81 99 76 99 99 99 99 78 99 99 78 99 76 99 87 99 99 99 78 
61 55 66 0 38 46 46 61 58 40 93 99 99 85 91 76 99 99 99 99 84 75 99 99 99 99 99 99 99 81 99 99 76 94 99 99 76 99 99 99 99 99 99 93 99 90 78 99 99 99 99 99 99 99 91 99 97 99 99 99 99 99 88 99 94 99 99 99 99 85 99 99 99 99 81 99 99 99 91 99 76 99 99 99 99 82 99 94 99 99 90 85 99 97 88 87 99 99 99 99 99 
52 44 62 58 0 59 40 50 34 50 87 99 99 99 84 99 97 99 99 99 99 75 99 85 75 99 82 82 88 99 99 88 99 99 99 99 99 99 99 99 78 99 99 99 99 99 99 93 99 90 84 99 99 93 85 78 99 76 91 88 82 99 78 93 99 81 79 99 99 99 90 99 76 99 99 81 93 99 88 99 99 79 90 99 84 99 99 99 99 82 99 99 99 90 81 99 82 94 96 99 99 
52 49 56 65 34 0 62 34 52 35 99 99 99 99 99 99 75 99 99 79 99 99 85 88 99 99 91 99 99 78 78 90 99 99 91 99 99 99 99 99 99 99 99 99 99 99 99 99 99 93 99 99 99 97 75 78 99 99 99 99 99 99 99 99 99 99 99 99 87 99 94 99 99 99 99 87 96 81 99 99 99 99 96 99 78 99 99 99 91 81 99 99 99 99 99 99 99 99 94 84 78 
62 56 54 43 38 60 0 36 34 52 99 99 99 96 99 99 99 96 99 99 82 79 99 99 82 97 99 99 97 99 99 99 93 99 87 99 99 99 99 99 99 99 99 99 99 96 99 99 82 76 91 99 99 99 99 99 99 81 99 99 99 99 99 99 99 84 99 76 75 88 99 99 99 99 75 99 79 99 99 99 99 79 99 99 99 99 99 94 99 78 99 75 99 99 99 94 78 91 99 99 99 
55 62 54 58 46 59 42 0 64 41 99 99 99 78 88 99 99 96 99 99 99 99 99 96 99 99 99 99 93 99 99 99 75 93 99 99 99 99 99 93 79 99 99 82 76 85 99 99 99 99 99 99 78 78 99 99 75 99 99 99 99 99 99 99 78 84 99 87 75 99 99 99 99 99 99 99 99 99 99 99 94 99 99 99 81 99 99 76 99 99 82 99 99 78 99 99 99 99 99 99 99 
43 50 44 34 62 38 60 48 0 44 99 99 94 99 90 88 75 99 99 87 97 99 76 99 99 79 99 99 87 99 96 99 99 99 87 99 99 91 99 99 99 99 88 79 99 99 85 99 99 99 99 99 99 99 99 99 99 99 79 99 96 99 79 99 85 96 85 99 99 99 78 99 81 99 85 99 99 99 91 87 99 99 84 99 99 99 99 97 99 99 90 81 99 99 93 99 94 99 99 99 99 
60 46 65 44 46 50 48 42 43 0 99 99 99 99 99 91 90 99 99 82 93 99 99 94 96 99 99 79 99 85 85 99 99 99 78 99 97 99 99 99 99 93 82 84 99 99 75 99 99 99 99 99 99 99 99 99 99 99 93 99 81 99 82 99 99 99 99 99 99 94 99 99 99 90 99 99 99 99 99 85 99 99 97 84 82 99 88 88 99 99 99 99 79 99 81 99 99 84 99 99 99 
99 99 97 99 99 99 99 99 99 99 0 58 50 60 66 36 46 38 61 54 99 85 99 87 85 99 99 99 75 99 99 99 99 99 79 84 99 99 78 94 81 99 99 99 99 99 97 99 99 99 99 75 99 99 99 99 99 99 99 99 99 94 99 88 99 99 88 99 88 99 99 76 99 87 99 99 99 99 99 99 90 99 99 99 76 99 99 99 97 85 99 99 99 99 75 99 81 99 75 99 99 
85 99 99 99 87 99 78 96 88 78 36 0 66 54 56 35 49 64 48 54 99 99 99 99 99 99 81 87 93 94 99 88 99 99 99 99 99 76 99 82 99 99 99 99 99 85 90 99 99 90 82 84 99 87 76 99 94 99 99 99 99 99 99 87 99 99 99 99 81 99 79 75 99 79 99 99 99 99 99 99 99 90 99 99 99 99 96 99 75 99 85 99 99 99 99 99 91 99 99 84 99 
99 99 99 99 99 99 99 99 84 99 42 60 0 44 56 34 49 48 36 43 99 99 84 75 99 99 99 99 75 99 79 99 96 99 99 87 99 99 85 78 99 76 99 99 99 99 99 99 99 75 99 91 99 81 99 79 99 99 99 99 99 99 93 99 99 76 99 85 99 75 99 93 82 99 99 99 88 88 88 99 94 99 99 87 96 99 97 99 99 99 99 99 99 79 99 99 82 99 75 99 99 
94 99 99 93 85 99 99 99 97 84 44 45 53 0 60 40 33 64 49 33 99 91 94 99 99 99 99 99 99 85 90 99 99 99 91 99 96 99 81 99 99 99 99 99 99 99 85 97 99 93 99 99 99 99 96 99 99 85 78 81 99 99 99 87 76 99 99 99 82 90 90 99 99 94 99 87 99 99 99 99 99 99 99 99 99 99 99 99 97 85 99 99 99 90 99 76 99 99 99 99 99 
79 99 94 99 99 99 76 96 81 99 48 37 56 63 0 49 44 33 44 36 99 99 99 75 97 99 99 99 99 99 99 82 91 93 99 93 99 99 99 99 93 99 99 99 88 94 99 88 99 99 99 93 99 75 85 88 99 99 99 90 87 99 99 99 99 88 87 99 87 99 99 99 99 99 99 99 99 99 99 99 99 99 99 96 99 99 99 99 99 99 99 85 99 99 99 99 99 99 99 99 99 
97 99 99 85 85 99 99 99 97 99 39 38 42 54 52 0 35 41 48 42 87 99 81 99 99 99 97 99 84 82 99 99 85 96 99 84 99 82 85 97 99 99 99 99 99 99 79 78 99 81 99 99 81 99 99 99 99 99 99 99 97 79 99 97 99 99 99 99 76 93 99 91 99 99 99 84 87 99 99 96 99 91 99 99 94 99 99 96 91 85 99 93 81 99 99 99 99 75 99 99 99 
99 91 99 99 99 99 91 99 99 99 44 34 64 35 63 35 0 46 36 44 99 87 88 99 81 99 99 99 99 79 99 99 99 99 88 99 96 99 81 99 75 94 88 99 82 91 99 99 99 99 91 99 99 81 88 99 96 99 99 99 99 99 75 99 99 99 99 93 99 99 99 99 93 99 78 93 91 99 99 99 99 99 99 99 99 99 84 93 75 99 87 99 99 99 75 99 99 99 99 99 99 
99 90 99 79 81 99 99 99 85 90 50 54 52 42 53 41 50 0 61 58 78 99 99 99 82 99 99 99 99 99 76 90 99 99 76 82 99 79 99 87 99 99 91 99 99 81 76 99 99 81 99 82 99 87 99 99 99 79 99 99 99 99 99 99 84 99 99 85 99 84 99 81 78 84 99 99 99 78 99 99 76 99 99 99 99 99 82 90 99 99 99 99 84 81 99 99 99 87 99 99 90 
99 99 85 97 99 99 99 99 87 99 60 62 44 33 39 61 44 50 0 46 99 99 99 99 84 99 99 79 99 99 84 87 99 99 99 99 96 99 99 94 99 88 97 99 99 75 82 99 99 99 79 96 99 93 99 75 97 93 82 99 90 76 99 90 99 99 99 99 99 99 78 96 99 91 99 99 81 99 94 81 99 99 99 99 99 99 99 99 99 99 99 99 99 99 87 99 96 99 99 76 99 
99 99 99 99 99 99 87 99 99 99 46 37 64 55 63 38 48 34 45 0 99 84 99 85 99 81 99 99 99 99 99 87 99 88 99 99 99 99 85 91 99 99 99 99 99 93 99 93 99 90 99 99 99 99 99 94 85 78 99 85 99 99 99 99 99 99 96 99 79 99 99 99 99 96 99 99 99 99 99 99 99 99 99 99 99 99 99 99 99 76 99 99 99 99 99 99 99 99 96 99 99 
99 99 99 99 79 99 99 99 76 78 99 99 79 99 99 99 99 99 99 99 0 43 56 58 61 37 39 34 48 62 79 99 99 99 99 99 99 99 99 99 93 99 99 97 85 99 99 99 99 99 99 99 99 99 99 99 99 99 78 79 79 99 85 91 79 99 90 99 99 99 84 99 78 99 81 76 99 99 99 99 99 99 99 91 76 82 81 91 99 99 91 78 99 88 99 82 78 99 99 99 99 
99 99 99 91 99 99 99 99 99 91 99 99 99 75 99 99 99 99 93 99 38 0 51 41 59 38 39 45 43 46 99 99 99 99 99 97 99 99 99 91 99 99 99 99 99 99 99 99 97 99 84 99 99 94 99 93 87 90 99 99 84 99 99 99 87 99 99 99 99 75 99 99 85 90 79 99 99 99 99 93 84 96 99 99 93 99 99 82 99 94 99 97 99 81 99 99 96 76 99 99 99 
99 87 99 99 99 99 99 82 99 99 97 99 99 76 99 99 91 99 99 75 58 46 0 33 35 41 36 38 45 56 99 99 99 99 99 99 99 99 96 99 99 97 99 93 99 90 99 99 99 99 85 94 97 99 87 99 81 99 84 99 99 99 99 99 99 78 99 78 75 99 99 93 99 99 99 99 99 91 99 99 84 99 99 99 99 76 88 99 88 99 99 87 99 99 99 99 79 99 99 99 99 
99 99 88 76 99 99 99 99 99 99 99 99 94 99 99 99 85 99 99 99 61 37 60 0 42 46 46 62 46 48 99 96 99 99 99 87 99 82 99 99 99 84 99 99 99 96 99 75 76 99 78 99 81 81 76 99 99 99 99 99 97 99 99 85 99 78 99 99 81 99 75 91 85 84 99 99 99 99 97 99 99 76 99 99 99 99 99 99 91 99 87 99 78 99 90 99 99 99 99 99 97 
99 87 99 87 99 99 99 99 99 91 81 99 99 99 99 99 99 99 99 99 60 52 52 46 0 36 39 58 66 65 82 99 99 99 84 75 93 99 82 99 99 91 84 88 99 99 99 76 99 99 97 99 99 99 99 90 81 97 93 96 75 99 99 99 97 87 99 97 81 99 99 99 99 99 99 96 99 84 91 99 90 99 81 99 99 99 99 99 99 99 99 93 99 99 99 96 99 99 79 85 99 
99 99 79 82 88 99 99 75 99 99 99 96 99 99 99 99 99 99 99 99 42 38 48 35 43 0 60 52 49 55 87 99 85 99 99 94 99 99 85 99 99 81 99 99 99 99 99 96 99 99 99 97 81 99 82 99 99 99 99 99 99 99 84 93 99 99 99 99 99 96 99 97 99 99 99 99 99 99 81 99 99 99 99 96 78 88 91 99 99 99 99 99 99 99 99 99 91 99 99 91 99 
99 88 99 87 96 87 99 99 99 78 99 76 99 99 75 99 99 99 99 99 65 46 55 59 40 59 0 56 35 54 99 99 99 87 99 96 99 99 99 82 99 87 99 99 99 99 99 99 99 99 99 75 99 78 99 97 84 99 99 93 99 99 93 79 88 99 99 85 79 99 99 99 99 99 99 99 99 99 99 99 99 99 99 99 75 99 99 75 81 99 99 99 99 99 99 99 84 99 99 81 99 
99 99 99 99 99 91 82 99 99 99 99 99 99 99 99 99 99 81 94 99 48 54 37 42 52 36 56 0 45 50 99 96 99 99 99 99 99 84 99 99 99 99 99 99 99 99 81 99 99 90 99 94 99 85 99 87 99 79 84 78 99 99 99 88 90 99 84 99 85 99 99 87 87 79 99 99 99 99 99 87 82 99 85 99 99 99 99 79 97 99 94 97 99 87 99 99 99 99 99 91 99 
99 99 99 99 75 99 99 99 76 99 78 99 99 99 99 99 99 99 99 99 57 40 46 47 64 62 64 39 0 34 76 99 84 99 99 99 99 96 99 99 99 99 79 99 94 99 99 81 99 99 99 99 99 99 99 99 75 76 99 99 99 78 81 99 99 99 99 99 99 99 76 99 88 99 99 76 99 99 99 99 99 94 96 99 99 88 82 99 94 99 99 75 99 84 81 99 99 91 99 99 99 
81 99 75 97 99 99 99 99 99 99 87 99 99 99 76 96 99 99 99 99 50 36 44 42 48 48 42 60 62 0 90 99 76 99 99 99 99 99 99 99 84 81 99 91 99 90 99 99 82 93 88 99 75 87 99 96 99 79 99 99 99 99 99 99 99 99 99 99 99 99 84 99 99 99 99 99 93 99 79 99 81 99 99 76 99 99 99 99 99 99 99 99 87 99 99 99 99 99 99 99 99 
99 99 99 99 75 76 99 99 75 99 99 97 82 99 99 87 99 96 99 99 99 82 84 91 99 99 99 94 96 99 0 33 49 52 52 40 43 55 64 40 99 99 99 88 99 99 99 99 99 91 91 99 91 85 99 87 99 99 99 76 99 99 99 99 99 99 99 99 81 99 99 90 99 99 79 99 99 99 99 88 99 99 93 76 99 99 99 99 99 99 99 97 99 90 99 99 99 99 81 99 99 
99 99 99 99 99 82 99 99 99 76 81 75 99 99 79 99 99 99 99 99 78 99 99 99 99 99 99 75 87 99 53 0 44 54 65 60 54 36 46 52 91 90 99 99 99 99 75 99 97 99 85 81 99 82 75 99 99 99 99 79 79 91 99 99 91 81 99 75 99 99 97 99 99 76 99 75 99 91 99 99 99 99 99 99 99 99 99 99 99 99 99 99 99 99 99 78 99 99 99 99 99 
99 96 88 91 81 99 99 99 99 75 93 99 75 99 88 99 99 99 99 91 99 99 93 99 87 99 93 99 99 99 49 44 0 44 55 41 47 56 34 36 99 99 99 99 99 88 99 99 99 79 99 99 99 99 99 94 99 99 81 99 76 99 99 99 79 99 99 99 99 84 81 99 99 99 87 99 84 99 99 99 99 99 81 99 99 99 99 99 99 82 97 99 99 99 99 99 84 97 82 78 99 
96 90 99 78 99 99 99 96 99 99 90 84 99 94 99 87 99 99 99 84 99 99 99 99 99 99 99 99 99 99 38 50 46 0 59 41 50 50 59 54 94 79 99 75 99 99 99 97 99 81 75 84 99 78 96 99 99 99 99 99 75 99 99 99 76 76 99 99 99 99 99 99 99 99 99 99 76 99 99 99 96 76 99 99 99 99 99 99 99 93 99 90 82 99 99 99 97 99 99 96 99 
99 99 99 99 99 91 99 99 99 99 99 93 99 99 99 99 99 99 99 99 99 85 99 99 79 99 99 99 81 99 40 51 57 42 0 41 39 40 55 43 79 99 99 99 99 99 99 78 99 96 99 99 99 99 99 99 75 99 88 78 76 99 99 99 99 87 99 99 99 99 96 81 99 99 99 75 99 99 99 99 97 99 88 99 99 99 93 99 84 99 99 93 99 99 99 97 85 99 99 99 97 
99 99 75 99 99 99 87 96 97 99 99 99 78 99 81 81 99 85 84 99 99 99 87 99 99 99 99 99 81 99 44 37 59 46 53 0 52 65 65 48 99 99 99 99 99 99 99 99 99 96 82 99 99 99 97 99 99 82 99 97 99 99 99 99 82 88 99 99 99 99 99 99 93 76 99 96 99 99 99 99 99 99 91 99 90 99 88 99 99 99 99 93 99 99 99 99 81 75 99 99 99 
79 99 99 99 99 99 99 99 99 99 99 96 99 99 99 99 99 84 76 99 99 99 79 99 99 99 99 99 99 99 62 58 64 33 50 60 0 38 46 66 99 81 99 76 99 96 93 99 99 99 76 99 99 99 99 99 90 99 90 99 88 99 78 99 99 99 99 99 79 99 99 99 97 99 93 85 99 76 99 99 99 99 99 91 99 99 99 75 99 99 99 99 99 85 99 88 99 84 94 90 99 
99 99 99 99 99 99 85 99 99 99 99 99 99 93 94 99 99 99 99 99 99 99 76 90 99 99 99 99 99 99 36 44 46 38 63 34 51 0 62 66 99 99 99 99 99 99 99 81 82 99 79 99 99 99 99 99 99 99 99 91 96 99 99 99 99 88 78 99 99 99 99 93 88 87 99 99 75 99 99 94 88 99 94 99 94 99 99 99 99 99 99 79 99 82 99 76 88 99 99 99 99 
99 99 88 99 99 93 96 75 75 99 99 99 99 99 99 99 99 99 99 99 76 99 99 99 99 99 99 99 99 99 36 58 47 40 35 63 60 60 0 57 76 99 84 99 99 96 99 99 75 97 99 99 99 81 99 99 99 99 96 75 75 99 91 99 99 88 99 97 88 90 99 99 99 97 85 99 99 93 99 99 99 81 99 84 99 99 99 84 99 99 99 99 99 99 99 99 99 87 99 99 97 
99 84 97 99 99 99 99 82 99 99 99 99 99 85 99 99 99 99 99 99 99 99 99 99 99 78 99 84 99 90 63 66 52 38 52 44 44 51 42 0 99 81 99 99 99 99 99 81 99 88 93 99 81 99 99 75 99 91 99 99 99 99 99 84 99 85 76 84 99 99 97 99 99 99 81 97 99 99 96 99 99 99 99 99 99 99 85 99 99 76 97 99 99 99 99 99 99 99 99 85 99 
90 99 87 99 99 91 99 99 99 99 99 75 82 78 81 99 99 99 99 99 88 99 81 99 99 99 99 99 75 99 99 87 91 99 99 99 99 99 99 99 0 64 45 54 38 42 38 58 41 43 78 90 94 99 94 99 88 99 99 99 97 99 99 99 99 99 99 99 97 99 99 99 97 99 99 99 99 99 91 99 99 99 99 99 99 82 75 99 99 99 96 75 99 99 99 99 90 99 99 84 91 
99 99 99 99 85 99 99 99 91 99 99 79 99 99 99 78 85 99 99 88 93 99 99 99 99 96 99 99 99 99 99 75 94 99 99 99 99 99 99 94 50 0 39 60 65 64 40 38 60 34 99 99 99 99 87 93 99 81 99 99 96 99 99 84 99 99 99 96 99 99 88 99 99 99 96 99 81 76 99 99 99 88 99 99 99 76 99 99 99 99 99 99 96 91 90 94 84 99 99 99 99 
99 99 99 99 81 99 79 99 99 82 99 88 99 99 99 99 99 99 82 99 99 99 96 99 90 99 99 99 94 99 99 99 99 99 99 78 99 99 84 99 64 44 0 38 34 50 34 60 60 52 99 99 99 99 99 99 99 99 99 99 76 97 99 84 99 76 99 99 99 78 99 81 82 94 85 99 99 99 79 99 99 91 99 99 99 99 99 99 99 99 99 85 78 78 99 99 99 93 99 99 75 
99 99 99 84 78 93 85 78 99 82 99 85 88 99 99 93 99 99 99 99 79 94 79 85 96 99 99 88 90 99 99 99 94 99 90 99 99 99 99 99 38 42 56 0 35 35 51 60 54 48 99 94 93 99 99 91 99 82 82 88 99 99 99 99 99 99 99 97 99 99 99 99 99 76 99 99 99 99 99 99 84 99 91 99 99 99 99 99 99 79 99 99 99 99 99 91 99 94 99 99 82 
99 99 94 99 99 99 99 99 99 99 91 85 99 84 99 99 99 99 99 99 99 99 90 99 79 96 84 99 99 99 99 99 99 99 99 99 85 99 99 99 59 38 66 48 0 49 58 56 63 36 99 99 91 90 99 99 99 99 99 99 99 99 99 79 97 99 99 99 99 99 99 99 99 99 93 99 99 99 99 87 76 99 87 99 87 99 82 99 99 76 99 99 78 99 87 99 76 99 96 99 99 
99 96 82 99 99 99 79 91 99 99 99 99 99 91 99 76 85 99 99 99 99 96 99 91 99 87 99 99 99 79 99 99 99 99 90 99 99 99 99 99 40 35 34 66 45 0 41 47 38 35 91 99 87 94 99 90 99 99 99 93 87 93 99 99 99 99 90 99 99 99 99 79 99 99 94 84 99 99 76 76 99 99 99 99 76 99 99 99 99 99 99 93 99 99 99 96 99 99 81 99 99 
99 99 96 99 82 99 76 99 99 99 99 99 99 99 99 93 99 99 99 99 99 99 75 99 99 79 99 99 99 99 91 82 99 99 93 99 99 85 99 99 64 34 33 66 39 58 0 54 33 60 99 96 85 99 97 91 90 99 81 99 97 79 84 99 94 99 94 78 94 99 82 75 99 99 99 99 99 99 97 99 99 99 99 88 90 88 99 99 76 99 99 99 87 99 99 99 99 99 82 99 99 
87 99 99 99 99 75 94 81 99 99 99 99 99 93 99 99 99 99 99 99 85 99 87 99 82 99 99 99 91 99 99 99 99 85 99 90 99 76 99 81 40 35 60 38 64 66 36 0 58 49 84 99 99 99 99 94 78 99 76 99 76 78 99 76 94 99 99 78 99 99 99 88 97 99 99 99 99 82 75 84 99 99 84 76 99 99 99 90 99 99 97 99 99 99 91 99 99 99 99 99 99 
88 75 99 76 99 99 99 87 79 99 81 85 99 99 99 99 93 84 99 99 99 99 99 85 99 88 82 99 99 99 99 79 78 99 82 99 99 76 81 99 51 34 49 55 62 44 40 42 0 50 76 99 82 87 99 99 99 81 99 78 75 94 76 99 99 99 99 99 99 76 99 99 99 93 99 97 90 99 99 99 81 99 99 99 99 99 99 99 99 79 99 99 96 99 99 99 81 99 96 99 99 
81 99 87 85 99 84 99 79 99 99 99 99 99 99 99 99 76 99 75 99 79 94 99 99 99 99 99 90 99 99 78 99 99 99 99 99 91 99 99 99 58 54 37 66 40 43 48 34 62 0 78 99 84 82 76 75 96 99 82 99 99 99 99 99 99 99 99 85 84 96 82 99 99 99 87 85 99 99 91 99 99 79 93 88 99 99 99 79 99 99 99 85 99 99 99 99 99 99 99 94 99 
99 97 99 99 88 99 99 99 85 99 99 99 99 99 90 87 79 99 78 99 99 99 99 99 99 90 85 78 99 90 79 99 99 99 99 99 76 99 99 99 97 99 99 99 99 99 87 99 99 99 0 52 46 36 50 34 34 35 50 46 96 90 99 84 99 99 99 90 79 85 76 85 96 99 99 99 99 99 99 99 85 94 93 99 99 90 99 99 99 97 99 99 99 99 99 99 99 99 99 99 99 
99 99 93 99 93 99 99 99 85 94 99 85 78 97 99 99 96 99 99 99 99 99 96 99 99 99 99 87 99 99 99 99 99 99 99 99 99 99 94 99 93 99 99 99 79 90 99 99 99 99 66 0 45 52 44 41 60 60 36 49 78 99 99 99 99 97 99 99 99 99 91 99 99 85 76 99 99 99 81 99 99 99 91 99 99 99 91 99 99 75 99 93 99 99 99 93 99 90 99 87 99 
99 87 99 99 88 99 99 84 99 99 99 76 99 94 99 99 99 99 99 99 99 99 97 82 97 99 85 91 99 85 99 99 76 99 99 99 99 99 99 99 99 99 94 99 99 99 99 99 99 91 53 39 0 40 64 56 50 61 46 48 99 85 99 99 97 99 99 99 99 99 99 99 99 90 99 94 99 99 85 75 99 99 96 99 99 99 99 87 99 99 84 99 99 99 99 99 94 99 82 99 82 
99 78 99 82 99 87 99 99 99 99 99 99 90 81 99 78 99 91 99 99 99 99 99 91 99 99 75 99 99 82 84 99 99 99 99 99 99 99 99 99 99 99 99 99 99 99 99 99 99 93 64 39 34 0 62 59 56 59 50 55 99 85 99 87 99 99 81 99 90 91 99 99 99 99 99 99 99 99 99 99 76 99 99 99 94 99 99 99 99 99 82 99 99 93 94 99 99 99 88 99 99 
87 99 90 84 99 99 99 99 99 99 99 99 99 97 99 99 99 84 99 99 99 99 93 99 99 84 99 97 99 82 99 99 99 99 82 99 99 99 99 99 82 84 99 99 99 99 99 90 99 99 44 62 43 63 0 62 60 64 38 48 99 85 93 99 87 99 99 79 75 76 99 99 99 99 99 79 99 94 99 99 99 99 97 99 99 79 97 99 99 99 99 99 99 87 99 99 99 99 99 97 99 
99 99 99 94 82 91 99 99 99 99 75 99 99 78 94 99 99 99 99 99 99 99 99 96 99 99 85 99 99 75 99 78 99 99 87 91 99 99 76 99 99 99 99 99 99 90 99 99 82 76 43 43 50 54 62 0 38 51 51 46 99 99 84 99 94 99 99 88 99 87 88 99 99 96 99 99 76 99 99 90 99 99 99 81 99 99 99 99 99 99 96 99 84 85 99 99 87 99 79 99 99 
99 99 82 99 99 99 99 99 94 96 99 91 99 99 99 99 99 99 91 81 99 99 99 99 79 99 99 99 99 94 85 99 94 99 88 85 99 99 99 99 99 88 99 99 99 99 94 99 99 90 52 52 34 39 55 48 0 39 50 60 99 99 97 88 97 76 75 99 99 99 99 81 99 84 99 99 99 97 99 99 99 76 99 85 99 99 85 76 99 99 99 99 99 99 99 99 99 99 99 85 76 
99 99 91 99 99 99 91 99 99 99 99 94 94 99 99 99 99 99 99 99 87 99 99 88 99 94 99 99 99 99 99 82 99 79 99 99 91 99 99 99 99 84 99 94 88 99 99 99 99 99 44 42 64 48 57 44 50 0 46 40 90 99 99 76 76 99 76 88 99 88 84 99 99 87 91 99 99 84 99 99 99 99 82 79 99 99 82 99 99 91 99 82 75 90 94 88 99 76 99 96 81 
99 99 99 99 99 87 78 91 82 99 99 99 81 99 99 99 90 99 99 99 99 82 99 99 99 99 96 99 99 94 99 99 99 99 99 90 99 99 99 99 99 96 84 82 99 99 99 99 93 96 56 45 62 60 59 44 39 54 0 60 99 99 82 99 78 99 99 99 99 99 88 99 93 99 99 99 99 82 99 99 99 85 99 99 90 99 99 99 99 99 99 75 99 99 99 99 85 96 99 79 99 
99 75 99 99 99 99 99 99 97 88 99 96 99 75 99 99 99 99 75 99 99 94 88 99 99 87 99 99 96 76 99 99 99 99 88 99 88 75 88 84 88 97 99 88 76 99 91 90 99 99 52 34 40 45 42 54 42 46 44 0 99 99 91 99 78 99 99 93 99 99 99 97 99 90 96 99 96 99 99 99 99 99 76 93 99 99 99 99 99 99 87 99 94 99 96 99 99 99 99 90 99 
99 99 99 99 81 99 99 90 75 99 84 99 99 99 99 97 99 97 99 99 99 99 87 75 99 99 97 99 99 99 99 79 99 99 99 99 97 87 99 99 76 99 79 99 99 99 99 99 99 88 99 99 82 99 99 99 99 99 99 81 0 48 62 50 38 48 54 44 35 39 99 99 87 99 81 90 99 82 99 99 99 90 99 99 99 99 99 99 82 94 82 99 99 81 99 82 99 99 94 99 99 
99 99 81 99 99 99 84 99 99 99 87 84 99 99 99 99 99 94 96 99 99 99 78 99 99 97 99 94 94 88 90 99 99 99 99 99 99 99 79 85 87 99 99 99 99 99 99 99 87 99 99 99 99 99 99 82 99 99 99 99 62 0 42 64 50 54 45 64 44 40 91 99 99 99 99 99 82 81 99 99 93 99 99 99 99 99 99 99 99 99 99 99 99 99 99 93 91 99 94 99 88 
99 81 93 99 94 93 99 97 96 99 99 99 99 99 76 99 99 99 99 99 97 99 99 76 99 99 96 99 99 87 99 81 99 99 93 99 88 99 99 99 99 99 99 99 99 99 84 99 76 99 99 78 99 99 99 99 99 93 91 75 33 38 0 50 46 36 52 63 35 36 85 99 99 97 99 82 99 99 99 99 99 99 99 93 99 99 99 99 81 99 87 91 78 99 99 81 99 99 99 99 93 
99 99 84 97 99 99 99 82 99 99 99 99 99 78 91 99 99 99 99 87 99 99 99 99 99 99 99 99 99 99 90 99 99 97 81 99 99 99 99 99 99 99 99 99 99 99 99 93 81 99 99 99 99 99 99 99 99 99 99 99 46 58 48 0 45 61 51 40 62 35 99 76 81 99 99 97 91 99 99 87 96 99 99 99 81 99 99 99 99 99 99 82 91 99 99 75 94 99 99 99 78 
99 99 99 99 87 99 99 91 99 99 99 99 99 99 90 93 76 99 99 99 79 99 99 99 99 99 99 99 99 99 99 99 90 99 99 99 99 99 94 99 84 97 99 76 99 99 99 99 99 99 99 99 99 94 79 84 99 99 78 99 55 62 64 36 0 50 38 44 62 61 94 99 99 99 82 99 99 99 82 99 99 97 99 99 99 82 99 99 88 99 99 99 99 99 99 76 99 88 99 99 99 
88 84 99 99 99 90 99 99 75 99 99 99 99 99 99 99 99 99 99 99 99 99 99 99 99 99 84 99 99 99 88 79 85 76 99 99 99 99 78 99 82 99 99 99 99 87 99 99 82 82 79 99 99 99 99 99 99 88 93 99 46 36 42 50 62 0 61 48 64 40 99 75 99 99 99 90 79 81 91 99 79 99 99 99 99 99 93 99 82 99 99 99 99 94 76 99 87 99 99 87 81 
99 99 93 99 88 99 99 99 81 97 78 99 99 99 99 99 99 99 99 97 82 99 82 79 82 94 94 82 75 99 91 99 99 85 78 99 88 99 99 96 99 99 94 99 99 85 94 99 99 87 99 99 96 99 99 99 99 99 99 78 48 41 64 43 38 48 0 60 48 60 99 99 99 88 99 99 75 99 99 99 99 99 99 99 99 96 99 87 99 91 76 99 99 99 99 99 99 99 99 99 99 
99 99 76 99 76 94 99 94 82 84 90 99 99 99 99 99 99 99 79 99 99 88 99 99 99 99 99 99 99 82 99 99 99 93 75 81 99 99 90 82 97 99 99 99 99 87 99 75 99 99 99 99 99 99 99 99 99 93 99 97 54 41 58 61 56 57 56 0 52 64 75 76 99 99 99 99 99 99 99 99 99 75 75 99 75 93 99 97 97 99 99 99 93 82 75 99 99 99 99 76 99 
94 99 99 97 99 99 99 99 99 99 99 99 99 99 88 82 82 96 99 78 91 99 99 76 99 99 81 91 99 99 99 99 99 99 99 96 99 99 90 99 99 99 99 99 99 97 99 99 99 99 99 99 76 99 94 99 99 81 99 99 60 62 35 47 52 52 44 39 0 58 99 99 75 99 99 96 99 99 97 99 75 75 99 99 97 99 91 99 99 99 99 99 85 99 99 99 99 99 99 99 90 
99 99 99 99 78 76 99 87 99 99 87 99 99 99 99 78 84 88 99 99 99 99 79 99 99 99 82 99 99 99 99 99 91 99 99 99 99 99 99 99 99 85 99 97 99 99 99 99 99 99 84 99 99 99 99 87 99 99 99 99 49 39 56 60 48 58 44 48 48 0 99 99 99 90 99 97 99 99 99 99 79 99 99 99 76 81 99 99 99 99 99 87 99 99 99 99 99 99 99 99 99 
87 99 99 90 85 99 99 82 99 99 99 91 99 97 90 99 99 94 99 76 91 93 99 75 99 99 99 99 99 99 90 99 99 99 99 90 85 99 88 99 99 99 99 99 93 81 99 99 99 99 99 99 88 93 91 99 99 94 99 99 99 99 91 99 99 99 99 99 99 94 0 60 54 58 38 57 33 50 62 60 99 99 99 97 99 99 99 94 99 99 99 91 99 78 75 99 99 99 99 99 99 
99 99 78 99 78 99 99 97 99 99 99 99 99 93 99 76 99 94 99 99 99 99 99 99 79 99 99 88 99 84 99 99 99 79 91 99 99 99 99 99 99 99 99 82 99 99 78 78 99 99 99 99 99 99 96 99 99 88 99 99 99 99 99 99 99 99 90 99 99 99 46 0 54 64 36 58 65 39 50 49 99 76 99 99 99 93 99 99 99 99 99 99 99 75 99 99 90 99 94 99 99 
81 99 99 99 99 99 99 93 79 91 99 99 99 99 75 99 99 87 99 78 99 99 99 99 99 99 99 90 99 99 99 99 91 87 99 88 99 99 99 99 99 88 99 99 79 99 99 88 99 99 99 99 76 99 99 99 90 90 99 99 99 99 87 99 99 79 99 99 99 88 57 52 0 42 53 43 34 36 54 53 78 99 97 99 99 87 99 75 99 99 99 99 99 99 99 78 99 99 90 99 99 
99 84 99 99 99 99 81 79 99 99 99 79 99 82 75 99 99 99 81 99 99 99 99 97 99 79 99 87 93 87 88 99 85 99 88 99 99 99 99 99 99 99 99 76 99 99 91 99 99 99 99 81 99 99 87 99 75 99 99 99 99 99 99 99 87 99 99 99 99 99 38 57 39 0 34 62 54 44 65 37 76 81 82 99 82 99 78 99 99 97 99 99 99 99 87 99 99 82 76 99 99 
99 99 99 82 91 99 78 78 97 99 94 96 91 99 99 79 99 99 99 94 94 99 94 99 99 99 82 99 96 87 99 99 79 99 84 75 94 82 87 91 97 99 99 99 99 96 99 99 99 99 91 99 84 99 94 88 99 99 75 99 82 99 99 99 99 88 99 84 99 99 66 44 51 48 0 44 47 60 54 56 99 99 99 87 90 91 91 99 90 97 99 99 99 99 99 82 99 99 99 87 99 
99 90 99 75 99 99 99 99 99 99 99 99 99 96 99 99 99 99 75 99 99 99 99 99 90 99 99 78 79 99 99 99 90 99 99 99 99 78 99 78 91 99 81 76 99 99 99 99 99 99 78 99 79 85 99 91 99 79 97 96 99 99 81 99 99 99 99 99 99 99 39 66 48 34 60 0 62 58 49 38 99 99 99 99 99 81 99 99 85 99 90 84 99 76 99 99 99 87 99 99 99 
99 99 78 78 99 99 96 84 99 85 99 99 99 97 96 99 99 99 99 79 99 91 81 99 99 99 87 99 99 99 99 99 99 99 99 99 99 84 99 99 99 99 79 99 75 99 82 99 99 85 87 99 99 82 99 99 99 87 79 99 99 99 99 93 99 99 99 99 82 81 54 44 37 62 44 44 0 63 60 43 99 84 81 88 99 99 99 96 99 99 84 99 99 99 99 99 91 99 81 99 99 
99 84 99 99 81 96 93 99 99 96 88 97 91 81 99 99 99 99 99 90 85 78 76 99 99 97 93 99 94 87 88 82 99 99 99 82 87 99 99 99 88 93 99 99 99 99 99 78 97 75 99 99 99 99 96 99 99 75 96 99 99 99 94 99 99 87 99 99 99 76 58 62 56 38 40 62 53 0 39 36 81 99 99 99 99 99 94 99 99 99 99 84 84 82 85 99 99 94 82 99 99 
99 93 85 99 85 99 99 99 76 99 99 99 87 99 93 99 99 99 84 99 99 99 99 75 84 94 99 82 99 99 99 99 99 97 85 79 99 99 99 99 75 99 96 99 99 99 85 99 76 99 99 99 99 99 99 99 99 99 99 90 99 87 97 99 99 84 75 99 97 88 39 41 36 53 66 63 50 40 0 48 94 99 99 91 99 90 78 94 99 99 93 75 99 76 99 99 99 99 99 99 99 
99 99 99 76 90 76 99 99 93 99 99 87 88 99 99 99 79 75 99 99 99 88 99 99 75 91 84 87 99 99 93 99 99 75 81 99 99 94 99 78 99 90 99 99 99 81 99 99 99 99 99 99 99 99 85 94 82 91 99 81 99 96 99 99 99 99 75 99 99 78 60 56 56 45 36 50 59 60 34 0 99 99 99 99 99 99 99 99 99 78 90 99 97 79 99 84 99 99 82 99 99 
99 99 99 79 99 90 99 99 75 99 99 99 99 99 93 88 99 99 99 99 99 99 87 79 99 99 99 99 99 87 76 79 99 99 99 99 99 99 99 87 99 99 99 99 99 93 99 97 99 99 82 99 99 88 99 99 99 99 84 91 81 99 87 99 75 90 99 85 99 99 99 99 99 99 99 99 99 99 99 97 0 33 48 48 36 36 52 62 62 40 99 99 90 99 90 90 99 93 99 99 99 
99 99 82 99 93 99 99 99 97 97 99 99 93 99 91 99 99 99 93 99 99 99 99 85 99 99 99 76 93 99 99 76 99 84 99 99 88 99 99 99 90 99 99 99 85 99 99 84 99 90 99 99 99 99 99 99 99 81 99 99 99 75 84 84 99 99 99 79 99 99 99 85 99 94 99 99 90 88 99 79 40 0 66 65 60 59 40 63 58 60 99 79 99 99 99 99 99 99 99 99 99 
99 87 99 87 85 79 97 99 99 99 99 97 99 99 99 99 91 76 99 99 99 99 99 99 99 81 99 99 99 99 99 99 99 93 81 99 85 99 99 97 85 79 85 99 85 93 99 99 85 96 75 76 84 99 99 99 99 99 99 99 81 75 99 99 87 99 96 93 78 99 99 79 99 87 99 99 99 99 82 99 60 51 0 47 38 59 40 64 46 54 99 99 99 79 76 94 90 99 99 87 99 
99 75 99 99 99 99 99 99 78 99 96 99 99 99 99 78 99 94 99 99 99 78 99 79 99 85 97 99 82 99 99 96 79 90 99 99 99 99 99 84 81 99 99 99 99 99 99 85 99 99 99 99 81 90 99 99 85 99 96 99 99 99 99 99 85 99 99 99 99 90 99 99 99 99 99 99 99 99 99 99 33 50 43 0 62 56 50 44 49 41 99 99 91 99 99 87 99 99 99 99 99 
99 99 75 99 96 99 96 99 87 99 99 75 85 99 99 99 99 82 99 99 99 99 99 99 99 82 82 99 99 78 88 87 99 88 99 94 75 96 99 99 99 99 99 99 93 87 99 99 93 99 99 99 99 85 75 99 99 97 99 97 99 99 99 99 81 99 99 93 99 81 99 99 84 97 99 85 99 99 99 99 60 56 36 46 0 37 45 48 48 52 99 87 99 99 99 99 99 99 99 99 94 
99 87 94 93 87 99 99 91 99 99 76 99 99 99 91 99 99 91 84 99 99 99 85 99 99 99 99 90 99 93 99 90 81 99 99 99 99 99 88 99 99 99 99 99 99 97 76 78 99 88 91 99 99 99 99 99 99 75 99 99 99 99 99 99 99 99 99 97 94 75 88 99 91 78 99 99 99 99 99 85 49 37 63 56 65 0 63 66 56 38 99 97 99 99 99 96 82 99 99 78 84 
99 93 99 99 94 99 99 99 99 99 99 91 99 99 85 76 79 99 99 99 94 85 82 99 78 99 79 99 82 99 99 99 75 93 99 99 99 99 94 99 99 75 91 99 99 99 99 99 99 99 99 99 99 99 99 99 99 99 99 99 75 99 99 87 99 90 99 99 99 99 99 99 99 94 88 94 79 99 99 79 35 54 41 64 54 49 0 34 46 60 76 94 99 99 94 99 99 76 99 88 99 
99 85 99 99 78 99 99 99 85 84 99 99 99 94 99 97 91 99 94 99 85 99 99 99 99 84 97 99 99 99 96 99 99 84 99 99 99 99 84 79 99 99 99 84 99 99 99 99 99 99 81 99 99 99 99 99 99 99 99 99 99 99 99 99 99 99 91 99 99 99 99 99 99 99 99 99 99 99 99 99 41 42 45 40 56 57 55 0 44 66 97 91 99 99 99 99 99 99 99 94 99 
85 99 99 99 81 99 99 99 99 99 99 99 99 99 99 99 87 99 99 99 99 99 84 99 99 99 99 99 99 99 99 99 99 99 99 78 99 99 99 79 91 99 99 82 99 99 99 99 99 99 99 99 99 99 99 79 91 99 99 99 97 99 75 84 79 99 97 99 99 99 79 99 93 99 99 99 96 75 99 99 61 61 33 56 60 52 38 48 0 54 75 93 99 99 99 99 88 99 99 97 99 
99 99 99 94 99 99 99 99 99 88 93 99 99 90 91 84 94 99 99 99 75 99 99 99 99 99 99 99 99 99 99 99 99 99 84 99 99 99 78 99 99 99 99 99 87 99 99 97 99 99 91 99 99 99 97 88 99 99 99 97 81 82 99 99 99 76 99 99 99 99 99 99 99 84 94 99 99 99 99 76 40 47 64 66 37 39 49 36 46 0 76 93 99 99 99 84 81 99 99 99 99 
97 99 99 88 99 99 99 91 99 78 81 99 99 99 99 99 99 99 99 99 99 90 91 99 88 99 99 99 99 99 99 99 99 99 99 99 99 97 99 99 99 75 99 99 99 85 91 99 99 99 97 82 99 87 81 99 82 99 99 99 99 99 85 81 99 99 87 99 99 90 99 99 99 99 84 91 87 99 94 99 94 99 99 82 87 99 99 99 84 96 0 37 60 35 47 62 44 58 50 60 99 
90 78 99 90 99 99 99 99 84 99 99 99 99 76 99 99 88 99 99 90 99 91 96 90 99 99 96 99 99 99 87 99 85 76 76 99 99 75 99 99 99 99 99 99 99 99 99 99 78 93 99 99 96 76 90 99 99 99 99 99 96 99 99 99 99 99 81 99 99 99 99 99 81 99 99 99 99 91 99 99 99 99 99 94 99 84 90 99 99 99 50 0 60 33 63 44 52 57 40 58 99 
93 93 99 99 99 82 87 99 99 99 94 99 84 99 99 97 99 97 99 99 99 82 94 99 99 99 99 99 99 99 99 99 99 99 76 78 99 99 99 99 99 99 99 90 78 99 99 99 99 82 99 79 91 99 90 99 79 99 93 93 94 79 99 84 85 99 79 75 99 99 99 91 99 99 99 99 99 99 99 99 99 99 99 79 76 79 88 99 99 99 55 36 0 36 33 45 35 59 64 36 81 
99 76 99 99 99 85 99 99 99 84 99 99 99 93 99 94 96 99 99 99 99 93 99 99 91 99 99 99 99 76 99 99 99 81 99 99 90 87 96 99 99 99 79 81 99 99 99 87 99 97 85 99 96 81 90 99 75 99 99 99 99 99 99 82 99 99 99 99 99 99 99 96 85 99 91 99 76 99 99 99 99 99 99 94 91 99 78 82 99 99 44 62 43 0 48 48 63 63 40 38 94 
99 99 99 79 99 99 99 99 99 99 99 99 99 94 96 99 99 99 99 99 99 99 99 79 99 99 99 76 93 99 99 99 99 99 99 99 99 99 99 99 99 96 81 99 99 97 99 99 99 99 99 99 99 99 99 99 99 99 99 99 99 99 99 99 99 99 99 99 99 85 99 85 99 99 99 97 99 99 91 99 99 99 99 97 99 99 99 99 99 99 58 34 65 50 0 41 51 59 54 36 85 
99 75 82 78 84 99 99 85 99 90 99 99 99 93 99 82 85 96 91 99 99 99 75 99 99 99 93 78 99 99 99 81 99 99 99 99 90 99 99 99 99 99 96 99 88 99 99 99 99 99 99 99 99 99 99 99 99 99 99 93 99 99 91 79 99 99 99 99 99 91 99 99 99 99 99 99 82 99 99 81 93 82 99 99 99 99 84 99 99 99 58 56 46 44 63 0 39 39 50 38 99 
99 99 99 81 99 99 99 99 75 78 99 99 79 99 99 99 79 99 99 99 99 93 93 99 99 88 75 99 99 99 99 99 99 99 99 99 96 99 99 99 99 99 91 76 99 99 99 99 81 99 99 99 99 99 88 99 99 99 99 99 99 96 99 99 76 87 96 99 99 99 99 99 99 99 97 88 99 99 99 99 76 99 99 99 99 97 93 99 90 99 47 59 41 40 59 62 0 54 44 46 99 
99 76 84 99 99 99 99 99 99 99 76 99 99 99 99 99 99 99 99 94 99 99 99 85 99 93 93 76 99 99 99 99 99 99 99 97 99 99 99 82 99 88 99 99 99 99 99 87 78 99 99 99 87 99 88 99 94 99 99 99 99 99 91 82 99 76 99 99 99 99 81 99 99 99 84 84 99 85 99 99 99 99 99 99 90 78 99 99 99 99 34 64 49 42 58 58 49 0 37 40 99 
91 99 99 99 90 99 99 81 82 93 99 79 99 99 87 99 99 99 79 99 75 99 99 90 99 81 99 99 99 81 99 99 85 81 99 99 99 99 99 94 99 85 99 81 90 99 99 99 78 99 97 99 99 99 99 99 99 90 99 96 99 99 99 78 99 99 79 99 99 99 99 99 76 87 85 99 99 99 78 99 99 99 99 90 97 99 85 99 79 99 66 47 35 63 52 60 64 58 0 50 99 
99 79 99 99 99 99 99 99 97 99 97 99 99 99 99 81 85 99 93 99 99 76 99 82 99 85 78 99 91 99 99 99 93 99 99 99 99 96 99 99 99 99 79 99 99 75 90 99 99 99 79 99 93 97 84 96 99 99 99 99 97 99 99 99 99 99 75 99 88 88 99 94 99 99 81 99 99 99 99 99 85 99 99 99 99 99 99 99 99 99 48 34 36 48 54 52 53 48 55 0 99 
99 99 99 99 99 99 99 99 99 96 99 99 99 99 99 99 99 94 96 99 99 94 99 99 99 91 99 99 99 99 82 99 99 82 88 99 99 82 90 99 99 99 99 99 99 96 93 99 87 99 99 99 99 99 96 99 84 99 99 79 91 99 79 99 99 84 96 78 99 99 99 93 99 99 99 79 88 82 84 84 99 88 99 99 76 99 97 99 87 99 99 99 99 99 99 99 99 87 99 99 0 
