n: 100
m: 4
Pi:U[1-99] 61 68 91 91 56 42 16 76 43 84 75 18 59 77 80 28 69 1 80 8 19 46 99 26 81 93 35 17 97 90 6 21 3 8 98 73 75 92 5 76 1 1 78 57 22 78 60 74 70 4 43 96 35 38 96 3 45 8 77 55 15 75 59 53 5 59 40 54 67 78 91 8 84 89 84 48 34 94 67 31 1 43 91 5 30 75 26 67 77 70 44 46 89 80 83 99 56 39 58 30 
Si:U[1-99]
0 23 43 4 37 65 10 45 0 24 99 9 6 96 58 55 99 42 87 99 7 90 82 6 73 99 1 99 27 99 67 99 61 67 63 18 79 72 90 99 40 27 69 99 37 96 99 79 42 99 28 99 6 7 81 51 93 7 19 82 18 34 96 33 37 69 30 73 99 45 99 99 39 99 57 94 78 72 51 99 99 24 82 24 99 99 96 96 88 19 91 99 99 64 99 99 55 94 13 99 97 
26 0 49 39 27 29 58 41 50 29 99 99 46 99 27 99 78 99 90 85 99 6 51 99 99 99 99 13 99 49 99 99 99 84 15 99 93 99 81 21 99 79 70 10 67 39 60 99 28 99 52 99 63 99 69 99 73 81 99 99 84 30 21 72 99 39 21 84 78 99 7 24 78 99 66 46 99 84 99 24 99 99 75 99 1 43 40 99 87 99 99 72 31 99 81 99 63 70 7 43 69 
58 30 0 6 9 47 18 27 18 10 99 84 99 99 12 99 3 99 99 99 91 36 99 22 99 87 99 91 93 99 99 6 49 25 1 99 21 78 81 99 13 13 55 99 57 40 84 64 99 21 64 52 84 46 24 99 30 79 99 58 6 94 37 99 99 99 45 58 69 99 73 69 99 42 99 15 70 15 39 88 99 99 25 99 99 99 18 96 99 48 3 99 99 84 76 51 6 99 9 31 22 
40 10 64 0 42 60 54 8 16 62 9 87 99 90 99 90 99 58 99 39 99 39 99 88 42 42 27 99 99 25 21 70 9 99 99 79 6 99 34 28 9 34 16 99 51 82 93 99 99 19 70 64 4 60 22 91 12 21 81 99 22 73 99 84 99 72 96 93 97 58 99 99 99 63 99 40 96 10 82 49 18 7 72 99 39 94 99 94 70 99 99 33 43 9 9 99 99 99 13 69 99 
22 4 1 60 0 26 4 0 43 35 99 27 51 99 99 93 33 9 85 73 99 64 9 61 99 99 99 99 34 99 99 99 99 48 21 57 99 7 94 99 57 1 60 99 76 81 58 70 99 81 87 55 99 99 55 16 90 21 99 31 51 82 36 94 99 79 22 99 37 79 7 13 45 79 69 99 96 36 99 76 7 99 99 99 28 9 99 48 69 10 99 99 78 99 9 99 99 60 99 61 99 
43 10 50 56 26 0 31 16 32 58 69 64 34 99 64 99 75 67 76 99 25 99 99 33 69 42 99 57 46 42 94 58 4 79 18 48 99 67 99 28 69 66 99 15 87 99 99 27 75 99 60 69 99 99 99 24 57 6 54 96 87 91 39 99 99 9 3 58 64 99 99 99 31 99 99 43 52 99 99 55 97 40 87 13 49 99 9 49 90 48 99 61 85 99 73 99 15 99 45 93 91 
58 14 4 22 43 12 0 8 54 63 25 60 52 40 36 87 85 84 99 99 99 66 99 99 40 99 40 39 36 34 24 30 51 99 49 96 21 99 28 69 99 99 99 87 99 99 97 70 19 82 76 99 69 88 37 21 79 99 99 99 99 99 72 12 55 67 9 99 7 46 99 85 57 52 69 28 22 99 99 72 49 99 99 6 69 99 75 99 19 3 10 99 37 99 99 84 58 27 99 87 69 
4 2 2 47 18 4 62 0 10 64 99 16 99 99 84 97 46 78 88 99 99 76 34 99 99 19 25 99 24 24 99 72 58 82 99 67 99 99 99 63 87 99 99 99 73 30 52 99 99 99 99 99 84 94 99 18 19 91 99 75 49 40 99 40 66 99 46 40 16 99 25 57 87 61 93 46 7 45 97 55 39 82 61 37 12 51 19 99 99 99 99 3 10 84 99 99 99 99 99 57 70 
45 37 32 50 14 10 50 12 0 56 12 30 67 9 34 99 99 31 99 99 78 31 99 99 99 46 99 99 99 85 99 45 99 9 31 52 90 99 82 76 99 27 9 21 99 64 99 49 99 99 99 99 67 76 51 67 69 1 90 82 93 99 99 99 99 76 25 99 99 99 99 99 79 46 76 99 99 7 99 85 52 82 57 55 12 15 52 21 99 99 36 60 4 84 99 9 99 30 6 24 99 
32 37 17 55 42 4 24 58 29 0 67 36 99 9 79 99 60 91 99 54 99 36 61 22 99 96 63 72 67 84 27 99 99 99 99 51 99 99 87 99 54 81 30 25 7 99 4 30 99 87 30 99 78 15 51 13 99 99 99 99 64 99 99 58 99 7 87 99 88 64 67 25 99 99 66 1 24 82 43 6 94 64 82 40 48 12 16 99 10 99 88 99 99 99 73 99 99 78 60 18 16 
6 30 99 73 99 99 24 31 72 46 0 34 57 58 4 16 1 45 6 65 90 46 99 70 7 18 54 22 57 99 99 55 79 99 99 27 99 37 39 69 27 30 4 13 99 99 99 64 99 52 31 79 36 99 99 99 1 99 99 67 99 70 81 97 99 99 99 57 93 54 87 1 99 27 87 6 40 90 99 18 99 60 99 99 97 40 30 24 37 99 78 72 72 61 99 30 6 64 60 1 42 
99 99 45 63 7 99 99 51 1 76 24 0 38 58 39 26 2 0 35 56 40 48 87 99 99 61 73 67 16 99 99 78 99 60 49 99 99 99 66 63 51 99 99 99 24 25 40 99 21 99 52 76 99 34 58 51 99 13 73 99 72 25 25 10 36 99 42 99 21 99 99 39 93 99 1 16 22 99 93 33 64 99 99 3 21 99 76 67 99 99 61 99 3 31 90 99 27 12 15 66 22 
42 91 75 78 37 99 57 99 13 87 31 38 0 42 17 4 54 18 38 58 60 57 99 43 70 6 46 1 79 84 99 99 40 30 40 99 99 22 99 99 3 15 91 66 48 36 51 13 97 30 91 99 78 99 84 9 45 99 43 70 99 7 79 99 48 99 99 61 91 12 6 21 16 49 15 79 99 99 96 99 96 55 99 18 99 87 52 99 37 73 16 91 99 99 57 30 99 21 84 99 99 
84 99 46 99 28 99 66 99 16 96 53 30 32 0 6 49 10 6 4 60 67 21 58 99 99 24 96 48 99 46 99 3 46 99 99 99 6 31 16 99 55 99 84 72 39 99 90 99 99 33 94 99 97 91 18 15 33 94 99 64 99 93 99 99 13 57 94 34 69 12 99 64 67 45 70 81 48 70 57 99 99 99 99 10 27 99 22 39 13 99 99 37 99 39 90 82 99 99 84 99 81 
63 91 84 12 46 99 30 99 85 51 65 31 16 6 0 2 46 26 24 59 60 99 99 99 99 99 99 99 61 25 43 63 16 54 94 63 94 88 48 64 87 30 85 48 82 6 96 99 81 39 37 91 99 19 99 54 99 99 99 99 99 90 88 27 99 84 90 99 43 99 18 70 99 99 99 69 16 99 75 99 99 99 99 99 99 99 43 36 13 96 99 99 42 88 3 99 37 99 99 33 99 
42 84 4 6 21 49 99 99 3 99 50 42 18 56 15 0 48 19 50 64 24 37 36 66 69 10 99 99 99 99 18 96 64 99 99 99 54 10 30 30 37 99 64 52 99 49 28 3 99 94 81 99 9 7 99 82 81 93 43 24 91 31 99 99 99 10 99 99 7 52 99 97 99 99 99 99 99 52 31 6 49 6 6 75 99 67 51 64 66 48 4 43 69 70 67 3 99 19 90 99 99 
51 19 42 15 43 88 60 30 34 99 18 57 55 56 16 18 0 37 6 12 99 13 94 69 1 88 99 99 99 64 99 37 99 81 25 76 42 1 12 21 99 15 9 99 99 13 93 1 87 39 99 99 97 99 19 99 75 99 84 97 63 30 99 97 99 99 60 21 99 99 99 67 99 99 99 54 99 81 69 99 99 99 72 99 99 4 30 99 73 91 51 99 40 49 94 19 66 37 13 51 99 
22 99 81 99 99 33 73 33 64 94 54 23 42 60 2 20 4 0 14 7 99 99 21 39 99 49 79 16 46 99 25 99 94 99 99 99 99 16 52 25 61 64 99 72 30 67 75 7 99 99 99 70 27 39 24 99 52 7 37 61 99 15 99 99 99 99 99 84 6 31 99 99 12 49 24 99 88 37 25 99 37 43 99 99 66 12 73 3 22 7 85 31 99 36 87 85 22 78 96 90 3 
99 99 45 91 16 99 78 99 10 36 10 26 64 42 35 6 36 64 0 34 39 46 46 48 34 70 96 99 1 70 34 99 99 37 45 30 6 99 99 25 39 1 40 60 99 15 15 79 91 43 12 24 16 70 84 99 64 94 42 66 28 66 99 99 93 81 78 40 99 37 99 99 15 99 99 46 46 18 99 6 99 99 99 99 99 12 99 99 67 75 99 99 27 27 99 99 55 43 16 73 85 
33 72 28 12 99 97 87 40 6 99 50 49 50 30 12 46 24 18 10 0 48 91 6 99 6 99 99 13 99 66 33 7 18 4 21 99 48 10 99 99 33 42 34 6 1 99 37 58 60 22 99 99 67 39 99 46 99 99 99 99 99 3 61 99 99 64 88 99 99 99 99 99 99 52 7 97 99 99 34 27 46 99 99 75 99 91 78 63 99 42 99 99 99 55 46 99 34 3 85 99 39 
99 93 97 99 93 99 99 99 63 99 99 25 99 99 36 57 51 99 99 15 0 32 55 28 39 28 2 4 37 15 99 30 99 64 99 19 6 99 60 75 99 99 19 99 99 72 57 99 63 94 15 63 67 82 6 24 55 97 16 99 69 99 69 96 15 99 99 19 57 27 99 28 1 76 99 69 99 99 1 66 99 52 99 79 25 25 70 99 55 75 24 70 96 16 39 67 16 66 4 45 99 
99 42 82 34 63 96 90 99 99 99 16 99 82 99 40 99 90 94 99 99 1 0 8 51 28 64 10 62 15 24 60 25 30 27 99 25 99 69 37 99 99 55 15 99 78 3 21 19 78 55 69 64 99 87 99 88 73 99 82 63 99 99 99 99 37 6 13 19 85 99 64 21 31 84 99 99 99 99 99 99 99 99 12 78 99 88 39 99 39 72 99 67 24 52 82 73 3 67 87 12 49 
99 13 21 40 70 67 3 99 76 37 18 4 84 99 90 51 93 37 45 9 47 32 0 8 0 2 40 13 52 28 93 90 24 40 36 97 99 54 99 64 30 99 66 94 99 58 66 31 99 4 93 33 36 99 15 27 42 99 99 24 22 93 57 99 84 97 99 46 99 99 36 12 48 99 3 99 99 88 81 99 99 99 99 28 99 12 82 19 33 99 99 58 7 99 97 87 90 63 94 79 7 
45 99 99 45 39 99 75 99 73 99 79 99 10 84 99 88 99 99 69 58 28 4 42 0 27 28 13 38 2 12 60 99 27 79 99 99 43 30 99 99 6 31 99 99 99 75 99 60 67 99 16 66 30 99 99 66 64 72 93 24 99 15 9 10 82 70 99 99 27 99 51 99 84 19 13 45 25 99 33 33 66 67 57 99 99 3 75 99 99 99 64 75 12 25 25 99 99 99 96 79 54 
45 24 99 99 36 21 16 88 99 1 99 99 45 4 99 88 99 55 40 99 40 57 66 7 0 8 28 5 58 41 58 87 99 1 99 43 82 99 9 78 63 88 99 99 96 99 34 99 4 99 58 81 99 31 99 33 60 99 99 84 58 27 18 7 99 99 66 99 40 99 42 10 99 1 60 99 40 3 57 58 52 67 73 99 9 99 25 99 75 96 82 94 91 6 16 33 99 78 99 3 97 
99 15 99 30 99 99 37 19 99 66 51 39 12 6 36 3 7 45 99 66 32 49 38 13 62 0 43 48 59 7 79 99 19 72 31 10 34 99 3 99 30 97 99 99 96 64 97 46 79 99 99 55 93 27 79 12 21 99 70 99 24 12 15 85 73 66 91 9 33 99 99 99 3 21 25 16 81 67 10 18 4 99 4 57 99 45 51 70 73 24 60 19 99 55 99 94 45 16 9 99 52 
28 99 6 99 66 99 99 67 99 7 99 57 19 28 99 33 52 10 73 49 32 44 23 34 42 36 0 51 17 51 40 99 37 28 99 55 73 19 99 9 25 27 82 99 21 81 94 97 24 73 66 99 99 67 90 76 18 99 4 99 10 82 99 7 85 57 99 93 22 99 99 87 61 78 99 87 61 99 85 30 33 99 99 28 99 99 99 63 90 99 99 99 48 81 99 99 99 78 99 37 76 
97 99 99 12 67 36 4 45 33 99 13 48 91 64 99 99 64 13 61 87 12 38 52 22 15 42 62 0 23 32 78 91 99 1 22 99 99 99 85 9 18 99 99 90 16 22 30 99 99 85 3 63 99 85 6 99 99 99 63 82 52 99 99 67 67 31 30 58 25 99 99 99 99 99 66 91 22 96 99 28 37 30 67 54 99 99 94 3 49 99 55 99 99 22 33 45 79 40 42 99 99 
10 99 46 61 43 99 51 24 30 40 72 90 99 81 60 99 22 99 57 39 2 60 8 20 6 20 61 61 0 65 30 99 19 3 99 58 12 82 28 82 15 57 99 94 43 78 61 81 31 15 99 99 99 51 99 99 54 25 6 99 99 55 67 99 54 24 99 18 99 4 76 94 99 99 39 12 81 54 52 16 99 99 13 1 45 76 31 87 28 88 15 12 99 24 93 37 42 90 99 43 99 
21 39 21 13 28 99 48 72 99 60 99 46 57 6 99 72 6 99 46 99 13 4 55 26 44 36 14 24 56 0 99 99 88 99 97 97 36 99 19 40 99 15 39 99 81 99 91 9 99 99 99 30 99 82 94 57 99 93 25 51 42 10 99 9 99 18 69 76 99 67 4 87 58 22 67 31 49 99 76 99 57 88 55 99 99 99 58 24 99 9 84 96 7 66 25 99 28 99 19 99 99 
99 99 48 99 88 93 99 9 4 99 4 33 99 90 21 69 42 75 99 87 69 99 99 99 84 99 99 99 99 55 0 58 39 21 47 6 30 18 22 63 22 99 30 61 76 91 46 99 99 15 99 27 7 99 91 99 99 99 97 99 57 99 99 99 99 99 19 97 22 58 13 25 99 82 22 99 99 99 9 18 76 69 99 72 99 24 15 58 46 61 99 57 78 16 34 99 78 99 99 99 42 
63 99 99 99 36 19 97 49 73 99 12 48 3 99 52 99 99 78 24 78 70 21 91 15 57 90 15 72 34 63 2 0 3 6 27 33 18 61 31 60 99 24 24 90 99 99 99 99 57 99 99 99 99 45 61 39 99 72 99 24 40 12 94 61 99 99 82 76 99 99 91 52 82 99 55 99 99 99 99 6 96 19 15 99 18 75 52 16 24 64 58 99 55 85 3 15 52 99 99 66 3 
99 7 90 58 51 67 99 99 99 99 69 99 3 81 39 99 99 99 24 67 58 99 46 27 46 88 93 99 40 15 2 19 0 38 48 62 66 50 56 64 99 58 82 40 43 33 6 37 52 99 22 79 85 85 99 25 13 99 99 12 94 99 75 99 99 19 85 99 46 61 21 84 55 99 31 99 1 94 99 99 16 72 99 99 99 15 73 99 25 76 99 99 84 99 99 24 28 54 78 19 99 
33 1 69 70 55 16 99 99 64 99 46 99 18 99 3 99 10 99 99 90 39 48 99 10 84 51 69 99 48 84 4 23 11 0 8 45 24 44 40 62 70 84 91 60 45 10 46 46 99 99 99 99 4 70 99 22 96 76 99 99 28 99 49 75 88 70 13 30 99 70 67 34 99 46 99 99 6 40 78 45 99 72 99 45 99 78 9 99 37 49 45 51 3 99 84 88 99 99 45 84 99 
99 1 99 99 76 58 99 99 99 15 36 99 66 39 9 99 99 99 19 99 49 99 99 99 93 9 30 33 99 99 40 26 2 57 0 31 25 58 23 54 70 81 99 49 99 63 99 67 79 99 66 45 82 90 99 99 43 45 91 1 76 16 55 99 40 99 99 33 99 6 99 25 99 7 99 61 99 99 58 90 99 1 55 55 91 84 99 99 61 48 36 19 52 60 99 69 39 81 61 36 99 
43 24 99 43 76 81 69 58 99 16 25 63 57 4 9 99 4 64 75 31 81 93 28 72 99 99 99 66 99 69 23 66 8 50 10 0 6 55 66 54 99 99 99 43 13 96 63 76 99 22 63 15 96 9 99 99 85 15 55 30 70 58 99 85 90 99 37 99 31 7 99 27 46 7 51 99 85 7 99 99 82 87 51 19 9 66 99 99 54 52 12 63 40 24 33 22 81 16 21 31 99 
34 90 99 81 54 39 55 99 30 12 97 99 10 34 99 99 46 61 99 99 21 99 40 51 55 99 99 69 94 78 53 3 40 9 25 53 0 4 2 54 54 55 67 63 67 64 99 78 99 99 99 90 7 27 99 18 99 22 85 99 76 7 99 21 79 37 63 99 82 99 67 78 60 99 15 99 99 15 99 4 99 91 19 78 99 21 10 54 1 99 78 72 96 85 99 48 99 88 54 63 93 
99 16 15 99 82 90 31 18 99 94 64 99 66 99 99 99 60 37 18 16 99 12 39 52 99 99 61 99 99 36 42 42 5 35 27 21 22 0 63 61 43 99 1 99 30 99 99 3 99 52 97 70 97 99 99 99 3 88 37 3 51 19 99 99 99 31 9 52 99 99 19 63 54 43 46 99 99 99 22 99 28 99 63 12 28 13 76 42 75 99 99 99 75 99 63 99 99 99 69 87 7 
72 99 73 9 99 69 10 57 30 64 64 3 99 99 99 49 99 99 99 99 94 42 49 99 7 99 52 61 69 99 56 19 43 39 14 18 57 10 0 64 99 99 99 60 91 90 99 99 25 45 60 18 4 19 99 99 99 84 99 6 36 36 79 54 9 27 22 75 21 16 66 10 99 99 99 99 88 52 99 52 36 99 90 99 99 28 70 99 99 99 7 79 21 96 45 37 57 99 4 67 99 
61 72 54 99 15 16 99 99 99 99 99 99 24 6 99 19 9 99 99 45 99 90 99 16 70 99 6 54 88 55 61 12 15 16 62 19 58 34 66 0 43 93 78 99 99 99 93 76 18 94 99 63 25 72 4 69 43 99 82 99 99 54 99 79 99 99 28 97 16 82 99 99 48 66 43 48 7 99 99 84 99 21 39 39 4 84 99 12 21 99 79 99 99 27 31 63 99 99 87 46 99 
99 84 42 12 72 97 82 69 84 76 39 42 55 63 99 82 99 94 16 99 99 76 43 88 16 87 99 99 99 42 99 73 99 97 99 49 30 49 4 70 0 51 42 6 43 12 38 32 57 36 99 99 52 99 73 66 31 99 94 3 99 99 27 40 99 24 18 99 30 28 16 96 99 99 99 55 99 3 85 57 99 54 48 96 6 42 99 99 63 49 82 27 99 55 34 99 91 28 91 99 99 
99 63 99 88 88 99 16 16 99 99 60 76 43 28 69 99 43 87 31 30 6 21 27 99 13 54 85 99 24 99 99 46 99 15 99 24 99 84 43 99 24 0 16 41 24 43 12 60 18 41 73 99 99 64 42 99 69 75 99 19 99 75 1 99 21 99 3 84 25 43 73 1 19 99 99 39 99 18 81 99 1 99 25 99 67 88 99 7 55 61 87 37 52 99 69 72 55 49 99 76 61 
64 99 91 82 99 99 31 81 75 28 75 93 99 99 64 88 57 69 99 99 72 49 99 12 88 54 34 99 75 64 31 87 25 64 99 49 99 55 37 99 2 59 0 11 49 64 60 48 28 5 67 46 91 99 30 99 55 27 84 9 82 55 97 99 6 27 99 55 21 99 34 81 33 99 64 49 99 99 99 72 99 55 99 99 6 79 64 96 99 70 84 81 99 24 18 99 33 99 69 99 99 
99 99 36 33 99 60 61 99 64 30 99 99 72 34 19 99 99 99 69 73 99 37 72 91 99 99 82 27 99 99 99 76 15 15 99 72 13 81 99 91 45 50 4 0 32 49 58 55 50 44 99 99 61 4 13 13 7 28 48 75 66 99 12 99 99 54 99 72 48 55 99 72 99 87 12 85 36 34 99 99 99 99 19 70 99 84 67 99 21 96 64 57 99 28 99 99 58 76 99 66 37 
99 75 99 63 99 52 66 99 99 49 99 10 48 99 79 37 16 16 34 76 40 28 58 15 72 72 84 99 82 99 99 99 66 54 99 99 27 1 99 52 46 20 50 10 0 20 30 31 30 11 99 96 48 13 57 61 93 99 82 57 49 25 99 99 48 12 69 48 57 99 81 99 9 36 99 99 96 30 43 99 99 36 99 99 4 42 1 78 99 19 4 81 72 25 39 7 99 16 61 60 66 
61 69 73 99 64 12 31 79 99 99 99 10 55 99 28 99 15 3 99 88 57 46 99 39 93 99 1 99 10 99 91 7 69 94 91 25 93 84 81 60 35 10 20 34 59 0 36 39 18 56 99 1 70 37 99 66 94 99 78 79 99 99 72 99 82 94 87 99 13 93 99 63 81 99 99 99 69 99 7 34 91 12 99 99 99 91 67 72 12 36 87 99 99 18 60 39 36 99 99 99 91 
52 42 99 7 88 9 99 18 99 27 99 99 70 64 54 79 76 67 99 99 99 90 12 99 81 39 70 63 31 4 1 49 19 96 85 70 99 99 99 87 28 9 60 2 61 55 0 22 54 16 99 15 45 99 63 55 18 40 84 99 72 79 99 99 99 18 19 99 91 99 99 24 63 99 99 96 31 88 43 99 93 9 87 19 1 99 99 93 22 19 64 99 99 30 99 13 99 99 99 42 7 
6 40 52 99 70 79 52 60 99 87 48 19 12 40 99 58 76 99 99 99 9 78 99 99 99 99 90 99 28 21 72 6 82 99 40 37 33 99 91 40 55 45 18 15 2 10 61 0 14 66 99 81 36 57 99 99 93 27 54 79 99 4 12 7 99 4 61 82 1 99 99 43 52 91 85 49 99 99 10 99 70 36 99 21 7 27 99 99 72 87 99 76 51 99 1 43 30 27 99 99 91 
7 99 99 99 45 79 99 99 99 64 15 22 70 3 99 99 22 82 51 99 16 99 33 34 34 99 78 57 99 73 34 99 51 18 58 99 96 13 87 15 34 33 36 42 56 65 2 56 0 65 45 99 99 25 34 99 91 99 78 52 31 99 99 99 61 61 1 64 25 37 48 99 18 34 51 27 96 90 51 99 18 72 30 61 60 87 48 15 31 19 60 99 97 99 93 73 52 99 19 90 99 
18 99 76 90 99 60 9 72 85 4 96 99 73 94 99 99 99 10 99 27 99 99 88 99 7 15 1 99 72 70 99 27 9 43 99 94 75 99 13 60 2 52 9 22 45 22 32 1 26 0 64 75 61 85 99 99 46 99 27 52 99 99 99 99 13 19 9 84 99 69 99 99 75 9 99 31 49 99 99 46 99 99 99 31 72 40 15 99 99 99 99 99 99 1 3 99 99 9 99 99 37 
81 42 40 22 99 99 49 7 99 99 96 9 73 99 76 99 55 1 42 58 99 99 97 46 66 99 88 60 99 99 99 99 51 36 99 99 43 99 49 76 34 10 31 28 99 25 37 7 99 94 0 25 45 8 26 4 44 40 18 40 99 6 99 24 99 49 40 99 37 99 9 91 24 30 99 84 66 76 90 93 99 99 3 16 27 94 99 16 99 99 43 99 72 67 43 31 99 46 33 99 10 
81 99 43 99 57 57 16 79 99 99 64 72 24 84 67 33 13 99 99 87 45 40 99 81 45 99 99 96 99 16 99 64 52 99 25 1 99 99 79 99 66 63 10 16 4 99 99 46 12 99 15 0 2 60 6 4 50 47 62 49 73 73 84 72 40 1 57 90 82 69 99 99 18 31 70 78 99 78 99 99 99 28 96 37 60 40 67 42 99 69 99 99 54 99 99 76 99 40 69 1 99 
63 30 27 99 48 52 99 1 54 48 99 69 45 99 15 93 12 96 96 4 99 99 19 73 82 90 99 99 54 99 99 12 82 18 16 99 58 37 99 99 33 99 7 81 40 99 46 48 99 15 38 12 0 62 38 28 3 22 42 26 46 67 99 16 99 99 36 63 19 4 99 87 7 76 21 27 9 88 16 45 96 96 79 33 4 69 45 82 99 99 43 19 99 34 6 99 96 7 72 73 99 
57 15 94 99 99 99 9 75 60 72 99 22 7 28 75 3 81 88 51 54 6 45 43 99 99 54 66 99 99 99 99 76 99 94 99 13 99 4 93 99 99 82 31 82 27 99 45 99 99 67 30 46 32 0 48 1 16 52 18 46 99 99 99 99 94 42 4 22 99 99 99 28 55 99 67 66 99 36 33 99 22 99 21 42 99 51 99 85 81 30 25 99 99 99 45 30 94 99 40 70 1 
55 1 36 43 19 43 4 82 84 99 1 73 90 64 15 76 69 34 84 99 55 73 25 6 39 63 99 99 36 52 87 7 75 66 61 99 55 99 31 99 64 21 49 1 63 66 79 28 3 3 42 43 2 42 0 58 55 47 37 17 99 99 64 96 99 99 15 99 52 6 99 99 99 39 31 34 7 99 39 69 99 18 94 73 81 24 36 43 99 73 72 99 94 99 57 45 82 99 99 73 60 
27 46 12 99 24 46 27 82 21 72 99 22 45 7 27 21 75 85 87 99 70 60 75 43 19 64 54 79 13 28 39 99 3 15 34 43 46 99 55 51 1 99 54 43 78 6 99 94 99 99 48 50 42 48 26 0 55 54 49 6 60 60 99 52 99 90 21 42 99 85 60 64 72 9 55 99 4 99 99 99 51 67 99 76 99 97 99 84 46 13 46 52 34 48 49 87 99 99 46 99 99 
99 99 99 16 99 49 31 16 99 30 7 91 99 99 25 6 66 99 73 6 94 67 99 69 99 3 19 99 33 66 49 39 64 84 16 99 99 94 49 12 22 70 99 99 75 99 99 87 6 76 43 30 22 8 60 13 0 6 2 32 6 31 33 72 33 30 99 99 43 99 43 1 99 7 75 99 99 46 99 13 97 99 99 99 99 99 94 45 94 45 30 40 55 94 99 79 99 99 81 10 1 
70 99 99 22 99 3 30 99 63 82 99 21 85 69 99 16 99 36 82 81 4 99 49 31 75 48 63 76 1 99 7 99 25 99 97 1 3 54 99 99 28 37 58 99 99 99 70 99 16 54 49 64 4 59 15 54 37 0 22 27 99 99 91 19 63 99 19 99 82 58 81 21 99 99 99 82 18 42 99 24 99 16 96 99 15 48 99 36 99 99 10 90 99 94 91 22 10 99 99 33 99 
6 66 6 7 99 70 45 1 99 13 84 99 57 99 33 82 40 51 76 7 39 4 85 99 16 22 93 54 99 25 81 6 99 15 70 67 99 61 99 10 88 93 1 42 81 31 6 48 91 72 56 4 19 53 40 45 46 32 0 46 1 99 99 79 39 64 99 25 99 43 99 12 72 52 99 13 28 99 99 94 51 93 46 99 84 19 6 66 3 91 94 99 85 97 15 99 94 99 16 99 16 
67 25 99 21 30 13 99 99 60 21 40 42 99 85 99 99 99 12 12 78 99 9 52 52 58 99 99 99 99 97 79 88 99 46 99 99 30 99 91 72 25 25 3 48 99 99 67 99 36 99 26 20 8 58 41 66 46 16 19 0 99 36 27 84 67 45 99 99 78 37 99 85 76 16 79 96 46 4 60 99 3 99 72 21 25 99 99 52 99 82 19 99 19 99 24 55 99 3 21 24 24 
99 99 52 3 99 99 99 99 97 24 19 90 82 99 97 99 72 48 60 19 34 99 42 99 48 69 1 99 69 87 76 99 61 60 99 72 39 1 99 48 49 37 99 45 99 99 91 13 97 93 36 75 37 57 99 99 45 4 99 99 0 60 66 30 8 47 13 18 29 0 99 99 16 43 51 73 99 99 69 37 99 15 34 94 99 76 88 91 36 12 4 69 37 99 99 99 10 75 1 55 99 
99 99 36 99 96 99 54 99 81 99 99 52 99 82 61 51 99 39 10 7 82 69 48 42 63 85 64 99 63 79 49 48 37 10 99 16 85 66 6 27 15 99 99 73 43 99 99 15 93 87 31 99 99 99 16 99 45 99 90 99 28 0 8 19 60 2 46 4 12 52 25 99 99 99 25 27 99 90 99 76 42 99 99 64 99 7 42 25 15 96 99 99 99 81 39 61 33 15 52 15 13 
99 99 99 51 97 99 78 99 93 21 18 99 48 33 69 99 60 99 63 99 78 99 58 97 99 13 21 99 1 60 66 31 75 87 51 27 93 99 81 34 45 99 61 97 36 99 99 81 99 84 99 28 10 58 99 99 99 99 94 73 38 12 0 20 37 21 46 64 12 30 99 45 39 66 25 16 99 49 99 99 34 99 99 51 52 99 10 34 76 63 6 42 96 99 99 13 33 33 99 99 4 
78 72 87 99 12 99 40 99 85 4 99 97 99 99 94 99 54 84 52 99 99 49 99 4 3 99 99 99 99 64 99 99 99 22 7 99 99 99 25 55 1 88 13 99 30 33 75 58 19 15 99 99 66 40 45 31 84 93 51 94 34 64 24 0 23 65 26 44 5 36 61 37 94 16 13 88 99 99 19 28 16 99 33 99 97 99 60 12 73 99 64 99 19 97 12 97 76 22 75 99 37 
18 99 1 39 57 84 99 67 34 99 97 90 99 99 99 99 94 15 16 94 21 96 46 40 66 99 39 34 21 99 81 99 99 66 99 76 99 90 1 9 4 25 99 94 84 99 43 46 21 99 99 10 99 99 66 99 99 57 64 97 45 33 40 63 0 7 29 16 41 63 76 42 66 30 99 54 70 60 10 99 87 75 27 75 99 99 13 22 57 58 87 67 52 25 78 99 99 79 31 15 99 
99 78 15 99 64 99 52 99 63 76 42 99 64 99 99 52 73 87 73 81 99 72 99 99 52 99 99 1 15 1 76 99 72 85 99 99 54 99 25 27 7 58 39 99 87 28 70 96 87 40 22 52 99 6 90 28 78 90 99 4 20 22 56 64 34 0 9 50 6 14 66 94 99 79 42 22 99 97 49 99 43 75 33 55 99 94 63 94 84 99 99 70 99 99 33 99 97 10 91 99 78 
99 99 99 99 99 99 18 73 49 99 99 10 87 48 22 15 99 27 54 99 57 99 7 52 73 99 75 10 84 52 93 4 97 99 4 78 99 64 10 6 99 91 12 99 33 22 64 22 99 18 66 99 3 99 99 94 99 99 6 99 36 40 30 4 52 51 0 6 16 48 25 87 99 9 99 78 99 18 99 99 85 19 24 57 99 99 76 12 99 99 84 13 99 78 57 33 99 96 64 70 91 
22 97 99 99 87 99 99 46 60 70 99 99 24 55 55 82 42 60 6 93 82 99 37 4 72 16 84 99 99 99 90 99 99 13 40 94 36 99 99 99 99 99 99 99 4 91 61 60 9 99 99 9 22 49 99 99 55 28 40 78 25 24 50 17 54 58 40 0 14 20 99 15 46 99 97 7 79 99 85 43 70 97 99 64 99 99 99 57 15 25 22 99 75 88 99 99 25 19 6 9 99 
99 90 94 63 42 33 99 58 67 99 99 99 34 82 99 99 55 82 40 99 67 27 99 49 13 28 76 60 99 42 99 84 99 99 97 99 84 99 61 57 99 99 99 28 99 33 36 75 99 6 78 9 99 27 15 69 52 99 63 13 53 50 14 58 41 22 5 27 0 45 99 22 19 99 18 39 12 81 19 21 10 21 42 99 79 93 99 99 91 99 78 70 25 78 90 99 37 90 94 69 99 
99 84 60 99 42 3 9 34 13 3 99 99 99 99 99 82 99 94 99 99 99 49 36 66 82 99 64 27 94 43 70 81 79 99 99 82 42 45 99 61 99 99 73 99 99 99 99 31 33 99 99 9 30 99 30 81 99 15 99 33 26 55 19 31 16 17 24 47 58 0 87 57 25 9 99 99 99 57 13 99 99 36 99 22 99 25 85 99 84 57 21 99 99 99 34 99 99 61 28 36 73 
75 12 55 99 22 52 99 67 73 99 48 99 99 22 60 60 67 85 99 99 73 36 36 55 99 99 87 99 75 90 99 66 99 15 99 99 99 1 99 36 75 69 99 39 91 99 99 36 99 99 36 73 79 72 99 99 55 22 37 82 6 99 27 48 81 99 99 45 54 46 0 2 44 43 23 48 11 12 32 21 91 99 1 79 63 24 99 51 6 10 99 7 63 79 99 3 55 99 66 51 85 
79 99 67 99 99 91 99 99 99 99 99 99 22 99 85 49 99 52 30 49 88 99 99 9 51 69 58 70 25 99 19 99 88 39 19 15 13 99 99 99 97 99 99 99 16 99 99 99 99 93 99 43 73 7 45 99 99 78 99 99 70 99 58 87 78 99 36 55 49 81 48 0 38 61 11 2 28 63 56 56 9 7 99 99 4 99 99 93 91 15 72 99 99 75 63 36 73 39 81 21 82 
72 60 99 34 99 99 3 31 99 19 99 90 99 88 12 70 73 99 99 61 63 99 9 19 15 99 22 99 67 36 48 99 9 3 78 61 97 79 99 66 99 3 81 96 93 99 36 48 99 57 99 79 1 99 64 85 99 48 43 16 99 99 25 99 1 61 99 57 72 99 45 64 0 50 36 24 32 12 52 6 36 99 99 99 52 63 99 30 34 12 96 55 99 78 99 55 99 99 22 31 22 
99 99 39 70 99 39 43 99 99 99 99 99 88 99 19 55 39 42 25 6 10 9 97 99 30 99 49 63 99 85 99 90 7 45 85 99 46 91 99 19 99 6 99 99 99 30 99 3 54 54 84 7 52 99 99 93 9 99 99 99 81 99 69 99 99 67 99 51 54 99 46 11 36 0 55 48 21 47 57 36 78 7 31 9 99 99 99 99 99 99 99 99 28 99 99 31 9 21 99 99 24 
99 70 99 99 99 7 34 22 31 6 99 66 99 85 54 69 28 91 30 99 33 99 45 99 19 70 30 96 31 99 48 30 66 60 96 7 99 99 99 6 21 3 52 99 39 99 16 43 36 87 75 99 99 99 99 99 79 57 48 99 49 99 99 18 70 42 24 40 39 57 8 0 32 56 0 1 32 62 10 60 99 99 99 45 13 49 99 64 4 99 73 25 99 81 1 22 97 46 66 70 16 
99 85 99 99 37 99 7 34 99 99 45 99 24 66 99 99 51 99 18 99 79 99 99 27 52 85 87 94 33 99 99 99 99 91 99 99 55 3 15 99 72 7 82 99 48 99 48 76 10 15 39 34 69 48 9 99 76 72 39 99 46 99 21 99 99 99 12 99 99 19 59 26 62 30 32 0 64 3 38 12 19 12 99 69 99 99 99 99 36 93 49 99 99 99 76 16 99 99 99 13 99 
1 21 94 99 75 16 70 99 99 43 99 36 60 60 6 36 43 99 75 93 82 49 99 99 99 75 99 6 99 52 99 9 99 99 99 79 76 30 12 99 42 99 30 72 99 99 69 99 16 99 36 99 99 99 19 34 70 25 67 99 16 31 99 33 78 55 24 57 99 60 35 16 25 36 50 22 0 62 41 61 13 99 30 9 78 99 24 81 46 99 75 46 82 88 43 13 99 21 99 9 99 
94 90 63 70 54 99 99 1 99 43 48 69 99 1 3 67 6 99 28 12 70 16 39 97 60 3 99 10 63 7 99 54 25 52 46 52 1 85 99 24 99 24 85 72 99 99 15 27 51 87 99 99 67 27 99 99 73 99 82 42 99 99 97 99 99 99 99 90 49 55 19 29 1 46 58 26 10 0 3 1 72 90 48 99 99 99 99 16 33 31 78 99 99 9 99 99 99 34 6 63 28 
87 99 90 49 60 21 79 45 99 99 99 99 28 99 40 43 99 45 99 48 99 99 99 67 99 24 4 99 88 99 46 48 99 67 99 51 45 99 99 99 67 12 81 94 1 99 33 99 99 88 39 99 69 48 7 99 99 69 99 63 43 58 99 99 18 79 39 54 99 81 63 21 24 53 66 60 59 21 0 56 57 49 91 93 58 7 99 28 12 24 60 99 97 99 70 19 99 55 54 99 99 
22 99 93 75 22 99 99 73 99 66 99 9 99 99 18 99 99 99 81 49 96 75 24 31 37 99 33 55 99 25 55 51 33 99 81 99 31 99 99 99 99 39 70 78 6 84 27 99 7 99 99 97 27 94 99 78 82 70 63 99 57 72 70 99 57 40 39 99 4 42 2 34 36 40 62 31 24 65 6 0 25 99 12 99 13 99 99 87 34 66 99 42 51 13 43 88 84 81 99 28 99 
99 61 99 78 75 88 1 45 99 55 45 99 93 99 6 15 94 33 67 99 81 16 24 76 39 99 99 46 84 58 75 10 97 82 99 99 40 85 99 97 93 31 18 99 97 66 75 99 18 15 94 43 79 33 91 48 51 79 99 33 24 61 10 34 1 25 81 63 22 54 99 99 94 99 99 99 84 99 99 67 0 2 28 14 49 56 24 12 65 61 19 99 99 90 73 52 45 87 22 10 57 
75 43 33 99 99 18 58 31 99 99 39 99 73 99 73 55 99 18 49 72 16 99 10 60 34 15 99 24 7 99 54 66 25 64 99 21 99 99 57 99 94 13 16 10 91 10 60 99 61 7 33 75 52 90 55 45 99 99 99 36 43 28 75 37 99 66 9 7 99 88 10 51 99 84 54 85 40 99 76 36 31 0 44 42 6 1 32 4 56 14 99 21 43 61 79 90 30 12 27 99 97 
43 39 39 3 39 99 99 99 99 63 30 67 25 99 27 99 99 99 99 42 34 25 27 99 70 73 63 49 19 99 58 63 24 36 99 99 27 99 54 82 99 69 99 64 99 10 60 60 99 52 15 1 91 60 99 93 43 55 52 99 99 70 34 99 57 51 24 66 54 85 33 99 99 99 99 30 99 99 82 6 15 43 0 28 12 46 52 56 63 56 99 73 99 33 94 76 27 94 96 58 6 
51 99 84 15 99 99 40 60 94 69 51 99 99 88 58 51 42 99 99 25 99 99 99 85 63 99 55 99 21 55 94 88 58 96 99 99 64 31 99 31 85 37 99 99 51 75 99 99 99 99 87 21 67 85 93 40 78 30 99 99 99 10 99 24 4 22 28 82 99 79 19 99 88 42 13 99 99 75 31 99 60 56 2 0 33 17 26 14 57 52 13 99 36 19 99 91 13 99 85 87 16 
18 22 61 51 22 99 99 99 99 99 85 99 99 9 15 99 55 99 33 37 55 25 99 13 31 99 61 99 19 18 93 87 75 42 67 48 99 52 25 99 70 99 55 99 45 63 36 75 1 99 52 57 51 99 91 91 57 81 99 13 97 73 99 21 99 99 99 99 30 6 49 99 81 6 49 99 16 91 99 66 20 17 21 47 0 49 17 42 1 46 99 81 99 99 99 99 21 99 15 78 99 
64 34 99 69 25 91 99 99 40 66 24 69 57 70 30 99 37 99 58 99 99 99 99 99 99 60 99 57 30 99 90 52 85 99 61 99 99 99 57 99 25 99 99 28 93 39 46 37 37 63 99 99 40 16 99 66 99 94 99 99 33 12 85 28 45 43 69 99 58 22 99 99 99 96 45 37 45 99 99 99 34 58 28 60 66 0 30 12 45 40 9 99 13 99 99 15 99 16 99 99 99 
99 19 61 54 22 99 75 85 1 24 99 58 99 85 99 18 88 15 99 36 37 99 7 79 28 42 99 52 99 10 58 88 25 43 99 25 36 75 45 81 46 61 90 99 82 63 49 61 27 99 34 93 99 99 99 43 75 99 7 73 46 67 37 70 99 12 99 60 70 12 99 94 72 99 39 51 78 99 99 64 4 11 29 7 37 22 0 33 28 59 99 99 4 42 18 99 99 48 51 3 93 
99 99 48 19 79 25 99 70 66 99 90 36 61 37 13 99 99 99 49 34 76 51 99 94 39 99 99 96 99 99 22 93 99 99 39 9 4 81 99 63 93 99 99 97 99 99 61 15 64 52 90 78 99 36 27 63 61 99 99 96 51 3 12 57 21 52 85 12 28 76 99 99 88 99 99 99 43 28 99 79 40 39 56 38 25 53 54 0 60 36 63 99 78 22 79 66 99 99 99 22 78 
4 70 13 64 99 39 58 24 16 99 37 42 81 1 16 99 75 85 37 66 99 66 79 99 99 99 99 73 99 34 99 91 81 25 31 99 91 99 97 90 58 30 97 48 64 67 25 88 64 51 93 99 31 57 78 91 99 31 16 99 15 28 99 9 99 79 43 99 12 99 99 94 10 40 7 73 97 97 42 52 40 52 41 46 43 10 22 64 0 44 39 16 99 31 27 67 19 94 99 99 99 
18 67 99 52 55 85 99 99 9 99 7 21 81 82 85 22 99 54 87 49 87 25 49 99 99 99 99 99 99 99 43 99 12 37 24 79 48 99 22 34 33 85 99 91 63 12 67 99 4 18 90 1 99 57 94 6 99 6 99 99 70 99 99 64 3 16 99 99 99 15 85 99 97 88 87 37 6 90 25 99 28 26 12 16 2 54 8 50 24 0 99 49 40 82 99 99 75 40 10 16 81 
36 43 61 99 24 19 90 94 3 99 99 99 99 60 36 99 60 85 99 66 64 76 69 49 99 9 91 39 46 82 99 31 16 99 99 27 99 99 99 99 19 36 1 90 99 99 78 21 90 99 58 10 73 82 99 72 75 43 99 30 81 81 39 79 9 39 66 99 49 42 90 1 30 99 42 43 99 3 99 43 34 99 76 99 67 97 99 99 73 96 0 40 3 18 45 51 10 4 36 55 52 
16 22 58 4 99 49 99 49 99 18 60 99 99 99 19 42 31 67 18 55 16 85 43 91 66 94 99 78 15 99 99 99 10 40 82 39 99 19 9 99 58 34 21 72 99 99 99 15 99 15 58 45 75 39 13 12 66 99 15 15 99 99 99 99 99 99 99 99 63 3 70 99 96 13 99 84 90 99 78 25 99 67 99 99 28 1 99 9 72 54 31 0 1 32 22 10 26 18 53 16 87 
99 60 7 76 49 99 43 18 58 99 99 99 21 49 93 33 96 99 97 10 24 70 96 67 99 22 81 39 42 99 52 15 88 48 30 12 70 84 58 42 33 69 99 79 99 33 52 36 49 43 31 66 13 99 19 99 40 10 76 31 99 99 94 39 99 99 46 99 87 43 40 99 87 82 99 99 99 6 82 19 81 42 55 99 58 79 87 25 87 99 34 0 0 31 15 42 45 55 30 12 99 
30 72 16 99 79 93 93 54 10 99 64 90 99 19 99 51 99 99 99 99 99 34 99 99 40 52 99 19 72 99 99 99 75 99 99 25 84 99 25 28 4 99 46 99 99 45 99 99 99 99 91 99 99 12 52 94 33 64 93 99 24 99 39 34 30 70 99 4 99 1 99 99 93 99 28 99 25 46 99 79 78 99 36 88 97 99 99 70 99 99 59 24 47 0 50 2 6 0 41 1 82 
72 3 31 22 84 57 81 90 3 70 99 99 33 99 10 99 99 28 19 99 99 21 30 46 99 51 99 99 99 43 99 49 67 78 4 99 73 30 25 22 54 10 18 75 99 10 99 9 91 12 99 82 24 99 99 99 99 46 7 46 60 99 99 36 99 97 9 34 39 73 12 45 52 96 99 28 60 10 99 42 73 51 99 99 99 34 73 99 87 37 33 31 39 9 0 56 38 44 10 48 99 
10 99 99 22 22 9 78 99 99 99 7 73 88 99 57 94 99 99 99 4 99 63 78 79 55 99 12 99 31 99 99 21 70 99 46 63 6 99 66 81 99 99 99 99 54 49 63 99 99 99 45 43 99 54 28 57 99 63 22 99 33 99 99 58 99 61 6 51 7 99 22 15 49 87 58 99 45 99 85 79 90 75 99 39 91 99 99 76 79 79 4 22 18 12 18 0 5 10 55 37 99 
99 99 3 42 99 30 99 55 99 7 22 40 99 99 90 43 28 21 52 49 99 99 93 9 99 88 99 64 99 99 99 16 3 99 1 99 40 91 67 99 43 3 99 81 88 46 1 99 46 99 99 28 99 54 91 16 99 99 33 99 18 99 7 99 84 28 81 64 99 99 49 76 99 30 40 78 99 52 1 36 4 99 99 99 99 96 99 88 25 25 30 20 40 20 50 0 0 16 30 32 99 
99 90 52 82 48 99 22 51 99 7 10 90 99 19 75 58 87 63 99 85 99 46 30 61 72 43 63 69 25 60 36 6 99 67 99 45 46 99 4 99 33 99 21 99 99 99 99 12 99 99 99 43 99 42 1 81 73 67 99 10 36 58 4 28 99 55 64 4 25 99 91 3 24 66 40 67 99 99 31 49 43 81 72 16 87 43 45 99 31 90 61 64 34 58 14 22 62 0 14 22 4 
94 99 99 52 7 18 28 13 99 3 67 99 24 90 99 34 7 99 9 99 84 99 30 28 67 46 99 18 31 72 28 99 52 99 99 13 99 97 99 31 24 99 18 82 21 40 3 85 99 3 99 88 99 99 19 99 4 96 43 57 24 60 85 66 24 15 82 99 60 4 64 46 39 72 99 66 99 72 99 91 61 48 19 91 36 99 87 84 99 75 18 52 20 46 38 62 33 40 0 60 99 
99 16 94 99 99 99 30 4 76 52 99 99 99 6 31 94 49 91 49 30 33 21 99 99 99 7 99 99 39 99 46 6 37 99 61 27 99 99 51 93 49 99 99 73 93 34 99 85 76 1 1 40 87 76 64 60 1 99 13 46 9 99 13 27 51 21 21 6 61 45 72 99 63 99 15 99 70 13 99 28 96 99 99 60 45 82 99 94 99 99 22 63 24 28 24 38 32 38 60 0 31 
22 76 27 40 99 99 99 40 66 10 19 58 99 12 34 58 24 42 99 33 99 9 40 61 91 52 10 57 99 78 91 21 63 61 52 69 99 99 52 99 45 99 99 31 70 63 43 19 24 99 99 37 10 99 99 12 99 99 21 27 99 12 75 31 99 99 99 45 96 4 81 36 99 88 99 99 99 93 94 42 60 55 37 99 99 40 7 82 99 4 99 54 99 51 10 60 31 21 24 93 0 
