n: 100
m: 2
Pi:U[1-99] 1 63 23 48 48 70 96 15 62 79 38 37 16 52 22 55 11 23 44 89 44 30 56 59 44 1 91 17 29 26 10 37 41 80 62 73 75 44 94 10 77 63 8 30 44 14 76 45 77 16 54 2 79 62 13 36 75 15 65 18 39 7 4 66 81 18 85 13 58 86 51 20 44 91 13 88 55 82 17 10 89 29 8 17 6 36 66 27 88 82 35 73 85 10 75 27 52 76 80 15 
Si:U[1-49]
0 12 36 34 16 22 7 47 20 39 49 21 23 8 17 39 39 28 48 47 18 6 22 46 43 4 33 44 32 15 43 13 30 29 15 34 36 14 9 11 25 14 44 3 28 17 42 3 41 6 6 47 29 19 5 24 13 18 26 24 33 8 14 47 44 40 30 16 6 21 41 40 32 34 46 40 20 47 7 7 27 38 34 37 21 45 2 7 20 46 37 4 29 47 44 25 30 19 12 24 26 
9 0 27 18 18 12 35 42 46 32 22 37 29 13 9 46 13 7 39 12 5 27 45 41 47 30 12 20 3 17 18 12 24 32 6 14 8 10 24 15 28 43 33 18 11 18 3 26 8 39 16 47 40 11 38 11 12 23 31 8 10 24 36 38 6 36 40 35 13 39 40 37 6 48 42 17 25 8 19 15 34 6 39 34 25 17 28 36 30 39 37 25 41 43 19 10 33 2 13 5 2 
33 18 0 39 30 16 29 35 10 33 18 35 30 14 14 43 4 45 20 13 20 6 21 13 29 25 24 30 25 23 4 45 13 45 12 49 11 30 48 45 42 2 23 7 26 48 34 9 8 36 1 4 44 23 28 2 22 41 45 31 29 2 17 22 13 14 18 46 37 28 28 42 46 24 9 25 1 13 44 48 45 44 41 25 26 44 10 35 9 23 27 49 14 37 23 25 45 35 38 31 31 
29 49 20 0 32 26 6 19 41 7 5 41 20 49 14 39 2 31 25 25 37 46 22 36 47 42 16 33 38 33 3 10 22 23 43 33 20 43 23 6 28 32 39 12 29 24 27 14 28 1 33 44 40 3 33 13 16 45 3 24 47 26 18 31 42 46 16 37 20 18 48 19 40 26 37 13 21 7 27 47 48 2 20 19 46 40 13 9 44 14 6 43 11 1 27 26 17 6 36 11 5 
47 33 27 20 0 41 37 3 41 14 13 45 34 25 23 39 32 25 29 15 7 9 46 47 19 24 14 12 45 42 37 46 7 19 29 27 17 1 30 46 28 1 17 31 2 18 39 12 35 48 38 6 24 34 37 5 15 45 26 38 44 26 16 14 26 37 23 10 17 1 45 16 35 48 23 3 9 47 29 31 37 29 7 14 7 16 49 41 15 26 21 36 37 46 34 34 35 28 39 33 33 
6 45 16 33 42 0 24 1 12 13 12 40 27 23 39 26 46 23 48 31 23 47 14 26 1 34 25 3 25 5 28 22 12 19 9 38 9 39 27 21 30 36 28 20 40 27 35 43 4 38 44 20 6 21 18 4 24 18 6 22 19 7 30 44 8 42 17 17 12 49 40 2 11 36 13 12 18 1 46 7 25 9 12 7 48 40 32 19 5 7 44 27 7 9 37 19 40 10 12 33 28 
17 40 35 9 4 27 0 35 16 11 43 25 32 19 18 25 24 15 37 45 47 27 49 15 11 6 26 37 46 45 46 16 27 29 8 31 29 26 31 38 25 35 49 42 1 40 20 19 25 12 42 28 39 14 21 11 32 8 15 10 11 16 40 14 4 32 24 24 19 38 48 34 6 26 45 34 33 10 46 18 43 34 30 44 7 32 36 11 10 34 4 32 29 2 11 38 10 12 8 44 6 
26 47 37 15 19 11 45 0 37 46 17 9 45 34 8 28 13 18 40 45 23 42 2 28 20 32 15 7 9 45 45 1 13 45 14 38 17 1 44 48 15 15 27 27 1 44 1 49 6 33 48 22 24 21 23 47 29 8 10 2 38 8 30 30 4 22 31 28 27 19 48 33 1 22 8 31 45 46 26 43 24 34 41 36 2 26 28 17 42 6 7 13 7 38 14 47 38 35 34 46 39 
9 42 37 8 21 17 31 9 0 34 11 31 40 25 34 13 33 13 11 18 34 48 37 49 21 34 22 25 11 46 41 2 3 31 18 49 26 23 10 37 20 30 2 37 28 40 32 38 30 8 43 34 22 5 1 38 49 31 15 1 4 41 36 8 14 43 13 3 14 26 38 38 29 46 38 2 41 15 16 39 1 8 33 37 42 6 4 24 10 6 35 20 34 29 41 34 18 41 28 11 34 
21 4 31 2 21 2 38 29 43 0 16 17 25 16 18 45 27 33 39 10 39 3 25 43 7 9 3 3 47 10 44 25 3 47 19 40 47 43 22 34 34 17 6 19 46 46 7 38 41 1 1 6 35 42 26 37 44 4 39 39 10 33 11 48 22 43 15 22 43 46 18 41 1 3 28 17 4 45 24 10 28 31 11 1 24 16 19 23 34 28 37 29 27 7 27 40 41 47 31 49 24 
28 35 12 17 41 32 36 40 36 22 0 12 47 45 23 8 25 30 31 49 7 46 26 18 10 33 2 35 16 26 9 21 15 46 47 22 47 37 40 9 30 30 3 25 32 35 27 40 27 6 32 19 33 31 17 19 21 3 2 30 36 14 47 37 33 42 13 36 19 1 28 19 4 33 23 15 16 41 39 6 40 14 4 9 43 12 42 4 13 48 18 1 35 7 4 5 33 11 34 18 24 
23 42 31 45 17 27 23 36 24 38 8 0 6 43 19 40 47 29 11 28 12 9 33 29 38 8 44 21 2 30 42 41 41 20 4 41 9 21 2 4 46 14 10 31 40 29 49 32 2 33 21 44 10 22 6 26 30 1 41 23 19 11 22 2 39 37 30 28 12 40 18 14 46 30 28 20 22 45 27 10 6 44 48 6 4 14 3 37 24 12 16 22 42 21 15 38 47 31 2 42 7 
10 40 41 48 36 20 43 9 27 29 45 9 0 27 27 37 44 34 47 13 36 27 19 12 14 2 2 21 33 15 12 27 5 16 30 49 24 6 33 14 47 15 28 19 14 13 40 44 12 4 17 19 31 21 28 2 3 10 28 13 32 10 2 47 12 36 47 16 26 20 37 39 36 13 46 25 2 37 1 47 31 1 16 48 28 39 49 18 10 20 8 48 7 44 24 7 31 22 34 48 8 
12 3 25 46 4 40 43 6 15 3 20 2 33 0 12 15 31 32 23 24 31 29 7 36 38 2 14 45 36 49 48 45 37 1 8 28 48 10 33 1 29 33 15 41 42 35 41 43 32 49 20 45 32 24 23 46 26 37 26 26 16 4 17 36 7 29 39 16 40 12 25 10 23 7 47 25 48 39 46 20 30 48 25 31 10 7 37 35 23 34 5 29 21 39 10 34 17 23 33 4 8 
49 27 41 30 29 26 11 32 15 20 31 4 48 4 0 8 15 40 39 31 37 39 7 44 5 8 32 24 4 35 25 21 43 18 25 12 9 15 4 11 28 19 44 15 39 17 33 4 26 8 17 23 15 11 33 44 40 20 15 20 33 12 12 20 14 40 39 18 34 11 8 39 17 33 19 15 27 35 48 30 43 29 26 6 9 45 16 8 3 19 6 14 38 3 40 33 8 41 5 13 9 
22 49 11 46 10 44 40 9 2 35 1 28 36 42 37 0 7 14 12 13 36 22 29 23 45 22 38 22 27 11 37 47 28 4 3 11 16 3 15 18 12 15 2 26 48 5 20 15 28 28 39 39 39 33 4 31 20 46 1 29 44 45 24 49 36 47 36 39 45 31 38 21 25 22 4 47 12 10 39 32 38 39 31 26 6 9 41 11 23 41 38 20 16 49 2 11 41 5 27 17 14 
3 25 46 40 11 24 40 26 8 22 41 39 9 37 38 43 0 16 9 14 49 4 11 25 46 34 47 43 44 7 26 4 13 36 35 14 22 9 28 15 24 21 19 28 33 45 28 47 31 45 3 6 33 32 37 37 42 23 15 17 42 12 40 16 35 42 43 13 26 33 37 33 28 2 20 31 44 25 9 7 30 27 5 20 45 44 47 35 11 18 13 7 22 23 14 2 40 21 5 1 17 
15 5 35 36 10 20 3 27 46 39 40 7 44 46 34 42 22 0 1 39 19 33 38 35 31 35 3 42 22 16 41 29 7 44 10 37 24 49 7 2 9 22 14 12 16 37 34 48 39 24 44 16 4 18 3 48 13 40 16 19 31 9 39 17 6 35 10 2 14 3 11 29 7 6 34 8 21 44 40 2 37 23 43 23 6 26 3 15 10 47 20 17 47 24 21 32 46 2 43 34 12 
48 43 48 44 17 2 27 8 41 2 13 31 18 2 23 9 20 12 0 40 12 40 24 23 10 2 20 24 47 2 43 25 28 5 13 35 1 39 24 6 6 19 8 17 16 11 47 37 30 29 3 24 40 10 47 36 36 40 49 35 42 24 17 46 31 23 38 29 1 12 48 1 21 47 16 42 38 3 40 37 20 11 33 23 34 29 45 48 27 25 20 19 45 6 27 28 38 42 23 4 29 
38 38 37 19 37 6 2 5 4 13 20 26 47 10 28 39 45 2 14 0 21 37 19 36 21 14 30 11 46 18 27 47 21 48 32 35 24 6 37 32 31 4 27 30 19 11 20 49 8 12 13 16 39 8 7 8 15 26 17 15 7 17 20 3 45 16 2 43 7 37 21 17 32 28 28 42 46 27 16 25 32 11 6 32 16 7 45 36 27 21 45 4 4 49 25 16 41 15 37 5 49 
12 44 28 20 27 7 48 27 49 4 28 31 12 33 45 27 39 6 46 2 0 8 36 9 34 35 14 10 31 11 46 2 38 40 10 28 49 11 47 30 29 8 19 28 7 18 10 25 8 40 18 46 7 4 38 2 8 32 16 49 23 26 8 31 15 33 48 8 18 34 46 13 21 30 35 9 4 45 47 46 46 31 17 21 32 48 46 20 1 10 16 35 27 39 40 20 31 12 18 43 20 
40 47 18 23 37 37 40 34 2 6 44 20 11 17 5 24 11 45 24 15 30 0 26 11 31 40 12 32 40 6 41 3 4 26 46 40 23 22 17 42 45 5 42 38 49 35 35 28 2 3 7 12 22 48 14 5 24 44 42 31 44 22 27 1 35 17 40 21 22 9 24 34 47 16 33 23 20 39 49 22 49 17 42 41 30 9 49 6 20 39 19 29 45 24 49 17 44 16 2 15 20 
21 43 9 26 33 30 20 18 24 22 26 40 23 29 2 1 23 5 24 18 13 15 0 49 40 19 10 9 16 30 34 40 1 35 5 3 11 16 2 35 11 3 20 7 32 2 40 4 45 7 40 3 21 21 2 39 25 1 11 8 19 7 3 40 40 30 46 36 24 22 34 27 31 47 30 34 29 44 25 36 2 1 11 7 2 3 28 11 37 49 4 11 25 39 17 46 16 16 48 48 46 
44 12 15 43 10 3 26 11 6 2 33 14 34 18 34 24 35 29 3 40 23 26 40 0 8 1 6 27 24 42 11 35 25 2 41 7 30 45 49 39 37 22 32 36 43 13 22 19 24 9 25 49 44 1 5 42 30 12 37 18 47 23 23 36 17 49 36 49 28 39 48 41 32 38 41 37 44 40 9 5 43 49 42 46 18 13 40 3 25 26 42 23 11 9 27 27 20 4 4 9 40 
4 41 46 8 42 33 49 42 47 19 44 49 3 29 16 37 39 30 23 37 23 49 22 40 0 18 30 32 24 49 46 4 37 3 49 24 7 12 25 49 30 31 25 20 8 29 7 22 6 22 29 45 28 27 16 27 3 46 8 25 49 12 31 48 27 40 17 7 24 8 22 8 5 23 4 38 15 7 48 32 27 38 49 46 2 22 26 5 16 3 19 12 25 29 26 6 1 48 21 43 39 
21 48 43 33 26 29 4 10 27 48 9 37 3 19 18 21 19 14 16 20 24 47 12 21 46 0 4 35 43 4 13 23 47 11 26 6 26 22 9 36 32 2 39 24 48 21 18 8 19 47 32 48 10 32 3 28 2 35 40 41 43 20 45 8 33 6 18 7 17 23 40 15 38 44 38 39 14 22 41 7 10 47 15 9 24 11 37 6 40 30 14 14 18 18 26 32 22 7 6 12 23 
38 42 41 5 48 9 42 32 9 8 16 48 41 2 36 1 45 19 21 34 45 20 47 40 17 4 0 18 30 21 18 38 34 43 27 16 12 46 37 2 40 10 9 33 28 26 28 42 20 21 16 27 38 22 17 49 48 19 27 12 37 16 1 34 26 31 30 2 37 34 20 7 34 12 41 18 14 24 7 15 2 49 46 15 49 33 44 18 5 1 11 46 41 17 42 13 24 8 41 37 7 
38 35 33 27 11 1 39 7 28 15 23 20 30 32 1 40 34 47 32 28 32 5 1 45 24 29 26 0 3 8 3 45 10 28 25 46 8 22 4 33 35 30 15 3 20 37 8 2 27 47 43 41 20 21 36 17 36 39 47 37 34 1 19 8 16 48 32 8 32 37 15 10 46 43 44 20 33 28 6 40 31 32 30 17 32 12 42 3 20 2 19 20 8 48 9 2 7 32 40 26 5 
35 6 38 6 44 11 38 8 47 35 26 38 19 20 36 25 48 42 41 34 42 30 43 27 11 1 17 17 0 16 35 14 37 45 1 39 43 31 25 2 5 33 46 18 7 46 13 17 32 44 9 26 27 31 31 13 31 45 2 43 11 49 23 45 26 15 17 9 47 45 48 34 44 20 44 41 8 36 11 22 6 12 25 30 9 36 41 20 48 14 14 22 17 3 19 22 19 29 4 36 31 
46 19 47 9 7 1 27 22 4 1 42 29 18 49 48 26 41 42 8 38 12 14 47 13 18 41 9 15 19 0 26 46 11 23 17 47 30 49 37 23 44 10 23 25 34 5 28 33 34 37 47 9 17 39 13 31 27 23 49 24 32 10 9 32 21 20 6 7 46 2 7 8 11 33 20 18 41 17 15 28 41 2 10 15 43 26 43 1 14 7 30 9 10 2 42 7 34 38 31 33 8 
4 47 42 6 32 13 33 37 28 1 18 49 22 39 15 47 17 42 27 48 43 38 38 32 6 29 47 44 5 28 0 9 23 46 18 13 20 46 23 11 28 22 17 15 40 2 43 35 1 30 24 21 22 49 16 1 35 49 6 1 29 12 4 8 41 24 12 34 49 34 36 28 31 6 4 29 20 20 16 13 11 28 38 23 47 47 41 49 47 17 8 29 1 29 32 9 15 5 26 45 20 
32 21 45 9 35 42 46 48 17 19 22 12 9 25 17 7 46 4 38 3 6 5 18 4 27 21 47 23 11 35 1 0 43 12 37 38 16 3 2 43 1 25 8 46 28 11 1 33 30 49 4 23 29 28 34 4 35 18 37 28 29 27 35 17 19 40 49 11 20 22 37 11 33 20 14 31 43 11 29 43 22 39 41 39 14 27 7 43 16 37 28 30 32 28 37 18 28 28 17 41 23 
1 6 5 34 40 29 8 36 49 41 33 30 14 7 3 23 24 28 26 26 34 12 12 45 5 48 41 27 9 27 23 14 0 28 31 3 11 27 2 35 43 18 37 21 44 12 35 42 20 13 31 41 13 32 2 5 43 31 22 46 28 19 11 15 28 32 13 20 31 41 3 43 41 5 14 46 11 16 11 41 22 14 34 18 4 42 6 6 43 12 20 43 8 37 32 16 31 4 36 15 3 
37 20 39 25 6 13 44 31 43 15 19 47 17 30 8 21 27 47 7 2 46 29 20 39 44 10 33 39 23 27 47 35 38 0 26 14 5 12 42 36 6 18 34 45 15 11 27 24 43 1 11 27 34 10 37 4 13 39 31 27 9 10 19 33 25 18 37 29 24 35 5 23 49 25 31 26 47 8 42 36 32 5 40 33 24 11 11 33 26 31 6 20 37 25 45 33 4 28 29 49 41 
7 2 6 2 32 12 13 2 38 17 44 19 42 10 36 15 43 39 30 2 3 7 35 40 32 28 19 40 7 27 30 15 38 18 0 39 2 32 48 10 17 21 26 2 46 1 1 31 20 9 22 10 43 28 34 29 15 35 42 27 16 26 9 47 47 15 4 12 16 39 26 10 38 38 49 41 5 16 27 36 21 29 8 4 18 22 42 22 36 49 32 41 24 46 24 12 21 38 29 33 5 
17 30 14 14 41 23 41 3 47 21 32 11 35 48 25 5 35 27 34 15 33 32 27 19 8 14 13 3 36 31 26 32 19 6 35 0 2 34 30 10 6 36 46 29 4 23 31 42 36 20 12 27 43 43 28 9 26 24 29 27 21 43 42 10 33 11 3 39 15 48 12 27 30 48 42 1 9 7 18 46 9 13 24 25 38 18 43 31 2 23 43 31 36 26 23 5 6 29 38 44 30 
49 14 45 19 24 21 21 17 48 11 31 40 35 44 20 1 27 41 47 25 40 34 14 22 21 38 34 43 45 48 46 5 11 21 36 30 0 1 40 4 48 3 26 34 46 11 27 5 15 33 18 45 21 9 10 34 1 16 36 27 49 22 42 17 41 38 32 45 41 6 20 14 24 45 34 29 23 24 19 33 28 10 17 26 1 45 27 6 24 5 13 13 23 4 48 3 33 13 4 46 38 
6 35 48 15 47 33 26 43 9 44 41 30 19 46 34 31 8 7 27 2 47 10 35 9 4 28 42 11 23 6 44 32 3 4 30 13 10 0 12 32 14 21 42 2 23 11 3 25 27 49 28 3 26 39 8 12 15 16 8 2 27 49 27 32 43 26 8 39 15 20 7 33 24 17 5 34 20 45 30 15 28 28 32 8 1 23 40 31 19 35 33 8 6 17 42 1 5 27 48 48 38 
11 21 18 15 21 30 39 46 1 44 17 23 43 23 40 23 1 21 49 46 3 49 14 47 8 20 36 20 2 38 27 47 15 35 35 29 31 49 0 18 19 39 16 40 28 12 29 10 2 48 44 30 45 27 33 41 32 27 12 6 28 23 28 41 38 41 38 7 2 49 25 5 15 14 11 49 35 6 17 34 21 46 33 38 17 9 40 31 19 37 1 12 5 25 37 4 42 21 20 31 32 
21 9 36 31 4 16 20 45 34 36 42 25 27 41 24 29 44 1 31 38 48 40 19 20 31 4 7 37 5 20 23 23 12 34 48 12 36 1 40 0 1 18 35 37 37 26 19 36 43 28 33 36 28 19 34 49 23 5 48 29 17 7 19 46 25 42 10 3 39 11 22 36 1 29 2 2 11 31 27 10 4 23 22 31 39 47 12 14 35 33 23 31 16 33 17 30 5 37 40 19 23 
4 13 11 8 48 36 31 38 22 7 3 41 1 18 39 35 8 38 9 43 14 1 43 18 40 42 31 40 1 1 15 10 26 3 44 43 49 29 32 23 0 31 49 30 1 10 46 25 41 33 8 33 22 42 27 38 37 32 36 9 12 18 41 49 3 15 14 48 29 18 48 6 43 28 6 21 15 27 17 12 32 33 26 31 10 28 24 22 25 1 41 17 33 17 47 40 20 45 44 21 16 
46 21 38 23 29 37 2 5 14 8 7 2 49 42 21 40 1 9 45 24 30 35 44 3 17 9 28 12 42 46 7 25 49 44 30 32 34 21 39 46 36 0 36 14 47 21 38 35 13 40 2 24 35 47 2 13 7 35 1 27 3 18 18 10 18 29 7 35 20 19 6 47 7 5 8 38 25 17 22 44 25 33 41 40 20 38 33 12 36 11 3 39 20 17 24 25 29 49 43 3 10 
41 49 38 10 47 38 37 22 42 42 46 40 43 29 23 29 17 28 17 12 18 32 18 26 8 10 15 2 45 30 40 18 29 31 44 5 11 18 9 19 44 27 0 30 1 6 10 37 42 9 49 33 22 21 45 8 43 7 46 23 17 13 24 24 17 11 11 12 1 40 42 46 33 18 19 1 29 42 27 48 28 38 46 12 12 16 9 37 48 21 44 37 31 27 47 4 27 42 43 43 18 
39 1 18 6 14 28 46 24 18 30 34 36 10 33 7 31 48 30 41 41 11 29 16 9 32 41 16 27 25 11 42 40 45 24 20 12 46 24 17 23 39 3 43 0 12 15 35 36 22 16 34 7 17 49 38 13 15 15 34 22 35 6 6 38 38 35 28 6 16 15 5 44 20 6 10 40 37 39 35 31 22 3 35 2 26 13 4 49 18 24 36 33 16 19 17 34 42 23 35 28 19 
15 34 18 8 21 22 36 13 47 43 39 3 44 25 12 13 46 5 9 37 11 19 46 16 7 31 18 8 22 46 4 8 37 29 27 43 2 24 7 41 28 30 12 6 0 3 38 1 30 47 37 45 23 13 7 42 36 30 19 9 32 38 13 46 29 47 9 24 17 14 47 44 23 25 31 5 32 19 5 22 30 10 3 44 31 28 30 17 14 44 45 45 7 45 12 33 34 10 1 49 48 
46 36 39 34 16 12 34 26 48 32 28 36 8 38 46 37 13 31 36 19 2 10 31 41 45 45 19 33 4 20 20 13 38 12 37 8 18 7 9 14 18 46 4 23 8 0 36 20 5 9 19 31 38 22 31 41 9 7 5 41 43 12 2 4 48 1 6 48 10 5 45 40 5 13 5 13 33 33 8 38 20 43 32 33 27 28 36 31 9 36 9 37 38 24 42 40 34 6 31 34 45 
47 22 14 6 45 2 46 35 35 15 24 48 10 17 8 41 6 37 37 1 34 2 15 21 34 35 34 36 7 4 33 15 4 19 5 21 43 41 9 29 17 7 46 44 37 32 0 36 29 42 10 47 1 38 20 36 15 38 35 20 9 15 42 18 44 43 38 7 24 41 42 1 48 42 27 2 10 27 16 10 37 49 18 40 5 36 1 31 47 29 43 39 44 25 7 27 20 23 6 42 29 
13 26 1 38 21 44 1 38 18 17 40 5 48 47 40 38 47 9 37 46 28 36 42 47 46 47 24 40 48 36 15 29 15 41 12 27 43 27 44 14 41 27 41 41 13 25 36 0 32 12 5 41 11 25 28 24 28 10 18 42 30 45 6 28 24 35 26 39 47 29 8 47 23 42 17 29 20 43 41 33 9 23 27 49 16 10 12 33 46 34 46 2 20 2 49 43 35 47 11 12 26 
16 23 17 34 14 34 28 21 15 42 34 10 44 18 28 48 41 5 1 31 10 23 40 26 46 17 41 39 15 48 10 36 6 25 41 17 48 12 20 41 26 35 33 17 1 47 46 19 0 20 47 23 49 37 40 39 11 10 23 48 28 47 14 18 3 1 26 5 31 19 46 44 30 1 42 1 25 36 35 40 27 12 13 41 35 1 6 32 18 7 43 30 32 30 2 10 29 30 3 1 22 
48 49 41 22 35 14 35 1 8 23 41 10 7 23 16 16 42 14 4 38 22 19 12 39 47 33 47 36 12 40 41 23 41 31 8 22 16 8 49 10 34 16 21 2 19 13 43 23 41 0 4 41 34 47 22 48 30 29 3 20 9 22 11 25 12 17 38 46 39 25 38 24 27 13 10 30 15 30 36 25 22 1 17 47 18 29 38 21 32 8 31 7 44 42 45 2 29 18 40 19 47 
42 40 40 17 32 36 43 9 2 37 35 20 18 48 7 43 11 33 42 42 43 17 18 47 37 48 21 36 8 20 18 6 32 10 12 39 30 40 10 46 20 34 27 27 38 19 5 40 28 5 0 36 49 3 31 23 33 21 22 34 37 16 26 1 45 31 26 31 3 1 25 42 8 8 43 8 48 27 24 31 19 35 25 34 38 30 48 4 14 18 20 45 30 6 19 40 7 21 21 38 21 
8 15 31 39 21 7 28 40 14 23 35 20 7 31 14 14 26 31 15 25 14 43 29 8 4 11 7 35 11 5 6 10 22 4 30 35 28 23 26 7 49 31 36 17 35 19 43 25 30 39 21 0 9 11 42 1 17 14 42 28 20 9 16 38 30 12 10 20 14 2 45 33 40 35 44 47 32 11 30 7 9 12 29 7 20 43 14 14 43 24 31 47 3 21 15 9 40 44 45 41 21 
28 34 8 30 7 6 10 38 4 45 14 18 3 48 20 10 40 2 6 47 7 2 7 45 44 35 2 1 37 27 32 7 30 8 32 28 5 4 41 12 34 48 3 5 13 16 38 6 9 6 44 26 0 33 40 27 15 48 47 36 12 45 43 4 23 15 5 44 7 17 28 42 36 6 33 29 27 33 28 3 47 14 24 45 29 25 3 20 35 42 43 8 40 11 35 26 23 14 31 21 34 
38 2 13 45 43 8 19 30 8 8 47 5 31 14 24 9 28 17 15 47 6 3 26 6 22 22 11 19 48 1 21 17 22 21 36 1 17 40 10 24 48 47 46 15 14 4 13 6 37 40 7 36 43 0 4 9 36 49 17 48 20 13 21 34 7 3 27 36 30 45 5 39 34 33 33 30 49 26 22 13 37 29 14 9 11 35 18 37 14 17 6 35 44 16 42 37 9 40 16 9 37 
23 29 43 41 32 9 41 34 45 18 34 47 10 32 35 16 7 23 47 28 6 14 32 5 9 27 7 12 8 35 49 12 2 17 1 16 33 3 35 41 9 18 30 15 11 16 30 37 5 45 48 13 26 9 0 38 21 7 9 2 22 17 31 31 30 22 14 32 23 24 45 36 49 5 47 46 9 21 15 22 48 39 34 12 23 16 3 21 29 29 29 15 33 26 1 8 18 3 4 37 2 
15 10 29 29 27 28 7 33 11 34 16 49 32 33 12 30 43 47 25 10 7 40 46 9 33 7 37 45 36 26 30 23 44 23 17 34 22 29 11 30 27 49 45 27 40 32 9 29 15 22 29 30 41 25 47 0 26 17 30 21 12 22 34 2 42 1 9 1 26 13 11 17 29 22 20 27 8 2 47 5 42 25 9 7 27 12 9 29 45 1 40 2 49 22 1 41 7 16 17 16 3 
17 43 22 6 19 20 38 28 14 28 29 36 40 48 23 37 31 4 33 4 13 49 33 11 5 20 38 38 4 11 34 10 15 43 7 11 35 38 29 14 48 9 39 23 37 22 31 35 49 20 18 28 39 20 21 14 0 22 27 13 18 1 1 49 15 26 34 17 8 33 40 27 34 48 16 24 1 5 5 31 5 31 46 32 29 13 36 23 7 24 48 3 25 40 20 13 26 37 48 22 8 
42 21 37 26 17 26 48 17 17 29 25 14 12 42 14 10 46 48 2 41 2 26 14 42 13 2 1 21 14 17 25 17 24 30 41 32 14 16 10 13 43 32 37 15 6 7 16 21 18 4 40 24 29 36 39 43 37 0 41 6 45 1 2 30 24 2 46 22 2 23 34 4 20 37 36 17 30 7 8 23 40 15 7 16 38 2 31 32 39 4 7 21 5 29 33 41 44 33 28 24 30 
21 20 5 19 42 33 2 14 5 21 35 4 14 30 7 48 36 5 24 29 40 7 43 34 46 11 24 10 17 12 40 4 49 14 5 33 1 26 29 25 7 45 9 15 14 22 31 28 2 13 15 36 12 47 7 30 30 46 0 19 21 30 9 14 19 45 42 40 46 42 28 25 47 24 15 28 48 29 41 45 4 13 31 23 37 19 25 1 44 5 17 18 1 41 1 33 13 14 13 44 8 
46 16 23 23 44 6 7 18 17 10 8 24 23 24 48 41 33 6 36 3 38 7 17 5 41 47 25 26 18 46 46 35 38 30 26 41 27 31 17 48 11 31 29 21 9 30 36 46 9 14 46 2 34 3 25 30 18 44 15 0 30 35 48 35 14 22 49 21 43 26 13 24 10 23 31 15 39 42 28 41 38 7 18 42 26 39 36 16 15 19 12 35 38 28 24 9 34 22 38 3 9 
41 45 12 46 5 13 26 14 14 4 35 9 39 17 11 45 15 36 18 38 25 34 9 47 25 20 34 25 26 13 29 41 21 1 35 12 11 5 27 2 42 3 14 45 46 48 31 3 15 2 45 35 18 43 2 32 44 23 34 32 0 37 4 46 24 21 7 34 30 21 41 2 20 30 3 8 30 6 44 22 36 5 41 22 46 4 8 40 46 33 1 32 31 8 11 18 11 48 5 33 10 
8 17 3 21 45 15 23 3 5 15 45 44 6 26 45 38 43 36 21 35 38 28 11 24 16 24 29 29 30 28 6 43 11 30 17 47 24 24 10 22 34 31 11 45 1 49 48 40 38 48 16 18 25 37 29 7 20 30 8 26 30 0 17 32 18 28 41 10 12 28 46 16 13 32 32 31 33 14 17 44 3 41 2 23 4 25 40 4 29 27 3 16 42 6 31 34 37 31 20 40 26 
8 2 40 29 6 30 48 47 17 34 42 2 18 47 28 6 19 30 6 18 10 21 41 44 26 45 21 1 12 48 10 14 34 12 36 47 37 33 18 19 10 16 4 32 4 11 26 12 45 1 45 37 20 44 28 6 11 29 28 3 31 28 0 8 1 32 19 22 18 32 11 37 41 45 41 12 42 11 12 23 29 31 10 11 47 1 11 3 36 46 12 12 41 30 27 11 25 42 21 5 38 
31 21 49 46 15 37 28 3 34 26 31 20 39 41 11 38 22 13 29 24 29 4 37 27 30 36 29 4 48 42 29 32 10 6 20 5 49 25 17 22 12 32 9 48 20 49 9 22 35 35 25 21 44 33 28 44 42 27 39 13 21 37 33 0 35 19 38 12 9 38 13 49 2 8 14 23 18 39 29 1 23 15 17 25 18 12 46 6 44 9 41 27 19 34 11 23 30 34 44 21 2 
45 25 38 37 20 38 25 37 2 28 20 49 18 5 27 33 19 32 19 38 2 17 46 33 20 24 15 13 37 5 1 41 47 9 21 11 5 36 26 48 25 7 46 33 2 48 32 47 10 28 24 25 33 34 11 36 22 7 40 36 7 37 16 19 0 30 45 40 37 39 19 15 11 36 26 23 49 1 43 1 13 6 7 13 7 28 34 28 29 30 5 26 21 25 45 15 33 23 11 45 24 
14 49 26 47 21 38 43 1 26 2 19 9 37 24 24 5 26 33 6 22 10 37 15 17 34 2 49 17 18 23 38 16 24 23 10 3 44 17 46 29 38 21 23 7 2 32 7 5 11 12 1 6 47 2 17 15 26 5 4 7 34 3 16 23 15 0 24 5 20 49 25 14 3 31 31 44 4 8 42 7 11 22 26 9 32 39 38 6 3 47 29 2 3 38 45 4 37 30 15 2 14 
45 9 19 3 21 33 30 32 11 14 13 35 5 22 46 5 3 30 42 8 47 37 19 23 30 38 25 7 1 45 29 14 39 7 26 27 11 33 7 17 27 41 9 36 6 8 4 22 15 12 24 32 2 22 18 3 45 29 30 6 43 26 25 19 3 25 0 38 22 4 9 23 6 39 44 14 5 17 5 22 6 14 17 6 48 15 12 33 18 47 29 1 30 3 1 5 11 15 5 29 25 
22 35 39 34 26 1 10 6 20 32 19 13 14 36 22 8 8 4 36 16 38 28 19 29 30 42 39 45 2 23 9 34 19 31 5 19 37 43 38 8 20 38 33 9 46 9 43 11 17 31 48 39 33 39 3 13 10 25 29 25 18 27 40 35 1 41 14 0 46 5 7 18 35 42 30 24 33 21 35 15 31 18 13 49 4 41 21 44 42 16 23 29 6 16 4 41 7 21 31 38 48 
10 40 13 13 19 4 30 37 48 17 11 11 28 41 47 3 13 25 44 9 31 48 34 1 46 5 36 16 30 14 3 45 40 32 16 27 14 24 40 6 16 40 31 38 32 32 23 37 36 10 23 22 4 28 39 43 3 27 25 21 45 35 40 22 28 35 5 16 0 13 30 27 22 26 27 10 41 34 46 14 46 9 7 13 22 42 16 32 7 34 13 46 24 43 8 11 9 9 44 12 21 
10 20 13 4 39 41 25 11 38 43 19 4 34 36 16 3 23 43 41 37 10 10 26 21 29 35 42 42 25 30 20 14 16 48 5 48 46 12 39 2 4 11 3 15 12 47 41 24 23 18 38 17 22 19 9 6 20 39 21 28 4 10 30 13 29 22 11 24 8 0 24 24 10 36 24 46 6 28 35 38 13 37 46 44 40 26 6 19 42 47 45 14 30 18 46 24 27 45 2 31 38 
7 29 23 16 49 21 41 2 35 2 46 37 48 28 2 23 44 3 13 26 27 6 42 10 25 8 45 14 39 28 16 31 11 30 12 1 11 3 31 10 36 30 48 14 32 15 9 33 39 21 34 14 24 36 30 49 40 26 36 19 48 41 13 36 40 8 15 46 43 30 0 31 39 37 14 32 7 43 14 43 9 40 37 8 43 15 19 20 34 22 4 3 34 7 4 27 18 39 36 24 3 
45 40 37 8 41 4 43 21 22 14 35 10 6 47 34 30 23 7 21 49 17 47 20 42 39 24 26 41 13 39 10 23 30 34 47 20 42 10 38 17 2 5 16 13 43 36 49 31 20 30 7 32 22 38 39 37 36 41 46 11 45 19 28 7 20 38 29 38 32 24 39 0 24 33 32 17 43 48 37 47 6 37 41 32 11 41 12 21 45 39 7 39 29 13 12 39 25 36 20 14 36 
14 29 48 14 6 45 20 13 11 24 46 19 31 31 47 7 49 32 16 48 14 25 33 11 40 30 29 36 38 23 19 9 28 29 43 15 30 37 39 36 33 48 30 47 45 20 18 7 13 8 48 30 27 38 30 32 21 7 1 17 34 4 33 28 18 33 22 27 4 32 49 22 0 7 31 44 14 48 43 14 35 5 36 32 30 4 42 9 48 2 11 13 2 27 10 37 39 26 37 25 11 
19 42 34 17 20 35 32 5 46 4 9 17 40 6 36 14 4 37 43 6 1 16 23 40 17 20 41 2 47 21 10 21 28 6 43 36 33 37 12 32 47 15 47 16 21 34 37 31 17 10 19 14 36 8 14 43 23 32 26 41 34 37 6 4 23 43 21 39 18 4 14 9 29 0 7 37 1 26 5 32 17 18 3 28 29 49 20 24 15 25 21 2 6 2 29 2 2 40 8 4 42 
8 6 29 16 4 32 5 1 10 4 12 40 28 40 2 1 48 5 21 17 19 2 37 20 12 32 49 6 39 35 35 31 2 34 3 37 23 46 8 43 17 35 46 7 43 37 27 27 40 20 21 19 9 4 22 37 3 32 31 19 26 24 24 12 47 32 10 31 10 34 17 43 48 10 0 30 13 1 10 45 40 48 20 25 20 28 22 14 47 9 21 1 24 45 27 47 4 35 34 24 3 
25 5 20 27 25 10 28 3 49 37 13 4 34 49 8 13 49 38 8 30 46 47 2 26 23 11 20 49 38 23 12 22 9 17 23 40 3 32 26 12 30 41 23 43 10 14 48 10 14 35 47 21 4 45 42 22 21 22 46 47 48 6 38 3 18 16 28 43 40 44 32 47 7 9 29 0 43 46 5 3 5 1 3 32 21 46 8 13 41 16 3 42 36 15 49 38 21 46 25 48 19 
27 47 14 14 27 38 24 46 32 18 44 32 28 16 4 25 14 21 40 42 8 16 46 22 32 42 41 17 19 42 26 26 34 14 19 20 16 3 39 45 12 23 39 21 47 24 22 25 18 49 45 7 37 41 46 18 38 9 25 28 16 22 35 4 33 38 2 47 14 48 3 43 15 4 39 15 0 49 40 25 39 42 12 9 11 3 33 4 21 21 1 21 37 8 4 18 26 2 8 3 49 
33 10 14 48 43 5 11 25 39 17 48 7 41 21 47 37 12 30 33 42 48 2 47 31 25 16 38 48 15 11 36 5 30 39 16 31 36 14 37 25 36 31 8 17 44 27 29 22 22 1 24 36 45 12 10 28 22 31 44 39 17 2 38 4 30 3 36 41 7 40 29 41 32 3 21 38 5 0 19 6 20 3 6 26 46 18 49 30 10 32 45 34 11 23 17 22 46 44 15 22 20 
39 10 19 22 23 28 8 40 22 46 37 5 9 27 48 39 43 43 39 24 9 5 23 40 19 9 6 9 4 36 38 18 5 31 27 33 3 17 5 25 23 1 32 4 8 39 29 13 44 28 13 34 44 36 48 49 49 30 7 7 43 39 3 13 18 12 14 10 24 18 33 46 30 38 40 32 41 15 0 8 21 22 46 36 31 30 4 18 11 13 30 35 18 49 46 24 25 46 11 38 33 
25 39 31 24 42 25 48 9 20 30 19 33 44 47 24 42 49 36 15 33 35 7 7 30 40 28 30 8 37 18 1 4 11 28 35 26 1 25 21 41 11 45 18 13 13 26 49 47 11 25 24 23 13 6 27 29 27 43 28 29 3 36 8 21 49 46 5 30 3 4 2 36 12 40 13 19 49 24 4 0 17 47 8 45 29 34 27 24 2 47 42 36 23 39 38 46 44 15 14 27 46 
15 9 2 41 48 1 1 2 26 36 6 20 20 35 41 20 13 8 31 2 12 9 32 41 35 36 45 40 12 25 10 46 47 39 13 44 40 27 4 14 15 46 22 23 39 41 21 22 46 4 23 23 23 11 4 2 39 42 31 13 35 48 3 24 15 18 47 12 32 40 22 30 27 10 31 42 12 49 36 1 0 31 10 3 12 17 38 41 8 6 41 31 22 39 31 21 35 34 28 6 38 
12 48 2 3 15 33 43 26 41 12 30 27 2 35 26 33 21 35 13 45 20 34 1 30 24 47 42 30 44 20 36 1 30 1 12 13 39 46 22 14 5 15 10 45 5 41 16 2 19 8 43 10 30 31 7 42 46 48 35 40 39 34 5 23 20 22 37 11 24 40 8 27 35 29 24 33 22 42 20 17 25 0 49 26 30 13 7 13 33 33 4 37 4 7 41 2 46 19 2 45 18 
33 22 27 2 19 12 16 23 45 6 3 43 7 6 49 19 38 28 25 40 4 32 37 45 8 28 11 2 35 35 39 35 13 8 40 2 22 46 4 34 2 11 39 40 19 5 1 16 2 48 22 44 16 47 4 12 44 21 2 43 18 30 37 48 49 43 8 11 9 34 47 6 25 15 5 25 11 29 49 27 26 24 0 3 42 16 48 23 9 44 16 6 25 34 1 49 30 5 25 27 48 
25 20 26 17 13 13 21 20 10 45 19 36 8 32 6 28 46 29 21 33 13 41 17 25 10 27 13 34 43 40 40 42 8 8 41 22 27 41 1 13 24 18 5 28 19 18 23 10 36 6 43 27 49 47 11 44 45 28 14 3 8 14 25 35 48 2 47 20 27 34 23 17 9 29 30 39 7 22 41 41 45 3 8 0 37 6 4 44 42 28 41 13 20 37 32 14 35 20 2 46 21 
22 39 8 8 38 39 20 38 33 45 38 1 42 2 48 1 36 48 49 46 47 21 12 21 5 20 40 18 12 32 32 37 15 21 25 29 32 49 18 42 44 28 47 5 45 49 44 25 12 35 24 29 27 12 7 11 10 1 23 20 9 10 43 16 48 28 24 22 39 15 9 6 34 11 1 26 13 39 27 20 38 24 18 45 0 41 39 9 21 9 1 24 42 39 38 12 49 7 23 25 8 
23 42 35 40 37 20 37 46 41 27 31 17 37 24 10 49 2 21 45 28 31 46 41 46 9 3 45 25 4 47 19 32 6 34 30 34 15 9 17 21 41 16 41 7 11 1 20 18 19 19 32 1 24 19 40 15 8 12 2 8 34 45 8 5 36 10 44 2 30 11 42 48 23 39 14 16 17 35 18 9 43 11 32 42 20 0 43 4 5 24 31 8 48 26 32 25 30 43 14 23 1 
9 20 42 35 5 6 4 46 20 21 29 26 6 49 35 23 28 41 40 35 42 31 32 36 44 2 3 5 12 23 48 36 15 16 29 16 41 27 22 27 27 25 7 28 35 40 38 9 9 41 30 6 30 49 47 11 46 22 31 45 2 8 31 38 26 47 46 31 45 11 28 32 22 38 44 5 20 22 45 16 9 5 44 33 29 19 0 42 27 21 36 14 9 48 13 20 41 43 15 47 26 
37 42 43 45 49 8 41 1 29 19 48 43 14 4 11 31 18 18 42 8 11 44 19 29 6 35 12 27 45 43 17 35 18 35 8 29 7 49 19 47 17 6 19 18 41 2 34 34 39 22 6 19 2 31 16 28 39 17 1 26 14 23 26 42 35 42 49 18 28 25 33 2 37 24 36 26 21 27 26 19 25 24 30 7 22 31 39 0 11 29 31 20 27 13 38 4 39 34 20 20 43 
4 16 19 2 12 4 4 40 4 17 17 47 46 13 39 40 8 14 43 45 48 32 19 10 24 22 7 48 20 22 7 48 46 20 20 17 5 29 31 19 33 1 27 19 42 3 43 15 42 37 37 13 8 46 29 5 15 46 10 6 49 31 27 45 12 37 14 47 11 37 18 14 19 33 46 15 21 34 25 16 37 43 15 16 40 46 4 11 0 26 21 15 32 23 7 36 36 1 33 29 48 
24 16 13 4 1 36 44 44 48 40 32 44 20 16 44 29 47 2 28 14 49 35 38 30 41 4 22 17 44 20 36 35 44 17 19 16 40 2 6 28 6 9 20 20 9 15 49 40 39 44 40 33 47 18 14 24 16 18 27 14 36 27 17 19 22 14 7 42 38 16 20 46 32 1 46 1 38 27 5 13 10 30 47 29 25 11 46 44 13 0 29 14 1 35 17 5 20 36 35 35 21 
1 32 3 4 7 26 1 7 32 41 45 10 20 34 2 20 10 9 29 21 44 9 4 29 49 18 9 49 43 14 3 14 25 45 4 21 23 3 42 40 17 35 15 19 12 24 48 15 14 48 40 12 38 42 21 23 34 28 34 16 17 30 39 18 8 18 38 27 29 4 18 34 22 45 3 12 32 22 10 49 31 39 16 37 33 35 7 23 14 40 0 41 15 39 7 39 37 20 5 28 35 
44 15 31 1 14 6 23 40 19 11 30 2 48 34 48 17 9 29 46 30 1 46 10 7 3 17 49 14 35 34 33 39 41 46 22 11 37 14 4 36 33 40 29 3 30 23 33 22 2 31 23 9 41 25 2 37 37 39 45 37 46 44 44 44 27 49 11 18 4 10 19 10 11 17 46 24 45 39 40 4 17 13 39 40 11 48 4 26 41 14 27 0 22 19 9 43 22 22 18 31 33 
37 21 15 28 16 5 10 45 13 8 37 9 3 49 12 36 31 19 21 6 48 45 43 23 14 7 23 41 23 21 4 13 13 16 26 41 15 49 39 40 11 6 41 4 32 26 18 44 48 2 21 34 12 29 33 32 35 45 40 40 19 12 18 14 20 8 12 46 10 33 31 36 41 11 41 17 33 30 38 7 42 13 44 42 17 36 35 33 47 15 35 39 0 20 17 47 9 36 16 20 44 
35 17 18 7 22 41 28 24 34 23 28 3 28 42 13 40 45 22 37 1 27 5 7 26 41 19 13 11 36 22 37 44 49 19 40 6 30 19 49 34 43 39 30 42 26 2 4 18 11 6 10 38 18 42 11 42 14 19 23 2 17 49 1 26 39 24 27 33 45 6 26 11 39 47 34 40 29 5 1 14 26 27 20 9 39 39 5 11 10 26 35 35 26 0 38 43 9 9 40 21 17 
29 1 14 44 31 4 11 33 15 48 5 45 13 28 22 32 46 2 31 44 22 6 8 34 5 13 2 7 4 34 26 42 3 9 37 20 29 25 14 23 27 39 44 12 24 23 44 8 37 43 17 18 32 2 31 37 8 38 19 2 2 36 41 10 22 13 33 15 15 26 9 12 44 32 9 23 16 5 25 21 33 46 37 12 42 29 46 48 44 39 32 16 39 17 0 37 9 8 38 32 37 
24 30 47 40 30 26 30 24 38 36 40 29 32 29 29 4 34 46 41 1 45 21 45 7 33 48 48 41 26 37 25 5 2 14 42 14 46 8 19 21 5 16 36 26 48 27 45 10 40 1 12 4 18 14 16 43 41 21 31 18 37 49 6 32 15 5 17 37 43 18 45 15 42 22 22 8 45 13 41 43 22 24 47 9 17 15 48 21 30 40 7 11 1 12 12 0 7 27 20 11 14 
46 48 8 20 7 35 39 3 25 6 35 48 40 1 47 7 31 14 20 35 43 21 10 11 20 46 11 38 49 3 12 37 16 4 20 47 11 17 34 19 45 27 40 47 33 28 10 36 36 43 32 12 32 3 7 32 15 48 40 30 4 4 17 21 2 12 35 2 11 19 17 25 34 43 6 36 47 1 1 1 30 6 40 31 15 9 36 37 23 44 48 6 12 8 10 13 0 41 5 29 5 
12 10 21 26 1 30 36 48 32 8 27 45 25 35 6 4 49 21 35 20 13 42 33 9 7 16 39 6 14 23 16 48 40 9 36 29 11 19 21 44 48 10 12 45 47 33 38 46 44 47 33 18 40 11 41 17 24 46 49 41 9 5 33 10 37 28 39 11 45 18 44 11 10 3 27 33 5 28 49 13 35 39 33 8 21 37 14 11 48 31 26 16 31 49 13 40 3 0 11 42 35 
30 20 19 9 43 21 6 22 14 33 16 6 10 5 39 21 29 28 49 47 47 20 24 49 46 20 25 3 9 49 29 23 27 31 30 35 39 33 32 48 5 27 26 12 38 11 9 14 13 34 13 40 41 13 24 20 25 46 14 12 14 49 44 27 26 16 12 49 49 41 11 23 31 41 6 42 42 49 32 21 20 11 2 3 27 38 43 12 19 23 11 23 27 11 41 5 43 15 0 26 45 
3 43 44 27 29 3 5 39 20 20 20 1 35 18 4 43 2 32 12 36 6 37 10 5 9 46 14 11 49 28 31 31 44 15 35 10 25 49 5 38 4 46 12 31 26 46 48 18 32 20 37 20 45 27 32 41 47 24 19 38 44 9 23 13 16 6 20 47 1 43 8 14 8 11 48 3 14 31 13 18 35 14 49 11 48 35 1 21 6 24 39 24 29 17 16 34 30 21 18 0 45 
3 3 12 42 14 3 37 22 42 29 43 37 11 26 9 40 1 43 38 46 39 11 46 17 5 2 37 32 15 24 22 49 27 18 31 40 43 31 1 5 16 24 5 37 11 16 3 32 39 25 49 13 25 27 16 49 5 8 24 28 11 27 32 44 18 1 46 15 16 17 40 3 13 29 33 4 14 15 14 40 8 20 48 15 34 19 28 6 39 42 12 3 15 14 1 34 37 45 15 19 0 
