n: 100
m: 10
Pi:U[1-99] 83 26 48 39 58 90 68 23 71 54 5 1 87 53 78 44 2 3 40 50 23 41 16 50 9 53 85 89 62 53 78 58 7 84 43 84 45 35 88 45 98 60 9 64 67 86 37 75 13 40 18 54 68 69 7 74 95 16 37 80 78 1 77 81 69 7 34 9 61 68 14 15 79 6 40 75 45 7 43 87 81 82 86 51 88 89 46 90 32 86 7 40 82 50 47 18 96 14 25 35 
Si:U[1-99]
0 2 2 12 56 42 32 15 42 65 64 99 99 99 51 99 99 99 61 99 90 70 16 99 94 63 64 1 99 85 16 60 12 99 63 99 3 76 73 39 94 99 99 99 99 31 76 33 99 24 85 16 99 91 99 61 99 99 58 61 79 30 97 36 81 99 46 58 99 42 69 99 27 99 99 30 99 57 1 54 85 16 40 99 12 94 67 90 79 52 7 3 3 99 93 7 18 18 4 84 33 
43 0 50 20 0 1 48 63 48 36 99 67 36 21 52 30 99 99 87 36 99 99 10 4 30 72 99 36 55 12 54 99 34 40 48 94 99 82 99 99 25 39 15 99 40 99 99 99 42 85 63 91 99 99 99 99 99 99 99 99 18 40 63 93 60 22 45 99 45 33 16 66 99 99 82 99 73 99 6 76 99 54 42 61 99 54 99 82 91 67 28 99 63 7 90 69 99 99 99 6 39 
4 47 0 42 58 48 56 15 5 57 61 99 63 57 30 75 37 79 33 99 60 99 39 63 3 99 27 91 28 78 99 99 39 99 67 99 49 6 99 82 3 99 99 39 99 15 99 19 99 81 15 61 16 22 90 12 99 99 76 99 15 13 37 63 79 39 99 75 99 93 99 34 99 22 99 99 93 18 31 99 99 76 99 40 85 67 63 99 63 99 15 61 64 87 99 99 6 9 99 27 99 
20 47 23 0 30 6 24 12 22 12 66 30 99 43 37 99 99 99 79 99 78 49 99 78 99 12 76 99 42 99 9 99 40 52 60 90 61 99 64 66 99 33 99 13 99 99 13 99 99 88 88 57 99 30 39 99 40 75 88 34 25 34 99 88 64 43 45 79 99 99 64 43 99 4 99 55 63 12 64 10 99 39 64 30 27 88 91 40 99 99 87 99 99 81 99 7 99 99 99 57 99 
52 33 8 48 0 17 43 64 34 18 39 43 88 54 99 15 96 40 19 82 30 57 55 66 94 30 99 51 12 64 36 67 72 99 88 78 66 99 64 76 64 46 46 43 79 99 73 82 64 51 36 99 36 76 99 99 99 99 99 99 99 88 22 99 18 94 12 55 4 99 37 51 30 70 55 99 99 85 39 99 27 7 37 99 39 33 39 6 99 99 46 99 90 49 99 91 4 69 45 99 99 
11 16 50 52 3 0 30 57 51 28 1 69 22 48 79 36 99 10 99 7 99 94 99 76 99 99 15 43 51 99 1 99 61 70 99 22 45 25 58 46 99 96 87 93 19 70 99 99 99 46 96 54 40 37 99 99 99 99 7 25 91 48 12 85 45 84 70 99 94 43 39 75 99 24 97 72 27 99 78 96 73 94 88 60 93 99 13 4 99 36 9 99 72 99 72 99 99 79 27 99 94 
20 36 2 52 44 56 0 9 1 16 21 70 19 31 99 99 64 84 81 99 90 91 39 99 28 36 99 99 81 99 93 81 16 72 99 61 54 99 94 99 37 99 52 48 99 99 70 43 9 82 31 99 99 27 99 99 76 39 99 55 99 21 34 99 99 90 99 99 85 99 94 58 99 7 99 81 63 52 99 82 99 87 99 61 94 97 10 93 85 63 67 46 87 40 78 1 99 99 54 57 24 
18 64 6 52 36 52 55 0 34 48 37 88 33 34 9 70 46 99 21 1 99 15 99 90 73 99 31 67 45 19 99 28 99 91 87 96 99 94 99 99 99 3 75 99 40 52 49 99 91 19 99 99 99 99 27 76 52 39 99 3 24 99 99 99 99 28 21 6 58 99 30 19 99 15 57 48 43 57 61 49 64 43 22 63 27 13 7 99 42 91 96 82 18 64 91 94 99 96 99 99 99 
17 61 48 12 39 18 7 34 0 0 99 99 99 1 45 22 79 99 57 12 84 16 99 31 96 99 90 99 75 82 16 99 64 31 61 69 27 82 10 99 72 99 39 99 99 99 60 99 99 55 96 99 99 73 70 46 99 48 54 36 15 6 72 99 72 99 18 66 99 36 27 42 94 13 84 46 99 99 1 60 34 81 96 99 54 15 27 79 99 88 99 7 99 99 99 99 99 99 19 21 99 
46 56 14 61 35 9 18 19 36 0 78 27 99 99 99 43 12 99 9 99 97 99 99 99 99 24 27 7 99 94 57 69 66 12 88 52 99 75 75 99 63 78 99 12 84 99 4 18 3 99 16 33 12 88 75 25 30 12 9 99 99 22 91 99 55 4 78 76 9 60 91 84 61 99 99 99 42 19 99 99 76 45 12 4 21 69 99 88 7 36 99 99 9 93 99 33 99 99 37 1 57 
10 93 99 87 12 9 64 75 39 99 0 38 45 52 39 3 24 62 34 56 6 79 73 99 96 57 99 31 99 42 99 55 84 76 21 99 3 99 24 99 76 88 99 99 99 39 99 28 13 99 99 57 99 84 99 88 97 88 48 87 99 99 99 36 99 99 61 99 82 99 87 48 99 16 9 66 31 72 55 46 43 73 36 99 10 49 93 43 99 99 75 75 3 42 99 10 19 96 9 70 82 
99 37 21 99 12 40 99 99 66 99 35 0 14 56 2 4 38 55 48 54 99 7 99 99 45 13 54 54 90 99 99 99 69 31 99 9 99 93 31 37 36 76 7 57 13 96 3 57 13 55 42 9 99 94 69 82 85 60 69 99 25 66 91 99 60 61 81 46 4 99 94 99 99 99 99 99 99 99 40 99 99 13 75 99 42 85 48 91 85 21 84 91 99 18 36 87 45 99 99 99 16 
9 54 34 33 48 99 27 15 4 99 40 52 0 34 44 60 4 58 64 18 99 54 84 75 7 51 76 3 6 97 99 84 33 97 99 51 52 87 61 99 99 99 94 99 99 3 28 78 1 39 48 76 99 70 99 30 34 99 13 46 85 45 27 55 99 81 76 99 99 9 99 36 99 93 99 52 12 85 94 99 18 99 99 73 19 21 37 99 97 75 31 99 33 39 99 58 94 69 25 21 39 
99 99 99 99 99 99 99 99 99 3 30 54 25 0 52 53 7 4 60 30 93 99 51 99 55 64 99 27 66 99 46 18 57 75 1 99 33 99 27 99 54 99 67 12 99 27 28 69 36 99 99 99 99 66 49 75 93 99 88 75 93 42 1 43 99 84 72 99 16 66 63 7 99 4 99 24 88 99 33 99 30 39 99 99 99 99 64 64 99 55 99 61 1 52 28 57 43 99 91 99 99 
88 3 30 99 99 99 45 16 43 37 42 37 4 49 0 8 57 50 12 64 99 28 99 99 7 76 45 39 43 33 99 84 99 99 39 99 37 4 99 90 19 99 40 99 43 96 99 27 49 60 13 66 34 19 60 99 16 10 54 81 51 97 6 79 63 58 40 25 61 85 99 96 99 19 36 99 99 67 63 99 99 60 99 99 99 39 49 99 66 85 99 90 99 81 22 81 28 75 99 73 99 
99 99 40 79 34 88 99 99 84 88 56 56 62 59 36 0 2 8 13 46 79 99 1 15 21 96 36 61 99 57 81 61 31 99 43 16 7 27 87 49 76 91 94 87 58 9 99 99 45 69 3 18 75 73 36 94 87 6 99 99 99 75 99 99 99 70 67 69 34 58 1 97 75 55 25 10 48 31 22 91 99 99 82 36 48 49 64 99 27 31 99 99 87 99 22 39 99 72 39 99 82 
99 99 84 99 1 99 99 66 37 99 24 10 18 22 1 46 0 46 59 61 13 42 96 25 99 30 87 70 78 25 6 99 76 82 21 28 66 99 96 64 85 51 75 69 64 87 64 99 63 22 37 49 57 99 45 99 6 67 88 55 51 99 76 99 93 88 40 91 99 93 25 6 52 99 99 99 7 99 99 76 67 15 99 99 99 69 91 34 99 43 66 99 75 55 99 22 72 99 99 99 6 
99 54 99 54 99 24 33 99 34 34 54 64 60 16 56 47 65 0 50 36 99 99 85 52 30 13 99 79 48 79 99 99 99 99 22 10 15 18 55 70 99 97 99 99 54 99 19 99 78 24 43 42 39 9 37 99 99 19 99 52 15 99 75 85 99 69 99 99 99 99 99 99 99 85 37 99 22 94 55 30 64 99 25 93 85 39 15 58 40 64 24 99 85 19 82 99 30 99 99 99 99 
99 99 99 45 36 99 99 99 42 4 9 41 9 62 38 32 47 11 0 6 7 36 99 96 18 3 87 96 90 99 46 99 16 99 75 16 99 99 57 99 1 39 99 99 99 99 30 64 34 81 73 10 99 48 58 24 57 93 99 22 63 99 34 99 66 40 12 81 45 99 46 99 16 18 99 99 99 4 72 99 99 72 43 54 61 99 99 22 99 99 96 78 10 28 99 24 99 42 72 99 15 
34 99 99 79 99 52 52 99 40 51 42 38 40 26 48 46 18 65 62 0 96 48 21 66 99 99 99 99 99 25 99 99 99 99 40 10 55 64 99 45 75 85 94 99 19 21 78 99 52 76 99 10 15 99 46 99 94 42 76 75 75 3 25 99 69 85 3 99 99 75 63 96 99 6 99 88 99 54 99 49 81 28 99 64 99 45 22 99 97 99 57 70 99 99 88 99 99 66 99 99 42 
52 94 99 51 99 90 30 18 99 90 49 69 99 99 19 49 99 25 51 99 0 52 38 41 60 17 50 42 34 16 16 88 7 31 99 15 52 82 99 94 39 99 57 99 99 13 99 57 76 99 82 37 99 7 45 99 99 39 99 99 18 99 64 18 99 99 64 97 57 99 10 84 13 99 99 19 99 99 94 99 99 42 91 69 99 57 99 97 64 31 66 60 45 99 12 3 99 39 99 93 99 
99 31 99 13 3 99 51 75 99 66 36 51 28 99 49 39 27 78 66 10 64 0 18 2 57 66 12 40 44 31 99 3 31 91 67 99 70 16 99 67 99 21 4 63 99 4 99 49 90 99 73 99 94 96 31 55 52 76 19 60 60 66 99 99 64 99 16 25 37 99 99 18 40 90 99 1 43 67 88 37 49 52 99 49 63 24 76 15 7 99 19 24 99 93 99 40 99 99 93 73 94 
40 28 18 7 72 99 49 81 99 99 99 63 51 36 66 99 99 99 25 18 56 12 0 60 34 46 2 55 63 64 99 15 70 99 24 9 18 43 37 99 99 99 36 51 27 22 84 99 78 99 99 25 87 99 94 81 55 99 99 99 12 33 99 99 99 79 64 31 33 46 99 99 99 36 73 18 73 13 73 42 15 1 51 96 99 7 25 37 99 99 18 99 15 27 69 99 99 43 58 37 15 
99 64 9 69 12 58 67 10 99 21 70 13 79 60 99 79 9 96 97 19 21 35 36 0 32 28 22 55 47 62 30 99 57 99 90 30 99 99 99 46 45 52 99 81 43 99 99 99 99 36 99 99 99 28 99 60 70 13 25 93 46 99 99 99 91 43 16 85 99 4 99 99 96 99 69 99 99 99 60 21 99 99 81 3 55 55 3 97 73 99 30 99 93 99 82 99 15 99 24 99 63 
21 30 37 64 99 54 99 43 99 99 16 99 43 99 87 25 24 99 49 69 27 22 38 52 0 38 38 7 5 27 99 93 18 34 99 63 82 99 75 99 19 99 1 85 37 55 93 10 96 33 3 40 99 58 1 27 99 48 99 58 16 99 99 58 48 94 99 94 21 28 90 58 67 22 99 72 3 18 6 12 99 99 99 99 24 46 99 78 61 52 31 85 99 37 25 52 99 99 42 28 99 
67 99 99 54 99 75 99 99 67 70 27 18 51 90 99 99 99 76 42 99 60 5 27 7 53 0 44 38 62 24 99 79 99 99 6 99 99 99 99 99 99 39 21 93 99 69 40 96 55 6 99 24 1 21 99 99 99 97 99 99 51 99 25 87 99 19 6 85 72 99 87 28 91 99 99 99 28 46 4 85 63 55 48 99 99 40 99 45 93 99 87 52 82 4 36 54 99 69 48 99 22 
88 42 99 94 34 99 99 73 42 76 87 60 99 99 99 99 48 99 99 99 1 22 24 60 48 5 0 62 54 20 73 99 99 99 99 25 36 55 63 72 82 88 99 99 99 99 99 51 99 25 79 57 99 63 78 85 79 67 25 99 46 34 25 37 51 99 43 31 99 54 66 28 81 88 75 99 99 99 45 73 57 48 42 13 99 99 99 99 93 99 99 99 72 42 19 28 99 67 25 99 99 
9 88 99 99 99 99 76 46 99 73 49 99 31 93 85 1 99 60 93 99 12 52 12 22 14 24 6 0 48 8 99 76 78 64 49 63 48 99 61 63 97 87 37 30 13 99 99 99 3 99 22 6 99 94 22 94 99 78 66 15 21 19 88 1 81 99 87 19 99 60 46 99 99 25 27 4 51 28 67 37 36 4 33 60 75 76 43 13 99 99 70 99 99 4 1 61 99 52 99 52 82 
69 99 28 63 63 99 99 61 33 24 25 99 69 99 6 99 42 18 78 82 29 16 65 1 56 21 62 30 0 66 99 64 99 10 99 31 99 36 27 15 99 91 28 16 49 99 93 40 73 63 99 99 88 99 25 34 69 9 49 18 99 88 99 49 63 31 99 99 48 99 99 43 90 21 70 99 34 40 67 96 49 99 90 60 93 48 99 82 4 96 42 15 99 40 22 60 58 58 99 99 15 
45 25 60 99 64 82 99 57 73 99 99 13 99 75 99 7 55 28 75 85 28 38 30 30 44 64 39 40 34 0 25 99 96 96 76 61 57 99 12 99 70 97 99 21 36 99 99 99 46 82 69 85 51 64 81 7 99 99 91 15 99 25 99 99 85 99 99 99 42 99 99 99 99 99 72 67 96 39 27 34 87 13 99 9 99 84 99 99 55 55 42 88 15 90 99 99 12 30 99 99 99 
70 10 81 51 64 70 16 60 9 45 73 99 57 4 15 42 12 64 99 18 99 36 1 99 87 25 99 84 97 99 0 16 5 5 47 38 22 62 7 59 7 96 3 66 37 48 99 99 82 99 84 99 99 73 99 94 99 99 49 39 1 99 22 99 99 48 99 99 99 79 22 99 3 57 42 73 99 99 46 78 99 34 57 6 51 99 75 79 57 85 90 99 40 99 99 48 43 31 99 34 99 
27 13 72 88 99 52 37 9 69 34 46 6 21 67 19 99 99 54 34 1 72 94 90 30 99 99 91 99 30 99 45 0 56 2 39 54 31 58 4 56 99 99 15 99 99 3 12 99 27 99 28 87 31 9 79 33 99 49 91 99 99 21 45 75 27 7 97 99 99 99 22 36 99 19 79 42 70 30 60 73 99 85 24 99 1 99 91 66 99 99 55 10 99 30 46 99 19 99 99 99 48 
15 99 99 70 75 60 78 3 99 27 45 31 69 55 54 99 99 79 69 91 42 49 52 99 52 15 46 99 99 28 0 34 0 31 3 15 8 20 44 50 99 63 99 16 33 99 18 72 99 99 9 63 9 57 87 75 90 27 43 99 9 99 99 39 99 63 99 33 99 99 99 28 9 25 12 69 99 99 99 49 99 1 99 99 84 99 46 79 48 1 31 34 37 61 87 99 99 7 94 58 31 
99 93 84 61 99 37 21 87 99 93 99 6 84 99 99 99 99 40 99 22 30 99 99 79 90 94 99 99 72 18 60 48 6 0 58 44 54 18 32 6 49 48 96 31 76 82 69 48 99 99 99 13 31 99 99 21 43 45 79 79 18 37 96 99 4 84 4 46 70 85 22 99 99 51 49 99 37 36 16 99 99 82 99 60 96 99 99 34 36 79 67 60 99 99 36 99 13 42 99 99 22 
99 99 19 96 99 54 99 25 57 6 99 69 78 85 6 1 57 3 99 3 99 13 18 39 3 99 67 34 37 55 45 12 34 42 0 30 10 28 1 6 31 57 99 63 99 99 28 90 30 99 99 99 40 6 99 99 85 99 15 99 48 9 13 99 99 76 99 99 99 40 16 51 31 48 93 30 99 81 75 42 99 25 99 18 76 88 99 46 85 87 15 22 63 70 99 9 3 16 76 61 99 
18 99 99 99 42 96 90 25 46 99 87 99 99 69 37 99 36 4 78 37 99 99 99 73 99 7 52 99 45 48 66 20 28 2 37 0 22 52 40 22 84 73 70 76 40 76 12 99 25 91 93 99 52 91 3 39 33 40 99 61 27 51 61 99 99 99 67 24 99 99 49 99 99 99 99 99 40 9 72 51 19 99 55 76 60 45 90 36 15 99 99 99 99 66 18 24 22 99 99 12 79 
43 42 99 42 40 75 30 93 3 99 99 84 12 45 99 70 99 13 63 6 54 99 99 52 91 46 24 60 9 99 66 41 60 28 50 54 0 4 39 50 57 6 99 13 54 75 72 69 99 58 33 13 10 42 99 99 52 99 63 97 99 94 99 99 99 13 6 64 52 99 46 99 76 99 78 78 78 15 99 45 99 88 99 81 19 99 75 9 49 28 75 99 88 96 3 99 61 39 40 79 9 
97 61 99 82 99 81 99 99 21 48 99 99 99 34 99 15 76 40 99 72 99 36 45 9 49 94 3 42 22 13 64 14 40 50 26 26 9 0 56 23 3 55 52 43 69 18 73 99 19 99 99 39 27 57 99 90 57 99 99 22 28 16 99 99 99 79 36 31 84 31 99 81 99 34 52 99 10 57 48 99 99 70 58 90 28 90 64 99 13 99 99 84 99 43 90 91 97 72 99 99 55 
3 99 31 99 51 91 45 99 63 88 85 1 99 99 99 99 99 96 99 76 99 16 31 6 30 99 37 99 99 91 56 41 59 14 50 37 28 24 0 5 99 64 99 10 72 1 73 48 99 99 55 94 99 99 99 25 15 55 81 99 42 61 99 99 67 22 1 87 90 99 46 79 31 99 69 99 46 97 31 60 99 99 99 78 99 99 72 82 55 99 31 22 99 79 85 4 81 99 55 49 34 
99 54 99 76 40 94 99 64 82 22 57 99 70 99 45 99 99 70 66 99 3 70 88 99 40 31 4 54 21 99 2 16 64 57 26 46 36 2 41 0 99 61 99 99 99 99 75 82 91 99 27 94 99 99 46 99 16 43 99 4 99 81 66 99 25 99 99 52 37 99 25 99 94 99 64 64 76 36 99 19 99 60 78 99 45 91 51 15 64 60 75 69 99 99 99 33 99 99 99 37 84 
36 99 37 55 94 52 7 12 99 99 99 70 3 33 99 99 24 99 10 43 99 12 40 99 15 99 34 88 99 48 99 34 63 99 9 57 99 82 99 99 0 36 56 34 42 2 56 56 14 8 99 99 99 99 99 99 84 99 99 99 79 4 99 99 69 66 49 51 99 82 58 99 99 45 45 48 49 99 99 28 49 3 24 99 21 99 96 73 40 87 99 72 99 99 87 99 45 99 37 24 93 
40 99 21 99 99 66 4 99 9 58 60 88 15 99 99 99 58 48 99 28 39 70 79 82 33 99 66 94 28 99 40 82 57 55 40 52 87 99 88 84 54 0 2 1 22 28 28 13 62 44 54 22 82 60 36 99 75 55 72 99 99 15 1 90 55 99 99 99 34 49 9 99 99 55 85 36 79 33 97 78 90 91 99 31 99 52 43 99 4 1 99 96 73 99 75 7 99 34 99 99 1 
9 81 18 21 6 82 99 99 54 99 99 99 99 24 90 99 28 12 76 36 13 43 88 99 99 76 12 12 54 46 33 64 99 28 78 1 76 15 43 46 37 15 0 34 26 56 1 29 18 62 67 39 21 99 99 28 70 99 99 99 16 99 22 54 36 12 27 75 99 99 99 93 84 55 31 30 99 75 72 51 84 9 36 69 58 99 99 49 93 99 27 99 99 51 99 9 39 99 99 34 99 
99 40 99 82 49 24 54 99 99 99 99 46 99 9 99 34 45 45 18 76 94 99 81 61 88 15 45 99 81 58 25 99 91 99 99 70 4 99 79 88 2 11 49 0 33 44 48 63 40 32 54 37 9 99 15 7 10 52 99 99 99 21 99 99 99 99 93 99 99 99 42 22 99 99 79 61 18 94 99 94 67 57 40 22 40 99 7 99 6 99 75 27 99 21 42 99 73 10 99 99 99 
28 45 6 93 48 99 99 99 99 76 45 99 67 24 15 88 34 16 99 99 64 22 49 99 93 52 76 61 99 99 85 55 73 18 99 99 78 54 18 9 7 46 34 33 0 55 39 18 58 50 28 31 70 99 36 48 99 19 46 94 99 21 82 76 36 48 10 79 67 99 3 85 90 55 55 25 67 90 72 21 73 94 81 99 99 99 79 58 88 1 99 61 48 3 49 99 87 87 30 19 99 
99 99 97 79 55 99 99 99 99 99 37 30 1 99 99 99 99 73 88 88 81 30 24 99 94 99 40 99 96 99 58 69 69 42 99 99 52 96 21 52 25 63 29 18 49 0 40 4 24 37 91 91 99 76 4 21 85 96 55 99 70 57 99 99 64 43 99 99 49 76 69 99 99 99 99 15 99 99 99 84 99 99 31 99 99 7 99 34 46 91 24 16 73 46 30 45 99 90 99 45 18 
21 99 99 25 99 22 19 99 60 99 84 99 88 99 99 91 3 63 91 24 12 99 99 31 25 67 43 82 37 21 28 76 99 87 6 33 4 84 75 27 14 43 54 21 60 5 0 22 8 48 46 66 82 99 13 87 58 99 48 99 21 82 75 99 99 6 99 99 18 16 54 99 93 99 99 51 21 93 99 27 30 51 78 99 99 99 93 99 99 99 99 37 16 99 12 3 99 99 49 55 3 
99 66 99 99 99 36 99 99 69 69 99 85 99 78 99 24 99 36 16 51 99 48 6 31 99 99 99 58 13 67 99 76 94 19 48 99 99 87 70 99 57 16 33 42 41 34 62 0 45 6 21 51 37 99 99 99 42 78 46 99 55 99 42 99 19 15 99 3 3 99 99 99 93 88 49 18 99 30 99 99 76 30 99 48 99 81 99 69 99 6 42 37 99 88 99 6 10 52 99 3 93 
24 73 85 99 45 99 57 99 45 58 45 97 99 43 54 85 57 31 45 99 13 99 99 99 54 99 75 81 99 19 88 99 78 69 64 73 64 99 99 55 4 53 4 54 32 38 7 40 0 48 66 99 64 99 48 99 99 99 19 46 82 61 99 76 55 39 99 99 99 78 39 99 46 91 54 99 46 75 30 51 60 99 99 51 43 46 60 99 63 99 66 69 99 99 42 99 99 6 82 99 55 
88 99 99 61 42 28 19 76 99 52 99 99 99 99 16 87 37 46 28 4 58 22 99 99 48 4 99 16 75 46 97 99 54 57 99 87 99 93 99 99 28 2 4 14 58 2 26 59 9 0 99 48 99 25 94 43 31 99 15 30 67 66 57 46 52 30 93 28 52 99 37 28 99 99 6 72 75 99 99 25 99 13 84 42 78 24 1 1 12 9 3 94 72 93 96 4 45 72 99 31 99 
25 63 99 99 37 3 58 99 99 91 99 33 99 99 85 52 88 55 99 40 3 99 99 58 99 99 46 84 60 55 99 99 4 99 78 99 66 99 99 99 61 63 99 19 36 99 99 93 64 19 0 63 48 35 49 27 54 26 21 41 42 96 99 66 97 9 99 79 13 13 99 57 99 64 99 42 99 54 63 54 3 99 99 93 19 99 99 37 43 69 99 99 4 99 99 99 93 99 34 99 63 
99 99 70 25 99 75 1 18 99 82 76 36 63 99 99 99 91 10 57 99 22 99 99 3 4 66 99 1 99 81 46 88 99 73 99 99 43 99 45 96 99 12 99 22 16 99 99 88 78 99 54 0 22 33 42 32 24 0 52 27 99 30 99 99 66 63 99 99 99 99 99 99 25 99 22 99 37 81 99 12 99 57 25 58 82 99 33 99 88 79 99 99 99 45 22 46 19 34 3 19 4 
64 24 4 99 6 18 72 30 46 58 21 69 99 85 96 96 21 40 96 42 58 99 25 9 19 34 99 99 99 33 99 13 99 28 31 72 52 13 96 64 60 52 99 75 78 16 99 15 75 4 34 23 0 21 44 10 6 8 42 30 48 72 6 48 66 12 99 99 7 31 99 99 99 19 21 99 90 99 99 6 66 64 99 99 90 82 99 73 33 79 57 13 36 25 69 99 99 99 99 49 15 
72 39 36 99 99 60 55 61 99 24 99 54 43 46 99 1 54 37 73 97 76 51 15 94 99 99 91 99 58 36 69 99 99 30 61 93 99 81 43 84 21 18 6 15 96 36 99 18 81 21 26 29 1 0 28 41 19 8 50 6 33 31 99 99 99 24 67 99 99 15 81 15 25 7 27 99 49 99 99 42 18 99 99 31 79 99 70 42 99 99 19 51 46 19 36 27 6 99 99 99 99 
27 99 99 87 66 70 46 99 99 63 69 10 99 82 91 43 99 70 34 69 46 12 1 99 99 81 34 99 39 69 70 99 60 99 43 36 99 22 99 54 99 61 96 99 69 40 91 25 99 66 3 31 20 35 0 58 19 24 46 21 34 99 7 75 45 93 37 93 73 45 46 42 16 66 24 99 97 64 51 79 61 70 73 19 97 99 28 49 60 42 30 99 99 99 87 99 25 49 88 1 99 
99 9 78 99 99 99 99 7 99 99 99 75 99 99 42 55 4 40 31 79 34 3 40 58 57 39 84 99 94 99 99 81 88 30 10 93 39 31 21 99 40 52 81 97 60 25 99 99 34 99 66 42 2 22 59 0 65 20 21 4 99 84 60 99 60 75 99 61 30 99 63 48 99 27 1 90 79 99 81 99 99 99 99 72 99 25 58 70 15 73 99 99 70 4 82 36 99 45 24 73 99 
84 69 99 90 99 99 78 81 57 7 12 99 99 66 99 97 97 52 73 79 39 1 99 99 99 70 78 54 94 40 43 64 52 39 36 58 19 57 72 99 99 99 85 73 78 1 3 48 24 70 45 2 32 36 38 10 0 34 8 19 99 48 73 24 22 64 99 64 10 99 96 88 69 99 48 99 58 34 99 46 51 21 40 48 99 94 99 12 99 24 84 27 60 81 10 97 43 33 99 57 96 
99 58 81 39 9 99 99 58 19 99 99 46 51 99 99 70 90 24 49 69 94 99 99 39 64 73 99 67 28 93 99 99 99 31 99 99 99 7 21 99 46 45 99 99 99 99 7 34 55 90 33 37 25 4 42 18 58 0 52 60 24 75 42 99 99 30 79 18 61 70 33 99 43 13 75 99 69 81 15 99 99 45 63 42 76 99 36 99 99 96 58 72 99 40 28 1 99 69 81 99 9 
64 43 99 72 36 12 99 33 99 99 99 69 70 99 99 63 99 42 46 22 99 99 76 30 99 10 48 60 84 99 99 99 7 99 30 99 99 99 93 1 99 66 61 99 3 1 99 99 99 15 56 56 32 23 17 61 30 63 0 53 78 63 21 99 99 34 99 52 99 75 82 73 87 58 70 97 12 99 31 31 1 63 30 99 99 61 99 99 61 18 57 84 88 99 3 63 42 99 99 99 36 
99 73 84 51 99 13 73 69 99 99 96 99 99 33 58 99 90 90 99 99 45 9 58 88 49 33 73 94 52 99 58 3 99 99 66 67 99 72 33 16 37 99 69 99 48 84 99 99 99 99 38 58 18 42 16 54 4 7 58 0 99 76 99 27 99 99 99 39 15 99 99 99 40 94 69 90 7 61 99 99 99 87 87 15 42 99 99 40 90 99 85 40 28 46 99 75 28 28 99 64 58 
40 99 49 99 99 67 99 99 72 82 54 97 66 75 72 24 99 45 76 99 99 66 99 70 36 21 30 75 46 99 4 99 96 84 84 52 51 99 21 3 60 55 66 99 99 52 40 58 93 58 39 99 93 90 99 99 91 94 42 51 0 4 41 65 65 36 28 12 22 49 81 81 66 87 99 99 99 42 42 36 78 88 99 18 4 31 51 54 99 99 99 76 73 79 97 99 72 30 63 99 87 
99 36 97 99 61 96 55 45 34 99 99 94 52 88 54 99 6 88 81 12 67 36 99 46 99 31 99 99 57 36 99 21 84 55 49 99 78 72 55 61 93 7 37 21 33 78 87 99 99 69 94 12 91 99 99 3 99 49 19 61 42 0 3 36 16 29 46 10 4 52 79 84 99 99 99 88 99 94 4 19 70 99 34 40 91 99 99 45 99 87 99 99 99 55 10 25 7 99 99 87 99 
85 99 9 82 99 88 9 69 97 99 48 46 99 40 99 99 24 66 99 99 48 69 7 40 99 42 28 63 97 99 7 67 79 99 99 13 16 67 40 55 37 7 99 99 39 75 27 99 75 43 91 82 84 99 99 78 99 93 52 9 23 8 0 44 64 40 8 56 28 38 79 76 99 93 6 43 99 36 40 61 3 27 18 3 99 76 3 99 79 45 99 99 84 34 90 49 48 67 61 99 66 
99 99 19 97 57 99 99 99 99 99 34 63 82 99 99 99 67 28 99 34 78 99 49 51 10 99 61 99 25 85 66 99 57 75 96 82 30 6 94 79 69 79 63 99 28 63 99 55 21 99 99 99 6 93 3 43 21 66 31 99 53 46 32 0 28 10 27 34 6 60 12 64 99 76 79 84 34 99 79 99 99 99 99 75 54 7 99 51 99 34 99 99 39 7 99 99 99 81 99 67 27 
99 1 99 99 99 87 99 99 90 99 22 99 99 99 73 79 64 97 99 99 99 30 30 66 19 70 99 99 99 45 99 99 46 43 27 51 90 58 99 66 19 18 87 99 34 99 55 99 34 99 60 18 42 42 3 93 46 55 43 99 16 50 35 40 0 53 64 47 42 53 39 99 37 48 27 96 99 99 99 6 75 99 99 39 33 99 73 99 27 94 7 99 99 99 22 99 99 99 12 37 15 
25 39 15 46 82 66 58 99 99 99 54 99 67 64 69 99 34 70 91 91 63 99 99 46 84 40 48 99 3 39 99 99 22 87 99 64 67 57 1 54 99 99 99 99 99 99 22 33 48 99 99 99 55 48 9 99 39 40 82 90 14 14 43 57 47 0 3 30 40 48 85 48 99 87 78 82 99 99 99 13 34 73 25 99 99 16 31 36 78 99 45 99 39 99 21 99 79 99 88 15 70 
13 99 99 99 48 30 97 34 82 37 46 25 58 31 72 99 45 63 88 10 27 57 99 6 99 99 88 24 43 94 81 99 90 99 99 30 99 31 55 37 13 93 87 94 33 99 54 99 73 67 31 99 27 7 99 99 94 99 99 99 48 29 0 28 39 64 0 32 44 15 99 99 15 55 58 99 72 91 39 76 12 99 45 99 31 99 45 52 82 99 70 69 99 99 76 85 58 99 97 67 33 
49 67 79 33 39 99 24 55 55 42 13 15 31 84 99 69 39 18 78 16 18 13 99 13 73 55 99 30 46 76 58 4 99 49 60 42 88 33 99 27 97 99 57 75 54 75 87 60 99 60 18 94 46 3 33 99 21 94 69 54 58 11 52 32 41 23 23 0 8 42 37 31 27 99 42 78 94 84 75 90 55 63 96 99 94 30 88 97 99 99 57 67 52 99 52 99 25 93 16 6 7 
52 99 55 10 42 84 79 99 18 1 60 66 58 73 24 84 45 94 27 99 99 99 70 99 75 1 99 1 99 90 99 4 7 27 99 64 31 57 13 21 96 90 79 73 37 36 3 37 49 99 99 70 16 99 76 4 99 54 57 99 41 19 4 35 43 34 54 22 0 59 94 60 15 99 9 99 99 57 21 60 6 99 99 67 99 99 64 73 45 24 1 7 16 10 36 99 99 94 6 12 99 
73 3 99 34 27 16 63 24 61 99 12 90 60 94 99 54 3 13 99 19 15 99 85 99 3 99 3 60 30 97 99 99 99 46 99 28 55 99 12 99 57 19 31 64 18 7 42 84 19 34 99 1 46 55 88 90 87 99 48 81 22 24 36 5 32 18 6 25 53 0 73 69 99 69 99 99 99 99 99 73 54 27 99 90 99 15 99 22 40 76 85 28 99 4 36 99 13 99 99 25 84 
82 55 99 72 1 81 99 10 99 60 72 10 30 99 99 66 57 75 75 99 7 85 99 99 61 40 66 99 91 99 75 13 66 99 40 19 33 43 94 99 99 18 24 99 27 96 39 99 99 60 99 99 60 99 9 15 99 33 99 99 25 69 34 99 99 34 40 6 60 54 0 34 56 62 14 21 15 37 57 62 27 27 48 99 4 99 97 72 66 75 99 28 99 58 99 33 6 99 28 18 99 
99 99 99 99 99 4 25 99 99 69 13 58 70 61 4 51 3 49 99 99 99 34 84 49 58 99 99 94 99 3 99 99 7 99 9 99 79 1 99 87 99 99 9 87 82 99 99 12 99 52 82 55 3 66 99 70 99 99 96 70 90 87 72 66 76 70 67 99 63 99 25 0 28 60 66 52 29 46 10 25 99 99 76 3 22 51 99 64 99 16 19 30 15 70 31 73 34 22 66 99 78 
27 93 94 28 63 99 49 75 10 99 43 39 78 69 36 37 99 99 13 94 99 99 51 3 99 99 99 10 21 43 31 99 99 49 99 4 99 57 46 99 79 79 85 99 93 99 63 99 94 84 76 99 33 69 40 99 39 99 99 99 99 99 21 99 40 64 70 99 99 97 12 15 0 24 50 7 62 56 25 27 99 48 73 48 99 99 99 75 85 81 45 99 6 84 52 90 67 93 67 99 12 
24 99 16 28 28 99 99 45 85 12 12 99 99 97 58 93 84 9 64 78 1 55 99 99 99 51 99 99 40 33 99 73 99 99 60 24 81 87 79 99 57 7 22 99 81 21 40 99 40 51 99 99 99 99 87 99 3 10 39 18 78 25 99 99 99 99 90 99 78 54 10 27 8 0 20 28 34 44 54 3 99 82 99 58 76 30 21 42 67 79 99 48 30 81 6 40 52 39 28 33 12 
90 72 42 99 99 61 99 12 45 60 99 78 99 76 33 94 99 76 99 97 22 99 99 99 49 99 99 72 9 99 16 99 30 45 22 45 19 70 99 99 31 99 12 25 99 99 99 99 25 4 55 60 16 99 99 30 87 84 42 10 99 72 25 99 25 78 99 99 99 84 56 28 16 4 0 33 41 36 48 47 99 48 49 99 1 43 94 33 99 64 99 99 87 99 66 85 52 69 52 45 54 
99 91 99 9 10 75 37 13 96 64 40 99 96 9 73 75 27 99 99 28 85 30 99 4 18 12 49 99 99 9 99 99 76 84 99 15 99 42 78 63 52 99 99 81 90 12 91 4 76 69 99 99 4 21 99 94 87 54 88 99 69 99 16 22 24 40 6 99 81 99 6 56 4 46 49 0 50 34 49 66 42 13 99 76 99 67 99 99 78 13 69 99 99 55 90 99 45 9 73 91 7 
99 72 99 94 63 12 78 90 99 13 70 99 99 30 99 99 25 99 9 99 78 99 99 99 99 66 76 99 58 55 42 93 49 10 7 99 99 51 9 60 82 99 55 76 99 91 13 99 12 99 61 72 99 34 51 4 63 99 99 54 69 22 99 48 99 99 30 90 4 99 56 20 11 48 64 10 0 8 48 13 39 99 99 66 60 73 4 99 99 99 34 45 42 99 84 52 51 7 16 34 99 
99 57 58 82 45 99 54 28 42 99 51 99 61 75 22 99 81 69 54 48 7 16 1 33 60 43 88 99 4 99 15 99 36 52 4 99 46 99 99 39 13 99 61 93 79 99 90 75 99 97 39 42 93 99 10 45 7 10 55 99 93 99 13 36 99 76 9 99 7 45 10 60 52 57 32 63 30 0 52 22 99 99 99 70 9 99 99 16 99 99 72 99 94 73 99 99 79 34 85 99 51 
93 75 25 54 66 99 99 63 99 28 99 84 78 99 99 70 99 43 52 99 69 99 88 16 99 67 64 99 13 99 99 99 90 16 61 79 99 99 78 99 12 55 63 27 16 4 13 31 27 15 99 99 99 85 99 6 81 78 18 30 99 12 43 99 99 99 52 99 36 73 41 23 19 34 43 18 2 31 0 23 60 90 99 40 42 18 78 49 58 58 99 99 99 10 99 42 94 99 63 33 54 
34 96 22 3 99 99 15 84 79 54 43 60 99 99 3 36 13 10 97 99 9 51 15 93 99 99 99 60 49 99 34 19 99 99 63 39 90 99 99 99 84 87 49 9 13 99 99 82 22 51 4 25 99 99 99 39 99 46 90 82 45 99 55 99 91 82 10 88 43 99 28 16 22 31 15 22 46 43 42 0 57 99 30 84 33 99 99 99 72 36 99 52 45 99 22 36 99 90 37 99 99 
7 88 24 97 76 58 54 85 52 99 36 93 99 99 99 99 70 63 99 99 88 99 72 28 4 67 99 30 28 99 58 69 99 18 94 99 88 99 99 88 84 99 15 97 16 58 99 99 78 19 87 60 88 82 99 81 99 91 61 84 72 70 87 75 22 99 39 88 7 16 57 12 52 99 67 72 99 24 63 22 0 18 36 12 39 28 2 8 60 21 99 97 94 99 64 99 99 25 99 3 99 
1 99 43 61 87 85 6 93 46 18 99 81 75 28 99 27 93 84 99 99 3 88 94 99 18 9 7 99 66 45 31 94 99 84 49 15 85 99 46 99 36 63 42 7 12 99 30 54 42 96 90 40 99 99 99 94 99 49 79 45 30 16 37 15 24 28 16 3 15 99 99 55 78 37 99 99 9 99 99 28 38 0 25 29 64 38 17 13 4 35 99 7 87 99 24 39 7 12 78 99 90 
84 61 99 99 79 3 1 22 99 21 45 99 99 15 16 42 45 99 36 24 99 13 91 78 42 88 84 81 87 99 99 99 55 15 52 13 97 33 58 66 99 90 66 99 96 75 99 13 99 57 99 33 99 99 36 85 33 15 25 16 76 73 75 58 64 4 97 93 99 99 6 39 99 27 99 67 63 79 15 30 56 36 0 9 10 6 32 15 62 56 99 54 34 82 99 82 9 55 99 99 99 
48 99 99 1 99 81 7 13 15 99 82 99 52 57 28 45 73 99 9 99 99 6 99 99 69 22 75 99 33 28 67 99 75 42 31 99 75 78 99 42 18 34 70 99 52 54 19 55 13 85 3 15 99 99 99 75 99 30 99 1 99 88 87 99 99 75 13 94 49 99 66 99 10 55 99 99 58 93 99 58 44 42 61 0 22 29 41 41 15 7 99 99 46 1 97 88 24 99 76 99 43 
28 99 99 39 99 43 69 13 99 64 30 75 34 99 82 99 31 40 51 36 99 94 76 67 19 99 99 63 96 99 61 97 28 99 81 84 48 7 96 99 43 49 36 45 25 99 48 9 93 99 61 21 91 99 99 55 85 99 37 70 15 48 78 54 93 43 1 42 99 76 99 64 88 87 85 45 99 21 40 72 46 39 32 55 0 36 49 41 38 19 99 99 34 24 1 99 39 79 99 10 57 
19 99 91 99 96 30 55 46 99 63 85 30 99 18 99 61 99 46 78 31 66 94 52 94 57 24 49 60 51 99 9 61 27 66 70 94 87 61 54 73 15 6 1 30 99 99 55 4 99 91 99 87 21 22 99 87 70 70 99 46 33 30 30 42 99 99 99 99 64 25 94 49 16 99 16 21 33 70 24 67 7 66 35 58 35 0 9 10 40 36 99 4 99 99 70 99 46 72 99 42 99 
36 99 18 99 97 46 16 99 96 31 99 99 96 6 37 13 99 87 93 99 9 69 99 13 33 88 12 76 99 72 15 99 6 63 99 99 99 87 25 18 79 12 69 70 99 55 99 1 99 99 99 82 99 81 91 99 4 57 99 99 61 99 94 79 99 99 81 12 54 99 99 25 70 99 99 84 99 99 99 31 64 48 25 2 32 45 0 32 5 42 76 94 99 99 48 21 99 99 67 78 99 
99 69 99 33 85 99 87 36 99 31 21 99 6 99 4 99 90 3 91 51 70 36 1 69 73 90 45 67 99 30 58 58 52 57 52 3 99 99 99 67 60 99 99 19 99 10 99 99 99 99 52 99 69 28 99 99 46 99 48 99 75 99 22 10 99 1 4 51 7 99 61 58 99 99 69 84 99 99 99 99 49 34 55 28 39 42 1 0 58 32 90 90 19 36 99 51 4 99 31 60 99 
99 22 16 18 91 99 87 55 99 72 45 99 99 24 99 99 60 99 54 39 31 99 51 88 81 99 55 16 25 46 99 70 49 91 64 99 99 28 73 99 99 99 34 99 39 99 99 7 36 4 16 63 99 99 99 21 30 99 27 30 48 49 99 99 91 99 46 99 33 54 99 54 60 1 99 55 99 81 9 4 0 44 5 22 63 37 63 14 0 3 69 33 48 99 99 94 72 43 76 79 99 
93 99 91 64 70 46 99 81 99 99 99 19 55 85 34 97 99 90 51 15 99 99 87 69 99 34 75 90 46 10 48 99 52 24 69 10 31 99 79 28 75 99 99 99 13 60 33 67 99 37 1 79 99 82 99 30 40 39 93 18 75 73 15 58 99 99 21 63 99 15 78 6 46 33 33 99 99 55 4 79 65 13 40 26 10 6 45 2 6 0 87 99 51 99 58 69 79 57 96 99 99 
99 9 99 99 99 99 4 16 73 45 99 99 76 27 51 49 36 15 99 33 73 99 12 12 97 99 51 93 75 99 39 99 99 21 70 66 55 99 49 99 27 78 99 9 99 4 49 99 22 79 99 73 67 99 43 99 46 73 78 21 70 99 99 45 96 99 40 58 36 78 42 58 46 76 99 40 99 33 67 90 79 72 99 31 69 1 3 46 37 94 0 44 30 42 44 66 18 23 18 52 99 
3 99 93 43 3 37 27 99 63 9 99 99 99 99 36 99 99 99 15 4 87 99 37 99 36 9 66 58 67 99 96 99 99 99 99 99 40 99 58 37 99 99 78 19 61 99 54 33 84 46 99 99 99 19 1 99 90 99 40 99 28 99 99 99 99 22 51 51 99 30 61 99 52 45 99 12 57 99 15 63 84 64 9 99 99 99 27 99 43 19 47 0 33 25 26 28 29 4 39 44 99 
99 60 66 94 66 79 75 90 25 67 70 64 40 99 67 82 45 28 76 40 1 43 7 99 99 99 99 78 60 99 99 99 30 99 9 99 30 25 99 88 81 99 19 27 39 15 97 1 70 96 99 99 99 99 22 66 24 70 99 22 99 84 99 82 1 58 91 28 1 7 99 69 99 99 99 99 99 94 78 66 60 31 1 90 99 99 18 99 58 99 1 64 0 61 16 36 50 18 6 25 99 
75 12 22 99 97 85 99 60 99 90 99 99 99 61 16 61 99 99 99 60 99 79 99 13 99 75 99 79 99 99 90 79 91 81 91 99 67 99 52 99 6 34 97 16 36 99 99 99 28 3 99 91 73 88 25 85 70 49 99 42 42 48 99 99 76 99 99 72 82 99 76 18 30 99 99 99 99 51 94 58 97 69 34 99 99 61 99 94 75 99 62 17 38 0 32 59 33 5 27 20 57 
69 97 52 24 40 97 99 48 69 99 97 99 99 99 91 6 99 91 13 19 28 48 99 99 39 1 42 54 99 27 34 33 19 12 76 51 99 1 99 99 61 75 61 99 99 79 73 54 37 72 31 99 30 99 58 99 36 52 96 25 91 33 82 42 99 91 12 99 99 90 39 22 45 99 99 81 4 15 99 99 99 99 99 10 99 99 99 97 99 49 19 20 11 16 0 11 65 66 17 10 99 
91 99 99 33 99 99 84 34 73 78 87 99 28 72 99 88 48 7 58 99 19 16 85 72 12 99 64 99 10 7 85 85 99 93 28 31 21 60 99 42 99 43 99 12 85 99 10 99 34 88 51 7 99 87 36 34 99 99 73 51 99 99 10 49 82 85 25 19 99 99 42 67 99 21 54 6 9 24 99 90 21 57 28 91 99 69 99 55 6 97 66 24 43 24 4 0 10 13 40 56 52 
93 99 19 99 43 99 99 34 28 7 63 87 30 99 43 51 99 43 6 52 12 42 73 3 99 27 1 61 76 40 13 99 94 93 99 81 99 99 99 99 94 21 42 90 78 40 99 99 96 91 40 99 93 1 99 99 85 51 99 99 99 99 51 99 99 99 12 99 99 76 63 7 81 99 66 99 81 99 99 87 22 67 45 1 69 99 94 69 75 99 26 39 57 30 48 22 0 54 20 48 54 
99 88 36 63 69 99 10 99 10 99 63 99 99 81 64 64 99 30 78 99 99 60 99 34 24 99 73 39 73 85 79 99 18 61 99 30 52 70 39 49 75 99 42 99 99 25 99 49 99 99 85 57 78 91 28 40 99 93 54 72 99 70 99 99 90 99 87 33 60 21 67 94 61 75 7 70 97 99 99 42 99 96 31 99 31 36 99 43 90 49 54 28 18 32 1 11 44 0 7 17 97 
27 85 76 78 99 16 99 48 99 54 46 1 99 18 15 27 39 99 99 60 52 94 40 46 99 82 99 99 99 45 99 70 34 72 63 39 22 99 99 33 99 82 18 9 99 4 88 96 99 99 99 58 52 84 27 90 76 99 81 99 99 28 24 25 99 69 4 73 99 54 40 15 99 99 99 1 91 48 24 99 10 81 99 57 52 49 99 51 99 45 30 6 49 10 9 38 56 47 0 26 99 
82 6 67 76 90 49 64 79 99 79 24 6 52 99 54 99 46 99 99 40 64 69 49 12 99 87 99 45 52 25 49 99 51 99 99 33 76 99 30 99 69 99 91 99 99 60 42 48 99 54 99 99 99 99 99 99 99 90 99 75 1 99 99 22 40 58 75 16 75 28 99 55 99 94 88 99 64 3 99 85 19 40 99 87 99 21 57 99 99 63 58 8 3 30 16 25 28 15 64 0 7 
73 94 87 73 30 94 99 69 79 82 36 15 13 54 37 99 99 16 90 37 46 40 61 60 69 87 99 99 61 99 58 46 84 12 79 42 79 52 88 12 78 99 57 99 99 99 99 64 90 40 13 99 99 24 99 99 70 22 99 36 46 99 99 99 48 99 84 96 99 99 10 75 3 82 99 22 99 54 22 75 99 18 16 99 96 94 99 58 55 99 99 99 39 28 99 24 99 4 60 34 0 
