n: 100
m: 10
Pi:U[1-99] 69 65 45 71 30 48 63 2 23 31 41 15 96 6 5 2 75 16 54 11 74 14 27 72 58 23 25 89 52 58 76 29 9 44 25 51 12 42 73 32 79 44 4 77 59 11 81 56 97 56 17 84 94 75 80 50 94 10 83 17 89 90 46 31 44 88 31 25 21 62 68 77 90 21 45 41 32 78 53 17 17 86 78 65 50 27 27 61 59 63 98 92 35 80 63 17 52 13 1 15 
Si:U[50-99]
0 63 44 33 66 37 48 56 38 65 99 88 99 99 99 99 99 79 99 99 99 99 99 99 75 88 99 99 79 99 99 99 87 78 79 90 99 78 99 87 99 99 99 99 99 84 99 75 85 99 99 97 99 75 99 99 99 99 99 84 93 99 99 79 90 93 99 99 91 99 94 99 99 94 99 99 99 99 99 99 99 99 88 99 99 99 76 99 99 99 99 97 99 99 81 99 99 99 99 99 96 
49 0 40 46 37 48 58 64 54 45 82 99 99 99 99 99 99 99 99 99 99 99 82 99 99 99 99 99 99 99 99 99 99 99 99 99 99 99 99 78 99 82 99 96 88 94 88 99 90 99 99 99 99 99 99 99 82 99 99 99 99 99 99 75 99 99 90 99 99 99 79 79 99 99 99 97 99 99 82 99 99 99 99 94 75 99 99 88 84 75 87 99 99 99 99 99 99 99 99 99 99 
56 46 0 59 35 37 63 64 66 34 85 99 99 99 99 99 99 75 93 84 75 99 99 99 88 99 99 99 99 99 99 99 99 99 99 99 99 87 96 99 99 99 84 99 99 99 76 99 79 99 88 88 75 99 99 99 99 99 99 99 99 99 79 99 99 93 78 99 99 99 99 99 90 94 79 99 99 94 96 99 81 99 85 99 99 99 99 99 99 99 99 99 99 99 99 99 90 99 93 99 76 
44 54 36 0 34 39 46 35 33 48 96 99 88 81 99 99 99 75 99 85 99 99 99 79 99 99 99 99 99 75 97 99 99 99 87 99 99 99 76 99 84 99 99 96 99 99 99 99 87 96 99 99 76 99 99 99 87 94 97 84 99 96 75 99 99 88 99 81 99 94 99 81 99 99 99 99 99 99 81 79 93 99 99 76 76 87 99 99 99 88 99 82 99 76 99 99 99 99 99 90 84 
61 46 54 64 0 59 50 45 46 54 76 81 99 99 75 99 99 99 81 75 99 93 99 99 99 99 99 99 99 99 99 85 99 99 99 99 99 81 90 82 99 99 99 99 99 94 78 99 88 99 96 99 99 99 99 99 76 99 99 99 75 93 76 99 90 99 82 99 93 99 99 99 85 91 99 99 87 99 99 99 94 99 99 90 99 99 94 87 99 93 99 99 99 99 94 75 99 99 99 99 99 
64 37 38 38 39 0 62 39 60 58 76 99 99 99 99 79 88 99 99 99 99 99 99 99 97 99 90 88 99 93 99 99 99 76 99 99 88 99 99 99 99 99 97 99 99 82 99 99 99 90 99 99 99 99 99 99 82 99 99 99 96 99 99 76 84 97 99 99 99 99 99 99 99 75 99 99 99 76 97 93 99 84 99 90 99 99 99 99 99 99 94 99 94 75 91 99 99 90 99 96 85 
56 52 43 54 58 44 0 59 64 43 99 99 99 99 99 99 99 99 90 99 99 87 99 82 99 99 84 76 99 78 96 99 99 93 99 79 87 99 99 96 91 99 75 76 88 99 99 81 99 97 99 94 78 99 90 99 99 99 99 99 99 85 99 99 99 99 99 79 99 99 99 99 99 99 99 99 96 99 96 76 99 99 99 99 99 99 99 99 76 85 99 75 99 99 99 79 99 99 99 99 99 
38 52 51 66 60 43 45 0 40 48 75 99 99 90 96 99 91 87 99 99 96 99 99 99 85 87 99 99 99 99 79 99 99 99 99 99 99 99 99 99 99 99 99 99 99 99 85 90 99 99 75 99 99 99 99 99 99 82 99 93 78 99 99 93 99 99 96 94 99 99 99 99 99 99 99 99 75 99 99 76 76 93 96 99 99 81 99 99 99 99 99 79 99 99 99 99 79 82 99 99 97 
61 39 43 49 61 54 52 37 0 37 88 99 99 99 99 99 99 99 99 99 99 99 76 99 93 99 81 94 99 99 99 99 99 97 88 97 99 99 99 99 81 99 99 99 99 88 99 99 99 94 82 99 99 99 99 99 78 99 99 99 75 91 99 99 99 81 99 99 91 99 99 85 99 75 99 99 94 93 87 99 99 99 99 99 99 99 99 97 87 99 99 81 99 99 99 82 79 99 99 99 76 
43 48 50 63 53 41 62 51 66 0 87 93 81 99 99 99 94 99 99 99 99 76 87 99 99 99 99 91 99 99 82 75 99 99 99 99 99 99 87 99 99 99 82 99 93 82 75 99 97 99 93 99 94 99 99 99 99 90 87 75 76 79 97 99 99 99 99 99 78 99 88 99 99 82 99 99 99 85 99 99 99 99 99 93 99 99 79 99 97 99 82 99 99 88 99 99 99 99 99 99 96 
75 99 99 99 94 99 99 99 99 82 0 54 56 62 43 46 58 65 38 56 99 99 87 76 99 99 99 76 99 82 99 85 99 84 99 99 85 99 94 99 99 99 99 99 99 99 99 99 75 99 99 85 94 99 99 99 88 99 99 99 99 78 99 99 99 99 81 99 99 91 99 75 99 81 99 99 99 99 79 99 93 99 99 99 99 99 99 99 75 75 99 99 99 99 99 99 75 99 99 75 97 
99 99 99 88 99 99 99 99 99 84 52 0 47 41 42 64 40 54 46 65 99 99 99 99 99 99 99 99 97 94 99 93 99 99 99 99 99 79 78 99 97 81 84 97 99 99 99 93 99 99 88 99 94 81 99 99 87 99 87 99 79 99 78 99 99 78 99 96 99 99 97 88 99 99 97 78 99 99 76 99 99 99 99 87 99 99 93 99 99 99 99 99 81 87 99 99 99 99 99 99 99 
99 96 99 99 99 99 99 99 99 99 56 60 0 47 36 56 58 39 50 42 85 99 99 93 94 99 99 99 84 99 99 99 99 99 99 88 99 99 99 99 81 75 76 99 82 99 99 99 99 99 99 96 99 99 94 75 94 99 99 99 76 75 99 96 88 99 99 99 99 99 99 75 99 75 99 99 79 75 99 99 99 99 97 99 84 99 93 87 88 99 99 91 99 87 99 99 81 79 99 99 97 
99 99 87 99 99 99 97 99 99 99 45 58 35 0 48 35 36 49 54 57 99 76 99 85 99 99 99 99 99 99 99 99 99 88 99 99 99 99 90 99 99 99 99 91 78 99 90 99 99 99 99 87 85 90 90 91 99 99 99 99 99 99 76 99 99 99 96 85 99 96 99 75 99 93 99 99 99 99 99 97 99 82 99 99 90 99 99 99 90 99 99 94 99 99 75 99 79 87 99 79 99 
99 99 99 99 99 99 99 99 99 99 40 48 56 65 0 36 65 34 40 40 99 99 96 99 75 99 99 78 99 99 99 78 87 88 99 99 85 99 99 99 99 99 99 87 99 97 99 99 99 99 82 99 88 84 99 99 99 99 99 99 99 82 99 99 99 99 99 82 99 99 84 99 99 99 99 79 96 84 90 99 91 99 99 99 99 91 99 99 90 84 78 78 99 99 76 99 75 99 99 99 87 
99 93 99 99 99 99 99 99 79 99 57 34 65 38 38 0 34 37 53 44 99 99 99 99 99 99 99 99 99 99 99 99 99 99 99 84 88 99 99 91 88 97 97 99 99 99 99 84 99 90 99 99 78 99 82 85 99 99 99 99 99 99 99 99 99 99 99 91 99 99 99 99 85 84 99 81 99 79 99 99 96 99 99 99 99 99 96 99 99 99 90 99 99 99 99 75 99 99 99 99 99 
99 93 99 99 99 90 99 79 99 99 42 56 40 38 60 64 0 50 42 65 88 99 91 93 99 99 99 99 99 99 99 91 76 97 75 99 99 88 94 90 84 99 99 88 99 99 75 81 97 99 99 99 85 99 99 99 90 99 99 99 78 78 99 99 99 90 99 99 87 94 78 99 79 99 99 99 85 81 76 76 85 99 88 90 79 99 79 76 99 99 99 99 99 99 82 99 93 99 97 99 88 
90 99 99 99 99 99 97 96 94 99 54 60 35 33 60 57 53 0 38 53 99 94 99 99 99 99 91 82 99 99 99 99 99 99 99 99 99 99 99 99 99 99 99 99 82 97 90 90 78 99 99 99 99 97 91 94 99 99 88 96 99 99 99 99 99 78 94 99 99 99 99 99 78 99 99 99 99 82 99 99 91 87 99 99 96 90 87 99 99 96 88 93 99 79 99 99 79 99 99 99 99 
99 99 78 99 99 99 82 81 99 99 34 36 35 56 54 65 64 38 0 54 78 99 75 96 99 99 87 99 88 91 99 99 76 99 79 99 91 93 99 99 99 99 99 99 79 87 99 88 99 94 87 99 99 99 91 99 99 82 99 94 99 87 99 78 97 99 78 99 99 99 99 99 88 93 99 99 99 97 79 76 99 99 99 87 99 99 99 99 99 99 99 78 96 99 99 99 78 99 99 99 99 
99 99 99 82 99 91 93 76 99 99 59 41 49 65 37 40 54 50 58 0 91 99 81 99 99 99 99 84 99 99 99 93 99 82 81 81 99 99 99 90 99 99 75 99 99 99 99 94 99 99 99 99 99 99 99 99 88 99 99 99 99 79 99 99 99 99 99 99 97 93 85 99 99 99 99 99 99 99 79 97 99 99 99 99 99 79 99 85 99 87 99 99 99 99 78 99 99 99 91 99 90 
99 99 79 99 99 99 99 99 99 99 99 99 99 99 99 90 99 99 94 91 0 55 48 36 54 61 35 52 37 41 99 96 75 99 99 96 99 99 94 84 76 99 99 99 78 99 99 99 88 99 99 82 88 99 99 99 99 99 79 99 99 99 99 88 99 82 99 99 88 99 79 99 78 99 96 75 99 87 97 75 99 99 87 76 94 99 99 76 99 84 99 99 87 99 87 99 99 99 99 99 82 
99 99 99 99 99 99 99 99 99 99 99 99 82 99 94 84 78 99 99 99 64 0 47 46 44 58 62 44 62 34 82 99 99 99 99 99 99 99 99 75 99 99 99 99 81 99 90 99 99 88 99 75 87 82 99 99 99 99 99 85 99 99 99 99 93 99 99 79 99 99 81 96 94 99 99 75 99 99 99 76 88 99 99 85 99 87 99 99 99 99 99 99 99 99 99 99 99 87 99 99 99 
99 99 99 99 99 99 78 81 99 99 99 99 99 97 99 99 99 99 99 99 63 64 0 34 34 46 43 44 56 48 94 88 99 99 99 87 99 99 99 99 99 99 99 75 99 99 94 99 90 99 79 99 99 99 90 99 99 99 99 90 99 99 99 99 99 94 87 99 99 99 78 99 99 96 99 87 93 99 99 99 99 99 90 99 96 99 99 99 99 99 99 79 99 79 81 99 99 99 99 99 79 
84 99 99 99 99 99 82 99 99 93 99 82 99 99 99 99 99 99 99 90 36 63 57 0 60 46 60 57 38 37 93 99 82 99 99 81 81 99 99 76 91 99 99 99 99 99 99 90 99 78 99 99 99 99 99 99 85 99 99 91 99 90 99 99 99 85 99 99 99 99 99 99 99 75 93 81 99 99 99 87 76 82 99 99 76 99 99 99 99 99 99 99 81 84 79 99 99 99 82 91 90 
96 99 99 99 79 99 99 97 99 88 99 94 99 90 99 99 99 99 78 75 53 54 41 51 0 58 44 33 66 34 88 99 87 75 99 99 84 99 99 99 99 75 99 82 99 99 96 99 93 99 99 81 99 91 99 99 99 99 99 99 99 99 99 99 99 99 87 82 99 84 99 93 79 99 99 99 99 78 96 99 99 99 99 99 99 97 84 99 99 99 99 99 75 99 99 99 97 99 90 75 99 
99 79 99 99 99 85 84 84 82 99 99 99 99 87 99 99 99 99 79 99 33 51 62 60 59 0 38 36 34 61 94 84 99 99 87 99 84 99 99 99 99 99 99 99 99 81 99 99 76 99 99 99 99 99 99 81 99 99 79 99 99 99 96 99 79 93 99 99 99 99 78 99 96 99 99 99 94 99 96 99 99 78 99 99 99 81 99 76 99 99 84 82 99 99 99 79 99 84 99 87 99 
99 99 91 99 99 99 99 99 99 99 99 99 99 91 88 99 81 99 99 82 58 44 58 60 58 40 0 38 65 48 99 99 96 91 97 76 99 82 99 99 99 99 99 82 99 99 99 99 84 82 99 99 99 99 82 99 99 99 99 99 85 99 99 75 88 99 99 88 81 99 84 99 85 79 99 87 99 87 99 99 99 99 79 91 99 90 99 99 82 99 87 94 94 85 99 99 93 97 99 90 99 
99 79 99 99 99 99 99 99 99 91 99 84 78 99 99 97 99 99 99 96 55 47 40 51 39 43 34 0 58 34 99 99 99 99 94 78 99 84 99 99 99 99 87 88 87 93 99 99 99 99 84 99 99 99 99 79 99 93 84 91 99 99 99 96 84 99 99 99 99 79 99 79 94 99 82 99 90 97 81 93 99 87 81 99 99 99 99 99 76 84 99 84 99 99 99 90 99 75 76 99 99 
99 97 91 99 99 99 99 99 99 99 75 99 99 99 99 91 99 99 99 99 36 63 57 51 40 44 54 36 0 34 75 99 94 99 99 99 87 75 75 99 99 91 94 82 76 99 88 78 88 99 99 96 99 99 93 99 99 79 85 79 99 99 99 99 82 93 97 99 96 85 99 99 99 99 99 99 79 99 99 99 79 81 99 91 96 99 99 99 99 99 99 99 99 99 99 96 99 76 79 99 99 
85 99 99 99 99 93 99 99 99 94 94 99 99 99 99 99 99 75 99 99 38 46 40 57 58 56 42 37 34 0 99 99 79 99 99 99 99 99 99 99 79 99 90 79 82 94 99 99 99 99 99 99 85 99 82 99 99 88 99 99 79 78 93 99 91 81 99 99 75 99 81 91 99 99 99 99 99 99 88 84 99 97 99 96 76 99 99 99 81 82 99 99 87 94 99 96 99 99 99 97 81 
99 87 99 84 94 88 99 85 79 79 99 99 85 99 99 99 99 99 99 99 99 99 99 88 91 99 99 99 99 97 0 44 61 66 62 63 56 58 59 40 99 99 87 99 99 99 82 99 99 99 99 99 99 87 93 99 99 93 93 99 99 99 94 90 99 99 99 99 99 99 99 90 78 99 99 99 99 99 99 99 88 79 99 99 99 99 76 78 99 99 99 99 99 97 84 99 99 99 99 82 99 
99 78 99 99 99 99 99 99 99 99 99 99 78 81 99 75 99 99 99 94 99 99 99 99 78 99 99 99 99 99 42 0 50 38 50 52 54 43 38 61 94 99 99 99 99 99 99 99 90 99 99 93 88 79 99 97 99 99 87 99 99 99 99 90 99 99 99 93 99 99 99 82 99 90 99 99 99 87 79 99 76 99 99 99 93 99 75 78 99 99 99 99 99 99 84 76 99 99 84 99 99 
90 99 99 81 96 99 99 99 99 99 99 96 99 85 99 78 91 99 99 99 99 99 99 99 82 99 99 81 99 76 47 37 0 58 38 46 56 39 65 38 94 99 76 96 99 99 99 99 99 99 99 91 99 99 99 99 99 99 99 90 99 99 88 99 99 99 99 90 99 84 99 99 99 99 88 99 79 99 99 88 99 99 99 99 97 99 99 99 99 99 99 99 78 99 85 85 99 99 99 99 99 
99 88 76 99 99 99 82 99 99 99 99 99 99 99 99 99 99 91 99 97 99 90 99 97 99 99 99 99 99 75 43 63 54 0 36 44 50 46 53 54 99 90 99 94 99 90 78 99 99 81 99 99 99 96 99 99 99 85 99 99 99 91 99 96 99 99 99 99 99 99 99 99 99 85 99 99 78 99 99 99 85 91 79 99 99 93 81 99 99 99 81 94 99 99 99 87 99 88 96 99 99 
99 99 99 99 99 99 99 99 99 79 99 99 99 85 99 99 84 99 99 99 99 87 99 79 99 99 99 75 99 99 48 40 33 34 0 38 60 54 42 61 81 99 99 90 90 99 76 88 99 99 94 99 75 93 99 99 99 99 75 97 99 99 87 99 99 99 99 91 99 99 99 87 84 99 85 99 99 99 99 99 99 99 99 99 81 99 99 75 99 99 99 99 78 97 99 99 78 87 99 99 85 
99 99 99 99 99 96 91 99 99 93 75 99 99 99 99 81 99 82 79 99 75 79 99 99 99 99 93 93 96 99 54 61 55 35 57 0 50 54 46 51 91 87 99 99 81 99 94 99 99 99 91 99 97 99 99 99 99 99 99 99 76 99 99 99 99 79 99 78 96 99 99 96 99 99 94 99 88 99 99 76 99 99 99 99 99 99 99 99 87 99 76 99 93 99 99 99 88 99 91 99 76 
94 81 87 99 99 85 99 91 99 99 99 99 99 84 99 99 99 99 99 99 99 99 99 99 79 84 99 88 99 99 56 33 62 50 53 34 0 35 41 62 82 99 97 99 99 99 99 99 82 99 99 99 97 99 88 99 99 99 99 99 99 99 99 94 90 85 99 99 99 99 99 81 99 99 99 99 99 99 81 99 91 94 99 99 99 94 99 99 99 85 99 99 99 99 99 93 99 99 99 99 99 
96 84 99 99 94 88 99 84 93 75 99 99 93 99 99 99 99 99 99 99 99 91 99 99 99 99 96 99 99 99 65 42 54 65 51 66 44 0 54 42 78 85 99 99 99 99 94 99 99 84 99 94 99 99 99 99 84 99 99 76 88 99 99 99 99 94 99 93 97 93 99 99 99 99 99 99 99 79 88 99 99 99 99 99 99 75 85 99 99 99 99 99 99 99 75 94 99 99 99 76 78 
99 99 99 99 99 99 99 82 99 81 82 99 85 99 99 84 99 99 99 99 99 99 99 99 87 99 99 99 99 99 34 64 37 58 54 54 38 43 0 41 93 99 99 99 99 90 99 88 99 99 99 99 99 99 99 99 99 94 99 99 88 84 99 99 85 99 76 99 76 99 99 99 88 93 99 91 99 99 99 99 99 99 99 99 99 99 99 99 99 99 91 99 99 99 99 99 99 99 99 78 99 
99 99 99 99 79 99 97 99 99 99 81 99 79 87 99 99 93 75 99 99 99 78 99 99 99 87 99 99 84 76 65 46 66 49 56 54 37 64 60 0 99 99 85 87 99 99 99 99 99 99 97 99 94 81 99 99 82 99 99 99 99 99 91 84 99 99 78 99 99 99 99 99 99 99 97 76 99 99 79 84 99 87 99 82 75 99 85 99 99 99 87 84 76 82 99 88 94 99 99 99 99 
99 99 99 79 91 99 99 99 99 99 99 99 94 78 99 99 88 97 99 99 99 78 99 99 81 99 99 93 99 99 99 99 99 99 99 93 91 97 90 99 0 38 63 50 36 49 46 53 47 48 91 99 99 91 99 99 99 99 99 99 81 91 99 88 94 99 90 75 99 99 81 99 99 99 99 99 99 99 99 75 94 99 99 99 99 99 99 99 99 78 99 99 99 91 99 99 99 88 99 84 99 
99 75 91 99 82 99 99 99 99 94 99 82 99 99 99 99 99 99 99 79 99 99 99 99 99 90 99 99 99 99 99 99 99 99 99 94 99 99 99 99 52 0 40 45 52 38 48 40 47 56 99 99 99 99 99 88 99 99 99 81 99 81 99 81 99 88 99 93 91 99 99 93 79 99 99 99 88 99 90 99 99 99 99 99 96 82 82 99 99 84 99 78 97 99 99 99 99 91 99 78 99 
99 99 99 88 75 99 99 90 85 99 99 99 99 82 99 76 99 99 78 90 99 76 99 90 99 99 99 99 99 99 99 99 99 99 99 99 91 76 84 99 52 37 0 46 51 47 54 40 36 37 99 88 99 99 96 99 99 99 94 99 99 97 99 99 93 93 99 90 99 99 78 99 99 99 99 99 99 94 99 99 99 99 99 99 99 99 99 99 81 99 99 99 99 99 87 88 99 99 99 96 79 
99 99 99 76 99 99 99 99 81 99 79 99 93 99 99 99 99 79 81 91 99 99 99 99 99 99 99 82 99 97 99 97 99 99 99 99 99 99 99 99 36 38 44 0 43 48 50 49 42 55 76 99 94 99 99 99 99 90 99 82 79 99 99 88 99 99 99 99 78 99 88 99 99 99 99 97 99 99 99 91 99 99 99 93 76 99 99 99 99 99 88 75 99 85 99 99 79 99 99 99 99 
99 78 85 99 99 79 99 99 99 78 99 88 99 99 99 99 99 97 99 99 99 99 99 99 99 78 99 93 91 75 99 99 79 75 99 93 99 99 99 87 54 42 48 64 0 62 48 40 66 65 96 99 79 99 99 99 99 99 99 94 78 99 99 99 99 84 99 99 99 99 99 99 99 99 97 99 79 99 96 99 99 99 90 99 99 99 99 87 90 99 99 93 99 85 96 99 99 99 91 99 82 
99 99 85 99 99 84 99 99 81 75 94 99 99 99 99 99 97 99 94 99 91 99 99 99 99 99 99 79 99 99 99 76 81 99 99 91 97 99 99 99 54 52 34 54 38 0 41 56 38 45 99 87 99 93 99 99 99 81 99 99 99 99 84 99 99 99 99 87 99 99 99 75 82 99 99 99 99 75 91 99 99 99 87 99 99 99 99 99 99 99 84 99 99 99 99 91 90 99 99 99 87 
99 99 84 99 99 99 99 99 96 88 99 85 99 79 99 99 99 99 99 99 99 99 99 99 99 99 99 87 99 99 99 99 99 99 99 78 99 76 99 82 53 60 54 51 55 65 0 65 56 54 99 99 99 99 91 99 99 99 99 99 99 79 99 79 78 99 99 99 99 99 99 99 99 99 99 99 76 99 99 81 99 99 99 99 99 82 99 99 99 99 99 99 99 97 76 99 99 88 99 99 99 
99 93 99 99 94 99 99 99 79 99 99 88 99 99 99 99 75 85 85 81 99 99 99 99 99 85 82 99 99 99 99 99 99 99 94 97 99 99 99 99 41 38 45 41 36 48 47 0 52 53 93 99 99 99 99 99 99 99 99 99 99 99 75 99 82 91 99 99 99 84 97 99 99 99 82 99 99 91 99 99 99 99 99 99 99 99 99 99 99 87 93 99 99 99 99 93 96 99 96 87 99 
75 99 99 99 81 99 99 99 99 99 94 85 99 99 93 99 99 99 99 96 99 99 99 99 99 99 99 99 99 99 94 87 99 99 99 99 99 76 99 99 52 44 36 34 59 37 62 46 0 47 99 99 99 99 84 82 99 99 91 99 78 99 75 99 99 99 99 78 97 99 99 99 84 99 99 99 99 99 99 99 99 93 93 99 85 99 79 90 99 99 78 81 99 87 99 99 99 79 99 99 99 
99 96 94 99 99 88 99 99 78 99 94 99 99 99 99 99 99 99 90 99 99 99 99 96 96 99 79 99 76 99 99 78 99 99 99 99 99 99 99 85 55 38 57 50 63 45 59 49 38 0 99 99 82 96 99 87 99 99 99 99 99 76 99 99 97 99 99 99 99 99 99 85 96 99 99 99 99 99 99 99 99 78 87 99 99 99 99 99 99 99 99 99 90 99 84 91 99 76 99 99 99 
99 99 94 99 93 88 99 94 99 99 78 99 75 99 99 90 99 82 99 97 99 99 99 79 84 99 99 99 99 99 99 84 99 99 99 99 99 99 88 99 76 88 99 75 82 99 99 99 99 79 0 43 34 48 46 44 40 65 58 60 99 93 99 99 99 99 99 99 99 99 99 99 99 99 99 99 99 81 99 99 93 99 81 99 99 99 96 99 99 99 99 99 99 99 85 88 99 99 99 99 99 
99 96 82 99 99 99 91 75 99 99 99 99 85 99 99 91 99 76 97 97 93 99 99 96 99 99 99 99 76 76 99 97 99 99 99 99 99 99 99 99 99 99 78 99 99 75 99 99 97 99 58 0 56 46 52 34 54 53 62 44 99 79 99 99 99 87 93 99 99 99 91 99 99 99 88 99 85 81 99 91 99 99 88 87 99 99 99 97 99 78 99 99 79 84 84 99 99 99 99 99 99 
99 99 97 99 99 99 99 97 82 81 96 99 88 99 99 99 82 99 99 99 99 99 75 99 82 99 99 99 99 99 99 99 99 99 99 99 99 79 99 87 99 99 99 93 99 99 76 99 99 99 33 65 0 62 52 36 54 48 33 44 88 99 99 99 85 99 99 99 99 79 93 99 94 99 99 99 99 87 99 99 76 99 87 78 97 91 99 99 96 99 81 91 99 99 90 88 75 99 99 99 99 
94 88 90 97 78 99 99 99 99 99 99 96 99 94 99 99 85 96 99 99 94 99 99 99 99 99 99 96 99 99 99 99 99 87 99 99 85 90 99 99 99 91 91 99 96 99 94 99 79 88 48 35 49 0 40 45 46 48 52 42 99 99 87 99 85 99 99 99 99 76 99 96 94 99 99 99 84 99 99 99 97 99 99 79 99 91 99 99 99 99 90 99 99 99 99 99 99 99 99 99 78 
99 99 99 99 90 94 99 97 99 99 99 87 91 99 99 99 99 82 99 94 99 94 85 79 96 99 99 99 99 99 99 99 91 99 90 99 78 99 99 99 99 75 99 99 93 76 75 99 99 76 51 49 41 33 0 33 60 36 62 52 99 99 99 99 84 99 75 99 99 99 85 99 99 76 99 81 88 99 79 99 99 96 99 99 99 85 84 99 76 99 99 96 99 99 85 99 82 99 99 99 75 
99 99 99 93 84 76 99 99 99 99 85 99 99 99 99 99 99 85 99 99 99 97 82 87 99 99 76 85 99 99 94 97 81 99 99 99 99 99 99 99 99 91 99 78 88 75 96 96 99 94 57 60 40 56 51 0 55 53 58 44 99 99 94 75 79 82 84 99 99 99 81 99 88 99 99 94 84 99 76 99 85 99 88 90 99 99 99 99 99 99 99 99 99 99 99 99 90 99 99 99 87 
88 75 76 99 90 90 99 96 79 97 99 90 99 97 99 99 99 99 99 99 99 84 99 99 99 99 99 99 99 99 79 99 99 99 99 99 99 88 99 82 99 82 99 99 99 99 99 91 97 99 48 36 36 53 62 57 0 60 52 39 97 99 99 99 99 99 99 99 99 99 99 99 99 99 99 99 99 99 99 99 99 91 99 99 99 99 76 78 99 79 99 99 76 99 97 99 99 76 99 99 99 
99 99 99 99 99 99 99 99 99 99 99 99 99 81 99 99 99 99 99 99 99 99 99 99 99 99 91 87 99 99 99 76 99 99 99 84 99 93 99 99 99 94 99 99 99 75 99 94 82 99 59 44 52 65 45 41 60 0 65 50 99 99 99 99 99 99 99 81 99 78 84 99 99 99 99 99 99 99 99 87 99 99 87 99 97 88 99 99 99 90 88 99 94 99 96 91 99 99 99 85 99 
99 96 99 99 99 99 99 78 99 99 99 99 99 99 99 99 99 99 99 99 99 99 99 76 79 79 99 99 99 99 90 99 99 99 99 99 87 99 99 85 99 90 99 99 99 90 99 99 99 94 33 38 42 65 61 37 46 37 0 47 84 99 76 99 99 99 99 97 99 99 99 99 99 75 99 99 99 88 99 75 93 94 99 99 99 99 82 78 99 99 99 99 99 99 99 93 79 99 99 99 99 
99 97 99 99 99 99 87 99 99 99 97 99 97 99 99 99 99 76 99 99 99 99 99 78 99 94 99 99 99 82 99 94 99 93 82 99 99 90 99 99 99 99 99 99 99 99 76 99 99 99 65 62 58 36 58 44 53 38 42 0 94 99 94 99 99 99 99 99 96 99 99 99 90 99 99 99 99 84 99 99 99 99 99 99 90 99 99 99 88 99 87 99 99 99 93 99 99 99 99 88 99 
85 97 99 99 99 79 79 99 99 99 99 85 82 79 99 82 99 99 87 99 99 99 91 99 99 99 99 99 99 99 99 99 84 87 99 99 84 82 99 99 99 99 99 81 97 99 99 75 99 99 88 90 99 99 99 81 78 78 84 99 0 61 56 62 50 60 58 48 52 46 99 99 94 90 99 99 99 99 99 99 76 90 82 99 84 99 99 91 99 81 82 99 99 78 99 99 99 99 85 99 99 
93 99 99 90 99 99 99 99 99 99 99 99 99 99 82 99 99 99 99 99 99 87 99 99 99 99 93 99 91 99 99 99 99 99 99 99 97 88 99 79 99 99 99 99 88 94 99 90 90 93 84 99 99 99 99 99 87 85 99 76 52 0 41 35 39 49 43 36 46 56 99 99 76 99 79 99 99 99 99 99 99 99 99 99 97 85 99 91 81 99 99 84 90 99 88 99 99 99 94 94 99 
99 91 99 99 82 99 99 99 99 99 99 99 99 99 99 99 99 99 93 99 90 85 85 99 99 78 99 84 99 99 99 99 93 99 99 76 75 99 99 99 99 79 99 82 99 99 99 99 99 99 99 96 99 85 99 87 99 91 81 76 48 52 0 50 36 42 59 36 59 38 99 99 99 79 99 81 99 75 99 99 97 99 94 99 97 99 85 79 99 99 99 91 96 99 99 84 99 99 94 91 97 
75 88 87 82 99 99 99 99 99 99 99 99 99 99 99 93 99 90 87 99 94 99 82 94 99 99 99 99 99 97 99 91 78 99 99 79 88 99 99 75 99 99 99 99 99 87 99 99 99 85 99 99 78 90 99 75 81 96 99 82 48 44 51 0 33 44 51 64 52 65 99 78 99 78 88 99 79 99 99 99 99 97 99 99 99 99 99 90 75 99 99 85 76 87 99 91 81 99 99 99 93 
75 99 99 93 99 99 99 99 81 99 94 84 99 99 88 99 99 99 99 99 99 99 91 78 87 99 87 99 99 99 99 85 99 99 99 99 97 99 99 99 84 99 79 99 99 84 99 87 99 99 99 99 99 99 93 91 99 99 99 99 42 45 60 48 0 42 56 63 54 46 94 99 99 99 99 99 99 99 99 84 99 99 99 99 81 99 99 99 99 99 99 99 99 99 99 99 99 99 99 87 75 
76 97 99 91 99 99 99 99 99 99 99 99 91 93 90 91 99 91 94 99 99 99 99 90 87 99 90 99 99 81 99 99 99 99 78 82 85 82 99 99 82 99 99 94 99 99 99 99 99 99 99 99 99 81 99 79 81 99 99 93 64 61 33 48 40 0 59 52 48 43 99 99 99 99 87 99 99 99 84 99 99 99 81 99 99 99 79 91 94 84 99 97 99 99 99 99 78 99 99 99 81 
99 99 99 78 99 90 97 93 99 99 99 99 99 99 99 99 93 91 90 99 79 99 99 99 76 81 99 99 99 99 99 99 99 99 99 94 99 99 75 87 93 85 99 99 99 99 99 85 99 99 75 99 91 99 90 99 78 76 99 99 62 37 66 56 54 46 0 63 60 66 99 99 99 93 99 99 85 99 99 99 82 99 99 81 99 99 99 99 85 99 99 99 99 99 82 99 99 99 99 91 99 
99 97 99 94 84 99 99 99 99 99 99 99 99 99 90 99 99 79 88 99 99 99 87 99 99 84 99 99 76 99 99 99 99 94 99 99 97 99 81 90 99 75 99 99 93 79 99 88 99 97 81 99 99 99 99 99 99 99 99 99 54 56 42 36 42 43 42 0 51 42 78 99 99 91 99 99 75 78 99 91 99 99 99 82 99 85 99 99 99 99 99 76 99 99 99 85 99 99 99 81 99 
93 99 78 85 84 99 99 82 99 87 94 99 99 99 88 99 99 90 99 99 91 99 99 99 90 99 99 99 99 99 99 99 97 99 99 99 99 99 96 99 99 99 99 76 99 99 99 82 87 82 99 99 99 99 99 85 84 99 82 76 36 48 56 65 48 40 34 48 0 66 79 99 90 93 79 88 99 78 99 99 99 99 99 75 84 99 99 99 99 99 99 99 99 99 99 99 99 99 99 99 99 
99 99 91 93 82 99 99 99 99 99 85 87 93 99 99 87 99 81 99 99 91 91 99 99 99 99 99 99 99 99 99 99 99 99 99 79 99 88 99 88 75 82 99 99 99 99 99 99 99 99 99 99 96 99 94 84 99 99 99 99 57 56 60 39 38 36 50 64 60 0 84 97 99 99 97 76 99 85 79 82 79 99 99 99 99 99 99 91 99 99 99 90 99 96 99 99 99 99 99 99 99 
99 99 99 96 99 82 99 99 85 97 81 99 96 79 99 94 99 99 93 99 79 94 99 99 99 99 87 84 82 97 99 96 99 99 94 99 78 99 91 75 78 90 99 99 90 99 99 87 99 93 84 99 99 84 79 81 99 78 99 99 82 99 99 99 99 94 99 99 99 82 0 58 52 65 58 42 50 58 62 64 99 93 99 82 99 99 99 81 93 79 99 99 99 99 96 99 99 99 99 99 99 
99 99 81 81 99 99 99 99 99 79 99 99 99 99 76 99 96 75 99 99 91 99 99 99 99 99 99 99 99 99 96 99 84 99 99 99 93 99 84 99 79 99 82 91 99 84 99 87 99 99 99 99 99 99 99 99 81 97 99 88 99 90 99 99 91 99 81 91 99 99 52 0 55 52 42 37 50 52 62 53 99 76 93 99 99 99 99 99 97 99 99 99 99 99 99 96 90 79 79 99 82 
99 99 76 99 99 88 99 99 99 94 99 99 99 99 99 79 99 96 81 99 99 99 87 99 84 99 99 99 93 81 85 99 99 99 99 93 90 99 99 79 99 99 88 84 99 99 99 99 99 91 99 90 99 99 99 75 99 99 99 99 99 99 99 99 99 90 99 99 88 85 33 60 0 52 48 62 44 40 44 39 99 99 99 76 99 99 90 99 99 99 99 99 99 85 99 99 99 99 99 99 99 
99 82 99 99 81 99 99 99 99 91 99 99 97 99 99 84 99 99 99 99 87 93 99 81 99 99 99 99 99 90 99 99 99 99 99 91 87 99 99 99 99 99 99 99 99 76 99 76 99 79 93 78 88 99 99 93 93 99 99 99 99 99 99 99 99 99 99 99 99 94 62 57 53 0 42 60 34 34 48 36 99 99 75 94 99 99 94 93 99 99 99 76 99 88 99 81 99 88 87 99 88 
82 99 99 96 99 97 85 99 99 99 99 79 99 99 99 99 91 78 99 84 99 87 99 99 99 99 99 99 78 87 97 99 99 99 99 99 81 99 78 99 99 99 91 87 99 82 93 99 84 99 90 99 84 78 99 99 84 99 99 87 96 99 99 99 99 85 99 81 99 99 49 42 49 39 0 56 63 50 38 55 94 99 99 87 99 99 99 99 99 78 99 79 99 99 99 75 75 99 99 99 99 
93 99 93 99 99 99 99 99 99 99 79 99 99 97 76 82 99 91 90 88 84 84 99 99 99 91 91 99 99 99 82 91 99 99 99 82 99 99 79 79 99 99 99 99 97 99 85 99 99 99 99 81 81 99 99 99 93 88 99 99 99 97 99 85 84 97 99 84 78 99 61 58 35 40 62 0 48 40 61 45 78 99 99 99 87 99 88 99 81 90 99 90 99 99 99 88 99 99 82 99 91 
96 99 93 99 99 99 96 90 99 99 99 93 99 91 99 99 99 99 99 99 99 99 99 99 99 99 99 79 99 99 90 78 88 91 99 99 99 99 99 81 99 99 99 99 99 99 99 99 99 99 99 99 99 99 99 99 99 99 99 94 75 99 99 99 93 99 90 99 99 84 50 58 56 59 61 54 0 42 47 64 99 99 99 99 99 99 93 93 99 99 81 99 87 91 99 99 88 99 99 94 99 
99 75 99 99 99 99 99 99 82 88 94 99 99 93 99 79 99 99 99 99 94 99 99 99 99 97 99 81 99 99 84 99 78 88 85 99 87 99 99 99 78 93 99 99 99 99 99 99 88 82 99 99 99 94 82 99 99 99 99 99 82 75 93 99 99 99 99 99 99 99 49 48 61 44 40 65 36 0 50 42 97 99 99 76 99 79 91 90 99 97 99 99 99 85 93 99 99 99 79 99 75 
79 99 99 97 99 99 75 99 99 94 88 90 75 99 99 79 99 99 99 99 99 87 99 75 99 88 99 99 96 99 99 75 99 99 90 99 99 99 99 99 99 82 91 99 99 99 75 84 99 82 84 99 94 99 76 90 79 99 99 99 94 99 81 99 99 97 99 96 99 78 62 45 44 56 40 38 45 40 0 38 87 99 99 78 82 99 99 99 78 81 99 99 99 99 94 75 81 99 99 84 99 
99 81 99 99 99 97 76 87 99 99 96 99 99 87 99 99 82 91 99 99 99 94 99 99 99 99 81 99 99 99 99 87 99 99 96 99 99 79 99 79 99 99 99 99 99 76 99 99 99 99 99 84 96 90 99 99 91 99 99 99 99 94 99 99 97 99 99 99 88 99 57 64 52 52 33 54 63 58 42 0 99 99 76 99 99 99 82 82 90 99 99 99 99 76 84 99 99 91 78 99 99 
84 99 99 99 99 99 99 99 85 99 99 78 99 99 75 99 99 99 81 85 99 97 87 99 99 75 99 87 93 99 99 87 99 79 82 99 78 79 82 78 99 99 99 99 81 90 99 82 99 99 99 99 75 97 99 90 99 81 99 99 99 91 99 97 99 88 99 76 99 78 99 99 99 99 99 99 93 99 93 99 0 34 34 55 42 54 58 56 62 39 99 75 99 99 87 99 82 91 99 90 99 
99 99 99 99 99 99 76 99 99 99 99 94 99 99 91 99 97 76 99 85 99 99 90 99 91 99 99 94 99 99 99 99 99 99 78 99 99 99 99 99 99 88 97 85 99 99 99 93 99 99 88 99 78 84 88 99 99 99 75 99 82 99 99 99 96 99 99 84 99 99 99 99 94 90 76 99 99 99 99 99 57 0 47 45 56 56 36 41 60 66 99 99 96 99 96 85 93 99 99 99 99 
99 99 99 99 99 99 99 99 76 99 99 85 99 99 99 81 79 99 78 99 99 99 99 99 99 99 99 94 99 99 99 99 99 99 99 99 81 88 99 99 99 99 99 99 87 99 99 99 99 99 99 99 99 99 99 88 99 99 99 99 88 99 99 99 99 99 75 94 99 91 99 99 99 99 78 99 99 99 76 97 52 56 0 52 41 43 66 54 66 54 99 99 87 99 91 99 78 99 99 99 84 
99 79 99 88 99 99 79 99 99 93 82 99 99 99 99 99 99 94 99 99 99 99 99 99 99 99 97 85 99 75 99 99 99 99 99 90 99 99 99 99 99 99 99 99 87 99 99 82 99 87 99 99 99 87 99 96 99 78 99 99 99 99 99 99 99 87 99 94 90 99 91 99 99 85 88 75 76 75 99 99 52 66 62 0 36 64 36 51 46 38 99 99 99 99 94 79 93 88 79 99 93 
99 99 99 85 90 99 99 99 79 99 99 99 99 99 79 85 75 81 99 99 99 99 99 99 75 76 99 99 90 99 76 87 99 99 99 99 91 99 79 99 84 75 99 99 99 99 79 99 99 78 79 99 99 93 99 99 99 99 99 94 97 99 94 99 99 99 99 99 99 91 99 99 99 99 78 75 91 99 99 99 57 53 53 59 0 64 52 64 46 58 99 99 99 99 99 93 99 99 75 78 99 
99 99 99 99 99 82 99 99 99 99 99 85 99 99 99 99 99 99 99 99 99 99 94 76 97 99 99 94 96 99 93 99 99 99 99 99 99 99 93 99 99 99 99 99 90 99 99 79 99 99 81 99 96 99 99 99 79 79 90 90 99 99 99 90 76 99 99 99 99 99 79 99 99 99 99 99 87 99 84 99 46 63 55 51 47 0 61 57 62 62 93 99 99 99 99 99 99 99 99 96 99 
82 96 91 99 99 99 99 88 90 78 82 99 99 84 99 99 93 99 99 99 91 99 99 91 88 84 91 76 97 82 93 94 99 99 75 99 99 91 99 99 97 99 90 99 76 99 99 76 76 99 99 99 99 99 99 79 99 87 99 99 99 99 99 90 99 99 99 99 99 99 99 99 99 78 99 99 87 82 99 90 45 52 44 53 52 40 0 53 38 44 99 94 88 99 99 99 99 99 99 99 94 
99 99 99 99 88 99 99 99 99 99 99 99 91 99 79 78 99 99 99 99 99 96 99 99 76 87 85 76 96 76 99 99 99 82 99 87 99 99 99 99 94 99 96 99 96 99 99 99 99 99 99 99 79 88 99 99 99 99 99 99 99 93 81 99 78 99 81 81 99 99 99 99 99 91 85 99 99 99 79 99 34 39 45 40 59 50 54 0 48 54 99 99 99 75 84 79 99 99 99 99 99 
99 99 99 99 99 87 97 99 99 99 99 99 82 99 99 99 91 99 87 99 99 99 99 99 75 82 90 99 99 99 82 99 99 96 82 79 75 99 99 99 99 99 99 87 99 99 99 99 99 99 99 99 99 87 93 99 99 96 99 85 99 99 99 99 99 99 99 99 99 99 99 99 97 99 99 99 88 79 99 93 64 51 65 41 57 46 59 38 0 58 99 88 96 93 88 99 99 99 79 93 99 
75 78 91 99 99 99 99 94 90 99 99 78 99 99 99 99 99 93 99 76 99 99 85 99 99 99 99 99 99 99 90 99 99 94 99 75 99 99 97 88 99 99 99 99 99 79 99 93 99 75 99 99 84 99 99 99 99 99 99 99 99 97 99 99 99 99 99 99 76 88 81 99 99 99 99 99 96 88 99 99 52 48 43 41 46 37 60 38 48 0 99 99 99 91 99 99 99 99 76 94 88 
99 99 99 99 81 99 76 79 99 99 99 99 99 99 99 97 99 93 99 99 99 91 97 99 76 99 91 99 99 90 99 99 99 99 99 99 75 76 99 99 99 99 88 97 99 99 99 87 99 99 99 96 99 75 99 99 99 99 99 78 99 99 99 99 99 99 99 99 99 99 99 99 78 99 99 99 99 78 99 78 99 79 99 96 99 99 99 91 91 99 0 52 33 62 40 50 52 46 58 62 99 
91 99 99 93 99 99 85 99 99 99 99 93 99 76 96 87 93 82 99 76 99 99 99 99 91 88 99 99 99 99 99 99 99 99 93 99 99 76 82 75 99 99 96 82 99 99 99 99 81 76 99 99 99 99 99 99 99 99 99 99 99 99 82 99 90 99 90 99 99 99 99 99 99 75 99 99 78 99 99 93 99 88 99 99 99 99 93 99 99 99 62 0 58 47 40 33 46 51 64 60 93 
99 99 99 99 99 99 99 99 88 99 99 99 99 99 99 99 99 99 99 78 99 99 99 96 93 99 99 97 99 99 99 94 99 97 99 99 93 99 79 99 99 99 99 99 91 81 79 99 99 99 88 99 99 87 76 99 78 99 99 99 99 79 99 76 99 79 99 99 99 99 81 99 99 76 99 97 99 99 99 99 90 99 79 99 99 87 99 87 99 97 39 47 0 44 50 46 57 50 47 46 85 
99 99 99 76 99 99 99 99 88 99 99 99 85 99 99 94 99 99 81 99 99 99 88 96 99 99 94 99 75 99 99 85 99 99 94 99 96 99 99 99 99 99 99 99 99 96 79 99 99 88 99 99 99 88 99 99 99 99 99 99 99 96 99 99 91 94 99 99 99 99 99 99 78 96 88 90 99 99 99 99 99 88 99 99 96 97 99 90 96 99 50 41 52 0 34 53 54 55 61 45 99 
99 75 99 99 91 99 81 90 99 99 99 99 99 84 94 94 78 75 99 87 99 99 99 87 84 91 99 90 99 99 79 99 99 90 99 99 99 99 97 91 99 99 99 93 87 99 93 99 99 99 99 99 79 99 99 90 76 87 99 99 99 88 78 99 99 99 99 99 99 99 99 94 99 93 99 90 99 99 99 99 99 94 96 99 99 99 90 99 99 87 52 60 45 51 0 42 34 46 34 39 99 
85 99 90 99 99 99 99 75 99 99 94 99 99 99 99 99 99 99 99 99 99 99 90 99 85 99 85 97 99 99 99 99 90 84 96 99 99 99 75 99 75 75 79 82 99 99 88 94 99 99 81 99 99 99 99 99 99 99 84 99 88 90 99 99 91 99 99 99 87 99 99 99 87 99 99 87 99 99 99 99 99 81 99 79 99 99 99 99 97 99 39 42 61 38 35 0 58 62 41 48 85 
99 85 99 99 76 99 99 82 99 99 99 99 99 99 99 82 76 99 91 97 94 93 97 99 99 99 99 99 99 96 82 99 96 99 76 99 99 76 99 99 99 99 99 99 99 96 99 99 99 99 99 93 99 76 99 99 99 99 99 78 99 88 84 99 99 99 99 88 91 99 99 99 99 99 97 85 91 84 87 99 99 99 99 75 99 99 99 99 99 78 60 45 46 38 62 45 0 46 48 40 99 
99 99 87 99 99 88 99 99 99 99 99 99 99 99 99 99 76 99 99 99 78 99 99 99 99 99 75 97 78 99 99 99 91 84 99 99 87 99 99 91 99 76 85 87 99 99 99 79 99 99 85 94 88 99 99 99 85 84 99 75 99 94 78 99 76 99 99 88 99 81 75 99 90 99 99 99 84 99 99 84 79 99 99 99 78 99 99 99 99 99 35 63 62 39 61 39 59 0 40 40 99 
81 99 99 99 99 75 97 99 94 81 99 99 99 78 90 78 99 99 99 99 81 99 99 94 99 78 85 82 91 99 99 99 99 99 99 99 99 99 99 99 99 99 87 99 88 99 99 85 99 99 99 82 99 99 99 99 97 97 99 99 99 99 79 94 99 84 81 99 76 99 99 99 99 99 99 99 99 99 88 99 99 99 99 99 99 99 99 88 82 88 66 49 45 34 43 64 35 44 0 45 84 
99 87 99 99 99 88 99 79 81 99 99 87 99 99 99 99 87 99 99 76 99 99 99 93 99 84 84 99 87 99 75 99 99 99 88 99 99 87 99 99 99 99 99 85 99 76 99 81 99 99 91 84 99 99 99 81 99 99 99 75 99 99 81 79 79 99 99 93 99 99 99 99 93 99 99 93 99 99 99 76 99 99 99 96 99 99 99 91 99 99 61 52 41 39 33 58 40 33 52 0 99 
99 99 99 93 99 99 99 99 91 78 99 99 79 99 79 87 99 99 94 99 99 99 99 99 75 93 78 99 99 99 99 88 99 75 84 78 99 88 99 94 81 99 99 99 75 99 99 99 99 87 85 99 99 90 99 99 99 99 99 99 99 75 99 99 76 99 99 99 99 79 91 99 99 81 87 99 99 96 99 99 99 99 81 99 99 99 99 99 99 99 99 87 99 99 99 99 99 99 99 99 0 
