n: 100
m: 10
Pi:U[1-99] 34 13 77 95 14 56 51 47 26 7 43 87 28 54 95 93 96 66 95 66 38 2 53 40 23 31 25 38 44 36 74 12 84 99 73 58 42 44 67 92 8 19 83 16 93 39 71 4 32 65 40 49 4 64 56 20 80 64 79 40 33 78 62 32 3 66 60 99 42 40 19 52 71 22 28 94 24 92 4 96 51 76 79 33 36 77 58 87 1 91 96 38 32 2 95 17 7 51 45 2 
Si:U[1-99]
0 98 21 91 43 15 7 93 71 18 47 22 27 52 43 91 98 36 35 51 14 70 62 57 94 98 32 58 81 52 6 28 72 40 12 28 40 25 66 23 66 19 9 85 45 39 53 48 98 94 68 22 5 46 19 56 69 65 12 74 24 58 48 27 30 42 47 94 15 98 6 15 66 44 9 35 48 16 5 64 38 52 69 1 20 27 18 14 73 92 68 97 28 36 35 37 40 61 70 13 33 
38 0 51 59 17 33 51 65 90 25 94 70 52 42 18 30 72 32 7 69 94 26 41 28 32 62 86 34 44 75 10 49 24 38 61 46 70 88 19 46 85 96 31 99 37 65 24 6 6 28 88 49 63 3 28 67 87 45 50 5 29 43 26 44 29 26 73 90 86 47 36 41 43 15 5 71 26 13 75 14 84 68 7 77 77 67 9 4 38 70 56 2 40 23 37 58 73 18 91 1 40 
82 95 0 82 85 35 43 36 10 59 51 56 55 33 84 19 87 58 8 24 56 13 70 12 78 20 98 50 14 26 23 4 56 95 79 90 99 85 71 1 25 23 57 33 42 48 1 40 62 61 31 51 44 42 87 97 48 78 35 15 44 92 26 50 59 57 2 87 6 28 15 99 64 11 26 66 90 3 49 39 47 70 58 22 51 38 85 23 52 42 98 43 88 76 35 60 1 50 42 38 55 
71 55 5 0 96 43 18 55 76 27 63 21 75 1 83 35 89 7 82 30 97 15 48 69 32 5 58 45 31 70 82 6 80 92 31 70 90 51 57 47 63 36 81 87 47 78 97 11 69 73 33 41 12 67 51 11 92 42 18 96 46 51 47 95 57 84 25 77 48 96 97 67 59 56 23 36 86 14 98 52 82 22 38 96 82 24 35 21 66 57 77 54 12 63 64 57 75 17 14 56 78 
68 26 88 26 0 37 63 58 86 19 40 59 16 42 34 23 3 81 3 3 86 78 94 39 16 74 10 25 70 24 83 15 12 19 90 58 81 80 87 91 3 11 72 73 47 23 42 57 77 3 1 36 5 80 78 23 85 97 34 57 78 30 66 61 13 73 12 25 84 77 35 23 37 83 2 7 29 52 73 20 39 6 21 98 20 45 93 31 54 88 88 37 9 88 34 58 46 28 60 82 77 
69 10 27 56 73 0 98 38 81 58 36 57 12 79 94 21 71 2 16 55 9 17 10 18 93 15 14 17 66 1 51 61 19 12 89 76 38 16 7 82 70 39 86 19 14 33 65 22 7 72 61 3 90 31 66 43 31 34 86 10 82 88 90 25 44 6 85 11 26 1 55 63 95 33 49 82 84 13 19 70 5 48 82 9 85 22 5 93 1 38 6 50 82 31 96 66 21 50 80 30 15 
59 49 25 93 54 39 0 8 74 47 78 85 31 39 26 94 37 65 87 74 45 4 31 11 49 84 1 51 23 78 8 16 47 28 57 22 2 77 65 47 46 38 53 73 28 60 99 4 26 89 39 28 91 50 97 19 53 40 89 7 43 10 15 54 99 11 89 66 79 52 67 78 4 9 57 2 13 60 74 23 6 86 18 51 28 33 5 85 41 64 95 14 47 88 18 75 38 63 45 51 2 
80 45 38 7 19 12 43 0 1 16 77 66 46 62 8 68 9 51 53 65 93 53 59 45 11 33 35 67 39 94 8 81 59 60 27 46 47 1 65 1 10 99 67 12 45 24 36 90 98 17 51 59 85 19 12 78 27 24 4 41 92 81 86 25 16 36 7 34 86 90 45 45 21 46 13 54 33 28 67 8 45 96 73 77 88 49 97 53 33 85 77 59 60 27 70 88 56 52 94 51 51 
61 30 99 97 74 13 55 24 0 95 20 21 5 85 47 70 70 32 88 56 16 28 93 31 40 38 3 7 51 5 59 11 84 20 26 17 78 2 67 41 45 14 40 5 97 77 3 88 74 39 17 31 46 15 9 61 34 70 4 11 9 82 98 78 15 18 72 48 74 70 62 97 33 41 97 51 15 11 56 82 37 9 83 90 50 1 40 40 38 53 42 5 76 49 34 82 17 15 44 71 55 
77 51 34 56 62 58 83 50 86 0 57 66 6 88 60 67 10 50 98 48 91 71 41 44 20 95 89 86 58 84 76 32 83 45 60 55 21 46 23 23 19 20 12 72 7 25 2 90 38 6 24 48 88 97 57 58 65 32 54 50 82 33 7 17 25 58 50 53 61 5 8 67 12 4 8 7 74 14 32 54 56 88 46 24 18 28 33 18 49 63 36 5 45 47 6 53 22 65 48 92 3 
97 77 43 49 12 33 72 96 59 97 0 43 68 37 89 90 86 17 15 73 70 15 70 79 5 15 38 54 30 62 94 57 87 31 46 24 66 56 91 29 70 47 44 33 30 45 90 9 20 52 76 60 59 69 26 85 99 55 60 20 10 43 65 62 76 68 26 29 44 5 58 57 4 29 86 60 86 22 45 89 81 23 25 99 69 86 2 54 99 91 2 69 55 48 18 17 61 63 77 91 37 
50 47 50 84 47 70 61 92 22 74 56 0 24 40 51 26 42 68 77 3 91 30 72 52 95 48 31 90 92 62 66 95 24 70 21 63 20 3 96 12 99 12 96 44 29 7 83 89 8 55 24 30 57 93 76 36 60 38 99 72 32 79 51 16 34 6 19 56 31 29 74 69 55 83 40 83 50 5 70 63 24 62 88 30 53 53 46 96 7 22 57 26 88 19 64 55 82 47 12 65 89 
73 87 29 7 1 86 30 29 13 59 93 57 0 13 35 3 74 28 34 68 76 37 24 97 4 17 68 39 53 47 99 89 94 12 71 22 56 67 13 43 27 71 9 96 69 66 83 22 33 99 66 54 39 19 97 39 21 64 68 85 7 84 14 25 15 39 64 64 59 64 46 5 28 99 93 14 3 30 17 26 64 60 94 10 67 78 81 47 4 4 8 22 16 83 46 8 76 15 67 12 94 
42 39 89 23 42 25 50 33 8 26 19 18 43 0 20 3 64 49 26 24 92 59 26 95 56 75 19 86 68 48 66 44 40 46 6 52 50 99 41 22 7 87 29 51 44 52 90 81 41 67 74 54 10 71 67 39 11 41 74 86 32 40 22 33 57 90 59 73 67 10 28 50 13 45 2 69 73 24 84 62 80 75 3 69 51 72 10 9 11 4 42 39 88 92 90 61 36 84 13 40 34 
27 36 17 50 67 30 11 15 56 9 60 21 74 32 0 77 61 94 85 11 73 94 25 75 41 63 82 95 66 92 55 58 26 92 9 76 39 79 57 20 51 95 19 85 41 82 86 49 31 37 97 31 91 32 77 68 32 60 76 56 98 6 34 36 86 42 74 4 90 98 35 81 98 2 44 6 19 57 99 14 6 17 43 97 96 53 71 95 67 54 22 17 96 22 37 8 61 92 26 12 84 
33 15 15 58 46 99 22 60 90 58 4 29 25 95 93 0 57 47 67 40 28 98 40 21 6 3 18 57 98 3 98 19 17 60 2 29 11 25 93 82 74 39 92 49 18 23 1 58 95 58 35 37 49 28 23 59 13 34 93 12 39 80 40 35 28 95 40 60 72 10 16 60 84 66 4 61 7 45 20 74 7 30 31 17 7 20 35 38 90 78 92 43 56 63 50 77 87 85 46 94 66 
23 31 47 88 44 30 26 64 8 2 52 23 9 78 18 43 0 53 61 98 65 35 25 88 46 41 12 6 97 60 96 66 71 31 51 10 4 6 30 46 63 24 34 82 18 91 32 60 79 41 59 85 16 41 88 35 58 24 21 38 11 49 74 93 80 70 74 59 61 34 31 41 77 82 43 31 21 73 30 5 9 23 83 98 96 29 84 52 61 91 11 53 88 14 72 77 76 76 36 98 55 
41 13 37 18 65 13 89 24 23 11 50 84 60 32 33 87 68 0 53 70 8 6 97 88 96 84 86 83 42 32 88 74 91 48 98 91 80 38 91 96 88 50 52 75 63 62 99 28 60 13 5 5 1 60 71 9 44 98 10 17 89 73 47 81 27 55 96 36 8 44 56 24 58 17 43 63 58 74 23 62 70 41 24 61 38 53 56 70 14 19 39 14 9 71 81 63 72 41 51 98 71 
2 4 88 24 14 34 10 45 91 23 79 67 47 35 2 74 97 96 0 51 1 49 75 65 7 93 24 23 99 87 86 51 55 16 59 35 48 31 73 43 12 12 87 4 24 52 36 21 75 52 74 60 59 20 43 76 72 65 87 44 66 77 47 62 87 25 84 32 23 56 67 83 38 48 29 32 87 46 84 22 52 31 44 5 21 34 73 86 83 2 81 79 42 10 94 17 25 97 80 77 98 
83 17 92 69 59 68 97 23 59 67 41 49 41 17 80 13 85 31 59 0 49 53 16 59 71 24 31 7 31 41 55 39 92 14 4 57 89 65 45 11 61 2 60 21 49 3 64 91 95 70 43 47 23 89 93 73 22 45 58 89 72 80 38 28 40 53 91 46 7 35 95 97 58 17 63 70 91 42 72 47 73 40 26 28 20 78 80 85 30 17 96 85 52 54 28 18 92 62 41 81 6 
11 9 52 88 48 37 3 17 65 20 74 65 14 33 65 60 87 40 38 14 0 29 3 32 3 35 11 8 39 41 72 94 65 18 94 68 18 35 8 26 28 42 12 74 81 54 44 6 66 94 61 12 86 15 56 7 36 44 12 52 21 94 50 22 41 4 69 45 24 37 53 24 48 50 13 38 6 4 40 61 82 50 91 9 36 47 25 84 71 3 87 49 2 57 60 67 5 39 18 8 74 
78 23 80 89 19 46 7 8 97 64 94 13 16 35 4 15 80 6 56 64 17 0 98 93 70 12 99 47 67 6 66 61 22 96 28 16 98 97 53 13 58 5 40 27 19 44 23 66 81 45 67 44 20 55 16 83 21 17 30 99 47 71 33 30 18 75 22 60 63 39 81 6 41 1 20 87 45 65 3 76 92 96 49 60 25 53 51 18 8 35 59 99 35 82 39 10 80 54 43 57 74 
74 4 35 77 71 57 64 91 20 77 45 80 5 99 71 52 85 35 31 16 2 1 0 49 77 36 30 94 91 63 29 30 67 50 58 17 81 77 62 37 37 52 13 79 7 36 76 79 85 53 42 11 36 68 72 82 11 76 55 92 46 67 45 30 45 10 36 77 91 26 26 15 27 98 88 22 96 34 88 58 97 91 38 60 40 79 10 95 96 48 94 11 49 90 49 1 52 68 75 32 7 
23 51 66 83 31 58 83 82 29 62 61 94 36 77 1 53 59 99 72 46 69 19 14 0 47 39 15 78 69 46 24 75 95 56 22 81 50 74 61 24 92 6 11 31 51 99 25 14 22 39 46 85 81 83 46 23 76 70 73 8 81 16 71 63 13 36 28 59 97 56 32 96 36 78 46 25 17 50 77 39 5 16 18 59 43 2 98 54 81 30 24 64 86 37 28 59 58 62 16 28 9 
94 76 5 82 52 70 46 17 30 38 90 55 58 83 75 73 6 91 9 3 7 84 47 89 0 43 91 6 90 28 16 71 55 51 49 81 43 25 15 29 12 77 92 48 5 80 72 46 7 16 27 7 82 8 60 12 93 87 79 51 71 14 27 22 78 76 36 23 27 24 39 28 81 34 48 61 38 95 91 94 72 71 93 73 50 99 94 97 9 19 71 34 71 87 49 44 36 57 3 18 52 
8 25 86 97 53 73 18 25 42 18 2 38 88 62 41 16 82 32 97 52 24 51 2 65 14 0 92 23 48 41 83 78 86 54 67 63 62 85 77 2 64 92 99 91 35 45 4 5 29 92 83 88 55 84 90 16 62 50 43 81 88 98 77 16 61 85 36 59 31 6 2 46 5 14 38 9 54 31 87 26 71 18 36 11 46 46 75 79 76 65 39 9 75 85 39 52 72 94 67 74 81 
90 68 18 76 37 58 60 45 43 81 47 15 25 57 20 49 14 4 58 62 46 7 67 38 30 93 0 12 78 83 81 55 57 19 98 92 85 93 89 24 16 93 98 85 85 76 60 37 82 47 80 19 46 62 18 41 86 57 92 29 36 79 68 86 58 20 63 50 11 69 29 28 52 43 94 86 6 79 68 21 58 32 72 11 28 16 96 45 41 47 98 55 26 81 60 27 2 41 69 16 23 
86 37 73 62 82 73 75 69 13 20 58 40 9 85 24 41 57 38 69 15 60 93 95 24 50 32 96 0 90 27 23 27 86 96 98 11 76 33 34 55 66 12 51 25 45 36 75 93 81 17 61 79 89 69 65 86 49 30 3 44 7 19 79 14 58 54 11 95 88 27 26 90 59 45 73 22 32 17 49 28 42 23 7 5 26 52 53 56 84 52 9 76 45 23 46 66 39 24 10 47 1 
44 29 8 88 62 45 81 59 15 49 45 58 93 97 20 59 36 9 64 16 76 65 46 31 38 43 82 64 0 76 24 16 36 25 89 7 6 1 81 18 92 67 49 96 17 75 25 4 90 28 62 22 80 77 4 71 89 93 13 39 48 32 85 50 20 56 94 96 24 13 16 54 96 80 51 65 76 93 45 82 45 57 3 35 62 4 31 73 55 59 16 72 49 54 51 19 13 8 18 33 67 
36 42 40 28 75 6 80 49 86 20 80 43 99 13 29 59 41 92 16 47 86 27 76 28 94 20 91 44 57 0 76 63 79 88 70 99 60 20 23 90 83 80 89 32 36 78 86 14 49 56 47 61 98 35 94 76 63 41 4 51 19 77 85 37 86 33 96 47 73 40 52 78 97 85 69 84 7 14 62 93 37 84 91 45 98 98 77 3 23 15 31 36 49 45 48 28 95 65 54 30 57 
31 86 58 36 45 53 2 23 91 10 47 43 31 80 22 27 4 24 81 19 93 41 70 34 8 4 25 32 13 16 0 72 5 8 91 35 37 16 24 86 25 27 50 77 56 42 68 81 54 43 58 64 29 84 46 92 61 60 93 24 87 8 7 21 4 79 32 41 97 36 20 74 85 38 36 6 59 1 72 94 84 85 93 89 81 39 48 78 37 13 96 72 95 99 5 91 34 48 10 45 53 
80 41 21 40 78 53 79 34 22 94 2 89 68 92 94 57 66 91 78 16 55 86 46 91 49 59 47 3 38 28 99 0 93 83 67 76 97 63 19 27 45 15 45 2 65 31 64 64 5 77 61 41 1 97 93 30 98 66 22 97 89 15 97 22 17 15 51 78 35 54 61 15 60 4 82 59 20 46 15 27 61 43 7 33 98 53 82 17 81 9 71 45 35 39 73 93 80 62 34 9 80 
54 45 18 25 81 11 36 77 5 20 16 56 60 79 4 84 48 32 18 92 43 96 26 24 96 13 8 1 63 26 80 61 0 29 87 65 25 22 41 38 42 22 17 79 28 52 78 25 81 60 47 21 21 4 54 84 93 73 34 31 92 59 61 91 9 73 21 20 30 91 24 53 74 41 84 88 22 60 18 74 47 89 62 13 38 63 66 15 53 23 75 67 45 77 42 31 61 52 12 96 15 
86 15 61 17 33 59 59 32 87 60 5 79 6 78 53 33 1 25 50 32 77 77 7 24 89 6 47 86 69 99 49 46 65 0 24 64 37 16 95 49 82 84 35 90 28 30 5 83 21 37 8 37 51 18 30 68 65 15 55 73 68 38 26 59 39 13 95 69 87 59 50 40 90 25 4 60 94 99 1 63 42 14 93 18 68 68 26 94 87 9 75 92 96 90 7 12 29 37 63 91 77 
21 13 24 87 45 13 20 59 50 75 48 27 51 82 74 32 30 17 61 13 20 12 71 45 3 58 4 84 20 26 45 45 59 22 0 22 52 8 55 44 92 63 59 52 53 9 52 1 23 60 2 79 59 94 33 21 92 96 45 31 80 4 75 65 17 91 5 88 63 25 56 67 95 1 12 64 46 53 60 37 61 79 26 43 55 27 33 73 86 24 37 27 94 67 41 58 36 57 82 34 6 
56 70 49 70 79 79 39 59 58 50 47 28 82 3 92 30 90 65 71 93 30 96 59 10 38 83 59 71 65 86 55 33 7 23 53 0 94 73 46 97 84 20 87 34 18 66 54 85 55 67 25 28 53 63 76 14 12 69 36 40 68 63 77 40 31 69 25 45 70 1 26 18 65 3 94 49 4 21 86 22 57 68 66 35 57 81 39 10 76 93 4 96 84 52 39 88 82 51 57 33 93 
97 15 85 98 90 96 80 33 82 94 41 32 56 95 79 64 37 74 95 55 66 32 62 40 7 22 58 81 25 90 59 60 26 71 64 82 0 36 52 59 79 20 78 53 57 84 28 52 86 90 42 38 70 63 26 33 22 13 57 17 48 50 73 81 52 97 53 37 53 56 72 76 89 46 25 44 41 91 83 71 87 88 48 5 54 60 28 82 70 57 40 17 42 83 63 68 16 75 17 81 36 
34 24 83 63 46 40 89 90 39 23 48 14 19 24 53 99 45 88 92 13 10 8 71 27 45 16 96 27 13 42 66 54 41 22 73 66 3 0 2 97 85 34 58 20 31 12 5 3 10 23 5 78 34 92 10 46 26 12 98 51 98 52 65 29 13 99 36 17 68 13 39 97 14 7 97 12 43 76 33 39 71 91 74 28 62 22 29 95 50 65 70 5 79 20 44 87 74 57 81 58 22 
46 47 61 84 14 71 31 9 47 26 45 11 62 6 62 49 48 88 36 98 84 85 44 84 92 57 16 62 12 20 24 93 18 44 7 54 92 6 0 84 46 8 16 90 60 94 54 28 88 98 26 12 78 68 53 1 43 68 45 80 85 70 51 8 35 38 81 28 24 9 45 52 8 21 49 46 10 59 10 87 31 17 44 17 13 58 1 29 13 88 48 18 53 91 18 71 76 67 44 56 29 
89 59 65 63 48 81 92 10 19 89 56 28 35 27 95 10 77 20 61 78 60 67 15 65 18 65 31 46 40 38 7 1 91 47 11 92 19 66 27 0 54 38 33 43 90 91 16 35 66 61 70 71 55 60 16 4 99 70 9 69 51 27 26 76 41 29 85 73 57 28 21 71 15 11 92 93 67 2 74 54 27 8 53 91 83 66 39 35 17 75 59 60 15 79 66 18 61 71 36 56 57 
21 92 80 63 79 50 38 68 18 7 83 42 33 85 33 20 58 17 87 20 37 75 77 15 73 65 82 69 16 91 52 22 63 74 84 1 90 66 59 57 0 32 31 4 37 78 54 65 46 96 85 36 3 61 92 35 73 94 63 88 1 2 7 96 42 70 22 44 99 17 59 90 42 97 66 66 52 74 4 97 23 19 94 49 62 70 60 52 96 54 87 80 58 27 96 66 73 19 44 2 29 
44 51 31 8 57 78 53 47 1 43 74 46 64 10 54 86 98 4 47 9 39 85 83 39 16 14 15 4 10 48 36 80 79 57 87 10 97 41 12 38 89 0 66 3 70 59 58 36 34 89 6 71 97 69 72 82 3 17 50 83 24 47 6 68 4 12 93 78 99 27 15 78 70 95 8 9 42 16 98 87 17 47 68 16 26 63 5 29 64 73 92 24 45 74 88 12 13 40 60 34 1 
80 46 28 17 48 96 67 33 97 31 25 20 17 17 34 79 48 81 47 64 21 71 97 92 92 46 57 32 84 99 98 39 79 41 39 41 67 89 99 30 97 87 0 60 13 93 9 65 3 38 64 56 65 1 9 93 38 28 93 20 2 55 74 63 83 16 38 36 40 43 47 8 67 96 63 90 15 60 2 84 43 74 11 56 34 42 76 24 62 39 94 80 24 81 26 99 85 50 36 93 23 
85 40 2 51 95 71 28 70 93 64 10 37 42 64 25 85 30 28 53 87 87 35 30 83 55 55 89 28 77 50 53 31 11 40 65 84 80 42 85 3 93 42 66 0 35 65 10 64 71 87 63 33 18 6 86 35 73 3 28 19 71 27 41 7 57 59 52 93 41 16 93 3 70 8 23 84 27 69 26 5 35 55 8 58 4 49 41 19 30 21 1 93 96 94 68 57 28 27 90 11 8 
90 75 46 73 73 1 94 9 65 86 27 62 17 36 91 59 87 21 19 59 91 10 81 99 56 10 51 88 94 55 60 16 92 85 2 54 68 33 72 65 41 56 9 44 0 90 46 83 3 90 70 21 83 18 71 71 50 40 42 98 83 4 75 96 35 14 15 30 44 11 93 55 79 1 18 3 40 19 66 87 27 19 76 69 54 17 27 44 78 81 24 49 2 50 85 15 51 91 39 29 24 
81 90 84 74 97 71 73 44 59 84 79 78 65 93 63 10 99 27 75 33 23 49 84 96 92 89 51 75 42 89 75 94 10 55 87 48 5 11 30 54 24 30 5 78 60 0 66 18 53 41 72 46 20 38 12 89 52 98 22 22 27 77 87 63 90 4 26 14 85 82 78 41 27 64 73 97 49 2 63 61 21 8 84 4 20 19 28 97 98 95 81 20 56 99 3 32 29 55 18 42 96 
74 38 13 85 6 34 85 17 76 86 25 72 66 41 35 47 38 31 99 77 43 48 13 50 53 23 59 4 46 39 98 84 58 12 96 18 79 39 98 19 43 17 88 99 78 68 0 27 48 81 70 4 60 18 7 43 45 11 70 79 52 3 21 37 72 30 81 7 97 20 37 50 47 19 77 9 53 7 45 89 69 88 53 20 66 18 1 69 30 88 85 47 80 36 37 33 3 93 17 79 18 
89 55 27 47 77 12 40 89 41 40 68 47 48 92 80 87 86 35 12 90 76 94 82 12 90 71 91 92 65 66 57 64 23 75 39 75 63 82 14 84 88 70 37 20 24 68 25 0 2 46 56 73 31 87 90 20 81 79 37 37 61 3 78 78 91 90 95 36 15 22 3 4 79 91 83 40 78 39 3 50 97 36 4 32 91 28 12 75 84 57 45 95 60 30 28 50 36 96 41 67 30 
50 91 26 47 90 98 51 76 23 49 34 66 57 59 47 95 19 66 2 37 54 18 50 99 50 2 39 37 93 91 23 44 37 2 41 67 16 70 94 49 26 27 69 46 65 90 23 55 0 63 13 56 63 68 74 44 43 81 81 87 26 77 54 89 61 10 59 18 21 6 84 21 75 9 57 58 99 14 58 85 61 89 11 3 44 62 92 7 17 52 85 87 12 68 31 67 76 94 34 85 70 
27 39 92 99 98 24 67 14 5 41 36 99 79 60 50 15 78 5 95 28 53 55 40 74 57 59 75 89 25 9 17 99 97 92 31 51 30 75 7 80 82 96 34 92 24 18 58 46 22 0 61 85 35 83 72 67 40 39 6 23 83 55 72 55 1 8 44 29 81 78 85 79 65 22 48 33 98 56 59 42 61 93 59 83 29 14 78 19 33 9 50 39 69 73 93 62 55 44 5 87 99 
7 90 67 57 82 6 15 87 55 74 98 55 69 13 50 43 22 19 61 32 88 30 91 39 13 20 23 42 92 5 71 4 65 85 1 89 63 16 96 86 93 29 57 72 57 45 16 18 36 50 0 84 81 64 69 53 35 66 53 20 64 53 5 10 33 30 64 88 46 42 52 15 39 99 42 52 81 9 45 75 90 36 95 35 78 63 32 69 49 12 10 86 45 71 74 17 65 52 28 27 51 
41 89 53 79 65 55 20 9 86 16 50 75 10 3 26 95 9 83 28 67 87 84 43 11 56 76 51 40 9 72 86 27 53 67 40 74 1 51 85 22 70 28 80 84 89 63 83 35 34 1 13 0 34 68 16 69 47 11 83 80 9 8 71 27 15 26 1 51 57 89 49 27 88 3 48 77 83 11 30 50 40 61 29 12 22 15 89 65 2 88 34 87 23 35 80 92 68 44 74 71 10 
18 14 52 24 64 73 30 40 10 43 66 39 21 70 54 2 79 49 72 41 71 77 46 73 35 32 42 91 45 57 97 94 42 35 87 55 33 46 60 92 4 6 67 86 92 62 79 16 5 25 7 52 0 38 62 62 97 36 29 83 41 53 3 55 62 23 45 30 1 89 4 64 14 88 81 75 31 17 83 42 28 24 75 19 27 28 46 39 85 38 9 74 42 19 22 75 73 68 60 35 24 
72 23 16 37 45 71 96 17 22 32 5 5 71 77 6 71 21 44 63 51 61 94 85 31 21 86 94 24 20 36 62 31 17 85 72 41 72 23 77 78 11 54 33 76 66 49 85 68 52 8 71 1 97 0 86 14 35 33 8 34 66 38 22 9 30 91 10 44 31 33 7 33 30 57 76 2 9 22 93 21 60 58 70 7 70 45 73 84 73 67 44 56 89 20 66 16 13 71 97 88 66 
32 47 40 64 23 80 99 25 21 77 5 33 75 56 32 19 73 75 48 83 91 5 13 99 64 76 30 68 52 21 81 78 7 71 71 62 39 70 1 72 34 47 82 4 35 22 78 18 96 79 75 97 44 56 0 46 84 83 83 48 61 5 85 72 57 42 27 76 73 36 48 79 62 14 3 87 74 52 45 8 61 20 19 46 54 19 54 45 74 80 15 62 11 38 35 50 10 27 40 74 63 
96 77 1 23 47 91 91 64 45 10 29 54 19 44 24 57 92 41 75 89 87 53 92 71 40 90 25 12 94 33 65 94 91 52 81 60 17 54 64 95 6 1 71 74 1 69 28 50 91 48 62 93 11 41 52 0 4 81 85 22 14 21 63 66 2 74 71 1 54 20 37 81 74 72 52 47 31 6 49 66 85 78 19 99 5 79 50 33 55 81 15 3 37 27 61 93 31 43 53 22 37 
98 71 1 89 88 50 36 90 15 16 24 10 25 74 97 17 89 49 57 18 27 2 23 31 20 16 78 49 15 69 99 19 72 89 72 88 15 67 12 31 50 80 67 63 2 47 67 78 89 88 72 80 29 85 70 25 0 91 93 7 72 57 15 26 29 38 37 62 55 96 95 90 84 46 35 8 94 18 62 7 23 60 12 4 39 48 97 84 58 67 82 98 89 42 65 33 53 92 63 19 56 
87 41 77 3 44 31 88 92 68 87 72 89 26 32 63 74 61 95 95 92 68 36 83 21 20 64 71 40 5 87 26 93 76 32 96 41 38 97 55 47 67 64 62 44 29 77 42 17 5 57 24 6 76 72 78 89 11 0 33 40 46 98 66 32 62 28 52 78 70 60 38 21 88 25 78 97 41 22 49 9 77 18 3 78 66 92 68 20 66 94 2 90 2 2 24 67 28 62 8 82 57 
51 65 60 41 67 35 46 87 48 35 74 79 15 95 54 79 49 33 52 54 29 7 87 37 50 35 66 45 13 26 21 62 95 36 82 84 20 82 13 69 8 34 20 52 91 54 31 13 30 63 48 66 96 38 66 22 84 31 0 8 48 19 82 61 33 4 74 27 6 65 19 90 50 7 4 24 21 83 25 48 75 51 81 4 93 52 73 89 9 62 96 55 99 80 84 17 75 64 47 13 62 
7 54 57 13 86 84 53 46 71 54 1 27 1 53 53 5 31 55 29 15 83 83 41 75 6 47 44 96 32 63 17 53 29 93 84 74 4 61 55 62 49 44 85 37 25 11 47 5 19 30 23 42 37 62 59 65 77 78 75 0 7 45 98 58 62 29 44 29 39 26 10 61 86 77 32 44 30 20 42 89 51 8 85 73 88 3 39 34 45 81 55 44 10 64 34 52 49 28 93 23 9 
24 94 52 2 19 87 14 4 32 6 74 21 46 31 85 34 12 64 96 4 91 49 5 62 35 66 82 52 47 28 96 38 24 90 51 2 92 63 54 74 64 97 99 9 76 36 54 43 51 29 94 9 73 60 66 78 9 70 95 19 0 72 16 97 19 37 10 83 37 91 97 65 21 62 63 45 34 69 19 20 72 79 47 85 81 96 69 78 14 84 93 7 5 55 55 63 60 95 77 48 74 
98 13 40 53 68 95 76 89 78 77 1 52 38 42 84 30 58 27 35 41 1 65 94 70 30 20 94 2 13 92 2 1 82 63 15 84 66 52 13 15 77 51 68 28 86 12 99 35 27 57 56 91 81 87 48 92 41 40 59 82 57 0 40 53 88 60 42 74 15 36 4 5 90 43 39 71 7 71 52 79 6 8 99 48 2 11 5 76 55 80 95 58 29 89 18 72 39 68 73 80 99 
69 37 11 30 21 84 85 49 74 45 69 23 20 96 74 6 16 84 70 99 6 84 80 98 66 97 56 44 34 6 48 16 62 78 54 89 64 3 22 68 58 32 35 68 88 3 3 47 27 48 87 92 44 78 71 88 43 54 36 20 76 11 0 34 89 74 81 20 88 31 41 33 56 89 73 34 85 10 58 95 61 45 78 53 79 60 1 29 5 96 80 45 79 76 86 22 38 24 29 86 18 
96 54 17 70 42 36 38 90 42 13 47 21 92 42 92 96 52 24 38 27 36 47 51 99 46 53 99 62 14 58 74 32 80 25 60 53 45 85 64 42 22 89 11 61 59 89 14 46 96 48 91 63 98 3 6 91 28 53 84 23 29 13 34 0 80 61 27 43 36 78 90 68 15 12 94 87 89 77 8 19 80 18 41 33 64 60 80 11 47 15 77 72 19 50 18 35 37 61 72 26 6 
24 68 32 38 77 39 89 62 29 64 11 32 14 60 88 37 57 45 48 27 64 31 51 90 98 50 75 43 75 54 90 69 66 98 90 45 22 94 83 60 80 42 27 42 15 44 97 48 27 85 27 93 48 3 63 58 91 9 88 12 63 43 98 93 0 41 48 51 51 34 73 54 93 90 95 50 34 56 26 16 2 89 35 96 54 59 65 65 52 68 77 78 11 36 15 36 75 48 27 4 69 
76 77 82 84 9 39 62 39 52 62 17 8 13 27 48 81 8 4 19 46 44 13 78 5 99 45 66 32 19 12 50 45 23 22 64 37 35 2 73 96 56 47 96 81 65 87 45 73 83 34 43 25 92 70 84 44 33 28 48 55 8 84 41 67 91 0 12 72 18 79 22 37 79 57 94 43 7 72 93 55 32 92 95 56 24 74 30 80 72 1 60 33 72 6 29 36 66 48 80 77 57 
18 28 66 5 93 58 61 56 19 51 32 23 43 72 86 10 76 35 86 8 70 72 64 36 67 60 54 25 20 79 45 14 3 91 37 86 59 79 11 63 2 57 51 25 43 95 83 88 56 16 35 44 56 15 33 6 90 96 38 24 45 38 30 72 92 56 0 65 86 69 10 9 86 46 21 21 92 80 65 28 56 58 29 91 85 31 41 11 50 77 54 87 84 55 69 44 54 37 27 56 5 
91 62 3 2 59 26 36 28 35 80 18 96 28 56 39 31 16 25 13 83 25 1 88 63 69 38 33 72 55 11 86 52 68 55 52 13 77 57 58 70 15 64 74 22 6 8 22 13 75 55 71 65 53 82 38 29 55 70 86 7 2 13 80 82 22 22 62 0 6 68 90 36 60 80 61 25 72 54 45 23 85 88 42 8 38 26 91 63 26 94 49 10 36 93 83 22 29 27 35 26 13 
53 6 43 99 51 49 45 45 17 26 92 40 86 88 87 42 42 23 46 45 16 78 51 81 52 58 55 42 54 59 8 11 95 97 13 58 16 70 84 6 14 68 35 78 13 90 40 9 57 64 74 38 88 14 81 40 62 12 87 94 70 86 98 15 84 40 4 72 0 39 99 2 70 89 43 91 68 91 11 21 67 37 74 17 77 86 38 3 25 41 73 88 97 35 7 56 21 41 81 74 84 
75 26 73 8 20 31 59 1 1 65 49 12 38 83 1 14 24 24 4 24 7 95 35 7 16 19 5 81 40 96 90 68 65 4 60 57 87 22 5 63 2 26 10 73 54 34 96 60 88 18 12 93 59 37 98 13 53 63 23 78 93 7 94 77 16 53 21 89 71 0 91 75 48 7 47 45 74 71 98 10 72 98 42 48 5 11 93 99 95 13 30 87 41 57 64 24 50 74 48 92 78 
95 84 70 79 96 21 32 32 46 53 56 13 35 47 97 76 82 1 74 94 74 58 58 19 83 37 47 43 98 65 48 27 53 15 17 12 78 93 77 9 51 41 35 25 84 21 36 1 50 74 63 65 70 59 5 10 68 16 25 82 40 68 99 13 96 12 26 15 94 36 0 83 92 10 7 83 95 31 53 32 19 18 70 71 92 74 91 94 68 48 23 71 75 78 61 90 28 58 11 45 44 
90 32 14 93 87 6 48 39 40 4 99 98 51 63 78 37 14 83 11 35 3 58 84 29 27 50 25 66 24 22 67 46 6 16 40 54 8 37 66 87 95 97 32 67 11 50 43 3 95 92 21 18 81 33 63 20 30 6 15 8 56 89 72 82 98 29 10 95 80 2 71 0 59 7 60 71 57 53 61 67 35 56 65 66 78 64 95 93 44 42 93 23 77 24 46 50 3 46 31 89 93 
29 74 85 48 76 46 85 72 65 12 28 37 96 2 15 2 50 69 1 42 89 26 24 55 6 68 88 71 58 64 66 39 29 9 8 62 97 23 64 19 98 34 58 64 31 52 73 91 43 56 46 40 11 15 10 13 62 63 20 40 55 17 76 97 2 61 70 97 39 74 13 9 0 58 12 7 29 83 39 20 48 65 58 82 96 91 62 89 32 4 8 92 8 22 26 52 65 51 6 51 5 
95 57 37 47 70 49 1 31 89 30 71 71 56 91 32 32 56 47 39 89 1 19 49 14 72 69 9 22 4 16 34 70 52 24 49 67 63 59 9 99 58 37 62 21 39 95 53 52 12 70 27 20 19 10 25 44 53 20 94 24 14 88 36 95 42 13 12 94 21 23 69 6 3 0 84 95 20 79 3 11 48 31 67 13 46 77 97 47 9 71 30 61 68 86 36 75 47 57 97 13 14 
61 67 80 46 49 19 76 37 29 6 89 8 62 66 13 47 10 53 97 51 72 33 20 63 4 68 25 68 17 41 18 69 40 26 34 71 77 43 19 33 6 18 32 67 92 9 86 99 13 60 7 13 90 89 40 36 16 69 74 33 35 4 37 93 23 69 62 38 48 79 82 69 38 44 0 95 73 81 65 50 58 24 75 47 11 82 54 9 80 87 99 84 27 88 84 53 19 70 62 82 52 
73 95 63 81 44 32 73 8 90 32 25 89 72 23 80 24 13 95 41 59 12 35 24 38 48 8 90 24 30 55 81 52 62 11 14 74 96 66 83 46 34 23 87 41 38 98 3 45 87 61 76 15 89 9 24 78 6 73 77 41 94 17 53 58 32 7 54 7 98 12 94 10 12 96 1 0 41 1 23 27 29 93 18 74 61 40 10 36 38 62 88 91 13 14 37 3 47 31 94 68 33 
17 76 39 72 60 3 79 30 42 38 67 53 57 93 58 62 2 71 3 76 85 98 21 25 6 61 29 25 30 67 93 38 48 66 60 41 72 56 47 96 25 97 11 15 30 55 91 76 28 54 4 68 17 1 3 95 11 16 75 48 23 23 27 42 94 93 84 19 5 8 4 98 98 25 45 74 0 95 51 9 97 56 90 48 12 46 63 85 32 26 79 73 88 27 73 21 92 64 84 40 24 
12 82 59 92 42 53 31 30 72 48 11 9 76 73 69 73 19 42 93 47 16 85 63 33 30 7 68 86 43 70 49 31 85 50 90 59 77 62 36 66 69 98 36 44 69 40 97 54 83 3 86 66 97 25 19 70 47 78 15 26 61 2 17 57 45 27 15 79 98 86 29 63 25 40 76 54 8 0 11 29 19 47 73 47 70 64 17 97 77 18 33 24 24 84 75 48 86 40 90 91 98 
9 14 1 59 78 77 23 87 54 10 4 17 51 22 21 28 6 46 17 78 60 59 93 2 11 37 47 81 19 68 62 27 8 22 84 51 40 91 61 82 6 35 39 62 35 18 37 67 36 34 81 53 3 51 28 90 57 76 74 69 70 80 70 3 52 9 43 88 32 46 2 48 67 5 38 76 26 5 0 96 85 39 17 55 88 40 86 37 74 55 15 61 5 63 12 38 61 80 87 40 99 
84 92 63 13 58 41 95 16 57 6 12 26 84 68 59 49 4 83 99 41 22 81 64 53 62 45 61 37 57 7 16 24 33 95 2 18 24 32 82 75 13 56 19 81 71 60 87 96 57 31 67 79 9 26 58 55 27 90 5 97 3 43 67 84 14 14 46 58 45 20 28 15 12 79 22 82 93 5 49 0 76 17 92 6 47 7 13 66 38 12 62 33 71 65 61 65 10 93 84 85 68 
14 11 53 92 72 99 57 44 68 65 82 53 2 53 19 95 40 96 32 84 95 32 51 20 30 25 2 75 49 43 47 35 96 11 95 12 66 82 24 51 33 68 78 60 45 5 54 70 75 1 35 84 28 95 29 6 20 30 94 56 17 21 25 60 77 32 40 22 35 40 57 72 29 3 15 55 45 89 77 16 0 66 50 32 75 51 13 16 12 90 45 14 26 68 93 49 71 33 42 70 15 
54 37 80 52 49 73 19 61 89 25 57 53 48 68 51 42 64 5 23 93 73 15 62 98 15 62 82 66 24 43 82 72 86 27 26 20 19 56 33 77 86 93 2 7 1 14 71 1 66 10 87 36 41 71 60 62 45 76 90 89 92 40 91 20 99 75 89 23 91 42 73 38 21 86 85 74 62 18 41 99 76 0 80 73 9 61 9 19 98 82 99 8 61 18 29 41 97 13 47 67 59 
52 67 65 24 84 26 90 98 84 21 40 81 74 32 25 42 68 24 30 18 23 64 23 7 62 36 40 34 4 98 40 55 66 4 93 31 5 61 7 87 37 35 84 58 4 47 10 30 85 83 55 45 58 74 23 66 57 9 32 65 64 61 93 29 22 59 76 5 64 20 55 18 25 19 72 98 73 17 41 80 69 91 0 20 86 86 26 82 54 46 49 2 15 82 21 17 19 71 75 86 77 
56 51 58 84 6 57 76 3 49 43 52 77 92 36 49 80 79 39 78 70 65 63 98 31 24 14 90 83 11 49 78 26 94 48 93 11 66 1 43 22 25 51 98 35 67 60 40 25 70 14 96 42 82 29 20 23 38 21 51 59 78 9 30 62 42 79 35 79 99 56 15 8 24 22 94 17 24 23 91 77 62 74 4 0 44 11 32 56 79 47 23 24 75 26 58 76 46 99 99 39 86 
66 31 45 83 77 62 22 84 82 21 92 58 59 81 15 55 27 29 68 48 2 43 55 62 74 49 32 98 62 1 31 92 93 22 54 41 21 22 27 62 69 53 74 73 41 67 29 17 85 92 78 27 55 68 45 41 20 55 37 55 12 30 39 5 79 27 2 95 43 2 18 4 66 94 7 88 82 60 65 88 55 82 74 77 0 81 66 18 90 81 74 85 73 90 66 94 69 90 66 2 61 
71 39 14 73 38 4 53 73 78 14 52 68 79 84 29 22 37 73 54 80 17 67 73 42 26 52 67 92 48 2 10 89 29 29 36 44 21 63 56 99 86 40 99 10 87 83 84 16 54 56 66 98 78 65 54 73 8 90 24 46 82 83 45 2 35 3 72 91 33 13 11 93 79 10 41 91 75 1 47 65 2 84 34 69 98 0 82 65 6 86 54 17 68 84 82 35 85 55 42 7 41 
33 84 58 36 20 42 28 85 64 79 82 93 69 85 39 16 71 73 83 61 32 17 78 8 66 69 10 13 27 39 14 30 41 70 62 95 27 70 18 65 37 53 40 71 65 25 41 58 27 30 71 2 61 72 25 55 96 23 41 11 73 75 11 69 51 61 34 24 42 55 28 90 27 23 88 74 11 83 95 70 56 98 97 29 63 93 0 7 8 18 35 83 50 95 7 31 27 17 97 66 17 
68 15 44 12 38 7 74 4 38 82 22 64 56 1 20 19 96 92 40 82 62 93 70 14 7 62 72 42 35 68 49 75 12 91 91 12 23 18 35 11 69 44 77 75 43 79 66 41 8 89 67 75 59 38 79 19 23 9 35 2 63 26 30 47 48 56 13 84 93 43 96 28 50 39 93 47 8 14 78 16 66 29 25 44 84 53 23 0 38 86 91 76 93 86 1 17 67 45 77 62 93 
61 42 34 7 5 86 37 56 16 70 36 28 27 35 81 27 30 55 47 74 12 98 13 10 24 20 70 7 83 40 28 74 12 91 2 28 72 70 22 79 3 40 3 53 37 39 83 16 65 27 95 1 9 45 10 21 98 86 46 62 15 57 4 75 19 56 95 2 89 30 85 68 6 11 72 3 11 61 25 30 88 49 25 26 55 74 59 87 0 71 69 91 15 33 48 32 65 60 16 99 37 
17 89 57 30 51 36 1 23 3 76 1 94 61 38 74 24 59 52 17 95 32 92 89 74 27 88 89 4 16 89 22 25 4 85 85 41 49 74 33 64 73 40 56 41 29 6 19 55 2 80 49 57 61 29 87 80 32 99 47 24 45 82 23 16 41 36 85 82 12 86 80 68 65 64 94 83 62 43 28 10 16 53 37 93 56 93 41 73 93 0 46 93 53 45 86 94 15 97 26 58 41 
37 5 15 70 89 34 67 63 33 16 97 14 91 64 74 85 48 19 12 69 44 61 9 22 55 24 46 10 48 92 36 20 76 66 51 27 72 59 50 48 39 29 93 72 2 93 68 83 35 13 36 17 15 10 33 5 98 85 37 12 90 59 62 83 40 99 33 37 60 78 66 11 90 71 61 12 20 44 25 33 36 99 41 11 8 61 70 93 54 69 0 3 4 48 93 36 65 62 77 50 7 
44 51 73 28 11 79 71 87 66 97 1 22 59 10 6 42 99 7 77 15 55 75 89 28 65 35 1 31 63 68 38 15 67 21 79 23 81 2 43 45 93 98 84 33 13 95 65 78 26 52 97 93 83 84 29 33 23 98 89 39 26 90 23 35 33 44 15 55 90 46 82 35 48 88 65 72 64 23 36 25 76 58 61 14 14 6 45 22 41 45 53 0 34 58 9 62 50 40 6 51 51 
42 66 2 2 41 38 40 26 62 71 35 4 13 56 65 3 52 89 77 47 85 42 54 66 65 96 61 25 89 25 16 75 77 18 15 82 90 37 54 47 41 69 45 59 6 20 71 50 15 74 74 42 38 60 77 48 66 44 11 59 71 88 98 24 40 83 50 28 54 72 14 5 63 9 82 66 10 20 44 42 58 87 46 87 79 38 40 31 47 23 57 44 0 98 68 10 90 79 75 24 74 
12 49 26 57 19 69 19 79 4 33 52 65 95 81 90 32 80 65 71 96 49 24 94 50 71 47 34 65 74 35 41 15 47 80 11 11 85 89 97 33 19 70 47 60 74 67 56 57 98 41 94 40 58 97 29 95 66 97 80 94 21 27 39 47 60 54 9 54 19 56 43 74 72 1 39 5 7 93 97 47 42 18 59 56 15 59 55 57 58 65 52 13 83 0 4 47 17 85 77 52 43 
3 74 96 48 31 37 18 1 59 7 10 68 37 83 7 71 18 84 57 48 7 14 66 36 78 28 60 23 32 75 13 61 85 3 90 61 4 75 18 76 95 93 71 28 24 39 48 15 70 72 7 99 73 99 57 85 25 33 53 86 14 77 29 92 39 90 90 29 57 36 16 6 76 37 98 99 14 66 89 92 36 64 74 68 83 31 56 29 1 60 22 75 12 32 0 26 11 62 61 78 74 
44 90 48 62 4 69 20 27 24 67 9 76 33 43 32 69 8 59 2 30 29 22 68 24 93 62 20 86 68 70 73 26 96 24 70 12 57 54 62 9 24 33 54 70 64 94 83 12 62 12 18 67 29 36 10 36 64 6 83 39 53 48 64 1 86 57 97 29 39 80 31 39 58 77 71 54 97 78 38 45 38 83 10 22 25 56 18 16 24 72 18 31 19 88 72 0 40 49 54 2 58 
53 67 31 44 25 72 12 98 16 60 30 69 2 31 70 39 1 1 20 14 4 35 18 55 20 96 19 48 94 29 48 55 66 52 32 31 62 55 25 91 6 98 2 50 94 41 44 77 15 62 26 99 35 92 37 47 6 81 73 42 29 86 22 92 61 58 10 58 79 11 59 61 87 52 15 66 15 21 30 35 40 31 17 6 47 65 38 15 54 88 82 32 6 4 57 10 0 9 91 40 50 
66 32 42 14 65 32 91 12 30 70 81 87 78 20 7 46 18 63 92 21 5 28 9 46 9 8 86 93 18 38 8 21 60 19 73 81 49 50 73 61 10 2 10 22 47 34 20 7 36 8 41 42 79 18 87 96 80 45 7 60 46 62 54 2 25 59 37 56 43 61 80 77 1 80 83 81 97 16 68 80 33 55 61 44 31 46 5 29 11 15 12 7 83 42 62 36 34 0 51 41 8 
43 34 85 89 35 65 34 68 37 51 42 41 70 8 93 96 78 55 57 70 54 97 82 1 99 30 71 33 22 12 4 16 62 54 65 31 22 47 45 38 74 28 73 32 16 41 62 18 17 58 74 61 72 15 35 16 3 48 67 5 44 55 10 9 15 39 11 86 92 78 4 70 13 13 8 7 90 53 75 97 16 45 30 85 58 49 7 99 47 40 26 43 55 12 63 24 94 45 0 10 8 
41 42 38 83 48 98 83 83 55 66 7 62 98 92 72 7 3 92 81 36 63 22 73 88 73 44 80 7 30 76 44 17 57 52 25 92 68 64 10 34 20 70 58 92 38 95 43 12 31 27 71 42 7 29 48 38 53 81 80 1 11 78 24 61 28 93 1 35 54 62 52 8 69 57 4 19 70 15 7 28 79 76 74 45 64 71 65 68 4 94 32 93 45 26 56 44 92 6 93 0 82 
87 98 93 80 86 72 44 18 55 56 23 45 85 34 60 54 75 9 52 6 52 72 81 68 44 47 11 43 40 22 10 60 65 48 72 4 83 55 86 70 92 18 38 6 24 34 55 1 7 15 30 36 49 48 13 54 65 86 23 14 77 44 25 78 66 30 85 24 37 36 82 82 97 4 1 55 3 89 29 75 60 19 65 66 43 86 45 83 10 63 11 82 85 62 56 52 98 6 70 11 0 
