n: 100
m: 2
Pi:U[1-99] 8 83 9 64 1 98 59 28 34 47 52 5 37 49 26 55 48 94 70 57 10 32 20 60 87 71 93 25 29 39 82 1 59 23 37 94 58 46 30 1 97 66 27 58 19 84 3 80 37 58 33 34 50 79 53 34 77 21 43 4 68 49 41 99 22 33 31 5 66 89 57 11 88 40 88 35 25 15 97 74 68 70 9 33 88 34 90 29 52 83 39 43 79 33 46 81 25 69 65 95 
Si:U[1-99]
0 16 60 49 32 52 10 18 48 26 70 9 3 28 49 99 48 99 1 99 99 99 63 67 9 90 57 57 99 99 99 51 97 99 61 3 58 12 15 99 81 99 40 30 75 99 99 4 99 99 99 99 94 36 99 36 70 31 19 94 19 90 99 21 99 12 99 99 99 90 72 39 25 42 49 52 25 72 46 84 99 99 99 91 99 99 99 99 9 99 70 51 99 99 7 99 70 24 42 31 34 
6 0 4 2 32 32 58 54 11 64 57 6 93 99 66 40 48 78 79 82 99 10 6 99 99 21 55 99 99 99 18 31 49 10 19 99 99 99 99 15 42 54 9 91 99 99 61 46 90 12 99 22 28 79 99 73 64 76 99 52 99 99 40 19 99 99 64 39 28 58 37 99 18 57 99 46 18 69 37 40 30 99 27 24 99 4 63 6 99 55 76 45 99 97 22 28 10 93 99 22 97 
54 65 0 2 23 62 66 30 61 25 19 57 99 51 64 43 99 79 79 13 48 99 48 36 70 99 99 63 30 52 99 76 31 99 58 40 99 99 79 99 99 49 9 39 1 82 84 99 99 73 99 99 99 24 13 99 99 22 4 48 22 99 78 75 99 9 85 75 36 33 24 28 48 99 94 70 18 3 99 67 24 31 99 21 99 99 93 90 66 94 37 99 99 13 99 96 9 13 97 99 76 
40 57 33 0 27 18 30 11 43 45 99 52 76 90 99 87 99 99 99 99 99 99 3 99 43 99 48 99 3 99 63 97 52 91 39 33 97 45 22 49 36 31 76 31 9 12 31 99 1 75 88 99 99 30 33 19 13 99 76 84 27 99 69 99 70 45 10 99 99 99 99 64 84 94 40 99 19 58 28 70 40 99 94 34 42 67 55 99 13 9 99 99 64 30 54 99 88 48 13 99 43 
5 48 27 34 0 51 28 62 4 8 36 64 72 12 93 36 99 13 39 99 51 99 78 99 85 52 99 49 37 99 13 99 58 99 49 16 99 54 99 94 9 99 37 4 1 46 99 99 76 45 33 99 99 99 33 99 40 67 24 99 21 94 76 99 99 99 99 82 99 99 6 99 99 58 99 82 9 66 1 39 79 82 3 99 58 97 99 1 99 58 99 12 9 76 99 99 31 99 48 37 99 
15 35 18 44 50 0 53 60 31 4 99 66 7 72 99 24 99 48 75 96 99 40 9 99 12 60 99 99 66 39 96 99 54 76 46 81 99 75 88 90 75 99 99 37 66 99 79 90 99 99 94 3 99 91 99 99 31 13 87 37 16 88 84 99 99 4 76 88 64 48 18 30 31 99 99 97 82 49 99 21 93 81 76 15 99 76 9 93 40 99 40 99 99 81 99 99 97 99 30 99 48 
9 49 0 50 0 40 0 4 44 26 60 39 28 99 63 99 1 97 16 42 60 99 99 99 21 79 99 99 99 99 76 99 55 93 99 40 99 76 99 90 6 99 21 4 78 19 67 78 25 10 97 64 69 99 13 99 72 76 63 99 99 42 99 91 13 99 4 30 99 13 99 99 82 99 66 1 99 28 3 99 54 12 55 4 99 21 99 54 46 24 99 42 91 99 82 31 88 99 76 7 99 
18 58 50 32 17 64 4 0 44 55 34 99 22 46 94 99 6 94 97 99 81 13 99 36 99 99 75 99 99 99 99 79 43 6 81 76 43 99 1 24 16 36 52 70 48 34 99 60 94 76 97 34 28 39 37 70 42 99 33 93 6 99 12 61 39 99 99 99 22 1 73 99 58 99 99 99 99 99 99 99 99 99 99 76 45 82 99 19 91 99 49 25 91 78 97 31 78 40 94 61 19 
64 19 22 42 38 31 45 40 0 39 61 7 45 3 99 99 99 34 19 6 19 25 73 87 99 99 61 81 94 9 99 78 97 99 10 99 66 4 87 57 76 99 93 72 84 6 99 99 93 60 99 16 78 99 99 45 25 99 78 46 97 99 85 99 85 99 70 21 99 13 6 96 99 60 93 82 99 73 99 73 75 9 99 18 82 99 1 28 99 99 99 96 99 45 67 99 18 99 18 85 99 
5 40 42 0 54 34 36 12 32 0 39 99 99 60 99 30 82 48 99 99 75 24 99 60 99 69 97 42 12 99 90 46 13 54 91 7 16 43 79 39 46 63 82 84 16 99 99 1 49 99 1 66 22 19 99 36 99 75 18 37 90 73 3 99 99 66 99 12 99 7 99 70 66 72 63 93 67 99 66 43 54 54 28 99 22 19 42 72 99 18 46 51 57 40 34 9 99 91 99 99 99 
99 64 6 99 37 66 63 57 57 70 0 44 39 38 21 18 14 17 15 45 1 99 30 36 37 99 61 54 99 99 99 99 54 99 99 1 36 99 99 28 75 99 24 99 99 99 99 99 15 99 3 78 58 67 24 85 99 66 64 72 61 87 94 79 75 28 36 30 1 34 24 61 99 24 97 99 75 37 7 34 22 63 99 99 57 40 43 15 99 3 82 45 66 16 19 51 25 99 99 25 99 
61 94 99 43 49 99 66 27 48 40 22 0 28 10 42 32 51 60 36 43 99 97 99 34 99 99 81 54 96 99 99 66 54 99 4 97 99 99 57 16 99 76 82 66 64 99 82 99 48 55 51 27 73 99 93 99 99 99 6 99 99 46 45 69 7 99 97 85 6 99 99 73 42 4 96 99 24 99 99 70 99 99 99 78 99 24 99 99 21 66 12 30 57 99 99 87 72 33 96 99 33 
93 99 78 99 99 99 42 99 39 99 9 48 0 58 52 24 43 65 59 55 99 51 70 79 1 99 73 72 93 99 99 45 81 75 7 99 97 61 75 45 37 55 99 99 66 99 19 99 90 99 22 99 55 99 12 99 99 34 9 34 51 60 99 76 99 87 78 96 99 99 18 54 1 40 30 99 34 75 99 1 99 99 66 99 99 99 90 64 99 79 25 39 21 79 16 64 81 99 34 12 1 
99 1 99 45 99 69 73 93 99 99 43 8 9 0 60 63 31 2 48 14 22 24 75 42 99 55 42 99 99 46 9 87 3 40 99 93 10 25 99 94 99 45 99 99 78 33 63 24 99 24 96 99 99 40 75 97 73 99 57 22 6 99 7 78 40 99 39 81 13 75 99 99 99 4 16 99 99 6 4 99 99 39 66 10 99 87 99 75 99 99 99 72 61 82 99 99 28 99 99 99 49 
4 85 51 99 79 99 39 39 24 55 47 54 62 28 0 17 63 0 55 42 99 99 79 84 55 99 99 99 46 99 97 99 27 10 73 63 96 99 88 67 39 99 99 55 91 55 93 99 31 72 99 25 52 60 34 99 99 99 12 43 27 21 45 99 49 76 73 24 93 60 48 54 63 99 60 3 93 91 16 99 42 78 34 45 88 60 94 39 99 9 4 96 84 99 36 7 37 84 91 55 99 
85 99 54 90 99 75 99 99 9 99 48 48 2 48 38 0 2 56 0 20 13 55 99 76 45 73 34 67 99 3 37 99 99 60 76 4 21 34 99 10 99 79 99 99 7 33 15 99 48 73 72 51 72 57 28 39 99 99 49 63 36 99 99 46 99 69 99 69 99 40 40 43 99 46 99 46 58 27 13 72 91 99 16 49 85 66 99 6 37 99 99 99 70 12 60 15 99 24 51 22 90 
51 99 99 99 73 34 48 3 34 79 22 38 18 55 42 62 0 56 58 7 99 30 42 99 31 22 99 54 99 99 54 43 99 81 99 55 34 60 96 99 82 99 82 4 99 48 81 28 99 99 91 97 81 99 3 73 99 99 46 99 99 66 93 61 40 99 75 34 99 31 99 54 72 19 99 60 99 18 99 6 99 76 91 15 16 19 99 58 99 24 99 64 42 99 67 57 18 63 61 99 78 
99 99 87 28 87 64 54 99 19 85 62 3 34 18 66 66 11 0 12 20 99 25 99 25 96 45 84 28 43 69 48 73 21 97 79 76 3 99 97 51 19 4 28 27 99 36 22 51 21 99 87 55 30 99 99 99 33 99 91 96 99 61 25 40 99 42 22 64 54 3 13 99 7 99 54 99 99 66 79 43 63 99 30 49 66 42 33 94 99 66 10 87 64 33 19 19 96 88 99 99 69 
43 25 99 87 99 24 97 99 99 99 52 66 18 4 20 26 6 49 0 48 99 85 54 99 3 99 18 69 60 99 9 39 67 22 84 99 48 51 3 58 99 16 99 87 99 99 3 99 24 46 27 49 99 99 99 99 99 99 91 91 99 66 99 99 1 48 66 99 99 55 7 25 1 91 99 99 3 67 84 99 61 16 99 99 6 99 63 54 99 97 42 81 52 67 99 91 99 64 54 21 49 
51 73 99 99 90 67 73 30 84 84 10 60 38 34 6 24 0 20 4 0 1 42 40 42 7 36 99 25 51 4 99 46 16 99 99 37 97 40 54 99 87 99 99 49 99 36 72 99 90 60 79 99 99 99 99 99 28 48 64 51 22 36 99 66 42 99 99 99 99 63 49 99 82 99 43 99 18 67 43 22 4 22 55 15 9 43 13 99 99 99 99 22 99 99 1 87 27 33 99 99 4 
25 93 34 18 84 28 7 28 25 3 72 96 73 67 66 99 36 6 46 99 0 38 46 12 35 60 4 10 6 28 25 1 99 91 99 18 99 99 15 99 99 27 99 70 24 12 57 13 52 99 49 63 99 48 30 48 99 60 39 75 48 75 31 99 55 99 99 99 54 99 91 70 88 76 51 73 67 99 99 87 22 33 37 19 99 25 46 99 99 94 70 49 10 99 58 81 96 99 6 61 57 
76 99 99 90 91 34 99 99 1 99 51 72 99 24 72 45 7 81 21 42 52 0 44 62 56 31 0 10 26 32 18 3 99 99 1 99 15 82 63 76 63 7 43 36 42 99 99 99 16 75 4 99 99 87 33 99 28 99 27 87 51 37 96 99 90 99 61 39 97 6 91 16 99 42 91 28 99 99 22 99 81 25 57 94 13 99 99 1 99 99 66 27 37 40 85 57 36 67 25 85 99 
9 99 79 57 99 63 36 99 99 12 63 73 1 87 51 75 99 6 10 48 14 56 0 32 12 51 12 44 50 6 99 25 99 99 99 43 7 99 99 7 52 43 99 49 94 33 99 99 99 99 99 57 43 99 48 64 16 79 33 49 60 13 99 55 45 57 99 75 99 16 99 99 99 72 90 37 3 67 85 99 15 76 34 99 51 87 58 45 99 57 82 66 99 73 13 46 99 12 4 88 25 
48 67 61 4 99 96 61 31 99 67 52 7 99 82 13 99 99 99 61 90 22 25 51 0 26 41 59 48 53 60 99 99 99 99 79 99 57 99 7 99 4 85 99 72 25 22 54 99 58 99 42 99 49 19 99 42 70 22 72 99 78 99 31 30 88 7 99 12 31 51 99 99 30 99 30 99 99 75 70 3 90 99 45 99 81 94 18 99 99 99 12 39 99 99 96 51 78 94 67 13 99 
39 19 91 99 99 82 97 99 24 73 40 49 66 31 75 63 87 21 73 72 38 2 66 23 0 11 18 64 50 28 63 99 66 99 96 99 9 75 96 39 99 99 16 54 99 99 24 69 99 66 16 90 99 45 99 48 87 90 99 99 10 37 99 7 99 67 42 52 99 24 99 55 99 6 45 79 21 99 79 24 42 99 99 78 99 22 49 67 99 84 87 99 99 99 13 25 79 76 19 69 36 
99 99 24 99 78 84 33 7 99 99 99 60 99 99 99 22 91 99 43 4 32 63 45 27 28 0 41 7 34 14 67 99 37 99 63 37 18 36 39 28 81 99 99 6 99 94 99 99 99 3 99 28 15 45 99 30 46 99 94 55 91 60 54 99 91 99 99 15 55 87 99 12 54 99 63 94 99 99 21 99 21 73 99 61 88 99 7 99 10 69 99 13 27 99 36 52 60 94 28 76 88 
99 64 67 43 99 99 63 93 99 97 99 1 99 99 99 99 99 99 99 99 34 4 17 46 47 19 0 4 8 0 30 99 99 75 99 1 99 67 52 40 99 78 99 84 27 99 63 36 63 96 99 6 99 30 52 99 96 85 88 66 99 3 84 10 99 1 37 99 21 61 99 76 93 99 16 99 61 46 99 99 79 99 75 85 99 99 99 99 99 24 42 33 99 99 51 19 99 52 91 99 99 
88 99 61 96 99 16 15 43 70 34 55 15 87 99 99 85 13 4 24 75 34 9 49 53 34 52 5 0 66 25 21 6 79 99 99 75 78 60 99 48 39 64 6 72 99 99 99 28 76 67 99 49 99 97 96 69 43 76 4 91 21 99 99 99 3 27 9 99 7 39 87 19 99 99 1 99 63 96 99 99 99 25 43 57 99 99 87 99 85 99 55 99 45 9 60 52 99 70 99 99 99 
99 31 82 66 87 96 99 12 13 99 52 99 25 78 99 27 19 63 52 18 10 55 36 62 26 15 2 44 0 44 27 99 67 99 99 93 33 91 88 82 99 43 99 99 99 99 55 60 99 97 99 66 99 99 99 99 61 99 22 97 73 52 19 39 99 75 90 99 67 27 21 99 60 99 81 99 99 12 99 60 15 99 99 6 99 21 99 99 99 99 99 55 99 37 99 99 81 99 21 12 99 
61 10 94 99 39 99 99 99 40 66 99 3 30 96 3 99 13 18 93 99 4 13 21 23 14 27 25 6 44 0 52 99 99 7 99 57 49 36 25 54 75 34 57 24 99 99 99 1 90 99 99 99 37 13 99 34 82 43 99 99 21 91 57 99 96 90 88 43 70 99 99 93 27 99 78 9 55 84 99 46 93 6 79 69 42 18 66 58 99 99 4 99 78 78 85 3 99 82 99 3 3 
42 54 27 99 76 54 13 52 84 48 99 6 49 99 79 99 99 99 46 33 16 70 22 88 48 24 99 99 99 99 0 18 16 54 8 51 12 5 57 17 84 99 99 78 60 99 99 99 34 99 99 16 45 51 90 27 42 96 99 51 30 99 25 99 67 6 69 1 67 99 99 99 99 64 93 97 57 87 18 73 3 61 96 60 90 45 4 94 99 42 78 19 84 99 99 37 4 22 99 91 93 
64 99 52 64 66 30 99 99 99 25 1 39 99 30 61 22 34 63 49 99 99 25 81 99 99 99 99 99 99 13 7 0 34 48 11 26 44 23 4 48 94 99 99 84 99 99 76 6 36 90 99 82 61 52 93 99 70 99 99 18 22 99 7 99 99 55 88 99 1 99 75 94 31 48 43 63 85 99 25 33 21 13 99 72 81 94 99 1 90 99 48 13 99 99 66 99 99 25 52 54 99 
9 99 99 40 99 66 63 99 94 94 67 99 40 99 4 70 99 99 61 24 99 97 69 31 51 99 18 99 42 48 61 60 0 44 40 35 64 38 24 60 99 18 99 61 82 99 16 76 9 99 24 61 99 36 99 99 61 67 60 33 91 37 22 25 22 82 27 82 67 94 10 69 22 18 19 78 58 18 15 73 99 99 4 99 75 84 99 88 99 36 99 75 99 99 78 40 63 42 15 99 99 
57 52 64 60 99 48 81 99 88 64 67 99 99 99 99 37 25 37 73 97 99 55 99 42 1 58 4 72 66 88 22 12 33 0 27 11 50 39 12 19 1 66 58 66 99 21 57 25 99 99 12 99 1 75 6 39 99 16 97 99 24 99 22 99 90 99 58 99 34 64 49 99 28 22 21 28 19 99 12 27 66 99 88 99 79 99 99 64 46 57 46 97 39 9 7 99 54 81 99 34 99 
99 72 19 6 99 12 4 63 10 99 37 99 76 66 97 99 99 90 52 34 34 58 25 99 82 66 99 82 63 82 30 37 0 12 0 30 52 57 40 30 81 99 99 99 99 58 85 91 22 48 30 9 88 99 16 33 63 55 99 84 12 99 60 19 36 91 99 99 99 99 99 99 43 6 24 22 45 99 91 79 13 87 34 66 96 99 99 34 13 99 99 34 93 1 99 91 22 3 27 16 99 
54 91 94 99 99 6 22 99 99 99 88 43 51 99 48 13 69 64 99 27 99 19 99 12 67 99 58 15 88 7 1 5 55 10 6 0 56 14 30 61 51 3 99 99 33 28 21 1 70 49 72 54 7 78 3 34 60 99 9 81 55 99 48 99 3 73 45 46 61 88 18 99 36 18 90 99 9 99 25 31 99 99 99 40 19 85 40 10 99 99 22 48 94 99 99 99 49 48 70 99 99 
99 81 96 99 99 34 79 99 85 99 99 99 30 55 49 6 76 99 27 99 9 99 99 51 99 40 63 39 61 66 52 14 47 30 50 41 0 4 64 60 24 16 99 52 99 1 52 99 58 4 99 73 30 52 57 36 43 99 43 99 15 99 99 99 43 15 28 78 46 99 76 99 3 9 73 25 69 15 51 99 43 31 99 99 82 37 99 51 39 99 99 25 82 99 99 40 37 13 93 64 63 
94 84 64 99 99 3 10 99 72 33 55 99 7 97 99 43 34 93 99 18 99 99 72 99 48 25 36 70 52 16 25 16 34 2 50 24 0 0 13 47 99 33 99 90 49 7 99 27 25 45 82 42 96 84 15 99 99 4 48 93 51 16 63 90 99 99 63 99 7 99 64 99 93 46 99 99 99 3 99 40 60 40 99 42 52 61 99 39 99 12 99 99 99 99 42 10 99 60 21 82 99 
85 34 99 87 31 30 99 58 66 28 81 19 7 82 99 99 99 99 99 21 97 99 4 13 64 76 96 94 27 76 15 62 58 49 1 63 2 61 0 0 64 81 1 42 99 99 99 45 52 99 99 91 69 22 9 18 99 70 10 99 21 84 84 99 99 99 42 99 81 90 99 30 16 79 75 60 7 84 84 43 78 43 25 90 93 99 39 88 60 12 99 99 21 52 99 48 9 99 99 21 36 
99 4 15 33 99 40 99 19 75 63 34 99 37 99 99 76 1 19 66 31 58 4 99 6 99 34 43 37 99 99 28 16 52 20 58 19 44 22 6 0 99 99 99 64 84 99 46 99 73 79 55 33 72 34 99 99 22 57 82 99 10 99 88 99 24 94 96 1 70 54 9 66 99 24 99 12 93 87 45 75 97 10 46 99 99 99 9 82 18 60 49 99 30 10 87 57 45 99 87 18 48 
21 82 34 99 12 4 99 93 99 99 16 70 39 57 24 25 57 99 42 12 99 12 27 51 99 88 99 99 73 99 99 58 99 99 99 69 99 49 99 3 0 2 48 32 42 27 0 18 60 11 99 99 91 99 70 21 96 99 13 99 99 99 48 18 99 99 90 69 99 43 39 75 99 72 13 4 27 99 93 99 94 99 49 10 3 25 99 10 49 79 99 24 28 46 94 99 70 70 99 72 30 
4 99 66 99 99 16 6 27 99 22 18 78 99 99 21 72 36 99 99 91 40 67 99 61 64 34 84 99 99 64 99 13 99 28 99 52 51 99 99 99 37 0 25 40 11 25 57 0 37 64 94 99 99 58 34 81 99 30 12 99 12 88 79 63 99 99 99 99 42 63 76 70 85 72 99 49 99 63 16 90 99 12 13 99 87 84 37 99 25 48 33 55 99 22 31 99 99 63 99 99 12 
13 31 3 99 22 82 99 99 99 99 61 60 99 40 99 28 43 19 13 99 36 63 46 99 97 93 76 4 37 42 90 99 97 57 3 6 60 81 99 91 58 12 0 24 60 42 24 42 26 20 4 40 99 99 31 3 18 6 13 99 99 36 13 39 99 37 63 15 88 99 10 7 90 43 99 70 4 10 78 18 49 99 63 60 99 55 1 64 21 4 76 99 7 99 99 99 99 99 34 67 99 
99 76 36 99 61 99 99 19 99 48 99 99 19 61 12 99 99 57 99 99 34 6 48 78 99 81 27 99 27 37 66 88 99 79 13 27 18 99 31 49 32 28 8 0 63 49 18 26 43 35 61 73 99 1 99 99 60 99 1 99 99 99 46 99 99 99 63 42 78 99 99 84 99 39 15 67 37 30 4 52 99 54 99 99 1 55 61 99 72 19 99 36 15 9 4 60 97 99 30 25 99 
10 99 82 9 91 67 4 60 88 94 72 99 99 97 99 1 31 69 7 84 27 25 82 99 81 99 82 99 78 75 99 96 46 79 15 78 96 79 99 42 46 10 57 55 0 29 54 12 66 4 84 99 70 7 99 99 99 54 84 99 25 30 24 63 82 36 49 60 99 85 31 99 99 99 99 99 1 21 90 28 99 4 99 99 3 9 67 12 99 99 4 22 12 33 43 96 99 91 49 22 91 
30 99 30 99 3 33 99 99 55 96 10 99 4 18 51 75 99 99 67 96 54 93 22 99 6 99 94 99 99 99 31 64 99 99 7 99 51 91 99 16 28 28 38 48 62 0 36 23 46 44 99 99 85 99 94 52 94 51 99 57 43 99 30 99 69 99 90 99 91 49 99 73 34 22 49 45 99 19 6 99 99 15 28 99 61 55 70 21 19 49 85 96 61 73 99 82 99 37 87 99 12 
99 99 73 99 55 94 99 21 64 99 70 94 48 99 99 21 15 99 16 48 99 99 99 99 67 99 9 3 46 30 3 33 12 9 67 27 99 81 40 37 24 46 12 40 58 46 0 42 15 65 3 34 3 99 99 76 99 99 22 87 99 39 99 75 85 99 25 9 73 97 99 85 4 6 34 99 78 37 36 99 87 90 99 57 99 39 52 48 31 24 99 57 99 60 25 99 99 97 99 43 99 
99 99 57 99 46 18 99 67 85 97 12 99 72 45 12 99 99 96 34 57 19 37 99 22 37 88 99 76 99 78 84 91 99 99 99 82 9 49 97 40 35 43 40 5 26 0 8 0 12 10 93 99 99 70 99 27 99 30 30 64 99 45 81 99 34 99 99 25 94 21 67 4 93 73 33 99 27 99 99 22 24 94 37 99 99 99 19 7 82 99 21 1 99 18 37 42 99 39 99 73 97 
67 99 21 99 99 99 66 99 99 81 49 82 99 99 99 34 36 27 40 94 99 84 52 99 99 72 40 51 90 75 99 76 49 43 99 33 3 99 99 99 8 65 4 55 26 4 55 13 0 24 19 99 3 99 28 61 34 99 39 99 99 19 97 97 46 99 73 99 4 33 64 99 94 10 99 93 91 99 3 81 99 81 99 9 13 46 69 99 66 63 78 99 70 82 64 24 72 96 99 22 16 
99 39 99 99 4 40 99 99 99 19 4 37 99 57 99 94 10 99 45 99 99 61 72 81 69 99 99 96 78 99 12 67 82 48 99 67 99 25 12 75 47 48 24 51 13 11 64 54 34 0 70 72 69 27 63 55 99 99 99 99 1 99 54 78 99 30 99 82 67 18 99 99 10 93 46 99 31 49 67 63 99 99 18 61 18 43 93 99 99 90 91 85 34 99 96 24 99 30 99 90 99 
34 15 91 84 99 93 49 99 31 57 30 99 43 99 27 31 99 36 76 99 1 61 58 42 70 88 13 31 99 99 15 79 90 9 37 99 99 99 99 99 82 19 84 72 97 39 33 31 6 78 0 3 31 54 6 60 34 50 8 0 16 99 19 51 48 37 57 99 25 67 55 37 70 18 99 91 66 63 52 6 99 54 28 9 84 81 99 82 97 36 96 18 70 99 99 49 16 18 45 99 99 
84 54 99 97 99 6 42 57 99 99 99 49 99 81 25 99 27 37 70 25 99 39 99 82 22 13 46 27 61 4 12 99 19 76 37 25 6 84 99 45 79 76 99 75 99 99 13 55 55 96 6 0 14 30 29 56 1 66 32 26 90 6 67 51 99 19 99 99 42 66 3 99 67 42 87 99 99 93 99 84 36 4 99 12 99 99 22 99 87 96 19 99 60 99 94 99 63 76 48 46 39 
19 85 99 4 99 99 91 99 7 99 85 99 97 94 99 42 99 99 76 99 99 84 99 58 45 18 73 7 6 63 6 99 94 54 99 96 99 1 67 99 21 97 99 79 37 99 15 4 31 55 34 52 0 58 24 38 54 31 14 56 37 73 99 99 16 99 99 99 13 79 90 78 3 99 99 1 85 67 25 37 24 66 42 6 99 43 19 99 99 82 87 69 99 90 1 99 48 99 30 21 60 
48 99 49 99 1 61 75 22 19 34 46 49 88 9 99 99 99 58 1 99 27 33 15 61 67 87 99 99 99 55 99 73 85 97 16 99 15 96 33 99 49 61 48 10 52 24 99 58 99 54 0 35 6 0 64 48 41 8 49 65 91 94 82 43 42 78 99 54 37 76 57 27 99 40 24 94 3 79 12 21 10 18 78 60 85 61 99 99 81 58 66 25 15 99 99 15 99 16 16 99 30 
69 1 99 99 67 91 99 99 96 99 69 22 37 49 99 49 46 67 99 72 64 1 72 58 67 36 61 85 25 99 16 99 60 48 99 99 99 99 99 99 58 12 45 3 75 6 67 42 99 36 26 6 2 20 0 4 8 11 41 44 99 60 99 64 99 58 99 99 30 69 94 13 45 42 99 45 97 7 99 99 64 69 82 99 99 99 94 42 30 99 99 99 72 99 99 99 81 91 66 9 99 
99 99 99 99 99 90 99 99 9 99 82 99 69 33 1 99 22 91 99 72 40 63 76 99 42 99 76 99 15 99 99 30 79 55 69 61 43 27 69 33 99 99 63 28 27 60 9 27 13 25 58 26 20 3 34 0 52 28 48 59 45 16 31 99 78 99 6 76 87 99 99 81 61 99 72 12 57 99 91 99 96 13 99 99 7 99 6 24 90 70 99 99 73 30 55 6 67 78 33 99 99 
99 99 99 73 61 21 99 99 39 4 99 72 19 70 27 99 39 28 24 93 82 99 85 97 99 99 21 24 70 99 43 75 27 76 97 61 7 3 99 13 99 99 90 82 99 84 75 91 93 58 38 59 64 33 45 10 0 44 6 59 99 54 39 18 99 60 60 7 75 91 99 84 99 87 55 99 81 99 22 63 46 72 99 96 18 99 75 64 99 7 90 64 99 99 99 49 69 99 24 22 82 
7 18 58 96 99 82 36 4 25 51 55 99 52 1 94 48 36 99 37 31 16 99 99 99 99 46 97 37 69 24 61 85 18 15 99 75 28 49 99 30 99 99 31 99 79 3 94 39 99 99 58 52 52 47 16 41 35 0 65 19 99 46 93 91 22 96 66 99 48 94 15 99 16 6 55 99 99 99 3 72 37 99 7 76 30 64 34 81 70 43 21 46 88 99 99 99 39 13 58 99 99 
67 54 99 4 1 67 48 97 34 81 7 48 82 34 55 99 99 99 10 34 99 99 90 42 79 36 4 73 64 3 48 99 99 37 81 99 4 4 40 21 99 16 99 30 99 28 37 70 19 99 4 2 54 18 10 46 60 32 0 36 25 63 99 60 99 33 99 99 93 84 99 24 58 76 31 99 99 28 73 99 72 1 57 18 76 37 24 99 69 64 70 93 37 99 15 30 99 60 99 99 99 
82 91 79 99 19 75 33 99 1 79 67 15 99 6 58 96 3 99 78 61 12 48 15 99 13 99 30 37 27 46 3 96 31 99 99 25 99 18 73 49 99 64 99 88 75 99 75 81 99 39 35 49 18 52 39 33 55 40 14 0 99 99 60 66 99 58 99 99 99 7 13 99 79 58 57 49 39 51 22 99 88 34 99 99 7 99 3 99 6 81 81 99 16 79 99 3 78 99 79 22 51 
99 25 60 54 99 99 85 99 99 31 93 99 99 99 60 73 64 99 99 34 33 99 24 66 84 67 99 45 63 37 99 36 76 25 22 49 15 99 85 81 4 99 58 99 99 99 54 58 85 76 88 99 99 73 15 33 99 93 63 64 0 12 60 29 62 12 25 12 2 44 42 99 99 39 16 99 66 99 67 55 24 22 72 97 99 88 99 69 91 39 54 66 99 94 99 13 54 99 99 99 3 
52 99 24 27 48 76 15 99 34 99 60 99 34 85 54 99 58 69 52 52 69 99 99 99 37 94 25 99 94 40 22 3 55 99 99 99 58 63 67 99 40 78 90 96 37 46 99 99 15 24 99 84 99 93 61 36 99 24 15 72 62 0 10 18 32 11 28 7 25 35 57 94 42 24 30 99 99 93 99 45 99 40 99 34 99 75 60 99 99 96 72 99 1 85 1 55 46 21 91 1 84 
82 21 91 99 69 99 90 24 70 9 31 96 16 99 99 31 78 10 48 78 99 99 94 99 15 91 60 84 99 99 99 75 37 3 90 72 99 45 67 58 99 99 78 27 99 27 96 66 19 12 99 99 99 81 28 22 99 70 69 99 3 64 0 64 20 26 61 11 37 7 7 3 12 99 72 24 36 43 36 60 99 13 61 33 99 60 72 58 99 37 93 51 49 79 45 82 40 45 45 43 99 
37 99 1 1 43 69 28 99 99 64 90 63 34 99 40 9 99 99 75 99 19 34 19 33 18 67 96 78 88 99 99 75 30 10 67 99 69 84 99 97 85 45 42 99 90 99 21 99 99 61 43 60 7 99 91 99 15 93 99 99 58 47 6 0 46 60 28 22 24 39 66 99 72 34 99 99 93 30 39 99 21 72 27 7 18 1 67 31 60 99 99 51 99 99 21 1 67 37 46 99 99 
70 21 21 33 24 99 99 60 84 99 28 58 6 40 99 1 99 6 31 39 99 52 75 10 99 70 99 99 99 64 30 73 99 99 16 49 99 36 90 76 66 27 99 99 3 99 16 39 39 54 87 99 78 54 45 99 30 1 99 99 23 55 44 17 0 55 62 60 56 44 85 99 67 91 3 7 60 88 99 96 99 4 99 72 31 4 99 12 31 9 99 48 99 99 64 76 55 99 99 99 81 
45 6 99 96 99 99 82 76 51 91 49 99 99 93 99 12 55 93 64 99 99 67 64 27 33 24 99 88 99 7 99 99 99 37 22 99 10 51 7 43 99 97 1 99 87 90 99 66 37 46 99 99 72 58 51 54 13 99 99 99 31 52 13 39 20 0 56 53 66 40 79 63 99 82 63 96 60 25 64 99 46 94 99 39 58 12 4 48 99 99 54 67 85 25 70 31 99 97 16 75 52 
99 99 99 99 60 34 81 45 34 12 99 99 51 18 18 64 9 57 42 52 99 49 6 48 63 99 36 99 99 87 7 49 1 93 78 10 66 99 99 57 10 99 25 99 18 99 69 78 21 66 33 46 4 63 99 75 99 63 58 69 36 30 46 18 60 62 0 50 18 57 99 42 19 52 16 99 99 49 99 21 27 60 84 99 63 99 94 7 18 99 99 99 61 99 84 99 63 88 99 73 10 
99 99 46 27 54 69 37 99 93 43 79 97 99 99 97 99 99 99 99 72 99 99 88 61 4 42 67 99 99 63 94 99 3 21 99 99 31 99 73 31 46 99 3 99 99 87 55 4 99 4 4 96 52 99 84 45 99 46 99 67 52 16 29 58 36 43 1 0 57 54 99 99 42 88 3 1 99 4 49 9 99 99 33 25 94 67 99 99 34 99 99 99 99 99 27 99 99 76 19 34 73 
99 46 99 61 99 57 39 60 27 99 51 97 58 49 15 70 60 37 99 91 42 18 51 79 24 31 30 99 88 55 6 99 46 87 13 49 99 99 94 75 99 99 99 99 24 96 16 99 61 63 60 85 16 66 45 73 70 82 99 52 48 33 6 24 51 42 12 19 0 38 61 99 99 42 91 99 67 39 19 64 91 96 22 27 99 99 1 7 99 85 13 70 94 99 99 33 63 46 49 99 99 
99 99 76 99 99 15 7 39 99 4 99 37 99 48 24 99 97 6 99 43 48 99 25 33 60 58 99 49 70 25 99 99 99 31 99 36 87 4 99 37 27 49 22 10 27 99 99 76 46 24 99 76 87 99 64 99 33 48 99 91 24 46 46 48 34 27 13 15 60 0 27 99 99 72 99 33 99 99 99 18 99 55 58 72 99 99 99 99 99 30 85 42 99 64 99 49 12 99 99 91 99 
73 99 84 99 48 9 43 99 49 97 99 88 81 69 4 79 85 64 99 99 34 99 81 42 99 22 45 64 75 99 99 70 19 99 16 33 3 73 81 10 55 79 99 99 52 3 25 9 99 99 54 99 99 99 13 99 10 99 97 75 12 99 99 93 99 36 99 99 99 1 0 58 20 6 39 66 61 30 26 8 15 57 40 99 21 57 99 78 27 85 99 61 6 18 99 6 58 19 19 30 19 
99 99 25 28 99 64 99 99 81 40 99 99 58 52 48 76 99 12 39 54 99 99 15 43 99 10 60 88 58 87 99 7 1 93 16 67 87 18 34 31 99 99 94 99 52 99 43 43 99 7 33 42 99 43 99 99 99 96 61 99 69 63 99 99 7 55 99 99 19 10 15 0 49 59 35 12 32 66 46 64 99 99 97 99 94 99 78 99 16 60 39 84 15 99 19 99 4 31 84 81 99 
99 31 99 16 46 12 4 96 99 37 84 91 39 51 99 91 69 87 99 30 6 99 78 52 87 99 99 28 99 30 73 99 93 99 12 66 6 55 97 99 18 67 1 75 99 61 99 91 99 19 99 42 82 97 58 21 93 33 28 1 45 40 99 99 61 99 4 81 4 82 49 14 0 20 41 58 17 66 33 44 79 45 96 31 39 96 21 24 75 99 75 99 99 90 99 22 99 22 45 76 99 
66 66 36 18 36 81 99 15 58 57 25 13 48 25 99 99 34 99 58 99 91 97 45 79 31 88 36 12 36 99 84 34 84 99 99 99 64 99 99 99 99 7 99 99 58 78 42 99 99 25 48 36 99 58 99 37 97 42 55 99 45 85 82 99 84 72 99 42 99 72 36 38 42 0 6 33 44 19 28 24 99 99 4 99 70 40 54 99 99 16 25 99 99 15 67 99 99 99 10 66 64 
37 28 70 99 96 84 48 99 99 7 99 7 9 99 12 60 93 99 22 99 99 42 31 99 73 7 25 37 99 30 52 99 58 99 27 99 18 99 99 51 46 93 99 97 16 52 55 99 99 55 51 99 99 28 7 18 91 99 99 31 99 36 99 96 25 66 49 21 24 42 32 48 32 28 0 11 44 59 0 47 34 66 99 61 33 21 54 18 99 39 79 99 99 99 85 99 9 99 18 90 99 
6 99 36 4 84 99 99 78 99 99 97 12 85 1 55 99 99 99 99 60 51 4 51 99 31 99 16 99 75 91 99 57 94 40 81 36 34 7 88 99 99 99 76 73 99 96 99 24 64 13 55 63 99 99 3 99 99 6 99 99 64 99 99 52 70 99 99 27 99 99 32 54 65 60 22 0 51 8 25 27 48 36 85 76 99 30 75 82 13 48 88 7 13 99 54 72 69 27 55 45 97 
54 9 99 96 72 99 25 72 99 99 99 96 99 57 61 66 4 88 25 99 99 99 99 99 99 81 31 73 34 76 88 24 99 54 82 27 99 36 99 22 43 3 6 99 30 12 66 99 84 69 99 22 22 42 13 99 30 66 39 48 94 3 91 99 70 15 18 99 99 99 6 20 44 0 65 36 0 40 7 12 99 6 99 96 88 55 27 99 99 36 42 34 76 90 99 15 43 99 24 99 99 
91 99 88 19 60 48 69 49 82 99 46 48 42 72 99 99 70 99 34 99 99 99 19 70 7 15 66 64 4 99 39 60 99 7 7 1 18 99 37 99 57 25 60 12 99 69 99 33 99 30 82 9 99 21 15 78 58 49 99 36 42 79 79 27 99 18 72 99 99 99 38 14 19 10 66 18 2 0 30 8 15 99 34 99 99 99 57 99 99 7 99 99 96 99 45 63 99 72 40 73 52 
99 91 55 31 58 46 72 27 73 28 15 36 61 99 99 99 54 99 31 45 99 79 99 6 99 99 57 76 85 64 30 79 99 85 99 70 60 25 99 94 36 46 21 48 99 91 93 52 63 13 58 82 99 72 99 55 88 99 88 99 66 39 1 99 87 28 57 30 99 36 15 49 48 1 52 66 64 50 0 27 70 99 99 99 49 99 34 99 1 81 58 48 34 42 33 99 54 99 36 85 10 
90 90 99 27 99 42 99 87 36 99 72 52 76 67 90 63 99 63 99 99 37 96 99 99 69 57 99 90 99 33 61 99 51 99 99 22 36 93 10 99 99 99 64 99 52 99 99 85 43 99 78 7 99 99 61 67 40 58 70 73 12 22 37 64 66 6 39 10 43 25 36 42 66 44 27 21 19 6 6 0 25 99 99 99 58 99 42 66 25 6 93 99 16 70 99 69 24 99 28 3 52 
99 97 88 99 75 97 18 30 99 4 99 42 87 13 51 99 90 99 85 75 33 99 84 13 88 85 19 99 90 99 4 99 16 34 57 7 91 6 72 18 34 85 99 30 99 52 82 1 57 99 64 99 99 48 40 67 99 90 99 21 99 36 51 99 33 25 72 9 40 58 36 1 99 6 99 99 79 6 99 40 0 19 26 28 18 50 61 8 17 41 34 21 99 81 6 42 99 67 55 48 42 
99 99 88 7 99 85 76 13 99 40 85 57 48 99 99 7 13 99 99 6 18 99 99 67 99 99 99 99 34 99 19 99 99 39 45 99 99 99 76 99 66 99 13 91 69 99 99 33 48 52 99 99 94 81 91 82 99 3 99 99 52 25 15 99 87 79 42 70 99 99 88 75 94 52 99 99 87 99 48 93 39 0 50 4 8 61 24 10 6 30 13 99 99 57 58 40 45 87 60 42 34 
99 73 42 10 60 99 99 24 99 99 22 61 91 52 33 54 55 99 31 99 1 49 4 93 30 94 4 51 12 27 25 99 51 88 10 99 3 99 99 16 40 99 96 61 99 45 76 99 88 46 84 6 67 60 33 76 52 52 70 61 99 99 97 79 87 1 54 96 15 13 10 84 99 99 12 33 75 99 99 99 37 53 0 26 6 53 50 23 14 3 37 66 99 66 31 99 99 42 96 3 25 
99 40 24 78 1 22 43 43 10 48 58 28 15 99 51 90 58 99 52 63 99 3 36 51 18 91 81 34 87 45 99 99 30 69 3 99 69 39 99 99 99 28 24 99 99 99 9 25 45 33 7 99 81 39 94 99 57 99 91 99 49 55 99 54 99 67 99 43 43 70 34 69 18 97 4 99 1 52 52 28 59 19 38 0 1 38 32 12 40 12 51 66 60 78 99 87 69 12 82 51 99 
7 99 99 81 43 99 99 99 64 30 97 52 99 46 99 99 99 81 6 85 10 4 43 73 34 52 99 99 79 99 99 99 15 99 78 99 64 99 34 7 61 99 99 4 54 9 52 57 55 99 99 73 30 45 45 99 21 75 43 40 99 99 3 99 99 99 48 99 99 97 24 99 78 99 54 94 70 37 99 99 56 26 42 31 0 21 29 62 27 43 78 3 99 21 99 22 99 57 48 43 99 
82 99 39 99 40 13 99 99 15 96 99 88 45 58 99 99 57 64 4 99 24 52 97 76 13 99 99 28 67 21 99 76 70 99 31 37 99 99 28 27 45 64 99 99 99 64 10 72 99 99 21 64 99 99 99 61 63 99 34 99 79 99 99 84 76 43 99 3 69 99 12 72 99 18 39 99 21 78 88 99 10 26 49 56 51 0 44 2 11 54 9 55 66 36 88 99 99 76 55 82 1 
75 99 99 75 99 31 51 94 99 70 99 75 99 34 99 99 99 58 99 99 7 60 99 46 99 75 99 46 76 99 85 33 99 75 99 99 99 55 99 30 37 37 4 52 99 93 99 99 76 61 18 66 73 60 66 99 12 64 99 99 34 99 34 37 90 91 99 1 99 99 1 99 72 99 24 54 19 99 33 49 28 16 37 57 55 64 0 1 56 25 21 67 6 22 78 99 34 99 81 99 6 
25 25 93 19 46 84 70 52 99 18 99 84 99 24 45 27 99 87 33 99 99 99 99 99 99 66 99 73 21 87 22 63 31 99 21 60 70 99 33 49 7 99 40 58 73 58 54 57 99 39 61 90 61 28 99 76 99 73 93 19 99 99 3 99 99 60 99 10 99 99 34 99 54 99 82 58 99 21 79 76 64 1 45 20 20 53 55 0 21 57 37 99 36 99 99 99 99 39 99 99 10 
45 55 97 51 82 99 46 79 57 93 91 57 99 99 99 75 7 93 99 99 57 91 99 99 27 58 99 90 99 99 79 99 7 99 99 81 99 99 60 33 82 88 22 96 25 37 28 52 99 99 55 99 99 42 96 45 99 3 7 15 1 99 99 99 31 99 99 4 99 39 76 12 93 99 1 15 69 27 99 99 51 20 62 36 36 6 25 58 0 40 25 99 75 25 91 22 99 72 1 46 99 
36 24 66 36 87 82 99 99 25 40 52 73 99 99 63 75 99 15 39 54 64 9 54 21 99 63 99 99 99 57 97 99 58 67 69 99 10 61 39 99 99 28 99 99 31 99 99 70 42 34 60 99 15 63 48 57 9 75 18 9 54 81 43 67 99 37 99 90 15 15 97 87 99 75 16 99 99 48 30 63 12 62 6 43 22 65 4 33 56 0 37 57 15 99 10 99 99 69 99 94 99 
81 27 66 85 60 73 99 99 72 22 99 84 49 88 39 76 85 10 16 85 42 13 94 22 99 99 36 79 7 9 99 40 1 99 99 99 22 99 37 12 99 6 99 99 40 76 13 99 99 99 99 99 99 96 4 75 76 99 27 85 99 99 96 99 48 57 4 99 37 15 52 3 78 99 88 63 99 99 94 72 18 99 99 16 99 13 60 87 99 25 0 10 18 17 3 38 21 24 18 64 99 
99 81 70 73 70 31 57 99 99 99 99 97 9 24 42 99 97 99 37 99 99 99 99 48 19 99 99 66 99 99 76 69 99 99 99 64 3 99 99 57 37 99 48 28 99 99 1 99 99 76 99 99 69 99 43 61 19 7 45 36 99 76 76 12 99 42 1 91 63 87 67 99 90 3 93 99 91 99 64 79 46 72 99 19 99 88 99 94 99 99 43 0 40 27 41 59 20 30 18 4 99 
61 99 99 99 93 99 99 99 27 99 99 66 24 49 93 88 4 9 99 99 99 70 99 69 48 27 31 46 49 99 99 4 48 90 34 28 99 99 99 57 70 99 99 99 9 75 9 99 99 6 93 13 7 99 82 15 12 99 82 99 99 99 99 99 99 63 88 99 72 18 4 7 37 7 3 99 99 70 33 99 85 97 69 81 15 99 67 72 99 99 37 46 0 66 38 9 38 22 18 18 13 
67 58 24 99 99 40 99 99 82 88 76 99 28 99 76 72 58 48 58 99 55 61 78 54 64 69 3 49 99 48 87 3 99 81 87 84 54 45 76 82 43 99 15 96 51 46 9 37 31 99 22 99 34 99 24 76 64 43 49 27 99 99 52 90 61 12 99 99 7 34 99 99 27 33 30 45 90 99 22 30 7 24 79 9 13 99 93 9 57 99 46 28 12 0 63 14 4 36 66 22 31 
99 99 39 99 93 84 54 99 99 99 6 9 99 76 55 9 73 79 70 99 12 60 76 69 79 91 27 4 88 60 91 9 69 99 54 99 99 81 63 99 24 99 40 99 30 99 99 99 99 88 99 99 39 28 43 99 99 99 16 99 99 51 28 18 81 99 67 51 90 48 99 99 78 99 72 19 94 67 37 99 99 99 99 99 58 52 57 6 99 33 54 12 66 43 0 33 50 34 4 64 99 
51 94 55 4 45 6 31 81 16 88 1 99 40 81 33 1 37 61 37 54 99 52 27 61 34 96 99 49 46 73 43 99 99 96 52 46 4 99 70 75 99 24 36 46 99 55 36 99 99 39 66 99 75 39 76 58 67 15 16 72 31 52 4 54 36 54 19 30 99 12 99 33 73 18 99 81 99 18 69 99 99 99 84 99 67 9 46 15 67 60 61 30 35 13 44 0 66 31 44 63 27 
99 66 64 75 99 99 24 99 54 90 13 99 99 16 99 99 99 40 72 40 22 49 99 3 97 60 54 6 99 99 76 81 99 12 99 15 61 67 10 90 99 39 76 46 7 99 54 99 33 15 3 66 12 46 22 1 99 99 13 30 99 96 99 99 73 84 30 30 99 57 99 28 51 87 99 27 49 79 99 7 99 48 66 99 84 99 54 12 60 30 46 38 63 24 8 10 0 63 16 12 99 
75 99 99 94 73 70 99 57 21 99 57 99 13 99 93 46 96 66 6 43 46 99 99 76 99 16 51 10 99 99 45 60 6 99 75 60 99 76 57 22 43 99 64 16 51 69 57 99 99 99 63 79 78 99 22 33 34 99 4 99 99 87 18 57 3 31 99 54 99 91 13 7 9 84 45 99 99 99 99 46 3 25 22 9 99 57 51 45 99 99 53 28 38 60 38 50 35 0 20 35 37 
25 99 48 70 99 93 99 55 99 99 99 46 97 99 99 31 27 45 1 7 51 97 85 93 1 40 25 60 99 48 25 99 91 99 49 21 99 99 99 99 99 96 99 72 99 34 70 42 96 99 63 58 22 54 28 87 99 99 12 99 99 1 54 39 3 99 36 99 99 99 99 9 99 10 4 25 99 99 76 18 99 1 73 7 21 37 43 40 7 63 8 11 57 14 14 62 19 32 0 32 64 
61 99 99 99 48 99 99 72 60 16 52 96 63 99 22 99 52 36 66 76 99 61 55 99 7 69 18 3 13 90 99 72 21 73 51 99 34 99 61 99 99 81 99 99 12 91 52 99 84 24 79 69 99 99 28 15 96 99 99 99 76 13 88 6 36 13 45 33 76 99 54 69 99 18 63 99 87 99 99 97 22 51 73 40 76 75 99 25 78 82 23 40 0 66 2 24 23 62 56 0 88 
99 43 57 66 27 81 99 99 27 99 97 99 75 99 84 34 61 60 52 7 94 99 31 28 9 46 99 88 99 99 99 99 96 34 48 99 99 99 99 99 54 99 69 4 63 99 99 73 4 99 99 99 43 99 99 79 33 99 84 90 31 52 25 99 13 84 27 70 99 70 22 72 60 25 99 6 39 39 99 99 99 9 99 37 99 54 99 43 16 34 46 99 60 13 93 28 12 48 99 99 0 
