n: 100
m: 8
Pi:U[1-99] 43 79 25 52 65 82 77 65 92 94 31 52 45 53 99 53 96 30 93 65 46 24 84 72 19 19 26 3 81 33 19 76 88 6 19 87 26 89 27 39 87 3 66 50 24 10 76 44 50 63 76 10 37 69 31 79 80 23 17 54 88 87 4 64 25 20 60 33 99 16 36 8 66 18 36 93 75 22 6 8 78 32 51 16 12 44 34 93 10 4 29 1 44 22 71 31 8 26 79 8 
Si:U[50-99]
0 60 68 94 73 55 72 93 73 61 58 82 66 92 93 50 61 64 77 88 65 53 92 58 95 64 69 64 61 58 64 92 62 59 67 54 97 95 89 62 96 51 96 54 63 97 85 98 65 84 77 83 55 97 59 75 68 60 89 68 61 70 93 77 91 78 98 84 78 82 78 56 97 63 78 66 57 80 87 70 55 96 53 66 71 69 99 86 98 69 99 91 90 56 88 96 94 91 91 86 66 
98 0 65 59 52 63 73 78 92 69 64 84 86 91 71 58 69 82 53 71 89 81 74 65 73 98 53 62 51 72 95 84 57 93 90 85 64 59 50 92 73 71 95 95 97 82 51 92 82 78 81 57 87 66 89 75 66 84 85 58 91 66 57 79 93 57 57 77 73 56 70 82 75 50 77 82 60 87 94 53 75 87 64 66 92 85 61 61 84 57 94 59 80 99 85 94 79 58 70 97 88 
60 71 0 61 88 86 97 61 76 97 76 98 69 78 66 84 57 86 66 63 69 55 97 81 93 99 73 82 80 73 76 84 62 94 96 80 64 56 72 56 72 82 97 57 56 58 99 62 63 90 78 62 91 85 68 78 67 51 81 50 60 50 74 56 67 94 69 64 56 57 55 83 81 93 53 54 57 61 85 78 70 55 98 95 79 84 78 72 57 91 67 86 69 62 62 96 64 70 84 74 60 
64 77 96 0 95 94 85 62 83 75 57 87 74 87 50 77 97 79 93 52 71 65 63 55 72 66 66 72 74 91 97 61 94 74 89 58 85 60 77 50 81 97 62 82 85 62 87 65 58 79 99 65 98 65 81 70 75 83 96 71 50 67 51 67 70 97 69 93 60 91 54 97 64 59 95 96 97 71 76 67 61 72 53 87 61 53 63 50 78 95 63 52 67 85 84 71 95 68 52 66 95 
59 97 61 69 0 89 74 53 96 96 58 95 56 67 87 51 69 88 79 72 76 72 54 87 65 75 67 63 67 76 69 99 50 88 66 64 92 77 97 96 50 69 90 67 64 52 96 67 76 72 58 53 78 66 64 85 75 82 84 78 71 71 67 67 82 75 50 66 58 52 74 69 85 65 83 56 88 81 88 85 66 63 61 56 80 66 53 74 70 76 55 55 62 61 78 82 95 77 58 70 72 
52 95 78 62 85 0 89 93 79 71 81 51 73 63 73 89 54 60 63 94 57 74 97 83 70 75 83 66 56 56 92 67 71 82 96 76 98 71 92 90 54 51 69 89 91 76 66 73 95 82 70 90 63 78 89 61 65 53 76 59 90 50 80 99 72 63 77 79 90 50 97 58 87 55 84 89 75 71 53 63 94 64 62 55 54 60 70 50 52 96 52 59 94 59 83 54 99 90 90 96 88 
84 65 64 66 84 95 0 67 79 60 89 51 62 50 75 62 78 82 52 58 69 72 53 83 93 78 94 94 91 69 85 63 74 73 88 62 99 58 75 64 80 93 72 90 89 80 62 92 93 73 74 95 60 96 71 98 68 53 67 92 62 73 59 71 83 91 98 55 99 86 60 83 68 63 52 57 93 97 65 86 65 74 58 96 60 57 77 85 89 93 70 62 86 94 56 88 73 81 65 65 98 
65 95 78 57 66 95 62 0 83 62 94 52 55 52 76 81 92 58 86 78 99 52 84 71 82 50 82 85 59 53 97 81 88 79 97 95 82 74 94 80 71 80 66 75 95 86 50 64 57 85 85 78 54 50 94 72 73 97 58 68 71 65 71 55 59 73 59 75 59 51 82 73 95 90 81 54 69 64 85 82 62 95 83 62 74 79 88 88 90 85 84 58 76 73 96 89 64 74 54 54 83 
70 58 84 87 58 88 91 90 0 70 60 80 87 56 51 68 51 79 79 76 86 71 67 74 74 90 79 92 54 75 98 92 81 60 54 68 85 62 56 75 83 62 94 77 85 95 74 59 67 72 91 67 86 59 57 72 75 69 63 55 67 82 60 74 52 96 51 52 73 50 80 81 52 83 67 78 83 65 72 69 68 95 71 59 87 83 65 88 56 62 99 72 59 67 77 86 82 54 67 83 65 
84 68 76 86 92 52 58 72 83 0 78 82 59 74 83 90 71 81 89 68 72 97 83 91 98 61 72 98 69 90 52 54 80 69 87 96 58 70 70 72 68 92 72 86 90 63 55 73 71 62 54 75 61 53 67 53 63 82 96 72 50 66 92 72 97 83 96 89 61 81 70 95 55 98 94 86 92 76 66 60 54 67 68 67 97 69 62 93 98 76 90 55 57 51 64 77 89 75 67 53 74 
54 51 69 95 80 70 74 58 94 71 0 85 75 66 95 92 85 53 98 76 77 63 54 52 79 92 89 75 95 58 63 86 91 87 83 86 67 78 53 61 54 99 56 99 54 71 73 71 73 94 89 63 90 80 63 75 60 94 95 84 98 78 67 86 65 90 62 93 55 59 62 66 94 56 76 92 79 61 69 81 69 61 77 59 62 72 86 58 86 71 87 90 57 92 59 92 59 98 94 69 61 
64 73 99 84 51 87 78 89 82 95 97 0 64 83 91 62 62 62 83 58 67 60 79 91 73 68 50 50 82 90 85 59 89 84 92 95 74 85 70 65 82 71 85 64 74 96 99 82 86 62 93 50 93 98 82 50 90 76 50 65 76 83 65 66 94 94 56 63 69 53 52 51 88 67 61 87 81 95 74 95 88 72 71 79 92 81 70 96 62 70 52 76 72 81 70 75 71 59 68 57 58 
66 65 68 93 64 57 77 94 69 71 74 69 0 89 52 76 77 72 66 86 86 98 90 53 95 84 94 89 70 73 51 70 76 73 54 63 95 98 88 59 88 82 88 71 89 63 85 65 77 78 61 56 95 73 60 57 52 69 55 90 93 61 89 71 88 55 81 57 91 92 99 61 84 74 73 53 93 62 82 94 60 58 70 85 86 55 95 63 56 69 64 58 91 79 97 72 75 64 88 79 98 
79 95 52 68 97 93 53 84 52 66 70 61 91 0 63 88 51 85 94 85 87 95 91 62 99 68 68 98 68 74 92 55 99 67 72 89 53 75 99 85 59 60 53 80 61 60 58 99 98 88 76 97 85 88 79 75 88 78 51 84 65 61 85 56 59 99 97 79 81 51 53 96 75 88 81 63 70 97 68 75 88 88 91 90 89 74 81 71 70 93 98 77 77 62 65 94 83 98 86 99 59 
83 93 61 70 95 71 72 89 55 66 94 53 93 66 0 64 90 58 55 74 81 98 68 85 64 55 94 85 78 96 90 54 88 83 93 56 92 69 82 65 99 89 71 63 77 98 79 67 76 85 56 75 84 51 58 62 61 78 85 55 91 66 79 78 83 65 50 83 85 83 54 80 86 51 76 53 84 92 92 73 58 67 92 65 66 63 84 55 84 88 87 79 70 73 67 91 99 71 95 55 93 
75 85 75 53 70 91 51 78 61 81 82 69 64 50 99 0 50 88 78 58 82 77 76 64 69 96 74 93 69 60 63 56 77 55 89 64 54 59 81 78 54 64 61 65 57 57 86 91 59 76 87 81 78 82 79 79 88 82 76 54 63 64 89 98 57 96 92 94 68 84 64 52 56 55 82 94 56 70 97 60 99 76 57 56 99 53 73 53 91 50 54 87 70 56 93 60 70 58 90 74 60 
96 93 68 56 56 67 97 78 53 84 74 55 59 89 57 58 0 85 93 76 58 82 63 53 71 61 60 69 94 94 68 51 89 84 81 54 77 82 66 66 50 96 69 78 98 83 55 55 51 85 83 70 60 95 56 79 71 52 64 63 86 60 80 52 54 81 97 56 74 93 58 78 55 82 73 57 71 65 55 97 57 95 81 66 63 92 76 87 69 96 70 53 79 67 62 96 64 63 61 77 73 
54 98 68 56 88 73 57 52 65 52 69 79 66 55 69 80 62 0 98 56 68 75 94 68 69 60 67 79 91 90 99 97 91 67 53 60 90 65 94 77 57 74 59 69 70 84 91 85 68 98 76 98 65 60 83 96 85 98 72 81 87 54 75 52 90 65 64 99 78 84 96 79 56 88 60 97 79 53 99 50 56 52 88 71 84 78 55 66 62 73 74 91 81 55 70 61 66 96 67 72 62 
60 57 57 86 68 67 83 92 63 90 73 86 60 86 75 86 57 90 0 81 77 88 57 82 88 96 95 73 85 94 83 60 63 74 66 50 55 69 70 92 97 86 85 55 54 62 52 91 64 64 69 77 52 75 76 97 66 62 99 54 73 57 87 79 61 79 89 87 85 80 85 63 77 61 99 73 84 89 98 71 94 71 67 64 65 63 70 52 56 79 76 68 88 55 66 56 78 79 79 92 62 
90 89 61 78 85 58 52 53 52 75 57 79 84 67 70 61 50 87 93 0 72 63 50 91 50 63 60 64 81 53 70 80 76 74 93 94 54 80 85 90 80 89 72 67 78 83 90 65 95 95 71 90 91 53 66 62 74 53 91 64 93 86 79 87 51 75 77 58 76 83 53 95 51 70 77 67 99 70 65 86 65 93 78 90 82 72 95 77 74 75 86 63 51 94 50 84 58 74 78 51 51 
79 53 99 85 63 67 60 74 93 67 53 55 69 93 52 73 54 59 72 76 0 66 62 56 92 81 80 98 84 96 99 52 94 99 79 73 98 55 94 79 95 80 83 78 72 85 66 70 99 54 73 94 63 76 89 75 76 71 83 94 77 53 56 97 94 64 84 92 85 53 71 75 80 74 73 77 77 77 65 68 97 66 95 75 61 93 84 99 68 52 98 55 93 62 60 80 54 56 56 64 69 
80 51 74 84 58 91 78 57 68 85 87 57 64 66 57 64 79 96 75 87 60 0 68 86 64 74 75 54 79 74 89 84 62 85 50 57 52 50 67 67 84 64 95 61 93 63 80 59 97 95 64 63 71 89 83 59 67 87 94 56 56 54 60 58 93 94 87 89 95 72 78 78 95 56 73 74 55 84 81 69 61 98 84 85 87 65 96 63 68 59 52 67 74 52 67 96 75 56 51 60 90 
94 58 90 68 60 75 83 74 66 62 63 68 82 81 91 78 93 86 65 97 67 76 0 98 92 68 58 63 73 99 64 98 78 51 65 98 90 98 67 94 90 99 60 53 78 59 70 71 50 86 93 95 87 59 62 63 85 91 72 70 61 82 62 52 67 61 85 98 92 81 71 94 98 97 84 89 79 51 55 97 94 99 87 66 59 96 98 74 66 91 60 72 63 57 59 92 93 78 96 57 55 
58 58 61 79 62 76 68 54 97 62 95 68 97 63 64 97 84 78 97 81 86 63 85 0 88 53 92 80 79 60 76 79 64 81 63 85 57 65 64 65 68 55 86 59 72 74 93 63 72 82 86 98 65 85 82 54 84 72 62 72 99 64 60 68 97 77 87 64 82 80 61 79 52 74 79 97 84 63 55 81 52 91 88 70 92 89 65 80 66 50 57 52 74 79 95 68 72 90 57 83 70 
88 61 79 96 90 52 54 67 98 93 65 68 61 66 72 87 65 62 91 93 92 62 54 73 0 74 64 78 76 72 92 78 51 84 53 74 92 61 78 97 91 72 63 99 88 94 66 87 92 62 98 51 60 74 59 56 70 51 52 90 66 75 56 99 57 53 69 54 53 85 87 76 63 70 91 98 61 69 97 87 73 87 76 66 85 92 76 74 90 71 56 50 95 78 62 85 76 79 74 52 86 
73 91 93 73 87 92 53 56 89 85 65 51 66 92 91 67 56 53 67 55 97 91 80 59 75 0 62 78 87 72 77 52 70 98 64 57 93 97 79 87 63 52 58 69 92 63 58 91 50 84 98 68 96 99 57 55 65 80 59 50 63 87 95 91 77 65 91 99 51 94 90 80 88 73 56 82 97 60 77 62 71 53 54 54 89 71 78 75 72 97 70 92 85 51 59 57 60 67 66 69 73 
64 87 51 64 75 98 52 70 84 90 90 60 53 65 58 79 53 68 84 75 76 57 79 51 78 84 0 84 60 51 85 69 84 97 88 94 52 51 58 71 51 86 57 62 84 80 71 51 74 85 51 92 70 59 71 63 88 91 74 85 58 97 58 75 80 62 94 89 57 72 73 70 82 90 65 82 64 99 52 72 96 67 73 69 94 62 99 87 90 83 94 62 51 90 83 80 74 57 67 81 73 
63 95 99 76 58 94 62 87 75 98 64 97 88 91 54 90 89 90 89 74 94 91 57 80 98 58 72 0 58 75 72 86 79 50 55 89 62 96 95 68 99 55 99 74 50 95 95 80 97 78 86 81 81 62 67 94 51 80 80 93 97 90 93 87 91 82 93 68 79 84 96 71 89 56 88 59 68 66 66 52 67 78 76 62 67 91 89 76 71 69 85 66 71 85 50 63 64 95 90 61 90 
85 69 97 78 65 90 82 58 74 93 78 77 91 64 51 59 74 97 59 96 74 82 80 62 53 95 87 90 0 84 52 59 72 89 58 63 81 80 59 53 53 82 54 56 54 56 50 76 94 52 87 58 78 94 89 76 95 59 77 68 98 65 70 86 95 92 55 71 66 58 83 73 82 90 52 90 89 79 69 85 70 63 61 89 55 72 71 51 98 51 88 97 91 81 78 82 58 54 55 99 71 
75 56 90 85 72 63 64 97 73 93 67 50 63 59 76 57 88 51 56 60 58 75 65 62 70 69 57 99 90 0 81 50 69 80 79 52 82 58 58 60 80 90 77 87 92 91 66 54 68 86 64 69 90 76 59 91 88 79 70 85 59 55 59 54 99 86 67 69 93 66 86 98 56 60 87 76 67 52 80 61 60 90 84 62 56 80 59 67 70 65 82 88 95 65 98 61 93 70 53 82 94 
57 59 71 90 89 94 90 50 63 88 58 52 77 82 70 71 56 66 99 82 72 97 70 78 76 66 85 70 93 66 0 51 74 58 91 72 84 68 92 70 87 52 58 95 91 82 96 86 54 82 81 85 51 64 99 77 58 88 87 92 67 51 52 76 88 55 75 77 88 93 69 99 54 85 87 57 50 88 80 76 68 58 92 88 92 99 51 92 79 96 93 98 67 59 71 69 89 58 77 54 99 
71 80 70 92 71 97 87 97 71 64 64 95 90 54 93 97 81 98 84 73 59 68 99 87 85 94 94 88 98 75 91 0 59 65 65 77 81 83 57 56 63 55 75 60 58 75 54 66 60 85 69 78 58 89 98 92 63 84 78 75 52 74 59 91 80 98 87 83 61 97 60 51 93 90 74 59 90 69 53 66 92 94 78 70 71 52 59 73 50 74 60 62 60 56 83 51 77 96 98 79 64 
55 76 88 54 84 77 63 58 89 66 64 58 89 73 56 88 60 82 79 91 50 74 54 75 95 53 73 65 71 54 87 59 0 89 68 53 80 59 50 55 50 87 99 71 70 95 94 72 91 74 64 94 91 93 96 97 77 77 92 76 61 64 85 92 59 88 89 94 97 93 92 65 94 72 82 50 71 95 82 84 73 95 81 77 91 75 99 90 54 66 63 96 77 81 89 80 62 51 57 88 58 
50 87 53 55 75 56 75 84 97 53 82 63 91 82 78 98 83 62 97 75 88 77 90 94 76 82 76 87 50 75 52 74 63 0 71 82 68 90 65 60 89 98 80 97 55 64 94 72 66 69 66 77 91 69 94 72 93 73 79 54 70 57 53 99 70 52 56 83 87 60 78 56 70 73 63 95 66 71 89 70 62 80 99 53 79 86 92 64 76 69 57 83 95 57 99 68 63 66 77 69 63 
87 92 76 75 96 65 61 79 74 65 87 60 77 94 50 96 70 69 60 62 56 75 51 66 70 63 84 73 76 51 61 56 76 83 0 93 50 55 52 55 75 65 54 95 87 96 66 86 60 84 62 91 66 53 98 53 79 67 53 91 69 69 52 98 55 71 65 63 51 63 58 93 99 96 71 71 89 68 90 53 61 71 86 66 53 66 53 95 87 98 97 63 88 85 61 51 61 61 54 77 77 
54 78 85 50 85 58 75 52 51 88 50 58 89 52 91 78 56 94 68 73 58 63 54 77 98 58 82 76 90 94 59 67 69 80 85 0 84 95 50 95 77 59 96 94 81 92 66 67 90 64 65 63 93 82 54 98 93 86 88 68 76 83 52 56 81 97 95 91 73 52 87 85 56 50 81 85 68 53 52 91 64 79 93 79 91 63 52 61 70 80 70 50 91 76 78 89 60 73 95 52 98 
76 75 63 76 72 85 59 88 68 71 88 53 95 91 96 76 63 98 64 86 51 77 51 96 61 84 53 94 54 80 95 63 80 86 95 77 0 68 86 52 95 76 62 59 69 77 64 83 81 57 66 63 86 69 96 60 76 94 58 66 70 84 55 84 87 71 91 70 87 93 55 76 82 68 71 59 68 99 84 81 56 66 88 74 63 79 89 61 61 78 84 88 60 85 77 80 77 96 61 72 58 
52 82 56 55 60 82 85 56 71 70 86 74 99 61 91 82 83 84 73 99 61 85 51 75 88 81 52 87 62 77 86 63 83 57 61 52 96 0 56 78 63 74 91 50 58 77 55 92 58 57 59 99 70 82 61 54 85 90 97 75 72 69 58 78 57 85 59 97 77 79 89 96 86 78 88 67 79 62 74 79 92 84 95 64 93 75 53 65 62 51 93 59 94 87 55 76 61 51 99 61 61 
74 60 98 67 70 68 74 98 75 51 68 87 78 51 80 78 92 52 95 60 68 90 65 53 82 91 91 64 89 56 90 66 69 69 94 80 59 60 0 62 85 60 68 50 79 86 66 99 91 74 70 95 69 81 63 88 79 72 70 90 70 55 82 68 56 69 53 95 78 94 94 68 65 93 85 67 79 79 75 61 73 67 98 95 61 71 87 54 64 65 94 82 65 98 50 59 52 85 99 91 79 
63 73 85 99 77 86 56 98 70 53 79 77 62 91 64 92 57 61 64 55 77 65 61 95 50 99 82 80 62 61 88 52 73 95 69 97 89 52 92 0 94 72 87 57 55 97 58 99 82 51 96 75 51 89 76 76 75 74 97 75 57 58 61 65 55 91 74 79 66 79 99 69 84 64 59 89 72 61 72 60 80 56 76 88 72 68 61 97 95 80 85 55 78 73 85 59 76 59 60 72 63 
97 51 69 88 58 82 64 88 97 98 77 62 65 55 75 71 54 76 87 96 86 60 92 94 67 72 73 77 79 70 50 94 68 76 70 87 51 60 94 57 0 62 83 86 66 76 91 71 75 74 95 75 90 66 99 76 82 50 93 61 86 81 98 61 98 59 72 64 94 75 98 75 51 56 73 54 86 68 79 84 83 94 56 89 90 96 56 63 88 57 78 72 55 81 95 85 58 71 61 98 97 
61 99 96 75 84 93 71 93 96 76 97 71 93 51 56 55 55 95 74 88 88 68 97 89 53 65 79 73 93 60 91 52 88 77 66 56 87 56 50 65 94 0 88 75 81 81 66 78 96 83 86 55 99 51 96 52 86 76 85 65 90 51 91 69 99 94 81 82 64 57 57 74 83 81 65 80 76 59 84 64 77 80 75 72 88 60 70 68 98 93 75 69 71 89 58 76 60 65 85 64 68 
73 84 80 53 57 54 74 70 89 71 73 71 96 76 67 61 76 82 59 83 74 56 82 81 74 66 51 52 77 69 93 63 55 94 85 82 68 57 94 67 68 61 0 89 50 51 54 71 72 92 94 57 60 64 61 90 62 81 69 89 96 62 98 72 80 84 52 85 78 67 52 80 98 53 61 69 86 92 53 92 76 54 51 77 69 64 84 72 67 56 73 86 83 92 69 78 79 67 95 55 83 
50 66 55 54 84 79 53 54 59 69 98 69 52 69 90 63 67 72 67 59 79 92 99 90 95 64 53 87 54 83 86 80 59 96 90 94 62 78 93 50 89 67 84 0 99 61 94 86 73 65 99 84 95 76 88 92 74 51 95 78 93 72 78 88 60 54 53 70 78 75 79 81 93 87 50 67 60 60 79 79 76 93 74 93 80 86 71 71 86 97 79 81 84 53 68 58 60 64 96 87 89 
72 85 53 62 81 80 52 93 82 88 85 99 70 96 97 54 96 63 66 76 65 53 55 78 97 74 79 57 65 82 55 62 62 81 76 89 99 79 57 85 65 69 83 77 0 54 88 94 96 81 80 93 84 65 62 70 56 83 79 62 78 89 77 69 62 53 87 57 76 70 75 68 89 68 53 60 83 98 65 55 65 93 96 71 99 85 54 71 84 56 89 98 80 60 86 76 55 76 55 74 67 
97 60 89 97 91 69 90 53 64 65 95 94 69 93 66 82 91 64 67 82 98 53 90 89 55 92 81 90 79 84 94 50 59 91 67 70 64 86 50 66 60 51 94 50 98 0 58 54 60 63 92 70 79 82 74 73 77 92 82 66 67 51 66 93 99 55 71 83 74 93 63 68 95 68 86 84 54 82 98 96 90 81 90 60 70 58 64 82 73 50 94 93 86 97 68 90 51 69 55 82 98 
86 83 89 74 84 62 95 65 89 98 70 81 88 85 66 82 56 99 94 89 91 95 80 59 97 77 97 92 67 87 70 65 99 82 66 80 58 61 52 77 74 67 56 58 86 71 0 84 97 86 54 61 59 51 73 61 88 88 92 86 51 85 88 69 64 92 57 63 65 69 75 60 56 80 58 65 76 95 98 85 98 86 64 74 68 64 77 84 54 86 98 93 63 77 76 62 67 99 91 89 50 
77 58 74 59 94 65 98 77 80 95 70 58 99 96 64 91 73 96 71 92 90 60 97 60 83 52 55 80 66 90 91 86 89 53 55 96 53 51 69 65 83 51 62 62 69 61 60 0 67 52 98 96 89 96 89 85 70 95 79 76 78 96 53 93 88 66 94 93 55 97 90 86 76 94 91 85 59 79 70 64 62 53 91 56 67 56 80 75 96 92 62 57 92 80 56 97 87 95 85 81 73 
95 76 82 71 89 50 91 52 90 72 85 74 63 58 59 85 75 60 96 54 64 67 53 72 78 63 56 59 77 80 70 76 67 55 50 69 56 81 64 89 94 54 83 58 88 57 71 50 0 51 63 63 69 73 98 77 60 56 58 58 54 73 85 84 83 86 63 94 97 72 65 65 66 50 52 79 62 69 70 84 72 57 54 61 98 77 62 86 66 77 83 71 79 59 92 84 99 72 75 57 72 
68 78 83 58 92 53 82 75 68 72 54 65 93 62 64 62 59 73 67 79 69 58 72 80 97 82 58 98 89 75 82 81 63 97 84 56 89 77 64 64 52 94 50 88 57 96 54 53 98 0 81 96 66 51 63 76 66 97 59 77 64 67 85 81 98 60 69 88 74 53 72 73 79 79 96 97 75 71 90 69 98 81 56 81 59 52 57 98 63 75 63 78 92 98 70 68 70 61 80 69 90 
94 84 96 60 94 69 91 50 60 67 66 96 55 60 80 63 82 51 69 68 78 85 70 96 67 58 64 81 85 63 64 78 89 74 82 73 56 53 80 69 62 75 89 57 62 55 95 86 85 92 0 69 65 73 95 53 85 90 75 62 93 58 66 86 95 54 71 69 71 90 56 96 57 68 57 66 60 73 85 71 71 76 95 77 64 68 50 78 92 65 50 91 83 61 63 89 78 89 98 62 66 
81 81 87 71 78 63 69 88 60 95 87 51 54 80 62 86 52 95 50 82 55 95 90 92 54 79 69 69 79 63 85 52 98 70 62 61 73 65 50 76 54 56 77 73 58 95 93 55 79 80 65 0 65 71 60 62 52 89 76 72 82 53 73 83 85 80 80 70 98 66 53 92 86 82 81 71 58 69 89 74 89 77 87 88 74 98 67 58 51 59 63 73 85 52 98 74 76 69 72 59 85 
88 62 75 70 53 58 51 85 88 73 57 97 95 64 60 79 98 70 81 53 72 91 85 88 72 90 81 77 74 65 97 59 92 72 87 57 73 81 59 89 97 71 77 60 74 73 96 84 79 57 64 59 0 82 99 53 77 50 80 75 87 60 86 52 76 82 79 67 65 58 90 96 62 70 80 59 85 93 84 73 87 73 78 76 92 62 65 96 93 58 88 79 54 62 54 75 56 73 65 50 99 
83 72 98 94 78 77 57 75 91 87 74 64 51 54 97 88 98 66 71 86 81 58 95 67 86 55 54 58 97 88 55 86 79 65 94 83 95 50 99 74 84 67 73 76 99 70 52 74 53 65 80 65 76 0 79 63 86 86 69 55 50 74 97 66 70 96 88 74 62 96 98 54 97 86 80 87 86 99 64 57 78 85 97 68 72 77 77 82 79 62 50 91 50 78 93 76 97 54 75 62 51 
67 57 71 97 76 68 90 60 60 54 61 98 54 51 67 69 97 92 77 50 67 70 54 70 86 86 97 79 68 65 93 69 51 64 61 90 71 94 64 75 50 62 80 64 52 77 67 59 91 81 80 91 65 62 0 66 85 83 97 72 81 83 79 52 84 90 85 84 76 58 60 98 67 85 80 65 55 54 84 53 62 50 95 84 77 87 92 84 90 90 97 62 81 93 62 84 79 79 82 66 71 
67 70 77 84 62 93 74 70 81 76 70 69 82 74 99 97 94 79 61 58 79 96 77 94 60 63 73 59 72 61 91 88 95 50 68 66 99 59 97 91 61 56 64 67 81 61 78 58 52 73 85 91 92 84 87 0 93 94 87 57 77 95 89 82 73 51 85 85 89 81 93 56 57 83 85 82 86 82 56 75 86 91 83 66 52 71 70 84 82 56 92 73 84 94 53 55 64 75 51 82 53 
50 64 98 66 77 57 53 75 81 89 93 52 51 62 59 54 63 70 98 53 61 58 50 89 59 50 87 94 96 73 81 99 58 56 62 88 55 55 68 92 86 61 85 93 51 75 65 76 91 64 91 79 64 59 50 58 0 59 63 86 62 79 96 81 59 77 54 90 76 80 56 54 74 87 66 56 69 73 85 71 60 78 56 72 64 96 93 55 98 86 60 54 59 54 70 55 59 78 99 76 92 
55 97 68 63 56 52 93 90 71 62 84 76 89 87 78 66 75 99 51 81 71 78 86 52 82 85 74 56 55 85 75 85 50 95 70 76 77 72 68 98 85 64 65 59 90 77 84 84 55 69 69 90 59 64 72 94 63 0 73 95 51 77 76 52 74 56 69 74 59 54 99 85 68 93 93 60 64 81 77 58 76 60 80 92 99 55 61 56 74 91 83 50 88 92 96 86 50 89 80 93 66 
58 81 55 67 70 71 95 90 59 50 84 50 66 54 58 64 68 78 69 60 86 69 54 63 70 97 65 80 54 66 54 72 78 52 56 68 98 75 81 76 69 54 84 66 89 65 98 85 58 75 80 76 85 75 74 55 94 72 0 77 95 71 64 90 70 71 95 89 87 63 53 88 95 75 63 59 82 55 86 82 87 75 80 93 78 72 81 58 88 63 79 62 83 96 55 52 50 70 60 92 92 
75 74 60 70 79 58 83 97 56 88 73 70 89 60 88 80 93 58 50 56 69 65 54 74 95 68 57 93 84 80 57 76 81 81 68 55 66 72 94 92 91 62 50 73 72 93 73 93 71 70 94 93 65 98 74 80 95 53 75 0 76 73 74 59 97 92 54 56 80 88 78 67 67 94 76 77 61 83 56 73 64 84 79 88 78 69 68 56 88 94 61 95 80 82 52 67 94 57 99 92 89 
58 98 78 63 69 98 53 85 66 77 52 61 70 79 67 65 93 78 58 79 71 86 88 95 74 55 84 56 81 75 96 86 53 86 94 89 59 68 51 92 73 99 98 57 72 53 69 73 74 67 68 80 77 64 96 90 92 56 86 71 0 62 72 95 63 81 73 56 96 57 59 59 84 94 69 62 76 97 74 73 81 58 83 64 80 96 50 96 64 96 67 86 62 50 66 83 59 93 51 65 94 
55 73 72 60 91 63 86 68 69 79 61 86 57 92 61 86 63 76 77 91 85 66 50 52 89 93 77 53 74 72 69 67 82 63 88 58 94 79 56 50 60 75 75 96 94 70 97 65 53 81 75 50 77 84 88 86 70 85 68 72 74 0 52 59 92 93 93 53 67 73 97 85 94 76 64 88 86 73 82 68 57 77 75 90 59 58 62 54 78 85 75 80 56 68 73 68 50 74 73 69 85 
80 85 65 89 59 88 70 84 53 85 55 95 55 65 81 86 93 84 62 85 77 82 50 94 57 76 99 96 75 87 61 57 75 84 90 62 77 93 63 77 94 98 97 90 96 60 71 97 94 65 87 57 73 87 71 71 76 72 68 75 93 98 0 92 66 75 99 97 66 95 67 62 78 96 90 83 74 56 96 60 83 70 95 53 98 74 78 76 72 55 64 54 75 80 55 74 80 92 87 61 99 
57 90 93 66 89 73 67 84 71 66 84 87 88 64 90 90 72 86 82 77 79 62 69 89 56 61 72 75 79 63 69 68 72 97 90 72 87 66 81 66 71 57 97 79 56 82 91 97 52 72 66 64 55 58 61 89 82 95 82 89 57 52 83 0 94 84 73 61 74 80 72 84 93 51 60 88 68 86 89 57 57 74 67 51 70 95 78 95 78 97 51 95 54 83 99 72 70 77 58 94 86 
61 74 56 70 79 53 69 55 85 73 92 79 76 56 62 50 86 61 50 60 59 82 61 82 94 97 99 94 77 78 80 59 58 93 55 71 65 82 72 90 81 65 58 57 68 95 62 88 60 90 65 55 82 62 94 57 87 60 96 75 62 72 57 95 0 96 74 71 54 92 94 58 51 66 76 75 71 72 62 83 81 68 68 97 91 73 68 96 78 93 83 55 81 64 97 75 79 50 74 80 66 
79 74 74 96 51 85 61 59 72 74 91 63 62 90 97 82 55 64 53 54 70 63 63 94 59 68 90 73 77 79 85 84 77 65 85 92 59 83 62 50 62 86 68 52 59 66 88 78 61 64 73 85 56 90 74 77 74 69 84 89 52 90 93 99 71 0 85 98 57 89 81 90 86 91 87 85 68 80 95 74 95 78 75 84 80 86 86 92 97 65 69 58 76 86 93 90 66 81 93 79 53 
97 68 57 63 98 91 82 58 65 86 89 52 63 58 61 61 93 84 86 55 85 54 69 64 76 80 81 67 73 60 92 98 71 64 76 96 53 75 81 52 97 85 84 76 76 55 53 96 84 56 60 87 95 78 86 77 52 61 93 59 53 84 95 70 52 65 0 95 54 98 85 83 81 80 53 97 90 62 85 52 52 92 52 67 77 97 73 70 84 93 73 90 60 61 93 66 87 91 51 78 82 
65 79 76 79 59 61 62 68 75 64 80 56 98 57 62 57 64 70 62 88 83 57 75 99 78 61 66 68 78 66 95 89 76 77 51 65 64 86 50 73 60 69 60 93 62 92 96 88 87 55 94 65 76 66 60 85 99 83 90 60 67 72 66 63 61 58 54 0 70 60 99 57 94 65 85 76 74 97 88 81 64 54 85 93 75 53 84 62 98 62 55 58 89 96 66 70 77 56 76 69 96 
77 92 84 84 74 81 68 77 78 55 88 70 57 92 84 67 63 50 56 88 62 92 50 91 90 69 63 74 96 81 77 72 88 66 88 88 75 55 96 61 83 73 57 69 93 54 57 56 76 68 74 88 98 96 89 73 78 83 71 65 92 61 63 71 78 86 92 80 0 82 91 95 68 56 55 99 88 99 55 54 65 50 84 57 66 79 99 82 94 59 99 89 95 68 56 94 64 76 95 92 98 
73 78 82 54 98 87 74 68 57 95 71 93 51 74 99 72 89 60 62 77 60 96 63 64 61 75 81 52 86 71 91 77 62 83 73 64 68 53 78 95 63 67 73 57 97 66 89 89 63 94 57 73 70 99 52 98 86 70 86 76 97 92 68 96 57 83 64 80 89 0 84 91 56 56 95 68 61 91 79 73 80 98 97 72 94 81 76 93 59 64 87 71 62 79 61 52 72 61 97 50 83 
84 97 60 94 94 52 69 64 99 96 94 94 91 75 71 93 52 94 81 62 90 85 55 72 93 61 75 60 56 58 77 79 59 66 90 73 64 96 67 79 96 85 84 87 58 94 63 96 63 69 96 74 93 84 67 66 99 53 91 67 60 55 78 75 65 69 97 83 54 95 0 65 85 74 91 84 58 72 53 98 94 58 61 95 79 86 75 58 83 88 54 77 52 99 53 50 78 67 81 88 94 
57 78 65 90 84 54 85 67 58 61 50 55 85 76 70 58 92 93 74 64 62 86 90 76 95 94 60 68 82 68 59 93 57 84 86 70 72 86 91 73 60 53 87 84 83 63 92 87 98 54 50 92 52 66 85 84 68 71 89 93 73 64 65 73 78 61 52 88 65 52 67 0 89 60 75 52 71 86 97 93 51 87 93 92 81 71 77 63 77 87 52 89 66 93 73 88 74 67 83 91 50 
50 87 80 65 93 72 52 93 92 50 54 97 50 60 83 73 69 91 81 91 88 51 77 76 83 71 67 91 66 51 59 89 80 94 91 85 99 99 94 88 71 51 82 74 64 82 61 80 58 88 94 89 95 77 97 88 81 63 63 66 52 63 63 79 89 83 56 86 82 66 72 99 0 89 87 79 85 90 83 64 87 57 79 66 69 83 75 94 54 91 56 85 58 63 53 87 54 60 93 56 64 
95 70 93 64 75 70 87 76 68 73 64 80 96 97 84 98 54 88 58 58 97 70 95 65 86 69 58 86 84 97 92 84 74 94 97 50 69 63 64 55 61 58 97 67 83 91 82 81 97 66 59 82 82 66 83 51 74 99 99 82 91 73 60 98 77 67 75 75 98 58 84 84 82 0 86 82 86 89 89 77 50 60 72 97 55 71 60 67 62 81 87 69 68 55 72 98 79 64 98 68 95 
87 87 57 90 52 70 84 75 81 76 95 55 66 68 74 57 99 85 52 68 99 91 78 89 59 62 89 62 64 63 83 81 99 61 83 88 95 62 51 55 84 74 79 90 53 95 53 84 92 70 74 65 96 65 92 74 66 77 68 97 89 99 83 93 73 80 99 93 71 93 74 55 97 74 0 50 79 66 66 50 64 55 54 81 62 64 92 65 67 98 84 56 73 97 96 72 75 98 55 51 73 
57 82 92 87 97 61 69 73 70 86 68 95 92 78 94 53 82 60 90 50 71 96 80 90 57 63 75 86 71 67 68 67 62 64 93 64 58 59 85 81 84 70 74 50 74 59 59 53 91 89 91 55 95 52 78 71 72 88 73 64 82 81 78 98 84 56 50 57 62 85 94 68 80 93 56 0 78 77 74 86 83 69 67 80 82 62 91 62 80 75 58 78 79 68 98 76 56 97 60 90 78 
52 65 58 54 57 99 90 75 75 75 63 50 97 53 83 72 67 89 76 56 61 94 52 64 77 57 80 61 74 74 86 79 99 52 54 83 97 86 89 59 84 63 87 62 72 98 59 89 53 73 88 75 71 68 57 60 76 80 71 55 83 73 67 59 83 69 58 65 77 77 72 75 84 82 91 98 0 78 61 60 76 94 70 82 86 81 62 97 67 60 63 58 66 53 85 51 70 66 68 72 70 
78 63 55 76 82 61 88 64 76 62 72 86 52 53 76 81 76 82 79 51 92 80 73 54 71 73 54 94 53 50 80 54 87 65 61 92 54 79 84 71 56 50 64 75 81 86 84 91 79 74 58 72 54 53 50 93 77 80 91 83 77 87 92 61 81 56 84 72 94 93 92 80 80 99 60 85 96 0 52 99 98 89 64 87 97 57 98 63 66 95 66 57 79 92 96 86 91 53 68 91 54 
77 79 62 94 68 93 63 65 66 71 51 61 53 58 73 82 72 77 57 59 61 83 83 69 66 64 77 88 94 91 99 62 64 52 70 55 82 98 50 73 89 98 58 59 91 54 65 72 55 99 50 57 92 55 50 50 85 94 80 86 62 65 92 63 91 72 57 64 65 83 76 64 50 55 68 82 89 99 0 56 73 61 96 69 88 89 65 64 54 61 78 93 69 77 87 58 68 95 60 65 83 
76 51 64 96 74 96 73 77 50 90 75 63 96 51 58 93 79 93 56 65 77 93 91 77 58 50 55 67 74 84 58 64 54 96 98 79 88 75 75 56 90 74 78 89 84 98 66 68 86 87 92 84 92 90 98 81 68 72 50 86 57 93 86 70 86 67 78 89 63 74 79 89 89 90 51 85 95 99 62 0 66 92 93 99 83 65 61 94 98 72 68 99 79 65 57 92 75 63 59 75 64 
65 84 85 67 53 87 55 96 95 78 71 73 91 90 98 80 97 88 56 62 75 71 67 74 75 70 81 61 65 50 60 63 71 89 81 93 54 75 68 58 55 91 65 64 97 71 78 98 86 96 93 83 53 83 59 65 76 95 69 67 51 74 67 73 93 68 58 80 95 53 64 61 87 90 97 83 80 69 94 58 0 59 89 57 82 67 59 58 61 87 62 73 51 69 81 51 66 61 53 89 73 
51 85 97 88 68 72 85 84 78 73 71 97 76 81 75 74 59 99 73 77 51 89 55 57 63 96 58 58 55 52 76 53 83 84 64 85 69 97 58 74 71 86 63 59 50 59 84 79 95 93 99 60 83 60 64 58 52 69 80 64 74 76 61 99 95 65 57 55 51 54 97 53 73 77 60 72 66 61 72 95 78 0 66 56 78 62 80 61 65 89 97 62 72 97 68 75 91 66 77 63 66 
92 54 56 57 76 89 97 89 93 92 87 99 90 95 74 89 73 88 77 71 59 79 86 69 75 51 62 65 61 86 88 63 69 57 73 51 68 52 82 96 61 55 66 82 80 72 66 78 88 76 55 81 63 96 92 90 88 68 72 88 52 91 86 94 79 57 89 94 52 83 56 52 92 97 74 91 69 67 67 77 81 95 0 64 64 70 61 99 66 75 82 88 61 81 62 65 90 94 87 69 89 
60 95 97 62 79 65 71 77 90 89 78 58 72 86 88 68 90 84 70 66 99 64 81 97 87 68 81 97 91 53 91 68 95 86 96 89 88 61 92 87 86 98 64 67 76 78 91 68 98 91 67 76 52 77 51 82 84 51 57 50 50 77 80 95 69 57 75 79 65 98 58 94 56 77 70 87 51 91 51 77 85 51 91 0 67 62 87 56 86 50 80 77 69 65 87 95 72 55 50 66 75 
71 66 75 63 86 89 98 79 53 54 92 93 95 76 52 91 66 78 67 84 55 92 92 96 66 61 90 73 97 66 55 59 71 64 63 52 55 65 52 90 88 81 51 78 56 60 97 82 83 71 83 74 80 86 57 84 75 54 51 81 75 74 76 75 70 74 90 72 79 68 61 83 66 71 83 65 72 91 75 83 72 64 73 80 0 59 82 62 70 52 70 51 84 50 83 72 58 86 87 65 61 
70 88 58 94 82 86 99 67 66 92 52 56 52 97 63 59 98 76 63 89 50 95 74 71 88 55 76 97 55 90 73 94 76 64 70 76 91 50 95 56 94 91 50 99 96 51 87 59 57 62 77 97 65 85 73 67 99 96 53 81 58 51 94 93 94 73 50 88 62 75 79 80 59 72 99 92 88 55 55 52 59 68 86 65 73 0 54 77 55 52 52 80 89 96 68 65 92 59 60 86 57 
95 64 94 97 74 67 74 92 91 89 95 93 65 80 70 82 79 65 59 75 54 67 59 50 56 66 96 94 82 92 73 82 83 77 89 68 93 60 61 69 90 60 77 87 98 74 61 77 55 58 96 76 86 67 75 70 94 80 53 76 90 88 60 53 55 72 51 98 61 81 55 82 61 51 60 88 61 76 65 76 87 86 60 76 55 70 0 57 97 52 67 81 70 56 89 50 87 77 76 89 79 
91 56 88 59 82 88 56 99 69 90 85 97 72 99 99 60 83 82 74 54 58 95 92 55 77 90 64 67 88 60 93 60 65 57 60 67 85 59 81 60 63 87 72 89 96 99 50 73 52 61 99 60 54 63 88 50 80 53 89 99 83 68 56 78 94 89 70 52 77 53 59 74 97 74 84 62 85 65 94 95 83 73 99 62 56 97 60 0 77 73 82 85 54 51 75 91 99 87 61 69 61 
90 65 69 79 98 51 62 52 93 61 64 93 68 89 78 76 53 83 68 92 72 62 81 73 55 73 70 92 50 80 78 73 70 67 51 60 57 93 80 50 55 62 61 56 66 82 68 71 93 87 76 72 87 56 63 63 95 71 88 50 98 72 60 62 92 59 53 51 78 77 74 96 87 86 52 79 51 59 52 89 72 84 58 78 98 92 84 89 0 87 59 69 61 72 62 69 57 92 51 68 83 
98 79 66 68 67 56 87 88 68 86 87 69 68 96 65 57 93 94 95 84 85 99 50 88 79 64 72 98 65 79 62 61 53 50 61 54 84 75 71 71 77 67 76 77 54 83 59 87 95 66 61 74 93 77 67 87 80 91 71 86 80 67 71 58 66 99 92 97 68 57 60 63 62 94 97 77 63 56 55 69 52 63 61 56 75 81 92 67 53 0 52 71 89 58 74 84 98 60 60 65 80 
79 52 61 73 85 65 72 95 65 59 61 59 99 98 69 53 99 95 73 94 88 76 78 77 95 95 93 93 62 60 91 90 91 57 60 77 87 81 55 92 93 62 98 66 88 67 82 86 85 58 69 88 54 87 99 96 76 54 55 64 70 70 55 71 96 58 70 53 82 70 53 57 64 57 51 70 95 53 62 94 72 64 79 52 54 92 89 98 79 58 0 68 85 83 81 79 73 83 91 80 78 
69 65 83 62 63 72 59 65 91 91 75 92 62 99 73 63 71 63 84 74 68 80 58 93 52 59 96 70 70 67 88 56 99 58 60 50 93 60 94 62 65 95 54 78 95 54 81 72 84 55 54 63 71 99 60 91 59 84 58 78 66 60 65 82 55 61 53 65 51 86 86 70 51 64 63 52 64 52 99 69 61 67 96 99 99 79 83 54 94 70 94 0 79 86 64 88 88 97 96 60 92 
95 54 54 90 96 97 95 96 84 79 89 84 87 89 89 54 78 55 56 92 77 81 60 77 53 70 89 75 92 51 65 77 89 97 61 65 54 91 84 85 51 78 67 67 64 86 87 76 90 99 71 87 75 64 61 88 93 94 91 90 60 52 95 90 74 98 73 81 84 96 82 55 69 65 85 59 56 99 87 89 69 96 82 72 89 93 69 81 50 69 65 53 0 99 54 74 85 85 77 58 82 
85 78 66 59 93 68 54 85 74 88 86 65 55 62 91 82 85 80 75 82 79 88 81 71 82 54 82 56 57 52 74 78 64 80 69 67 82 75 69 70 62 53 85 96 73 66 90 79 50 99 73 97 92 71 72 56 83 52 95 75 50 52 65 90 59 57 52 68 64 87 88 94 53 50 71 91 99 55 89 69 96 52 71 70 76 75 82 94 75 58 92 96 76 0 73 78 96 82 70 69 98 
70 67 58 60 75 78 66 85 55 82 69 87 83 84 65 55 71 74 55 97 85 61 74 75 54 61 97 91 60 96 74 55 66 88 99 94 77 69 84 63 56 71 73 76 68 93 77 91 99 90 73 82 89 55 73 73 52 73 57 56 53 83 73 98 98 53 60 57 67 98 89 79 52 68 69 86 55 96 65 88 56 93 92 73 84 98 53 65 95 99 98 54 76 87 0 66 99 97 90 95 67 
89 96 84 56 81 83 88 82 71 59 94 76 91 98 90 83 77 66 86 83 56 50 68 50 51 88 54 95 92 57 53 78 83 90 89 95 69 97 55 75 68 57 79 90 81 79 52 54 84 67 80 96 83 88 91 69 96 92 66 78 89 72 98 98 67 62 88 57 63 51 68 61 69 66 52 59 53 59 77 80 95 89 59 75 79 95 88 59 70 72 90 70 89 83 56 0 77 66 93 74 52 
76 50 77 61 74 78 60 72 63 57 96 75 96 64 82 73 71 58 54 86 84 58 88 64 55 69 94 98 82 60 75 90 86 92 67 54 60 92 85 70 81 83 89 95 50 72 86 78 94 57 79 64 90 64 99 79 68 95 68 50 99 95 61 69 85 63 68 60 74 76 64 54 52 80 70 99 55 77 79 82 74 69 99 85 65 64 54 52 51 82 97 78 72 98 95 59 0 74 55 93 95 
58 84 77 85 76 86 59 67 81 86 77 71 83 99 81 66 84 78 91 95 52 82 60 74 58 97 96 60 92 53 54 78 98 91 58 77 83 51 65 85 62 90 83 53 63 68 80 82 66 89 83 82 60 54 76 97 77 50 59 67 88 56 76 96 55 83 79 96 93 74 87 75 83 55 79 92 99 59 63 72 77 92 78 74 78 87 85 76 58 89 53 58 92 53 86 56 67 0 63 89 80 
68 89 74 56 96 86 99 94 66 54 58 71 98 64 51 89 94 94 87 80 63 62 68 79 94 73 94 57 90 70 88 68 68 98 92 86 84 77 69 73 67 94 62 62 60 92 78 62 63 96 92 80 71 56 75 99 76 78 55 86 69 89 93 82 95 73 86 66 62 50 61 62 93 78 64 73 53 75 56 52 83 86 94 94 88 64 74 86 78 94 94 61 50 73 60 89 55 85 0 74 94 
73 92 83 72 98 94 72 71 66 63 53 94 56 90 56 58 61 86 93 61 80 89 94 93 93 63 63 54 79 90 87 97 67 94 77 74 92 71 93 75 59 85 77 83 51 85 79 68 96 95 63 56 55 51 87 81 94 51 64 64 57 66 74 67 87 86 65 76 91 98 77 89 87 87 89 66 96 90 50 62 90 56 58 86 91 65 97 71 86 81 91 94 85 94 57 55 57 73 74 0 67 
59 60 63 88 54 66 65 61 76 90 97 59 50 86 81 79 92 54 62 95 57 60 88 61 96 68 58 80 97 51 63 59 51 95 83 62 64 67 66 92 66 70 95 76 80 70 89 69 69 61 96 79 88 92 54 80 98 68 62 68 71 82 97 98 68 90 51 56 52 82 90 58 75 96 63 97 63 57 50 59 80 79 62 86 51 57 62 61 87 83 60 59 88 85 74 65 71 68 53 99 0 
