n: 100
m: 8
Pi:U[1-99] 60 26 54 94 16 30 28 19 16 68 81 50 96 9 83 73 63 77 71 56 3 39 2 99 45 97 98 80 77 44 68 17 22 74 47 50 74 85 48 77 72 62 74 5 39 67 19 63 13 24 13 20 58 46 48 69 99 42 85 6 76 92 38 28 70 35 71 90 84 42 44 89 76 38 63 42 12 87 17 91 69 23 43 72 66 61 82 16 31 58 52 51 48 53 80 78 97 21 46 68 
Si:U[1-49]
0 13 8 27 20 4 3 30 4 12 49 24 49 15 31 49 27 36 33 49 49 24 31 19 9 19 49 49 12 1 37 7 42 49 49 49 49 13 49 3 13 49 49 49 49 33 49 49 49 33 16 33 15 49 49 30 18 49 19 27 15 13 25 45 43 18 49 49 49 6 27 49 27 49 4 49 49 37 42 6 43 7 46 40 43 49 24 27 21 39 49 18 6 24 49 15 49 24 7 39 3 
8 0 30 27 17 32 3 24 32 8 9 37 6 12 6 49 39 48 49 25 36 49 49 19 37 45 49 9 49 49 22 16 49 40 28 49 48 46 4 16 49 40 1 49 42 3 9 7 49 49 42 31 49 6 49 49 16 49 22 49 45 49 49 49 49 4 45 9 36 21 49 28 31 18 34 37 46 33 7 19 9 33 1 19 45 10 18 37 45 49 15 49 27 49 49 16 49 36 49 49 22 
27 26 0 28 4 18 27 16 23 22 9 25 49 28 49 25 49 39 49 40 49 28 39 27 48 24 21 49 9 34 15 49 39 42 49 33 15 49 45 43 49 7 49 19 49 7 33 31 30 49 34 16 40 49 7 25 28 16 15 7 18 49 49 49 49 40 24 30 7 16 49 49 48 21 4 12 49 49 4 21 36 30 43 15 49 25 49 31 18 49 1 25 19 49 49 42 6 49 49 34 49 
14 24 17 0 28 4 1 2 13 5 31 7 27 15 42 39 42 49 49 49 12 49 28 49 1 43 10 12 43 7 49 4 49 4 49 49 45 7 37 18 22 49 4 7 48 34 37 33 49 3 16 36 45 30 39 48 46 10 24 49 36 49 49 25 3 19 18 24 16 49 25 30 49 37 49 37 7 49 7 49 31 37 34 36 34 37 10 40 49 49 40 49 13 49 49 49 49 24 49 27 42 
30 21 11 2 0 16 14 28 30 2 34 49 49 9 19 1 49 49 7 33 49 30 49 33 49 4 49 9 49 39 39 45 49 49 49 49 49 45 34 49 43 37 49 15 10 6 16 9 10 33 4 49 49 49 45 18 49 34 49 36 49 13 40 1 30 16 40 49 49 16 49 49 48 49 1 40 49 34 49 39 48 37 33 4 49 49 24 49 49 49 49 42 36 49 45 31 49 49 49 25 10 
14 9 32 19 0 0 0 14 23 32 21 36 39 36 15 19 9 49 31 49 15 13 42 49 45 49 6 31 49 37 49 4 49 49 18 42 30 42 33 37 30 49 49 30 19 30 49 15 49 49 31 6 4 10 49 3 22 49 49 33 33 18 28 24 31 49 49 10 43 4 49 49 49 46 36 37 49 21 49 36 49 25 6 49 25 43 39 19 49 34 6 15 37 49 45 49 49 24 49 13 37 
7 16 24 7 16 5 0 3 26 20 13 49 31 22 24 19 49 39 48 13 49 49 34 49 49 27 19 49 31 49 49 22 45 49 27 10 4 49 49 37 49 39 9 49 49 1 49 49 6 49 39 42 10 9 22 49 22 3 19 49 48 42 49 49 25 49 25 49 15 49 49 49 48 19 13 4 49 49 34 49 33 15 49 27 49 49 49 49 28 45 49 49 49 1 19 49 12 24 27 49 45 
24 4 32 31 5 28 8 0 6 26 49 45 49 49 1 7 49 6 15 49 49 49 21 22 28 22 45 49 49 28 6 18 49 6 24 6 49 49 12 15 10 28 13 28 12 12 21 49 42 45 6 21 49 49 27 49 34 42 31 18 3 1 40 45 19 49 3 16 30 48 45 49 49 49 49 6 4 3 22 49 49 45 9 3 49 10 18 49 49 49 49 49 25 19 21 7 30 13 27 21 49 
2 5 28 17 20 30 24 12 0 5 27 49 15 49 6 49 21 1 49 25 49 42 36 49 49 21 43 49 45 4 34 49 49 7 34 21 28 19 46 49 36 18 18 49 49 49 15 1 12 45 43 19 25 36 21 18 49 16 9 49 49 39 49 31 3 31 40 48 46 31 19 45 49 45 34 10 21 12 49 33 19 48 4 49 49 46 48 40 40 45 19 10 40 49 49 49 12 1 49 19 49 
24 22 4 4 2 11 12 28 18 0 25 49 18 34 49 49 10 10 49 49 27 49 9 49 36 18 42 22 10 49 6 49 4 27 48 49 4 25 48 3 49 49 36 49 37 36 49 45 13 36 3 9 7 30 43 45 33 31 49 25 34 9 36 22 31 49 49 27 49 21 48 18 13 3 22 27 6 39 15 49 36 49 1 21 42 43 49 7 39 24 49 24 36 7 4 43 15 49 49 12 49 
49 31 33 27 18 40 16 49 49 49 0 21 28 19 24 15 28 18 4 26 49 49 4 49 49 34 49 30 49 49 27 3 49 3 37 49 49 40 49 49 49 16 49 49 25 49 39 49 36 49 25 49 28 42 18 49 43 30 42 49 49 49 49 9 49 42 4 49 28 49 49 49 40 16 49 48 22 12 43 12 49 49 49 9 49 49 49 13 4 9 31 49 42 49 49 10 33 49 34 42 13 
49 18 33 15 3 46 36 19 49 49 25 0 16 21 14 3 6 29 24 6 49 6 49 24 48 22 49 24 24 49 21 45 25 10 49 7 49 30 18 46 27 49 10 49 6 28 22 4 1 49 49 21 36 45 49 1 25 22 19 49 49 40 3 27 49 49 10 45 49 13 39 45 27 28 3 46 40 49 7 34 49 49 36 21 49 49 42 19 3 22 22 49 49 49 3 4 3 49 49 49 49 
10 24 49 42 49 49 15 33 22 18 11 4 0 29 4 28 4 28 3 11 39 49 4 36 15 49 10 49 49 49 43 36 49 28 37 28 49 24 45 49 46 49 9 22 6 22 16 24 30 49 49 42 49 49 37 49 49 49 3 16 9 12 49 39 4 33 39 46 13 42 30 43 49 33 48 37 49 49 49 28 36 4 16 19 49 49 49 49 43 49 37 22 49 3 46 42 39 49 49 45 1 
42 49 30 43 25 49 31 33 49 49 18 5 13 0 14 26 9 11 1 10 13 49 45 49 49 28 31 34 43 46 7 37 12 49 1 49 49 28 49 49 15 33 6 42 22 22 49 9 49 13 49 30 49 49 33 37 37 4 49 49 16 7 48 1 49 19 16 45 49 45 45 4 45 49 27 3 49 49 49 4 49 36 19 31 31 13 49 39 49 37 10 49 21 46 16 49 49 21 4 18 49 
9 30 49 27 49 46 10 6 15 49 21 18 8 21 0 24 28 30 17 30 21 10 4 49 48 33 9 16 6 39 7 9 49 49 30 49 37 49 24 30 49 4 48 49 49 24 6 4 36 39 19 49 49 49 16 31 49 49 42 39 49 19 49 49 18 16 30 18 45 49 49 49 4 49 21 28 28 49 48 15 34 43 40 19 49 49 31 49 10 49 30 16 48 49 21 49 43 49 6 13 33 
9 49 12 18 33 40 49 16 6 49 23 14 30 27 23 0 30 26 4 19 49 49 27 37 34 40 49 49 19 28 49 42 46 12 49 4 12 18 37 49 49 34 33 49 49 49 49 27 42 19 27 49 28 49 49 49 49 3 16 49 42 49 49 49 3 34 49 16 7 49 27 49 15 27 40 15 12 40 30 24 49 49 33 7 49 18 49 49 6 7 49 7 4 24 30 46 49 49 49 28 28 
22 9 37 1 33 7 18 49 18 27 13 4 32 27 1 18 0 32 4 24 49 49 19 3 40 4 25 10 34 4 49 6 49 21 46 24 49 49 12 18 13 7 49 37 42 31 49 22 25 49 28 40 49 30 16 49 6 42 19 31 25 36 37 16 49 33 49 3 13 16 30 7 49 31 12 33 42 28 9 49 12 25 49 3 49 22 49 49 49 33 49 43 4 31 40 46 33 49 42 49 21 
30 13 3 36 37 10 28 3 7 33 10 18 16 5 10 30 25 0 30 20 10 49 49 48 49 21 1 30 24 49 19 21 48 3 39 27 4 49 22 49 12 49 48 49 49 46 22 36 25 22 18 27 48 15 3 28 30 49 49 40 49 40 10 49 49 15 34 34 36 22 48 34 1 49 49 36 49 49 49 49 46 49 40 40 49 49 31 25 16 12 25 43 6 15 49 42 19 49 49 49 49 
49 49 43 49 7 45 49 49 49 6 30 18 18 10 29 16 13 20 0 26 31 22 1 16 1 48 37 16 33 28 24 13 39 49 7 16 49 43 39 42 45 49 24 18 10 49 49 49 21 28 27 4 42 48 21 37 49 49 49 49 19 49 3 49 49 49 34 4 42 21 28 18 46 49 19 37 49 49 24 46 36 49 10 43 27 28 49 49 3 49 28 40 49 49 22 3 49 49 48 15 9 
49 31 19 49 3 15 16 12 49 49 1 26 10 15 26 20 10 8 1 0 33 49 9 1 27 22 22 48 49 13 49 16 22 49 49 28 46 13 49 49 49 49 49 12 1 7 19 40 49 49 3 22 18 27 49 49 49 9 49 49 24 31 25 49 49 16 49 33 12 49 6 49 49 49 34 49 40 49 34 49 49 49 49 49 37 43 3 21 49 4 48 6 10 19 18 49 10 24 33 49 49 
49 43 40 42 49 46 43 12 45 49 46 49 16 15 10 49 4 49 45 25 0 12 17 9 18 24 8 3 12 18 49 36 49 27 13 49 1 48 49 49 49 34 49 28 9 33 49 43 49 49 49 12 39 16 22 4 33 49 48 49 49 3 37 49 9 3 34 33 3 49 16 18 49 49 49 7 49 49 42 31 10 49 49 49 27 49 18 15 27 40 49 15 31 18 21 49 49 34 49 1 48 
49 49 30 46 3 42 49 49 42 49 1 10 7 18 49 18 49 49 49 4 8 0 24 32 25 27 30 14 24 19 7 43 48 31 31 49 49 49 31 18 7 49 49 31 49 48 49 25 39 49 1 9 49 16 16 33 12 6 48 28 24 49 25 7 3 1 6 49 9 49 12 1 4 25 49 48 6 49 13 7 6 39 24 28 36 49 6 25 31 6 43 46 7 37 37 43 49 49 27 49 34 
49 22 49 39 4 45 49 34 49 49 34 4 25 12 49 24 33 40 49 19 6 6 0 10 3 14 4 6 30 3 49 36 49 6 49 49 10 43 28 49 21 48 49 49 25 49 22 49 6 4 46 3 46 12 49 30 3 21 16 49 40 49 49 36 49 46 49 48 22 12 49 12 49 49 3 12 49 43 12 37 31 39 28 46 33 39 4 16 9 48 25 45 12 6 37 49 4 46 49 49 49 
49 49 49 25 7 30 12 7 49 49 46 34 46 49 42 49 12 46 15 19 30 10 2 0 30 14 4 11 28 0 43 13 21 10 31 49 18 49 22 49 49 49 49 4 24 6 37 45 19 16 49 36 28 22 49 49 9 28 46 49 7 39 27 33 27 16 49 49 49 49 30 45 28 16 22 49 9 31 1 49 16 33 4 48 34 18 34 49 12 49 49 30 37 28 3 36 4 36 49 24 37 
28 21 30 9 7 15 49 24 49 49 49 49 49 37 49 46 48 49 19 49 30 9 26 20 0 13 18 32 27 7 49 7 43 15 42 49 49 1 49 4 46 42 49 7 27 45 15 18 40 30 49 1 39 10 49 49 39 21 13 27 7 43 27 28 10 19 12 18 36 49 18 34 49 1 33 21 36 49 49 31 46 10 33 49 10 7 19 10 36 39 22 24 4 42 43 49 49 49 39 49 49 
34 7 49 13 36 45 21 9 49 49 49 24 13 49 10 49 30 4 16 49 0 10 12 26 27 0 5 29 10 20 49 49 49 49 49 40 34 49 30 49 25 6 12 6 9 3 25 25 10 31 22 34 10 46 49 49 46 45 45 49 40 49 48 36 6 49 49 22 27 9 49 9 25 30 49 43 46 40 46 49 36 22 36 19 12 21 34 48 49 49 46 33 46 36 49 1 4 12 13 49 46 
49 31 1 36 46 49 4 27 3 34 45 42 49 39 36 49 49 49 24 46 16 4 2 31 12 32 0 18 19 32 30 49 6 13 49 18 49 18 49 19 49 19 49 18 43 1 46 6 25 49 49 12 49 30 49 12 49 4 46 39 49 31 49 34 39 9 36 27 18 49 6 49 19 49 30 18 30 33 49 49 12 31 48 13 27 49 13 31 28 27 49 43 16 25 49 49 49 42 49 49 36 
22 43 37 22 49 49 43 49 34 37 49 31 7 25 12 13 49 49 1 49 4 25 8 27 26 12 26 0 14 28 12 49 33 33 15 49 49 27 45 36 49 13 49 34 49 30 15 49 33 49 25 49 19 15 49 49 7 49 31 49 13 45 49 49 49 37 49 46 49 49 49 30 48 6 49 34 49 49 48 9 24 49 6 15 36 22 49 49 12 12 12 22 9 30 1 49 18 10 49 49 48 
13 21 49 39 28 49 19 18 49 49 30 49 49 49 49 49 1 21 49 3 30 14 4 27 16 32 22 22 0 22 31 49 37 49 24 49 22 27 49 19 48 49 49 22 49 49 10 49 31 48 45 1 49 9 49 22 37 49 18 49 49 49 49 43 15 49 24 36 21 12 30 3 49 36 28 15 13 49 49 9 24 49 49 49 49 21 1 49 49 4 40 31 1 22 40 30 49 12 49 36 19 
25 49 4 31 49 28 33 16 18 31 37 49 49 49 25 9 10 48 49 49 4 4 9 24 14 20 5 15 0 0 31 49 49 49 49 49 27 3 49 24 45 49 49 27 49 49 49 12 27 43 45 39 27 49 31 25 49 49 49 7 10 12 6 33 15 37 3 49 6 49 46 34 16 49 49 42 49 25 49 49 49 12 1 16 49 9 49 49 49 25 49 33 15 33 49 49 15 49 27 49 31 
21 49 49 48 36 1 27 49 24 49 10 49 4 49 49 49 31 16 49 49 22 49 27 7 46 18 49 25 49 49 0 14 26 31 20 6 18 1 2 30 25 4 24 39 49 49 43 39 49 45 49 6 7 42 13 28 49 22 9 4 10 36 25 49 24 6 28 12 49 40 39 27 22 15 49 13 49 19 49 45 49 36 45 49 49 25 1 49 25 49 37 25 3 28 49 39 18 34 49 18 49 
9 49 6 12 42 27 43 3 25 40 49 49 49 22 37 10 7 49 16 25 4 21 42 3 49 16 28 43 19 16 15 0 24 31 26 8 8 18 23 29 6 33 39 39 24 21 39 16 49 45 3 49 3 21 10 49 12 33 49 49 10 12 21 10 1 19 31 28 33 28 49 21 49 49 33 27 49 34 9 22 34 49 49 46 49 49 22 36 3 3 21 4 49 34 36 49 16 16 34 42 49 
46 13 34 4 49 49 49 28 40 40 10 36 16 27 22 49 1 49 49 3 49 49 49 49 49 49 49 49 48 18 12 25 0 14 20 25 21 4 30 0 49 12 39 48 48 33 36 6 12 6 48 49 40 49 27 48 49 9 49 49 3 45 39 10 36 49 49 49 46 9 28 49 10 27 45 49 49 49 33 7 49 49 13 31 49 42 3 37 49 45 27 40 42 49 4 9 43 25 43 49 36 
45 49 22 4 4 4 4 49 4 49 24 30 48 13 49 21 49 25 49 49 28 39 49 48 34 49 45 33 19 30 4 6 31 0 17 30 29 28 7 15 24 1 34 45 15 45 49 49 22 49 49 49 49 49 22 42 19 49 49 39 49 22 31 19 39 3 21 49 28 49 3 22 49 46 49 49 49 49 42 49 34 45 21 39 49 49 9 36 49 43 49 49 31 34 28 49 45 49 49 15 9 
49 49 4 22 49 25 18 36 6 49 6 28 49 19 22 48 22 49 48 49 43 9 49 6 30 22 49 49 36 48 9 0 17 22 0 32 6 10 9 22 6 13 49 49 49 16 49 1 28 21 45 49 40 19 49 21 49 31 43 12 33 33 33 39 40 48 39 46 1 6 24 3 28 46 49 49 46 13 24 13 43 49 49 24 27 49 49 49 21 19 49 40 6 34 25 43 49 18 36 27 9 
10 40 46 1 4 49 48 4 33 4 49 37 3 7 3 42 49 49 49 27 6 49 45 42 42 34 24 45 24 49 26 6 4 10 18 0 4 4 20 18 49 49 49 30 48 49 13 27 49 49 49 49 3 49 49 48 49 49 34 49 18 27 49 12 49 43 36 49 43 46 49 43 49 27 49 45 19 1 48 40 4 34 49 48 46 49 49 31 42 49 46 30 49 49 43 46 37 4 4 30 4 
4 40 22 18 49 49 49 31 48 49 43 36 36 4 19 49 49 18 28 7 45 33 24 48 49 3 49 49 13 49 16 17 21 29 18 12 0 12 24 12 49 1 40 45 49 49 49 48 43 45 21 43 49 13 22 49 33 18 9 19 7 34 46 28 31 48 49 33 42 39 49 21 9 45 43 39 49 40 30 25 6 31 19 7 49 49 49 42 42 9 49 49 4 30 22 49 49 34 22 49 49 
42 49 49 49 28 19 40 30 49 37 46 6 36 18 49 13 21 45 16 6 36 49 4 19 15 49 7 21 49 27 13 14 7 3 24 7 7 0 32 20 49 49 33 49 45 18 36 9 43 33 49 6 1 49 49 40 49 7 18 4 30 36 49 36 22 49 49 36 49 12 49 31 30 34 21 49 43 49 49 21 49 49 48 49 37 43 40 22 49 24 10 19 7 6 36 49 49 16 49 10 49 
49 27 10 42 31 45 10 36 34 46 49 34 49 21 21 6 24 49 49 49 49 16 13 9 24 49 49 15 22 49 4 22 27 5 22 3 4 12 0 1 49 49 45 6 42 24 31 28 49 18 1 49 40 49 49 49 45 49 49 33 43 10 49 6 15 40 49 3 45 37 30 21 49 39 22 34 24 49 18 45 16 36 49 12 10 49 39 10 36 49 42 12 42 13 48 16 49 49 49 16 27 
9 49 36 21 49 49 28 49 48 49 12 30 13 4 33 49 39 46 15 49 27 49 49 49 49 49 39 39 49 49 17 21 18 26 8 26 25 13 23 0 49 3 10 12 42 12 30 46 16 27 49 33 49 39 9 19 36 27 25 16 21 48 49 49 37 13 49 18 49 22 49 49 48 16 49 49 49 37 16 43 7 49 48 49 7 28 6 34 49 49 24 46 49 46 43 49 28 49 49 4 49 
48 28 34 12 49 49 21 48 15 6 49 49 49 49 16 49 22 39 3 37 34 13 21 48 49 45 49 4 25 28 49 34 21 49 34 40 21 49 30 49 0 20 16 11 1 16 5 27 24 30 13 49 24 1 49 49 12 49 49 49 46 9 33 49 34 49 49 27 49 21 40 18 37 49 27 22 49 49 49 49 49 49 21 24 18 49 4 39 9 49 28 49 31 49 49 10 4 49 12 49 15 
22 49 6 24 25 9 30 49 15 7 49 33 39 19 28 49 9 49 49 16 12 48 49 49 10 18 49 33 10 21 9 22 49 25 40 9 19 49 49 49 12 0 28 4 3 19 4 32 14 15 49 42 24 34 49 49 49 12 7 6 49 24 6 7 49 49 49 49 37 49 4 49 49 49 9 3 28 40 49 10 46 12 7 39 28 22 48 30 18 40 33 31 49 7 9 49 36 24 37 49 49 
13 12 49 25 49 7 49 49 49 33 49 10 49 10 40 49 19 49 49 49 30 49 49 49 25 49 39 49 34 49 15 15 4 13 48 1 48 21 48 49 12 8 0 16 11 18 2 18 30 10 33 10 24 49 10 1 49 46 49 49 49 1 7 33 16 16 36 49 22 49 3 13 34 22 13 49 15 15 49 49 42 16 49 15 49 12 43 42 33 10 15 46 25 12 34 49 24 48 46 22 40 
49 9 33 33 49 21 15 16 42 22 33 45 49 28 49 30 28 49 31 48 4 49 49 49 40 30 49 18 49 30 49 33 28 49 18 49 49 30 39 33 30 9 5 0 32 9 5 8 25 8 31 36 48 15 12 49 49 15 49 31 49 13 45 27 40 1 49 49 40 49 7 30 39 28 49 7 49 40 49 43 28 37 22 4 4 49 48 16 7 49 36 18 49 13 4 49 49 34 49 49 49 
22 13 34 49 49 37 1 28 49 36 21 39 45 49 24 49 49 15 9 49 49 25 27 36 24 49 9 22 39 49 49 7 49 43 25 49 7 37 49 27 30 19 25 31 0 28 0 8 26 7 28 49 48 10 6 43 49 31 1 27 33 42 28 27 49 36 13 43 28 15 24 25 16 25 49 15 4 49 45 45 49 16 3 16 46 33 49 27 49 45 49 1 40 49 10 49 49 33 49 28 15 
4 49 49 9 9 49 49 12 49 33 49 7 49 49 49 12 49 21 10 27 19 19 46 49 30 13 49 15 21 45 49 21 21 3 49 49 49 42 9 18 26 11 4 24 15 0 26 5 28 28 49 10 49 48 25 49 43 19 12 3 49 12 48 49 39 27 49 49 10 48 13 49 34 49 28 43 27 49 24 49 48 49 49 46 6 49 49 15 4 49 15 49 21 10 49 40 49 45 39 22 27 
12 6 49 9 16 39 9 24 49 49 49 40 40 25 33 25 31 42 49 49 49 49 49 6 31 49 49 34 31 19 36 43 3 22 7 21 49 49 45 24 2 24 32 12 32 30 0 13 5 11 22 49 15 7 37 46 6 15 49 49 49 39 49 15 49 37 33 18 48 45 25 49 49 49 49 49 39 39 49 49 33 49 45 9 3 49 37 49 49 13 10 49 49 21 49 42 30 10 39 49 34 
49 39 15 3 7 25 7 37 24 10 49 49 16 39 9 37 16 19 49 39 49 49 18 49 4 30 27 49 42 34 37 49 49 19 24 9 37 49 49 49 6 20 12 19 14 22 32 0 24 30 49 30 49 18 37 36 3 42 36 49 39 4 28 39 49 9 28 49 6 49 49 49 10 22 24 49 49 49 25 36 1 1 49 43 48 27 21 49 34 49 6 19 22 12 40 49 13 31 49 43 30 
43 4 49 28 18 24 33 49 42 12 7 49 4 15 28 18 1 1 39 45 28 49 43 13 30 37 43 49 1 12 49 21 49 21 46 12 16 1 24 46 13 14 1 4 6 4 26 32 0 8 21 27 34 49 6 7 22 49 7 40 6 6 33 16 1 25 1 4 49 18 42 19 49 49 9 49 18 21 49 49 49 49 15 25 49 49 13 12 49 49 12 13 19 25 49 12 1 46 48 49 37 
31 28 46 43 49 42 16 37 16 36 16 49 22 43 12 49 46 49 13 31 1 49 33 49 43 22 49 15 49 42 49 49 39 49 7 49 1 49 49 49 2 24 2 6 8 10 2 4 18 0 49 42 24 36 13 3 12 48 45 31 49 15 49 40 49 49 22 45 21 49 19 25 49 27 22 49 37 15 36 16 49 36 46 30 28 31 49 49 13 27 15 27 49 33 49 49 45 49 34 24 16 
45 24 46 27 36 49 40 19 30 19 40 49 49 49 28 13 43 27 24 49 49 49 3 1 4 49 49 28 24 24 49 21 13 33 4 30 48 33 3 24 27 36 27 43 49 24 25 18 34 49 0 20 7 32 27 3 18 9 31 16 15 49 6 27 49 21 10 39 34 43 1 49 49 33 25 49 30 33 49 34 13 3 34 49 7 49 42 30 28 49 40 49 4 49 49 22 49 31 18 49 49 
43 49 49 45 21 45 37 49 49 45 4 16 49 36 49 49 49 15 6 10 24 13 49 45 49 42 37 6 1 49 49 22 40 12 7 49 42 21 3 28 49 27 43 49 42 12 7 49 4 49 27 0 31 8 30 4 30 30 32 24 49 49 21 40 30 49 18 15 45 49 25 49 33 28 49 37 18 36 49 1 49 49 49 24 49 43 48 6 49 28 6 49 34 45 34 1 49 49 49 25 7 
45 49 15 34 49 3 1 49 33 49 39 42 49 49 30 40 45 49 30 36 34 49 25 49 49 7 15 6 16 49 24 30 37 49 33 49 49 6 49 49 43 49 13 39 24 49 49 28 49 42 3 14 0 28 17 14 28 25 9 20 46 13 12 45 49 36 49 6 19 45 49 30 30 40 25 43 34 49 49 22 39 45 49 49 43 48 46 49 46 49 13 49 34 13 45 49 46 49 49 49 49 
36 49 49 45 21 4 43 16 7 49 37 24 13 1 27 49 4 30 36 37 21 49 18 49 49 31 22 49 49 10 49 27 39 18 49 18 49 6 36 36 24 49 28 24 49 31 49 6 19 49 20 21 16 0 32 2 27 21 30 18 49 43 49 49 12 18 48 25 49 12 22 49 49 49 48 48 34 16 21 49 1 40 45 49 49 3 49 39 10 12 22 6 4 1 3 3 31 49 48 37 49 
15 10 48 46 13 49 49 33 49 49 49 39 49 49 27 19 43 24 49 27 49 16 15 49 33 49 37 22 28 49 19 19 24 15 28 49 49 3 49 49 45 36 40 10 16 12 40 33 9 12 32 21 12 12 0 26 31 18 23 5 34 49 31 49 27 22 49 24 3 24 39 49 33 37 49 22 49 49 36 1 13 25 49 46 48 49 6 25 49 3 37 28 49 10 4 28 49 28 43 33 49 
10 4 49 43 49 49 31 49 49 45 4 9 25 7 9 3 49 30 21 49 13 4 36 34 49 49 36 49 15 28 49 24 33 12 21 49 6 9 6 49 21 13 21 49 49 22 30 7 10 49 9 2 14 27 7 0 0 8 6 23 49 49 7 6 49 49 46 49 36 13 16 49 49 3 49 33 49 7 49 9 4 49 49 49 49 33 40 1 30 49 15 21 37 48 42 49 34 49 49 25 43 
27 13 49 37 49 19 34 6 16 12 42 37 49 49 6 13 6 28 4 43 16 7 40 39 49 27 49 28 4 18 1 37 9 12 9 22 9 7 3 49 10 12 13 3 10 49 1 13 49 1 16 12 8 28 22 1 0 31 5 16 15 49 37 19 31 39 24 6 34 24 13 42 30 10 16 10 21 10 21 49 16 12 3 6 45 43 1 49 49 49 49 45 13 33 37 49 45 12 22 49 39 
9 36 30 9 49 48 49 49 49 19 15 16 49 45 43 10 24 49 49 49 33 49 24 25 25 34 49 22 39 49 9 10 21 45 49 7 43 39 49 49 7 22 49 49 49 18 36 49 16 4 24 3 14 22 5 32 13 0 26 10 33 9 12 49 49 28 39 22 49 49 13 49 16 36 49 4 49 46 15 49 15 49 28 4 49 49 37 31 7 12 4 49 18 15 7 10 30 12 49 49 43 
1 49 12 39 49 10 13 25 27 49 48 21 7 3 49 49 4 19 49 49 49 49 40 36 18 3 49 40 40 13 49 49 4 33 10 49 49 21 49 19 39 49 49 39 22 49 9 49 49 49 24 9 2 18 4 18 14 4 0 9 49 49 42 19 49 49 36 30 10 39 49 10 6 49 49 30 25 49 49 21 22 49 22 31 10 49 43 49 10 1 40 49 49 49 49 25 49 16 40 48 39 
49 48 49 42 3 21 27 24 45 16 34 22 27 13 49 43 49 6 12 19 7 31 49 30 6 7 36 48 49 49 49 24 49 49 49 49 49 46 36 15 49 49 49 49 49 49 19 49 15 42 26 16 30 31 13 25 24 3 26 0 9 49 39 33 10 46 22 45 4 16 43 6 49 49 3 49 9 12 21 25 49 49 43 49 49 24 19 21 6 49 49 49 49 49 34 45 22 22 36 49 48 
36 49 30 31 16 9 1 49 49 19 49 12 49 49 31 15 28 1 22 6 36 34 31 30 49 24 49 49 48 34 4 30 4 43 15 16 37 15 37 10 7 6 10 43 31 40 21 45 49 1 21 49 45 19 49 49 18 49 28 49 0 24 27 21 4 32 18 3 0 5 22 27 3 49 3 37 49 4 30 49 49 12 10 49 46 31 49 4 49 1 49 49 49 49 40 45 18 45 3 12 13 
49 16 49 48 7 49 19 49 33 40 49 49 7 22 49 43 49 34 36 13 49 22 49 33 6 25 49 3 49 28 22 49 49 48 10 42 49 24 49 49 15 49 49 49 28 4 9 49 31 49 49 34 7 37 49 28 13 49 48 30 1 0 8 2 18 10 25 0 4 22 49 10 7 7 4 7 49 31 37 39 33 45 13 40 49 12 49 49 15 28 10 3 49 49 16 49 49 27 34 13 49 
27 49 49 6 13 49 49 49 39 49 28 7 25 33 49 49 24 36 24 22 49 30 1 33 49 42 49 33 49 49 27 49 49 34 33 12 37 28 31 49 49 42 3 6 45 49 21 49 10 49 49 30 49 49 49 27 48 49 49 34 15 22 0 11 15 19 0 20 15 26 45 16 6 16 49 4 43 13 43 40 12 49 12 10 49 49 45 34 49 28 30 42 16 42 4 46 27 16 40 28 30 
9 43 28 3 49 33 49 49 49 31 49 49 49 25 48 15 27 28 49 48 12 34 15 27 49 46 49 18 18 49 34 49 21 12 49 4 42 45 49 49 10 49 48 49 49 4 49 24 25 4 16 1 3 24 28 3 42 49 13 22 25 2 6 0 20 1 7 20 9 18 39 45 43 49 40 49 19 49 43 49 48 10 22 49 21 6 28 33 49 39 49 49 42 49 49 49 49 18 42 4 18 
7 49 49 30 7 46 49 49 3 49 1 49 16 49 48 25 45 12 46 49 22 49 45 19 13 24 49 49 1 33 31 49 19 3 48 31 49 4 1 49 42 1 21 42 45 9 19 21 42 7 43 13 13 49 24 43 22 6 30 12 29 0 26 10 0 15 20 20 8 25 49 27 24 33 49 49 49 16 49 10 16 36 49 48 7 42 49 49 49 48 10 49 45 49 22 49 13 24 49 34 49 
10 49 40 49 10 15 22 49 10 49 4 48 42 9 39 28 49 40 21 49 15 18 49 48 16 49 10 49 22 49 21 49 16 39 40 4 25 39 48 19 31 49 1 49 6 49 48 12 49 49 49 49 49 49 49 49 49 49 25 49 4 26 32 20 1 0 10 22 19 7 49 49 10 18 4 6 36 49 27 49 9 37 49 9 39 49 49 49 10 1 16 49 49 16 45 19 49 49 24 37 49 
43 30 6 37 21 28 4 21 25 27 10 49 49 49 25 49 13 4 10 49 7 39 49 25 15 49 49 15 49 10 25 33 6 49 49 39 49 19 1 42 45 49 49 49 37 49 34 45 18 3 24 6 49 24 49 36 27 21 28 49 17 27 28 8 24 2 0 24 7 3 49 7 45 49 49 13 49 37 25 22 15 49 1 49 49 34 19 15 33 37 49 49 21 24 33 49 49 18 28 49 49 
49 34 43 49 25 10 15 42 49 36 48 25 43 33 33 1 3 10 45 7 27 37 19 49 16 16 49 43 49 36 49 22 39 49 42 49 36 1 15 49 49 37 49 45 49 46 30 22 49 19 49 49 49 3 18 36 49 49 49 31 8 15 7 26 2 6 26 0 20 29 42 1 6 49 18 4 39 27 49 49 31 28 13 49 42 49 22 49 25 45 40 31 19 19 49 37 49 43 25 28 1 
28 43 49 22 9 45 49 49 27 6 49 49 49 49 49 49 39 49 12 39 49 30 49 12 48 15 49 37 49 49 49 49 39 36 49 49 36 18 48 49 13 49 1 33 49 49 49 31 49 49 49 28 1 4 49 49 12 19 3 3 19 30 11 16 20 29 4 8 0 26 49 28 13 16 49 25 22 15 15 49 15 24 24 36 49 48 49 48 49 34 39 27 27 49 13 49 10 49 15 9 49 
37 34 49 49 1 49 49 48 24 13 21 36 49 25 49 49 4 49 40 18 33 9 15 49 30 48 12 33 40 49 49 43 43 49 49 31 46 3 27 1 48 49 24 49 49 34 24 13 49 16 25 19 49 37 43 49 49 40 33 3 14 10 8 8 6 32 18 22 21 0 49 9 10 18 12 49 48 49 49 31 39 36 27 18 4 34 6 49 37 24 1 49 49 6 15 37 46 25 49 49 9 
49 19 49 49 19 49 49 33 39 27 48 27 49 49 9 49 42 49 49 36 10 10 49 3 37 3 49 27 42 39 36 30 6 1 6 30 49 9 48 46 42 24 49 21 34 49 49 39 9 25 43 13 46 49 42 49 49 18 49 49 27 7 42 25 45 33 39 49 49 12 0 29 14 0 12 2 4 21 30 24 49 6 34 33 49 9 49 49 42 1 7 49 10 49 49 24 7 27 21 40 37 
40 10 49 30 42 39 22 46 39 42 15 4 4 34 49 42 25 19 49 18 49 28 12 49 9 39 24 10 46 37 28 49 34 49 30 49 46 1 39 40 49 42 49 6 6 49 49 31 49 40 10 21 49 27 49 16 19 49 3 49 30 15 49 4 49 48 49 42 49 27 20 0 32 12 25 12 14 20 14 29 49 27 46 31 30 27 49 21 12 22 43 16 49 34 22 18 3 4 21 49 46 
49 49 37 49 10 48 49 1 19 24 22 49 7 49 49 39 48 22 43 25 49 49 40 49 46 49 45 10 3 40 39 21 22 1 49 6 48 6 3 49 34 18 37 43 30 31 49 39 36 49 49 49 30 39 49 49 1 49 49 49 49 7 49 49 4 46 30 28 48 40 16 16 0 16 27 1 26 27 18 10 40 4 34 46 19 22 49 27 49 40 7 30 46 10 49 27 48 16 9 16 40 
49 49 28 49 49 18 49 9 22 7 49 24 39 49 46 4 24 49 43 48 49 49 49 15 4 33 49 4 42 49 1 49 34 42 31 49 3 37 49 49 13 49 49 49 49 49 36 49 31 49 46 33 1 49 37 49 43 7 42 49 49 49 27 1 49 49 24 39 28 31 2 18 30 0 26 10 18 28 7 1 49 3 6 40 46 49 21 49 49 33 18 49 9 39 15 49 49 49 49 37 49 
49 49 7 37 34 49 49 49 15 39 49 12 40 49 33 46 49 13 49 34 25 49 40 49 6 4 34 49 19 15 49 39 49 49 49 4 43 9 49 42 46 7 49 49 39 49 49 22 13 3 12 49 43 49 3 1 49 45 10 49 30 49 24 4 30 49 49 49 33 43 28 23 17 14 0 10 31 22 8 20 7 49 49 10 15 19 49 42 48 25 13 49 31 27 43 49 24 30 49 49 49 
28 37 49 43 18 49 31 49 27 43 49 49 18 36 42 49 6 49 22 3 3 15 49 49 49 49 13 18 28 49 12 45 16 49 40 49 10 31 27 30 25 1 10 28 49 21 9 10 30 43 49 25 1 24 1 25 49 30 12 49 19 27 49 49 10 12 1 49 49 49 32 31 14 24 22 0 16 25 30 0 49 16 33 49 45 15 19 30 43 10 49 16 1 39 19 30 49 10 37 45 45 
19 49 43 3 49 31 49 49 27 12 13 6 18 7 49 49 37 7 39 49 49 28 33 49 49 19 7 6 49 27 43 49 18 49 49 49 49 49 12 4 48 18 25 45 3 49 49 33 9 15 33 10 49 31 28 36 39 33 46 34 42 28 6 49 39 21 46 13 37 33 12 28 22 6 16 10 0 8 4 0 46 30 49 49 49 49 10 49 49 40 49 28 21 10 16 31 37 1 49 49 49 
10 49 9 7 28 40 10 6 49 4 25 49 1 49 28 49 49 37 7 39 33 49 28 25 9 30 36 49 49 49 49 3 21 33 42 49 49 49 4 34 16 1 49 48 6 45 6 49 49 37 49 49 16 49 4 18 25 3 12 12 1 49 3 49 25 49 49 27 49 49 4 14 10 5 8 32 2 0 7 14 49 49 49 49 37 49 49 49 49 9 10 31 28 15 37 49 49 49 25 49 15 
13 22 36 34 49 3 49 24 6 19 49 1 49 15 13 49 49 49 46 25 49 49 49 1 19 1 34 49 13 39 42 49 49 36 49 49 45 49 49 18 49 3 31 4 49 49 39 30 37 31 19 28 34 13 49 34 46 18 49 12 28 13 46 19 19 49 46 24 1 49 18 21 6 14 11 12 30 28 0 19 49 49 33 40 19 18 42 21 21 49 24 49 49 13 48 34 13 49 42 21 49 
15 49 43 33 30 31 49 7 49 49 49 49 49 10 24 9 9 49 49 33 12 36 48 49 16 19 4 28 21 24 39 24 36 49 36 45 49 49 49 36 49 3 6 4 49 49 7 1 34 49 48 25 49 7 49 49 49 19 15 46 45 25 42 43 4 49 30 9 49 43 13 30 11 20 29 4 18 28 21 0 37 40 49 24 15 49 49 49 49 40 49 7 49 10 36 12 49 43 49 45 30 
49 40 49 3 9 22 9 36 6 9 28 45 10 3 3 49 3 16 7 1 42 45 49 45 40 31 49 25 49 49 4 3 40 49 28 49 1 49 49 37 1 48 25 10 42 13 37 49 45 49 49 49 46 30 18 22 12 25 3 37 13 49 9 33 49 49 43 37 49 49 49 49 49 49 45 43 45 12 22 1 0 26 6 19 14 16 6 30 1 7 48 28 49 13 7 21 19 48 49 25 28 
15 49 3 28 19 49 49 49 36 49 49 30 49 49 6 49 1 13 27 6 6 21 4 25 49 49 24 39 49 49 4 49 30 49 49 49 49 46 3 19 22 45 45 45 49 49 49 49 7 49 43 25 25 49 28 48 3 22 49 49 6 49 18 18 3 25 27 10 28 49 49 15 1 49 42 48 49 30 49 42 25 0 28 23 4 24 30 21 28 9 49 49 1 22 49 28 1 28 33 4 48 
31 49 49 31 49 27 49 49 46 33 31 49 49 45 45 24 6 25 4 10 49 43 49 40 22 30 49 49 37 1 49 22 15 43 21 49 25 6 49 46 49 43 25 30 49 10 49 15 49 28 10 21 16 12 42 9 4 39 49 34 28 49 49 19 40 7 24 49 34 28 19 49 49 49 49 22 48 7 16 34 31 26 0 24 22 1 18 3 8 16 10 3 49 49 28 49 49 19 37 49 48 
33 6 27 34 33 15 7 42 49 7 49 49 42 25 49 25 19 48 7 4 28 3 19 27 46 15 49 12 49 49 49 28 49 30 49 49 49 25 49 7 1 49 9 42 25 49 49 16 49 48 49 49 49 13 10 46 48 13 49 15 49 48 16 22 21 49 49 4 28 49 42 16 43 12 49 30 49 49 16 6 18 1 18 0 19 32 5 15 10 11 49 49 24 7 49 46 49 36 49 22 46 
37 49 16 36 1 15 49 1 49 49 43 49 16 34 43 21 46 49 49 1 24 49 49 19 49 46 46 49 36 7 4 4 31 34 3 31 4 10 36 30 1 49 49 43 49 27 34 34 21 39 16 27 7 39 36 49 43 39 49 49 30 24 27 49 49 49 49 49 1 4 46 28 46 49 33 33 49 15 21 3 32 9 11 18 0 7 18 4 30 27 49 49 13 48 16 49 48 25 49 16 49 
49 4 42 31 49 49 18 6 12 7 25 49 7 48 49 30 6 49 19 27 18 28 34 31 25 27 15 49 34 39 19 4 12 9 49 19 12 42 49 42 49 6 49 49 49 31 36 49 49 4 22 6 49 49 25 49 3 49 48 49 27 49 49 7 49 45 27 49 6 40 49 16 36 30 49 30 6 40 9 13 25 25 8 13 23 0 10 11 14 11 16 7 27 31 40 49 1 9 22 49 9 
37 49 49 49 22 15 16 37 27 49 4 25 39 49 33 49 28 7 49 30 45 49 49 31 24 49 28 1 49 49 49 49 49 49 22 15 49 18 49 49 49 49 49 25 42 25 7 46 36 49 19 15 49 45 34 42 7 42 16 27 24 36 21 49 18 24 49 18 49 49 49 49 25 49 49 49 7 49 49 24 10 25 12 4 13 23 0 5 4 32 45 49 49 34 25 7 49 10 21 12 49 
34 42 42 4 49 4 19 22 3 34 27 3 9 49 49 21 10 48 22 48 42 33 22 42 49 39 31 49 40 49 10 49 37 48 37 12 4 49 10 49 9 3 49 40 49 19 33 49 13 49 6 43 43 49 40 31 49 3 42 49 49 43 43 12 27 12 12 49 49 10 33 25 18 15 3 4 27 49 21 21 21 1 16 18 6 7 13 0 12 10 49 49 43 49 25 49 49 49 37 22 36 
49 25 49 25 37 28 49 42 10 49 49 42 49 49 49 16 31 3 46 49 49 16 49 49 49 19 18 9 27 43 19 30 3 49 49 49 18 49 13 15 42 49 49 49 31 49 49 21 6 34 48 12 25 49 49 48 18 33 49 49 49 30 49 28 46 49 49 48 49 49 6 49 18 24 15 16 22 49 22 49 24 8 12 26 12 28 14 26 0 0 46 49 49 49 27 36 49 7 30 34 49 
33 39 21 10 46 46 37 9 21 16 49 12 34 6 46 27 1 49 49 49 49 13 46 49 18 42 49 13 28 12 27 49 9 46 33 16 19 42 49 49 37 15 49 4 6 18 12 49 21 18 37 40 10 24 4 36 49 49 36 31 10 49 31 46 22 49 3 3 49 49 27 13 45 49 49 9 18 49 12 43 31 16 16 22 2 14 27 14 12 0 49 39 49 49 31 49 21 27 1 25 19 
39 27 42 3 49 49 49 45 13 48 49 49 49 49 49 22 49 49 42 49 36 34 49 49 49 12 25 40 43 1 49 9 10 49 49 19 49 27 49 49 1 9 19 30 3 18 27 43 42 39 49 49 39 1 45 40 48 12 27 49 33 6 43 10 49 13 49 49 15 49 49 49 22 3 12 3 31 34 40 22 45 49 21 42 49 49 25 22 39 49 0 24 18 12 10 13 20 19 14 6 12 
9 49 49 49 49 30 49 43 24 49 49 16 30 27 49 25 16 49 24 10 39 49 30 4 19 13 49 12 40 49 12 49 48 27 10 31 46 42 7 33 49 12 49 16 34 4 49 25 30 18 49 19 25 49 30 13 39 15 28 49 49 18 31 49 49 28 34 49 10 42 19 25 19 49 24 49 49 49 49 19 49 9 3 49 42 9 1 25 31 10 24 0 13 4 23 4 26 13 32 2 43 
6 15 30 45 7 31 6 49 36 31 49 49 49 49 16 21 21 49 49 18 49 28 49 33 6 13 1 18 1 18 49 33 31 18 49 45 49 21 49 49 49 7 40 48 16 49 19 36 49 12 49 49 36 42 49 49 37 37 6 1 13 49 4 49 1 49 49 42 19 36 49 49 34 33 4 3 13 19 36 4 49 21 49 10 49 19 33 1 49 12 3 27 0 7 8 5 27 3 26 25 4 
33 49 43 13 4 3 49 19 49 49 1 43 49 21 37 15 18 49 15 16 24 49 48 49 21 33 46 49 24 27 49 49 43 21 19 7 9 1 28 40 37 48 37 25 3 1 49 49 49 49 39 49 24 34 43 10 49 46 49 22 7 42 40 7 42 10 28 49 46 49 49 16 49 49 24 42 4 18 39 39 49 49 46 31 49 3 19 4 43 45 17 24 0 0 30 32 29 26 7 18 12 
24 27 49 16 28 49 49 16 49 43 49 7 27 12 28 27 49 24 43 49 27 4 36 12 4 49 27 9 45 13 4 7 4 15 34 49 37 12 4 42 13 49 49 46 49 49 28 12 6 12 49 49 34 27 49 49 34 49 49 49 49 48 49 49 31 49 49 25 49 49 16 49 49 49 9 42 49 46 49 33 7 40 28 13 12 49 27 45 1 1 2 7 24 10 0 16 24 18 28 17 49 
49 49 13 10 46 12 40 16 28 49 30 49 49 36 19 12 12 49 21 49 25 45 12 49 48 49 49 3 12 27 46 49 21 49 30 15 16 49 49 46 39 24 16 49 12 43 49 34 34 6 49 18 39 6 49 49 49 3 16 33 30 49 1 22 19 34 49 49 49 49 28 28 39 9 48 9 34 27 24 39 49 16 1 1 18 49 22 49 39 49 2 26 6 6 20 0 0 10 24 22 49 
25 16 25 10 49 1 12 15 30 25 36 49 10 25 49 49 49 6 49 49 12 21 34 49 16 45 40 21 49 49 49 37 49 49 33 19 19 49 49 7 39 10 49 31 49 33 49 31 49 16 46 6 49 10 21 49 39 36 3 36 49 24 12 28 49 49 49 37 43 49 40 33 49 24 49 7 45 25 4 25 49 49 10 45 49 21 46 49 12 49 29 4 20 29 32 2 0 18 29 29 4 
49 37 12 25 16 27 37 25 24 40 42 1 21 21 15 49 22 12 19 42 16 49 48 15 37 16 22 3 49 6 33 49 10 19 49 49 10 31 49 36 39 24 31 18 31 28 49 49 16 49 9 10 45 25 28 49 48 25 16 39 18 18 31 45 49 15 39 49 10 1 15 49 12 49 22 48 4 49 34 45 37 49 13 49 3 19 49 49 49 49 15 12 12 13 2 26 26 0 6 18 10 
49 49 16 6 4 7 49 34 4 22 49 49 48 49 49 49 49 13 25 46 7 49 49 28 37 10 9 40 12 12 28 49 15 40 45 16 25 45 3 12 45 34 46 12 25 19 49 49 46 19 49 49 40 13 13 49 13 36 4 33 39 49 13 28 36 45 19 19 9 49 49 4 21 49 9 6 49 34 46 30 43 48 37 43 30 28 40 30 42 22 13 25 12 32 7 24 8 24 0 23 3 
12 6 49 18 36 49 43 39 49 28 22 49 45 33 6 45 36 30 49 30 49 49 42 49 15 48 49 49 40 15 40 49 49 36 49 19 30 13 39 25 46 42 24 19 9 46 49 42 43 49 49 3 25 43 36 30 31 25 25 27 12 27 34 48 40 49 49 49 49 49 49 49 9 3 9 49 42 49 33 49 19 4 10 31 49 39 49 45 39 30 2 2 28 9 12 30 32 8 0 0 43 
15 36 16 36 49 27 49 49 49 6 49 12 45 42 39 49 45 49 10 42 18 33 36 21 28 49 7 49 49 36 49 48 45 13 49 9 34 9 4 49 46 36 49 49 49 49 49 49 42 46 49 7 39 24 49 3 49 27 49 33 39 49 9 49 9 7 28 46 49 40 7 6 49 40 31 49 49 45 49 49 16 49 22 49 49 30 36 12 49 49 34 49 39 49 49 49 49 49 49 49 0 
