n: 100
m: 2
Pi:U[1-99] 77 59 71 68 96 74 19 81 20 7 51 84 13 88 7 42 77 9 18 25 56 56 75 65 48 20 92 15 41 82 76 55 16 36 49 98 78 19 53 63 73 27 56 60 89 3 8 13 11 29 51 82 15 54 59 17 43 24 30 95 7 67 79 58 86 51 21 30 85 7 96 88 43 75 27 3 18 68 36 31 34 82 47 97 87 80 10 86 64 67 56 98 1 37 16 26 23 69 53 56 
Si:U[1-99]
0 89 5 57 3 69 33 30 28 49 35 53 6 53 17 89 70 20 87 61 38 76 15 18 93 16 81 17 48 55 85 63 43 86 88 60 27 15 89 67 17 54 17 76 24 51 31 68 42 57 95 41 71 75 91 11 89 56 89 24 39 70 41 31 7 13 20 73 64 53 50 34 63 35 18 69 89 24 24 50 9 26 65 75 64 90 71 91 15 40 56 22 66 70 61 92 22 33 51 84 46 
25 0 89 45 39 69 76 53 53 44 62 62 86 57 58 89 85 97 12 62 6 4 12 52 62 53 74 72 49 92 24 50 61 29 20 42 83 62 71 92 92 95 4 88 3 32 97 81 75 84 70 3 26 65 45 68 13 62 77 25 60 77 47 16 52 62 80 80 41 74 4 83 91 20 13 88 7 49 78 25 15 33 10 56 59 94 31 65 69 39 81 51 10 40 33 90 52 7 94 5 69 
95 5 0 37 28 80 80 59 42 17 38 42 39 9 75 15 71 73 65 46 86 59 45 13 27 15 69 70 44 72 86 75 44 14 90 81 20 42 20 93 55 10 5 50 31 63 65 3 16 31 69 32 3 66 96 82 62 78 16 99 13 75 69 83 11 67 19 7 77 44 56 69 55 85 31 30 11 76 78 23 29 61 1 47 98 69 92 11 46 17 45 3 43 23 90 40 39 18 33 1 27 
19 73 49 0 66 71 14 55 93 99 16 42 86 83 50 82 9 75 31 19 63 67 2 3 29 37 4 96 65 67 1 68 48 94 13 57 93 48 48 95 47 85 22 33 71 61 83 34 74 89 4 56 49 99 8 37 58 66 53 12 38 89 52 38 85 73 11 95 47 92 73 11 58 83 33 17 8 26 71 92 5 23 80 54 74 19 65 74 19 18 68 33 29 62 10 31 38 59 32 3 77 
59 16 44 90 0 54 70 63 23 91 84 92 20 50 34 67 68 41 35 71 50 92 36 5 69 98 40 51 76 91 33 28 98 83 14 74 4 94 3 53 17 83 94 59 39 40 74 81 27 41 55 5 97 32 31 71 30 20 15 2 65 55 6 56 91 6 13 59 52 31 11 30 25 78 1 33 76 69 61 58 69 69 93 24 19 58 90 65 22 22 57 41 60 92 64 21 56 61 29 69 15 
29 89 7 38 50 0 65 68 46 39 31 75 2 33 36 77 22 76 90 98 83 90 40 4 69 42 30 87 59 81 12 94 98 17 24 95 84 9 8 33 35 45 5 12 66 59 35 97 2 20 71 60 17 83 52 94 53 8 88 67 24 73 77 5 61 85 20 86 33 86 45 50 41 80 99 83 26 56 45 59 22 77 48 58 86 25 12 81 19 31 2 53 85 52 85 99 83 27 60 36 22 
4 24 88 2 53 55 0 1 41 59 6 12 32 67 32 99 64 19 11 54 36 74 11 55 50 57 69 91 38 94 1 2 78 41 80 69 80 36 38 79 95 9 99 13 39 3 24 2 63 58 5 84 50 35 41 75 69 20 84 39 33 3 67 22 40 26 19 46 24 14 72 19 57 4 28 29 89 18 68 3 22 72 67 73 50 43 35 38 61 68 26 34 17 43 22 24 27 97 26 74 27 
64 4 15 56 49 71 82 0 60 19 17 70 88 58 87 60 72 86 44 87 28 43 15 22 54 8 14 66 48 21 62 91 99 18 70 49 42 90 42 84 87 82 29 11 80 15 47 72 42 65 25 65 43 68 56 92 69 39 2 12 26 63 25 54 55 13 98 88 82 28 8 57 67 46 51 51 68 14 13 45 92 26 89 97 68 6 90 73 87 47 40 52 93 73 78 64 34 92 1 59 21 
96 85 72 57 11 42 78 91 0 62 93 97 82 29 66 22 89 82 8 62 54 51 29 36 24 84 14 12 52 67 71 37 7 98 49 32 54 81 60 94 13 23 87 65 76 27 55 95 97 45 91 17 37 81 50 73 85 87 91 58 69 85 81 65 98 49 10 33 49 40 40 60 25 27 22 12 54 76 72 13 21 61 94 35 52 25 60 53 94 24 52 6 75 62 74 59 18 18 4 64 25 
87 89 78 40 77 15 68 69 70 0 63 87 82 24 42 38 22 37 84 68 87 24 9 38 90 86 77 63 97 26 8 12 19 21 72 86 86 30 43 14 95 78 8 15 23 50 4 13 85 82 10 50 70 58 75 97 92 85 14 62 41 20 22 27 51 22 5 46 74 43 4 56 21 7 94 60 3 24 93 35 6 35 68 66 68 68 23 69 80 26 64 77 47 8 44 63 9 84 28 71 84 
77 43 38 54 15 44 60 93 22 17 0 42 57 31 17 18 80 67 3 63 97 70 24 81 56 74 7 41 39 92 23 41 14 83 28 21 3 27 70 11 37 96 68 51 63 40 38 78 33 80 65 63 80 48 60 66 96 31 17 67 88 95 31 89 46 81 55 37 76 80 1 51 83 9 40 45 79 67 47 66 7 31 45 62 68 7 89 33 75 16 49 29 70 80 25 39 76 90 6 71 77 
42 86 25 68 16 15 33 85 25 81 14 0 32 27 1 76 59 9 51 68 3 72 14 52 8 62 36 3 72 2 77 54 24 34 34 39 84 74 98 43 8 1 67 20 72 7 23 96 6 76 10 74 71 9 70 15 36 17 49 72 85 64 26 97 64 99 85 39 74 89 60 10 52 83 16 42 97 35 10 44 63 76 82 73 75 13 19 68 84 76 50 74 28 29 55 2 9 62 33 13 18 
23 38 42 6 2 10 57 34 25 64 58 81 0 49 89 29 40 2 94 9 13 40 28 93 84 93 42 48 17 37 68 6 8 60 93 34 53 41 94 28 11 55 1 34 83 65 18 49 29 83 88 89 71 21 38 60 21 4 77 36 52 58 5 62 41 50 62 38 11 88 12 10 64 19 67 82 5 85 19 77 26 2 96 3 39 38 97 9 59 15 1 14 84 83 55 32 61 30 96 10 73 
30 80 39 52 63 37 88 21 28 92 27 6 97 0 96 47 78 53 69 96 87 39 36 99 40 38 53 5 12 83 92 7 81 66 13 24 58 67 4 20 98 36 43 19 55 75 31 99 57 36 8 78 49 71 94 73 20 86 5 37 78 11 56 92 31 77 16 13 92 73 89 22 34 93 1 58 73 24 82 83 93 15 58 34 99 43 88 42 7 95 17 95 99 56 64 26 13 87 39 73 35 
31 35 17 23 11 26 35 8 13 54 48 38 94 16 0 69 70 18 8 79 91 29 4 69 55 4 60 39 91 74 15 96 90 71 54 76 72 87 56 79 72 9 74 29 25 5 34 2 58 3 92 38 38 64 14 27 38 1 61 25 93 66 59 80 77 74 43 75 11 34 73 54 34 20 61 24 79 54 10 1 88 33 43 62 43 93 79 10 20 25 73 51 81 94 7 89 92 89 51 39 28 
76 15 33 78 89 79 35 95 50 29 16 9 40 70 62 0 43 86 8 23 47 83 24 40 70 53 86 59 31 95 73 19 64 86 30 1 63 27 87 76 56 41 35 83 11 72 2 36 87 38 34 34 19 23 56 80 39 61 59 98 95 17 20 61 91 36 19 89 86 52 76 65 60 1 42 17 46 71 8 79 63 14 91 28 17 99 77 50 16 27 11 15 52 86 40 57 81 97 3 73 58 
15 30 39 87 95 13 99 20 16 3 33 50 16 16 48 69 0 98 93 16 70 90 73 15 32 14 76 73 42 12 6 62 85 79 19 2 84 6 92 98 8 60 60 57 32 85 44 69 5 60 94 88 57 64 35 76 91 7 84 60 30 24 35 29 15 36 79 82 31 64 63 84 6 32 66 40 43 69 79 22 58 55 4 91 88 58 46 36 34 37 86 64 46 68 32 78 53 65 35 6 69 
87 81 59 44 51 31 20 47 62 35 11 95 23 86 48 38 52 0 17 54 64 78 60 69 35 12 63 96 14 34 84 40 54 46 2 70 9 90 53 3 42 67 78 41 31 58 67 47 26 99 53 59 59 4 7 59 6 34 26 35 39 96 23 31 44 41 62 36 47 59 63 3 2 87 9 29 38 98 85 27 75 5 59 76 59 14 24 15 27 6 47 88 36 68 49 7 17 16 32 53 20 
72 58 90 97 9 57 59 11 44 86 62 17 95 73 15 37 77 93 0 27 88 16 90 18 7 65 21 80 57 25 92 24 94 72 83 58 22 40 2 94 76 84 64 55 44 42 31 20 99 85 56 16 57 84 61 55 28 65 71 11 79 3 65 96 6 25 90 86 73 47 94 83 5 4 55 57 45 83 86 27 30 39 69 98 38 49 67 83 89 14 14 92 1 24 2 42 27 10 67 46 84 
89 88 16 14 80 34 73 54 65 12 9 4 56 53 92 88 45 66 25 0 64 79 78 52 21 24 66 60 5 88 50 46 12 44 56 73 1 9 36 82 36 11 97 20 95 37 80 28 49 63 44 33 83 36 18 63 36 33 72 60 7 8 17 8 45 91 90 19 38 86 62 52 86 26 85 16 74 38 24 67 60 3 43 63 48 48 37 62 66 91 17 78 45 52 11 91 73 28 80 55 84 
21 50 57 84 76 88 91 21 46 44 12 90 50 65 10 2 87 75 13 10 0 79 96 67 71 35 47 62 98 6 38 63 30 71 88 90 70 6 37 7 76 33 30 15 21 31 27 37 50 71 12 29 77 16 81 59 53 13 35 78 25 67 30 41 3 99 48 26 70 87 41 51 89 69 83 18 91 7 93 91 49 69 97 34 49 16 38 33 74 4 45 80 69 62 34 7 66 39 77 63 79 
93 36 60 41 82 31 23 42 7 97 79 73 16 92 91 36 71 37 66 53 51 0 38 84 35 96 19 2 58 78 35 95 8 1 50 87 1 58 55 66 46 38 66 67 32 96 7 87 62 15 91 40 11 91 84 15 55 11 69 83 2 65 92 85 93 51 70 34 4 61 65 60 27 48 59 40 34 3 42 32 7 6 20 9 97 28 25 99 99 83 99 98 80 6 8 71 18 48 52 56 10 
64 72 41 60 82 97 69 77 93 72 19 1 17 57 50 97 97 69 25 24 85 69 0 21 75 59 67 86 9 16 75 94 64 81 91 33 91 82 96 58 30 93 62 89 58 90 96 9 82 37 7 76 17 51 75 79 68 68 48 35 62 54 10 52 49 87 93 99 14 62 19 6 36 77 81 88 46 29 9 35 79 90 95 8 4 57 33 68 57 18 71 61 54 95 43 53 75 21 77 77 27 
75 31 92 90 23 7 9 11 54 82 45 53 95 21 30 82 62 10 72 12 88 56 3 0 11 88 4 49 15 98 54 58 18 78 87 9 35 18 60 7 28 18 17 67 91 10 20 27 92 5 37 6 92 74 26 83 1 87 84 17 51 16 71 10 1 13 83 99 59 48 29 66 91 37 47 48 78 85 56 77 6 39 20 95 36 69 72 65 27 23 21 34 15 79 19 84 23 4 29 70 49 
35 34 71 57 72 22 82 76 64 67 14 7 35 64 45 72 41 28 30 82 10 38 52 50 0 24 44 57 28 73 4 35 10 35 37 34 38 91 99 93 99 57 94 34 78 62 81 20 23 5 20 35 92 53 34 82 95 88 39 63 66 65 48 87 47 97 89 57 80 20 83 59 36 81 28 65 45 72 96 20 29 48 45 47 50 40 93 50 67 81 65 76 16 17 88 7 94 70 24 65 43 
49 33 46 29 45 37 24 44 21 29 21 99 72 52 28 56 42 28 86 20 14 30 82 57 25 0 17 28 16 90 89 61 83 71 69 86 37 66 77 47 24 55 19 48 35 9 30 85 25 61 10 56 29 92 69 60 76 66 7 20 77 11 89 22 72 53 2 31 39 91 20 50 12 84 99 31 1 97 32 41 72 46 70 34 51 29 88 23 65 74 91 20 30 26 32 65 57 97 10 88 18 
12 96 15 42 70 70 8 59 62 65 38 20 3 93 22 68 43 43 66 78 87 82 97 7 77 33 0 9 68 20 32 62 55 92 45 18 76 64 88 90 17 30 31 16 83 24 87 57 10 23 33 33 15 55 44 77 90 99 7 68 47 86 81 70 48 14 55 65 29 36 61 2 52 40 55 93 78 47 58 6 82 78 71 86 24 88 54 35 60 19 27 5 57 1 62 60 65 47 70 83 78 
63 74 97 26 41 6 23 18 80 32 33 99 92 66 24 64 38 73 19 93 35 2 26 66 39 5 4 0 60 12 39 37 19 59 52 61 59 29 48 95 68 75 65 58 69 5 84 75 24 49 49 17 52 98 60 75 93 95 55 23 48 84 30 40 9 29 17 1 29 74 47 39 56 44 6 64 79 26 69 57 91 12 52 92 10 72 10 8 1 68 78 11 71 3 67 19 50 60 74 51 5 
87 33 73 95 68 44 70 23 34 16 77 23 73 57 66 3 41 83 53 40 8 63 48 82 95 9 90 71 0 8 47 67 44 2 67 51 67 96 5 16 80 95 40 88 83 79 47 84 85 49 96 12 90 57 56 38 67 44 13 92 74 80 22 14 18 52 87 30 70 39 88 47 89 82 3 78 43 68 86 2 58 70 34 23 62 57 20 55 84 68 88 33 86 56 35 33 25 76 91 45 8 
10 73 86 30 81 80 94 84 13 90 70 95 50 38 57 97 82 27 50 98 31 36 50 68 5 35 80 95 92 0 49 68 21 49 39 40 1 73 15 85 46 75 69 64 68 55 19 40 23 16 28 9 32 84 72 96 15 89 92 57 57 41 56 66 94 4 31 5 62 10 20 75 66 43 31 84 91 19 79 54 83 20 46 59 74 23 34 71 38 98 37 71 55 72 71 85 38 10 71 4 47 
28 54 33 26 12 53 35 67 76 95 25 58 33 74 29 86 43 98 67 10 24 62 41 86 29 21 98 10 24 44 0 47 50 60 64 5 15 58 29 76 25 98 89 11 16 39 68 7 67 30 62 66 64 21 91 72 39 90 34 92 14 19 17 77 74 50 12 88 13 2 46 37 97 10 40 69 39 27 76 35 69 89 38 41 33 94 51 81 73 48 5 60 54 48 47 53 15 43 72 18 96 
69 99 41 49 30 11 45 44 9 96 9 79 39 76 13 17 25 2 66 79 68 98 6 43 98 38 85 37 76 80 70 0 39 13 79 13 60 47 70 4 65 93 96 84 3 88 18 16 32 21 72 9 46 65 7 18 14 94 69 83 38 96 46 32 49 97 54 20 18 10 32 18 11 64 20 90 91 97 5 26 27 97 5 72 26 84 53 93 86 39 66 85 69 21 89 70 75 2 39 35 41 
26 31 63 13 51 77 53 26 9 80 59 65 65 43 24 3 80 63 35 92 74 85 32 43 1 80 70 54 8 8 64 97 0 16 22 15 29 54 96 39 9 3 51 7 87 95 2 57 90 61 3 11 43 49 82 70 73 87 6 85 91 26 37 69 66 21 19 45 77 8 51 40 55 98 27 1 6 50 32 25 64 12 4 98 80 94 87 53 12 14 61 34 63 73 77 46 47 44 99 88 99 
44 24 67 2 87 13 23 40 3 15 12 38 44 42 28 56 42 29 8 65 58 71 53 92 65 72 19 15 61 20 94 77 11 0 80 13 36 33 16 91 50 34 85 11 77 92 74 92 57 31 28 5 47 77 91 99 9 79 77 91 5 27 77 33 12 82 60 17 2 32 13 13 13 18 41 61 76 88 24 31 57 42 7 44 71 44 6 67 97 55 59 86 67 63 7 38 2 26 59 72 30 
57 87 27 73 74 64 81 43 48 30 89 3 34 90 95 59 20 19 95 30 68 31 83 23 34 54 19 91 55 25 98 6 94 82 0 70 65 19 34 90 81 30 17 87 78 37 65 25 51 4 35 30 67 12 97 43 4 63 11 16 67 19 22 23 98 2 63 30 93 8 93 71 56 49 42 49 46 54 29 73 34 59 23 59 16 70 53 86 12 76 99 35 41 42 95 81 26 49 98 51 48 
8 24 37 29 79 25 74 88 12 46 22 80 9 74 53 11 88 97 39 49 3 3 23 55 22 89 47 44 59 93 75 45 86 9 57 0 83 92 5 40 46 68 18 51 14 58 76 9 21 26 54 76 58 22 41 79 17 33 59 82 91 36 38 89 2 83 33 30 76 91 42 67 50 55 53 36 11 97 76 4 2 34 23 76 70 90 85 65 66 48 14 56 97 13 60 74 53 11 8 6 38 
1 83 59 9 4 55 96 97 56 77 7 63 32 45 67 60 83 85 3 98 82 9 13 93 94 8 22 21 78 10 77 83 5 24 62 85 0 43 3 80 25 99 37 13 1 4 9 56 39 33 35 35 68 30 52 7 68 62 22 3 89 74 64 26 13 4 58 52 10 58 1 5 1 26 17 9 68 71 98 64 65 41 2 23 95 56 54 55 2 64 84 7 97 45 71 10 7 70 82 51 20 
83 97 80 48 87 1 70 1 1 93 68 79 7 30 24 31 68 71 21 80 9 32 7 86 43 22 74 6 64 24 97 76 10 95 11 72 80 0 46 64 47 77 37 29 19 38 45 28 38 96 61 54 48 5 31 55 95 13 99 21 51 50 17 39 76 23 55 20 2 76 15 48 2 70 98 40 30 43 37 39 33 83 32 92 50 3 11 11 27 94 18 72 36 18 19 64 99 65 99 40 9 
2 19 98 53 84 56 54 71 57 62 75 16 39 2 83 3 22 8 72 43 9 50 68 5 42 82 73 32 21 74 98 39 49 56 33 6 89 30 0 43 63 31 58 21 57 55 96 5 92 21 6 60 19 77 35 26 77 42 23 78 62 4 47 22 95 83 47 62 79 88 78 41 61 6 47 4 76 60 81 93 28 14 58 75 6 80 50 39 52 83 75 65 91 71 80 38 19 68 53 96 17 
82 65 24 77 66 15 21 20 27 81 44 61 60 49 54 38 53 34 13 65 52 61 41 90 96 58 44 82 22 98 77 43 45 33 2 38 46 41 58 0 53 83 27 48 43 76 41 95 9 86 72 47 9 16 40 52 86 9 51 40 79 94 4 73 24 26 22 3 48 49 42 72 57 70 64 8 9 43 53 41 60 2 30 88 65 24 89 89 31 3 84 44 89 75 75 7 98 37 54 64 44 
50 64 55 31 46 19 23 52 23 84 52 28 3 10 34 3 25 3 50 98 93 23 45 95 84 78 93 56 41 76 81 9 76 38 12 36 92 6 52 61 0 21 75 81 53 75 75 8 77 12 59 34 3 47 26 98 40 37 98 82 56 74 86 80 27 60 30 15 9 98 77 7 58 69 6 82 79 97 66 36 91 79 28 28 40 45 12 23 33 12 70 40 77 52 82 3 8 95 19 2 70 
95 20 50 39 34 45 46 52 53 45 8 23 63 92 70 88 65 18 78 28 15 88 8 88 57 47 52 11 60 29 95 71 69 30 53 31 19 4 64 6 32 0 78 73 92 37 46 22 8 89 22 37 33 1 51 74 13 80 98 4 7 27 94 56 81 50 74 84 64 37 6 86 88 94 92 37 92 43 79 66 61 46 59 57 16 89 40 28 4 67 60 67 7 93 72 80 71 27 60 10 53 
70 48 20 56 11 67 43 79 47 96 92 90 14 66 73 89 73 72 23 27 54 15 29 81 86 78 8 78 82 42 52 21 9 64 95 1 26 4 58 89 19 47 0 24 70 63 80 16 77 99 86 23 42 12 3 57 86 88 32 79 45 83 37 20 71 5 66 19 19 64 96 37 91 98 39 65 9 42 94 20 92 23 78 1 79 64 11 54 1 32 62 95 81 74 32 45 51 54 16 36 81 
36 53 27 12 4 34 66 36 34 10 67 97 38 46 17 58 22 31 56 56 71 23 37 69 38 48 60 64 53 35 77 61 68 79 11 22 50 98 85 42 34 63 1 0 42 53 40 71 87 19 60 86 63 48 23 73 98 41 53 94 30 42 67 77 94 24 19 36 27 22 63 98 44 78 90 95 20 49 98 46 22 40 3 59 51 76 19 87 29 62 64 44 34 12 99 29 73 10 72 68 51 
91 31 37 19 89 26 55 97 6 15 55 56 45 48 91 48 9 3 54 13 38 26 62 13 23 65 89 74 37 64 11 49 86 2 14 69 61 72 25 32 65 87 44 33 0 71 62 72 22 69 67 9 95 88 70 10 61 50 30 82 37 17 71 26 20 91 13 50 84 42 2 55 60 80 21 86 85 74 71 15 35 49 28 61 2 28 13 5 44 34 9 90 79 95 39 89 69 81 13 84 45 
6 12 16 66 38 34 33 26 38 75 68 16 18 19 91 80 12 89 33 52 19 59 62 66 17 29 24 52 40 95 4 6 26 18 95 85 95 56 24 43 42 58 18 40 52 0 50 60 25 34 63 80 70 66 12 83 12 38 91 81 76 69 24 39 12 35 58 9 73 66 92 10 35 25 91 21 27 9 96 33 6 63 32 33 47 37 1 7 67 25 28 17 46 66 15 74 46 67 70 22 34 
16 26 13 80 37 23 40 2 52 21 65 68 50 6 65 36 41 94 2 85 23 33 72 8 9 33 22 82 48 67 93 82 93 39 86 3 9 16 5 90 62 54 51 29 80 12 0 16 67 2 31 5 8 51 53 89 47 57 77 19 40 64 83 20 38 88 47 93 26 96 85 59 58 77 44 43 73 17 55 52 46 43 39 46 84 40 73 20 44 82 64 86 85 69 28 42 62 36 19 94 91 
93 83 66 60 70 43 13 55 23 24 88 83 33 67 72 88 67 82 94 40 50 35 84 94 62 33 57 65 65 46 47 58 64 3 49 51 5 53 39 80 4 56 73 45 31 51 59 0 24 43 98 45 77 24 48 60 41 30 17 73 60 94 5 76 59 57 34 8 55 23 62 21 17 24 80 13 85 83 66 30 26 31 21 3 38 26 68 37 43 40 80 74 77 46 55 37 46 42 75 25 38 
97 25 64 41 15 52 58 90 8 14 14 67 30 58 93 62 1 78 86 67 11 5 1 95 19 6 29 56 99 6 89 4 93 36 61 70 74 95 51 32 94 94 37 35 60 92 24 87 0 9 15 62 11 11 87 7 84 82 21 62 20 90 55 65 63 51 21 79 33 97 80 71 69 7 15 20 67 81 60 40 80 24 32 32 25 30 56 87 47 38 16 96 91 7 1 66 7 16 83 80 16 
87 48 83 23 16 51 38 1 75 92 53 15 3 37 66 25 53 1 87 30 71 54 32 87 40 87 2 93 5 90 28 78 65 48 31 81 43 68 51 16 41 88 48 15 20 69 81 54 7 0 56 30 82 30 53 40 89 21 52 7 30 45 78 52 52 73 1 95 47 52 87 89 15 56 38 34 40 96 57 44 11 13 7 2 25 59 68 41 3 32 11 74 83 79 17 73 1 27 24 98 25 
95 69 89 44 66 36 18 41 81 56 12 62 8 64 67 49 7 87 91 54 66 97 78 37 95 89 94 17 78 26 82 36 82 11 16 92 27 76 90 2 33 50 63 11 74 2 5 1 83 35 0 19 14 52 99 94 9 47 4 58 84 82 26 49 34 18 39 95 41 79 12 29 50 37 43 52 50 89 34 70 44 81 69 75 80 69 73 24 88 31 88 11 61 68 69 48 39 34 87 54 27 
39 17 37 30 33 70 31 63 35 50 24 81 42 49 66 29 93 43 69 82 79 10 52 11 88 5 62 37 75 23 52 39 46 17 9 43 6 66 67 12 42 29 54 37 77 95 27 10 54 89 62 0 87 93 62 5 11 70 17 77 40 27 29 22 95 38 2 59 49 38 8 69 43 24 99 86 73 55 60 60 55 16 43 82 94 22 37 68 25 58 19 97 10 54 42 12 59 68 31 21 53 
91 33 29 1 56 31 76 91 18 43 95 28 65 39 73 72 8 79 63 53 57 87 99 51 45 97 85 9 95 17 67 63 13 72 52 43 58 71 77 84 58 18 65 68 98 5 18 22 76 96 75 39 0 13 43 66 78 89 72 88 2 58 30 6 88 9 54 77 59 73 54 46 67 21 10 88 49 76 74 24 73 25 94 13 84 53 12 44 95 68 95 50 96 22 18 45 42 1 29 55 50 
62 42 31 5 11 93 75 34 66 70 28 64 74 28 15 40 83 57 83 83 43 26 12 8 59 83 69 34 58 34 67 36 13 41 27 2 92 18 72 4 76 55 59 81 69 72 96 69 11 31 19 11 93 0 83 72 37 27 6 69 24 46 56 18 18 68 7 65 34 35 93 21 95 87 3 89 31 87 49 27 15 41 20 79 16 54 82 25 47 56 90 93 52 47 17 11 59 78 74 30 97 
83 70 78 30 51 11 78 34 61 38 34 93 3 30 91 5 37 48 17 65 58 41 8 46 59 52 85 23 81 94 31 15 98 94 22 35 44 82 8 65 47 20 40 42 51 47 13 83 97 11 25 16 92 66 0 51 41 40 93 61 34 46 73 19 19 58 31 59 69 43 95 63 20 80 98 43 80 97 26 8 23 31 78 13 53 21 57 2 84 37 57 16 31 94 3 67 11 98 71 37 76 
84 33 51 1 51 71 60 97 23 27 23 9 63 35 23 57 2 31 19 51 16 63 84 54 1 3 74 47 15 72 91 94 7 66 1 71 29 14 32 70 89 46 30 32 40 89 3 50 85 68 80 81 33 61 95 0 51 69 55 80 82 55 50 23 14 57 66 37 83 12 9 60 60 48 84 4 12 6 68 51 1 51 66 43 39 71 12 94 28 9 24 60 27 52 39 29 24 20 34 75 36 
59 7 1 41 56 9 61 76 99 5 97 50 86 60 86 56 97 22 65 25 18 9 41 9 22 51 60 93 71 69 75 29 92 77 90 76 99 16 33 25 97 23 60 8 54 8 99 82 20 31 63 9 4 94 54 91 0 40 59 8 43 99 1 9 10 96 64 3 83 69 91 36 12 73 45 39 40 11 26 66 96 25 46 94 15 30 57 46 80 26 95 61 70 97 22 78 58 2 56 88 48 
87 4 74 70 55 15 82 96 86 50 38 87 68 90 65 42 60 28 75 33 84 44 93 94 42 28 64 10 49 13 30 54 38 70 89 93 70 3 62 86 24 80 87 10 67 8 32 25 1 34 26 63 30 54 70 92 72 0 36 37 86 44 77 14 42 17 36 31 87 9 87 6 12 35 82 2 45 48 86 30 34 95 84 41 57 59 20 30 8 11 17 60 97 8 28 10 3 32 24 10 87 
98 74 3 90 86 56 16 45 71 91 67 51 2 34 34 79 15 23 69 26 30 41 82 88 68 32 23 13 89 63 56 81 25 65 12 66 72 12 9 75 12 95 66 61 56 20 24 42 59 95 39 88 26 49 22 54 88 17 0 88 2 58 28 43 30 72 17 40 70 64 27 76 29 77 15 56 78 4 75 94 42 73 53 37 96 9 22 63 54 57 65 92 97 65 63 71 82 85 13 29 98 
98 15 13 38 57 27 79 7 21 97 3 86 87 67 24 83 62 88 44 4 95 90 8 22 5 85 39 97 19 4 55 19 26 34 70 66 66 32 58 53 45 9 84 67 27 96 79 23 36 2 11 12 19 97 27 66 47 71 72 0 37 36 93 60 62 33 82 86 50 26 75 57 94 12 15 88 95 14 50 57 33 80 8 38 19 16 22 27 52 96 44 71 40 77 87 49 79 93 26 25 24 
12 33 48 42 82 2 27 60 38 72 53 85 19 34 64 60 1 35 10 80 73 11 28 66 91 81 10 37 88 97 81 13 17 58 60 45 90 43 75 43 66 89 17 49 36 48 10 79 82 25 3 94 28 30 7 61 70 77 20 33 0 90 90 44 28 18 41 90 97 95 85 48 36 88 66 84 98 84 78 81 88 53 45 44 31 30 47 89 57 54 8 90 99 23 56 43 95 60 61 99 4 
75 35 98 72 96 89 44 79 7 21 93 15 86 10 33 14 98 40 42 92 24 81 51 25 88 4 29 7 97 50 93 24 85 22 49 72 99 81 35 4 36 51 99 88 46 24 56 19 90 12 77 49 36 27 45 33 27 49 84 59 65 0 24 37 33 52 33 29 85 41 10 59 87 15 89 68 28 53 3 2 29 26 44 65 34 37 69 59 9 27 97 64 93 8 95 47 34 39 76 53 92 
5 8 34 56 22 14 48 56 61 28 85 65 86 88 36 98 71 74 59 55 2 44 67 17 18 90 19 52 66 13 68 83 32 47 98 51 32 41 59 73 11 56 6 6 56 32 40 83 60 11 67 67 98 18 98 36 2 72 97 26 4 49 0 12 63 1 43 79 31 80 60 53 99 64 20 80 57 4 50 79 59 81 74 45 17 1 41 20 2 53 42 14 9 44 93 38 76 67 27 27 46 
11 80 39 43 8 74 52 28 97 22 3 92 14 38 28 3 38 68 97 1 18 28 36 24 4 89 28 18 2 81 23 29 9 98 17 82 72 86 65 71 80 32 59 74 1 98 46 14 17 38 54 76 14 89 13 22 10 68 15 97 24 66 71 0 36 57 17 4 26 70 52 7 98 77 58 91 3 89 69 51 1 36 57 4 3 56 50 38 53 56 19 92 15 63 86 48 43 99 19 4 41 
97 36 19 91 81 1 12 63 36 84 9 56 75 33 27 42 14 48 69 45 59 57 26 34 84 7 47 74 33 77 76 18 53 16 47 73 17 28 58 81 49 52 85 71 13 33 60 10 89 5 51 95 39 37 86 98 79 58 85 96 87 64 24 13 0 5 97 45 25 18 16 10 25 69 93 22 42 50 11 89 6 68 50 60 85 74 36 50 30 69 46 88 23 26 61 53 82 12 9 55 90 
70 95 94 20 89 22 90 27 2 98 35 39 18 28 73 14 96 49 24 68 21 61 68 84 94 20 79 83 57 13 5 91 25 69 67 92 83 67 88 5 37 49 74 46 64 42 77 56 5 11 13 90 30 3 29 16 77 66 26 37 25 33 82 51 49 0 86 8 53 17 92 10 15 99 98 88 62 12 77 43 88 85 86 90 33 90 88 20 96 30 34 36 98 11 72 25 19 44 67 44 61 
50 35 42 55 13 39 79 28 8 34 1 92 50 88 9 72 15 32 1 54 70 23 47 57 5 46 72 13 68 78 89 70 22 12 35 68 64 62 52 17 40 63 94 28 35 31 96 44 32 83 18 87 2 1 32 6 99 59 98 72 82 55 2 53 87 22 0 53 67 33 59 18 62 36 57 20 37 72 64 90 49 71 27 25 39 45 34 53 8 13 17 38 15 89 20 57 91 62 20 51 57 
79 21 91 59 26 55 76 41 4 16 56 49 64 97 48 98 90 76 54 78 38 48 26 74 96 74 60 44 33 66 79 77 52 10 9 27 6 66 39 74 47 33 22 33 29 20 24 96 43 76 88 80 66 27 59 52 21 87 31 26 65 16 73 8 98 48 71 0 37 84 16 82 62 81 87 63 99 39 43 86 87 4 35 50 73 87 93 69 54 27 17 46 45 26 75 36 3 31 54 51 42 
51 65 39 48 59 73 20 30 97 70 73 68 30 4 17 76 36 80 97 19 56 95 21 54 58 79 41 36 91 92 92 82 48 36 38 70 98 87 35 12 87 67 48 23 95 68 70 6 56 96 29 6 20 1 23 24 55 46 98 34 6 99 33 1 99 94 17 25 0 36 57 80 19 51 16 35 95 1 38 89 26 74 8 55 98 38 53 75 38 40 2 60 62 68 90 1 41 16 86 65 69 
38 58 97 67 94 94 89 70 65 1 44 65 85 49 82 49 42 61 80 35 21 46 57 80 62 60 79 83 96 59 7 43 48 87 74 4 10 4 76 13 6 62 51 43 39 33 97 96 30 92 53 33 18 89 31 75 97 34 35 7 7 89 38 45 57 29 22 57 43 0 49 22 49 5 59 12 53 60 90 4 61 65 39 98 40 34 47 18 55 85 32 73 6 18 50 91 82 77 32 58 61 
18 91 45 38 55 8 25 53 14 59 98 20 96 57 81 24 18 66 15 60 92 85 9 44 41 41 82 31 20 78 27 79 57 5 52 76 15 16 73 83 26 54 36 56 14 56 61 55 56 71 20 40 55 36 85 2 17 87 40 58 58 42 58 75 62 16 89 77 31 45 0 12 97 44 49 83 21 78 21 9 62 27 55 43 78 41 47 46 29 51 45 86 17 81 94 61 19 74 75 81 73 
23 41 97 90 17 5 5 74 74 81 84 96 51 97 49 63 67 93 83 33 57 50 60 90 90 72 40 54 35 93 26 31 42 16 42 52 68 40 21 28 64 58 79 6 74 17 24 2 41 19 43 13 34 53 62 29 63 40 38 22 39 95 8 63 73 82 15 96 48 24 68 0 79 25 65 87 61 85 88 73 33 12 80 27 29 75 89 82 31 54 28 48 21 37 47 56 62 27 94 13 69 
22 8 48 95 50 51 60 2 47 9 77 2 43 76 20 93 75 71 85 83 59 48 35 47 16 43 85 35 88 29 8 60 13 9 97 21 4 70 30 38 64 85 60 28 35 1 8 55 58 6 22 40 13 78 79 50 18 90 94 86 46 46 8 16 16 47 48 80 40 37 74 30 0 52 97 8 46 73 24 2 38 16 95 36 29 2 71 44 16 62 33 75 53 55 42 75 95 49 4 57 11 
29 99 36 88 79 99 66 41 74 20 9 8 76 11 60 3 18 41 88 69 16 99 96 23 44 74 91 28 30 11 93 32 75 54 76 23 38 69 88 38 84 71 59 96 81 78 33 10 51 98 77 57 63 12 32 13 67 58 36 5 49 48 78 43 32 51 38 82 58 1 82 59 67 0 11 33 41 69 87 86 71 10 93 14 41 73 5 84 29 83 8 49 23 83 45 61 24 33 79 40 42 
85 68 24 90 77 66 44 95 24 94 38 78 6 40 26 1 70 4 42 68 73 85 1 71 6 23 83 20 38 27 27 43 10 61 25 86 41 32 83 61 61 83 99 97 68 87 16 31 13 10 50 11 60 55 49 36 40 43 93 14 33 24 94 10 35 98 54 86 37 92 40 95 68 77 0 41 86 50 75 4 9 34 45 14 88 92 42 75 97 4 89 10 53 5 10 81 9 47 70 16 77 
60 9 69 56 82 2 89 88 26 97 26 16 18 42 10 60 7 91 39 75 30 95 11 76 25 24 1 68 78 26 88 51 86 42 52 74 6 44 90 56 71 69 49 31 35 23 91 12 92 39 16 3 9 35 29 69 45 7 90 58 58 96 33 55 52 47 29 20 56 54 85 90 76 22 62 0 63 78 91 51 54 81 78 95 43 94 38 3 46 46 85 28 93 34 68 37 61 15 73 71 94 
4 58 58 14 48 59 72 23 42 14 44 53 48 11 34 55 37 12 95 99 53 2 99 22 5 28 19 67 26 8 5 9 86 33 33 35 10 18 45 84 48 23 20 52 22 11 7 45 49 42 81 44 87 62 68 2 21 49 74 15 50 3 75 43 19 11 69 34 48 24 3 55 9 33 70 94 0 80 28 68 76 58 45 82 96 16 19 41 26 38 3 28 64 16 20 99 75 43 40 52 25 
68 6 94 64 71 70 67 92 13 62 21 48 33 32 37 45 3 62 5 27 72 2 58 84 43 23 15 97 78 7 31 27 76 60 79 58 13 67 20 28 10 42 28 26 67 69 38 27 86 34 93 57 71 49 65 60 77 54 16 75 91 43 36 26 30 95 84 93 15 56 66 57 31 2 77 91 42 0 81 30 2 83 51 5 50 6 82 65 54 56 25 14 98 94 75 5 34 92 42 49 21 
12 98 70 90 33 28 63 63 26 90 75 5 79 99 33 88 71 52 11 44 97 16 32 20 22 20 45 61 61 72 17 14 29 88 8 44 46 15 92 73 86 67 51 78 28 76 49 96 41 91 44 58 73 36 43 82 61 26 88 4 87 74 1 63 14 34 37 87 10 46 62 68 3 63 37 73 54 84 0 88 13 20 79 48 49 70 4 71 29 90 32 34 69 87 46 95 6 69 54 37 61 
55 97 98 16 5 65 7 99 30 38 73 48 56 71 56 46 86 19 53 54 86 79 80 55 75 92 26 44 23 32 95 23 58 1 32 85 23 53 11 37 22 33 5 97 64 12 84 19 87 94 29 70 91 45 74 50 53 11 19 55 8 45 40 23 29 1 17 34 90 8 42 47 29 76 98 43 96 88 70 0 61 64 62 67 2 23 93 21 78 41 93 64 90 37 13 85 68 66 80 33 45 
42 78 91 83 23 23 73 20 4 78 70 8 33 77 78 9 10 69 98 11 45 69 53 91 99 24 32 15 75 88 27 29 40 47 91 11 99 79 74 62 79 43 85 50 14 22 70 97 77 95 53 36 69 65 63 21 34 17 78 61 94 93 36 49 94 25 76 46 76 57 91 6 57 83 15 38 48 22 48 82 0 10 16 16 12 82 66 30 47 83 93 76 30 19 11 89 42 38 28 41 6 
54 26 77 6 98 92 14 43 35 61 15 7 91 36 14 48 34 42 35 14 99 82 81 56 93 17 95 93 59 2 13 55 2 79 37 93 74 34 4 61 95 63 53 97 14 49 52 72 39 24 41 51 43 38 68 65 31 49 41 55 13 65 44 72 89 89 17 52 44 53 33 30 21 69 74 26 42 46 74 70 15 0 88 6 51 55 84 4 14 2 33 97 80 8 75 58 9 66 38 2 81 
95 27 88 43 7 56 93 5 73 51 46 50 5 9 40 73 36 13 80 26 13 92 89 70 79 37 85 56 59 50 73 80 35 76 59 29 72 48 65 27 3 72 98 85 37 94 36 40 27 43 66 98 84 82 1 57 44 32 41 22 25 60 32 25 11 94 29 82 33 11 23 15 98 36 46 80 72 27 82 26 50 18 0 19 92 74 50 90 34 59 17 25 76 15 63 5 3 79 87 10 13 
69 11 88 98 69 51 62 58 33 65 83 8 26 63 31 19 73 60 90 81 1 84 50 85 32 61 21 34 83 95 65 39 66 49 98 85 43 86 49 99 36 70 28 17 70 41 63 10 78 76 72 75 69 61 24 66 53 45 18 5 57 21 56 64 83 23 65 34 12 61 29 77 68 10 73 39 24 99 57 92 47 35 27 0 35 46 36 50 77 5 84 90 69 36 34 44 1 8 3 42 9 
3 8 18 86 60 16 25 59 57 80 81 84 84 76 3 51 24 49 95 77 64 71 12 35 74 81 24 43 76 6 59 37 37 85 52 70 77 14 40 41 43 60 49 31 43 74 9 54 30 79 1 55 19 85 15 56 77 60 25 96 22 88 57 45 72 62 55 36 25 95 67 46 74 47 76 69 59 95 85 58 28 23 69 91 0 70 89 46 87 31 47 69 16 30 27 12 31 3 61 57 81 
41 16 94 34 9 80 95 44 83 75 26 17 68 24 77 16 98 61 79 30 15 33 70 99 59 32 48 21 80 3 96 18 53 87 41 60 70 42 99 96 78 82 14 23 45 31 56 26 72 85 5 5 58 74 35 66 64 52 57 7 84 69 86 8 53 67 40 94 31 76 71 5 89 94 45 85 31 38 64 77 52 11 68 87 67 0 98 49 73 10 44 91 56 97 57 69 6 16 86 80 96 
71 62 92 87 40 32 23 67 60 81 99 72 3 98 45 81 30 55 3 16 11 18 66 59 8 90 95 20 73 26 72 87 94 56 95 46 34 33 92 21 31 63 36 39 71 25 36 20 66 3 62 64 26 52 36 57 11 16 51 27 27 9 29 35 84 57 94 79 88 86 83 33 6 68 31 91 7 62 58 54 15 23 87 33 92 39 0 75 4 86 27 16 22 75 41 42 80 54 41 88 85 
72 83 78 70 90 73 90 90 46 15 80 35 5 91 95 45 28 14 43 89 36 79 96 27 81 53 20 65 6 85 80 80 71 3 48 48 89 88 10 8 28 90 83 49 78 80 10 76 76 24 44 96 10 91 41 16 93 29 53 34 53 42 35 11 72 34 82 23 99 22 66 80 32 29 35 8 36 77 80 89 26 29 78 47 4 33 96 0 19 73 50 72 41 28 86 77 50 24 17 41 6 
25 36 60 10 38 83 56 2 76 49 5 78 69 84 16 4 59 56 42 39 13 53 71 89 81 33 58 3 87 84 5 41 26 52 76 61 31 44 24 25 92 41 5 19 93 84 64 46 3 26 44 68 90 52 31 91 83 56 34 98 36 26 41 6 59 18 91 17 66 88 11 19 3 58 72 16 55 6 21 27 73 9 42 86 61 15 2 85 0 66 22 43 16 97 48 37 23 79 23 31 55 
20 30 20 48 80 29 5 75 17 89 27 45 19 17 46 4 87 33 45 91 47 47 40 32 3 93 84 14 37 27 33 7 32 87 95 64 80 24 81 24 5 36 43 44 5 85 65 50 37 41 56 27 50 10 9 19 48 67 97 86 29 63 61 62 84 13 75 9 13 18 99 10 67 12 94 53 63 95 60 50 97 93 89 25 90 97 2 53 93 0 8 10 85 36 19 66 76 58 28 75 72 
51 30 70 80 11 47 71 57 35 81 32 24 78 7 93 63 23 63 85 36 62 92 23 27 29 93 21 24 65 22 53 47 82 46 94 34 18 88 91 84 63 37 10 19 13 90 27 68 92 69 84 52 11 13 94 2 31 83 99 93 54 72 46 63 61 74 4 35 30 35 54 98 33 73 31 68 82 8 52 23 23 6 92 24 24 57 24 89 83 47 0 4 24 88 8 40 19 13 52 52 96 
34 96 45 2 27 68 76 40 72 39 46 46 8 29 80 23 80 77 34 90 80 3 50 13 29 37 88 90 29 22 97 79 97 27 91 31 22 43 51 34 15 54 94 20 32 98 42 63 54 94 15 25 64 27 51 53 41 95 89 96 19 20 26 72 9 61 2 11 27 11 3 67 18 74 93 92 71 71 88 4 8 44 79 99 75 72 25 73 62 92 8 0 10 47 39 50 5 77 18 70 9 
72 16 53 54 60 36 8 72 27 89 66 94 84 67 70 74 24 32 67 78 9 15 20 1 28 34 69 67 33 85 91 53 80 7 42 80 57 93 98 66 20 6 86 32 28 22 54 44 70 96 30 69 41 78 7 41 12 64 22 53 95 54 15 86 23 58 54 62 60 56 58 34 35 14 51 43 72 85 39 84 86 83 44 49 79 28 42 85 10 27 83 5 0 49 84 90 39 56 75 96 60 
41 12 18 8 3 52 74 66 2 91 40 38 4 40 20 53 42 52 25 34 10 76 81 45 57 55 19 72 93 24 57 83 24 16 30 24 32 82 91 71 81 99 74 54 16 33 32 22 50 22 72 92 30 45 74 47 72 93 5 89 93 22 9 66 10 61 36 74 12 14 32 16 35 60 72 58 18 33 37 48 25 24 32 68 33 2 69 47 63 28 26 56 37 0 20 71 2 10 17 93 72 
24 10 21 9 40 88 82 64 57 49 74 53 62 66 26 95 61 2 5 94 25 44 8 88 24 53 84 92 89 51 15 39 57 11 97 65 49 94 91 5 31 28 59 83 88 64 35 8 68 32 37 55 81 4 18 60 27 12 43 95 5 84 42 64 2 27 55 97 3 52 27 23 21 69 4 32 2 87 86 9 21 52 29 97 25 10 45 86 33 64 33 27 86 60 0 11 26 45 7 87 75 
17 21 85 79 81 12 43 86 50 27 24 60 85 59 66 32 91 8 66 79 44 27 65 92 83 29 58 96 4 62 27 86 58 74 44 87 37 90 32 15 37 93 85 98 42 61 31 4 28 45 3 68 86 89 34 67 72 20 41 3 51 93 15 79 84 29 97 58 84 27 97 79 38 18 73 60 44 32 64 30 76 50 33 12 55 1 1 73 77 94 31 77 75 71 24 0 60 39 81 77 33 
59 99 10 67 17 57 12 75 30 71 43 11 48 79 1 20 4 62 52 59 37 50 88 59 96 22 76 34 27 20 55 36 97 15 57 21 58 62 45 99 11 86 13 60 11 80 93 41 85 2 47 87 6 33 80 58 46 93 53 90 39 8 72 9 77 10 60 51 18 78 60 87 51 18 38 73 52 37 8 38 80 98 56 68 63 85 95 78 17 9 24 23 45 99 21 21 0 76 52 62 25 
98 36 96 34 49 79 73 58 90 43 76 47 46 99 47 10 21 17 82 6 89 62 46 24 79 77 40 32 3 63 16 39 57 29 96 83 47 23 14 29 92 31 98 38 21 23 58 5 73 81 93 26 92 7 91 97 67 85 97 46 19 14 29 44 97 60 38 7 31 21 78 9 2 27 66 80 39 67 9 46 96 24 11 42 84 40 53 23 58 60 7 32 21 81 14 64 3 0 94 89 38 
56 18 80 65 88 77 57 93 80 54 28 84 55 19 72 64 67 34 94 75 73 20 81 65 59 65 16 71 32 66 45 20 2 81 40 73 4 93 95 31 62 81 89 69 13 10 46 55 67 8 34 81 28 5 55 12 32 78 89 49 26 93 66 17 63 28 3 91 29 44 58 47 75 21 65 96 31 74 55 84 38 64 35 21 41 29 31 33 10 88 83 1 66 33 56 66 28 30 0 75 26 
12 28 63 89 66 18 51 12 96 86 94 94 17 16 13 13 87 83 45 97 24 96 8 75 74 9 60 85 92 98 84 10 91 18 58 30 45 31 82 19 81 99 90 78 75 17 99 9 26 48 30 66 5 60 16 1 66 95 55 8 66 54 6 28 44 18 34 99 67 10 86 87 36 13 16 10 45 12 43 93 76 44 9 60 86 98 95 52 86 92 51 65 98 98 5 99 28 66 58 0 78 
66 27 7 19 43 69 67 20 63 79 8 14 56 43 56 50 14 76 43 65 33 22 29 44 59 45 76 11 89 70 88 12 10 34 18 46 33 35 22 62 37 77 10 49 78 22 91 60 48 52 43 79 13 91 45 62 78 39 87 99 83 87 86 6 74 26 96 61 34 1 89 98 78 39 66 20 94 14 3 7 41 6 12 43 41 17 70 23 4 44 61 66 23 6 60 58 76 28 85 26 0 
