n: 100
m: 2
Pi:U[1-99] 92 7 43 34 66 41 28 95 1 82 77 65 27 90 59 99 42 35 70 4 61 18 85 60 41 58 82 91 19 43 13 31 44 54 93 19 71 57 48 67 60 85 75 64 66 62 28 38 35 29 83 25 1 94 22 27 36 12 26 5 82 83 19 7 60 39 75 28 81 14 34 77 42 22 5 2 75 84 61 30 59 12 40 74 45 67 34 17 98 39 23 28 26 2 49 71 97 99 98 35 
Si:U[1-49]
0 47 18 1 30 30 17 23 36 49 21 46 26 18 40 35 33 47 23 15 21 33 45 47 19 48 49 32 44 32 43 15 2 7 21 29 41 40 29 19 21 27 30 19 30 22 1 28 28 22 16 24 39 23 46 26 17 31 34 8 34 9 35 4 3 24 12 32 33 39 37 10 46 32 16 7 5 24 42 23 25 26 13 11 45 34 46 29 44 33 19 6 5 22 48 22 29 4 11 23 41 
44 0 14 11 10 39 39 17 3 5 32 44 42 8 23 40 9 30 23 37 45 15 23 12 19 28 22 32 8 48 21 8 14 22 6 21 29 27 15 5 34 36 2 44 47 44 14 26 26 47 10 4 9 45 47 33 10 6 20 29 15 31 34 2 27 35 36 48 8 45 1 12 34 24 23 46 7 26 19 15 26 14 5 15 36 42 13 35 41 28 1 23 6 5 22 2 1 7 14 7 5 
13 4 0 21 7 28 41 48 27 38 34 7 39 9 29 48 7 7 39 33 36 24 16 33 19 20 44 32 25 29 44 25 12 41 26 20 49 10 48 10 21 38 4 46 16 4 28 34 45 26 5 45 27 32 32 42 24 11 34 18 45 29 10 9 41 31 40 26 9 37 10 46 28 23 24 11 19 9 4 18 41 11 40 8 1 18 23 14 31 28 44 29 36 12 25 34 2 7 9 32 46 
48 9 3 0 37 42 47 5 20 27 11 49 38 19 12 23 46 29 20 7 43 35 31 2 41 40 34 22 2 45 46 42 47 38 3 12 21 17 38 27 37 3 48 47 30 4 11 46 33 16 23 17 46 21 3 23 30 21 21 11 4 29 3 1 42 22 46 14 4 25 30 8 21 38 45 4 16 43 24 11 8 32 1 45 33 48 16 15 16 17 19 15 44 18 26 6 46 22 20 4 44 
42 15 3 46 0 43 25 27 14 27 44 9 8 39 1 2 4 40 27 2 3 24 4 29 44 33 27 27 15 36 49 11 38 48 42 41 47 40 46 41 38 15 18 42 30 48 7 42 38 6 21 29 39 3 16 3 25 28 2 21 28 49 45 7 22 8 15 47 12 9 35 47 47 26 46 39 34 43 38 14 32 15 28 47 30 27 23 17 15 4 23 41 3 20 47 37 31 16 37 9 25 
25 5 35 6 21 0 48 14 43 46 43 30 2 29 24 6 3 37 23 27 41 41 20 42 17 35 28 9 48 5 42 3 29 46 34 45 39 13 37 47 33 33 15 2 15 12 33 39 18 35 22 16 39 18 6 30 46 46 32 10 42 26 34 35 27 32 11 15 19 3 42 25 42 8 32 32 30 49 16 39 1 36 6 41 26 21 38 23 9 10 39 36 28 40 37 33 39 38 3 6 45 
11 10 41 15 27 28 0 2 17 18 23 27 36 21 32 38 22 14 27 49 30 44 48 9 20 5 22 5 45 27 19 49 8 7 25 40 32 35 29 45 30 38 25 29 13 16 34 35 24 10 26 45 31 12 16 7 47 33 42 3 47 15 46 48 46 2 28 23 42 42 4 49 26 5 7 41 40 21 34 2 14 16 1 14 18 22 41 41 19 4 38 15 49 3 44 43 16 1 2 13 6 
35 22 20 4 34 8 22 0 26 22 28 16 40 25 10 31 33 47 25 46 24 5 19 16 34 38 30 39 9 30 9 4 39 23 39 5 34 10 42 11 21 38 42 7 36 12 48 18 13 40 4 29 49 46 27 28 12 36 39 15 6 17 17 28 3 32 36 43 45 25 43 13 36 49 14 34 36 41 18 26 20 24 35 36 40 40 16 28 21 7 39 27 4 15 48 22 32 38 49 14 32 
45 31 21 29 5 3 28 45 0 24 33 3 37 20 37 2 4 36 4 26 15 41 43 10 23 47 44 37 32 39 46 4 17 6 36 2 38 22 47 4 12 14 31 26 47 28 36 26 5 16 15 19 46 17 39 9 41 43 33 44 44 24 6 37 9 41 3 21 6 38 22 9 24 13 30 8 34 19 22 46 44 34 41 7 18 9 47 43 14 31 18 11 2 21 17 1 42 36 32 15 36 
3 40 48 4 15 13 28 22 45 0 25 23 38 3 48 48 38 43 26 4 7 23 28 30 40 13 42 32 42 24 14 1 27 26 23 5 29 32 40 13 11 29 43 46 25 36 10 16 19 30 39 27 35 48 5 13 35 33 42 27 33 23 26 26 48 11 42 18 49 25 24 8 37 9 40 28 28 21 6 30 15 7 27 2 25 21 16 35 17 7 7 43 34 37 3 23 24 2 6 47 14 
4 11 43 25 10 32 46 12 44 15 0 27 14 2 25 15 17 8 40 19 10 6 24 44 41 28 15 42 13 36 19 13 11 15 21 40 19 7 19 14 34 40 1 3 48 19 16 33 40 7 14 43 27 33 42 35 6 32 12 29 41 31 37 7 30 48 37 35 19 13 37 34 30 47 47 2 21 10 14 3 20 28 43 33 44 7 44 36 35 12 19 14 8 37 15 35 2 13 17 15 12 
40 35 16 36 17 36 30 27 7 21 13 0 14 42 44 7 14 26 47 25 34 23 16 26 39 41 26 4 40 6 38 33 16 14 6 39 9 3 47 10 2 18 16 1 7 48 5 33 1 32 22 17 20 23 16 47 19 42 31 15 47 20 45 29 19 1 36 5 26 24 15 3 9 11 19 43 38 26 44 19 30 45 32 40 40 3 29 5 46 47 21 16 23 8 21 27 22 34 34 8 3 
23 10 46 44 42 41 42 12 42 45 9 34 0 26 7 8 26 15 34 48 12 35 36 27 22 5 43 21 13 47 19 34 36 36 17 46 12 30 35 28 16 33 38 2 46 17 38 46 39 6 26 33 36 36 48 40 46 3 30 22 26 43 18 5 13 5 26 1 15 24 22 46 34 13 38 30 39 30 46 9 48 6 39 10 12 29 13 25 35 13 32 49 30 41 28 17 41 26 23 29 24 
45 45 17 6 6 18 33 47 13 22 14 3 39 0 26 47 8 15 3 17 48 45 32 24 44 43 31 20 45 20 20 2 5 9 17 26 17 29 22 34 17 17 5 33 44 39 33 35 2 19 29 5 44 26 39 45 1 4 3 11 23 47 19 8 30 30 45 46 34 41 32 40 32 18 20 34 43 4 4 14 19 9 11 48 48 31 31 31 45 41 29 30 24 1 7 27 1 23 33 4 34 
36 14 9 36 9 3 7 20 43 42 44 6 7 2 0 18 2 20 24 29 19 44 48 2 33 49 39 12 24 10 34 46 6 29 11 41 21 10 30 28 39 17 39 21 1 39 36 3 39 33 24 8 27 10 38 42 10 5 33 46 9 49 47 12 7 20 10 8 49 32 44 28 5 1 8 49 1 7 35 35 49 45 24 24 48 28 13 14 48 11 13 48 27 40 19 33 8 3 8 10 25 
21 42 23 27 9 6 3 31 45 26 28 15 46 23 23 0 19 25 16 11 20 32 38 10 20 48 22 17 38 44 40 3 23 27 27 20 4 17 2 17 21 28 30 42 32 29 15 16 37 8 15 28 15 30 24 42 20 17 11 21 22 48 19 32 10 8 3 49 14 2 8 41 2 3 36 4 8 8 11 2 1 8 27 37 17 41 42 16 39 32 27 41 43 17 36 5 1 40 8 21 9 
8 28 30 15 10 32 6 23 39 39 43 43 1 42 22 6 0 11 37 22 40 25 39 38 17 32 14 30 12 30 32 45 44 49 7 40 40 18 26 16 4 31 10 35 35 14 9 10 22 1 21 39 20 36 35 46 24 26 37 41 33 27 7 40 9 30 4 49 9 46 23 24 36 7 22 32 15 10 35 9 24 38 47 25 11 32 5 8 48 46 9 44 47 2 44 40 3 10 38 11 7 
5 34 24 4 28 8 45 45 43 35 16 8 41 7 23 47 23 0 8 2 23 25 39 26 27 3 37 3 2 6 13 11 39 34 37 40 48 22 23 28 14 5 26 26 3 25 41 37 46 30 19 15 44 29 27 31 20 25 46 12 35 19 14 1 32 27 41 45 8 39 39 9 5 43 49 4 21 9 2 49 22 29 23 17 47 6 16 41 47 47 18 23 47 27 15 37 7 16 31 32 40 
6 36 45 22 1 20 34 34 5 2 35 40 14 46 20 27 3 1 0 21 48 40 18 11 20 14 10 2 28 19 10 2 32 14 9 36 14 2 35 40 26 34 19 49 46 38 45 41 41 47 24 45 27 33 22 14 41 28 28 40 16 12 37 22 27 3 39 4 19 41 42 14 44 17 25 24 38 12 13 36 34 46 35 31 34 34 19 20 22 23 19 38 36 40 13 31 23 20 14 26 6 
37 39 30 21 1 21 19 8 49 9 29 49 33 20 24 10 24 46 5 0 3 31 45 41 39 44 5 27 31 33 43 45 44 16 8 30 9 44 33 33 8 11 36 41 15 4 28 10 47 16 18 46 8 19 32 6 16 3 3 28 9 24 24 16 5 8 16 26 40 10 19 17 6 23 1 33 27 44 45 44 8 44 36 35 27 30 19 4 26 3 28 23 32 8 24 34 12 26 38 34 9 
16 7 27 7 42 4 47 19 10 18 28 16 15 18 18 11 43 2 43 7 0 27 6 48 28 49 43 32 41 33 20 42 40 42 44 27 27 28 25 14 29 18 4 16 45 22 2 44 3 13 9 16 15 10 21 13 47 36 6 42 23 25 40 45 46 5 23 22 32 31 30 28 16 35 45 47 9 17 23 6 19 5 43 13 30 24 40 27 8 43 2 45 4 7 2 29 10 3 3 24 34 
6 19 20 33 5 44 29 12 35 35 43 43 12 43 42 24 18 35 29 3 26 0 17 41 25 34 8 32 44 13 16 17 30 24 13 26 25 30 49 36 43 11 48 27 18 31 15 43 46 29 1 9 42 19 13 34 48 17 16 37 30 2 43 34 30 43 32 16 33 27 23 39 9 27 35 17 22 44 30 45 13 23 20 38 41 24 15 20 44 37 15 20 23 3 16 13 6 21 1 32 6 
29 26 26 11 21 5 34 18 30 6 38 40 8 37 38 22 9 40 45 16 10 5 0 34 36 32 43 10 1 16 29 41 15 47 43 41 14 28 48 26 27 38 4 28 31 26 28 45 49 6 17 4 18 41 42 6 48 25 43 3 23 6 10 13 18 15 29 8 28 14 24 3 14 35 26 14 43 21 38 23 8 23 10 16 26 21 26 46 36 39 22 40 19 10 10 15 45 38 26 46 36 
10 3 27 26 14 22 31 11 5 38 10 22 7 34 13 14 33 35 31 7 5 39 46 0 6 10 24 45 13 20 33 3 7 35 14 44 37 9 7 7 40 27 12 48 4 28 4 40 13 30 49 2 21 18 45 32 7 12 17 13 2 35 43 3 13 32 45 40 10 14 42 3 2 23 11 27 25 44 39 41 46 11 27 44 45 35 41 34 20 15 29 11 31 43 16 20 31 34 37 11 13 
4 22 37 19 3 25 48 24 18 33 10 45 14 36 43 32 41 39 10 49 31 3 10 24 0 37 16 27 6 42 8 46 10 4 20 37 47 39 22 46 14 14 4 49 3 3 37 48 1 9 29 47 31 44 47 28 41 8 21 36 24 26 10 48 45 19 24 47 14 4 21 28 49 37 47 24 35 41 38 24 6 48 25 49 38 22 39 26 36 7 13 19 9 31 20 14 3 5 39 23 36 
39 37 37 6 45 30 16 17 7 2 31 17 19 42 12 37 41 7 32 25 43 16 48 19 36 0 20 40 15 26 28 38 29 8 11 45 34 17 8 4 31 26 9 34 47 49 2 39 29 30 23 32 2 29 10 13 46 43 3 13 49 45 2 28 2 18 10 35 12 3 35 22 27 9 44 1 49 23 1 18 48 2 19 26 44 45 7 10 33 4 44 28 18 28 48 42 47 21 41 24 9 
39 48 16 32 37 34 39 36 28 27 46 15 36 30 28 40 12 48 4 23 1 33 30 7 36 17 0 47 16 36 43 13 36 28 38 13 45 34 8 6 9 49 43 24 28 37 32 44 29 14 49 36 25 47 16 22 49 29 34 43 12 4 34 26 11 7 44 7 10 26 8 45 20 7 39 42 11 26 14 46 39 48 19 5 6 6 24 35 18 10 43 7 1 21 5 9 29 21 48 29 13 
41 5 42 29 35 37 5 41 32 44 6 10 21 44 9 17 22 21 48 22 24 33 33 5 16 22 48 0 22 30 27 16 29 45 6 15 12 1 7 49 37 13 32 46 27 48 19 30 4 44 33 38 36 12 12 36 15 47 20 33 47 26 47 11 27 9 3 12 26 36 8 28 31 2 23 33 47 21 42 17 39 38 49 20 49 17 20 21 33 34 41 3 13 12 7 8 19 6 45 43 2 
14 28 14 22 25 13 13 36 45 8 8 30 14 3 48 44 8 46 44 23 29 27 26 33 11 10 45 1 0 44 15 8 23 14 11 4 49 12 3 39 3 10 21 17 48 48 14 29 31 8 12 45 43 37 32 25 41 30 25 9 22 26 4 18 36 46 31 7 41 1 13 43 30 32 7 29 12 16 21 42 5 19 26 7 46 41 20 10 47 39 21 40 49 30 20 27 1 15 46 35 20 
19 32 48 4 21 7 39 49 34 11 41 32 43 38 16 44 11 27 26 35 1 35 1 15 12 9 24 16 25 0 28 15 11 11 31 27 6 21 11 48 34 10 32 28 26 39 35 5 49 45 4 37 25 6 21 5 42 44 24 29 12 16 42 16 19 39 39 25 33 2 48 21 9 5 3 12 6 36 41 32 20 20 2 14 32 23 17 19 48 7 28 6 41 16 33 1 3 42 24 7 31 
8 19 36 23 35 21 35 21 7 43 36 13 27 31 15 1 36 25 34 43 7 27 43 41 46 28 43 18 43 42 0 6 49 38 22 35 13 49 12 43 38 48 16 6 24 41 22 10 16 20 40 38 37 13 49 3 2 1 6 45 7 40 33 35 18 23 18 17 39 24 8 47 45 9 13 42 34 38 35 1 20 10 25 36 41 23 29 14 13 14 18 21 19 13 42 16 13 49 38 35 46 
3 30 26 7 17 12 45 34 42 38 21 25 7 30 11 26 21 20 30 21 40 16 7 18 43 18 14 9 4 14 8 0 24 8 33 23 47 48 49 27 27 6 31 5 28 5 48 41 30 6 1 30 16 39 6 26 49 8 48 35 47 14 44 11 27 2 33 36 36 2 39 44 12 14 35 5 28 34 5 34 39 48 7 2 29 19 12 28 4 11 33 20 2 29 19 29 2 28 19 38 20 
43 20 21 23 3 17 21 7 27 10 10 42 5 17 15 25 7 18 46 8 21 26 7 14 11 23 38 36 7 23 18 21 0 23 14 15 35 41 2 6 33 19 23 44 23 31 12 4 35 18 26 6 21 12 43 11 21 20 30 3 25 20 45 22 16 7 30 47 11 6 15 37 7 43 47 38 33 45 21 32 18 14 16 15 30 27 48 17 10 34 1 8 5 22 20 22 21 14 28 20 17 
39 18 35 5 43 24 12 35 20 7 36 40 46 7 2 29 29 27 30 10 18 18 22 18 18 13 32 44 1 40 44 17 33 0 48 37 32 31 28 25 3 31 47 1 8 23 8 31 4 21 13 46 41 43 39 28 35 45 48 13 17 2 37 26 3 44 3 18 6 36 16 11 35 29 16 43 23 24 40 24 20 28 14 37 5 35 46 28 15 23 26 27 43 1 40 27 9 22 15 37 10 
42 36 45 23 27 19 15 30 38 4 33 45 21 21 19 5 4 40 44 14 25 21 1 28 13 32 1 21 43 2 29 40 36 5 0 41 2 33 11 45 24 49 5 38 29 34 45 46 9 27 34 9 17 29 9 27 40 19 8 16 33 43 40 39 33 28 34 12 22 9 37 17 9 22 42 49 10 34 32 49 49 35 30 13 43 8 1 7 13 15 47 37 37 3 35 19 16 24 7 6 20 
25 23 47 9 12 35 45 36 39 24 25 37 5 32 11 19 6 16 13 14 10 28 16 21 30 15 17 1 41 44 5 19 22 16 9 0 33 37 12 41 17 24 29 46 13 22 15 46 19 34 38 1 38 28 41 8 48 45 3 3 42 24 14 46 44 1 4 46 43 37 42 43 32 12 33 43 14 42 46 48 46 46 37 25 25 3 36 38 22 26 30 45 25 5 34 30 30 5 11 3 33 
32 47 35 1 32 34 34 15 35 6 31 38 37 7 11 31 33 3 33 41 20 2 10 14 22 31 32 16 14 4 30 9 16 9 8 27 0 12 35 16 8 29 27 37 5 33 9 19 42 24 31 18 20 31 34 24 42 24 45 13 35 12 29 40 12 19 23 4 8 26 17 17 23 17 17 41 15 6 7 4 36 49 48 5 3 26 15 34 30 40 15 11 20 29 26 17 26 44 24 27 9 
20 45 25 19 29 40 35 11 16 24 21 26 35 23 48 1 28 46 14 6 7 24 27 7 21 18 18 15 35 38 17 16 38 29 23 21 1 0 45 14 17 14 6 17 46 21 4 20 49 3 24 12 38 42 48 10 3 9 14 47 30 21 25 3 11 9 38 26 41 16 5 17 43 39 42 32 34 35 13 30 18 15 46 33 15 41 2 10 20 5 35 4 33 18 33 1 24 31 28 19 23 
5 43 10 20 31 2 47 49 49 15 2 5 7 6 12 39 16 22 43 27 9 14 24 3 47 47 19 49 4 36 38 20 44 33 41 2 4 40 0 22 29 39 49 27 6 44 25 28 17 37 1 16 18 49 32 9 27 1 36 4 8 44 45 4 10 24 39 39 26 27 4 2 35 37 44 28 20 49 40 5 32 22 22 30 33 38 3 42 20 40 25 15 24 17 21 10 12 13 27 12 26 
25 37 5 18 14 26 9 9 32 15 8 8 37 32 44 24 46 5 45 49 8 4 7 12 19 42 10 32 18 17 6 24 12 3 4 3 4 11 45 0 43 15 5 2 13 48 39 24 29 48 20 7 22 18 11 6 38 49 31 23 5 18 46 31 39 9 21 24 33 8 34 4 25 36 48 20 33 22 9 24 31 10 19 35 8 48 4 42 18 34 25 5 30 35 2 17 40 34 42 40 36 
29 24 39 49 45 28 30 46 5 25 26 26 46 25 16 22 22 22 36 47 31 32 22 26 5 4 15 27 32 16 35 34 21 22 17 34 32 16 44 38 0 47 26 16 5 24 15 15 17 30 16 16 20 25 39 1 45 40 32 5 46 44 35 41 32 3 23 33 7 22 10 13 40 14 34 17 5 1 18 46 12 33 44 10 49 45 6 24 30 41 39 21 14 21 27 33 32 12 17 19 39 
46 26 20 14 24 28 11 24 37 21 28 35 2 20 37 6 30 43 38 42 23 8 10 19 14 48 40 13 44 24 7 30 18 37 10 36 15 40 47 38 6 0 12 23 4 15 22 25 8 41 35 40 6 25 23 5 23 17 36 20 33 6 34 49 31 46 40 46 48 22 12 15 33 3 1 29 34 13 39 26 40 46 37 24 32 32 18 3 3 40 27 2 7 10 12 33 38 45 30 8 10 
35 6 16 25 19 21 10 26 30 25 9 6 14 1 27 2 4 27 10 13 21 11 38 34 25 17 18 37 28 13 22 42 6 22 13 29 17 20 19 38 46 45 0 44 31 37 22 32 23 44 13 11 28 11 18 38 29 29 15 22 2 6 33 42 13 29 33 2 42 43 5 48 15 14 22 4 6 42 1 26 13 6 34 20 27 4 47 13 29 42 35 28 47 40 1 43 40 35 34 17 44 
35 12 27 49 42 36 47 45 48 37 11 33 32 26 15 17 31 28 21 16 45 10 32 11 22 6 29 33 41 27 3 24 1 20 19 14 32 37 33 26 27 45 49 0 34 6 45 13 6 27 23 8 31 10 31 27 46 1 39 10 42 28 22 14 49 44 30 40 6 2 6 36 42 13 37 24 18 4 6 47 47 10 33 21 14 24 24 9 43 20 7 5 40 23 38 44 48 23 20 11 10 
19 46 33 25 23 15 27 21 44 42 9 44 44 35 15 13 7 30 1 6 23 36 1 37 22 39 35 27 19 45 29 8 48 42 34 40 29 24 21 17 18 21 24 13 0 4 9 47 1 18 33 34 23 32 8 33 7 19 31 20 47 46 17 40 28 31 1 31 47 11 15 10 40 12 1 49 6 49 38 18 48 2 28 12 22 46 17 32 26 30 22 40 20 18 7 43 17 45 47 29 31 
18 45 36 15 7 47 29 45 11 15 39 36 20 46 41 36 9 38 39 6 4 30 49 4 3 27 4 37 20 38 17 41 38 9 23 19 2 30 7 2 49 23 10 42 17 0 43 12 29 49 28 10 43 38 11 16 36 1 30 28 43 7 2 25 24 4 29 28 13 20 49 41 21 6 12 41 3 5 4 39 30 18 40 5 28 13 24 48 29 13 24 40 20 40 33 48 33 28 49 31 18 
24 2 33 24 44 20 27 48 27 34 21 2 27 17 36 47 7 23 47 47 17 33 32 30 37 16 27 26 4 5 38 49 10 9 10 14 39 41 15 29 46 48 48 44 7 2 0 41 34 9 20 31 24 47 34 14 48 20 11 23 43 3 16 38 12 31 46 31 45 39 43 35 37 49 4 42 2 34 26 1 46 29 10 39 36 34 37 38 30 9 29 45 24 24 38 39 18 31 36 12 1 
2 21 43 46 6 45 3 30 44 26 34 25 15 1 6 48 37 12 20 38 35 3 46 21 25 49 12 15 5 37 44 38 5 39 41 8 1 43 48 23 31 18 3 49 20 4 32 0 41 33 13 13 3 9 9 13 22 19 32 34 16 16 9 43 42 10 13 13 12 42 35 30 47 4 49 11 17 23 49 45 34 1 5 26 44 9 17 48 43 26 15 25 38 49 36 27 37 45 48 23 10 
42 32 14 41 37 15 43 46 41 3 19 31 26 41 14 34 42 2 33 18 33 46 37 21 46 31 13 8 26 14 11 21 34 21 8 29 44 38 12 49 38 42 7 14 4 35 46 16 0 27 27 16 40 18 31 31 10 17 36 37 7 17 37 5 12 18 43 36 47 3 11 42 21 21 1 42 18 27 22 25 33 32 13 8 31 11 30 13 31 5 41 29 37 28 49 40 27 32 19 46 40 
45 40 42 40 37 25 23 7 35 12 21 48 45 41 36 26 21 17 13 14 14 14 4 7 23 33 11 20 28 48 33 48 2 6 12 14 8 25 27 32 24 14 22 22 2 36 38 1 13 0 20 36 33 10 32 4 26 48 29 39 11 18 8 8 44 24 36 32 18 1 20 4 22 17 44 34 14 8 48 18 10 47 35 31 4 24 7 39 12 19 30 35 23 6 31 46 2 3 38 39 15 
47 43 28 3 19 3 4 49 11 1 14 7 37 26 30 34 41 23 31 7 47 33 46 28 25 9 29 27 48 30 45 38 36 1 20 4 15 18 31 18 20 10 45 16 35 24 14 22 42 37 0 37 14 46 48 36 18 15 10 15 5 29 40 44 24 2 32 31 5 16 32 23 27 24 32 41 43 35 47 2 42 37 37 3 49 48 8 20 14 36 23 34 20 24 4 8 18 35 18 46 33 
28 44 35 17 29 45 20 19 30 5 12 43 14 42 16 30 21 39 15 42 17 11 47 45 17 17 29 4 45 11 9 42 41 46 35 30 24 44 17 39 41 31 20 39 35 9 10 12 30 15 16 0 16 32 30 21 6 27 47 37 11 39 32 35 28 38 21 9 42 31 21 12 32 41 5 42 32 41 47 24 20 1 44 27 18 30 20 11 11 23 28 1 33 49 38 17 3 6 41 30 29 
22 22 11 31 8 2 13 10 27 24 42 27 7 42 46 23 32 6 4 10 37 35 14 27 28 17 24 13 13 20 1 47 41 39 12 44 28 8 7 9 40 15 21 16 36 11 46 14 8 44 47 31 0 33 48 34 48 43 12 36 29 11 44 46 20 43 7 45 9 14 49 46 33 46 21 16 23 23 28 10 32 28 28 45 16 18 40 1 30 46 42 38 45 46 44 24 41 28 30 20 12 
13 29 6 45 15 44 35 42 27 31 46 49 32 29 15 17 5 31 48 36 23 30 38 10 44 36 11 27 29 21 16 32 8 41 7 5 46 7 45 35 11 13 10 43 41 27 30 38 35 10 5 28 40 0 46 20 12 27 43 5 4 23 18 16 45 24 20 2 5 36 43 49 26 48 47 44 4 12 14 5 36 5 12 39 47 20 12 10 21 37 23 14 32 43 28 38 35 3 10 27 36 
4 16 36 39 15 14 12 1 44 40 38 46 13 39 41 9 4 16 21 43 48 19 39 32 35 1 11 23 49 42 10 32 25 2 25 14 31 24 37 15 45 8 19 37 18 29 35 26 8 9 49 35 7 36 0 31 15 3 5 31 2 24 7 45 17 39 34 36 48 31 17 37 22 32 13 12 3 25 7 33 31 9 27 16 19 35 12 26 3 16 44 37 25 5 12 32 41 19 29 25 9 
2 8 27 37 18 32 38 43 3 4 31 13 11 16 49 26 38 26 48 41 3 24 27 33 14 44 48 16 42 27 49 9 18 22 40 49 30 34 13 11 32 32 10 22 46 47 13 46 35 42 46 27 20 43 42 0 23 6 20 5 36 4 18 36 43 46 3 39 43 7 6 44 49 21 16 28 26 33 30 2 48 20 28 43 42 17 48 43 26 10 11 39 2 49 19 43 40 4 12 18 25 
21 23 21 27 17 27 2 30 14 4 8 11 25 34 4 11 20 37 2 22 14 40 41 35 44 45 37 18 34 45 5 19 37 9 40 37 39 31 29 13 26 5 33 4 14 7 21 35 39 30 27 40 25 1 21 44 0 25 31 41 46 20 36 1 29 17 20 28 1 10 27 31 21 2 29 2 35 14 30 26 30 18 31 8 11 16 35 12 16 18 49 40 39 32 2 22 3 49 40 2 20 
14 47 42 22 28 4 32 25 2 44 34 18 26 46 13 34 13 44 33 28 49 21 18 28 32 18 2 31 28 17 14 28 2 14 8 18 47 24 7 21 38 12 35 43 16 14 5 22 20 22 28 31 39 49 13 1 17 0 13 26 12 14 47 14 27 28 4 46 49 1 8 3 10 13 36 32 33 39 42 2 35 14 11 25 48 36 31 14 1 19 2 32 12 11 34 39 19 27 24 43 22 
8 15 26 27 8 42 23 42 48 23 2 44 17 16 33 46 47 8 3 43 4 3 33 45 31 33 15 28 1 42 1 10 44 16 37 17 2 36 4 5 19 44 27 16 16 34 16 43 35 18 3 29 8 38 20 18 35 34 0 30 26 18 37 35 3 15 12 47 8 34 14 13 11 47 48 3 29 39 10 39 13 33 39 45 30 30 6 31 35 5 34 29 24 33 17 10 31 7 47 23 49 
29 29 23 28 38 40 7 12 46 44 42 35 34 27 29 25 5 47 18 22 39 22 31 19 46 43 20 32 41 48 33 32 36 8 13 30 26 30 29 7 23 4 49 42 14 8 49 46 3 39 28 27 35 17 23 23 44 13 27 0 16 19 46 34 29 1 22 8 49 41 24 47 32 45 29 39 6 5 36 8 45 11 47 21 45 37 27 4 2 9 1 44 33 26 10 14 48 5 3 4 48 
17 19 5 29 29 22 42 44 24 18 15 41 47 17 35 2 4 8 22 8 20 17 6 23 31 19 45 49 34 8 36 1 35 25 38 33 21 23 26 36 11 27 32 23 5 3 16 23 43 42 6 1 10 31 12 44 27 45 23 31 0 10 42 35 37 10 37 5 24 15 17 28 2 8 26 47 48 32 6 47 25 25 4 24 21 28 11 4 41 5 15 2 36 46 46 24 42 32 27 41 19 
1 39 5 9 19 48 30 26 41 8 28 35 33 32 38 13 31 25 45 43 31 28 3 40 20 48 9 3 13 12 25 46 4 33 37 14 35 6 48 13 10 47 15 29 15 11 1 9 30 41 14 35 43 1 15 9 25 34 48 43 23 0 1 8 41 11 46 7 46 44 13 30 15 38 3 49 47 41 49 4 45 38 2 12 41 4 30 18 27 2 38 21 27 49 9 1 9 7 25 11 35 
8 27 39 25 8 8 27 23 49 10 46 33 20 9 23 14 11 40 26 40 4 5 25 13 33 35 43 39 24 29 7 30 31 12 37 37 48 31 40 47 44 24 14 13 13 19 34 40 13 24 39 22 4 44 18 38 9 33 36 4 16 20 0 3 1 46 40 36 26 26 47 18 48 4 6 43 16 46 45 5 20 35 33 12 10 14 7 29 46 17 47 20 24 33 49 47 46 46 15 35 27 
33 36 49 42 28 28 10 43 44 36 25 16 45 2 8 28 21 19 31 15 8 44 24 10 8 2 38 20 17 36 8 42 36 24 12 13 45 30 17 19 7 12 14 6 30 41 26 33 37 29 34 39 16 25 24 37 40 10 31 34 46 23 5 0 24 23 8 36 14 47 44 32 12 9 20 46 30 46 19 39 4 46 44 29 35 49 2 43 46 9 30 49 46 25 35 34 17 9 47 45 2 
36 18 35 14 32 46 28 11 24 13 40 5 13 45 35 6 26 41 21 45 31 10 42 24 33 45 39 35 40 16 34 31 41 45 1 15 30 9 22 4 9 3 4 22 12 36 6 34 31 5 22 42 40 18 29 39 41 9 41 13 1 3 9 44 0 47 23 45 34 22 8 11 36 5 21 40 8 20 48 33 23 3 25 8 47 43 32 43 36 33 29 7 43 28 17 34 21 41 30 49 30 
37 36 20 34 32 29 37 1 25 14 33 7 44 40 40 4 32 35 42 14 3 3 7 47 18 23 48 33 9 10 22 15 40 39 8 13 18 11 49 36 37 28 40 34 18 14 24 3 39 39 23 12 2 33 11 26 34 32 19 3 47 13 28 26 14 0 46 17 3 46 36 8 25 6 11 6 16 2 36 38 3 38 31 39 33 15 1 29 7 11 24 32 33 9 25 6 9 31 21 27 42 
20 42 41 40 47 10 8 45 10 6 7 14 21 20 7 10 1 22 32 4 20 27 39 14 31 19 3 22 21 23 4 5 28 41 7 17 31 14 26 11 47 18 15 12 21 24 9 22 19 6 25 35 15 27 23 40 21 23 49 6 6 48 42 41 42 39 0 7 31 1 41 17 9 11 13 36 34 40 36 6 27 39 2 16 36 16 49 27 17 30 49 40 43 43 24 5 48 47 26 42 40 
34 40 6 44 6 48 29 36 6 26 26 7 13 45 16 38 3 9 10 34 40 18 32 28 22 31 20 6 30 3 1 28 31 11 18 40 29 46 31 21 40 10 16 13 13 28 42 48 10 9 22 43 2 32 7 7 19 21 40 9 33 46 1 8 3 5 35 0 1 45 46 5 29 25 29 9 40 9 24 15 4 30 21 4 26 36 27 38 25 15 20 36 11 27 11 2 46 7 9 23 49 
14 42 7 11 32 8 45 10 25 22 12 6 20 44 28 21 37 20 49 4 7 37 47 25 6 16 25 22 29 30 9 2 30 34 49 38 33 43 19 17 28 13 24 29 25 26 35 38 37 10 43 43 40 3 11 6 37 10 7 26 44 24 6 41 21 34 43 26 0 24 31 41 28 19 6 27 6 28 3 8 41 24 35 43 38 26 29 40 20 12 48 24 41 25 12 41 5 22 10 16 36 
4 34 27 48 30 24 40 22 23 22 17 3 35 26 20 45 46 36 9 21 49 30 24 35 13 49 41 34 45 5 37 22 42 39 3 40 14 38 8 49 9 20 41 31 30 3 11 14 11 2 9 43 15 26 38 12 37 20 21 14 29 39 1 32 38 15 27 2 28 0 7 7 16 40 27 31 44 19 15 36 26 26 5 5 41 28 13 42 47 11 1 11 45 30 10 15 32 38 36 43 1 
23 33 27 20 17 9 24 45 40 20 33 24 1 8 48 16 21 36 22 16 40 1 16 38 32 31 10 25 49 17 42 40 43 37 17 13 39 42 5 40 15 21 2 5 48 35 25 39 42 5 4 24 46 27 31 33 34 17 19 30 18 15 21 5 6 21 1 48 40 18 0 4 15 13 9 21 35 37 9 34 43 39 14 11 22 34 38 21 36 13 44 17 12 13 14 24 37 38 18 9 38 
11 4 40 24 38 9 47 30 30 34 13 2 17 42 5 43 41 7 32 16 23 25 3 20 11 32 6 7 29 11 47 34 45 9 46 4 48 1 25 32 26 42 17 22 4 29 27 26 19 34 24 27 11 40 17 32 40 8 15 20 6 16 10 43 24 11 15 4 48 42 38 0 40 10 37 7 31 9 29 39 9 10 3 33 22 30 4 2 18 11 42 36 29 22 19 7 49 15 13 6 35 
5 6 39 27 42 49 41 8 23 15 1 10 27 14 37 37 10 34 6 40 2 8 8 29 4 20 47 19 27 5 6 26 30 34 28 24 44 4 7 21 3 1 40 16 13 11 24 25 41 30 10 7 4 19 27 4 12 23 40 8 37 22 46 19 39 2 13 24 15 45 36 30 0 31 46 38 31 35 6 5 11 2 39 31 21 1 41 22 23 26 28 26 26 28 35 28 16 27 2 37 24 
4 42 6 38 19 35 44 40 24 22 34 44 42 12 32 44 20 4 39 9 7 39 5 12 16 40 38 5 16 28 23 25 9 24 30 46 1 3 39 40 42 27 16 9 1 34 4 37 21 27 7 28 29 15 36 37 47 35 6 1 21 2 17 24 28 39 24 1 12 7 6 23 31 0 37 10 48 16 28 27 14 12 7 23 17 34 49 37 49 10 19 15 39 1 12 17 26 8 31 20 19 
11 10 6 10 28 6 36 45 3 6 2 12 23 35 24 18 10 33 2 16 44 20 7 16 2 20 8 36 39 21 28 28 39 35 27 37 36 45 33 46 10 30 32 16 37 37 10 25 36 47 4 11 2 42 28 1 5 34 44 24 24 29 3 32 14 30 38 4 25 46 33 17 21 26 0 20 3 4 7 8 38 45 28 3 37 23 49 48 13 3 43 36 36 10 23 16 37 48 20 20 43 
31 19 9 5 35 48 39 15 37 21 15 35 28 28 7 33 14 17 28 45 24 49 5 49 14 23 22 20 38 39 27 38 23 42 10 30 13 24 47 14 3 28 48 6 19 28 37 41 12 25 30 3 44 13 3 21 16 17 28 34 48 23 3 17 35 23 43 30 31 15 5 17 23 2 28 0 8 33 3 10 29 1 17 28 14 8 3 46 17 10 29 34 34 31 22 46 33 34 9 33 18 
48 19 16 44 36 7 1 3 26 25 23 25 49 45 42 48 37 11 27 8 37 10 37 34 32 29 48 5 47 22 31 39 15 30 37 14 26 27 28 17 9 27 19 8 40 10 19 44 22 49 39 35 30 42 44 2 20 15 33 8 16 16 47 39 23 35 34 41 16 28 40 12 43 44 3 34 0 40 36 11 18 34 38 24 8 39 35 11 47 30 12 13 37 23 34 45 16 22 22 44 39 
14 1 1 46 38 34 27 42 40 39 18 37 32 41 42 27 38 46 29 33 15 37 42 46 10 24 16 16 39 42 35 3 34 30 22 49 49 47 44 41 28 5 49 46 15 44 19 41 18 7 19 47 5 11 48 18 33 21 48 47 31 29 46 31 13 20 5 47 22 18 1 39 36 2 38 34 48 0 39 8 24 29 48 11 10 19 1 41 41 20 14 9 17 8 4 9 12 45 30 4 5 
32 46 1 5 5 12 16 5 30 10 24 40 33 44 35 18 35 4 18 2 31 7 38 43 1 40 26 16 32 38 16 8 26 41 28 20 45 35 49 10 32 35 44 46 15 36 22 17 16 28 17 15 10 1 15 32 39 42 37 17 21 37 13 33 12 2 28 23 35 46 34 9 26 46 1 10 34 31 0 12 28 43 32 47 28 17 14 34 37 10 1 47 44 26 15 23 18 22 41 45 25 
49 31 10 46 36 10 22 17 6 41 10 45 41 26 26 42 16 31 9 37 29 2 10 13 21 41 36 44 49 41 42 4 7 45 40 24 47 45 37 17 43 25 32 27 25 32 20 34 13 44 48 45 24 37 24 12 46 28 28 29 35 45 47 36 39 15 9 33 29 47 4 23 9 14 34 6 11 13 46 0 33 34 45 31 36 19 45 48 9 6 41 5 38 34 43 21 47 11 31 11 31 
17 8 46 30 44 23 10 24 14 49 3 36 23 22 2 31 16 9 5 24 24 39 43 33 2 44 13 46 33 26 42 45 33 9 36 1 4 47 14 12 2 6 43 46 31 10 3 34 4 34 40 26 9 37 3 34 37 21 3 21 25 30 20 49 20 19 46 20 23 18 12 26 28 47 9 10 27 30 43 33 0 12 28 5 5 12 25 23 39 40 4 11 16 43 31 24 35 39 45 19 9 
10 45 2 14 29 28 20 43 35 32 33 3 41 9 42 27 19 48 20 21 8 15 6 16 20 40 8 40 2 41 34 23 21 29 48 39 39 45 9 7 37 22 30 14 21 3 15 34 6 19 12 28 29 23 36 47 24 24 47 24 16 44 21 34 26 47 48 30 38 44 14 16 24 12 40 33 38 1 14 34 5 0 15 24 24 1 48 25 44 40 42 48 6 14 27 44 2 26 47 9 46 
44 20 45 34 20 23 6 15 13 36 40 12 37 37 16 36 47 7 46 42 48 30 7 47 44 20 3 12 1 37 47 19 22 41 38 44 23 46 42 38 26 21 22 11 48 28 7 2 17 7 28 6 12 35 34 17 18 17 33 24 1 46 9 26 4 33 4 10 39 38 5 44 46 10 6 11 47 19 26 6 24 40 0 49 10 26 35 20 12 19 5 15 39 48 25 24 29 10 20 38 31 
20 44 37 37 13 20 30 36 45 7 16 17 41 9 38 47 6 36 43 34 4 20 35 4 19 22 32 27 38 45 33 4 34 37 43 39 44 47 35 6 9 37 35 15 41 41 22 35 7 33 3 34 28 9 18 43 43 28 1 21 9 35 12 2 48 19 30 44 33 40 40 39 46 38 4 21 14 29 19 29 38 2 36 0 10 6 23 19 32 46 24 43 10 28 21 17 33 42 19 27 38 
8 45 36 1 40 13 24 26 38 30 34 41 22 19 23 31 31 46 21 15 36 16 45 33 2 35 2 29 28 38 44 25 42 38 45 23 12 33 32 49 35 38 32 4 38 1 9 12 36 26 8 36 8 16 34 45 2 19 33 4 27 38 49 21 11 3 2 5 39 3 7 31 22 22 33 27 13 35 21 42 17 45 48 46 0 11 19 6 4 12 22 12 30 31 17 26 7 30 28 43 23 
32 11 24 29 30 38 35 49 2 35 11 47 34 44 43 7 9 25 17 41 4 7 30 45 1 11 13 27 8 3 18 44 36 9 38 16 37 21 24 43 45 38 4 4 3 7 3 18 34 28 37 37 32 10 2 17 29 25 4 11 11 27 30 41 6 46 31 40 27 40 37 2 12 27 42 47 10 38 45 6 45 17 43 14 13 0 30 8 29 7 15 13 40 18 14 48 18 37 7 18 18 
38 40 10 6 20 33 14 33 42 24 39 14 16 35 16 47 45 4 30 18 48 30 22 18 2 37 40 34 42 10 45 7 39 36 14 19 14 27 3 5 44 34 32 10 33 46 29 32 31 39 4 41 41 4 18 18 25 21 9 28 18 37 3 29 21 17 35 16 46 39 13 12 9 2 24 14 1 30 18 15 6 40 48 3 22 31 0 31 45 19 30 1 45 14 8 23 23 30 34 14 2 
16 15 35 18 22 29 13 10 45 24 48 29 43 48 30 13 31 2 26 10 21 35 41 33 27 44 43 6 13 28 4 46 29 33 22 5 42 29 47 26 9 25 36 40 14 34 32 36 23 49 31 7 18 42 17 10 48 27 19 13 35 14 33 37 41 13 20 18 24 40 43 18 43 43 21 48 33 26 28 21 12 29 43 37 49 23 29 0 1 42 35 32 38 18 6 31 20 22 21 24 17 
38 2 8 38 33 42 38 23 34 35 4 3 6 28 42 37 27 27 10 18 39 22 1 17 42 10 28 17 46 3 8 19 14 12 34 4 4 32 29 7 30 17 21 37 10 47 12 24 36 48 31 8 49 38 3 48 33 11 3 30 46 25 11 16 40 23 30 9 45 5 49 21 8 49 43 45 47 15 5 49 5 11 43 39 29 5 14 28 0 7 18 29 37 8 3 12 33 25 2 47 19 
38 5 15 41 40 19 3 42 13 19 10 23 42 36 37 23 24 36 42 34 19 47 23 4 35 25 43 22 5 26 31 24 5 10 5 10 48 36 34 31 20 25 24 45 46 13 40 5 1 31 42 5 7 10 33 38 16 39 17 31 21 27 21 5 19 8 28 44 3 2 9 26 3 7 2 30 2 13 32 35 39 20 49 37 24 26 30 20 32 0 9 13 32 9 34 27 18 18 21 39 1 
11 11 24 34 42 12 22 9 23 32 35 24 24 36 43 16 45 17 34 2 28 1 8 13 5 8 30 10 3 29 9 11 34 29 29 15 43 37 2 7 34 35 22 28 33 16 14 12 39 26 12 13 49 26 2 24 6 33 23 34 34 34 25 28 32 36 39 12 2 15 23 15 37 38 15 26 37 40 16 27 46 23 24 2 5 24 2 42 5 30 0 7 26 6 36 15 22 18 30 8 42 
8 38 49 2 12 35 11 47 15 42 7 32 8 3 32 36 31 49 23 7 11 26 43 27 41 13 45 14 6 24 42 32 1 28 9 34 18 22 31 48 13 29 35 33 14 23 49 7 42 37 16 18 16 33 30 14 5 18 5 7 11 5 28 43 22 33 26 46 32 16 41 5 9 40 26 47 41 16 6 7 8 1 49 8 24 10 35 49 14 3 21 0 11 2 44 8 44 44 5 35 22 
23 18 21 22 9 29 26 43 42 25 45 5 46 20 43 30 49 22 18 15 35 16 8 3 3 4 18 12 18 2 1 28 8 37 38 16 6 20 36 36 14 21 20 41 41 39 36 44 1 28 14 42 45 32 36 47 11 13 30 31 21 5 41 23 2 22 32 27 5 3 47 43 23 33 25 41 38 43 10 22 11 25 42 33 10 9 2 45 4 24 4 5 0 33 9 34 30 41 8 12 13 
13 26 46 31 12 3 9 41 36 35 26 8 31 35 42 32 39 39 21 38 46 18 26 23 3 16 28 6 47 13 16 23 30 21 21 32 4 21 6 13 33 24 18 38 18 45 43 22 5 26 47 39 21 5 25 27 19 14 29 27 3 46 48 15 13 26 46 38 26 9 30 1 19 17 2 41 41 38 1 22 10 1 5 30 36 32 46 32 41 45 45 43 44 0 20 25 10 44 26 11 22 
42 34 3 45 37 23 3 23 3 30 24 10 39 18 21 29 40 26 24 12 23 49 27 6 14 36 23 13 9 28 40 2 29 14 43 20 12 23 11 36 23 8 15 8 36 44 46 24 37 35 47 18 14 38 18 7 36 18 5 20 27 10 15 36 33 29 41 7 38 41 6 20 3 4 36 34 30 18 38 32 15 4 22 20 31 9 48 15 21 9 39 11 28 18 0 4 40 47 13 18 7 
21 17 34 2 35 44 14 21 13 14 31 37 34 35 2 25 6 37 19 29 37 21 22 42 34 45 8 5 29 14 40 14 10 41 4 17 17 35 28 14 8 18 13 22 5 24 25 2 30 14 22 49 36 12 13 41 30 13 16 46 39 36 6 31 14 21 14 6 38 12 19 39 30 48 28 10 1 18 13 1 46 35 11 4 1 48 20 23 23 44 25 35 10 11 43 0 42 23 24 1 7 
25 2 23 26 14 42 47 17 31 39 46 27 18 6 40 7 37 1 30 29 26 28 31 27 24 44 18 19 43 20 44 2 26 41 15 5 35 10 40 15 41 9 15 45 42 29 45 27 37 39 32 21 18 41 24 20 15 49 47 7 30 33 49 30 28 44 7 3 22 15 13 5 30 41 27 13 40 48 9 12 26 45 49 43 6 29 43 13 24 1 45 33 8 24 11 45 0 14 45 31 19 
10 11 45 13 48 47 25 30 3 48 35 1 16 44 46 13 38 12 32 14 2 11 35 15 39 48 19 31 13 28 26 14 29 49 4 26 31 16 12 38 26 47 23 22 9 8 23 49 3 2 15 35 22 6 38 4 5 27 30 13 15 12 33 34 42 47 8 1 45 15 23 48 30 17 11 35 24 15 20 31 21 31 43 11 41 19 7 3 15 6 32 18 41 25 14 20 9 0 30 37 39 
3 27 32 4 48 39 22 11 1 4 16 6 7 27 30 29 40 4 15 27 16 47 22 14 11 12 31 8 38 31 44 13 2 27 2 43 25 2 3 48 30 15 41 22 13 24 1 46 35 25 7 24 29 5 22 38 2 30 10 42 32 8 38 18 48 8 23 43 36 4 10 14 39 2 7 20 16 10 46 43 14 36 26 41 21 2 44 10 39 40 46 4 33 10 26 29 19 23 0 35 13 
2 42 29 36 8 47 47 40 36 19 20 46 20 10 21 31 31 3 34 16 46 46 31 44 18 34 9 17 11 49 33 2 36 25 9 26 11 37 24 38 33 17 30 12 36 8 16 4 43 14 18 18 42 36 42 6 30 33 8 20 23 49 3 24 43 48 46 15 48 49 17 27 47 24 16 21 31 1 29 1 30 16 23 14 2 14 37 24 31 3 14 46 20 30 24 18 15 22 27 0 11 
8 40 12 44 36 35 43 9 18 38 49 38 6 3 46 13 2 36 42 30 26 23 49 48 45 23 33 27 48 17 22 28 15 34 14 16 40 37 31 17 48 18 24 42 10 16 15 42 21 30 5 20 3 27 30 13 18 48 38 15 41 20 14 13 6 45 18 39 25 32 37 23 12 34 3 7 9 8 33 30 16 34 12 7 20 44 1 15 1 33 21 41 1 9 38 12 2 40 39 12 0 
