n: 100
m: 4
Pi:U[1-99] 89 23 30 89 12 39 17 89 15 1 31 84 54 67 13 5 86 50 98 99 92 26 48 82 62 2 12 16 67 8 56 27 76 40 81 89 97 66 18 65 67 16 90 99 60 7 51 76 16 1 27 61 47 1 41 79 98 58 99 20 83 21 12 40 76 75 60 24 94 33 84 30 74 18 62 45 81 61 7 31 25 65 41 92 68 99 95 96 60 15 42 13 70 5 86 49 77 11 2 91 
Si:U[1-49]
0 10 12 14 32 32 28 31 23 14 49 49 13 10 1 49 3 49 28 48 31 39 43 49 40 49 30 10 18 49 36 7 49 49 37 22 46 31 10 46 27 49 49 36 40 24 49 49 33 49 19 40 49 16 6 18 36 31 13 49 33 7 19 36 28 7 28 16 49 49 24 27 36 49 22 49 24 21 24 21 13 49 39 49 12 3 7 48 49 37 15 39 15 42 9 49 9 19 31 7 49 
13 0 1 3 6 30 14 25 28 12 31 49 49 28 18 49 49 25 27 49 1 10 6 49 3 43 49 22 49 42 40 46 48 49 39 28 40 49 46 49 18 43 43 1 49 45 49 12 49 49 10 49 27 30 49 49 16 13 49 34 49 30 49 18 6 49 46 27 49 3 3 49 7 15 49 49 49 22 12 22 18 49 43 42 49 49 49 49 37 27 49 18 49 39 15 48 49 49 42 22 12 
26 14 0 18 32 32 12 28 22 12 12 9 49 27 24 13 21 13 49 22 27 43 43 16 49 22 49 49 24 49 49 37 24 49 33 48 49 49 49 15 49 42 49 12 7 42 37 49 12 37 18 46 15 33 4 40 3 49 37 6 28 22 34 34 13 49 27 39 49 6 36 34 28 49 49 7 13 18 39 49 40 49 49 37 49 16 7 13 28 42 27 49 7 46 49 36 3 16 49 24 25 
16 16 15 0 5 19 13 1 25 11 15 49 19 22 21 49 4 37 45 45 48 27 49 13 30 36 7 6 24 27 40 37 31 45 46 7 16 49 45 49 33 9 49 49 49 49 49 36 27 7 49 49 49 49 34 12 27 19 6 49 43 49 12 19 34 21 49 46 42 33 49 24 13 49 49 49 27 15 37 4 49 49 13 49 1 49 31 45 49 30 49 48 37 22 49 19 49 9 15 30 10 
12 17 4 28 0 4 6 26 13 22 45 49 16 49 7 25 28 49 31 49 49 49 16 13 25 36 33 16 42 49 13 43 42 12 49 49 49 49 31 13 42 43 25 45 10 43 49 30 33 25 49 49 49 49 49 48 49 43 19 49 9 33 27 49 3 28 49 16 37 43 3 49 49 22 18 10 1 16 49 49 49 49 49 18 49 49 3 49 33 1 30 49 25 49 34 30 49 36 31 9 19 
24 10 11 10 26 0 10 21 30 9 37 37 45 24 39 49 12 16 16 36 3 12 49 19 13 49 4 49 49 25 49 49 34 21 49 42 16 10 49 7 49 18 6 46 43 40 40 49 3 22 36 49 49 49 49 49 49 13 22 19 45 49 40 48 22 13 37 25 13 6 19 42 42 10 49 49 49 9 43 49 43 27 7 45 22 46 25 49 30 49 19 40 40 49 18 49 37 37 25 30 49 
22 14 1 15 28 24 0 6 12 24 49 43 3 37 49 49 45 27 49 49 19 37 18 49 49 49 4 12 21 49 27 48 49 43 45 49 49 49 34 48 21 49 43 46 3 9 33 21 49 42 37 4 18 16 49 43 37 49 49 39 45 49 49 49 24 46 39 49 7 43 33 49 39 15 46 49 16 19 25 1 21 19 12 46 49 49 10 25 49 48 4 12 30 22 49 1 49 49 40 48 15 
31 20 4 10 0 23 14 0 24 2 49 15 49 49 1 21 49 25 4 19 49 25 10 22 24 49 49 49 42 4 49 28 10 43 10 49 48 1 12 49 37 48 27 49 45 48 49 33 49 4 49 49 10 49 33 49 49 49 6 49 18 46 19 3 49 34 49 49 36 34 10 49 49 49 33 49 16 49 6 49 34 49 49 12 49 46 12 37 18 31 37 49 30 6 25 39 49 49 40 36 36 
28 23 24 12 22 6 22 3 0 6 19 27 49 49 34 36 18 13 42 39 46 49 49 12 15 12 37 49 1 48 49 49 42 34 18 4 49 46 43 49 30 49 6 28 15 12 12 43 18 46 49 42 49 34 33 33 46 28 49 12 30 31 49 49 19 34 22 49 49 49 19 49 15 42 49 49 49 48 16 24 16 19 49 33 28 49 21 49 7 19 49 49 42 9 49 49 49 49 27 25 4 
27 31 2 9 11 21 10 24 14 0 27 27 49 22 34 39 48 49 49 49 1 49 49 45 48 30 34 46 49 49 36 34 49 49 45 27 49 49 49 49 3 12 34 3 49 25 1 15 40 34 49 43 25 28 39 13 31 15 49 31 10 21 43 49 42 49 13 40 31 4 13 49 13 49 37 48 18 34 49 12 49 34 49 21 49 4 49 22 16 49 49 46 49 43 49 34 3 49 28 48 6 
48 7 49 48 4 22 10 36 25 13 0 18 8 7 22 7 16 32 22 26 22 7 13 27 30 27 49 22 42 24 42 43 9 42 34 22 46 49 49 49 21 3 49 46 12 49 22 45 49 1 49 49 43 49 49 4 49 49 49 49 15 28 24 49 49 49 4 34 15 9 21 15 15 45 49 12 31 49 49 34 45 12 19 45 13 24 49 49 49 49 49 28 19 48 49 46 12 49 28 27 6 
36 3 48 22 10 9 4 43 16 49 15 0 31 2 7 4 23 4 32 6 1 49 39 49 19 37 49 25 49 16 7 13 13 49 13 39 49 21 27 49 49 49 21 33 49 36 49 49 10 25 19 49 9 16 16 22 15 49 12 13 19 9 9 49 49 18 49 49 37 45 49 15 46 49 49 49 27 15 49 48 24 45 33 34 45 49 39 45 49 40 10 49 18 42 43 16 34 49 49 43 31 
43 27 15 49 13 49 46 18 39 28 22 22 0 12 8 14 8 28 25 18 49 9 30 31 31 13 27 49 49 40 49 19 7 39 33 49 45 49 49 31 49 34 12 49 7 13 37 4 9 49 49 39 30 18 16 19 4 49 33 1 7 49 39 27 49 49 49 37 40 49 40 49 49 34 37 7 49 3 10 4 24 39 1 49 49 42 3 36 43 10 13 49 49 18 1 25 49 1 49 12 19 
21 13 6 37 33 49 49 37 37 22 11 24 8 0 20 6 24 3 30 6 48 49 7 49 49 49 9 30 49 36 16 30 49 15 49 21 49 22 49 39 49 36 27 27 30 49 49 10 49 49 1 19 49 49 22 49 21 22 37 7 10 27 49 13 42 49 39 19 49 19 49 22 49 48 49 49 36 12 1 19 48 48 49 49 1 27 25 39 42 49 30 28 49 49 49 49 18 3 49 49 49 
9 18 12 12 49 49 19 10 48 25 14 3 11 29 0 10 7 32 30 30 4 30 49 49 49 49 31 12 42 36 49 25 12 16 37 49 49 49 49 48 49 36 49 7 25 49 49 48 43 46 7 43 28 33 13 49 49 4 22 18 39 31 49 49 46 49 42 49 49 18 49 4 15 16 42 21 4 9 49 49 49 24 49 40 6 42 28 15 45 9 48 24 49 49 49 24 49 16 45 22 34 
49 4 1 43 4 49 49 21 43 42 7 2 27 10 17 0 10 30 5 15 49 43 49 19 33 9 45 6 22 49 37 49 49 49 49 49 18 3 49 49 49 39 49 36 49 42 12 49 49 4 48 40 9 36 49 49 15 49 3 49 49 49 21 3 24 19 12 15 49 33 30 19 15 24 49 3 15 49 10 40 25 46 24 49 46 12 36 49 40 33 21 49 49 49 30 49 10 45 39 49 49 
16 49 7 49 3 49 13 49 49 49 9 12 3 22 15 14 0 32 14 27 9 49 49 49 34 18 37 49 4 45 45 36 6 49 6 12 49 9 3 16 33 1 31 28 15 9 37 49 42 27 49 49 49 49 12 22 7 18 46 49 21 6 49 49 49 42 12 49 49 48 12 27 7 49 36 3 3 49 49 18 36 13 27 42 46 36 40 43 37 10 49 7 49 13 10 49 31 49 13 36 9 
16 31 40 49 12 4 48 49 37 37 6 17 5 6 12 26 0 0 15 12 4 49 49 49 34 49 49 19 37 13 4 39 49 49 24 19 49 12 36 49 49 30 33 42 30 22 12 49 31 22 16 49 42 49 30 49 48 15 28 49 30 36 3 9 12 36 49 49 10 49 4 40 49 30 49 46 33 49 7 49 40 28 49 4 18 49 49 43 27 31 30 40 49 33 31 49 18 24 49 19 49 
49 27 34 22 34 49 10 49 49 6 28 22 18 8 13 15 2 14 0 14 49 7 39 9 48 6 21 18 9 49 49 39 49 46 7 37 37 12 15 40 49 49 49 49 6 37 49 49 25 43 4 12 49 13 16 49 49 48 4 31 25 12 43 25 39 28 27 33 49 18 49 49 4 49 16 43 6 49 39 49 49 25 42 40 22 49 33 46 36 49 49 49 49 34 42 13 49 48 49 18 7 
34 30 33 7 33 28 49 49 49 49 18 32 1 28 19 20 24 6 6 0 49 37 21 49 21 12 7 49 45 49 28 49 48 36 45 42 49 34 49 49 49 49 36 37 25 25 27 49 25 36 27 34 4 9 7 49 34 27 33 1 49 49 49 9 49 49 42 49 48 13 25 27 37 43 39 45 1 49 49 49 49 49 4 39 12 9 31 1 7 39 24 40 36 1 4 49 22 9 49 12 3 
1 21 46 13 16 37 45 49 49 13 45 9 15 49 34 49 22 49 25 33 0 17 27 25 22 4 22 26 16 32 49 25 34 18 3 3 21 39 16 48 43 49 49 40 49 49 31 49 42 37 19 7 49 30 24 49 18 30 49 49 49 49 30 36 12 49 49 1 22 24 42 49 49 3 37 49 49 3 49 24 49 49 39 18 19 49 39 49 7 40 6 49 40 49 13 27 37 49 13 42 3 
48 49 49 49 39 3 18 18 36 16 49 13 6 34 49 49 49 27 27 49 8 0 12 18 7 21 8 27 25 18 16 40 30 49 7 36 13 49 21 49 43 16 49 49 33 48 24 49 12 49 13 45 13 48 21 27 34 19 46 49 33 27 40 33 49 49 49 49 15 30 49 49 49 45 45 49 30 6 48 49 30 10 49 15 18 49 6 34 27 28 49 27 33 25 49 25 1 33 49 31 7 
49 42 33 1 36 31 27 9 49 40 49 42 49 15 49 49 10 49 3 49 14 30 0 26 11 16 20 10 12 22 43 49 49 40 10 49 25 31 30 19 49 4 31 19 49 49 39 27 6 4 49 49 49 31 49 21 39 13 22 10 6 49 49 49 30 40 49 49 37 46 40 49 19 49 49 34 34 31 31 33 10 49 49 28 19 39 3 36 49 15 49 36 15 49 34 49 49 49 7 25 36 
7 49 49 34 49 34 1 15 16 13 27 22 49 16 49 49 49 48 16 16 11 25 24 0 6 27 28 18 20 32 3 49 22 25 49 49 49 49 49 24 27 49 7 28 49 49 43 49 25 36 1 49 13 7 49 1 34 49 49 43 31 49 39 16 10 49 6 49 49 39 49 49 49 34 37 49 36 45 49 28 49 49 25 1 15 49 36 49 24 1 49 18 16 49 34 49 19 49 43 45 31 
30 3 22 49 15 49 16 27 42 18 49 15 46 42 49 49 37 49 31 49 16 28 29 18 0 2 8 26 4 21 49 34 49 45 25 13 36 22 49 27 21 3 49 36 12 49 49 19 22 30 31 45 37 30 49 49 25 49 49 49 9 12 9 4 34 9 49 12 3 42 49 49 33 49 49 48 25 27 49 3 34 49 46 49 49 9 9 49 36 43 34 1 9 13 49 1 40 37 39 43 15 
10 49 10 49 49 49 49 18 39 24 15 49 40 18 49 42 45 49 49 1 29 11 26 8 19 0 10 30 1 17 22 49 18 49 10 49 49 49 49 27 33 48 12 37 43 49 13 49 28 3 25 49 42 49 33 49 21 28 9 13 4 30 49 49 37 49 39 49 19 42 37 49 25 31 49 15 13 39 49 49 16 49 49 49 39 6 25 48 34 49 49 43 49 4 7 49 37 49 25 49 25 
49 24 49 49 21 49 49 15 25 25 25 31 49 1 33 39 4 36 49 21 23 22 29 6 11 24 0 23 2 28 36 33 40 40 49 7 30 21 24 12 1 30 40 9 4 12 24 49 27 43 30 49 13 16 49 49 37 49 45 48 25 48 43 25 22 49 1 49 49 49 19 9 24 43 27 49 49 1 49 22 49 37 43 3 39 49 46 19 39 7 49 49 39 36 19 49 36 16 49 30 37 
18 49 48 4 48 43 49 4 37 43 49 37 42 49 24 49 25 43 40 49 14 6 1 10 11 3 28 0 23 32 1 33 37 27 31 6 15 13 49 13 49 49 49 6 49 13 24 18 34 13 13 37 25 34 1 22 49 49 6 12 49 39 49 49 49 48 42 4 37 49 1 49 21 49 12 45 42 49 49 49 27 49 48 25 49 40 33 49 49 36 19 6 49 31 7 49 1 28 49 49 25 
49 13 22 49 7 49 16 21 30 48 49 49 31 21 49 31 43 4 22 3 23 30 28 19 22 30 26 4 0 23 49 49 39 49 49 36 3 31 13 49 36 12 49 7 49 6 49 49 13 1 9 49 49 13 3 49 49 25 13 49 49 49 49 6 40 21 49 49 49 49 9 22 49 49 19 34 27 49 40 9 40 16 40 24 3 4 36 15 1 15 49 36 28 49 45 49 49 49 49 4 28 
49 49 49 19 46 1 49 12 49 49 12 48 37 22 12 49 39 13 49 49 24 18 14 20 8 4 28 15 12 0 28 49 34 34 49 4 1 12 27 34 49 49 40 49 49 33 12 49 24 49 21 49 34 49 42 49 49 49 49 49 15 46 13 9 3 1 13 30 49 18 49 49 15 4 49 43 48 1 1 27 49 4 15 15 19 46 49 49 49 49 49 31 49 48 49 49 21 48 10 43 49 
33 13 31 6 3 49 21 6 1 19 16 49 37 40 27 27 49 13 49 49 49 46 49 49 34 49 49 30 18 49 0 1 20 28 2 18 2 18 28 16 19 10 3 45 49 25 15 49 49 24 49 25 49 49 39 49 49 4 49 33 49 34 49 31 49 24 15 39 28 16 39 43 49 1 3 45 31 49 49 22 34 25 49 27 49 49 40 3 25 18 6 49 49 30 49 22 22 49 21 6 45 
49 19 15 30 10 48 37 10 12 43 49 43 24 42 49 43 31 49 19 49 18 49 13 27 34 6 28 49 6 10 26 0 12 12 24 13 24 32 13 20 48 3 49 49 49 30 39 13 49 3 4 16 49 30 30 25 24 3 13 46 31 19 19 49 30 49 49 42 15 16 16 49 16 49 49 13 49 46 49 49 49 4 49 49 9 49 49 19 24 49 33 31 42 3 15 33 39 13 49 49 28 
6 49 49 6 49 49 39 10 31 21 49 49 33 31 28 19 13 43 49 6 49 49 45 48 39 42 16 40 43 6 8 7 0 14 2 29 17 25 12 16 49 7 10 49 45 45 49 49 49 46 18 18 49 16 34 33 21 21 33 28 49 43 49 27 49 24 9 49 27 31 49 48 40 7 43 49 24 1 49 49 39 22 37 49 36 16 10 43 49 6 31 3 49 31 49 10 49 34 49 16 49 
48 10 49 49 37 37 49 49 3 22 19 49 1 48 7 18 49 3 49 19 49 43 49 49 49 6 49 49 31 48 16 16 14 0 2 32 2 18 2 28 34 36 49 31 49 40 49 49 9 24 31 30 15 25 3 36 49 18 34 49 49 6 33 48 49 31 33 37 45 49 19 21 21 30 48 49 42 49 49 18 39 30 49 21 10 49 34 9 33 49 9 42 49 49 49 49 46 49 4 22 28 
42 9 39 49 12 39 15 34 22 24 39 49 39 19 16 49 49 30 49 49 48 49 12 4 49 9 16 36 18 45 8 24 8 10 0 10 16 4 10 32 28 49 40 19 49 49 49 45 30 22 39 34 33 13 49 28 49 6 36 49 34 15 24 27 49 18 46 49 49 4 49 49 1 49 6 15 49 16 10 25 43 49 9 30 49 7 49 42 49 7 49 7 49 28 12 18 24 49 46 36 49 
39 30 1 45 30 40 25 15 43 3 49 39 4 4 30 16 18 28 36 22 43 49 33 6 46 19 49 28 43 24 12 5 28 5 20 0 6 29 3 4 25 39 42 19 39 18 39 1 49 15 45 9 12 3 1 3 36 24 49 18 27 10 28 49 49 16 28 36 9 48 21 27 49 37 49 12 49 24 49 6 49 49 49 49 36 40 34 16 18 42 49 12 49 49 49 43 49 34 49 49 49 
33 49 49 36 49 49 6 12 7 1 48 49 22 49 25 37 22 12 34 21 42 13 49 21 49 45 36 40 49 13 14 16 28 30 9 6 0 25 31 22 16 49 49 43 12 30 49 48 49 49 13 13 33 19 18 19 24 49 12 12 39 31 27 49 4 36 39 43 21 9 18 24 1 49 48 28 49 49 49 25 49 49 4 31 6 39 49 13 49 49 49 4 4 40 10 13 28 49 49 12 49 
22 49 49 49 13 49 34 21 49 36 15 49 13 37 15 49 46 13 33 18 10 33 15 49 49 39 27 27 46 48 10 14 12 6 20 18 2 0 13 26 49 22 45 15 49 7 49 21 15 49 49 45 49 49 49 49 13 49 4 37 49 49 24 3 21 36 13 3 49 4 49 49 49 49 39 49 39 49 1 19 49 36 3 49 28 37 49 34 49 10 22 49 31 49 1 49 31 46 30 49 43 
15 22 49 25 18 1 49 40 49 9 33 33 37 6 49 37 40 45 27 48 30 49 49 31 48 49 49 49 46 45 22 10 31 25 2 24 4 18 0 6 34 49 49 12 19 22 49 33 19 22 46 28 49 30 19 27 6 48 49 30 27 13 45 49 30 45 42 49 31 49 28 49 3 40 45 49 49 49 13 15 49 4 21 19 10 49 6 48 21 49 3 45 49 49 21 49 49 34 43 16 49 
36 25 49 49 18 49 7 49 16 40 18 16 49 42 49 21 27 36 4 39 22 30 4 46 49 42 33 19 49 49 25 10 11 30 16 32 10 29 14 0 49 49 12 28 22 25 36 16 37 28 21 42 27 25 27 24 49 40 49 25 13 39 49 33 48 33 3 9 40 12 49 13 49 49 22 24 48 49 28 19 49 49 21 49 36 4 28 33 42 18 49 21 24 10 49 49 28 46 36 12 16 
34 3 40 13 12 46 34 49 49 39 24 48 49 49 40 48 37 45 46 45 7 49 12 49 34 36 1 49 49 49 21 10 12 21 25 49 49 18 15 18 0 3 15 7 32 28 28 23 12 31 49 45 49 46 18 43 39 49 45 22 49 9 39 3 33 48 36 49 31 49 49 22 45 13 49 49 49 4 43 49 49 49 49 19 30 3 9 13 3 49 46 49 34 43 49 49 18 3 15 7 39 
49 7 7 3 49 46 49 28 49 49 49 24 49 49 12 21 40 21 49 49 25 13 33 7 49 48 34 49 49 39 18 16 21 28 49 3 49 49 49 49 14 0 20 7 18 12 26 30 9 4 49 25 19 31 19 49 49 25 1 49 48 4 39 49 49 15 49 49 39 49 7 49 49 39 49 6 9 49 21 34 36 30 49 30 49 36 49 18 16 33 49 25 49 22 46 15 49 24 33 36 49 
31 48 25 49 3 21 49 49 39 40 49 49 24 49 49 15 49 6 49 48 1 49 22 46 18 25 49 16 49 6 49 31 49 3 49 49 49 4 25 49 13 11 0 25 12 2 30 4 12 15 49 43 33 25 49 27 36 30 40 49 16 49 42 6 28 15 39 49 49 49 49 36 40 49 34 39 49 49 49 49 49 49 49 7 4 27 24 27 49 31 28 16 49 27 49 34 49 21 49 3 10 
39 21 45 4 49 46 49 49 49 31 6 13 49 49 4 49 12 43 40 46 24 13 3 34 30 49 49 49 49 34 49 33 9 7 19 46 15 18 30 25 22 20 10 0 30 28 27 16 24 20 4 49 3 45 49 4 28 39 15 24 10 49 49 49 45 49 49 30 21 49 1 27 18 1 15 30 21 43 24 21 31 1 16 28 12 49 24 49 45 49 49 49 49 49 49 9 34 12 21 49 49 
49 24 18 37 18 46 49 49 28 7 49 49 49 49 49 25 18 36 22 40 49 34 49 1 49 4 21 49 49 1 7 49 49 49 27 49 4 4 49 49 8 12 21 26 0 8 10 10 12 8 49 24 42 49 49 18 21 49 49 45 49 45 49 49 37 1 28 49 49 39 34 27 39 49 28 37 49 21 33 18 13 34 9 49 12 19 49 16 4 36 24 49 3 49 45 22 49 10 49 18 49 
49 49 15 21 6 49 49 49 49 49 49 49 49 12 46 49 18 49 6 49 49 6 49 28 43 21 48 33 49 3 24 49 30 12 31 49 49 49 45 37 27 2 10 7 31 0 30 14 25 26 6 49 49 1 49 49 6 15 40 16 49 43 37 46 9 49 21 30 49 40 25 15 24 10 13 49 49 48 49 28 49 3 34 49 49 16 3 49 22 19 6 9 49 24 49 28 3 49 31 10 30 
13 16 49 12 46 42 49 7 7 42 48 49 12 49 43 12 49 27 49 49 31 9 49 34 49 6 49 43 21 39 49 49 6 6 24 49 45 40 42 49 23 22 14 7 19 10 0 28 22 7 36 40 33 48 33 49 49 1 12 49 49 10 24 49 36 43 45 30 24 21 40 21 49 3 49 49 16 27 49 19 49 49 39 16 28 21 1 49 19 49 49 49 13 43 22 49 49 21 40 31 49 
49 49 27 30 49 10 49 46 24 1 19 49 21 37 19 19 49 30 49 15 48 49 45 10 25 49 10 9 43 49 3 49 22 46 15 24 49 7 49 49 27 16 16 30 5 11 20 0 15 6 9 9 48 7 1 39 39 40 12 49 1 22 40 10 37 49 1 9 13 49 49 49 10 49 9 49 24 1 4 46 49 27 3 49 45 49 22 7 49 21 9 7 33 18 49 16 49 31 49 42 49 
34 33 46 49 21 37 16 42 49 10 12 49 18 43 39 45 49 10 4 49 49 16 49 19 49 40 49 49 36 49 49 45 49 49 46 49 49 43 3 49 19 10 14 12 28 11 13 11 0 9 49 19 49 28 49 49 46 16 49 49 42 24 49 42 21 42 25 30 33 49 49 16 49 49 4 27 25 25 18 9 1 1 49 49 33 49 21 49 33 42 42 49 49 49 31 49 1 49 3 36 6 
16 13 1 25 16 37 24 19 49 49 24 34 27 43 49 49 49 15 36 31 19 3 49 4 49 49 16 13 36 31 3 28 49 49 21 9 21 10 49 19 24 15 31 2 4 16 10 18 27 0 49 49 9 40 9 40 13 21 49 33 27 49 45 45 40 34 21 46 49 37 13 49 46 30 49 49 43 49 48 49 45 34 13 4 7 27 21 49 49 49 15 28 49 9 15 49 7 49 6 6 30 
10 37 49 15 49 43 15 49 49 25 43 16 49 49 49 12 10 3 49 49 49 49 49 49 43 49 49 18 49 4 49 49 46 49 49 27 10 39 42 28 19 9 34 49 48 49 22 24 39 49 0 15 12 28 20 16 8 12 29 15 49 43 7 42 49 36 19 4 6 16 30 49 19 49 46 49 37 49 12 15 49 9 3 16 49 16 33 49 42 49 40 49 24 39 7 43 22 10 10 49 40 
40 49 49 49 49 48 4 49 49 4 19 49 36 49 27 12 34 13 40 48 43 49 21 40 16 48 49 34 18 49 15 12 48 49 16 34 49 24 34 49 31 16 9 49 31 16 40 10 39 42 4 0 11 22 4 4 32 24 8 32 49 49 10 49 25 49 7 49 39 49 22 18 49 49 1 49 16 27 49 15 16 31 7 7 33 12 49 18 49 25 30 49 49 13 16 45 49 49 49 6 1 
15 28 37 9 9 7 30 49 1 28 33 15 49 49 21 49 42 43 7 24 49 49 36 49 13 43 49 34 33 18 43 36 31 49 48 31 27 7 49 46 49 49 31 22 16 37 49 49 33 49 25 1 0 23 2 13 2 9 24 27 49 21 21 7 49 49 36 28 49 34 49 27 49 30 49 22 49 49 48 12 34 49 10 49 45 43 49 22 18 49 27 49 30 49 49 33 4 49 49 33 49 
49 49 9 34 49 6 49 49 49 49 28 4 49 30 4 49 49 19 3 21 10 48 6 15 49 13 24 22 49 1 46 49 19 33 49 13 22 49 34 30 27 28 15 10 6 49 33 24 6 49 16 24 11 0 16 20 28 32 4 31 48 13 49 33 30 3 1 6 34 49 16 33 21 49 30 43 49 49 37 48 30 21 49 49 28 33 15 49 3 49 3 49 49 49 49 49 31 49 19 10 7 
15 46 31 1 22 7 36 49 49 1 19 49 9 25 49 49 3 7 28 34 4 1 49 40 15 49 45 15 42 49 13 43 49 19 49 27 37 33 27 49 34 7 49 46 49 3 49 49 49 49 13 2 16 7 0 4 18 7 4 28 43 49 49 49 33 49 10 4 40 22 49 16 31 42 33 49 49 31 49 49 49 12 39 15 15 6 4 27 36 37 34 33 49 49 1 22 49 49 49 21 1 
45 49 4 39 7 49 49 49 49 49 49 12 49 46 49 31 31 49 43 27 1 37 49 49 37 33 49 16 49 42 49 49 49 27 39 49 7 33 40 48 7 19 30 30 49 49 19 42 49 49 24 20 24 26 20 0 11 18 32 20 49 10 49 21 49 7 45 49 21 24 25 49 46 31 24 1 49 40 36 49 36 24 22 24 49 49 42 34 40 21 43 49 49 6 27 49 6 42 1 31 49 
10 27 13 49 19 28 49 49 49 4 37 10 42 49 18 49 42 21 6 49 24 49 10 49 49 6 13 49 6 3 4 24 10 33 49 1 18 12 6 43 18 49 37 49 24 7 34 46 6 30 28 32 20 12 8 15 0 31 18 6 49 40 27 43 49 49 27 49 49 46 42 42 1 49 34 3 49 49 25 39 28 49 21 18 1 3 34 39 48 36 12 49 49 16 49 49 27 49 9 3 42 
6 6 19 21 3 49 49 49 49 22 12 49 49 13 49 45 6 49 49 28 15 1 49 10 49 3 49 49 13 49 45 31 46 36 22 49 42 22 37 49 46 49 45 12 49 49 49 49 48 27 19 32 27 7 7 21 30 0 10 31 10 49 1 49 49 22 28 49 43 39 49 45 45 19 49 33 31 49 36 49 19 49 45 28 49 49 43 42 28 49 49 49 9 1 30 37 49 49 49 46 33 
19 31 42 22 30 49 49 30 15 27 39 21 27 39 49 49 21 49 49 13 49 34 49 1 21 49 49 33 27 49 49 49 49 49 49 28 49 49 30 13 3 22 49 6 48 36 30 34 4 49 21 17 0 24 32 24 20 3 0 6 49 49 49 42 49 1 7 3 33 49 49 48 12 36 49 36 37 6 36 37 12 16 48 9 40 21 31 15 46 6 6 49 43 36 7 19 34 49 34 49 49 
25 13 28 15 13 39 46 49 6 27 49 46 48 6 4 45 36 42 49 12 43 48 42 49 33 9 31 49 49 1 3 16 49 1 12 25 30 18 49 49 42 12 49 49 19 37 24 10 15 37 18 26 24 1 19 12 1 10 7 0 33 27 33 49 9 7 7 27 49 34 46 49 45 33 39 49 15 22 18 49 49 7 18 45 28 49 28 49 46 30 46 49 9 36 49 28 49 49 4 25 27 
15 49 49 28 7 49 49 49 45 49 49 34 49 49 13 33 49 49 37 15 37 37 6 7 49 48 34 22 15 31 34 49 6 43 49 3 49 49 37 33 22 49 22 49 6 49 19 30 49 49 42 1 49 49 37 4 49 49 46 49 0 12 26 19 10 8 32 16 2 6 49 49 39 49 3 49 49 34 3 48 30 21 49 45 37 43 24 49 19 33 49 9 49 49 7 4 16 49 37 34 21 
49 49 49 39 27 43 9 6 31 12 49 7 6 9 16 33 6 19 4 1 49 49 45 31 31 24 49 33 7 49 49 18 49 12 49 49 49 48 31 10 12 22 49 49 30 24 18 1 15 27 22 4 12 19 28 49 37 22 37 18 28 0 24 2 2 24 19 30 22 5 49 9 13 49 49 49 30 49 34 18 19 43 18 22 49 49 49 3 49 7 6 49 49 30 31 4 36 49 49 49 46 
49 49 18 49 49 49 49 49 49 15 36 49 34 49 34 49 7 39 22 7 3 49 12 30 24 49 49 34 43 49 19 49 33 27 49 46 49 49 31 28 10 28 48 6 1 18 24 36 42 33 9 30 43 25 15 48 16 6 49 7 24 12 0 18 10 27 20 6 0 15 34 45 27 39 24 10 21 49 49 42 48 31 49 49 49 49 49 30 49 30 31 19 31 10 25 24 4 46 49 49 34 
31 49 49 49 46 49 22 39 7 12 49 49 49 28 7 13 49 48 42 49 49 19 49 46 12 30 49 22 49 1 49 13 45 31 49 21 49 45 49 49 12 42 22 49 36 30 22 49 12 46 33 49 49 49 49 49 49 19 43 13 12 1 28 0 22 0 28 9 28 13 28 18 19 28 49 49 36 30 49 24 49 45 49 37 49 18 27 49 49 49 49 28 49 28 18 49 49 49 49 39 49 
6 49 3 49 19 28 1 3 3 15 31 49 36 37 42 49 30 48 28 22 49 49 6 36 48 22 49 1 18 15 49 49 18 13 28 39 49 6 12 37 34 49 13 24 49 48 49 40 49 48 18 10 49 25 49 49 18 13 46 15 16 1 9 25 0 18 19 23 32 18 48 49 22 49 49 3 49 25 4 49 49 49 4 16 31 4 24 49 49 49 45 9 31 9 49 49 49 45 18 49 46 
46 16 49 31 43 49 30 49 45 28 49 49 34 48 13 22 22 49 10 49 37 24 15 34 3 12 3 49 12 27 49 19 12 33 7 9 30 33 24 31 22 39 27 25 18 18 43 16 36 27 16 9 49 1 21 40 43 49 45 49 10 6 18 32 2 0 22 25 26 30 43 45 18 4 3 31 13 7 49 49 7 45 49 49 49 13 49 31 49 49 12 30 27 49 49 15 49 39 18 42 42 
48 34 33 49 9 31 16 9 48 6 49 28 34 18 39 42 49 49 25 40 49 30 12 24 22 40 49 49 40 49 16 43 10 36 36 49 49 49 34 16 31 9 49 13 48 49 16 49 16 28 25 49 3 16 49 49 43 49 3 43 27 29 32 24 31 12 0 32 31 18 3 4 49 30 46 49 36 34 34 49 49 43 49 27 37 43 49 12 40 12 25 45 18 39 28 16 27 39 49 49 49 
24 49 33 49 49 25 49 49 49 49 19 3 49 37 9 1 49 49 15 7 6 16 13 49 30 49 49 43 49 24 19 49 12 9 22 49 49 49 49 49 27 19 27 15 49 28 49 16 30 30 49 13 19 28 49 42 25 10 37 13 31 4 22 27 32 12 27 0 28 25 3 6 16 39 15 45 48 49 10 6 43 13 16 3 49 45 49 9 49 39 18 49 16 12 49 10 30 49 49 30 31 
15 49 49 49 46 24 1 30 21 49 1 24 25 22 49 22 49 49 43 15 12 49 42 49 22 34 25 16 49 49 37 28 49 49 43 49 49 40 42 22 24 46 49 7 49 15 3 36 49 28 49 30 16 13 34 34 1 49 49 28 1 26 18 20 26 18 9 10 0 6 15 49 48 49 49 18 45 49 22 49 12 3 22 4 24 37 16 18 46 49 49 25 49 3 37 49 19 34 49 24 42 
49 49 39 19 49 49 49 43 43 49 10 49 7 49 49 36 12 37 49 3 49 37 30 49 21 13 15 49 24 49 49 49 49 49 49 19 24 9 3 25 49 49 49 12 37 49 36 22 49 6 36 30 49 40 49 48 9 49 49 49 21 32 16 0 0 12 10 26 29 0 18 49 1 45 45 4 49 7 49 10 33 49 6 42 49 49 18 49 15 49 49 49 49 49 49 49 42 49 36 49 43 
18 49 49 45 49 37 49 7 36 49 49 34 33 40 37 22 36 31 40 6 49 49 49 49 27 24 7 49 31 49 46 49 34 10 34 34 37 37 34 25 49 3 49 39 33 49 43 49 31 3 49 49 37 25 49 1 37 43 28 25 12 49 42 49 6 49 25 13 28 36 0 9 32 29 20 24 18 24 8 23 13 33 49 45 9 49 1 46 36 39 19 34 28 9 49 31 18 36 49 24 22 
49 49 49 49 49 10 49 7 16 9 15 49 25 37 46 48 9 19 22 7 49 31 49 30 33 49 16 49 16 34 49 49 18 33 3 7 42 33 33 25 36 39 12 30 13 45 30 49 42 25 31 49 49 33 22 15 7 4 13 49 40 7 49 31 6 49 49 13 45 3 31 0 23 32 28 28 2 3 20 4 49 43 45 28 13 49 4 42 27 49 49 34 49 49 43 4 12 49 28 40 49 
18 49 39 7 18 15 40 49 49 49 49 37 49 49 18 49 49 31 15 49 49 13 49 43 46 28 30 36 16 37 49 9 49 49 48 45 36 10 49 37 49 49 49 49 3 46 28 3 6 10 4 49 3 46 13 7 22 30 7 40 19 12 49 6 37 6 49 15 49 39 13 23 0 4 12 26 12 4 12 24 34 37 45 25 49 43 49 36 49 49 49 49 49 19 49 49 49 36 45 37 49 
37 12 19 40 16 22 49 49 10 13 12 49 49 21 49 30 49 49 34 49 37 46 22 10 49 49 22 40 49 15 43 49 49 49 19 49 31 4 49 33 13 48 18 37 45 34 43 49 4 49 42 21 12 43 1 49 40 49 49 1 1 49 37 49 6 49 25 28 1 49 25 12 21 0 16 6 27 14 32 15 49 49 49 28 49 49 21 49 49 4 49 7 1 48 31 12 49 49 49 48 49 
45 49 49 6 49 49 1 49 13 46 40 15 21 4 45 13 19 16 10 49 49 30 27 10 1 6 45 10 49 9 31 49 40 24 24 49 16 22 16 49 49 49 12 49 33 39 48 49 49 18 9 18 49 24 49 1 25 46 45 31 45 6 31 10 4 49 16 22 39 25 7 23 30 13 0 28 25 20 12 1 49 49 13 10 49 46 40 19 9 49 28 36 40 13 37 19 49 12 49 48 19 
3 49 49 43 49 49 49 3 16 49 49 49 49 16 12 10 48 49 3 39 49 22 49 45 49 49 49 36 48 27 45 10 40 33 22 49 30 49 21 49 13 49 49 33 48 43 6 49 6 49 49 3 27 10 15 10 9 19 49 49 30 4 49 1 16 49 34 36 22 6 10 7 12 32 30 0 31 11 28 18 49 25 49 49 49 7 48 49 49 49 22 7 24 49 49 40 49 28 49 22 12 
42 4 33 37 49 49 15 49 49 49 3 28 10 15 49 45 42 25 37 1 49 49 49 36 36 49 49 3 24 40 25 48 43 15 22 49 39 19 49 24 49 49 49 49 49 45 49 24 10 49 49 49 49 24 1 18 4 9 31 7 49 46 43 49 18 49 28 49 30 15 2 17 22 31 10 0 0 18 32 28 27 49 49 49 49 3 49 43 49 49 30 13 28 45 15 49 18 15 22 49 46 
49 49 21 4 34 22 49 49 7 6 49 21 6 49 21 49 49 19 39 22 49 19 15 10 45 45 12 18 33 25 42 31 21 18 12 49 16 49 24 49 49 4 49 43 25 49 49 49 49 40 34 49 49 10 18 45 27 49 49 9 4 27 43 10 42 7 25 31 40 24 22 16 26 12 11 28 19 0 32 18 49 25 49 30 25 12 49 21 42 49 3 16 40 49 49 49 19 37 49 13 13 
24 49 21 49 45 1 49 49 28 49 49 49 49 15 3 3 40 49 6 1 49 4 49 22 3 30 24 49 28 49 49 46 4 49 30 49 31 49 34 49 46 49 31 49 49 49 22 49 49 49 15 30 49 49 40 36 15 45 49 37 49 42 16 7 49 3 3 39 4 19 3 6 2 29 7 28 30 5 0 8 49 49 49 49 31 45 10 49 49 18 37 24 28 18 36 12 49 49 37 16 25 
16 33 22 49 18 49 10 10 1 6 19 25 49 49 40 49 49 15 49 49 45 49 18 25 15 49 3 24 33 49 27 49 28 19 49 49 18 49 49 49 46 15 16 49 9 10 49 10 7 22 16 27 46 39 25 19 49 49 48 49 30 21 31 27 49 13 21 10 15 21 20 15 30 27 22 18 18 8 24 0 6 33 49 49 36 7 49 40 16 49 9 22 15 24 49 25 24 39 1 7 1 
21 16 18 19 30 6 49 49 7 16 22 49 49 37 49 15 49 39 22 30 1 28 19 36 24 49 49 49 19 49 49 42 49 6 22 49 45 27 22 49 13 49 49 6 12 49 49 15 4 49 39 12 48 16 48 49 49 40 40 18 22 39 49 49 28 10 49 49 49 40 43 9 45 49 49 49 34 40 10 49 0 16 22 8 12 6 16 19 17 1 3 49 16 7 49 3 49 24 4 6 37 
37 49 18 49 4 1 49 13 49 15 19 49 37 49 12 25 42 21 21 49 31 21 49 49 12 10 21 49 48 49 37 13 49 6 49 45 34 24 13 12 6 33 40 49 49 42 49 49 49 19 49 49 25 46 18 4 49 15 49 19 4 39 49 49 42 49 40 13 49 39 34 24 9 27 49 49 45 22 49 34 27 0 26 32 9 7 27 9 32 16 49 12 6 34 6 49 49 49 48 7 49 
49 31 33 49 49 1 15 36 24 15 45 49 34 30 49 45 49 24 49 49 3 49 40 4 45 49 25 39 49 49 19 28 49 10 28 12 21 49 33 34 16 49 49 39 22 10 49 49 49 49 25 49 49 49 43 34 40 18 49 49 46 48 21 36 1 12 19 43 12 49 31 48 9 22 4 45 4 6 36 49 14 4 0 13 32 14 30 6 31 6 30 49 36 18 21 21 49 48 40 22 36 
30 45 31 21 1 7 18 37 22 49 49 30 12 49 3 49 45 10 45 46 12 13 31 49 49 48 21 36 42 49 9 49 31 1 49 9 24 25 15 4 49 49 25 49 3 34 21 49 33 49 49 28 12 19 40 15 18 46 49 49 49 49 18 49 22 49 49 21 18 49 4 10 40 49 25 49 49 15 22 49 12 8 18 0 5 12 30 16 23 2 49 49 43 49 10 43 7 43 49 49 16 
34 10 3 49 16 30 36 49 25 49 49 3 45 13 45 49 7 19 16 49 10 34 43 18 49 46 49 49 18 48 49 49 30 10 9 10 27 3 49 49 49 49 43 49 49 49 40 49 42 21 6 33 19 3 4 24 12 3 24 33 9 34 25 1 49 49 49 49 40 42 27 49 6 9 27 49 49 28 30 49 14 13 22 23 0 3 3 28 4 1 48 49 49 28 42 36 49 16 6 49 34 
28 21 49 49 49 19 39 3 49 1 21 49 49 49 10 15 49 24 24 49 13 43 49 13 49 49 48 46 6 49 49 49 49 22 49 13 46 48 45 19 49 3 49 21 27 49 21 48 25 12 48 49 27 10 48 49 12 25 16 31 49 49 28 25 39 48 39 49 28 49 36 39 49 30 7 43 49 28 28 48 30 6 4 31 24 0 19 11 3 8 49 49 10 16 22 1 27 49 13 28 49 
24 49 13 49 21 33 3 21 42 49 21 36 49 31 21 49 49 49 43 30 13 49 28 49 39 37 21 46 49 39 33 16 49 49 34 49 13 49 49 34 34 43 28 49 31 27 13 3 49 49 43 49 49 27 49 40 28 43 49 9 30 49 24 22 49 19 3 49 30 49 42 40 49 27 49 49 42 24 22 4 32 10 28 4 18 10 0 2 6 32 6 3 25 49 49 1 27 49 3 49 36 
49 25 49 19 1 34 7 21 18 22 10 22 49 18 10 13 36 49 48 37 49 49 13 27 22 6 46 48 49 27 25 30 45 31 4 21 28 49 43 12 49 49 49 40 30 49 21 43 49 43 34 36 43 49 49 46 3 49 19 43 28 49 49 12 1 4 39 49 21 49 6 33 21 49 43 10 6 49 49 19 23 2 9 26 22 0 17 0 15 6 49 13 49 49 49 28 49 1 7 3 49 
49 49 12 43 24 34 49 49 42 48 24 49 49 9 49 30 19 49 49 27 48 3 49 49 46 42 1 42 10 13 49 27 21 49 49 43 10 12 49 43 31 49 27 33 43 49 49 49 49 28 49 15 21 6 49 31 36 21 49 27 1 4 10 39 43 12 9 33 28 30 16 49 30 49 7 49 10 49 3 30 18 8 1 18 15 31 31 23 0 20 49 49 13 27 48 49 49 49 16 4 19 
49 49 13 12 28 49 49 49 36 49 27 36 34 3 49 33 42 49 42 49 49 21 16 7 12 13 37 39 33 49 49 45 49 37 49 49 49 45 25 12 34 16 46 21 19 18 7 45 49 49 9 49 27 3 49 43 21 49 6 12 43 9 49 9 48 21 16 49 49 3 7 39 16 21 48 49 36 13 49 1 7 12 3 18 7 12 30 31 10 0 36 48 1 49 6 19 33 15 49 49 18 
49 15 39 19 49 42 10 49 22 46 45 9 49 49 49 7 15 49 10 21 49 4 49 49 49 49 46 1 46 15 28 31 49 49 49 49 49 49 7 31 39 45 45 4 19 7 46 49 37 39 16 16 21 28 39 30 9 49 15 7 49 6 49 39 49 33 49 25 49 49 3 49 49 18 49 42 18 49 33 13 4 28 16 48 6 25 21 49 49 9 0 20 26 22 11 21 25 22 13 18 10 
3 49 39 49 36 25 7 49 40 24 49 7 24 36 39 49 36 49 49 49 49 36 31 15 37 49 49 48 49 40 27 34 49 49 49 25 36 24 49 42 49 15 36 43 16 49 49 15 49 15 49 49 3 49 49 49 4 24 6 21 49 18 31 25 39 49 42 49 40 49 49 15 43 49 49 43 24 49 16 49 36 1 49 45 10 13 34 40 49 25 18 0 3 12 15 4 3 11 6 26 13 
27 27 28 49 3 27 49 49 25 36 49 49 49 1 10 7 19 49 40 24 22 9 19 49 22 49 33 49 33 49 18 9 49 49 46 31 46 18 42 49 49 33 19 6 49 21 12 39 28 49 10 49 27 49 24 28 49 49 49 21 3 34 49 16 49 3 15 49 1 27 49 49 9 34 39 7 49 9 31 49 36 49 49 49 13 15 16 49 49 7 30 24 0 22 23 14 2 4 5 10 49 
25 22 46 49 49 34 49 18 49 27 10 49 49 27 49 42 37 46 49 49 49 49 15 49 31 1 27 18 34 19 12 4 49 15 49 12 4 7 16 49 16 6 46 42 49 48 27 49 49 46 13 49 40 33 4 24 21 49 3 6 12 49 6 30 49 12 6 49 28 45 49 49 49 43 49 1 49 49 28 49 33 49 49 49 49 27 49 18 49 49 24 6 27 0 16 4 2 32 20 27 49 
49 19 46 49 43 24 12 10 18 34 36 45 4 37 12 49 49 49 49 33 49 46 48 49 12 49 49 6 45 49 9 42 49 21 49 33 40 49 40 49 49 36 49 40 27 49 49 49 45 49 10 12 49 19 4 37 10 21 16 49 49 4 46 42 4 49 49 49 49 49 15 49 49 33 49 9 31 49 49 10 49 7 49 45 36 24 22 49 49 22 7 23 11 2 0 5 8 23 29 32 22 
49 43 48 15 1 49 33 9 49 3 49 13 49 46 3 43 48 4 49 49 49 34 15 49 49 36 49 18 12 31 6 19 25 33 49 42 46 49 49 49 24 49 19 49 34 36 39 34 49 10 9 33 49 49 49 49 9 37 19 45 48 36 22 49 49 45 45 6 16 40 6 19 27 19 49 27 27 30 49 49 33 10 45 46 39 21 37 49 49 49 10 5 9 4 14 0 9 27 14 31 43 
45 49 49 36 49 15 33 49 49 30 39 18 37 49 37 49 49 40 33 49 43 49 49 15 46 6 33 49 49 49 49 49 49 34 45 24 36 7 49 4 49 45 48 49 39 45 49 40 34 49 36 37 42 49 49 49 49 49 49 1 45 49 49 42 10 25 49 43 49 34 49 15 49 49 49 15 49 49 24 13 48 49 13 16 25 18 16 49 19 18 8 15 14 28 13 25 0 26 28 26 30 
25 1 49 46 25 4 49 37 6 43 21 27 7 49 13 10 31 49 15 49 40 27 49 21 49 30 49 49 16 46 49 4 18 48 31 27 1 21 18 40 49 15 21 49 9 49 43 49 49 49 49 43 49 4 49 49 19 4 49 49 49 18 12 21 49 7 22 49 22 49 49 49 10 13 49 49 18 45 24 49 49 49 49 37 7 28 46 31 36 49 12 25 0 7 12 27 32 0 20 32 22 
40 49 49 46 42 49 43 19 6 13 25 36 6 49 37 49 48 18 22 45 49 12 7 7 39 33 49 36 22 37 24 42 49 28 25 30 49 49 27 49 49 49 34 42 34 49 10 16 49 33 21 31 49 4 31 42 6 39 49 10 3 49 34 49 46 49 9 12 49 49 25 34 39 34 49 33 49 9 46 49 37 31 46 13 49 16 49 13 48 24 12 2 2 28 28 12 21 0 0 18 49 
16 46 49 10 49 39 49 1 37 49 49 22 9 25 49 18 13 1 34 45 49 40 31 46 7 3 49 49 49 48 27 22 22 31 49 13 39 49 42 3 37 18 39 10 42 30 7 49 49 49 1 49 49 49 28 49 16 13 31 49 12 15 49 46 49 37 43 49 49 33 10 24 10 13 37 19 42 18 49 46 28 19 45 49 49 36 46 13 9 49 1 10 10 4 2 3 31 16 14 0 49 
31 49 49 49 13 21 22 31 49 30 49 49 33 49 49 22 49 36 49 49 25 39 48 49 49 49 49 25 49 37 49 7 24 49 49 6 16 46 22 9 49 49 49 49 34 46 49 27 34 13 45 49 9 43 49 6 49 49 42 48 49 36 49 49 4 49 49 15 6 49 19 12 25 49 30 30 46 49 30 18 49 9 6 49 39 30 49 31 49 49 9 49 49 13 49 36 49 49 49 46 0 
