n: 100
m: 4
Pi:U[1-99] 72 12 51 22 55 41 69 41 26 57 62 31 95 30 7 33 7 25 83 20 4 26 66 44 72 29 73 65 93 88 87 86 54 91 15 37 23 54 67 71 72 60 18 81 9 75 51 9 43 84 4 16 21 4 47 99 39 6 76 52 43 42 9 18 59 90 59 48 94 23 87 81 15 14 16 79 45 22 89 60 46 24 97 48 88 16 59 41 24 10 15 42 16 17 13 24 27 23 50 98 
Si:U[1-99]
0 24 9 65 33 46 38 55 96 14 59 94 42 32 36 4 46 77 57 14 61 72 5 79 97 72 36 31 78 39 56 74 97 63 95 74 40 49 65 4 8 75 48 69 47 73 6 90 70 61 91 12 43 58 30 6 84 95 48 99 33 55 61 52 7 69 57 42 68 90 99 88 8 38 87 18 76 91 21 73 58 20 31 57 90 41 57 73 98 35 1 81 67 28 95 45 27 11 24 31 94 
75 0 19 52 11 43 8 37 94 61 9 86 82 10 93 98 32 25 97 68 68 45 89 8 1 97 31 62 83 66 61 26 62 3 17 63 62 64 47 64 31 42 30 59 73 25 4 77 87 84 6 94 37 38 94 20 36 15 34 63 99 98 53 84 11 2 14 84 93 56 5 34 90 10 40 30 35 97 72 45 21 16 40 53 49 22 95 18 23 54 96 12 59 74 9 96 19 92 83 21 1 
39 8 0 83 62 3 20 71 56 57 98 94 94 57 46 39 59 65 98 30 22 78 69 66 46 57 87 13 13 20 64 52 5 83 72 36 20 20 97 19 96 17 44 16 66 74 3 2 26 23 45 38 10 17 95 45 26 24 61 68 35 5 8 60 45 99 1 53 41 19 39 6 8 33 56 86 79 61 53 6 57 63 85 80 3 33 48 26 34 53 96 32 58 65 76 15 1 29 9 59 23 
59 9 38 0 12 91 96 74 18 3 43 5 38 91 72 44 16 67 86 19 94 87 74 74 2 60 71 42 77 73 99 96 80 73 27 89 19 69 95 60 73 39 31 76 70 63 79 53 92 44 7 22 82 41 52 86 54 7 11 38 78 22 17 77 45 25 72 21 7 19 99 21 22 35 83 45 18 38 91 34 88 40 91 15 85 69 37 67 71 72 23 80 24 77 5 45 40 10 23 49 13 
49 57 80 42 0 63 34 76 48 67 9 55 59 27 28 62 55 93 17 47 46 16 18 43 28 58 70 3 72 67 14 92 90 31 95 16 31 66 50 83 7 95 60 39 98 17 53 41 94 45 82 61 14 25 89 55 52 46 75 48 13 80 60 97 19 70 69 99 47 92 73 66 40 25 7 48 14 1 63 42 67 81 61 86 8 1 69 72 54 4 50 93 58 50 58 67 44 35 64 15 94 
94 56 92 10 16 0 42 35 89 41 63 38 53 97 41 82 60 35 58 32 17 42 79 24 50 32 69 34 6 77 84 90 56 71 17 98 25 57 37 47 54 60 38 64 11 63 78 74 21 19 39 15 41 37 66 86 5 89 55 90 6 6 30 89 77 40 72 38 29 70 58 51 36 84 20 81 28 82 78 23 24 97 26 82 46 3 30 47 69 47 44 5 78 82 6 88 28 29 88 87 23 
13 68 20 94 64 77 0 56 47 87 25 95 6 60 83 88 6 32 68 17 98 95 52 13 86 70 81 1 26 52 21 84 17 40 26 5 3 86 81 31 58 41 54 40 53 52 39 81 43 88 61 25 97 18 23 42 37 4 86 12 18 78 49 98 91 27 93 12 76 86 84 40 34 31 66 94 95 49 18 43 3 51 33 49 69 88 44 83 49 12 89 53 53 5 76 9 91 59 88 94 14 
57 61 94 98 9 75 3 0 90 54 45 21 82 72 41 2 43 86 7 5 81 3 68 61 52 47 19 63 83 68 92 85 99 56 88 23 83 18 16 11 25 20 77 78 7 32 90 47 41 40 16 76 9 58 52 61 96 51 89 52 31 68 65 62 24 22 46 78 9 68 67 78 54 11 85 79 70 93 32 41 83 84 97 20 31 38 60 99 86 40 52 65 19 59 13 98 83 53 35 6 75 
53 77 22 24 18 3 6 45 0 95 23 99 54 5 87 62 45 6 88 6 85 83 37 3 47 15 62 44 49 50 59 95 14 35 21 40 49 66 12 79 17 91 74 74 37 92 57 38 34 91 20 53 15 9 54 82 85 6 25 62 73 1 59 41 51 64 29 12 82 64 34 76 72 21 93 99 75 28 65 27 55 33 12 59 99 47 57 46 45 58 92 31 8 77 81 22 50 31 80 58 18 
49 38 68 49 68 22 83 29 93 0 90 97 42 90 3 54 32 63 49 52 81 22 30 72 86 87 28 30 52 6 6 35 87 14 39 36 7 42 85 34 8 83 31 29 83 82 89 63 13 99 31 45 7 96 30 63 51 83 2 63 65 48 24 11 17 13 67 91 97 50 11 24 73 90 50 91 67 50 55 86 63 39 33 32 13 32 52 52 67 63 69 50 39 4 32 69 77 90 77 39 17 
42 81 83 35 40 34 63 78 63 42 0 48 23 48 79 20 90 29 38 15 52 32 1 46 14 3 8 27 78 90 40 63 64 48 88 27 44 88 26 51 35 86 60 86 37 76 67 42 8 97 96 72 31 15 15 64 77 90 60 19 59 76 43 8 62 43 29 28 97 32 36 19 29 85 7 77 86 58 14 34 38 83 87 46 14 12 74 14 29 46 41 13 87 36 33 30 66 80 93 69 95 
57 52 80 50 35 86 28 4 47 77 73 0 58 88 62 40 90 73 65 49 90 39 19 77 26 14 29 7 81 74 66 38 65 33 45 78 92 31 38 26 1 34 56 52 23 64 30 53 45 6 80 42 28 21 72 45 33 24 37 16 9 72 55 14 33 26 72 58 72 13 25 99 44 33 85 24 60 13 82 14 48 30 12 35 50 5 7 48 3 65 72 16 60 85 12 36 19 37 59 45 2 
71 61 6 49 20 78 60 73 48 14 14 80 0 69 52 40 97 53 81 3 46 51 97 94 99 50 34 26 89 53 42 57 60 99 29 22 53 21 51 96 79 9 5 2 2 69 79 94 5 27 43 36 70 88 34 4 12 82 94 21 94 19 86 49 18 81 10 74 29 94 82 76 53 55 51 42 56 58 16 82 35 60 16 84 19 84 48 23 17 80 4 61 30 62 5 63 89 30 32 60 66 
47 19 12 83 35 60 44 90 99 2 19 96 62 0 56 41 10 68 38 56 13 69 24 30 68 47 85 57 83 21 62 38 96 80 89 57 50 38 14 98 50 17 79 61 98 98 13 36 58 81 36 26 1 38 56 67 68 20 65 16 89 16 99 33 78 16 68 7 12 9 47 11 12 97 80 14 13 43 94 48 65 3 8 21 82 79 31 33 41 81 88 38 37 79 70 37 92 65 48 94 63 
80 12 11 42 53 15 81 58 20 97 83 41 63 61 0 95 93 72 56 64 20 33 60 2 92 5 47 45 87 63 28 29 5 92 62 57 15 57 97 9 62 41 88 59 31 37 66 41 14 68 1 41 75 21 4 44 96 3 93 82 7 12 50 16 31 63 33 8 15 8 5 18 82 59 3 79 55 80 8 94 78 42 46 9 27 88 54 11 88 93 52 40 64 42 81 73 35 26 75 32 7 
75 55 15 10 83 29 97 48 54 44 8 73 40 98 35 0 56 86 56 35 13 41 75 7 83 21 82 66 64 67 32 95 64 6 56 76 40 40 64 96 74 58 87 98 16 17 22 34 74 39 2 4 51 22 47 34 97 16 92 14 51 23 63 60 47 42 74 29 53 45 68 1 31 41 74 2 1 19 60 66 68 5 8 87 65 52 68 49 24 30 2 90 94 51 64 76 15 97 79 61 70 
70 93 34 37 89 29 78 71 21 88 69 54 37 55 11 35 0 93 96 14 50 81 87 21 4 30 71 36 21 48 37 67 40 7 88 84 67 69 93 52 14 38 65 75 20 74 45 70 6 36 67 31 3 99 43 48 84 36 24 59 58 92 49 51 50 96 74 84 87 86 33 66 48 30 36 56 37 98 85 21 81 86 70 57 73 23 60 9 37 89 90 66 9 10 30 83 29 28 10 10 21 
36 83 18 73 17 20 29 54 3 56 71 67 38 51 14 6 10 0 98 28 96 97 59 51 97 59 18 68 81 36 67 50 54 78 64 97 64 97 70 31 46 48 90 85 11 35 69 65 46 49 79 57 40 61 75 80 61 46 74 22 78 66 68 18 65 97 24 42 98 23 28 70 57 30 78 72 16 70 28 42 72 85 92 22 83 71 77 36 21 36 4 83 82 26 78 34 39 70 34 72 22 
10 41 4 24 39 61 29 90 23 9 64 33 49 5 49 59 14 87 0 68 41 95 87 30 61 19 7 27 78 32 10 93 97 43 58 49 2 85 82 54 85 78 27 87 86 40 33 28 19 74 85 62 60 97 16 98 14 58 15 78 74 47 48 89 63 25 37 66 81 71 1 16 17 74 47 20 64 38 17 75 26 97 83 6 19 5 44 73 58 30 55 80 23 70 61 55 68 4 24 35 68 
86 84 30 39 98 52 35 59 87 22 73 54 61 46 47 77 39 40 94 0 33 52 69 80 25 33 24 25 34 28 47 48 27 98 71 36 57 20 91 83 94 70 74 81 76 46 48 56 9 44 47 80 86 5 9 19 45 12 62 1 82 12 2 50 42 29 79 35 35 81 14 18 3 70 54 99 82 90 85 6 27 92 19 69 65 84 65 43 50 34 9 27 36 96 67 25 49 29 14 34 3 
45 85 37 16 2 75 24 55 45 19 6 30 17 66 98 98 99 99 74 18 0 11 88 40 31 2 52 30 31 31 23 90 12 48 10 11 54 5 33 78 38 10 63 55 97 88 84 68 99 95 74 99 63 97 21 96 62 24 49 75 34 60 26 53 86 90 93 1 19 29 59 46 86 10 33 38 20 44 43 71 7 54 55 77 43 88 74 65 65 55 84 33 82 38 50 41 71 83 85 56 76 
65 2 4 7 19 82 29 46 45 42 48 35 20 3 33 10 27 35 91 25 78 0 23 98 24 24 84 57 52 36 46 91 30 52 16 57 72 66 33 14 26 35 95 10 66 13 72 69 22 84 81 57 34 55 46 28 56 43 95 64 93 43 21 94 60 34 61 24 79 19 15 97 10 2 61 62 64 49 67 96 11 16 65 24 84 60 70 63 80 1 60 57 48 92 61 20 32 74 61 87 59 
56 84 11 70 8 8 14 80 96 33 44 79 70 69 69 45 38 39 75 41 14 21 0 23 13 69 97 80 62 58 60 82 13 75 84 67 85 32 46 31 77 75 36 16 99 66 87 80 30 20 7 48 92 6 94 21 30 71 74 88 27 70 21 78 54 1 78 53 72 82 31 38 95 7 18 35 89 90 60 72 11 54 62 60 70 45 4 26 14 73 82 7 42 83 20 52 56 72 65 63 75 
61 62 75 80 68 54 79 91 82 64 92 59 65 69 92 8 13 31 42 37 4 69 16 0 68 55 33 45 75 47 31 22 51 31 53 82 27 69 84 10 90 80 90 20 78 8 62 32 90 17 38 97 95 62 75 91 15 37 16 57 57 12 33 36 21 94 37 41 90 3 60 77 62 46 86 55 93 25 49 91 4 61 76 39 16 56 7 75 76 63 60 70 33 95 64 70 15 77 5 11 74 
40 57 52 62 99 67 83 52 23 48 9 26 5 31 32 2 98 35 26 17 97 78 87 88 0 96 55 52 60 57 40 83 60 31 99 71 48 81 33 39 92 66 25 74 17 24 19 46 34 75 40 34 77 24 14 9 58 83 33 59 95 31 52 71 64 67 32 8 76 48 94 21 90 97 44 62 30 44 95 54 63 91 11 81 64 9 94 97 93 88 86 1 33 62 72 53 93 22 49 24 72 
92 93 81 14 38 70 32 9 66 44 63 23 45 89 12 69 40 32 62 15 54 3 45 78 85 0 42 32 60 42 27 38 24 35 34 9 38 84 9 35 5 74 31 58 16 99 84 18 89 17 95 27 72 35 42 26 28 85 61 62 79 22 9 51 33 98 86 59 56 19 55 77 90 52 79 55 58 36 9 44 8 91 29 40 65 39 72 89 2 23 24 71 55 11 27 26 25 88 22 75 87 
41 73 46 1 85 54 28 2 14 53 52 73 95 76 21 2 82 46 61 28 94 89 78 14 85 71 0 80 38 41 60 35 10 26 13 75 31 13 36 22 76 65 31 92 43 16 93 95 77 14 27 34 90 21 49 7 5 35 15 26 40 29 98 52 23 19 74 83 86 76 94 41 29 79 95 2 51 43 36 86 1 50 6 98 72 49 80 35 55 25 36 19 5 81 39 59 20 23 16 21 25 
49 11 99 94 48 53 83 30 78 48 37 34 11 10 14 26 24 27 76 51 90 45 28 26 66 34 35 0 14 26 33 65 52 13 97 73 49 6 52 74 57 12 59 35 71 24 24 33 32 80 26 77 78 75 67 69 45 9 32 80 35 30 50 71 95 16 50 58 78 11 35 24 56 7 20 3 99 78 54 16 62 94 55 3 21 89 70 58 37 39 23 80 79 57 73 89 31 2 8 70 46 
19 14 33 85 46 29 80 73 39 46 39 86 4 44 82 84 34 98 45 3 26 8 73 9 90 49 31 82 0 25 44 39 33 94 84 56 80 6 40 51 97 76 74 37 34 79 81 55 68 68 78 91 91 25 77 44 64 63 27 74 47 20 83 14 33 95 25 99 67 47 66 47 88 50 23 9 89 55 48 3 57 22 31 14 33 95 82 1 12 86 46 45 19 10 77 68 91 81 89 6 6 
2 67 3 35 24 75 93 49 15 44 8 30 85 24 59 22 99 70 92 1 56 30 13 17 28 67 69 23 12 0 63 32 7 94 54 26 76 33 74 68 19 3 40 70 15 15 4 73 22 60 60 29 6 88 65 30 23 53 34 76 3 22 80 76 2 58 64 97 50 12 23 42 88 94 76 46 89 55 34 21 63 75 14 35 73 14 52 70 95 33 50 39 2 17 85 37 61 8 18 49 64 
39 59 86 63 91 6 71 45 40 18 74 10 24 93 4 79 54 36 18 42 15 33 88 67 22 92 95 72 57 73 0 9 9 24 66 99 58 41 74 99 88 87 87 99 14 20 84 97 64 49 64 32 79 79 74 14 3 76 12 17 21 83 52 81 5 47 33 55 8 73 52 3 39 30 97 57 42 23 62 88 65 4 32 46 95 89 92 25 37 11 27 50 82 95 49 86 55 45 33 94 91 
33 68 42 78 73 10 59 92 97 65 4 64 45 30 48 19 73 86 18 40 97 42 81 67 17 39 74 32 75 71 55 0 4 18 37 77 19 70 59 60 75 47 66 97 17 57 74 38 57 53 85 94 94 15 15 26 98 92 10 46 68 22 43 9 25 88 14 73 74 92 71 48 83 85 16 32 88 33 29 29 52 25 20 67 56 23 8 41 8 6 6 68 85 20 81 54 40 94 44 1 30 
97 51 35 92 9 28 38 87 91 45 65 11 94 7 59 38 96 27 14 59 25 99 21 16 14 56 22 11 86 69 67 27 0 10 1 41 60 42 81 62 78 31 9 19 13 93 90 51 45 17 29 84 89 14 81 41 77 77 99 67 67 4 91 9 77 5 80 75 75 80 74 43 43 13 52 11 8 80 82 74 70 26 29 63 61 8 46 90 57 71 32 82 50 80 30 58 96 78 88 93 8 
98 41 87 24 17 81 37 29 10 95 21 17 96 7 15 38 73 2 46 64 61 80 62 31 97 50 26 41 9 14 52 55 16 0 17 66 66 32 29 84 63 5 21 82 91 47 44 31 97 46 71 44 29 87 55 33 95 11 43 28 99 50 53 14 43 36 46 57 42 49 74 24 75 12 6 53 11 94 18 42 2 85 65 55 29 55 75 71 72 90 85 84 90 42 82 20 71 64 11 7 11 
6 48 65 28 43 99 43 40 88 36 37 38 26 81 3 45 67 12 76 16 27 67 55 94 7 60 24 14 73 87 66 26 32 41 0 34 63 73 55 14 55 79 83 76 9 10 6 69 75 63 79 2 17 68 93 98 13 45 89 12 36 25 47 26 73 62 76 60 54 65 18 71 31 41 31 78 12 17 51 48 68 86 5 51 67 47 35 8 29 97 2 75 19 2 56 44 74 40 56 83 18 
53 36 31 98 62 55 78 32 8 75 47 27 75 51 42 2 72 88 86 28 14 25 4 73 16 94 21 16 48 61 77 42 76 20 86 0 4 97 48 68 12 73 14 6 2 70 57 16 93 76 17 9 16 28 67 83 87 74 66 13 60 16 54 55 42 90 79 6 95 19 28 70 93 57 81 11 53 25 69 31 12 92 3 12 28 57 44 27 46 8 46 74 52 13 46 88 10 87 8 29 92 
89 27 51 88 94 71 67 77 67 92 20 99 71 20 67 6 56 14 76 57 55 45 70 63 53 92 47 51 31 80 72 75 89 63 86 31 0 85 13 38 70 6 50 36 14 88 70 8 6 72 9 95 32 41 68 46 21 47 17 27 82 96 61 53 21 52 51 90 48 31 31 39 5 37 58 43 98 58 51 85 40 38 43 57 40 3 77 23 40 36 11 65 52 7 27 93 24 50 98 17 24 
25 4 16 94 49 59 25 56 49 39 31 54 18 11 20 59 8 69 94 38 30 38 50 6 2 68 3 52 84 42 63 63 29 81 84 27 68 0 56 44 87 97 78 16 27 13 44 91 62 6 31 35 1 47 49 50 23 82 21 30 31 81 76 2 56 71 31 87 46 44 10 35 85 33 22 9 53 91 19 97 35 47 37 39 14 61 91 20 76 38 97 3 13 67 97 21 90 60 53 80 44 
46 7 84 46 11 63 89 99 61 1 4 67 84 57 15 70 80 35 87 44 42 25 81 73 82 26 77 63 29 83 86 86 36 91 6 33 11 63 0 59 53 4 72 34 9 52 97 64 5 71 95 48 64 28 88 71 23 25 52 77 58 24 7 6 8 44 25 32 12 97 6 16 20 7 40 23 29 91 90 21 83 55 24 32 75 16 13 9 52 35 90 51 14 34 22 24 23 65 46 9 67 
9 79 62 2 10 86 27 33 46 52 94 17 50 71 6 82 91 57 61 86 12 33 5 98 32 80 22 90 31 40 4 95 74 85 50 18 51 44 61 0 3 5 17 89 63 58 28 44 64 87 54 73 22 54 15 58 27 28 97 44 65 11 35 8 50 1 15 13 37 57 36 70 71 94 43 95 63 3 25 40 72 60 28 35 83 48 29 4 16 29 51 9 22 95 46 74 86 2 94 18 71 
39 67 12 11 20 4 68 61 96 53 23 54 25 30 33 81 92 99 31 86 35 12 38 63 60 61 37 24 76 49 89 92 7 9 7 87 69 27 30 58 0 73 80 35 96 26 95 45 75 88 42 89 31 15 21 63 74 31 63 56 24 88 19 10 84 93 47 64 18 56 65 5 67 40 72 80 41 34 6 82 7 54 28 81 13 5 54 31 36 85 25 77 89 40 36 68 16 66 28 77 72 
86 17 84 81 45 62 32 39 64 65 52 91 40 44 97 50 77 1 91 14 86 83 9 65 69 23 93 13 70 24 41 48 6 24 9 97 90 44 61 54 63 0 94 58 94 36 33 65 41 29 12 1 35 7 91 96 6 42 78 45 63 38 67 69 10 1 61 89 37 3 30 60 79 30 96 7 43 76 41 71 69 26 79 85 46 47 99 86 6 1 17 93 40 72 79 4 99 63 46 39 2 
79 59 59 68 61 82 77 49 84 64 32 68 1 11 17 98 71 13 53 66 2 3 64 48 94 35 74 51 23 26 90 36 91 37 72 90 21 49 70 2 47 22 0 6 32 83 57 31 32 33 85 29 10 51 26 91 35 32 89 58 29 6 16 33 13 35 53 12 9 82 63 20 6 87 30 85 88 91 75 51 27 44 83 78 71 20 20 51 48 60 60 74 16 59 55 58 70 29 34 62 96 
7 93 33 4 43 58 98 27 14 58 20 43 58 88 23 12 39 44 39 29 61 97 91 14 60 38 75 97 82 96 72 33 80 24 42 49 71 54 43 14 32 62 47 0 3 46 32 35 83 82 14 86 95 80 87 5 18 92 82 32 18 54 52 89 55 46 16 31 46 21 27 31 40 43 38 74 23 95 46 6 50 10 57 79 52 96 44 61 87 27 79 85 64 67 56 25 53 68 64 19 66 
18 64 77 59 25 4 71 68 10 78 47 34 43 5 43 91 94 52 26 24 8 11 11 39 68 32 22 75 28 16 86 15 30 42 14 8 52 33 25 54 8 4 34 69 0 73 79 20 6 9 49 1 47 88 72 99 46 75 29 96 87 78 25 78 85 18 77 94 22 64 71 79 23 39 90 58 38 60 29 22 38 53 70 6 21 94 42 90 59 81 58 24 87 15 8 1 73 70 14 65 91 
25 32 26 15 37 8 99 59 80 76 85 85 75 54 43 89 87 79 11 47 27 24 11 81 37 36 6 15 95 32 78 44 6 25 19 71 96 2 61 2 14 5 68 4 43 0 80 52 16 19 70 4 10 70 59 85 3 95 80 15 71 43 1 56 38 3 8 73 58 3 84 1 14 75 92 29 77 8 56 2 21 45 5 13 55 52 40 12 82 71 12 62 84 58 99 57 43 4 22 91 48 
11 81 8 94 62 24 63 93 52 21 70 68 84 93 34 82 85 74 79 14 40 86 1 63 40 39 33 38 68 15 60 56 41 86 10 71 95 41 11 56 59 61 89 96 33 81 0 30 6 32 96 12 62 85 57 56 34 92 47 13 60 38 29 79 53 11 42 43 24 27 53 33 74 78 1 23 90 91 38 29 78 98 22 75 5 19 72 41 72 68 38 16 96 95 52 33 97 38 87 5 29 
65 30 20 75 22 43 77 68 93 66 59 15 98 85 79 13 14 65 9 99 17 19 76 41 45 73 74 37 96 4 50 93 41 57 17 88 1 6 84 13 74 49 60 15 37 26 72 0 93 51 62 1 53 2 21 69 17 52 19 61 35 39 42 18 18 61 30 41 12 24 54 39 56 52 6 83 38 93 28 29 91 1 5 17 89 37 25 88 79 44 81 58 18 87 23 90 8 25 56 9 74 
46 38 69 51 47 38 80 85 3 55 60 95 56 24 52 18 21 56 72 70 21 95 1 29 88 21 67 68 42 9 67 19 54 22 31 90 89 2 85 59 46 38 77 20 62 88 40 31 0 99 71 17 90 95 26 94 14 5 21 8 80 3 17 36 32 35 18 72 91 16 1 35 89 52 98 20 84 45 71 26 6 83 35 85 46 16 97 21 22 61 98 62 6 76 6 50 17 82 80 94 11 
35 25 21 39 42 46 7 62 4 58 15 83 51 37 71 4 98 30 84 32 43 57 8 41 37 96 58 29 19 29 7 84 71 11 14 38 4 85 16 12 33 67 59 12 37 50 39 68 44 0 60 46 10 14 70 37 20 25 2 67 58 29 90 7 60 20 64 57 53 88 66 5 55 94 19 8 86 35 61 43 33 37 8 10 37 96 44 20 67 78 7 59 77 37 68 86 81 28 60 35 93 
2 87 73 41 77 3 4 63 10 66 87 29 60 54 31 24 50 73 69 87 48 96 85 46 19 66 5 40 54 62 76 51 43 40 93 53 94 49 45 53 33 73 83 93 9 94 99 9 27 93 0 26 23 77 4 35 71 21 47 22 6 22 98 73 91 72 79 36 52 63 53 95 35 73 58 3 58 5 7 99 98 77 75 28 92 61 10 80 9 6 57 76 96 29 68 30 62 79 10 77 92 
2 12 64 30 55 24 47 72 83 2 93 40 54 15 91 13 31 88 92 9 14 88 91 6 43 39 5 72 7 36 77 13 86 33 13 87 22 38 23 46 5 19 18 67 57 8 55 85 56 79 88 0 48 91 74 65 58 99 60 17 17 12 84 22 4 62 11 95 32 34 66 11 76 41 30 58 58 42 78 95 93 95 78 14 78 82 34 70 54 72 45 53 85 93 67 77 94 93 79 22 49 
93 67 80 37 40 23 35 91 23 39 81 66 38 66 98 91 41 51 64 19 1 64 81 89 2 80 48 63 36 4 72 58 9 10 54 48 7 41 8 90 80 46 2 33 29 17 59 54 64 89 18 1 0 97 83 26 3 57 45 44 36 29 94 16 76 63 4 39 10 28 61 71 91 30 3 64 84 86 51 20 28 31 26 12 62 28 19 18 12 43 16 66 51 80 51 86 70 78 80 59 12 
15 66 59 42 73 51 79 1 87 75 63 84 32 66 79 21 4 8 89 6 26 43 54 24 91 93 92 74 34 25 42 89 25 65 5 77 41 58 17 42 25 74 56 3 41 64 96 11 28 20 12 16 70 0 67 83 10 11 94 56 17 87 76 29 68 59 54 73 69 36 27 30 61 77 28 3 87 22 79 42 15 11 5 61 29 98 58 32 89 41 17 67 17 47 9 90 25 40 49 67 18 
52 42 18 61 72 4 50 20 5 44 70 33 28 73 43 41 71 64 2 94 3 66 67 54 66 12 14 16 20 87 24 22 62 46 93 22 98 12 67 81 73 58 26 35 92 49 92 75 13 28 2 3 55 32 0 16 71 4 78 11 85 70 19 93 52 72 28 30 6 16 79 8 60 14 73 48 36 99 4 21 59 48 37 66 35 95 90 93 70 83 1 19 27 55 66 68 91 9 82 70 10 
95 60 96 21 5 67 6 54 26 74 91 42 42 74 72 15 90 8 96 31 2 61 92 53 17 70 16 55 76 55 58 52 99 5 58 67 69 56 95 1 30 82 88 58 18 12 99 17 36 32 59 2 93 27 13 0 52 63 78 94 6 45 74 44 3 56 2 34 59 45 9 82 23 71 79 54 45 85 77 79 77 39 95 13 9 96 65 34 26 40 77 43 52 13 67 73 87 22 60 26 6 
64 53 11 54 58 56 96 78 28 92 77 77 94 4 69 93 41 68 65 40 39 84 92 54 94 20 55 6 51 77 58 67 93 15 35 28 21 65 47 65 70 33 8 72 35 77 59 20 83 35 84 57 86 23 46 5 0 83 82 69 35 51 69 80 66 45 52 57 74 99 2 3 84 50 31 94 40 76 35 6 29 95 87 7 95 78 50 70 70 71 32 62 99 45 29 58 44 8 1 36 85 
53 14 19 60 30 58 16 91 96 2 64 88 81 61 63 13 46 84 74 69 77 13 25 71 96 9 43 82 88 75 10 24 15 59 73 49 83 25 31 78 60 41 23 44 35 19 8 25 12 10 64 29 25 36 31 53 14 0 12 65 54 48 44 54 33 11 54 14 44 48 11 79 87 15 42 68 75 89 45 30 20 57 28 83 49 98 68 89 21 73 20 40 32 68 80 16 39 10 72 92 60 
55 96 28 31 23 31 64 50 34 3 9 39 60 96 47 62 69 88 94 33 9 75 59 81 16 35 82 21 31 62 94 55 91 94 84 16 10 98 55 4 44 60 59 97 72 49 6 30 98 45 32 63 41 22 23 49 70 36 0 1 11 56 91 33 65 26 55 53 41 1 77 70 39 25 63 3 25 14 59 66 5 31 98 85 44 88 33 83 90 18 45 82 3 68 33 52 19 13 62 17 7 
40 64 51 67 79 90 27 77 6 37 82 51 50 67 5 35 16 96 8 16 62 58 76 87 4 74 82 81 20 79 68 38 24 23 70 24 19 36 45 60 21 71 38 64 23 77 70 79 39 91 53 84 78 70 21 1 21 27 62 0 38 2 30 23 66 85 82 31 81 48 16 77 85 55 70 8 9 42 19 46 54 9 55 79 29 91 75 75 17 16 18 2 18 68 37 62 94 26 11 64 80 
85 45 7 3 56 73 65 94 3 67 48 90 7 20 5 36 1 42 41 42 91 7 65 53 5 76 97 74 11 9 21 80 23 74 17 40 75 40 64 96 70 47 60 43 43 10 41 4 48 61 33 13 32 76 47 23 47 17 15 19 0 46 81 53 6 90 16 55 32 56 46 17 14 71 15 88 15 23 75 25 15 18 10 77 82 85 18 40 27 63 76 76 6 57 58 3 99 39 2 50 81 
22 73 65 96 17 43 27 30 47 66 99 11 39 39 73 66 14 73 25 40 46 78 97 83 51 58 38 7 64 32 12 40 50 42 17 32 41 78 62 84 2 90 18 26 30 14 49 79 76 21 38 92 39 85 74 92 43 54 80 39 56 0 23 98 29 22 74 30 14 24 55 90 24 22 20 24 6 77 33 24 73 62 83 2 31 68 24 22 41 20 72 43 86 54 55 37 58 6 90 82 52 
2 79 29 10 43 72 7 31 72 29 90 24 97 98 54 61 97 85 30 9 59 45 15 73 1 36 90 65 23 96 26 45 30 85 89 57 51 31 30 57 27 78 43 74 97 69 32 21 20 54 11 16 71 31 48 64 32 17 2 65 81 2 0 75 37 71 49 89 7 6 97 69 77 70 11 78 41 35 20 24 1 88 24 11 83 9 68 92 49 85 60 71 8 35 8 64 9 13 82 68 42 
27 85 80 96 73 24 19 38 29 63 13 8 13 4 2 93 1 99 36 50 87 51 53 92 80 32 24 43 49 58 13 91 96 1 38 16 9 69 16 75 18 42 58 26 49 47 34 58 99 44 17 62 90 65 39 2 50 77 5 24 42 86 67 0 32 9 46 15 98 29 47 69 36 16 34 43 8 79 12 7 48 22 90 11 49 72 87 24 35 80 93 56 49 15 1 72 86 17 3 2 27 
31 73 5 80 97 59 95 11 28 26 78 26 21 42 72 10 89 69 18 53 53 78 97 69 37 55 51 26 35 36 5 48 33 3 84 16 77 95 54 5 96 76 27 82 45 58 92 72 31 50 23 75 14 58 34 23 43 9 45 57 91 19 70 90 0 71 24 35 16 72 45 17 12 19 61 21 10 77 37 40 38 62 31 72 6 2 51 12 12 70 79 19 20 30 6 77 49 67 74 55 6 
55 46 36 22 35 92 87 93 71 59 95 19 24 14 63 46 37 79 91 17 95 53 53 29 70 1 95 13 18 70 94 96 76 77 26 94 99 46 40 22 1 48 70 81 94 46 72 78 51 31 22 61 35 25 56 18 9 44 26 63 42 91 79 32 19 0 3 95 63 72 86 86 38 5 26 92 51 48 59 83 65 65 10 69 1 82 6 4 51 99 75 42 70 57 72 33 33 56 51 65 47 
10 74 3 81 47 57 87 63 1 47 56 48 21 28 99 82 2 48 80 91 23 82 58 81 55 54 55 61 14 68 90 27 21 63 56 39 47 87 72 87 33 42 95 33 34 34 7 29 16 67 44 13 86 79 79 63 10 61 64 11 21 55 49 48 52 66 0 81 26 57 57 66 65 37 41 45 26 3 15 39 8 50 34 40 42 40 80 5 68 32 18 87 60 69 75 94 63 65 72 88 8 
12 59 75 49 77 98 23 75 65 80 58 89 74 1 25 38 17 83 95 16 12 78 16 72 30 73 94 5 83 1 21 31 33 77 26 94 77 98 69 94 65 70 20 2 29 29 47 36 55 80 47 98 20 60 83 4 37 45 78 32 97 16 10 48 12 45 26 0 93 31 77 33 72 4 56 12 35 80 44 80 67 98 18 74 34 13 60 6 77 37 13 96 56 77 34 53 43 25 24 83 68 
32 82 86 98 3 37 66 33 88 30 70 45 79 90 53 83 79 16 84 71 27 52 69 64 46 64 43 73 69 41 61 69 77 99 52 57 56 25 35 58 53 24 18 98 14 83 83 82 10 47 34 94 71 56 59 36 8 57 30 84 80 53 36 10 54 24 77 48 0 46 70 44 83 28 34 73 72 97 1 63 76 61 13 10 83 37 85 85 15 89 93 60 18 38 27 19 72 73 70 46 66 
13 72 26 26 14 97 69 93 90 95 74 4 74 54 49 10 74 48 90 25 96 8 95 84 31 45 41 34 79 68 93 8 31 52 37 45 29 71 13 45 34 33 32 24 49 38 46 28 42 59 22 8 42 29 34 45 73 41 3 83 29 56 2 68 96 94 77 8 51 0 85 46 51 23 56 72 90 32 77 12 55 9 64 48 8 12 58 40 22 31 47 92 37 29 94 92 76 25 68 60 30 
19 59 14 80 47 40 84 78 24 51 30 91 59 36 22 54 94 43 16 67 61 37 69 10 45 45 60 31 77 64 92 54 95 82 59 24 73 79 52 62 61 72 23 11 50 66 65 81 74 42 91 68 27 40 36 39 52 26 30 60 1 69 17 40 59 49 13 49 2 13 0 29 43 76 98 66 32 79 15 28 71 71 47 48 33 10 85 53 84 62 64 19 11 21 76 83 55 54 69 15 31 
56 41 78 32 91 80 72 96 34 69 77 14 54 8 12 57 79 19 26 41 18 77 67 5 9 78 28 57 27 58 27 43 94 89 29 47 98 29 92 9 40 62 87 90 51 61 63 6 35 82 36 72 13 52 24 71 75 65 12 30 46 4 66 47 77 60 50 40 55 14 88 0 93 40 68 7 23 24 75 4 57 76 24 41 44 21 6 35 73 66 47 51 79 8 17 61 54 45 42 17 13 
73 61 18 29 14 73 45 7 34 92 57 41 74 40 68 66 54 27 89 70 44 7 63 34 84 14 93 54 55 92 79 75 69 9 67 82 85 60 2 31 24 23 86 32 53 75 42 97 68 70 37 46 54 37 95 94 66 7 98 80 15 73 85 19 18 55 13 41 83 58 59 43 0 38 77 73 48 21 73 87 36 77 10 79 19 92 84 95 28 13 56 50 39 94 53 62 85 57 84 33 9 
16 24 60 5 26 64 28 10 3 83 99 36 12 26 3 97 79 71 23 27 1 86 21 14 74 36 16 18 35 87 83 52 51 74 45 31 9 37 22 25 66 15 79 89 34 46 98 18 69 41 43 30 55 32 9 55 31 72 94 52 15 79 19 52 17 43 87 81 47 88 37 95 67 0 80 23 49 91 46 19 79 64 42 16 21 64 60 17 13 70 73 1 2 75 62 6 22 75 88 12 30 
4 99 4 91 42 65 96 25 53 53 57 96 13 17 31 57 18 71 87 88 60 68 49 47 27 15 22 53 55 59 11 86 62 43 97 34 85 69 75 31 58 15 76 75 72 5 95 7 10 9 17 75 34 33 80 21 61 21 83 91 24 82 58 57 57 90 59 85 36 36 91 77 32 53 0 16 26 70 48 67 58 16 32 58 98 3 55 22 51 84 52 47 57 33 79 40 53 3 17 97 98 
91 61 58 57 54 95 94 54 99 53 56 87 61 64 34 30 12 59 68 98 10 63 60 39 32 73 27 89 70 67 50 21 2 25 38 98 1 42 81 92 89 24 77 84 94 96 87 2 32 47 6 20 64 29 59 93 21 28 18 21 43 92 77 55 5 48 6 68 2 92 26 27 13 24 78 0 78 4 46 39 79 68 78 59 43 55 69 47 91 8 32 29 42 72 60 37 34 28 66 63 7 
81 93 40 47 74 66 52 2 36 6 39 26 36 89 96 6 6 55 16 80 59 9 65 42 81 66 8 96 24 5 44 66 39 59 85 73 13 81 31 89 78 82 3 37 20 4 14 58 49 12 15 80 87 19 64 16 39 68 17 87 44 86 41 65 14 85 70 4 37 15 66 48 32 34 66 36 0 33 7 10 54 60 30 5 29 79 31 59 5 49 70 77 78 95 97 88 88 35 27 96 41 
94 8 11 15 9 58 75 79 65 41 36 38 29 80 30 55 12 64 40 75 97 75 14 30 54 34 58 51 18 32 60 6 33 24 4 92 58 82 84 27 5 38 62 66 58 45 36 49 76 51 38 90 45 23 62 31 65 41 46 90 79 50 42 44 94 74 72 94 4 35 65 3 19 27 17 76 50 0 52 81 37 46 89 9 68 98 23 38 86 75 54 21 23 1 92 31 89 81 50 85 55 
96 15 19 42 81 23 82 54 34 10 52 1 67 7 72 2 12 88 49 52 53 4 72 9 12 98 99 31 78 34 52 59 39 1 92 92 31 25 5 42 38 61 54 4 13 39 14 57 39 92 97 25 77 71 7 37 86 98 73 41 14 32 42 9 64 98 2 94 8 43 56 60 99 86 17 96 71 89 0 66 96 81 2 89 61 37 4 47 82 89 70 99 23 49 93 88 38 77 99 67 34 
71 56 38 99 44 32 60 51 1 5 79 86 52 62 21 15 45 74 7 1 21 21 27 47 24 6 38 92 61 20 12 2 25 58 40 65 9 38 13 40 67 42 85 63 8 28 51 78 47 94 88 85 78 25 58 79 86 56 45 66 11 61 55 28 72 52 8 66 78 27 78 85 91 88 31 75 86 40 17 0 13 29 89 91 55 29 16 22 45 18 81 40 49 25 31 93 21 35 29 52 95 
71 81 53 47 73 28 28 38 25 26 32 29 70 97 21 99 22 81 3 76 64 46 84 41 16 81 11 57 56 25 32 21 28 93 77 23 35 28 24 89 38 10 99 15 92 64 8 2 62 82 74 20 95 46 57 72 40 92 51 31 29 23 31 25 51 75 47 19 70 46 12 25 1 95 78 29 23 16 93 26 0 81 42 23 68 21 54 54 48 13 69 30 7 43 89 87 21 35 10 46 82 
86 37 56 67 14 93 58 36 87 83 48 53 20 1 77 17 43 87 92 64 57 22 59 95 62 78 68 37 57 31 13 98 68 59 37 87 14 60 35 30 93 42 11 68 30 67 38 24 41 74 30 47 90 38 86 11 54 15 93 72 75 81 30 46 23 39 65 33 92 34 97 26 48 98 44 64 67 44 80 42 12 0 81 49 14 91 98 20 46 24 7 15 9 32 46 50 42 91 25 51 99 
42 84 74 45 52 72 96 41 96 31 11 18 72 73 83 7 94 91 10 89 80 27 75 71 6 89 30 66 82 20 29 42 23 57 8 93 39 84 88 23 7 3 13 18 26 29 97 6 16 38 70 35 97 21 93 77 18 68 54 69 38 35 2 55 23 76 82 59 97 51 75 54 24 62 68 92 80 79 26 66 86 67 0 82 78 17 71 52 3 20 87 39 3 17 42 53 67 87 57 93 12 
20 32 1 41 23 81 42 80 57 11 75 39 25 27 83 6 99 30 31 7 51 98 26 89 82 54 9 53 49 37 34 91 26 28 82 15 74 41 87 88 25 96 72 4 31 47 84 59 68 90 96 58 60 15 20 98 54 45 43 79 42 38 57 58 60 56 80 49 90 68 73 32 43 72 74 81 32 96 36 54 56 30 34 0 70 76 97 55 85 80 59 33 93 61 62 96 60 29 55 9 45 
64 83 25 84 38 39 52 40 63 57 97 20 56 5 99 89 94 88 29 68 3 86 9 80 4 7 61 76 96 95 66 71 89 32 63 87 31 88 30 8 29 80 39 70 55 91 98 8 30 15 80 13 92 81 43 78 98 83 73 31 61 75 99 48 94 47 92 31 26 62 6 94 11 43 35 41 59 56 67 52 74 41 68 64 0 17 12 44 22 66 9 16 7 1 2 42 30 9 53 45 19 
88 8 45 24 97 70 77 66 45 47 95 27 67 50 63 42 62 88 25 83 30 33 6 69 22 46 91 6 2 44 70 97 68 88 63 78 95 23 42 43 35 34 1 41 18 24 44 47 54 33 13 96 79 21 29 27 2 79 9 10 26 91 77 77 53 26 20 38 25 70 65 72 85 68 92 37 96 84 70 23 77 1 27 77 92 0 74 68 65 58 65 68 41 58 39 55 59 34 62 60 44 
39 71 68 71 16 20 55 2 79 87 13 84 19 54 82 38 60 30 24 53 41 59 87 23 7 20 81 17 82 83 62 40 72 73 11 8 97 8 29 12 90 27 26 20 44 15 13 10 86 48 98 84 18 26 74 22 20 15 80 93 85 56 26 50 37 97 35 4 5 14 18 55 13 10 88 78 72 99 90 31 53 91 54 27 89 6 0 28 31 70 35 84 82 88 83 50 11 92 95 64 4 
17 53 73 26 92 56 72 55 91 72 68 16 46 16 9 49 99 16 17 7 51 82 64 52 93 13 7 50 74 39 68 43 37 97 30 33 56 32 82 9 73 94 28 41 93 57 47 69 92 35 3 64 46 5 12 39 40 78 77 31 95 58 82 86 4 85 91 16 62 1 7 74 97 31 45 49 71 73 63 1 87 29 11 43 33 39 40 0 37 60 58 68 50 52 95 79 72 44 61 86 39 
93 22 27 46 77 52 59 6 96 44 94 34 55 85 60 48 17 32 37 97 74 46 76 93 8 82 82 45 42 82 11 76 82 56 48 79 27 99 69 57 75 97 89 42 97 97 62 87 86 98 49 59 48 52 34 52 60 18 34 5 18 83 85 29 46 78 31 77 22 82 81 13 93 45 41 25 45 8 49 11 9 78 85 56 71 87 97 96 0 95 69 65 8 11 64 29 45 29 27 19 1 
72 39 64 78 8 84 27 89 27 90 76 95 75 10 9 10 12 74 89 51 91 66 61 35 99 33 72 24 29 8 20 80 80 56 34 52 99 57 34 70 60 10 85 21 54 38 79 18 16 12 38 99 17 53 70 80 17 89 82 36 57 41 44 32 12 51 58 95 1 2 92 86 23 35 36 39 74 24 7 91 84 85 90 88 29 55 65 17 61 0 7 69 67 79 10 59 15 37 10 18 41 
66 72 65 95 89 74 6 91 72 78 15 12 2 99 57 39 52 98 16 88 97 48 1 89 59 88 8 32 14 6 20 92 99 44 52 80 74 73 50 99 23 48 5 49 59 9 24 76 85 30 17 88 80 62 82 68 43 23 31 78 92 59 59 58 84 38 18 49 15 13 53 40 76 80 44 10 85 16 32 28 31 35 82 79 50 7 42 47 18 39 0 35 62 14 67 96 83 78 28 7 74 
86 23 50 90 47 56 60 3 81 14 79 93 73 76 50 91 42 86 74 29 42 47 26 92 70 32 56 24 77 9 25 78 39 67 92 25 58 28 99 44 63 87 99 41 45 67 4 55 12 45 13 68 88 61 44 5 75 39 65 86 72 67 2 63 68 22 82 25 94 55 74 31 16 9 24 51 13 43 5 47 46 65 70 39 88 76 8 65 67 17 84 0 92 43 41 64 53 96 18 62 77 
25 96 56 71 35 39 5 42 79 96 68 6 93 83 21 80 81 40 90 79 28 31 87 29 74 68 49 84 41 93 7 10 87 32 96 89 81 94 20 58 21 22 87 78 65 60 5 97 56 12 83 99 48 21 8 46 35 86 92 62 54 24 16 65 56 85 22 51 97 84 24 51 63 77 91 91 36 28 28 42 20 92 86 67 49 87 71 44 12 92 36 17 0 77 10 78 50 7 51 58 40 
97 37 41 90 37 11 7 12 20 18 26 5 40 10 10 58 35 30 47 26 19 80 76 14 63 95 10 10 90 46 81 91 14 55 35 9 83 64 29 7 52 96 42 53 36 6 59 45 37 34 14 24 67 59 93 90 7 87 91 67 17 78 13 1 12 44 19 44 25 28 21 99 83 23 20 47 36 89 58 35 52 93 50 61 50 77 80 82 26 3 6 18 21 0 9 35 61 12 21 37 24 
46 92 53 18 96 9 99 45 56 62 72 5 37 9 92 8 84 43 81 13 60 26 20 48 32 64 43 47 4 6 81 1 35 44 43 1 75 29 1 90 59 70 92 28 73 90 18 38 12 7 34 40 39 49 95 14 84 62 32 69 51 43 76 96 77 98 96 36 10 28 66 60 2 1 22 84 90 61 65 15 84 24 94 21 45 27 67 57 71 30 69 4 71 85 0 10 67 92 60 88 51 
59 84 93 23 61 64 28 12 3 81 86 90 86 66 67 12 18 75 82 24 23 11 47 42 92 39 46 79 36 31 93 57 26 53 95 70 93 18 20 17 19 1 75 50 8 17 32 17 82 81 89 12 35 68 49 29 23 72 70 34 7 80 45 15 97 19 1 4 73 54 80 39 49 93 34 58 68 14 88 97 14 28 16 47 19 94 66 60 17 51 12 85 92 96 24 0 51 12 71 63 79 
88 12 71 92 58 31 83 42 93 88 29 20 18 95 84 27 40 24 74 9 21 52 51 33 2 74 16 46 40 97 21 97 31 12 86 82 63 52 6 38 64 52 21 76 60 40 23 7 34 3 35 2 48 71 94 67 40 54 18 89 33 33 83 46 6 68 15 48 87 98 81 3 28 23 88 6 82 7 31 75 17 41 78 62 79 26 36 51 28 62 63 11 37 81 76 2 0 95 12 18 5 
59 42 37 18 83 7 57 14 88 67 33 31 50 7 46 41 97 23 11 83 53 96 80 57 25 27 56 22 31 35 69 72 66 33 81 97 41 56 87 73 94 81 87 78 35 40 45 39 66 78 35 59 28 73 15 61 94 56 97 50 25 48 17 96 30 74 25 92 82 61 89 95 40 49 24 79 4 42 48 6 12 81 62 42 23 7 81 39 75 5 15 80 81 40 60 54 56 0 7 92 56 
70 85 31 2 60 62 56 86 21 39 92 68 54 58 76 24 25 54 2 56 22 24 17 91 93 10 91 69 7 18 71 68 34 45 51 67 46 62 33 67 16 33 47 84 4 20 2 6 96 91 92 78 70 23 68 43 2 99 90 6 15 41 51 48 56 73 58 28 49 64 84 60 67 96 12 65 99 82 88 26 79 96 63 18 85 5 43 73 71 81 8 54 14 92 55 25 35 86 0 64 7 
26 94 26 79 82 94 86 52 95 63 82 69 78 74 80 25 85 27 2 40 23 37 57 49 82 64 99 38 33 56 79 61 40 59 40 8 31 41 38 99 96 23 64 62 75 14 10 50 9 28 59 80 56 48 47 33 18 7 86 29 62 10 42 31 80 54 37 17 48 24 45 35 89 49 56 54 2 93 26 74 26 71 53 69 54 66 10 49 84 89 31 56 10 38 18 6 76 56 66 0 12 
15 69 31 81 3 32 47 66 77 65 72 72 94 25 49 52 27 18 79 38 44 8 89 79 68 30 69 76 91 29 26 63 22 69 68 1 38 66 60 64 98 16 71 6 62 4 91 53 48 68 81 59 29 30 65 26 55 6 78 46 78 47 73 87 25 72 63 33 98 98 34 62 64 40 33 29 50 41 47 3 94 75 34 37 83 14 71 98 9 53 81 89 69 58 2 35 50 48 64 16 0 
