n: 100
m: 2
Pi:U[1-99] 61 74 14 82 95 72 19 86 91 70 18 82 1 6 14 23 90 78 77 12 99 61 88 2 3 46 1 58 65 11 11 23 6 48 25 47 3 20 31 13 97 5 75 52 85 86 49 79 40 47 12 28 70 63 95 91 43 46 93 42 53 97 61 69 37 97 64 86 46 85 84 15 64 72 32 90 47 64 61 62 7 81 1 63 70 14 88 30 72 77 38 11 82 78 73 21 73 65 60 62 
Si:U[1-99]
0 58 29 35 29 31 94 46 43 23 97 38 21 39 93 24 21 85 36 82 14 29 98 74 7 19 68 56 64 4 73 60 78 99 77 90 92 55 37 95 88 48 39 30 41 16 46 44 86 36 71 51 17 23 85 44 72 38 29 55 48 13 5 82 58 12 18 50 62 95 44 91 89 45 97 98 59 59 30 57 76 39 38 50 87 47 63 91 83 94 41 72 2 5 87 93 86 72 94 41 1 
75 0 37 94 50 82 70 24 48 13 92 60 97 30 54 68 87 5 59 73 48 32 51 65 76 61 91 41 74 20 24 70 56 93 81 3 5 70 13 80 5 7 3 96 49 85 60 11 7 12 3 33 77 80 49 14 74 96 32 91 75 96 8 76 33 89 42 82 63 42 34 20 38 25 58 66 38 66 77 51 49 50 32 30 45 83 21 82 3 46 98 26 31 50 32 28 72 41 94 94 55 
69 76 0 61 19 17 65 6 12 49 3 8 96 2 80 53 75 22 10 25 42 7 75 67 9 74 78 31 5 12 77 27 12 53 1 56 3 79 13 81 73 54 3 2 24 16 59 67 87 46 35 30 79 22 69 60 27 56 55 74 71 10 27 78 53 90 74 6 67 73 5 90 38 31 63 75 39 62 4 65 53 64 94 87 28 80 91 83 42 93 96 17 4 50 24 45 81 92 46 33 90 
55 82 40 0 12 36 69 99 8 7 62 34 39 1 34 89 84 72 51 71 63 29 46 26 47 53 47 14 17 82 72 93 89 91 15 97 80 48 26 74 36 46 42 20 1 43 56 76 70 15 77 12 91 7 53 87 64 24 1 74 77 62 55 98 45 51 47 81 83 7 12 59 27 46 61 65 81 16 82 12 38 93 76 73 39 72 68 67 33 61 15 58 89 21 65 17 12 46 99 28 55 
92 95 6 21 0 30 83 92 4 6 77 40 95 49 4 43 57 15 21 82 60 14 15 69 77 29 78 64 72 46 82 27 35 28 66 74 85 35 29 71 46 14 95 10 2 98 50 62 57 71 40 1 81 5 9 62 51 22 39 20 9 53 96 63 1 47 45 99 56 35 73 19 94 9 73 72 56 52 48 31 85 46 9 92 20 90 16 94 44 46 12 59 18 89 9 71 82 13 32 67 87 
60 70 93 47 14 0 28 86 10 46 52 61 70 13 93 27 49 18 90 91 32 5 4 57 24 25 42 57 90 19 83 2 8 87 3 44 76 57 5 95 92 36 63 27 41 21 79 35 35 58 71 92 31 76 61 38 79 66 6 10 2 62 59 8 84 8 44 70 43 55 34 37 3 79 55 74 38 46 13 97 86 53 12 22 66 26 18 44 46 77 43 47 5 19 59 57 6 11 18 40 68 
42 46 19 90 28 17 0 39 96 71 53 86 32 41 50 83 73 76 67 99 15 3 78 96 98 13 75 62 83 3 7 55 50 23 4 35 87 54 73 55 44 70 48 7 83 98 76 94 83 16 12 36 88 18 36 93 26 28 73 25 15 6 81 42 82 85 77 53 16 83 93 13 7 86 73 16 55 1 42 81 81 90 44 39 96 68 47 85 6 36 16 72 14 57 59 98 11 72 19 12 79 
60 50 63 2 49 27 23 0 3 73 75 96 11 55 99 2 30 94 43 30 43 27 55 60 90 10 89 63 70 5 68 39 56 95 62 90 17 90 20 68 91 59 31 87 37 93 41 93 62 66 78 91 96 35 66 15 51 39 78 86 98 32 21 39 23 57 12 3 41 25 43 37 70 45 7 23 15 57 59 97 30 71 70 98 72 50 88 71 80 20 50 64 41 38 37 39 11 42 60 95 39 
79 36 13 64 38 8 35 40 0 64 54 93 20 67 54 98 5 69 15 1 89 6 17 29 41 54 43 54 68 8 29 93 57 58 33 16 73 79 17 35 91 67 95 78 56 83 4 27 4 78 44 17 51 88 80 27 96 62 67 30 5 61 19 79 85 88 68 83 10 56 3 4 51 93 88 2 10 92 14 92 26 94 55 44 65 63 46 47 64 19 94 55 63 10 71 56 63 59 61 77 13 
61 24 60 5 55 19 43 90 18 0 57 69 81 39 48 36 47 13 23 14 5 46 25 95 13 57 44 39 92 83 67 20 35 1 89 51 32 30 44 31 74 87 69 93 73 36 35 88 41 48 98 85 6 7 1 45 60 74 16 76 11 87 84 41 46 46 84 53 37 57 80 50 27 75 1 78 39 81 62 37 86 59 84 31 18 37 73 25 10 42 91 73 16 18 56 7 13 39 25 68 19 
62 16 19 10 28 42 75 37 60 48 0 7 71 66 25 91 24 94 96 75 47 46 7 99 89 95 4 56 54 35 44 46 74 88 37 10 20 76 14 80 22 89 99 88 58 52 34 50 5 38 98 90 64 81 98 32 64 95 51 30 6 32 10 70 13 84 15 88 35 65 39 47 92 95 32 30 36 30 75 66 26 23 35 70 29 9 85 61 19 31 13 77 52 82 13 91 5 60 85 4 44 
72 46 81 98 86 2 77 99 77 74 78 0 40 70 50 97 51 96 18 41 45 34 48 32 25 94 31 52 97 6 38 93 16 81 14 38 39 11 76 70 49 72 58 33 23 30 82 54 11 4 67 4 89 93 28 73 15 69 20 41 15 45 86 71 3 36 83 49 88 14 99 44 33 74 86 75 23 25 31 29 98 79 65 71 16 5 37 20 94 7 37 98 31 38 60 21 59 46 73 52 79 
88 52 52 36 27 45 89 17 19 95 14 79 0 98 61 81 23 97 87 11 22 9 36 74 66 57 25 78 50 58 55 50 45 3 5 36 88 71 44 5 35 12 68 1 77 92 43 63 81 73 24 56 54 54 86 21 53 72 15 42 43 97 69 1 40 51 95 57 14 43 8 49 93 27 67 53 56 30 45 80 61 95 87 45 5 64 45 40 17 26 19 6 49 9 16 32 89 98 63 78 76 
35 20 65 92 11 56 20 42 72 57 12 30 44 0 69 80 5 85 16 88 15 85 72 3 83 38 26 60 97 32 52 85 77 81 92 10 55 75 67 27 33 89 59 94 28 45 49 83 43 15 86 35 72 64 80 90 72 23 78 41 59 61 56 54 25 49 6 43 24 23 73 78 29 48 65 48 16 92 18 80 69 88 59 93 23 66 85 32 56 14 84 4 83 8 12 88 99 9 61 25 13 
42 56 18 39 66 17 28 49 32 59 47 59 48 23 0 69 71 8 22 31 10 50 18 91 78 52 6 24 60 49 96 22 38 65 21 94 44 1 31 75 64 11 19 52 81 11 41 67 60 68 17 58 83 7 17 21 73 36 33 94 79 60 57 20 58 2 29 85 92 74 78 50 6 28 80 34 66 37 65 88 25 79 70 33 69 85 5 62 19 73 57 70 35 77 79 29 56 63 26 56 5 
70 84 54 47 2 58 68 31 68 25 86 71 64 48 88 0 58 90 82 99 13 49 54 44 60 33 10 11 54 90 27 32 96 77 23 61 99 41 14 11 29 12 85 7 55 43 74 70 87 95 65 67 74 86 58 33 31 63 55 28 10 6 94 1 26 66 42 34 35 87 52 2 98 81 26 71 30 38 72 40 36 15 64 52 68 77 54 17 98 56 88 48 58 75 6 60 37 64 24 18 8 
27 61 92 1 37 71 96 85 13 75 29 58 19 73 29 31 0 50 33 81 7 42 49 91 96 82 32 67 37 34 19 26 48 66 95 67 40 11 19 85 51 23 70 23 49 46 52 98 62 4 23 82 17 49 33 78 83 30 52 26 5 29 23 72 38 39 36 41 8 25 85 93 98 96 41 51 33 57 80 21 47 51 59 52 58 11 67 25 26 2 34 38 97 75 69 59 67 31 93 19 90 
30 37 73 82 13 12 40 46 94 82 78 46 97 94 41 79 98 0 37 77 64 31 92 13 29 38 76 63 55 33 94 26 29 96 24 55 33 44 98 25 45 98 98 90 62 58 60 33 77 71 52 26 97 67 94 8 64 87 3 57 97 43 71 8 61 94 2 54 41 89 50 74 40 99 66 40 35 55 95 6 80 60 88 64 61 23 77 9 8 61 20 21 69 38 28 93 92 64 21 13 65 
27 77 62 37 30 18 40 7 49 1 30 38 52 30 59 55 97 32 0 78 39 40 60 35 45 35 57 94 70 4 27 26 9 57 53 2 95 70 23 43 78 3 90 30 32 4 92 52 70 82 2 73 74 40 85 75 70 44 58 64 53 73 63 97 74 56 78 73 78 80 35 93 35 23 99 9 30 99 49 61 43 34 14 37 4 65 35 28 88 39 8 21 58 66 90 64 50 18 19 21 67 
79 24 38 2 39 73 39 70 82 91 54 29 2 91 54 44 22 37 63 0 91 96 93 79 89 80 93 10 58 88 71 62 82 26 63 9 92 57 13 94 78 91 85 64 6 67 55 85 55 48 38 22 59 66 45 63 20 29 50 88 98 5 52 51 95 55 33 18 46 6 68 85 85 75 96 28 57 70 43 90 10 61 93 96 25 25 13 16 92 7 36 70 66 82 26 70 98 77 26 84 6 
6 27 86 76 11 3 87 94 33 58 74 91 25 4 6 75 55 71 44 73 0 53 65 44 98 45 14 71 1 70 98 63 12 29 77 95 54 54 33 29 3 94 44 20 60 38 2 16 42 66 14 7 86 37 27 59 44 68 99 11 52 1 79 58 54 28 78 5 97 27 87 59 57 98 24 91 44 92 73 82 35 50 81 84 55 15 62 33 26 60 66 92 24 87 78 52 48 99 6 71 20 
85 44 93 2 28 36 54 17 75 91 88 57 73 34 17 98 95 2 11 63 83 0 72 23 5 80 62 82 48 58 6 34 38 41 75 49 81 30 28 55 60 82 19 54 44 4 94 6 90 6 28 62 58 66 30 11 80 30 89 15 2 49 12 94 51 12 70 80 21 85 20 4 70 46 13 61 80 72 83 61 24 88 53 72 44 15 21 39 91 60 57 67 35 18 3 75 65 35 33 93 44 
94 19 40 94 62 68 92 8 70 90 84 59 64 70 50 65 42 18 99 28 63 39 0 39 32 71 61 77 66 82 9 14 57 40 30 42 70 77 52 47 16 55 30 54 11 84 51 34 34 81 16 45 7 33 33 44 83 78 99 25 9 51 22 63 1 49 54 62 66 53 9 59 74 74 56 70 62 43 60 86 99 79 21 41 97 61 97 67 38 60 78 27 30 75 25 32 25 13 73 70 74 
93 4 87 88 42 96 48 78 72 77 89 52 26 27 58 58 22 85 10 47 10 52 38 0 4 65 43 64 12 87 56 17 61 58 48 51 45 65 51 77 28 7 40 15 99 99 87 75 68 87 73 88 3 5 92 19 27 39 98 97 28 32 1 46 38 63 55 11 24 7 9 48 60 44 56 88 22 98 53 98 13 66 9 76 42 28 74 84 6 17 6 1 87 88 56 56 44 11 90 62 46 
40 34 33 42 94 46 73 92 97 28 34 97 31 34 11 62 64 92 66 76 91 7 90 75 0 71 72 23 80 50 92 90 48 72 60 46 22 80 38 26 44 23 86 76 5 72 95 23 85 1 84 5 91 16 71 60 35 47 87 2 68 46 58 22 10 43 67 82 79 55 92 72 90 37 16 60 90 17 48 25 18 95 27 4 20 62 75 59 21 20 79 87 50 45 63 40 30 87 20 96 11 
64 14 26 29 60 81 17 48 20 35 64 89 36 35 60 83 60 5 4 33 53 28 40 31 70 0 60 90 69 88 13 99 43 59 16 6 66 73 46 64 26 99 23 40 25 29 50 21 72 35 27 10 94 91 34 20 79 68 20 5 77 17 42 13 31 30 24 67 39 47 69 82 28 89 25 8 33 53 52 99 96 76 55 63 49 49 73 93 86 8 75 45 68 59 22 5 51 88 32 64 95 
87 47 35 80 39 13 10 86 30 53 44 60 49 33 83 55 73 7 85 16 76 41 23 69 52 21 0 50 25 8 59 29 19 80 33 94 77 77 58 14 55 58 70 40 54 14 92 28 66 38 75 40 41 59 45 5 70 45 16 76 49 12 48 58 25 56 29 24 50 54 33 56 68 19 45 35 9 41 8 96 97 96 10 21 51 39 84 94 49 68 70 17 43 30 65 89 87 67 52 40 93 
9 53 42 68 82 22 26 37 53 70 33 62 47 84 27 34 71 37 97 65 81 78 48 61 91 48 39 0 52 60 60 85 63 83 85 50 66 49 64 78 15 64 20 65 36 77 31 40 37 1 19 80 28 49 62 27 4 82 23 3 52 2 17 86 28 61 84 31 29 19 99 1 5 78 87 33 89 83 67 8 90 53 73 92 38 80 73 34 9 53 70 29 96 70 45 46 40 40 29 79 26 
55 79 15 53 26 68 20 27 75 96 67 29 23 23 63 17 75 61 97 24 79 63 64 51 55 96 14 55 0 73 82 73 75 98 85 53 48 80 54 81 15 69 12 85 47 19 30 11 36 65 80 31 10 26 53 84 64 35 55 97 49 55 67 71 75 69 79 47 18 51 94 1 5 71 86 37 62 1 35 25 40 51 19 43 54 88 87 42 84 51 23 73 14 5 70 55 23 61 67 24 62 
91 13 88 55 12 96 63 39 42 69 39 15 49 6 90 15 36 96 43 71 38 14 33 13 91 93 82 75 2 0 64 40 26 73 70 90 3 90 72 58 27 77 7 78 34 73 90 87 43 30 49 62 28 28 82 85 65 87 32 27 99 26 26 12 8 54 65 29 42 17 37 86 14 30 90 63 94 23 50 22 75 59 54 29 42 28 94 40 35 61 39 76 99 49 76 37 66 86 23 60 55 
80 58 26 81 75 67 96 6 42 48 73 65 53 10 53 40 74 46 54 5 53 35 74 42 32 5 74 14 16 43 0 63 80 62 27 38 96 39 44 3 5 30 83 84 93 10 12 97 45 52 42 91 9 68 88 31 59 4 88 39 73 96 36 82 26 89 48 13 27 31 71 92 96 75 65 27 1 47 68 85 66 88 37 24 98 48 79 33 97 23 66 74 46 52 61 88 62 97 65 55 23 
30 55 12 23 82 84 53 50 56 34 66 95 47 36 46 34 18 57 12 78 67 78 71 71 98 11 41 41 53 86 98 0 81 18 59 48 26 95 32 20 65 91 51 88 6 84 28 87 35 29 47 72 42 25 88 29 43 52 19 41 67 67 69 83 55 68 42 78 82 23 6 11 41 54 54 5 77 30 91 5 36 98 91 22 38 84 51 37 98 63 89 83 52 31 31 3 68 31 4 61 14 
73 40 49 13 6 74 61 62 25 84 61 17 11 13 77 69 84 87 6 52 42 82 29 94 61 57 27 14 22 61 50 40 0 82 89 15 36 91 45 7 28 76 34 39 15 41 63 79 12 8 27 23 94 60 97 65 96 53 98 39 10 69 11 4 42 85 28 99 68 20 71 5 87 21 49 64 55 78 97 42 28 46 82 58 46 44 22 92 75 71 14 75 79 52 46 63 70 3 88 42 86 
2 69 85 28 67 99 2 78 32 25 18 38 4 4 93 19 6 55 24 57 17 22 33 70 2 31 67 15 94 70 81 53 40 0 62 6 90 98 53 44 37 93 74 8 32 90 49 20 42 49 43 82 51 6 41 31 86 34 38 21 12 9 56 1 32 90 35 77 96 75 77 26 9 76 96 7 67 34 92 73 22 71 88 98 14 51 5 96 19 61 18 24 73 56 83 90 23 2 40 60 20 
40 77 25 89 27 36 79 10 8 68 13 19 21 16 86 36 53 42 84 89 41 52 6 75 82 88 8 26 50 97 74 23 45 3 0 17 8 31 69 80 71 77 25 46 37 4 13 46 29 17 5 14 19 22 61 63 17 99 54 17 54 45 45 32 5 55 82 33 50 56 23 61 58 95 35 32 52 15 40 18 6 50 92 87 5 93 99 21 37 35 94 62 24 69 88 6 64 49 18 59 43 
95 85 58 83 29 98 85 72 73 48 2 81 32 76 87 66 92 6 87 54 48 61 4 52 47 62 66 99 17 2 62 16 98 97 45 0 75 49 56 94 3 20 71 13 30 19 38 55 61 76 53 43 28 27 75 8 52 45 3 8 52 53 57 15 61 18 88 74 92 16 23 35 10 3 34 51 1 90 16 65 76 53 93 41 12 92 57 35 17 36 95 24 28 20 54 94 96 19 19 36 96 
99 64 36 57 47 91 85 83 59 18 67 64 91 28 96 37 17 55 25 29 65 35 67 44 67 99 25 57 42 2 79 9 47 50 30 92 0 66 51 55 47 41 38 11 64 97 77 45 28 82 74 96 96 82 84 84 30 11 37 65 31 78 87 53 33 72 23 21 83 90 86 97 13 39 53 26 93 51 46 33 34 41 31 34 83 18 9 34 30 51 22 87 69 78 19 76 46 13 47 82 33 
50 3 96 93 82 13 70 45 91 30 90 44 32 35 58 16 17 28 48 94 1 92 87 28 49 98 92 54 18 69 19 54 74 5 75 16 68 0 9 7 5 63 66 39 85 54 65 21 47 11 70 3 9 82 31 93 23 78 64 99 6 5 34 30 33 95 28 5 84 19 10 50 74 4 33 6 73 28 54 15 43 90 11 84 8 71 27 37 42 71 29 64 58 70 61 58 8 4 39 38 44 
33 78 43 54 99 26 10 40 97 64 17 50 73 33 60 36 80 73 10 72 50 7 31 87 80 90 85 66 1 53 87 82 33 34 76 63 11 67 0 10 73 27 84 73 30 10 26 56 79 86 7 87 16 38 5 15 85 28 42 20 22 95 83 1 98 95 76 16 74 65 85 98 42 93 99 26 72 85 22 9 12 79 57 36 91 23 6 25 49 20 29 80 1 45 29 63 77 11 82 38 75 
61 46 72 55 25 80 29 97 62 81 18 96 1 38 38 80 42 56 90 70 49 65 94 15 18 14 24 28 50 51 51 37 7 62 25 13 21 87 50 0 3 13 34 36 29 13 2 97 10 15 19 40 60 6 72 52 3 20 5 12 48 22 71 99 63 53 75 71 58 94 62 99 61 82 55 64 50 94 45 93 17 34 36 26 30 15 26 89 89 37 94 90 61 78 54 22 39 63 45 7 57 
87 8 9 70 14 22 31 85 1 41 15 80 55 1 63 77 8 22 78 85 45 78 76 47 38 72 4 24 14 62 88 40 90 78 87 30 42 53 20 71 0 74 78 15 22 87 96 63 10 69 50 56 21 60 6 92 68 17 48 42 48 51 54 27 31 13 37 50 28 33 86 35 37 61 61 82 53 7 3 70 19 24 12 52 53 77 80 90 49 19 95 5 98 54 45 32 74 96 48 71 45 
42 35 5 92 86 27 10 21 4 17 22 46 86 43 8 3 67 97 89 22 64 48 54 62 93 34 26 78 65 92 49 44 51 63 33 73 28 63 6 40 29 0 91 26 40 21 54 5 34 18 43 7 38 96 65 95 36 82 30 12 16 86 9 14 47 74 19 38 99 17 94 78 42 58 30 61 72 33 49 37 47 49 87 12 5 49 25 71 9 8 5 85 63 32 76 74 66 27 68 25 51 
60 21 32 46 43 24 62 58 41 8 33 49 34 15 95 71 4 32 6 85 83 13 20 93 30 89 66 3 66 5 84 45 71 46 60 71 65 11 26 82 25 69 0 13 48 93 77 16 99 91 78 8 48 59 36 67 34 98 69 63 84 79 65 17 58 22 16 24 6 54 11 38 71 85 31 40 71 56 24 46 33 69 49 43 95 77 11 71 30 13 28 18 17 53 42 12 48 78 59 35 18 
58 19 96 66 88 60 52 22 1 6 39 93 79 98 44 70 43 70 72 84 94 18 89 7 58 22 61 5 4 66 87 76 76 46 21 49 32 80 90 95 8 8 16 0 44 5 99 67 22 99 81 58 35 86 41 75 88 38 31 79 91 69 14 2 61 46 56 81 1 21 96 83 64 82 65 31 11 59 79 16 34 89 59 16 71 75 49 46 73 72 64 71 83 74 63 98 42 28 79 40 7 
90 94 27 11 90 75 63 88 45 89 65 26 94 44 86 61 73 8 89 80 33 66 63 58 17 34 56 13 48 73 61 93 35 8 91 79 83 84 37 74 81 30 78 86 0 82 12 38 20 28 72 43 47 46 45 92 78 70 61 57 93 44 87 1 85 52 83 34 64 18 53 51 50 63 86 15 96 13 15 77 58 3 25 37 65 22 6 39 4 12 64 29 11 47 4 95 36 70 48 56 82 
79 7 62 46 8 80 91 96 87 81 92 9 38 37 77 99 99 40 9 28 26 78 33 27 71 95 98 8 60 56 36 91 61 20 29 34 10 7 88 48 91 61 77 95 87 0 66 77 98 82 83 34 42 31 27 7 20 60 84 83 81 80 10 7 4 65 97 16 53 74 71 25 71 5 89 56 75 78 90 69 57 82 71 50 50 18 78 89 41 45 72 97 35 44 43 3 45 44 46 54 62 
21 99 28 85 76 91 53 24 70 30 64 67 13 75 1 34 93 21 47 28 42 66 57 94 99 38 22 84 36 28 33 75 3 84 6 25 69 44 75 48 26 79 18 56 48 49 0 18 52 14 62 62 32 28 98 49 40 37 59 29 30 7 46 54 9 91 83 27 99 77 71 62 60 67 20 16 20 71 1 68 81 26 83 38 39 39 55 40 4 29 63 44 97 81 5 65 56 23 65 11 76 
19 98 92 15 46 41 69 10 86 60 10 56 89 78 12 87 64 17 89 31 5 48 54 64 61 14 34 25 19 11 92 92 16 58 21 67 27 38 11 58 74 55 85 28 80 74 86 0 91 81 15 64 70 49 7 51 17 63 36 70 53 41 41 84 62 99 79 22 34 90 61 69 71 8 51 73 51 1 65 47 13 50 7 47 72 49 26 80 3 29 31 67 65 40 72 48 17 95 3 74 2 
22 58 60 36 17 69 63 1 23 60 30 34 45 22 58 82 15 55 92 8 51 35 52 79 2 6 85 33 82 59 57 13 84 69 77 22 83 46 89 72 68 97 38 6 64 68 7 41 0 49 83 43 2 41 79 31 91 17 11 88 15 29 77 91 91 27 12 81 13 91 57 14 27 1 76 95 78 46 25 57 53 76 92 73 14 57 3 83 83 32 79 63 27 91 28 66 84 4 15 5 28 
68 42 83 98 46 42 77 54 46 29 98 26 64 96 35 9 35 30 14 23 20 62 70 3 7 97 85 56 36 83 74 40 83 37 99 99 71 90 42 71 95 38 53 9 84 53 26 20 25 0 41 40 9 72 82 61 66 42 65 63 42 15 90 60 94 62 13 29 45 97 50 35 86 42 60 94 99 10 90 69 72 37 77 20 44 37 68 58 97 18 95 19 88 78 54 82 67 26 70 37 82 
61 30 71 35 83 80 88 23 45 62 23 83 19 69 45 28 90 51 58 11 27 85 14 71 95 89 16 50 45 14 57 27 67 5 46 82 72 51 22 53 65 91 31 16 31 99 62 34 16 3 0 48 3 49 63 93 60 63 64 38 27 96 34 66 74 39 95 69 84 1 70 98 63 80 38 95 90 90 80 58 85 21 96 47 30 79 7 83 31 46 2 90 85 65 36 7 9 14 56 9 3 
74 69 25 71 78 97 97 86 67 82 28 83 50 98 58 63 75 88 40 20 28 82 1 52 88 9 75 31 43 22 30 46 99 98 82 49 99 21 1 83 27 50 57 91 63 26 89 74 22 86 5 0 50 18 40 75 97 12 91 2 72 81 40 6 1 43 89 57 91 29 42 67 69 58 40 16 52 76 64 36 21 81 10 50 75 7 50 82 43 96 37 58 97 11 34 50 27 17 4 16 71 
61 43 61 15 91 4 98 23 52 63 68 28 4 7 34 62 10 75 89 35 7 60 81 39 22 57 96 74 5 33 64 32 34 44 49 61 78 85 91 27 51 44 23 59 89 71 57 49 46 62 88 14 0 96 65 6 40 36 40 21 58 40 73 5 4 79 53 38 48 65 9 62 52 35 52 97 99 77 90 28 69 15 93 66 80 46 76 65 94 22 90 69 39 54 18 71 23 23 13 74 75 
49 8 99 17 51 28 74 52 46 35 86 17 59 70 77 60 39 10 75 87 34 91 19 18 94 52 68 98 71 40 22 76 34 80 29 66 87 74 98 56 17 59 50 61 4 26 53 46 88 39 91 54 16 0 85 33 78 77 92 97 66 98 97 81 66 64 49 68 61 77 4 99 36 6 45 37 17 92 84 71 46 81 94 98 73 70 73 48 73 29 26 51 9 3 69 51 59 78 91 98 34 
59 72 94 89 50 3 18 27 25 8 77 59 11 10 49 37 24 51 15 91 78 34 1 84 88 14 13 62 41 86 5 16 10 42 52 18 10 2 6 74 50 71 37 6 91 93 77 92 74 43 25 12 61 71 0 32 75 85 52 30 15 37 28 2 60 66 72 69 31 93 49 91 93 82 47 81 79 53 74 46 23 54 57 33 90 45 38 53 9 77 92 48 62 46 81 96 36 84 73 54 91 
15 35 78 6 56 73 8 97 95 95 98 90 13 69 86 60 34 91 49 57 94 62 17 72 91 81 73 64 56 4 48 55 29 19 3 28 53 82 83 92 61 39 93 3 69 82 67 63 49 73 60 74 15 75 22 0 28 59 60 8 95 49 60 18 68 51 38 28 49 42 1 99 68 44 26 64 71 32 56 73 1 73 92 98 2 82 86 27 8 87 15 42 50 58 35 96 75 25 89 29 56 
16 65 89 43 52 93 97 4 81 75 2 92 19 16 49 65 6 10 42 74 20 39 51 37 88 83 24 16 72 94 70 52 48 8 53 3 67 55 97 22 39 77 51 36 1 35 20 52 21 37 86 69 43 88 78 21 0 8 65 64 98 2 43 6 59 8 8 14 23 55 83 94 64 25 60 89 97 60 26 44 72 13 22 74 77 49 78 10 85 73 58 8 40 76 34 29 88 21 96 99 23 
19 11 64 89 88 99 47 6 23 26 15 34 99 62 52 8 31 87 29 80 12 97 74 89 43 60 76 38 8 57 88 14 74 50 71 61 30 13 45 99 87 35 67 85 28 16 72 12 33 31 48 30 13 61 96 24 37 0 98 63 39 20 43 32 98 13 24 25 45 85 79 18 72 70 85 30 70 89 69 7 90 44 45 13 90 26 49 31 48 85 73 6 75 59 38 18 94 62 34 4 99 
87 65 37 34 23 77 70 22 11 94 86 37 62 84 81 14 57 29 46 81 95 60 37 84 78 7 35 67 11 7 24 86 26 81 92 17 48 71 39 13 66 76 98 17 29 77 58 47 9 3 7 83 47 89 57 32 43 50 0 12 24 54 70 46 20 38 8 21 84 86 61 20 45 70 16 1 82 95 76 56 94 38 28 30 80 32 66 93 70 51 27 63 20 80 55 60 82 38 44 99 22 
59 91 22 2 68 99 13 36 71 94 19 68 79 77 95 11 24 39 89 98 91 3 71 16 54 65 50 66 10 34 25 12 11 16 63 48 9 93 52 38 59 48 20 58 72 71 13 49 29 73 53 88 42 14 59 13 35 18 39 0 97 99 33 10 16 90 36 14 79 65 41 5 84 86 26 59 71 88 87 66 87 33 73 86 5 83 73 59 41 62 76 47 73 13 13 40 40 8 16 65 92 
51 44 95 14 75 65 49 44 52 98 63 41 33 83 47 19 57 88 51 44 91 7 40 31 6 30 83 94 75 81 78 5 98 36 26 41 55 86 78 86 43 79 31 6 89 1 87 28 74 35 20 76 96 62 28 75 62 59 50 86 0 26 8 77 69 68 10 11 33 96 48 24 83 35 35 8 77 5 68 41 42 54 22 23 78 3 24 35 7 83 44 32 93 45 79 5 23 13 9 10 72 
98 24 28 76 40 76 8 99 46 79 61 25 94 19 65 43 74 84 39 56 42 32 18 58 86 89 97 35 64 23 38 89 21 52 90 17 77 27 35 32 10 79 52 82 19 46 91 77 4 23 17 53 13 81 41 29 43 72 48 95 48 0 59 25 86 58 58 72 73 10 62 84 93 89 54 98 67 58 74 9 79 94 18 31 64 42 17 69 48 65 81 70 30 77 3 65 57 44 69 19 57 
92 43 13 49 88 8 19 43 6 7 95 57 79 13 41 45 75 48 3 69 53 76 56 53 27 36 54 13 60 66 8 76 32 37 61 99 82 81 71 75 95 19 74 71 46 32 20 31 31 54 24 62 39 17 50 72 99 71 71 66 31 79 0 51 84 88 73 26 56 97 40 21 47 57 68 46 30 43 22 16 77 60 86 88 34 86 79 81 58 84 91 32 83 1 56 34 5 72 19 22 53 
9 18 19 22 96 55 54 82 10 47 82 99 19 43 46 79 13 24 31 66 40 75 51 37 67 32 89 9 59 73 49 97 45 75 63 44 10 52 78 75 54 36 60 28 67 39 80 18 68 49 78 19 62 99 92 49 33 32 2 44 87 41 31 0 94 34 25 43 69 76 22 10 20 76 30 45 15 55 70 78 54 61 73 69 78 50 67 34 91 5 71 53 70 66 78 66 96 4 24 20 77 
78 57 99 60 42 89 27 54 9 83 37 1 90 81 44 66 18 77 62 73 43 11 33 33 44 70 3 97 32 12 85 66 62 90 31 23 79 12 50 1 54 74 35 42 78 62 6 98 61 10 23 63 57 29 43 30 26 57 40 9 73 85 6 12 0 57 81 66 74 77 29 83 51 61 74 48 97 26 93 68 71 4 11 66 50 12 73 91 91 68 54 88 90 96 59 75 89 70 26 61 76 
28 56 4 58 19 4 52 80 97 53 93 40 40 25 37 97 1 94 9 14 78 75 86 6 32 50 54 28 44 54 61 35 76 5 88 20 26 55 28 97 41 29 99 58 21 7 99 50 83 99 4 44 82 78 6 97 82 69 8 9 65 87 97 93 34 0 2 46 4 56 12 8 67 22 49 59 25 77 62 48 16 39 81 13 87 12 56 79 53 34 97 25 44 31 61 68 42 69 39 64 82 
83 27 1 82 21 22 67 78 68 62 18 93 67 70 50 6 4 29 80 9 56 35 4 32 26 48 87 77 19 6 9 31 15 3 71 38 29 11 90 68 94 52 64 28 67 12 19 76 32 67 20 26 68 71 15 15 28 11 5 24 26 90 55 28 62 36 0 49 18 40 40 65 80 19 64 15 29 88 42 30 75 65 37 98 25 78 11 36 46 94 51 99 84 87 54 54 30 42 86 44 81 
30 50 77 65 57 87 8 94 24 69 37 31 16 81 90 90 17 43 71 47 71 56 36 80 76 9 15 89 33 67 52 41 24 84 53 37 99 98 40 50 26 67 2 59 29 25 54 89 76 21 96 86 20 27 51 3 64 18 60 57 47 29 18 64 89 21 9 0 73 96 55 76 44 67 75 36 21 45 8 8 11 60 37 78 73 1 36 27 59 34 51 25 67 82 30 7 95 1 79 1 43 
52 10 86 69 16 99 49 86 5 84 59 82 85 8 70 25 28 22 82 48 58 10 81 47 98 93 3 33 49 38 26 10 3 52 24 55 96 38 71 95 70 74 13 11 79 56 95 79 91 26 28 57 1 75 54 86 78 12 78 98 41 73 12 65 11 7 48 25 0 32 52 45 31 80 48 84 81 77 32 50 10 61 31 42 52 13 90 81 5 51 34 56 84 57 82 86 22 38 85 35 70 
49 46 27 59 22 27 85 21 59 76 1 7 72 74 26 55 19 60 99 70 16 75 92 8 49 41 34 64 3 76 96 8 75 52 92 20 86 49 3 25 17 64 91 47 17 9 47 10 8 44 38 27 1 16 60 94 40 95 26 36 31 32 42 92 63 15 58 72 25 0 23 17 72 92 96 70 68 71 80 65 5 11 99 77 37 10 35 47 53 87 83 77 82 96 19 26 37 92 10 76 47 
77 61 51 92 91 33 41 21 80 9 73 36 38 62 58 86 32 93 74 74 7 88 23 70 99 16 86 12 13 39 55 91 86 84 69 40 34 85 65 92 99 57 83 52 79 17 10 90 27 25 21 84 78 56 64 80 20 22 20 27 23 12 33 39 99 10 82 30 17 28 0 71 28 31 83 45 96 62 33 79 98 85 2 79 62 77 59 16 49 92 67 30 89 50 89 5 74 34 66 37 98 
47 49 17 79 52 6 18 7 63 78 32 3 53 84 59 3 32 99 72 29 78 96 81 24 49 65 63 39 88 19 53 52 88 30 31 43 53 46 8 57 74 95 34 28 63 37 81 27 79 29 95 82 58 36 16 1 60 92 28 71 62 77 50 89 20 11 70 21 29 77 15 0 17 37 1 72 26 19 20 21 56 65 2 8 17 46 39 98 57 2 91 94 53 46 61 92 7 19 46 93 19 
77 35 88 70 53 31 34 49 57 71 10 52 84 83 70 52 45 61 5 51 30 39 9 23 80 53 12 64 96 63 10 86 41 65 42 22 84 58 53 99 64 34 97 88 75 28 49 3 2 52 33 63 41 86 20 79 61 62 73 34 87 72 80 22 52 3 40 62 8 51 32 73 0 53 75 65 47 63 61 45 97 1 58 4 85 62 81 13 11 27 60 13 29 52 3 17 92 80 53 82 67 
43 78 24 43 72 3 93 87 61 59 27 77 28 75 85 57 28 26 71 38 60 67 92 32 63 51 80 53 82 43 9 4 12 11 47 37 66 56 21 49 9 84 42 23 73 73 22 69 85 62 69 79 43 88 8 95 50 9 65 45 47 20 73 91 28 1 73 60 59 94 2 92 62 0 23 46 88 86 33 30 69 54 38 99 75 50 25 44 94 14 30 67 16 79 55 4 46 60 71 14 12 
3 49 16 38 89 14 3 52 47 29 40 2 87 24 52 50 30 13 49 24 1 75 38 97 5 35 84 33 96 58 40 71 98 82 11 66 28 95 73 48 38 97 1 82 67 79 30 27 12 20 8 66 33 28 69 34 76 36 9 7 41 35 11 19 31 5 77 31 69 68 27 84 76 6 0 59 55 16 44 28 2 98 26 4 12 70 24 48 22 16 33 90 74 62 13 84 44 38 20 98 86 
92 89 47 26 29 46 15 13 84 53 81 59 1 88 34 21 64 29 72 76 62 5 4 48 16 23 32 3 95 39 19 44 62 67 99 8 76 49 49 64 25 99 27 45 4 26 85 82 47 73 94 35 4 69 80 30 71 20 64 52 11 96 2 27 12 64 38 73 9 43 92 82 86 73 54 0 3 41 9 95 93 53 45 51 20 99 38 44 72 7 47 92 37 8 79 63 68 40 2 38 50 
39 48 13 37 9 76 60 62 33 15 18 45 90 77 8 93 4 59 86 54 51 59 62 49 35 93 4 8 48 29 50 87 1 36 18 65 71 10 79 16 84 69 16 97 50 28 68 61 19 39 91 84 10 90 14 69 56 36 40 88 14 77 50 21 97 89 34 55 86 25 74 37 17 22 66 36 0 24 15 23 9 40 78 4 70 33 4 42 73 34 69 85 50 63 25 21 69 58 11 53 18 
21 40 19 17 38 32 2 48 88 86 91 23 62 3 3 12 76 75 27 44 73 46 15 9 9 87 59 88 97 96 92 9 50 69 39 6 50 14 66 76 64 79 19 88 79 77 75 89 51 6 94 25 68 40 51 73 67 60 27 80 55 79 82 67 30 66 90 82 15 92 43 13 29 65 21 35 14 0 87 39 53 29 90 9 87 82 95 8 41 21 82 95 28 88 59 73 22 69 55 28 29 
71 52 55 31 72 99 81 85 52 98 38 87 61 63 6 6 97 62 37 81 40 89 79 85 80 72 28 68 34 22 75 88 59 66 25 7 27 29 60 81 7 29 84 79 74 1 65 16 32 7 37 29 61 57 26 19 90 56 47 65 62 12 72 79 25 26 48 76 46 69 67 79 49 55 41 23 45 22 0 89 29 87 19 29 58 64 66 90 97 49 1 65 83 59 28 55 70 20 89 44 53 
26 25 53 44 53 31 33 80 57 44 54 28 42 27 38 11 45 5 44 87 8 45 22 4 93 10 15 1 54 79 75 44 10 68 23 10 66 19 38 35 90 75 38 34 21 93 66 5 42 21 47 75 40 12 40 69 76 59 68 80 57 78 13 53 67 91 92 14 35 76 8 33 92 51 92 21 20 71 13 0 10 93 59 22 16 79 53 87 27 1 42 22 93 82 65 35 60 1 80 11 63 
77 57 90 4 54 36 26 44 65 86 81 63 60 67 36 24 89 32 64 64 26 79 25 66 94 26 74 50 90 81 26 56 11 46 8 52 11 1 73 26 44 16 8 77 66 20 18 33 18 39 44 2 67 6 6 99 88 19 64 65 13 97 70 98 23 16 35 50 9 53 30 19 53 54 33 75 95 67 3 91 0 71 95 38 94 76 7 49 80 95 69 13 78 16 71 57 62 95 46 7 72 
11 25 92 16 79 9 99 85 16 80 19 34 50 36 38 71 23 31 34 64 29 94 11 53 4 1 17 32 1 35 98 80 28 55 10 39 96 1 60 20 4 44 97 56 12 52 81 88 17 43 57 62 30 46 29 34 25 66 22 96 15 75 1 68 99 70 75 18 80 59 27 40 97 13 90 1 36 36 35 99 35 0 14 1 92 85 31 5 19 78 28 24 13 19 90 27 50 88 85 24 54 
24 71 29 47 6 90 23 79 62 93 60 7 9 4 68 25 21 29 63 54 64 26 49 59 97 35 8 34 89 53 33 22 31 81 99 3 62 67 27 48 51 94 24 38 87 33 17 61 15 75 72 4 33 74 24 55 52 25 12 58 61 51 72 36 72 39 82 7 44 27 77 7 64 49 73 99 3 82 50 69 92 52 0 63 85 8 43 20 75 42 6 32 41 31 97 20 36 67 4 31 74 
40 21 12 3 50 33 87 91 17 38 28 20 37 51 82 87 92 81 25 53 10 99 8 95 73 53 31 74 10 28 12 72 11 49 27 28 81 18 90 60 99 44 16 42 56 29 20 42 95 33 98 44 19 76 52 23 99 13 72 62 65 68 69 5 84 13 90 79 71 87 26 30 61 37 58 67 64 70 30 31 53 85 28 0 94 8 84 54 2 82 3 6 37 88 25 21 86 91 36 65 42 
69 75 66 82 40 24 56 50 59 22 25 16 69 64 32 8 57 76 88 63 88 94 63 92 86 1 44 98 36 48 4 23 70 74 17 69 29 29 13 60 64 88 9 74 28 92 37 12 75 38 96 33 40 62 86 41 33 41 80 34 26 4 39 27 89 94 92 98 66 15 20 70 30 53 78 11 92 1 97 39 95 93 89 11 0 79 9 48 24 69 19 36 88 41 51 76 6 83 96 3 58 
61 25 53 92 25 69 98 91 87 83 54 74 93 62 79 15 2 57 32 50 43 25 29 47 65 88 38 5 22 66 74 29 89 6 82 38 67 96 2 96 38 10 82 89 84 41 94 17 42 37 43 25 8 37 42 44 94 87 9 5 28 22 69 7 95 68 25 61 53 22 20 42 82 21 50 79 14 59 46 23 80 8 27 47 61 0 31 66 83 46 30 94 40 99 88 10 18 56 39 66 71 
40 51 91 85 87 43 15 25 83 68 35 50 82 78 38 61 27 44 73 57 10 33 61 81 84 86 43 95 66 99 63 34 74 56 33 17 29 43 35 11 77 31 24 29 17 40 92 7 33 12 6 6 59 49 71 97 56 50 72 57 35 32 73 73 22 59 16 35 12 37 3 65 2 17 1 25 80 23 36 13 60 97 5 56 96 25 0 30 84 42 59 88 69 5 30 5 16 41 49 42 78 
60 93 63 26 76 74 15 31 87 77 70 82 33 38 43 66 99 19 37 37 41 35 67 10 46 51 37 53 38 63 75 96 59 42 50 35 42 62 77 34 91 87 83 52 12 51 70 88 27 30 27 63 89 81 71 56 67 72 1 23 58 26 42 93 41 44 92 8 93 59 41 96 11 42 52 40 23 47 60 62 50 59 23 1 22 55 17 0 30 47 14 8 99 86 12 67 38 18 45 97 68 
21 95 20 60 13 11 84 64 96 54 85 3 88 60 67 3 23 56 82 13 11 28 82 61 90 15 81 32 25 61 66 9 65 23 11 57 84 87 28 73 72 97 64 22 83 29 52 53 69 60 15 1 60 86 96 8 82 24 92 14 28 33 37 83 62 24 62 59 39 3 10 4 74 37 58 46 15 31 44 29 56 56 25 89 37 59 38 21 0 65 94 74 8 57 35 68 75 92 84 58 46 
31 90 35 25 83 16 13 99 86 83 56 6 62 6 4 69 97 48 74 75 19 59 4 78 14 72 87 32 12 94 44 83 19 5 15 87 83 88 25 86 4 22 99 39 50 72 69 73 1 66 86 18 84 77 77 79 23 52 46 90 80 45 75 59 58 75 55 3 26 55 36 66 11 38 67 68 6 91 2 58 33 40 89 96 1 98 26 79 69 0 22 11 3 80 49 55 67 50 40 50 68 
52 50 88 73 43 78 69 70 85 48 33 3 45 67 4 91 99 97 42 68 84 92 34 6 96 72 66 24 27 73 14 26 72 4 92 19 72 97 74 42 79 35 92 27 93 71 10 65 26 2 19 39 44 82 40 4 32 22 29 34 92 88 47 51 87 49 34 29 13 66 20 11 25 5 86 24 65 93 48 1 60 38 88 48 77 36 44 27 70 96 0 80 69 58 95 34 71 55 39 25 15 
3 58 12 81 50 42 85 18 17 88 12 36 86 26 6 99 86 2 70 78 96 15 43 51 75 98 21 38 6 93 72 97 36 68 1 60 40 88 4 14 83 91 9 50 72 41 69 36 64 48 78 37 84 54 39 27 44 26 98 59 98 77 84 15 57 15 86 89 10 93 33 28 27 70 28 82 25 9 56 99 88 15 29 89 41 22 59 4 42 27 26 0 74 15 62 64 29 99 23 30 76 
38 96 49 27 11 52 43 65 8 70 9 57 58 20 15 92 6 96 78 89 75 18 18 50 95 75 70 11 17 50 11 20 50 45 18 92 83 49 20 88 97 24 59 66 3 14 32 2 92 42 83 88 51 38 79 71 93 27 45 83 68 5 47 7 12 58 75 19 92 73 37 22 40 7 37 61 63 34 89 82 85 13 16 71 49 45 5 40 3 70 9 50 0 67 35 40 18 64 27 41 8 
55 73 78 94 92 45 19 38 9 46 43 29 2 33 63 17 66 59 3 19 7 91 44 4 19 39 11 20 57 72 69 30 1 75 3 19 57 71 38 1 32 82 42 22 32 88 4 76 44 33 6 74 14 73 42 49 80 31 47 23 32 22 42 74 99 69 34 57 62 29 47 10 40 39 94 39 74 97 46 74 13 50 14 11 54 84 51 70 83 72 46 67 24 0 56 93 71 51 97 28 85 
21 23 3 12 6 52 99 51 20 29 69 19 6 67 22 77 38 10 95 36 59 28 21 53 80 89 25 85 67 73 62 89 3 96 82 71 77 6 45 90 52 14 22 37 51 95 23 81 97 27 91 88 95 63 79 94 49 29 91 65 23 62 97 16 59 89 10 76 26 43 78 91 52 45 21 20 45 12 3 24 69 65 65 83 13 41 83 75 43 74 90 55 10 10 0 1 68 79 81 82 45 
14 10 70 62 21 25 22 8 75 23 69 26 23 74 26 65 94 98 99 29 3 2 1 39 90 82 22 80 17 65 4 3 89 63 52 98 70 27 16 69 1 87 99 51 79 58 10 42 20 23 76 43 20 12 50 72 26 81 89 91 19 77 65 29 58 8 97 72 70 80 12 2 55 82 90 61 82 93 96 91 75 31 29 7 65 33 32 45 51 27 16 48 54 44 94 0 37 32 41 30 33 
66 23 91 39 67 89 4 25 46 24 84 93 41 75 32 7 94 22 55 74 91 71 28 93 24 2 64 2 30 37 30 10 62 65 91 83 2 24 5 52 35 66 89 97 25 39 70 35 93 1 98 5 28 87 15 48 96 91 73 19 99 10 11 53 98 6 9 99 20 54 54 28 89 98 78 42 59 79 48 92 29 6 99 43 55 12 50 29 72 89 10 40 51 15 97 95 0 60 75 27 41 
50 72 70 55 10 37 58 51 66 91 17 31 51 85 8 85 28 44 29 38 62 40 8 7 10 8 69 12 20 64 7 42 4 55 79 13 22 92 15 68 12 26 78 98 72 91 15 19 85 3 30 6 52 89 21 89 3 1 89 77 9 90 88 62 34 4 64 11 94 28 38 13 72 34 48 50 65 37 96 7 26 71 96 32 45 28 47 40 18 30 38 54 1 19 82 7 35 0 54 36 14 
6 75 30 23 38 3 49 79 82 23 95 48 98 37 32 19 35 57 19 22 46 47 76 35 78 1 93 16 42 48 73 82 50 69 39 10 63 23 10 70 38 36 78 78 26 14 31 3 68 2 72 82 38 18 40 97 15 22 24 6 88 84 75 2 96 57 70 69 56 15 85 43 92 38 80 28 31 36 10 50 84 39 71 68 1 25 8 33 34 45 67 39 80 63 71 45 58 18 0 27 47 
95 19 78 12 62 60 84 3 28 26 86 96 47 39 31 99 66 71 9 45 1 24 80 27 48 59 22 14 32 5 67 95 96 41 13 97 73 10 74 10 51 10 68 83 60 73 55 80 99 75 54 49 29 5 70 15 41 75 74 88 46 35 58 60 20 50 11 61 74 29 87 20 14 82 97 97 60 87 48 89 77 86 96 68 52 29 15 85 30 64 81 91 30 98 93 40 3 75 51 0 17 
72 91 78 96 4 44 33 59 57 62 60 44 13 14 23 49 32 3 77 68 11 32 5 77 44 16 38 59 48 37 70 9 91 82 22 4 48 37 9 43 29 88 64 76 99 34 53 20 24 49 6 69 25 4 66 60 25 36 84 68 50 84 68 42 20 65 36 10 75 78 54 65 43 47 38 70 54 82 61 93 96 65 73 72 4 9 44 79 10 16 27 91 87 62 43 93 88 66 50 31 0 
