n: 40
m: 6
Pi:U[1-99] 11 78 89 14 27 60 63 96 64 93 68 25 98 54 69 31 77 32 21 19 10 81 14 70 40 31 57 69 52 67 38 41 38 3 55 66 77 8 78 29 
Si:U[50-99]
0 34 34 36 58 50 34 57 36 37 99 99 99 99 99 99 97 87 99 99 94 87 99 81 81 88 99 99 99 99 99 81 99 82 99 99 99 85 99 94 76 
59 0 62 52 53 41 45 59 44 56 90 99 75 99 99 99 99 90 99 93 75 99 78 99 99 99 93 99 99 81 99 99 97 99 82 99 99 99 99 99 99 
38 50 0 59 44 36 58 44 55 65 93 75 96 99 99 90 99 99 99 99 99 99 99 99 99 99 99 99 99 99 91 94 99 84 99 99 88 99 99 99 99 
34 55 54 0 55 42 46 40 62 48 99 99 81 84 99 99 96 99 99 99 99 99 99 99 75 99 99 99 99 99 99 99 99 99 99 99 97 99 99 99 75 
50 46 66 62 0 53 64 53 37 55 99 94 99 99 99 99 91 99 99 78 99 96 99 99 87 99 99 99 99 94 99 90 84 84 99 99 99 97 93 90 99 
59 56 38 39 54 0 51 60 34 46 99 99 96 90 99 99 96 99 99 81 99 99 99 99 99 99 99 99 99 99 99 87 99 76 79 99 99 99 99 99 99 
45 64 63 64 54 54 0 48 38 65 99 87 99 99 99 99 99 90 96 99 99 90 78 99 99 99 81 97 82 99 79 99 99 99 84 99 96 99 99 87 99 
63 54 43 37 38 40 34 0 61 46 99 99 99 99 99 99 99 81 99 99 99 97 99 93 99 94 99 99 99 99 90 91 99 82 99 75 87 99 99 99 99 
37 43 45 33 48 45 60 42 0 44 82 99 79 99 99 99 99 78 99 99 99 99 99 81 99 84 99 82 99 81 81 78 88 99 99 99 99 99 99 99 99 
54 56 45 36 62 56 41 53 42 0 76 99 91 97 99 99 99 99 99 78 99 75 99 99 99 75 99 99 78 87 99 99 99 99 99 82 99 99 78 78 96 
76 82 84 99 99 75 99 99 78 99 0 62 58 60 59 52 50 39 47 40 88 99 87 87 99 99 99 99 99 99 99 97 91 99 96 99 88 96 99 99 76 
99 99 99 75 99 91 99 99 81 99 34 0 42 60 38 42 60 42 46 64 99 99 99 99 96 78 99 99 99 96 99 99 99 91 99 99 99 99 99 79 90 
99 99 99 84 99 82 99 75 78 99 36 44 0 63 48 52 60 60 48 44 93 99 99 81 76 84 81 99 99 99 99 99 97 75 99 76 99 99 91 99 78 
99 99 99 85 99 99 99 99 85 99 60 50 39 0 60 63 50 42 66 43 99 99 82 76 75 99 99 99 76 99 78 99 99 85 99 82 99 99 99 99 99 
99 99 99 99 99 99 99 99 76 99 53 45 54 43 0 55 45 63 64 44 99 99 87 99 99 94 81 99 99 99 99 91 99 96 87 99 99 99 99 99 99 
88 78 76 99 99 99 99 99 87 99 61 34 46 62 56 0 34 34 50 41 84 99 99 99 99 99 91 99 99 99 85 91 99 99 99 99 99 99 99 99 99 
91 96 82 94 90 99 90 99 96 97 52 58 62 40 44 46 0 60 56 58 84 99 87 81 99 85 99 99 76 99 99 99 75 99 99 99 99 75 99 99 76 
91 99 79 99 99 99 99 99 99 99 57 49 42 60 59 56 42 0 60 60 84 81 99 99 99 88 99 99 99 99 99 90 99 99 99 90 99 99 99 99 85 
91 93 99 84 99 85 99 99 99 99 45 50 58 61 51 38 59 41 0 43 99 93 99 99 99 88 99 99 82 99 99 99 99 99 99 99 99 99 99 99 99 
99 99 99 99 99 99 99 75 82 99 59 63 47 62 53 42 57 37 35 0 99 99 88 99 99 99 99 99 99 99 99 99 99 78 99 99 99 91 99 99 99 
99 99 99 99 99 96 99 99 99 99 99 99 99 82 99 88 99 99 90 99 0 34 50 66 46 41 49 56 66 62 99 99 99 99 94 85 99 99 79 99 99 
99 96 99 99 90 99 99 99 99 94 99 88 99 99 88 99 79 99 93 99 57 0 50 36 42 41 42 38 54 40 88 99 78 99 99 99 75 99 99 99 91 
99 99 99 99 76 99 99 99 99 85 99 99 99 99 99 99 99 99 99 96 59 40 0 34 44 42 64 40 50 48 99 99 91 99 99 99 99 99 99 99 99 
91 99 82 99 99 99 97 93 99 99 96 99 99 99 90 87 99 99 99 99 48 64 42 0 50 54 55 45 35 46 99 88 85 84 82 96 99 99 99 96 76 
99 87 91 78 88 99 99 99 99 91 99 99 78 84 75 76 99 85 99 99 57 56 60 58 0 58 43 62 66 40 99 99 99 91 99 99 87 99 99 76 99 
99 99 99 75 99 99 99 97 88 99 99 99 99 99 82 94 99 99 99 99 63 38 60 48 40 0 56 38 54 51 99 90 99 99 99 81 99 91 99 96 99 
99 99 99 99 99 81 81 99 99 94 99 99 99 99 99 99 99 99 99 88 54 46 48 52 49 54 0 52 34 56 99 97 81 81 99 75 99 99 99 99 82 
84 99 99 99 93 88 99 84 99 99 99 87 99 79 99 90 99 99 99 99 42 43 42 62 46 34 34 0 58 46 99 99 88 88 87 85 99 99 94 99 99 
99 99 93 99 99 90 99 94 99 99 81 99 99 99 85 90 99 99 99 85 40 41 46 56 40 51 53 51 0 40 99 99 99 99 99 99 99 99 99 99 99 
93 99 87 81 94 99 91 99 99 99 99 99 99 99 99 99 99 99 99 85 58 38 39 40 36 34 61 56 60 0 99 99 96 93 99 99 79 99 99 87 85 
93 99 96 75 99 99 79 99 91 99 84 91 99 99 99 99 87 99 99 99 99 81 99 84 99 93 99 99 99 87 0 45 64 35 66 56 59 50 62 34 99 
90 99 99 99 99 99 94 99 99 99 99 99 81 99 99 93 99 99 99 99 99 99 96 99 99 84 99 99 99 79 48 0 51 50 58 45 61 38 45 64 99 
99 87 99 99 96 99 99 78 81 99 78 99 99 82 99 88 99 99 99 93 99 79 90 90 99 94 99 99 99 78 42 52 0 56 45 57 63 63 42 56 85 
75 97 99 99 99 87 87 99 99 99 99 99 94 99 99 99 99 99 99 99 99 99 94 76 87 93 99 99 99 87 45 54 51 0 41 33 58 56 52 52 75 
99 99 84 94 85 99 75 99 76 99 99 99 85 99 99 99 94 99 99 99 99 99 99 99 99 94 99 99 99 79 56 62 57 58 0 34 45 34 52 58 99 
99 99 99 99 99 99 99 85 99 99 96 99 99 99 99 82 99 99 99 99 99 94 97 90 99 99 94 99 81 99 42 40 62 61 56 0 63 38 46 40 99 
99 99 76 99 99 99 99 99 99 99 99 99 99 99 99 88 99 76 96 82 99 99 99 99 99 99 88 99 99 99 52 36 44 60 57 48 0 43 42 51 76 
79 82 79 99 99 99 94 99 99 90 99 99 99 84 78 99 78 99 99 99 76 99 99 99 90 99 99 99 76 99 52 39 50 46 48 55 63 0 48 48 99 
99 99 99 99 82 76 99 99 79 99 84 82 91 90 96 79 99 99 99 99 99 99 99 90 90 99 99 94 94 99 36 44 40 66 44 62 42 54 0 40 88 
99 99 99 99 84 93 99 99 99 99 99 99 99 91 99 99 99 99 99 99 93 99 99 94 78 99 99 78 76 88 64 45 38 36 35 66 60 40 34 0 99 
88 99 99 99 99 99 90 99 99 99 99 99 99 99 99 87 97 99 97 96 87 90 79 99 99 99 99 82 99 99 99 99 99 79 99 99 99 99 88 97 0 
