n: 40
m: 10
Pi:U[1-99] 67 54 81 13 53 29 53 10 16 8 76 1 65 36 58 51 84 6 63 96 87 41 37 22 27 45 93 93 90 22 67 57 91 75 87 86 26 80 7 85 
Si:U[50-99]
0 89 88 62 80 66 68 75 98 97 95 78 90 74 88 77 82 51 77 95 93 55 92 69 91 74 68 72 74 87 55 93 81 94 76 89 93 62 99 57 74 
76 0 95 88 59 68 99 65 95 70 89 88 62 88 55 68 98 97 96 96 94 73 83 88 83 82 65 96 80 65 64 91 75 72 59 87 55 62 63 74 66 
98 70 0 84 68 75 67 54 63 85 77 87 87 85 65 71 83 88 76 85 73 93 98 76 82 87 69 65 75 91 53 66 83 68 94 83 62 52 92 70 84 
65 75 78 0 52 88 82 52 95 91 77 83 57 66 67 98 66 88 64 65 78 93 71 68 99 53 85 94 65 52 76 69 96 67 50 71 77 60 90 96 80 
66 58 90 77 0 54 76 97 80 55 78 93 83 95 66 71 89 97 99 53 52 99 99 82 77 70 80 74 51 51 94 87 96 53 62 54 77 79 91 68 56 
78 70 55 77 87 0 70 63 81 94 57 77 97 78 62 65 92 73 78 69 84 87 60 52 70 85 75 83 61 67 70 70 71 97 87 86 89 76 82 56 98 
71 64 50 61 84 81 0 92 69 67 50 80 78 92 90 51 54 66 59 98 91 60 85 75 66 64 74 65 67 77 97 61 80 83 64 74 61 94 99 71 50 
53 83 99 99 88 83 58 0 94 97 66 93 82 73 74 64 85 87 94 83 74 83 97 87 96 90 62 83 64 68 81 91 81 83 88 63 76 74 75 97 51 
65 54 71 86 69 78 88 59 0 84 67 75 98 74 91 95 86 69 84 55 65 95 70 83 51 72 55 66 82 52 98 94 69 81 88 85 61 56 57 52 95 
68 59 62 85 61 60 62 66 67 0 50 90 70 92 76 55 82 69 90 92 51 58 72 68 83 86 66 91 98 53 97 72 73 50 58 72 85 76 55 74 57 
50 66 71 88 54 63 81 74 83 70 0 66 99 76 69 61 96 51 87 84 52 57 75 53 92 95 82 92 54 88 67 66 56 77 73 81 77 80 54 66 90 
80 81 53 91 55 84 52 93 50 59 72 0 63 79 64 83 81 89 92 92 85 71 92 93 54 94 76 59 62 98 52 70 94 53 85 67 74 87 96 69 60 
65 93 63 74 65 62 90 92 70 64 63 83 0 76 82 82 79 75 78 86 65 66 76 81 82 69 88 66 53 97 67 50 63 76 71 90 50 60 59 53 72 
57 68 90 69 78 93 59 78 72 70 88 71 89 0 59 68 84 51 81 59 58 50 51 87 66 89 85 82 53 54 64 80 64 87 78 95 69 81 61 79 82 
74 51 96 62 67 53 60 71 91 60 67 88 78 54 0 91 74 79 86 95 51 95 97 74 74 74 91 74 88 69 77 70 61 53 71 74 60 89 87 85 98 
86 96 58 66 87 60 88 61 85 77 97 77 95 59 56 0 78 66 77 69 98 98 63 59 66 66 77 90 94 77 57 58 95 86 70 72 72 84 62 53 95 
72 94 66 74 66 86 59 71 85 96 74 82 64 54 69 50 0 54 83 64 71 50 88 91 70 86 51 88 56 78 74 92 84 53 52 58 67 71 92 95 92 
68 94 53 64 74 93 74 63 82 97 88 83 60 92 67 73 93 0 59 95 72 79 64 64 59 93 77 52 74 95 67 79 70 84 63 87 71 79 85 59 82 
78 68 55 74 78 74 52 58 83 80 55 90 53 59 90 73 93 80 0 61 85 66 50 72 60 58 76 83 75 56 95 51 57 77 78 92 77 99 97 97 54 
52 87 72 59 90 82 67 62 91 88 55 95 64 57 65 71 95 57 69 0 57 97 81 95 52 93 99 65 56 99 97 96 82 56 90 81 68 90 96 83 56 
77 87 58 55 81 52 65 58 61 79 85 84 74 61 80 56 73 76 90 82 0 50 99 90 72 53 61 82 89 78 64 55 81 84 95 69 91 81 98 55 92 
97 76 78 91 58 67 73 64 83 95 65 62 92 81 77 84 84 94 78 95 69 0 50 59 70 89 82 96 89 64 74 89 93 54 75 84 60 85 57 77 95 
72 93 74 57 57 67 53 90 81 96 98 90 71 80 79 99 93 52 62 89 68 81 0 76 86 51 92 86 91 60 90 50 85 76 69 77 56 96 98 64 51 
69 62 72 63 98 58 67 81 63 80 55 63 74 54 51 90 83 93 72 54 67 75 51 0 65 87 53 64 54 87 78 94 58 67 81 56 97 55 87 96 86 
94 74 74 70 93 54 76 56 87 50 81 67 66 57 76 59 87 61 79 57 54 51 57 77 0 93 83 88 73 96 92 95 56 62 53 85 75 68 76 98 72 
90 63 84 73 84 91 99 65 50 80 86 86 55 60 50 50 65 60 95 59 67 93 76 92 60 0 58 60 84 75 76 85 73 76 77 56 53 60 98 94 79 
96 91 92 61 91 68 76 93 74 86 83 68 97 66 99 53 87 80 85 50 66 96 66 76 76 62 0 82 50 78 50 63 83 54 93 96 57 96 59 98 97 
80 62 75 89 71 65 71 77 96 71 93 71 80 55 93 95 96 84 87 78 88 80 81 91 90 50 84 0 96 89 88 56 66 98 59 63 77 63 70 73 76 
69 50 90 82 60 88 67 51 72 70 77 66 61 73 94 93 84 78 67 58 95 67 51 55 56 69 58 94 0 51 54 94 76 68 72 83 99 65 75 82 53 
90 52 50 73 67 72 69 90 52 73 88 77 99 54 63 71 59 50 99 94 77 83 58 53 58 51 85 90 64 0 60 97 94 56 99 56 98 62 51 59 76 
81 61 84 84 77 96 98 77 70 70 73 79 80 61 91 97 73 86 53 85 86 77 54 80 55 54 99 62 73 51 0 78 68 56 62 75 68 79 72 75 92 
65 92 62 84 84 58 94 78 67 86 91 89 86 51 96 92 84 52 78 99 78 68 87 88 71 79 56 79 89 80 56 0 98 66 88 73 75 85 54 81 51 
84 63 95 85 62 69 81 52 84 53 50 72 77 66 83 96 74 60 75 55 81 97 91 60 81 74 74 64 77 98 97 94 0 70 65 68 83 62 67 98 58 
53 56 82 81 75 93 95 96 69 53 64 83 79 90 68 61 74 76 51 96 66 71 80 77 52 52 70 72 88 78 87 56 66 0 98 97 51 69 70 61 62 
97 86 79 84 88 99 70 90 77 70 68 93 62 63 74 67 91 96 52 76 79 91 57 96 66 73 84 82 61 61 85 74 50 60 0 68 62 61 81 77 62 
97 78 67 72 93 52 95 93 75 63 62 90 97 73 91 88 61 67 82 83 71 51 87 63 71 85 93 99 70 80 70 62 62 94 82 0 72 79 64 55 55 
67 82 51 56 58 67 78 89 80 50 68 62 93 67 80 67 70 53 77 61 80 93 52 81 65 73 75 87 75 82 72 87 58 96 55 78 0 50 69 52 56 
90 81 61 57 70 78 73 88 50 69 87 78 79 84 98 51 77 88 74 57 88 59 78 82 56 67 80 74 69 96 89 60 70 81 98 92 64 0 71 66 86 
69 83 52 51 99 72 93 83 98 77 90 90 93 53 77 75 69 85 52 56 53 74 95 81 95 91 95 59 72 65 66 68 87 84 62 98 78 59 0 87 97 
56 72 61 91 78 66 63 68 57 91 92 65 62 52 78 70 71 57 52 78 75 55 66 73 81 70 77 96 91 80 84 87 75 99 65 76 73 74 75 0 90 
68 75 67 77 66 81 78 55 70 52 91 76 56 95 57 73 50 57 88 54 53 70 50 80 53 55 74 83 69 83 52 55 56 66 67 86 85 85 71 81 0 
