n: 40
m: 4
Pi:U[1-99] 78 6 7 18 59 98 49 82 77 81 78 44 90 75 32 10 92 23 5 23 71 74 28 12 54 55 24 82 47 32 20 71 54 5 90 2 44 55 40 99 
Si:U[1-49]
0 41 6 14 34 17 48 1 36 5 6 14 14 34 46 23 26 22 39 23 39 42 34 41 25 17 25 48 47 8 9 9 13 9 21 22 16 10 42 34 20 
47 0 5 5 17 17 20 26 44 37 30 19 29 1 38 12 42 47 4 1 7 3 20 10 41 47 14 9 10 40 44 40 23 19 22 25 23 12 17 28 39 
44 21 0 8 35 48 31 6 25 42 11 48 3 21 3 41 47 30 45 7 8 20 10 21 5 18 20 9 28 30 20 11 45 42 31 13 49 28 3 11 12 
21 31 48 0 2 47 5 22 36 33 25 13 33 5 49 14 25 30 13 33 30 16 45 36 28 26 14 30 19 41 35 20 2 33 19 2 3 35 24 3 16 
48 21 24 37 0 47 43 35 38 31 33 33 37 5 6 7 2 39 46 2 46 28 13 22 45 23 23 18 11 43 18 3 16 43 10 21 13 4 15 47 19 
12 24 13 8 16 0 27 41 14 3 4 6 40 45 22 15 30 9 49 12 23 29 32 1 16 29 11 7 27 37 17 3 27 10 35 14 7 2 46 7 14 
22 36 5 13 31 33 0 12 21 20 7 39 48 44 47 12 26 42 14 28 10 10 20 48 32 44 28 16 22 47 14 5 38 31 2 19 7 19 40 34 1 
18 45 33 29 8 7 32 0 49 38 34 48 17 49 25 49 20 29 8 48 8 29 49 42 28 36 24 29 22 4 6 41 33 14 31 16 40 30 48 12 19 
40 25 5 18 42 23 11 2 0 46 4 22 11 42 21 10 27 8 13 38 33 14 15 25 9 34 39 45 26 31 29 24 25 15 25 2 38 41 34 8 49 
13 30 27 2 39 9 40 3 27 0 13 7 43 6 36 21 46 42 39 25 2 42 41 16 32 11 25 17 30 9 17 6 12 29 8 19 32 33 18 12 1 
31 46 43 46 47 39 36 3 24 41 0 8 41 9 35 11 40 20 46 29 6 31 40 30 39 48 10 26 9 23 14 35 13 13 2 29 43 44 34 41 21 
34 4 33 44 38 44 35 29 40 6 41 0 41 38 25 47 38 26 5 20 33 29 28 24 21 21 45 29 34 29 37 44 28 16 19 47 11 10 22 20 43 
33 37 1 32 14 37 46 19 20 28 23 32 0 42 23 42 31 37 41 46 44 2 13 25 8 38 26 40 10 28 48 36 35 7 7 45 4 9 14 49 40 
45 9 46 30 29 1 35 43 29 42 36 19 35 0 33 36 37 31 7 29 40 38 5 38 4 34 6 16 9 13 4 36 48 32 2 48 13 25 29 1 29 
4 25 19 44 38 1 6 25 35 16 12 46 18 21 0 13 19 3 37 27 38 22 26 21 9 45 41 40 38 27 7 25 32 4 19 21 21 18 19 3 36 
11 48 10 3 36 21 49 46 31 24 35 6 39 7 2 0 49 45 26 1 31 7 24 12 47 18 34 41 12 27 8 19 35 48 21 23 18 7 10 46 18 
26 17 33 29 2 46 30 25 21 25 11 23 23 23 10 46 0 3 31 34 32 9 19 12 44 36 3 15 8 42 7 28 11 10 20 33 10 4 23 1 12 
28 7 43 1 15 34 33 28 3 32 28 6 8 7 41 11 6 0 13 8 3 40 34 40 5 7 2 17 11 31 42 6 20 38 43 41 1 19 19 44 36 
14 23 18 2 20 3 48 43 12 1 6 30 39 28 43 4 45 10 0 26 34 36 3 9 16 4 31 9 39 40 19 11 49 42 33 8 21 1 37 1 49 
11 16 24 24 15 16 5 2 24 36 47 35 19 30 7 29 19 44 46 0 5 49 2 36 24 23 25 46 5 22 16 8 19 17 38 12 32 20 42 16 35 
40 2 22 38 49 3 3 11 49 6 18 19 30 13 17 41 13 38 17 8 0 37 2 33 17 31 26 28 20 24 18 20 12 14 24 23 29 14 28 14 23 
16 18 39 6 11 17 10 33 37 29 20 31 23 36 3 32 39 49 3 44 15 0 10 5 5 29 41 8 3 30 37 18 16 19 19 23 31 28 42 27 37 
20 25 17 13 5 34 27 21 44 16 11 19 34 25 43 16 19 48 20 46 47 10 0 5 14 17 35 24 27 27 44 15 31 35 46 30 44 27 18 18 31 
30 49 44 28 38 39 4 30 23 27 29 12 32 4 31 4 18 21 34 14 8 11 39 0 12 41 15 15 39 21 35 5 48 34 1 27 16 28 35 45 48 
5 41 48 27 20 37 46 35 23 24 46 36 37 46 12 13 7 26 43 27 27 27 13 23 0 12 27 34 11 19 7 12 30 45 46 10 34 38 4 23 25 
23 3 3 10 33 47 13 11 25 33 47 13 49 42 28 37 30 45 14 26 42 10 19 43 21 0 30 33 46 38 40 13 19 34 32 44 13 32 36 49 45 
4 28 21 9 45 2 48 2 3 2 37 41 40 6 49 17 6 28 3 31 21 40 44 13 39 36 0 49 47 16 41 32 44 4 23 49 48 33 27 24 14 
18 24 13 37 16 38 2 1 12 25 6 38 33 27 9 24 5 34 32 4 48 41 5 19 6 40 26 0 10 14 38 17 12 46 12 25 15 9 14 24 31 
41 18 22 30 4 14 37 3 13 31 34 19 5 23 24 49 33 22 28 17 28 28 47 27 24 16 26 8 0 43 20 9 14 46 43 45 10 43 38 6 46 
21 40 29 47 6 44 26 3 9 3 13 13 37 8 30 19 20 4 19 24 44 40 49 25 14 29 16 6 39 0 44 33 32 37 29 42 33 28 15 7 13 
20 21 31 20 14 35 45 22 17 8 29 30 23 28 12 40 36 20 7 12 16 32 14 36 36 44 40 41 25 13 0 12 24 27 16 23 15 24 11 31 38 
37 1 11 43 39 28 47 34 3 41 10 32 40 17 45 6 36 7 19 9 11 2 40 43 35 3 44 16 39 25 10 0 2 26 8 1 45 25 40 11 29 
44 7 31 48 5 4 14 38 25 2 25 24 15 26 14 19 44 16 44 6 43 40 22 37 7 30 32 33 40 43 19 14 0 46 23 5 19 22 2 37 38 
29 27 1 3 1 45 38 36 25 17 33 21 32 19 20 36 16 7 37 22 39 29 48 31 15 32 10 5 14 1 32 33 2 0 38 45 38 38 27 17 30 
36 29 19 49 21 47 15 26 23 13 19 20 42 35 45 18 41 33 10 6 29 3 26 17 2 42 6 36 17 6 36 42 49 28 0 48 39 36 26 24 34 
24 7 40 3 37 27 20 36 39 15 35 28 3 46 19 15 13 25 13 15 14 29 40 40 47 31 26 47 23 8 17 11 35 2 2 0 48 45 34 22 20 
10 42 33 20 15 43 44 25 34 14 21 30 40 13 17 19 17 22 37 16 25 29 16 32 2 4 36 16 4 28 11 14 45 45 2 43 0 15 35 21 34 
48 19 4 15 47 16 29 35 31 5 3 29 35 4 44 24 24 30 44 7 12 15 1 2 6 43 8 29 24 8 32 3 38 32 41 44 38 0 40 40 44 
14 43 23 1 33 31 19 1 23 31 3 3 3 19 21 12 5 15 28 43 18 49 42 48 8 40 26 16 25 39 6 36 26 13 19 1 43 39 0 27 4 
1 12 45 18 31 7 16 19 9 35 10 27 13 17 22 38 31 22 8 33 19 9 16 40 19 48 35 33 24 25 19 16 46 44 18 43 41 43 35 0 36 
26 33 4 30 34 40 16 31 32 17 9 35 48 43 48 20 31 21 27 32 15 14 9 31 6 38 20 16 36 6 11 30 44 25 1 3 4 35 39 1 0 
