n: 40
m: 2
Pi:U[1-99] 92 13 4 28 47 68 84 88 22 62 15 85 39 42 35 49 92 98 64 21 84 28 18 87 60 25 29 10 57 17 13 96 5 10 70 45 96 72 8 41 
Si:U[1-49]
0 49 49 49 49 49 49 49 49 49 49 49 49 49 49 49 49 49 49 49 49 49 49 49 49 49 49 49 49 49 49 49 49 49 49 49 49 49 49 49 49 
18 0 13 23 21 11 14 23 14 14 20 12 12 18 21 21 22 10 15 13 13 20 11 9 20 21 15 12 20 11 21 23 13 14 16 13 9 23 14 12 21 
14 7 0 8 8 7 7 5 17 9 15 8 16 4 6 16 4 5 15 3 8 3 10 7 12 10 14 17 15 14 16 7 6 17 12 12 15 6 16 14 4 
32 33 33 0 22 25 22 24 29 25 23 29 20 27 26 25 27 26 29 31 23 30 22 25 26 28 31 20 24 24 21 34 27 19 22 22 21 30 23 29 32 
33 41 37 38 0 41 43 45 43 43 34 39 38 41 40 47 45 42 41 39 42 33 41 33 45 41 37 41 34 44 33 38 45 41 43 47 37 42 38 43 46 
49 49 49 49 49 0 49 48 49 49 49 49 47 49 49 49 49 49 49 48 49 49 49 49 49 49 49 49 49 49 49 49 49 49 49 49 49 49 49 49 49 
49 49 49 49 49 49 0 49 49 49 49 49 49 49 49 49 49 49 49 49 49 49 49 49 49 49 49 49 49 49 49 49 49 49 49 49 49 49 49 49 49 
49 49 49 49 49 49 49 0 49 49 49 49 49 49 49 49 49 49 49 49 49 49 49 49 49 49 49 49 49 49 49 49 49 49 49 49 49 49 49 49 49 
17 24 28 26 26 22 22 17 0 22 19 18 28 17 15 30 28 25 25 23 20 19 23 17 25 15 28 28 27 25 17 19 15 19 23 19 30 27 23 28 20 
49 49 46 49 49 49 49 49 47 0 49 49 47 49 45 49 49 44 44 49 45 46 49 48 49 49 49 49 47 49 49 49 49 47 44 49 46 45 47 49 49 
18 24 22 20 18 11 19 21 11 15 0 21 17 12 22 22 14 24 21 24 11 24 22 14 12 19 12 19 16 11 19 10 16 14 12 12 20 13 20 18 18 
49 49 49 49 49 49 49 49 49 49 49 0 49 49 49 49 49 49 49 49 49 49 49 49 49 49 49 49 49 49 49 49 49 49 49 49 49 49 49 49 49 
31 36 41 37 36 29 28 39 36 36 40 36 0 31 31 29 40 39 30 37 39 40 37 35 35 27 30 39 37 38 29 29 29 29 29 35 39 27 37 29 30 
32 37 42 38 29 44 40 43 39 30 33 35 41 0 43 38 34 44 39 33 29 31 39 37 36 36 39 36 34 31 42 37 32 34 41 42 31 42 37 36 31 
25 35 31 25 32 30 29 24 26 34 25 31 26 27 0 30 26 25 37 35 26 27 28 27 39 32 35 29 31 34 26 35 36 28 35 34 28 38 32 30 30 
36 41 42 45 44 40 40 49 45 43 48 45 37 46 45 0 47 35 38 48 35 44 42 45 42 38 42 47 40 41 36 48 40 34 40 38 39 37 47 46 40 
49 49 49 49 49 49 49 49 49 49 49 49 49 49 49 49 0 49 49 49 49 49 49 49 49 49 49 49 49 49 49 49 49 49 49 49 49 49 49 49 49 
49 49 49 49 49 49 49 49 49 49 49 49 49 49 49 49 49 0 49 49 49 49 49 49 49 49 49 49 49 49 49 49 49 49 49 49 49 49 49 49 49 
49 49 49 49 49 47 49 49 49 49 49 49 49 49 49 49 49 49 0 49 49 49 49 49 47 49 45 49 49 49 49 48 49 49 46 49 49 49 48 49 49 
26 20 24 20 23 19 18 18 16 28 22 22 15 29 18 27 20 20 19 0 16 19 21 17 19 20 23 28 26 24 27 22 24 24 27 15 28 20 20 17 20 
49 49 49 49 49 49 49 49 49 49 49 49 49 49 49 49 49 49 49 49 0 49 49 49 49 49 49 49 49 49 49 49 49 49 49 49 49 49 49 49 49 
25 20 20 25 22 21 21 27 28 27 27 25 34 26 31 30 30 31 23 25 26 0 33 22 20 21 23 30 26 23 33 21 28 21 30 26 21 28 30 19 25 
24 26 14 20 20 16 25 16 18 26 16 26 24 21 19 19 17 17 24 16 24 15 0 22 23 16 26 24 17 12 18 17 16 13 25 16 21 25 16 18 26 
49 49 49 49 49 49 49 49 49 49 49 49 49 49 49 49 49 49 49 49 49 49 49 0 49 49 49 49 49 49 49 49 49 49 49 49 49 49 49 49 49 
49 43 49 49 46 49 49 44 42 46 49 44 49 49 47 45 48 49 46 43 49 48 48 47 0 44 49 49 43 49 49 46 49 42 44 49 48 45 47 48 45 
26 18 20 23 29 26 26 20 24 22 22 25 19 19 29 19 31 18 28 22 21 23 29 19 29 0 32 25 17 23 32 19 26 18 23 30 23 24 18 25 25 
22 26 24 29 25 31 30 27 23 30 35 22 23 35 34 32 21 24 32 25 29 29 21 30 21 23 0 32 29 33 32 22 22 34 29 34 27 27 32 25 29 
12 14 18 12 14 17 16 17 19 10 16 19 16 18 16 16 8 12 16 8 10 8 11 17 7 18 21 0 10 10 10 8 13 13 15 13 16 10 11 13 7 
48 46 49 48 48 48 42 41 48 43 49 49 49 49 49 49 49 48 49 49 44 41 45 49 41 49 49 43 0 49 42 49 48 47 47 49 42 49 49 46 45 
16 24 16 13 20 14 22 18 17 23 12 15 18 18 26 23 15 14 26 19 19 24 13 19 25 24 13 20 26 0 20 14 21 12 13 25 18 25 17 19 26 
12 12 21 17 13 14 16 20 21 21 23 10 22 13 15 14 12 22 19 13 9 15 15 10 20 13 14 10 19 13 0 12 14 20 12 16 10 19 21 17 9 
49 49 49 49 49 49 49 49 49 49 49 49 49 49 49 49 49 49 49 49 49 49 49 49 49 49 49 49 49 49 49 0 49 49 49 49 49 49 49 49 49 
6 16 14 17 16 8 14 17 6 12 6 6 15 6 17 17 16 16 15 3 8 10 14 16 10 17 11 4 9 14 14 15 0 13 7 11 15 5 4 11 7 
11 15 15 13 9 12 13 9 13 9 11 16 14 13 7 16 8 21 7 18 18 20 21 19 13 17 14 13 10 18 19 9 11 0 11 7 19 7 10 8 20 
49 49 49 49 49 49 49 49 49 49 49 49 49 49 49 49 49 49 49 49 49 49 49 49 49 49 49 49 49 49 49 49 49 49 0 49 49 49 49 49 49 
45 42 41 43 37 39 42 43 39 35 36 34 43 38 40 36 44 44 43 37 32 38 45 33 34 36 42 40 36 31 33 33 42 36 41 0 32 37 39 35 40 
49 49 49 49 49 49 49 49 49 49 49 49 49 49 49 49 49 49 49 49 49 49 49 49 49 49 49 49 49 49 49 49 49 49 49 49 0 49 49 49 49 
49 49 49 49 49 49 49 49 49 49 49 49 49 49 49 49 49 49 49 49 49 49 49 49 49 49 49 49 49 49 49 49 49 49 49 49 49 0 49 49 49 
16 10 8 8 17 16 8 12 7 17 8 6 20 14 14 8 13 13 14 13 6 16 17 9 14 13 19 10 13 6 12 12 14 7 8 12 19 8 0 13 8 
30 30 40 36 32 35 40 30 43 36 40 38 36 40 31 29 41 30 30 39 33 42 41 38 34 37 43 38 37 36 34 41 40 32 29 40 38 43 42 0 31 
2 2 7 10 6 8 13 6 3 6 14 2 10 3 11 1 1 9 6 8 13 8 1 7 9 12 7 1 8 12 6 6 7 14 13 3 6 5 7 4 0 
