n: 40
m: 4
Pi:U[1-99] 52 85 62 35 15 21 96 98 76 47 20 5 22 55 59 56 45 73 74 52 45 35 29 81 59 64 14 89 37 39 9 87 72 17 62 67 86 29 76 90 
Si:U[1-49]
0 12 47 47 4 7 43 17 41 45 25 21 34 21 41 47 49 16 48 46 38 4 46 4 36 35 32 9 17 36 47 41 1 33 23 23 37 23 45 17 11 
5 0 9 17 32 35 34 25 42 10 17 30 9 14 32 48 38 4 21 27 3 12 15 18 28 48 17 8 47 30 37 48 41 6 14 24 36 7 46 15 42 
11 19 0 12 38 8 48 44 47 35 11 10 48 4 18 28 7 27 5 21 19 41 41 19 47 11 35 18 34 3 10 10 12 28 19 19 17 1 45 4 46 
21 46 2 0 35 34 2 20 33 7 24 1 25 3 3 30 22 39 42 40 3 43 19 26 36 34 39 22 10 7 33 13 10 47 12 4 18 30 45 28 21 
26 29 14 29 0 2 45 14 23 45 45 49 45 48 7 1 34 8 32 1 24 9 47 25 9 22 49 20 4 46 22 22 26 22 27 15 20 30 9 5 26 
11 23 26 29 10 0 20 46 16 47 42 2 18 25 37 9 1 7 7 28 4 37 37 37 30 23 44 15 43 9 36 27 33 33 7 33 9 9 45 28 13 
14 40 28 41 29 9 0 29 48 18 19 46 6 18 9 7 40 24 12 8 17 47 43 15 5 33 18 5 7 31 13 38 30 26 31 39 46 24 8 24 15 
21 22 40 4 22 45 29 0 33 10 44 43 26 19 46 1 23 7 46 44 1 27 23 36 13 39 41 4 32 26 23 22 35 45 12 11 23 21 17 1 44 
14 20 21 11 6 7 16 33 0 4 18 24 42 11 29 14 17 38 1 34 5 30 11 30 49 29 15 12 25 47 29 4 3 30 23 22 5 4 29 42 19 
45 45 40 21 36 5 34 21 37 0 5 42 4 1 12 2 35 6 43 44 42 42 19 48 25 1 49 36 34 29 26 9 38 48 7 26 38 29 17 49 11 
3 40 43 22 15 20 10 33 27 34 0 41 9 35 31 30 41 3 18 3 27 18 41 19 24 36 49 14 32 48 46 6 43 36 22 41 36 35 40 24 36 
26 12 39 19 18 49 22 19 37 46 6 0 40 46 34 34 20 26 14 28 16 27 23 30 22 25 3 35 43 49 36 44 21 47 27 24 26 17 23 44 43 
33 39 2 38 14 37 15 36 45 24 44 16 0 33 36 43 49 41 26 36 44 49 38 25 44 18 40 28 4 43 21 14 33 10 27 26 39 33 9 15 31 
11 30 30 34 20 46 27 41 1 15 4 10 36 0 33 20 4 18 12 25 4 41 39 19 40 26 49 17 4 1 24 18 34 42 39 26 13 46 23 40 2 
48 37 22 45 48 12 44 25 18 35 7 9 41 37 0 35 18 36 44 12 36 5 38 26 25 10 43 25 48 33 22 5 7 2 30 27 49 15 19 41 7 
49 12 20 43 36 40 28 12 6 14 9 16 47 43 11 0 30 6 40 15 41 26 45 40 17 22 17 38 5 4 42 7 20 40 20 31 49 23 38 22 5 
44 23 6 5 10 37 15 15 23 2 15 11 7 24 3 27 0 8 3 15 21 13 39 16 36 28 32 16 33 25 20 41 16 25 23 42 21 22 19 45 10 
24 16 45 42 31 4 22 46 7 5 5 23 8 26 49 48 8 0 47 29 10 40 47 37 10 4 3 47 25 12 2 25 2 19 2 18 13 8 33 20 20 
19 25 49 3 1 40 43 6 25 47 28 35 22 47 18 30 30 39 0 46 20 39 31 14 19 21 8 4 26 42 1 42 42 31 21 27 14 44 12 28 28 
3 9 18 13 2 17 25 41 37 15 38 47 24 44 18 5 11 28 41 0 49 42 28 19 32 15 32 34 45 32 12 45 30 33 16 36 17 37 14 26 44 
12 37 18 26 35 12 12 9 28 27 27 15 16 21 6 30 48 2 15 12 0 20 41 8 31 40 13 13 40 1 40 32 34 31 49 39 27 7 27 20 2 
22 21 30 38 18 28 47 36 43 33 31 16 5 40 2 20 39 40 11 10 19 0 30 34 47 25 43 43 46 8 33 43 15 9 37 31 1 23 40 45 3 
25 17 39 19 37 21 38 19 40 32 9 33 41 42 44 9 26 34 47 20 32 44 0 43 19 14 46 43 26 39 33 4 40 23 47 40 48 2 25 40 46 
45 34 23 5 49 35 4 4 24 20 1 42 21 30 15 1 10 44 19 31 48 20 26 0 24 30 47 4 21 23 23 24 27 25 5 12 20 4 10 17 32 
29 13 4 43 19 42 13 3 25 9 34 43 44 19 25 3 6 2 30 19 3 48 17 12 0 9 42 8 18 29 8 47 48 17 47 39 37 10 22 23 42 
40 36 35 23 7 5 48 26 7 39 7 31 22 33 19 40 19 14 44 5 31 37 32 2 38 0 40 21 29 21 47 31 48 42 18 3 27 44 41 16 30 
22 42 7 34 37 8 8 10 41 24 39 4 47 5 46 10 12 38 33 22 4 5 23 45 12 30 0 41 4 13 12 15 4 23 1 16 20 22 17 23 4 
4 19 44 7 33 3 36 48 44 46 48 17 17 44 38 23 24 48 10 8 30 28 21 8 19 8 18 0 19 28 33 18 26 31 2 2 18 35 23 47 43 
43 20 16 38 49 13 17 34 12 28 35 18 44 41 49 46 42 7 47 48 14 35 44 20 49 3 41 28 0 42 33 18 12 5 7 44 25 17 38 3 2 
22 4 45 33 6 20 43 28 24 46 12 22 27 7 29 17 8 47 12 47 4 38 24 8 27 37 49 3 37 0 28 18 14 13 36 21 26 48 11 41 10 
6 30 30 31 27 18 16 37 32 1 49 32 47 39 11 8 24 4 5 34 43 39 26 24 30 7 36 38 2 27 0 33 18 18 19 40 2 11 11 42 31 
6 16 17 18 46 22 30 47 18 14 47 43 5 14 8 23 6 37 43 5 45 26 38 44 5 36 17 31 46 3 11 0 1 28 16 45 17 19 31 8 13 
15 3 40 20 33 40 32 28 49 19 22 23 8 14 9 26 31 15 30 47 4 34 12 2 17 26 36 11 7 14 34 19 0 2 10 4 24 33 45 30 43 
16 6 36 15 5 37 14 47 9 39 1 48 9 14 41 44 25 6 21 25 36 46 23 33 16 6 37 16 3 49 43 31 46 0 18 31 18 30 10 37 27 
11 35 24 25 3 15 2 20 16 41 27 31 5 10 30 23 29 42 47 34 36 41 8 1 32 24 28 30 36 49 9 23 34 6 0 15 11 18 4 10 22 
7 10 23 16 13 31 19 6 13 16 1 21 9 31 4 7 8 5 42 14 26 3 37 16 45 29 9 15 43 42 38 41 41 40 25 0 12 17 9 6 29 
15 15 37 21 12 33 35 27 6 5 13 48 35 18 49 12 45 8 38 17 30 20 22 29 31 47 48 44 18 36 31 38 18 17 46 23 0 45 5 45 6 
26 44 36 46 30 17 38 21 23 39 30 13 24 3 3 28 46 17 15 24 4 37 48 34 10 3 39 35 13 45 20 10 3 49 13 15 6 0 10 44 17 
40 2 47 10 9 22 33 9 28 43 19 48 31 43 15 29 6 14 3 31 42 35 18 12 40 19 19 38 33 10 14 39 43 27 2 46 11 15 0 46 22 
21 20 13 31 40 11 24 45 11 36 47 12 37 17 4 36 48 30 27 42 48 25 32 25 17 43 1 37 41 30 8 43 48 46 42 37 11 37 24 0 12 
13 40 21 40 3 33 11 10 42 9 6 39 8 42 21 9 1 31 44 48 45 19 49 44 2 39 24 48 2 47 25 8 32 44 39 44 41 4 14 24 0 
