n: 40
m: 6
Pi:U[1-99] 1 62 13 52 15 93 21 19 6 64 9 94 93 68 74 34 44 4 57 88 21 99 2 86 56 72 15 55 36 66 93 32 64 83 26 69 34 84 41 58 
Si:U[1-49]
0 10 5 30 8 1 20 25 4 18 49 28 27 1 49 30 49 40 49 49 30 49 39 33 15 9 46 48 49 49 39 9 48 34 24 9 49 40 49 13 49 
6 0 3 12 23 22 23 26 6 5 30 49 36 40 34 37 49 49 37 49 42 49 9 40 12 48 30 39 49 49 31 18 49 31 37 49 49 49 49 22 49 
14 6 0 10 9 5 27 2 16 9 7 43 49 49 39 49 45 49 49 49 43 28 31 33 49 40 21 49 49 40 33 43 49 6 49 49 24 1 3 18 37 
18 9 12 0 26 15 0 4 12 21 49 34 19 49 49 6 19 49 31 10 37 49 49 49 37 49 40 28 36 43 1 46 31 3 12 42 49 49 10 31 49 
26 6 12 22 0 26 18 4 30 2 49 4 48 43 12 7 49 31 37 40 49 16 49 36 49 18 49 10 24 49 49 42 49 31 49 16 40 49 22 49 49 
25 26 3 22 4 0 19 18 17 12 31 49 45 49 49 30 49 1 49 28 13 18 49 7 40 49 49 9 49 3 31 43 25 40 46 28 36 42 28 49 42 
28 22 26 8 4 29 0 11 14 26 49 46 19 25 27 48 43 25 49 49 49 48 37 49 24 6 43 9 42 49 16 49 27 19 49 13 37 49 49 6 25 
28 6 1 28 11 26 13 0 16 1 36 49 49 49 49 49 49 42 49 24 49 16 49 45 49 28 10 49 49 33 4 48 13 7 13 49 49 49 49 33 49 
12 10 32 19 2 26 22 17 0 20 49 49 49 49 4 49 12 31 30 48 49 16 36 21 30 33 37 27 9 49 49 36 49 28 25 49 16 25 49 49 13 
10 10 32 8 25 21 8 2 22 0 15 21 49 49 33 10 49 45 10 31 39 13 43 6 49 49 3 49 33 49 49 49 39 49 46 48 27 9 1 40 45 
42 49 10 49 49 3 7 30 12 25 0 21 12 14 22 10 10 10 31 23 37 13 45 49 31 49 49 15 7 7 18 33 46 49 42 49 33 49 49 49 37 
22 49 45 19 39 49 49 49 4 27 4 0 2 10 4 9 25 10 7 30 16 1 49 49 1 13 27 6 49 45 13 10 13 49 49 42 13 39 33 49 49 
13 45 25 28 49 18 19 16 49 48 8 12 0 13 10 5 11 32 29 12 6 19 43 36 46 48 49 28 46 3 49 36 24 49 49 27 49 27 4 49 43 
24 49 49 30 36 49 49 49 28 49 17 5 30 0 12 31 24 15 17 19 49 18 39 22 24 46 49 49 49 28 22 9 49 19 49 49 49 24 45 49 10 
49 49 36 21 49 49 42 13 49 42 20 7 15 31 0 29 19 13 13 9 37 49 49 48 1 49 21 40 19 7 37 49 42 49 49 33 9 49 49 19 1 
13 27 24 46 27 49 25 48 28 12 24 13 27 26 12 0 6 8 14 17 49 7 49 49 49 49 49 34 49 21 49 49 49 43 45 22 21 49 10 6 33 
22 49 39 34 1 49 42 30 18 49 8 11 26 24 30 4 0 0 27 0 48 49 42 49 49 13 49 49 39 13 49 3 49 19 49 25 7 49 30 49 27 
49 16 36 36 6 28 3 36 3 49 2 14 18 20 18 17 11 0 5 5 49 49 25 36 49 48 33 43 39 43 48 22 40 22 19 49 27 49 10 34 49 
49 49 9 49 28 31 4 36 43 37 8 14 15 10 16 22 20 32 0 24 24 13 45 16 36 21 49 49 13 46 49 49 22 18 30 33 49 49 18 49 19 
49 39 49 37 22 49 49 12 10 49 30 13 13 24 14 19 21 8 12 0 49 40 42 49 49 49 49 49 10 49 37 45 37 49 37 49 49 49 49 49 49 
49 19 39 49 31 49 24 49 49 9 49 27 22 49 3 18 19 49 43 3 0 18 27 4 1 19 23 17 32 14 43 31 27 28 9 49 40 30 49 25 49 
33 3 49 27 7 15 18 49 49 31 40 49 49 28 28 16 34 28 21 31 31 0 18 32 23 18 14 12 17 3 25 21 7 49 49 46 19 49 49 49 49 
12 37 3 34 49 7 34 49 39 49 49 49 49 49 49 45 49 37 49 27 19 16 0 8 16 2 1 14 29 15 15 1 49 4 49 49 49 6 25 49 28 
49 49 31 31 16 49 30 13 49 49 43 46 49 12 46 1 21 3 49 34 29 28 18 0 21 20 27 28 5 32 1 49 33 28 43 49 30 15 40 34 49 
3 49 45 49 49 49 22 16 36 7 45 49 7 49 27 42 40 7 43 3 29 30 22 8 0 8 6 6 2 6 9 49 46 15 49 33 43 49 7 49 4 
33 49 30 49 49 49 49 21 22 49 4 10 3 48 39 49 40 15 19 31 18 29 4 20 3 0 24 26 10 11 7 49 37 49 49 10 49 49 24 49 43 
43 9 49 21 10 49 37 22 33 49 13 42 49 37 36 28 49 27 49 16 12 4 7 13 32 2 0 14 16 13 15 34 10 49 13 49 9 40 49 16 49 
34 36 49 42 42 25 43 6 49 19 30 37 39 49 42 25 40 49 43 10 28 16 4 10 20 9 14 0 16 25 46 49 21 49 19 49 49 49 46 28 49 
49 46 33 49 49 25 33 49 49 24 49 30 7 49 25 49 49 24 12 49 30 24 4 12 24 27 3 10 0 24 39 49 9 43 9 49 40 9 36 36 10 
49 22 9 49 6 4 36 49 49 48 49 19 49 49 43 49 36 42 39 28 32 15 24 16 8 0 6 32 16 0 1 16 31 49 37 49 18 49 49 49 7 
15 49 16 25 13 43 7 1 49 49 9 30 3 49 49 49 49 19 49 46 25 45 49 21 6 46 45 28 12 49 0 28 26 23 1 30 2 3 30 8 49 
42 25 12 49 40 49 49 24 49 25 45 15 16 15 1 16 18 49 6 4 45 49 18 49 49 49 16 12 49 49 19 0 16 8 24 7 12 10 2 14 12 
22 30 28 4 49 6 49 16 49 12 3 12 12 49 4 4 18 49 30 28 42 49 21 1 34 30 40 46 49 31 30 21 0 3 19 5 12 23 4 22 40 
40 16 49 1 6 6 49 15 49 19 7 49 12 1 33 10 40 43 45 49 49 43 12 27 22 18 31 49 49 21 22 4 15 0 10 15 4 28 3 23 31 
1 49 49 39 31 42 6 40 1 33 49 33 49 49 9 45 31 49 28 49 15 4 49 28 49 49 1 36 10 31 18 30 19 24 0 30 28 30 14 24 15 
40 49 25 7 25 49 7 13 9 49 49 42 45 49 40 24 31 49 25 31 49 13 49 39 49 22 16 49 37 22 16 7 30 26 29 0 3 7 12 32 19 
31 24 28 6 37 49 49 28 49 28 25 34 46 25 21 9 49 42 19 19 15 49 49 39 6 48 49 40 49 49 20 2 10 32 10 19 0 11 9 16 39 
49 49 25 49 4 49 49 39 49 28 25 42 28 39 49 49 4 12 7 49 10 33 21 49 19 9 46 22 7 16 15 30 17 5 11 1 1 0 26 8 49 
3 33 49 25 16 36 19 13 1 4 43 49 37 4 31 24 49 49 49 49 48 37 49 25 49 46 37 49 40 49 25 20 9 10 12 8 16 22 0 13 49 
16 37 25 30 6 15 22 13 9 48 34 49 49 49 12 40 49 49 33 21 48 49 15 49 1 49 25 37 33 49 25 7 10 20 21 1 21 6 28 0 19 
1 49 39 48 49 49 18 37 31 49 16 43 37 16 34 40 28 49 13 49 40 49 18 49 49 37 49 34 4 16 33 36 48 13 49 19 22 49 7 12 0 
