n: 40
m: 10
Pi:U[1-99] 7 39 94 15 72 30 75 17 31 43 59 18 3 84 97 91 27 21 82 54 56 45 29 52 9 1 72 54 18 91 22 60 55 41 49 78 20 28 41 4 
Si:U[1-49]
0 18 6 0 26 3 27 22 29 25 30 22 42 7 6 4 27 42 49 13 49 24 37 39 49 49 49 6 13 49 10 15 45 49 36 24 49 15 22 46 15 
26 0 4 14 6 26 7 26 7 24 12 49 49 24 21 21 49 12 25 49 31 33 13 49 49 9 46 36 6 45 49 4 49 49 46 22 49 49 49 4 18 
16 16 0 0 22 10 22 21 20 2 49 49 15 18 49 34 24 40 49 49 49 25 24 48 40 49 42 7 49 49 22 46 3 22 49 28 24 42 27 42 21 
23 7 22 0 28 18 27 32 27 6 49 12 49 30 49 19 43 19 39 48 49 45 24 24 25 24 43 27 34 9 25 15 49 7 27 30 49 1 12 24 49 
7 5 13 4 0 28 10 3 9 14 49 40 25 49 49 12 31 31 25 16 49 12 49 49 39 49 49 10 31 49 49 49 33 48 37 9 1 16 49 10 49 
11 24 22 12 32 0 12 13 10 12 18 49 49 34 49 4 19 1 10 37 49 42 49 49 34 30 49 10 36 33 49 49 4 30 49 46 1 1 49 15 39 
26 28 32 4 20 10 0 18 4 18 46 49 3 18 40 49 31 6 7 49 4 27 43 49 24 18 33 49 19 4 27 49 28 49 49 48 49 49 48 48 9 
2 7 16 14 12 26 12 0 15 6 18 21 49 40 28 27 10 19 16 49 49 33 49 49 49 24 25 49 49 49 49 9 43 48 27 49 22 49 49 49 49 
14 11 14 18 10 1 32 28 0 22 1 49 33 4 28 49 27 49 49 49 22 49 22 4 25 46 18 49 25 15 36 7 9 49 46 21 49 24 49 49 12 
16 9 24 6 1 2 28 4 14 0 49 42 49 33 46 13 49 49 7 34 10 40 49 40 48 40 22 49 45 49 16 34 31 49 37 33 12 22 36 16 49 
49 49 49 22 36 34 9 10 49 49 0 10 0 12 20 28 29 1 25 2 25 49 49 19 49 15 49 27 49 7 1 28 19 49 25 13 49 49 6 49 46 
39 49 12 49 49 48 49 3 33 21 12 0 15 12 13 20 32 30 0 6 30 31 33 49 49 9 49 49 49 48 49 49 13 49 31 4 49 19 49 46 33 
18 49 49 45 1 49 49 49 31 36 12 29 0 31 14 2 11 26 18 25 31 49 31 3 34 13 12 49 42 46 42 21 15 10 31 31 49 49 42 13 31 
3 19 49 12 22 39 40 49 22 49 19 32 25 0 14 20 14 11 27 0 46 36 49 28 49 19 9 37 16 37 49 43 46 49 24 49 13 1 49 3 36 
25 40 49 36 24 33 49 43 49 49 28 15 32 27 0 12 11 19 26 28 25 21 49 22 3 48 25 16 42 27 42 1 42 13 22 27 49 49 48 49 49 
25 18 49 31 10 49 21 45 49 33 9 22 16 24 4 0 9 18 1 16 49 43 6 27 31 49 49 12 6 49 49 6 49 13 21 34 49 49 49 10 34 
7 4 48 49 13 31 49 34 49 46 21 14 27 30 24 20 0 12 29 31 49 49 24 39 49 49 22 12 1 15 37 49 46 10 24 43 49 49 42 49 40 
46 49 49 49 28 21 28 37 48 49 26 30 6 20 12 13 31 0 14 5 49 49 49 49 40 33 34 18 27 49 49 25 4 6 48 6 49 36 6 49 1 
37 4 21 13 24 49 49 49 49 7 8 10 29 2 20 14 12 14 0 26 45 49 46 49 30 40 19 3 49 27 49 28 49 49 34 21 15 49 40 9 49 
49 49 30 49 21 39 13 49 49 49 32 27 5 16 22 31 15 10 12 0 49 46 49 39 49 16 49 39 27 30 6 45 24 49 28 28 49 49 49 49 33 
49 18 30 30 49 49 45 49 27 37 12 10 49 37 39 27 49 16 30 49 0 8 21 29 16 8 13 24 15 3 45 25 18 4 19 49 9 13 19 6 28 
49 12 7 33 49 49 49 49 15 30 28 31 43 12 49 19 19 10 40 49 20 0 22 20 26 4 32 9 29 18 4 49 48 28 49 34 31 27 16 25 21 
6 49 9 15 49 49 45 49 22 49 37 1 49 40 49 25 49 19 13 3 1 4 0 24 31 23 23 4 21 23 19 16 48 49 49 15 25 49 7 49 15 
28 43 49 40 49 27 49 4 49 6 33 7 25 18 28 16 49 13 33 27 10 30 11 0 4 12 28 3 27 22 49 22 22 49 49 16 37 30 3 31 13 
45 39 30 42 15 49 49 49 49 33 34 49 37 49 43 6 49 34 7 27 3 13 16 31 0 4 10 19 16 8 28 1 18 36 18 28 43 48 24 49 39 
39 49 49 4 49 49 49 3 49 13 9 49 33 16 42 22 49 1 37 49 4 21 17 10 24 0 2 16 11 26 42 6 30 33 49 1 7 13 22 49 4 
33 15 36 3 40 49 15 16 9 40 27 6 49 22 49 49 49 49 15 16 23 26 7 14 25 13 0 16 12 14 49 18 49 7 49 49 19 49 30 49 49 
49 22 49 49 13 25 49 18 49 49 49 12 30 7 3 43 9 25 36 34 2 7 32 12 3 27 12 0 30 14 49 49 46 49 22 49 31 49 13 36 37 
49 3 42 21 22 19 48 15 49 31 49 49 49 49 49 9 10 43 49 49 14 27 19 4 0 19 8 17 0 18 6 49 36 4 49 45 45 49 49 34 13 
30 25 49 40 9 31 21 16 4 21 49 49 13 46 49 49 16 13 28 49 24 15 25 1 10 2 18 31 5 0 12 16 49 49 43 12 48 49 49 19 15 
9 15 49 42 13 25 25 49 49 49 49 49 48 43 22 43 15 49 49 27 49 49 45 12 49 49 10 49 1 21 0 24 21 19 9 18 2 14 4 4 49 
25 1 49 7 49 1 49 22 49 24 30 9 25 4 49 3 49 49 49 48 49 39 49 43 9 34 16 21 49 28 24 0 10 32 18 16 25 20 13 2 36 
21 49 24 49 1 46 40 43 21 36 49 49 7 49 16 30 49 49 19 10 40 49 49 16 48 30 24 9 49 18 21 30 0 12 9 8 7 12 30 14 7 
49 27 48 36 49 13 45 25 19 49 25 49 19 49 49 49 27 49 39 36 49 49 49 9 27 49 49 31 30 49 9 22 7 0 0 17 18 8 23 25 36 
49 25 16 18 49 31 49 37 49 49 4 22 3 22 49 15 34 49 49 49 49 31 49 9 49 30 43 39 18 49 20 19 25 29 0 26 29 16 16 26 49 
13 25 28 21 49 10 34 4 45 49 16 12 4 9 28 49 27 49 36 12 3 12 49 15 49 43 49 49 36 40 32 14 22 4 21 0 15 22 16 12 40 
49 10 16 21 49 21 12 48 48 9 34 49 45 49 27 21 24 10 27 49 48 1 49 7 37 49 18 15 49 49 19 2 6 31 5 23 0 14 30 16 19 
49 12 49 13 1 37 18 4 49 49 3 36 37 49 6 49 49 48 34 36 49 49 1 39 31 49 49 28 3 28 7 23 26 18 24 11 22 0 31 2 30 
3 49 7 43 7 48 16 27 36 6 1 42 3 40 49 21 45 49 13 27 30 49 49 22 33 34 6 45 30 18 7 18 31 9 12 4 19 19 0 21 43 
33 49 3 15 22 49 49 13 49 3 49 34 16 49 49 49 40 4 15 13 48 49 49 6 12 1 16 24 49 49 30 7 28 22 13 26 0 14 7 0 49 
28 34 48 48 49 7 36 37 4 49 10 49 21 49 46 33 34 19 34 33 49 33 43 6 49 37 30 15 43 4 3 21 37 40 3 49 49 28 12 49 0 
