n: 40
m: 2
Pi:U[1-99] 75 41 15 3 71 66 66 18 38 33 33 43 91 48 82 91 63 35 43 12 33 40 53 71 4 79 1 91 27 78 28 77 99 52 98 88 7 89 16 45 
Si:U[1-124]
0 58 50 4 72 60 7 12 28 67 61 43 111 124 124 4 70 96 124 61 124 22 9 90 124 60 117 37 96 64 124 124 99 124 124 24 42 124 94 124 36 
48 0 61 32 48 6 0 10 46 53 124 124 124 124 124 12 15 46 72 124 124 87 10 66 120 85 124 124 36 9 31 124 10 28 105 124 114 102 69 45 109 
76 2 0 6 21 20 49 26 16 55 117 64 67 124 124 124 124 124 22 40 7 3 45 124 1 124 36 124 78 124 124 9 61 124 124 124 75 81 102 124 120 
74 23 0 0 61 12 12 46 52 46 124 40 19 124 124 120 67 124 124 57 124 18 75 79 124 79 48 73 82 34 100 58 124 42 93 124 100 124 1 4 124 
35 62 33 78 0 72 52 34 56 9 124 99 115 124 4 81 72 16 124 124 124 121 124 109 67 21 46 13 46 13 124 99 7 96 34 85 88 124 57 124 51 
36 51 62 20 39 0 59 76 6 22 124 124 34 124 124 9 124 42 6 79 124 117 66 121 109 124 124 124 124 43 55 124 18 102 124 124 70 6 124 124 124 
58 8 48 76 8 11 0 13 7 49 25 58 124 94 124 58 124 84 124 90 12 57 124 34 124 18 88 124 21 66 124 61 34 124 85 16 64 124 124 124 124 
70 24 0 29 52 56 28 0 44 34 120 69 4 109 111 117 94 91 124 124 124 109 78 64 69 60 49 81 108 124 124 97 48 124 103 124 63 27 3 67 102 
11 72 4 74 60 70 1 56 0 60 124 9 90 30 124 10 82 124 72 123 25 70 105 36 28 124 69 48 124 37 124 103 24 124 21 124 3 124 70 99 10 
38 45 61 31 26 36 60 48 6 0 48 99 6 124 64 124 18 124 124 124 124 106 124 10 72 102 34 105 16 124 124 124 124 124 43 124 124 124 124 22 6 
76 124 34 124 87 124 103 97 124 66 0 62 8 32 2 15 6 61 46 6 118 63 19 49 16 124 114 88 118 66 124 25 54 73 15 124 36 19 124 63 124 
108 124 94 124 97 1 115 114 73 96 66 0 65 45 72 82 3 50 52 22 103 39 42 72 31 93 25 19 124 22 124 63 115 124 109 124 105 9 124 124 94 
124 124 121 27 9 93 55 24 124 88 20 35 0 55 60 54 62 30 81 58 21 90 124 1 49 124 114 124 6 42 21 99 34 124 85 124 124 66 124 124 106 
4 124 76 6 78 22 124 106 120 124 28 80 54 0 69 77 51 14 16 8 64 15 67 30 36 124 124 18 34 124 66 124 28 124 106 58 124 28 124 15 87 
82 124 15 124 124 54 79 124 37 124 34 4 74 72 0 68 34 52 12 12 124 112 51 124 114 111 34 124 124 105 45 111 112 45 124 124 118 37 124 66 124 
94 70 58 37 124 60 15 97 124 48 42 30 27 20 79 0 4 60 14 52 105 124 13 22 124 111 97 63 103 30 124 24 51 118 24 118 100 124 40 34 124 
124 66 87 39 124 46 124 9 124 103 65 74 49 56 76 30 0 64 52 1 124 55 118 81 45 124 124 124 75 73 124 67 48 124 79 1 124 51 87 124 39 
16 39 78 75 76 64 13 75 4 49 64 9 82 15 63 45 29 0 48 81 124 39 124 30 124 124 124 82 124 85 69 124 34 54 12 55 58 124 115 28 30 
97 18 124 63 21 109 27 96 124 124 40 22 68 40 64 19 71 10 0 40 124 124 105 124 61 70 124 105 33 28 78 46 27 112 124 100 124 108 124 124 39 
67 7 105 124 25 115 124 124 124 102 82 58 14 63 20 73 11 52 48 0 13 124 111 124 82 63 78 1 114 100 60 90 18 72 124 36 9 58 27 76 124 
105 58 91 81 61 64 82 57 115 124 124 36 124 22 124 87 58 91 4 75 0 46 24 25 11 74 64 68 59 53 124 124 91 124 96 58 124 115 40 81 18 
124 82 93 111 1 51 7 73 18 124 30 124 9 124 124 124 118 97 52 48 56 0 46 2 21 42 44 80 16 67 124 48 124 124 124 76 120 124 16 124 124 
123 57 78 30 124 105 124 19 81 124 40 43 18 64 43 82 124 48 64 78 55 26 0 8 26 26 20 54 17 72 43 6 39 61 61 24 25 105 124 45 124 
108 25 67 124 91 124 7 34 15 108 124 63 3 21 124 114 124 78 124 124 39 27 20 0 73 20 30 80 66 8 120 52 100 45 124 75 94 12 124 72 124 
25 6 54 36 3 55 45 94 102 120 124 124 85 124 93 124 91 24 4 34 26 20 35 18 0 80 56 59 60 57 124 21 3 124 79 108 124 18 124 85 121 
108 124 124 124 105 124 9 124 91 39 93 96 1 30 48 124 27 124 121 124 26 2 50 61 30 0 39 33 26 50 36 106 121 16 124 28 124 124 19 76 124 
85 16 124 124 124 124 18 124 124 19 124 40 99 124 124 124 124 124 124 124 51 57 82 58 12 31 0 68 32 14 109 46 124 4 4 124 114 45 124 18 112 
124 124 124 46 124 124 124 124 124 43 109 22 124 124 103 72 124 27 124 124 77 28 33 43 62 56 50 0 73 12 6 27 1 91 124 9 69 118 124 97 106 
124 15 124 60 115 15 124 82 1 111 124 109 25 124 124 39 124 54 124 114 74 78 44 80 22 62 8 16 0 47 124 124 96 40 64 124 19 105 81 6 3 
115 123 124 103 124 81 114 105 61 3 124 124 16 79 30 60 30 28 124 21 58 29 29 20 42 24 52 58 26 0 124 124 13 124 66 66 18 19 124 124 103 
34 46 124 39 124 124 97 36 43 124 67 88 124 66 124 9 120 43 13 124 112 24 124 124 9 51 124 124 85 124 0 78 45 40 68 2 78 62 68 46 33 
124 124 99 64 109 94 124 13 100 82 10 88 124 79 16 114 69 7 1 42 124 21 124 93 1 75 124 124 67 124 20 0 17 62 12 76 82 34 15 35 3 
124 124 33 73 15 112 120 124 18 124 124 27 124 79 12 81 124 124 124 63 124 124 124 27 78 82 117 97 124 81 57 3 0 70 22 22 71 14 50 57 124 
48 124 123 46 124 124 91 52 63 111 67 90 57 112 1 124 124 55 90 16 4 124 91 124 124 84 13 124 124 9 22 30 72 0 24 36 60 79 47 63 121 
124 106 123 34 85 124 124 49 124 124 124 16 124 27 43 18 91 124 93 112 57 51 84 96 42 34 124 124 124 108 60 59 26 40 0 22 14 48 42 12 3 
93 124 55 55 124 124 43 72 37 117 105 46 118 124 94 124 109 19 67 4 55 124 66 4 111 9 114 52 124 124 76 2 32 48 40 0 38 28 61 61 100 
124 7 13 124 4 124 18 124 57 49 124 64 124 114 67 102 81 34 124 124 87 48 124 21 30 31 124 88 63 81 64 20 34 8 32 82 0 10 70 37 112 
124 51 10 64 40 94 60 124 124 123 124 94 114 124 124 28 18 124 36 124 124 61 28 12 124 30 106 124 1 66 54 0 36 60 23 32 34 0 74 74 109 
108 124 6 120 22 124 103 81 49 124 60 124 4 124 124 82 40 124 124 105 16 69 117 115 6 124 124 81 45 111 53 16 9 45 63 28 14 3 0 50 124 
66 19 9 124 106 124 124 124 37 82 90 124 43 124 124 31 124 124 78 57 118 70 78 4 3 13 112 88 124 93 2 34 66 54 48 26 49 20 18 0 22 
124 124 37 124 124 109 124 78 52 67 69 31 111 124 88 109 72 45 48 51 10 63 39 124 79 88 73 84 79 15 120 124 106 9 124 124 49 58 60 88 0 
