n: 40
m: 2
Pi:U[1-99] 25 49 56 64 68 84 96 6 21 87 36 98 94 25 88 56 10 47 96 73 25 31 38 21 20 29 74 94 76 26 72 59 95 88 28 98 22 42 72 9 
Si:U[1-99]
0 39 62 15 8 9 18 78 96 62 5 75 48 54 97 85 17 40 63 85 46 47 86 22 21 55 51 40 35 16 95 15 56 72 99 63 72 88 29 63 91 
15 0 92 79 21 74 65 55 87 85 30 72 19 11 87 69 78 36 45 36 97 41 28 13 66 34 76 69 17 49 33 57 42 54 70 73 67 74 99 43 65 
10 75 0 14 14 42 50 74 89 39 73 85 85 17 57 65 81 15 24 64 91 13 36 24 8 43 94 7 56 86 41 27 3 25 31 14 11 80 20 75 24 
58 43 68 0 3 71 83 30 45 68 48 58 20 70 81 91 1 61 51 70 72 97 83 75 92 28 89 31 43 55 30 26 54 7 79 6 39 47 21 15 26 
19 56 23 23 0 79 24 44 49 8 62 47 62 50 9 20 30 93 43 7 53 65 8 93 2 30 30 99 23 24 81 11 71 27 20 55 80 85 33 38 77 
91 77 75 61 36 0 30 28 42 21 21 50 14 11 1 26 73 13 61 87 67 2 45 92 41 77 72 56 62 19 84 46 76 53 2 32 27 69 96 82 95 
57 62 74 48 9 12 0 14 75 74 75 54 47 84 31 15 65 80 94 52 15 48 56 62 51 91 69 99 36 64 44 6 51 30 25 33 75 51 60 11 45 
73 35 54 65 59 51 6 0 56 10 25 30 9 45 98 81 71 3 23 24 46 56 62 29 79 87 40 11 98 67 59 5 92 56 74 62 62 26 6 75 66 
40 72 52 71 94 63 36 13 0 10 15 19 39 47 76 71 92 29 57 45 20 88 39 52 86 54 45 31 55 67 66 81 31 78 29 77 21 14 64 59 73 
21 57 50 26 51 38 2 40 40 0 23 23 41 66 66 41 90 91 11 18 72 94 49 43 79 36 42 52 1 64 61 21 18 81 83 12 17 57 7 39 11 
10 2 29 42 1 59 83 26 64 33 0 29 44 53 85 80 56 37 4 72 28 44 61 31 34 32 73 16 11 88 71 62 50 19 98 99 8 72 72 90 5 
3 55 44 3 64 25 34 53 76 36 25 0 67 62 36 55 92 50 95 66 63 62 45 16 42 80 86 3 76 10 72 97 7 64 87 96 22 38 43 74 38 
87 88 12 62 9 56 40 28 76 26 54 62 0 99 48 18 79 18 7 3 75 55 82 95 52 17 74 63 36 99 91 35 73 96 65 78 83 58 41 42 15 
82 59 64 78 12 38 38 99 56 11 86 66 92 0 29 17 22 13 22 58 76 47 44 90 87 34 20 27 90 88 79 20 22 13 37 58 58 71 89 4 4 
60 55 9 70 84 22 23 91 69 14 48 96 81 23 0 32 92 29 95 45 20 76 76 14 85 37 12 65 28 95 34 58 35 83 21 84 21 90 29 4 87 
72 99 43 52 77 3 15 26 16 84 96 5 23 87 51 0 74 47 75 22 41 98 91 21 79 86 92 78 84 43 28 56 67 54 19 17 14 25 49 73 77 
39 57 76 2 29 3 47 55 74 70 60 95 91 73 84 17 0 11 16 24 33 6 62 67 53 17 89 37 22 56 47 87 33 60 94 17 63 20 58 22 98 
90 34 69 98 2 24 32 70 41 12 50 82 89 29 92 79 31 0 13 75 75 55 86 52 85 40 88 32 25 22 23 7 52 18 98 91 84 22 12 44 92 
66 96 54 29 50 94 33 48 35 92 69 5 65 3 40 82 55 75 0 68 72 42 8 84 54 6 43 10 76 47 72 23 43 11 34 30 7 31 38 94 18 
28 61 22 49 74 44 60 90 19 9 29 3 2 59 64 18 61 17 64 0 25 32 70 32 70 60 23 11 11 93 83 50 86 14 30 64 52 69 48 10 62 
67 18 41 27 19 54 2 84 99 50 94 26 42 23 56 72 82 1 27 48 0 10 35 59 57 21 46 56 60 63 47 95 2 53 47 48 43 44 33 60 68 
96 17 93 69 20 42 6 90 10 89 4 42 84 82 37 32 90 87 13 91 24 0 4 62 29 73 97 68 86 82 4 84 76 25 36 6 36 28 11 70 39 
52 87 78 51 10 50 99 94 4 97 14 20 59 15 59 61 41 32 81 40 57 22 0 38 16 33 44 42 43 57 93 62 73 60 35 75 96 96 10 79 92 
22 43 36 70 9 88 49 26 61 16 45 93 85 41 12 33 51 9 95 20 25 90 20 0 94 73 52 22 69 32 98 74 84 28 53 20 13 47 38 89 40 
15 49 35 53 56 25 92 96 83 27 91 90 69 99 97 32 33 57 13 46 59 63 83 9 0 66 31 26 96 28 83 98 11 12 12 92 67 86 74 85 27 
73 28 84 87 13 83 5 91 64 80 33 78 83 31 96 56 91 32 53 91 22 80 75 17 82 0 16 25 59 85 8 64 48 61 78 42 76 70 15 53 4 
34 28 42 78 54 75 88 88 84 10 59 8 96 3 7 97 70 32 1 42 61 14 24 34 92 99 0 88 69 14 54 48 1 84 45 25 14 47 49 16 52 
55 99 79 64 34 5 35 59 21 26 51 81 53 26 86 53 79 12 63 41 56 18 66 8 2 45 57 0 74 49 23 60 71 23 86 17 10 65 31 24 99 
3 23 31 5 11 67 11 64 9 26 99 15 66 50 23 40 59 22 43 68 32 47 68 11 26 52 43 71 0 4 3 26 89 14 5 34 21 44 49 29 12 
36 44 66 14 94 47 72 79 99 31 7 34 54 19 49 90 63 79 31 51 82 92 69 46 5 29 83 19 75 0 53 95 13 9 96 12 19 35 28 16 37 
40 16 32 93 47 26 9 91 52 35 46 87 25 75 2 27 66 49 80 97 9 36 64 67 73 52 53 28 55 11 0 32 79 3 2 88 55 90 17 38 7 
36 52 10 24 38 62 16 20 83 68 17 24 79 34 77 68 4 55 19 40 6 89 9 52 88 75 36 90 61 7 29 0 88 3 29 27 92 50 96 72 60 
38 11 61 93 90 19 97 19 40 13 92 37 54 51 33 78 62 71 59 2 89 45 75 30 48 99 46 4 33 35 27 19 0 36 17 18 12 23 48 37 21 
33 3 56 74 56 32 95 38 91 35 47 95 27 42 43 66 25 17 50 33 85 83 62 22 42 46 28 43 97 99 4 8 13 0 96 26 86 92 51 22 85 
58 28 19 67 41 92 46 76 16 70 41 8 16 19 44 68 6 2 5 67 33 15 18 99 81 52 4 43 22 47 26 90 64 54 0 88 2 86 32 59 65 
29 14 16 56 1 96 35 8 57 80 79 67 76 4 65 93 62 85 49 29 94 52 99 48 28 61 98 17 55 1 27 84 53 22 1 0 89 32 46 85 30 
12 13 38 29 25 87 70 95 54 48 51 94 75 88 8 78 14 2 41 45 16 3 67 96 98 21 59 85 27 17 73 75 52 7 14 73 0 22 72 55 60 
23 27 96 29 64 58 45 33 29 51 54 68 93 85 92 69 83 10 74 47 4 61 70 58 39 32 98 18 59 46 95 89 8 14 46 45 77 0 63 84 73 
17 61 25 99 6 61 64 80 28 94 36 89 77 46 33 23 93 80 32 24 11 76 3 21 95 29 34 94 4 1 73 44 95 11 60 56 6 53 0 17 16 
52 95 71 28 9 98 4 21 5 28 39 61 14 96 41 7 22 97 93 3 85 8 65 27 92 39 86 93 70 81 84 89 96 72 57 44 93 61 80 0 78 
61 24 79 84 32 92 94 34 43 49 4 70 3 94 61 62 12 76 99 25 95 30 15 1 29 83 40 28 83 32 84 29 66 99 13 78 67 18 20 17 0 
