n: 40
m: 4
Pi:U[1-99] 89 97 93 76 63 75 66 82 23 65 65 65 51 94 41 75 48 51 66 20 30 86 39 70 14 12 11 10 59 84 31 35 63 21 71 57 97 48 11 41 
Si:U[50-99]
0 77 59 88 77 80 82 97 61 84 78 81 61 86 91 54 54 63 60 54 60 93 83 73 53 54 63 52 50 69 62 99 90 58 56 69 92 75 51 68 88 
56 0 51 91 93 81 75 95 72 76 75 80 57 68 67 60 62 67 61 66 69 67 82 56 58 80 94 91 88 92 82 88 53 57 56 68 88 57 53 80 67 
68 79 0 62 74 91 88 58 86 72 63 54 89 53 55 68 52 61 64 90 84 58 98 93 98 84 83 98 81 77 73 50 80 94 58 70 99 91 75 54 70 
56 50 70 0 95 90 74 77 79 97 66 96 75 99 65 66 99 88 76 50 86 61 77 56 62 65 84 90 73 64 64 86 91 94 85 73 53 72 57 86 58 
72 93 61 87 0 64 50 54 90 80 59 66 77 84 73 56 54 77 98 72 78 68 57 63 86 87 93 73 92 87 94 56 56 66 62 70 93 60 74 86 99 
55 94 57 61 69 0 67 52 97 65 52 78 87 54 83 81 64 89 65 92 73 65 79 93 98 75 68 95 95 66 52 79 67 89 81 74 69 80 97 62 69 
64 64 86 65 59 50 0 68 51 77 66 56 81 78 62 54 69 66 56 91 57 68 65 75 90 59 50 53 56 73 96 63 96 82 70 94 73 71 80 98 84 
96 63 59 59 54 54 68 0 82 98 96 53 78 50 72 93 50 84 51 80 64 58 92 86 59 77 73 93 85 86 57 92 88 75 75 74 50 65 71 89 97 
63 97 87 84 80 82 99 86 0 98 82 62 65 79 55 51 51 73 92 89 98 51 60 89 66 59 78 69 87 55 69 59 63 53 64 97 71 91 96 97 91 
75 96 83 61 87 97 74 87 88 0 57 75 64 68 92 90 56 77 79 68 95 69 53 69 81 67 77 92 74 73 70 65 61 91 91 51 54 60 80 96 98 
62 98 91 93 56 53 65 53 80 84 0 50 78 56 60 92 68 94 61 95 96 69 51 81 53 73 69 76 77 83 51 68 51 63 97 61 64 99 57 86 95 
66 50 51 69 88 95 85 59 61 90 51 0 85 67 62 92 57 83 74 88 91 52 81 54 68 94 87 93 76 52 52 72 84 67 63 82 86 61 59 65 52 
85 61 62 88 73 73 56 57 86 79 54 65 0 80 60 69 52 66 76 63 56 56 89 76 51 88 95 64 62 51 81 80 88 66 86 77 53 97 84 86 87 
68 78 97 80 52 61 70 52 73 60 70 89 72 0 86 79 68 95 84 59 87 50 53 99 58 55 74 59 65 90 68 53 63 59 71 77 62 78 68 93 80 
53 64 66 73 64 71 85 57 58 76 64 53 88 92 0 53 55 94 67 82 68 54 60 95 62 89 52 99 66 98 73 93 77 91 89 86 96 95 67 56 80 
54 89 96 98 83 85 66 50 83 98 64 52 74 63 58 0 91 64 72 55 80 82 92 95 74 93 92 50 62 93 95 50 95 57 72 93 81 61 64 56 87 
99 77 70 71 56 85 96 65 94 69 85 99 61 86 87 85 0 71 84 59 57 68 62 63 90 55 64 56 93 81 50 86 98 85 98 59 95 86 66 62 68 
70 79 96 96 51 86 71 82 98 96 62 93 92 54 63 99 62 0 89 97 53 93 78 82 54 87 79 94 61 56 89 91 76 73 50 55 50 70 72 50 51 
70 66 77 94 54 66 55 78 89 82 98 57 59 63 54 97 68 54 0 63 56 95 94 85 53 80 88 51 65 95 55 61 78 50 82 81 64 57 51 61 82 
98 72 75 64 75 59 85 72 82 93 97 69 78 97 59 60 79 72 66 0 63 90 61 69 68 71 80 85 54 71 61 50 81 96 86 51 51 97 58 68 98 
75 62 86 96 57 67 95 53 95 75 93 80 95 56 85 87 66 52 94 70 0 54 91 50 83 70 90 94 61 58 73 93 51 97 57 56 75 97 80 78 85 
64 92 99 79 87 86 65 85 53 50 65 91 51 64 81 60 91 70 97 52 86 0 66 51 72 83 93 99 60 82 64 67 89 52 53 55 74 73 99 90 82 
85 54 98 90 58 53 78 83 68 99 58 80 60 94 70 95 83 90 85 64 97 67 0 52 61 65 56 72 77 52 96 51 71 63 54 86 92 62 59 57 70 
80 73 57 87 65 84 60 74 85 96 50 89 63 88 75 96 80 98 96 58 58 99 99 0 89 87 87 56 53 96 79 69 65 74 99 57 71 79 64 94 89 
75 72 63 98 51 92 96 51 54 53 79 81 87 57 87 90 91 58 85 73 95 67 62 75 0 70 51 65 89 94 54 90 86 55 71 53 88 73 50 50 95 
78 94 84 84 83 89 53 70 92 57 99 53 58 50 86 64 61 99 75 70 68 95 92 51 55 0 97 82 70 57 77 97 82 64 62 77 56 50 68 60 92 
82 90 69 76 75 99 56 97 60 81 98 92 54 79 82 76 92 64 76 50 56 70 60 96 56 74 0 95 76 64 62 95 81 76 54 50 91 98 60 66 99 
98 70 67 51 74 94 96 50 51 92 70 93 61 66 70 60 80 67 70 53 88 86 57 74 58 63 95 0 83 67 84 84 84 56 82 91 81 98 80 61 93 
94 57 77 70 78 81 50 52 68 55 82 65 78 96 73 64 76 63 67 52 53 59 95 50 58 82 70 64 0 54 89 54 53 89 58 86 66 91 98 90 90 
72 73 96 93 53 81 55 86 64 62 51 72 64 78 53 85 76 88 86 52 68 66 81 97 75 85 92 82 92 0 69 79 83 97 87 58 83 90 76 85 96 
76 80 59 76 79 77 68 92 55 64 62 96 73 72 68 52 63 60 62 69 83 62 90 75 80 61 72 88 59 76 0 89 93 73 72 92 62 51 63 61 91 
61 88 92 99 73 66 94 54 82 95 63 56 83 90 95 94 67 64 81 77 82 57 57 90 96 74 53 53 86 72 95 0 53 78 51 52 94 51 95 61 70 
70 50 67 54 95 91 88 88 72 86 76 74 98 52 67 96 88 57 73 58 58 59 71 86 95 72 83 90 94 65 58 55 0 59 58 77 55 73 84 65 51 
63 55 83 65 70 87 79 99 53 88 50 68 73 94 68 70 70 71 62 65 86 50 98 73 63 51 89 90 73 61 67 67 55 0 70 55 81 87 91 68 99 
65 83 96 62 93 82 98 71 78 92 63 52 87 98 68 58 87 93 71 52 56 92 56 98 68 92 86 68 83 52 57 60 53 97 0 90 96 70 91 63 91 
84 86 59 96 65 86 77 91 51 62 90 90 53 76 99 87 69 91 60 92 67 68 91 96 61 65 54 53 69 74 98 81 95 54 59 0 96 99 62 94 82 
93 85 95 66 74 98 80 87 80 69 80 93 50 99 65 85 78 81 86 56 93 72 70 59 57 76 66 87 98 91 96 84 75 63 61 84 0 51 88 78 99 
97 74 75 71 63 77 68 94 95 68 67 69 92 98 97 81 81 86 76 97 55 84 95 97 57 87 76 90 54 86 55 96 81 60 73 64 95 0 51 87 93 
64 92 71 65 82 96 74 79 55 89 97 57 85 62 99 59 60 68 67 80 99 57 57 84 86 83 56 53 62 70 74 84 83 68 56 50 83 95 0 77 73 
60 80 81 51 83 51 57 79 59 66 70 83 54 68 57 81 92 82 90 88 95 84 80 53 95 82 66 83 92 68 85 69 51 93 85 52 60 72 92 0 94 
51 52 60 67 66 68 77 71 59 60 53 90 79 72 68 71 60 97 63 92 95 94 92 59 63 99 53 70 78 65 94 69 59 67 67 93 57 80 89 75 0 
