n: 40
m: 2
Pi:U[1-99] 33 15 29 54 84 75 22 94 26 39 15 59 63 76 44 57 25 80 94 39 81 9 43 65 99 10 87 33 10 84 21 3 50 85 10 8 25 15 39 14 
Si:U[1-49]
0 13 6 21 14 9 2 19 17 8 49 49 36 49 49 49 16 49 8 14 49 49 42 49 49 34 49 6 49 28 10 49 8 49 28 40 34 49 49 42 10 
22 0 5 10 4 18 5 8 17 3 49 28 49 2 49 49 49 49 16 49 49 38 49 49 38 49 49 49 49 49 10 38 10 18 49 49 14 49 10 10 34 
20 12 0 19 12 22 19 17 21 16 49 49 49 30 18 2 42 10 49 30 22 49 8 49 49 30 49 14 49 46 22 44 49 38 24 49 49 49 49 32 49 
22 22 9 0 3 4 1 20 10 13 49 42 28 49 8 18 49 49 22 16 46 49 49 48 6 49 16 2 49 49 49 49 46 4 40 49 40 46 49 49 44 
12 6 11 17 0 3 1 1 1 16 49 49 49 49 18 49 49 49 49 38 26 49 40 49 49 2 49 49 24 40 34 49 49 24 44 49 49 10 49 49 49 
20 20 8 23 13 0 16 16 11 11 10 30 28 24 49 10 20 18 49 49 22 49 6 46 32 49 49 49 49 40 49 14 49 10 40 48 49 30 49 49 12 
7 3 11 24 5 17 0 16 5 12 6 49 49 49 49 10 49 46 49 49 34 49 44 10 49 49 10 28 49 49 38 10 49 22 49 8 10 4 48 49 34 
1 16 3 6 7 15 22 0 13 18 2 49 49 49 16 49 49 40 2 49 49 49 32 34 49 38 49 49 6 18 49 42 49 22 24 30 49 49 36 49 18 
24 2 4 23 4 7 20 8 0 5 49 49 49 49 16 49 46 49 24 49 34 49 6 49 49 42 40 49 28 14 20 49 4 10 49 49 49 49 49 49 49 
20 17 2 0 3 1 4 2 14 0 24 36 49 49 49 38 49 49 49 49 49 49 12 32 49 2 49 49 40 16 49 49 49 10 28 36 49 18 49 22 49 
10 49 49 22 49 44 49 49 49 49 0 10 23 8 23 2 5 12 22 13 8 10 14 32 49 49 49 49 49 36 49 40 34 49 49 49 10 49 20 24 49 
16 49 49 28 49 28 49 49 49 26 13 0 0 22 22 21 7 17 10 9 20 36 49 14 14 44 44 49 40 49 49 26 49 49 18 28 48 4 49 28 49 
22 49 49 40 49 40 49 49 18 49 4 13 0 23 2 15 4 23 6 19 49 30 49 30 49 44 49 46 49 4 10 49 28 49 36 49 49 49 44 16 24 
49 49 26 49 49 32 26 40 42 30 7 23 11 0 6 8 20 14 14 4 34 49 49 49 30 49 28 22 26 8 30 14 44 49 24 49 49 49 49 24 6 
49 49 49 49 6 40 22 49 49 6 13 13 4 12 0 0 20 20 10 24 18 49 49 36 49 49 16 49 20 49 38 26 49 22 12 40 46 26 18 49 26 
36 49 24 6 46 49 46 30 42 49 3 11 5 11 12 0 21 3 3 21 16 49 24 49 4 16 49 49 46 49 49 49 18 49 49 32 49 49 34 42 28 
2 2 49 12 49 16 28 46 49 36 16 24 16 22 9 22 0 24 15 7 22 32 24 36 49 49 2 49 14 49 20 16 49 48 36 49 36 30 22 8 30 
49 49 49 28 26 49 12 14 30 34 24 19 7 1 8 8 17 0 9 9 49 49 36 49 49 49 49 10 49 49 22 16 24 49 2 49 46 49 4 49 14 
30 8 32 16 26 49 49 42 26 48 7 10 10 13 6 17 24 12 0 12 49 40 49 6 44 34 49 49 49 44 49 49 2 49 49 16 12 49 18 30 49 
49 49 49 49 49 24 49 49 36 49 6 14 1 3 19 4 20 12 9 0 14 42 10 49 12 12 26 16 8 30 4 38 49 30 49 18 14 48 4 42 20 
49 12 49 49 10 49 2 49 14 20 49 49 49 24 34 49 40 49 6 24 0 14 16 9 11 19 2 19 16 21 49 30 24 48 49 34 49 42 42 49 38 
49 38 32 49 49 26 49 49 49 49 49 49 34 46 49 38 6 49 44 49 7 0 16 8 5 19 24 22 22 2 16 6 28 4 20 4 49 14 32 49 20 
49 49 49 49 34 38 49 49 49 38 46 18 49 8 48 49 34 42 49 49 16 6 0 24 5 5 7 13 16 11 24 12 49 49 8 24 49 32 38 2 49 
49 2 18 16 24 49 49 49 12 44 34 49 49 49 28 48 14 20 49 34 14 23 14 0 2 24 13 4 7 6 48 20 49 18 49 44 49 49 49 24 42 
49 49 49 49 49 49 48 49 46 34 10 49 40 26 40 49 42 18 22 24 17 13 18 22 0 21 3 2 23 13 49 49 48 49 49 49 49 49 49 49 32 
36 8 49 26 49 24 44 49 49 49 18 49 49 49 49 10 49 6 49 32 13 2 9 13 14 0 19 5 8 22 49 49 34 2 49 49 22 49 18 49 6 
22 49 49 44 49 49 49 46 32 49 49 26 2 42 49 12 44 49 2 42 21 14 16 12 23 8 0 21 8 7 49 46 49 49 49 49 10 30 49 49 18 
49 49 49 12 49 26 49 20 44 6 4 49 49 49 18 22 49 49 49 49 13 17 15 21 7 9 19 0 6 24 28 49 12 49 49 46 49 49 49 49 49 
49 12 49 14 49 49 49 20 10 14 46 49 12 49 49 49 49 6 49 34 20 23 17 7 14 23 21 10 0 2 49 16 46 18 44 49 22 20 40 44 49 
10 49 12 42 28 49 36 49 38 48 6 26 4 49 49 28 40 32 2 49 23 4 4 23 21 8 14 15 19 0 49 22 32 49 49 42 49 8 48 49 24 
49 8 49 49 49 49 30 49 28 42 40 4 42 36 38 49 10 49 30 28 30 6 49 49 49 46 2 49 49 30 0 0 14 8 5 1 21 11 21 18 49 
18 46 38 32 49 49 49 49 49 34 34 36 49 49 28 18 4 20 34 49 20 40 2 44 49 10 49 44 12 49 3 0 16 14 15 9 13 17 12 6 18 
48 22 38 12 10 34 18 30 49 49 49 6 18 46 49 16 12 49 49 49 49 49 49 49 22 49 34 49 38 49 19 3 0 10 14 14 1 11 9 16 49 
22 44 49 49 14 49 32 49 36 4 6 49 32 14 8 49 49 49 49 28 49 6 48 20 49 49 49 20 49 49 1 17 0 0 4 17 10 12 6 5 49 
49 24 42 40 8 2 49 49 49 49 28 6 6 24 30 49 48 49 49 49 4 49 48 40 6 49 49 49 49 46 10 1 2 16 0 10 9 2 14 22 49 
49 49 24 49 34 49 49 49 49 49 48 49 28 14 49 26 6 49 14 49 49 49 49 14 49 49 49 49 49 34 0 9 0 12 13 0 4 23 12 10 12 
49 42 49 49 49 36 6 49 49 30 40 48 49 49 49 36 49 49 49 42 49 49 49 49 32 49 49 24 49 49 15 6 13 18 5 12 0 14 11 2 24 
49 26 24 49 2 20 49 49 49 49 36 49 4 14 49 49 49 49 6 49 49 49 36 44 49 18 28 22 49 28 1 22 11 9 5 5 16 0 0 21 49 
48 46 30 49 49 49 28 44 49 49 49 28 10 49 40 42 49 30 4 24 49 14 32 48 49 48 48 49 49 49 1 6 14 22 19 3 12 3 0 1 16 
49 38 38 36 49 49 49 34 49 49 36 36 6 38 28 49 8 49 6 49 44 8 10 49 49 12 49 30 49 49 0 12 22 1 4 6 17 23 4 0 12 
12 48 36 18 49 28 49 49 49 44 49 49 49 49 49 49 38 20 4 49 49 49 10 49 49 49 8 49 36 49 49 49 49 49 22 49 49 49 49 49 0 
