n: 40
m: 2
Pi:U[1-99] 17 55 47 12 99 23 31 88 75 63 8 45 55 71 90 91 18 90 10 46 71 44 77 31 14 48 78 63 47 44 41 48 68 95 41 47 76 40 32 72 
Si:U[1-49]
0 27 17 15 21 8 37 12 32 17 22 17 5 6 46 17 21 47 44 4 29 29 1 22 40 13 31 42 38 3 18 35 30 5 23 30 8 32 15 27 30 
25 0 36 41 43 15 30 45 15 48 29 14 23 14 5 34 16 24 35 20 14 29 49 34 34 5 14 30 39 10 3 24 48 1 16 22 38 34 37 36 31 
42 14 0 11 28 37 26 35 37 43 26 7 18 8 18 3 21 5 7 29 14 13 11 30 3 23 40 48 4 8 12 6 43 13 31 41 29 32 38 5 19 
35 4 23 0 11 46 4 32 6 30 15 34 46 11 7 15 19 9 12 33 11 13 42 25 34 3 36 28 13 38 2 36 14 22 41 13 19 35 31 46 47 
33 43 35 8 0 9 35 29 22 36 5 11 29 33 27 12 38 47 15 13 39 5 19 29 4 32 4 40 48 48 22 16 4 31 44 24 9 42 7 1 41 
20 41 26 23 13 0 11 44 5 19 49 41 10 37 25 7 3 28 9 22 42 45 39 47 26 45 37 1 4 23 20 26 14 20 39 38 15 13 21 36 30 
3 11 10 37 42 26 0 35 15 26 38 25 37 29 42 25 28 47 22 5 37 17 9 42 49 31 13 33 23 13 15 10 4 32 33 22 49 40 23 44 2 
9 26 11 10 39 7 11 0 33 30 34 33 31 1 44 37 10 35 10 44 9 15 20 43 30 2 41 25 19 17 27 38 15 20 36 40 40 38 29 38 3 
22 21 1 32 44 16 9 13 0 47 1 32 5 15 29 13 6 6 49 47 22 34 38 14 35 27 47 12 44 10 16 2 27 2 16 20 43 46 3 48 44 
32 29 6 46 21 6 9 42 28 0 27 18 17 20 21 31 1 9 44 28 17 40 33 47 45 27 13 23 7 49 7 11 1 45 39 9 1 21 46 38 18 
43 43 35 32 10 9 42 13 6 41 0 43 2 22 14 14 20 49 16 43 14 20 2 46 2 30 46 6 26 30 2 45 32 49 17 40 17 23 26 38 33 
48 7 26 34 34 12 4 4 23 41 39 0 31 23 24 34 34 14 33 13 4 45 33 35 1 30 48 5 1 46 13 9 34 28 48 31 11 27 15 24 12 
1 48 46 45 15 23 15 46 5 14 19 25 0 4 42 1 20 11 1 20 13 2 21 49 41 14 2 17 38 31 7 47 9 19 11 18 40 47 8 43 41 
15 7 12 29 43 19 39 20 47 34 20 3 19 0 7 4 20 34 31 14 20 23 39 25 9 29 49 30 9 47 19 7 45 23 5 39 19 8 28 34 41 
13 5 26 23 20 12 16 15 41 5 15 14 38 24 0 21 39 27 36 37 44 46 36 26 33 17 46 10 5 47 22 10 38 29 1 30 31 3 18 46 35 
13 38 40 42 19 38 9 24 21 29 18 42 17 16 24 0 32 29 49 45 28 31 26 17 5 42 18 27 27 18 39 2 45 31 25 27 23 42 23 23 18 
34 26 2 40 21 15 45 22 11 3 18 1 29 8 9 44 0 11 43 44 13 30 17 28 15 24 28 25 46 39 5 12 45 11 10 12 3 4 35 37 39 
11 32 16 21 25 44 29 47 14 26 7 17 6 42 23 23 33 0 48 27 22 43 35 9 34 47 43 33 25 33 40 44 47 27 44 48 34 26 44 14 4 
32 40 8 3 37 10 15 20 29 19 37 48 49 39 47 32 14 42 0 4 35 36 15 19 8 8 48 18 15 47 46 17 9 7 48 5 16 8 39 48 38 
27 26 11 12 42 37 42 6 35 6 16 44 7 12 17 23 47 49 12 0 42 44 22 14 27 8 3 20 6 40 37 30 35 14 7 46 5 24 43 21 32 
18 16 36 30 34 11 16 18 44 6 19 32 30 10 21 29 1 47 12 37 0 21 22 14 38 34 16 21 38 39 7 43 35 13 16 16 14 6 13 9 20 
39 33 36 49 31 14 8 20 15 36 48 35 34 37 48 18 31 44 13 42 35 0 27 25 23 47 8 13 31 35 21 25 1 28 32 35 12 37 2 19 13 
35 4 5 35 29 13 2 10 7 2 13 35 13 20 4 39 28 13 30 13 49 10 0 25 44 24 38 36 25 36 23 41 10 20 8 23 24 30 28 7 11 
43 47 43 1 5 21 8 14 7 19 41 9 49 22 26 42 49 40 11 34 14 49 46 0 49 34 36 38 31 14 17 49 30 46 49 30 25 16 35 33 45 
49 19 39 39 14 25 13 39 5 40 24 14 23 40 1 34 39 43 5 4 8 19 32 32 0 33 32 1 28 10 44 1 34 2 6 16 19 45 31 25 15 
33 11 44 2 19 15 31 28 45 12 14 14 8 24 19 35 20 49 40 13 42 28 42 7 45 0 8 19 49 13 6 39 34 19 27 39 18 6 42 38 38 
42 1 11 48 7 16 27 22 14 38 49 35 5 13 33 36 30 4 49 49 25 31 43 20 27 1 0 38 18 28 42 5 8 24 23 19 18 24 42 25 17 
32 46 11 42 25 15 24 7 48 11 43 15 28 34 30 12 27 22 16 17 18 7 4 20 34 14 14 0 9 8 8 9 37 34 31 2 35 4 16 37 24 
20 4 17 7 6 14 7 10 48 47 45 34 1 25 13 11 34 44 26 49 24 41 9 37 44 41 9 3 0 15 20 24 17 48 45 49 26 11 18 2 38 
43 6 15 24 34 11 3 27 49 5 19 2 12 4 16 36 12 1 20 45 15 31 3 44 44 19 30 33 49 0 44 15 18 29 27 3 18 43 47 40 9 
6 39 26 2 47 48 2 35 8 24 33 47 19 46 17 12 25 30 42 26 45 26 3 27 9 27 31 12 1 15 0 13 39 11 36 35 39 31 13 48 45 
30 25 5 17 27 45 4 18 28 18 26 37 20 29 40 7 31 9 28 20 30 39 37 24 14 18 4 13 38 44 45 0 28 2 49 24 1 34 30 4 16 
12 30 14 3 44 45 15 37 37 40 25 3 23 9 2 25 47 26 44 36 15 23 29 1 22 15 31 28 43 49 35 14 0 12 40 11 14 33 31 23 1 
26 21 48 2 19 1 23 20 12 12 27 8 31 5 18 47 25 46 43 22 19 26 5 49 5 49 23 17 1 32 1 7 15 0 13 10 24 33 12 38 1 
28 27 13 28 18 15 12 25 43 49 14 5 42 23 37 38 31 46 15 23 44 17 6 40 38 10 18 8 42 19 47 35 36 5 0 27 19 29 37 38 20 
29 20 48 16 38 30 41 27 34 17 13 11 14 46 49 8 12 12 35 34 41 5 7 14 35 37 21 30 34 40 25 26 38 48 36 0 23 17 40 27 10 
22 40 47 20 15 34 32 14 12 29 20 4 19 4 36 4 36 35 49 19 42 33 35 22 20 39 2 22 7 27 39 47 43 24 39 5 0 49 5 28 36 
34 25 1 41 41 20 35 45 9 10 35 39 22 18 5 14 26 5 20 1 32 38 28 1 34 14 9 16 42 33 15 42 15 16 17 7 42 0 33 46 41 
4 9 26 2 48 40 43 1 41 44 42 6 1 15 9 48 49 26 29 15 29 14 13 48 19 26 14 10 29 41 28 23 8 13 2 16 34 38 0 17 20 
36 32 12 24 21 30 39 19 3 14 35 36 40 43 38 40 32 44 34 45 25 44 42 20 16 16 5 13 49 2 42 48 16 46 10 33 27 4 11 0 19 
21 22 33 39 33 3 21 23 41 28 23 41 12 19 26 37 39 30 31 18 7 1 49 10 16 35 30 39 43 6 29 13 3 14 44 5 46 35 25 4 0 
