n: 40
m: 10
Pi:U[1-99] 77 1 64 85 6 75 5 97 89 74 10 4 92 62 24 46 94 22 97 77 76 34 50 22 30 70 70 19 90 29 45 91 32 62 44 13 89 22 17 33 
Si:U[50-99]
0 34 39 58 36 52 38 60 59 36 99 99 99 82 99 99 99 90 99 96 91 99 81 99 84 75 88 99 99 87 91 99 99 93 99 99 82 81 99 99 82 
53 0 46 62 47 44 46 35 50 53 99 94 99 99 99 99 99 81 96 99 99 93 99 99 99 99 99 99 99 99 90 99 99 99 99 99 99 99 99 75 99 
34 54 0 54 37 38 66 55 65 40 99 99 99 99 99 99 99 99 78 88 96 75 82 97 96 93 82 78 99 99 99 99 99 99 99 99 99 93 81 85 91 
35 60 56 0 59 38 60 48 52 56 78 99 99 87 99 99 94 99 99 99 87 99 99 90 99 99 99 99 99 99 99 76 93 97 99 99 99 99 99 76 90 
49 44 51 44 0 42 42 52 41 61 99 91 75 99 94 99 99 99 99 99 94 85 78 96 96 78 90 99 99 99 76 99 99 99 99 93 88 99 99 99 99 
41 52 57 37 35 0 33 36 52 43 87 99 99 99 78 99 99 99 99 99 99 99 91 93 99 90 99 99 82 99 99 99 99 99 99 99 85 99 99 93 99 
36 58 48 59 52 59 0 47 60 65 99 99 79 99 99 99 81 99 99 99 99 99 99 91 99 99 99 75 99 91 78 99 99 99 91 82 99 99 97 88 99 
36 48 39 53 46 48 49 0 64 44 99 87 99 99 99 99 99 99 99 88 99 99 79 99 99 99 99 99 99 99 97 99 99 91 79 99 99 99 90 99 87 
51 62 49 66 38 34 55 65 0 52 93 99 99 96 99 99 99 82 90 99 99 99 99 99 81 99 91 99 99 99 84 76 99 99 82 99 85 84 99 99 99 
34 48 41 58 49 53 48 63 56 0 99 99 99 99 99 99 99 99 88 99 88 99 81 82 99 87 99 99 99 99 99 99 99 99 99 87 99 99 99 99 99 
85 82 99 99 99 99 99 99 99 99 0 51 60 52 52 48 36 56 41 38 99 99 99 81 75 99 99 99 99 96 99 99 97 99 99 99 99 99 81 99 99 
99 99 99 99 82 99 99 99 99 99 38 0 36 59 52 36 57 41 45 60 99 99 99 99 99 99 99 99 99 99 91 99 99 99 76 99 99 99 81 99 99 
81 82 99 82 99 99 99 99 96 99 66 61 0 46 62 46 46 65 34 34 99 99 99 79 99 99 99 99 99 99 93 99 76 81 99 99 99 84 85 99 99 
99 99 99 99 99 99 99 99 79 99 56 54 52 0 38 46 43 55 60 54 75 81 99 99 75 99 99 79 97 99 99 99 93 99 99 99 75 99 99 99 99 
99 99 96 97 78 94 99 84 90 99 44 58 52 50 0 54 36 36 33 65 85 99 79 82 99 99 99 99 99 99 99 99 91 76 99 99 99 99 99 99 99 
96 99 91 99 99 99 99 91 99 99 36 35 41 64 56 0 44 52 44 56 99 99 99 99 99 99 84 99 99 76 99 99 99 88 99 99 99 76 99 90 99 
99 99 93 96 99 99 99 96 99 99 60 44 53 52 65 36 0 46 58 64 99 99 99 97 99 99 99 96 85 99 99 99 99 99 99 99 99 99 99 99 99 
88 99 90 99 79 94 99 99 99 99 47 46 51 34 33 57 44 0 62 56 90 99 99 84 99 99 79 99 90 76 99 87 99 82 78 99 75 99 99 99 81 
99 99 99 99 75 81 99 99 99 99 35 57 48 55 37 46 55 34 0 46 99 99 96 88 99 99 99 99 99 99 96 99 99 99 84 99 99 99 75 93 99 
99 94 84 99 99 99 99 99 78 99 44 57 51 56 47 36 54 40 50 0 94 81 99 99 99 90 96 99 99 99 93 99 81 76 99 99 99 99 87 96 99 
99 99 96 99 99 99 99 99 99 87 99 99 99 99 99 99 99 99 99 81 0 56 50 52 41 61 34 40 39 36 99 99 99 99 99 99 99 99 84 99 91 
99 99 97 97 99 88 99 99 99 99 99 75 99 87 99 99 93 99 99 99 62 0 53 38 43 54 57 62 49 37 88 99 93 99 93 99 85 99 99 99 99 
99 75 99 99 99 99 99 99 97 93 99 91 88 99 99 99 82 99 99 99 64 46 0 46 65 37 54 58 48 42 99 85 99 99 99 99 99 99 85 79 99 
99 99 99 82 99 99 87 99 85 99 99 75 81 96 99 99 84 99 99 99 55 38 52 0 52 37 39 60 46 58 99 78 99 99 99 99 99 87 75 90 81 
99 99 99 99 91 99 88 87 99 88 84 82 76 99 99 81 99 99 91 99 56 56 50 62 0 34 51 54 52 64 99 99 99 84 90 91 99 99 99 99 99 
75 99 99 99 99 78 99 99 99 99 78 99 99 79 82 99 85 99 99 94 38 35 58 38 50 0 36 33 51 57 99 91 78 99 99 99 99 96 99 99 99 
96 99 99 99 99 99 87 99 99 97 99 99 99 99 90 85 99 85 99 99 56 39 40 46 38 57 0 41 58 59 75 99 99 96 96 99 99 99 99 84 99 
99 94 84 75 99 99 99 99 99 99 90 99 81 99 99 99 99 75 99 82 63 37 48 42 47 56 36 0 64 48 76 93 99 99 94 99 79 99 99 99 75 
99 93 99 99 99 99 99 88 99 99 99 96 99 99 99 78 99 99 75 99 51 45 44 42 45 54 42 39 0 50 82 99 99 99 99 91 99 99 99 99 99 
99 78 85 79 99 99 99 78 93 99 88 99 99 99 99 99 99 99 81 99 50 34 58 58 58 45 38 36 44 0 99 79 99 99 99 78 99 99 99 99 99 
91 81 79 99 99 99 97 99 99 97 81 96 99 99 99 88 87 99 99 99 99 99 81 99 99 88 99 99 99 99 0 64 42 53 57 48 42 41 44 58 82 
99 90 88 99 99 99 97 91 96 99 99 99 99 84 99 91 85 99 99 99 90 99 99 90 76 97 75 99 99 99 38 0 46 66 41 44 54 46 38 51 99 
99 99 81 99 93 84 99 99 99 99 99 99 88 99 99 99 99 99 93 99 96 99 75 99 96 99 99 82 99 99 66 56 0 63 48 54 41 37 42 48 87 
99 99 99 81 99 99 90 99 99 79 99 99 99 99 99 99 75 99 99 79 99 99 99 96 99 99 99 99 99 99 64 40 41 0 58 36 44 37 36 51 99 
99 99 99 82 99 97 75 78 99 99 99 99 99 99 99 99 84 91 76 78 99 99 99 99 99 96 82 99 99 93 40 50 34 37 0 36 66 56 64 38 99 
99 82 94 99 99 99 99 99 99 99 90 99 99 99 84 82 99 99 99 99 93 94 99 99 99 96 99 82 93 90 58 54 48 56 45 0 33 61 44 56 99 
84 99 97 99 99 99 99 87 99 85 99 99 99 99 99 99 99 99 99 91 99 99 82 78 99 76 85 99 99 99 36 56 37 60 50 36 0 62 46 45 99 
97 99 99 99 99 99 99 97 99 99 99 88 99 99 99 81 99 91 99 88 78 96 93 99 99 97 99 99 99 99 54 41 34 54 56 60 38 0 36 66 99 
99 99 82 99 99 99 76 99 96 99 99 81 96 76 99 90 79 91 99 99 99 99 99 99 99 99 99 78 99 90 49 48 50 40 44 49 40 42 0 42 99 
90 85 76 99 99 99 81 94 99 99 99 99 99 99 99 99 99 99 99 99 99 90 99 96 99 99 79 99 99 99 50 52 65 55 34 64 61 52 36 0 99 
99 99 99 99 96 99 93 99 96 97 79 99 90 99 99 79 99 99 81 88 99 99 88 99 99 99 93 99 99 99 91 93 99 88 99 99 99 99 99 99 0 
