n: 40
m: 8
Pi:U[1-99] 56 59 50 19 37 9 73 7 92 6 68 25 38 2 99 30 98 82 73 82 10 24 73 77 9 74 66 59 86 42 83 3 46 19 98 75 46 31 54 42 
Si:U[1-99]
0 54 39 2 62 41 54 29 54 6 99 36 81 99 42 25 85 99 9 37 60 4 82 67 99 84 36 70 99 85 45 28 97 79 19 99 99 99 67 82 43 
24 0 2 24 30 3 44 32 46 66 19 45 72 34 99 55 99 67 64 99 99 27 22 99 45 69 99 57 63 99 96 99 96 99 30 52 60 46 99 99 52 
0 46 0 16 12 40 51 37 10 28 60 40 99 99 99 97 22 45 99 99 99 34 99 6 93 96 30 97 70 57 19 99 16 15 99 34 99 57 99 7 13 
37 16 0 0 13 0 30 16 30 46 64 99 99 99 99 99 84 73 60 70 99 79 99 96 94 28 15 3 51 54 87 75 79 90 99 27 33 99 99 99 93 
21 14 32 1 0 36 21 2 32 14 99 99 99 22 90 28 25 69 99 99 46 15 12 6 78 13 46 99 99 99 99 91 99 99 3 48 99 99 90 51 99 
16 26 32 16 37 0 2 11 13 36 27 45 46 25 99 99 42 99 60 33 72 45 99 99 94 99 54 60 45 21 76 99 99 99 99 67 25 99 7 61 46 
28 0 33 3 64 43 0 44 40 60 99 49 84 7 99 42 61 94 15 88 31 13 6 99 9 51 99 99 99 63 99 99 13 88 25 39 69 15 99 99 57 
19 2 37 54 14 46 8 0 25 45 99 99 69 99 31 66 82 43 66 16 49 15 99 40 22 25 58 81 42 99 75 21 78 43 67 31 43 46 51 99 22 
20 25 48 18 9 31 9 18 0 6 70 85 1 39 99 99 99 21 28 45 22 99 49 66 36 99 99 40 25 99 63 99 87 99 76 99 33 79 36 99 99 
10 59 2 45 33 37 14 34 55 0 19 96 99 99 49 27 99 99 19 34 96 93 99 99 40 6 99 99 85 22 46 99 99 99 99 99 99 99 81 70 64 
67 84 46 97 21 99 99 46 46 21 0 56 57 43 28 13 16 21 22 55 97 63 10 99 16 99 99 7 24 43 76 28 99 99 40 66 67 42 9 99 22 
13 36 99 22 61 99 99 49 99 34 18 0 12 55 32 48 12 45 24 13 1 48 43 33 34 58 73 99 94 37 99 75 73 19 19 31 70 3 99 34 99 
99 99 49 4 36 87 99 87 99 99 50 14 0 10 57 62 14 46 56 50 99 18 12 99 18 40 99 88 99 99 49 99 22 52 99 7 99 21 13 42 57 
9 58 99 54 58 1 21 9 99 15 58 64 18 0 14 58 30 38 26 50 99 1 90 36 82 66 22 93 13 87 99 48 36 99 93 9 70 1 58 61 22 
99 66 90 99 24 99 99 54 99 61 22 16 31 60 0 42 42 58 14 16 10 9 78 91 28 27 22 19 78 12 18 73 99 99 28 99 1 12 81 12 99 
99 27 64 19 99 99 99 54 18 78 1 54 54 31 58 0 2 38 16 0 76 39 51 82 36 28 72 70 99 82 99 21 51 99 16 13 99 21 15 99 99 
99 99 99 99 99 99 61 99 69 78 9 40 36 61 2 6 0 36 54 50 67 33 99 9 46 91 99 16 99 52 99 4 99 9 79 21 3 52 99 99 27 
19 22 36 99 55 94 94 99 99 70 19 55 63 39 34 9 16 0 12 24 10 85 94 60 43 99 79 99 99 46 25 99 88 52 52 16 63 99 99 73 90 
99 30 6 6 58 99 99 99 99 99 26 48 21 44 66 55 40 38 0 20 76 66 99 99 4 91 99 33 99 57 99 99 1 63 73 48 99 99 99 99 99 
79 49 42 99 99 93 19 30 99 99 44 25 59 12 52 22 3 48 52 0 54 21 99 99 99 96 21 99 99 4 60 3 24 99 55 7 99 82 99 73 4 
46 33 99 91 54 13 93 36 10 16 1 99 99 99 37 99 45 99 70 7 0 31 32 4 30 14 56 54 2 27 72 60 34 69 12 4 4 99 99 66 91 
99 54 99 16 99 99 46 99 73 3 99 34 99 99 99 82 69 42 12 99 42 0 65 64 8 2 64 21 28 4 25 36 15 99 7 85 28 81 10 99 16 
9 96 28 19 99 94 99 60 33 99 16 99 42 10 99 72 99 99 55 16 52 0 0 64 60 55 56 58 57 18 69 15 99 49 99 48 82 99 99 36 99 
99 73 99 13 99 99 93 18 99 48 34 99 99 99 87 52 10 99 27 99 6 18 52 0 25 38 3 37 56 48 67 75 94 99 6 72 4 45 31 25 84 
99 99 12 84 43 6 99 39 99 55 99 99 75 57 4 16 84 99 99 30 16 46 24 62 0 11 3 66 32 16 99 6 43 99 93 99 51 99 31 30 73 
36 76 60 81 55 33 70 43 34 99 99 76 67 52 45 99 99 3 99 10 38 54 36 30 46 0 25 31 2 45 99 1 99 99 99 57 19 72 99 79 64 
78 99 99 85 49 76 99 48 55 7 67 30 58 99 7 79 96 99 66 30 34 3 29 64 38 38 0 13 43 20 99 82 61 99 99 85 9 66 99 3 90 
96 21 99 67 79 15 22 99 6 99 16 90 57 31 40 78 99 99 33 76 48 16 4 20 46 53 22 0 25 9 22 99 99 99 42 13 37 31 58 99 99 
75 66 99 79 69 10 90 54 16 79 70 99 33 99 55 99 99 99 99 54 24 44 21 8 52 15 4 34 0 2 99 99 99 93 99 73 54 72 46 64 19 
13 9 99 96 10 67 13 25 48 19 19 99 99 99 51 99 90 37 46 99 23 44 2 16 36 25 1 28 55 0 12 46 99 46 28 40 39 99 72 43 52 
55 19 3 34 36 99 51 99 55 99 51 75 51 99 24 99 84 48 76 24 31 48 73 36 61 60 75 99 51 99 0 26 44 54 30 61 27 52 40 8 99 
27 19 90 58 99 61 99 73 99 25 6 84 99 45 99 22 15 99 99 55 16 99 58 24 99 87 21 99 99 99 31 0 52 18 1 60 43 7 26 40 61 
33 99 49 69 99 99 99 61 28 61 60 99 22 99 99 43 99 48 70 60 75 9 99 64 99 99 99 22 99 99 45 37 0 49 29 2 3 64 22 23 99 
22 99 33 3 99 52 84 99 3 90 93 99 61 99 82 25 69 99 48 15 55 12 60 84 99 63 99 64 4 99 51 49 58 0 28 52 31 21 40 13 1 
94 99 73 99 84 87 24 36 79 55 96 99 18 99 12 19 51 12 57 99 97 79 94 49 76 52 79 42 72 99 53 56 10 7 0 33 63 65 25 36 66 
36 99 78 15 61 99 96 72 99 88 73 99 16 79 99 99 54 90 45 78 96 13 49 99 43 66 33 49 15 19 64 34 64 60 12 0 30 21 24 4 10 
99 7 13 19 99 64 60 76 69 78 60 24 22 99 99 69 36 1 96 28 57 54 57 48 73 87 99 99 34 94 66 26 62 14 29 57 0 41 42 30 99 
46 99 30 69 85 99 99 99 4 30 52 99 30 37 31 52 99 78 99 6 36 3 78 79 76 79 99 57 33 43 44 26 8 10 28 17 12 0 40 15 97 
87 40 36 99 21 51 64 99 97 99 99 99 61 99 99 31 99 88 99 99 49 99 99 18 36 55 28 67 30 99 57 48 14 22 14 40 62 20 0 45 99 
13 15 99 51 24 99 99 99 24 7 97 99 61 84 99 78 33 22 99 78 87 15 99 96 99 19 43 28 99 49 40 43 3 6 10 29 51 35 5 0 69 
10 49 99 99 7 99 30 21 31 90 99 36 99 4 33 13 99 25 99 43 99 9 85 99 99 54 76 97 55 42 99 99 90 4 99 31 84 97 63 7 0 
