n: 40
m: 6
Pi:U[1-99] 60 72 27 11 65 59 43 21 35 53 26 55 58 6 87 38 69 35 58 47 57 67 46 43 93 48 46 69 45 66 79 55 66 29 67 52 45 34 24 6 
Si:U[1-99]
0 25 62 64 18 8 45 74 67 38 76 66 95 14 92 32 42 87 51 63 99 37 53 38 87 93 94 60 62 4 93 52 20 83 27 92 98 59 37 5 46 
53 0 69 85 42 7 91 25 62 87 63 39 46 17 37 49 24 47 11 72 2 81 7 18 11 37 7 97 20 48 84 24 30 26 20 27 63 61 88 65 72 
8 68 0 40 54 55 18 50 50 72 64 91 6 14 23 25 20 66 5 23 45 91 43 55 69 97 53 32 67 96 50 80 72 23 2 45 37 22 11 59 51 
51 53 47 0 94 36 25 76 75 29 84 86 85 54 17 13 80 9 97 52 45 36 7 61 74 77 67 92 21 1 29 99 70 54 36 45 35 71 34 88 68 
53 98 47 12 0 71 22 40 24 74 49 8 28 60 96 40 59 25 60 59 50 38 93 25 91 66 4 81 52 7 39 40 81 11 4 65 94 66 26 98 34 
69 27 73 3 26 0 94 7 43 49 5 63 42 68 91 40 46 97 23 25 29 82 71 28 73 33 66 87 64 16 85 23 33 79 66 69 39 22 30 65 78 
76 61 52 55 14 57 0 67 14 21 14 36 87 16 91 88 7 48 52 41 63 41 91 36 98 23 68 47 56 88 41 14 90 40 60 14 34 10 72 58 31 
8 24 89 16 91 99 73 0 96 46 90 69 25 99 35 7 18 28 7 19 28 33 21 3 42 97 36 61 82 12 30 19 79 13 6 67 26 58 91 89 75 
95 94 7 73 42 58 78 15 0 49 90 85 43 56 78 34 8 45 92 42 16 82 43 93 83 86 79 62 47 66 18 7 86 42 71 38 20 56 12 15 62 
28 5 29 67 7 69 60 36 20 0 41 22 21 38 67 55 13 23 42 89 25 59 47 14 94 45 51 67 78 46 40 34 99 71 86 10 91 82 97 25 18 
8 34 17 38 91 18 80 29 15 40 0 56 31 69 15 95 85 10 40 96 42 89 36 97 72 1 20 94 49 48 24 18 26 66 48 62 4 36 72 2 91 
4 35 92 38 65 88 53 15 29 73 10 0 47 43 38 6 87 86 39 96 18 81 36 51 89 55 40 38 18 61 47 6 65 17 57 43 94 38 16 32 45 
53 40 10 23 9 71 76 23 18 53 38 97 0 40 82 27 58 45 33 18 75 66 87 43 37 60 70 32 22 18 4 42 42 14 26 94 53 61 40 56 43 
40 27 14 5 83 60 92 98 53 34 57 80 38 0 55 65 83 51 68 3 55 5 84 31 76 26 5 32 60 34 35 23 58 6 53 78 42 67 9 2 11 
38 46 52 39 35 25 27 63 46 99 69 99 52 72 0 61 74 55 1 84 26 70 63 72 2 1 35 60 36 17 1 75 38 16 9 43 2 74 82 10 99 
75 85 16 93 6 22 30 79 8 30 79 77 22 83 31 0 85 43 14 47 10 73 40 99 6 39 39 26 52 37 2 71 86 97 9 68 34 39 26 15 46 
70 16 97 41 4 4 89 38 37 44 64 26 83 3 19 77 0 4 7 93 7 96 84 65 53 7 77 87 61 56 90 82 83 29 8 24 74 52 61 53 4 
75 99 64 68 88 4 74 45 64 87 7 35 54 59 37 91 9 0 45 19 66 42 82 46 69 50 3 10 18 5 91 69 51 87 95 87 95 42 10 3 86 
46 66 15 66 20 15 31 94 66 83 12 79 85 40 10 13 84 15 0 73 67 74 19 52 94 96 74 84 16 63 93 36 87 97 34 94 43 65 89 82 33 
87 73 99 57 34 68 35 97 70 26 88 56 75 67 6 78 38 25 17 0 6 27 89 5 73 38 19 29 11 35 10 82 32 94 2 40 66 79 73 66 65 
48 21 58 16 74 28 92 23 31 17 26 77 60 99 42 89 18 20 82 12 0 91 50 2 35 69 77 55 49 91 86 58 57 8 98 41 12 98 28 77 41 
36 41 75 18 79 16 87 33 57 73 63 27 28 29 40 62 51 85 31 55 60 0 3 41 65 87 51 4 51 93 61 19 82 67 29 8 83 2 40 37 75 
37 85 1 93 60 7 15 77 47 79 69 69 30 57 26 44 26 82 74 73 35 13 0 97 70 53 19 10 78 21 25 45 82 47 91 85 15 95 2 61 17 
60 25 9 39 20 97 96 78 75 54 85 32 95 63 83 51 98 4 41 25 34 99 11 0 44 73 6 75 53 27 56 7 66 62 97 86 64 9 92 67 99 
3 30 83 61 86 47 8 56 95 47 83 7 11 11 29 74 23 62 35 44 9 60 57 11 0 52 23 85 32 15 17 17 6 74 4 4 21 71 50 73 46 
61 90 97 32 34 38 11 80 8 13 42 50 94 9 99 83 57 29 37 29 32 32 9 32 36 0 75 32 36 42 41 62 19 84 76 82 49 45 89 32 23 
10 42 54 21 78 98 9 86 48 13 24 49 89 37 20 67 11 26 88 21 73 66 1 27 79 90 0 53 85 28 22 59 2 14 7 39 92 65 36 10 29 
12 39 30 39 31 75 23 96 79 83 26 28 67 72 29 77 11 23 78 23 1 21 26 69 66 12 9 0 32 93 66 2 32 41 65 30 95 97 95 9 9 
76 21 33 67 80 71 91 32 18 33 99 57 80 40 34 15 76 96 30 75 63 78 32 26 38 87 81 74 0 88 10 4 61 34 48 79 71 97 49 94 67 
81 86 56 36 36 62 50 71 91 62 20 80 37 81 32 83 80 11 2 38 77 66 20 80 86 74 28 91 75 0 36 14 27 48 54 42 68 92 54 8 92 
56 48 63 89 55 53 95 94 98 83 38 6 51 77 71 35 31 99 63 97 86 51 22 3 30 28 71 52 62 36 0 55 82 70 49 48 99 50 65 22 50 
40 16 31 99 60 78 89 93 33 5 98 56 64 42 63 28 23 20 75 68 20 83 50 79 36 31 39 27 9 8 89 0 56 55 82 56 1 98 1 17 81 
58 76 8 16 62 36 38 67 66 57 8 74 23 29 62 30 13 17 39 25 18 23 71 65 59 35 93 53 2 87 89 1 0 51 52 84 51 38 6 33 91 
25 77 98 72 29 90 57 88 2 34 50 96 85 45 21 37 8 21 43 81 44 40 25 71 61 90 66 86 67 46 33 17 74 0 73 63 68 46 86 51 20 
15 9 72 4 32 28 7 87 40 80 50 20 47 2 65 1 49 43 59 38 45 23 43 39 69 74 40 41 37 69 23 44 41 56 0 35 13 38 86 25 43 
32 67 44 45 16 15 15 3 69 20 80 75 51 47 31 19 29 20 69 33 45 8 16 3 80 1 13 84 11 62 87 29 95 3 1 0 72 49 11 5 94 
64 54 8 40 87 91 59 47 94 91 76 8 65 88 81 13 44 29 60 67 46 28 34 54 76 1 7 91 37 34 12 60 80 31 36 48 0 44 95 49 90 
81 17 61 80 61 55 34 80 7 41 37 53 4 6 2 49 46 44 65 40 40 3 36 54 53 65 51 14 11 1 76 37 14 3 28 37 80 0 79 17 11 
34 66 71 55 73 78 31 6 11 73 44 95 69 24 74 52 46 92 19 94 92 95 55 47 12 79 59 37 31 79 38 69 13 1 58 46 94 85 0 62 36 
48 67 63 93 55 58 13 42 12 18 82 96 60 55 41 91 5 92 17 93 47 78 61 18 48 13 85 80 44 19 40 29 3 95 61 78 6 88 56 0 91 
6 17 51 35 14 3 53 15 71 77 30 81 20 44 41 78 22 92 50 21 14 54 19 38 73 16 62 35 57 89 16 60 15 93 92 84 6 48 32 36 0 
