n: 40
m: 10
Pi:U[1-99] 72 52 91 81 8 3 79 98 60 40 6 41 4 16 93 68 14 48 61 97 43 55 32 48 24 68 56 65 2 18 64 43 65 45 76 95 13 13 59 37 
Si:U[50-99]
0 38 56 65 35 64 50 58 42 48 91 99 99 99 99 99 99 99 99 78 87 99 99 99 99 99 99 99 99 76 99 99 99 99 99 82 85 90 99 99 99 
36 0 37 36 40 51 64 35 64 61 99 76 99 99 99 93 84 88 99 88 99 99 99 87 99 99 99 99 84 99 99 99 99 99 99 99 96 99 99 99 88 
34 63 0 56 58 48 54 38 59 46 81 99 88 99 75 99 91 81 99 79 99 99 96 82 99 82 99 99 99 82 99 99 99 99 99 99 94 75 99 99 81 
40 51 36 0 53 35 49 63 60 58 99 99 99 99 99 99 91 99 94 76 78 94 99 99 99 99 99 76 99 99 99 76 99 99 99 99 99 90 99 99 97 
34 65 60 38 0 36 47 46 58 54 99 96 99 99 79 99 99 99 99 78 99 99 99 87 81 91 99 99 99 76 99 99 99 99 99 99 97 90 99 97 99 
52 44 54 40 64 0 46 63 62 40 99 99 85 99 99 99 99 99 99 99 99 99 90 88 76 99 99 99 99 99 97 99 85 90 99 99 99 99 99 99 99 
36 46 39 33 59 45 0 34 50 40 94 99 99 99 85 99 90 99 99 79 99 76 99 76 99 99 99 99 99 99 96 99 76 99 99 82 84 99 99 99 99 
60 33 60 33 43 48 58 0 62 35 99 97 99 99 99 93 99 99 84 99 78 99 99 99 99 94 91 99 99 97 99 93 84 99 99 99 99 99 99 99 99 
52 40 63 47 59 36 56 53 0 42 81 99 99 99 99 99 84 99 99 81 99 99 99 99 99 82 99 85 99 99 99 94 99 99 99 75 99 87 99 99 99 
58 45 58 66 62 49 64 58 57 0 99 99 99 99 76 88 99 99 99 99 76 99 99 81 99 99 99 99 99 75 99 99 76 99 99 87 99 93 99 84 99 
99 88 99 99 99 87 84 88 84 82 0 45 51 46 50 58 64 50 54 65 76 99 75 99 99 99 99 81 99 76 99 99 99 93 99 82 99 99 99 99 99 
78 96 82 99 99 88 76 99 99 99 40 0 66 57 60 46 62 58 45 59 94 75 99 99 82 82 78 99 99 99 94 84 99 99 99 99 75 99 99 87 78 
91 91 99 99 99 94 79 97 99 84 39 56 0 49 46 56 54 59 48 42 97 90 99 99 87 99 93 99 99 99 99 99 85 99 99 99 99 99 88 99 99 
93 99 99 99 99 99 99 90 99 99 52 39 34 0 55 38 50 48 41 59 79 85 99 90 85 99 87 96 99 99 99 99 99 99 99 99 88 76 99 94 88 
87 99 99 94 99 78 99 99 99 99 48 54 53 64 0 56 40 66 65 54 99 99 99 75 99 99 99 99 97 99 84 99 97 99 82 99 91 99 99 99 99 
99 99 96 91 99 99 99 99 88 78 65 58 62 54 41 0 34 58 46 55 99 99 99 99 99 87 99 99 99 99 99 99 76 99 96 99 99 99 96 99 96 
78 87 99 94 99 99 99 99 99 90 53 40 62 50 46 50 0 48 45 50 97 99 90 99 99 99 99 99 99 99 82 79 99 97 99 99 99 99 87 99 99 
99 99 81 99 96 99 99 93 99 99 44 47 49 59 64 60 45 0 60 64 99 99 99 99 99 99 99 99 99 99 99 75 82 82 99 99 99 99 99 99 99 
99 99 99 99 99 88 99 78 99 88 41 34 34 52 60 44 57 48 0 64 99 99 99 85 99 76 85 76 99 99 99 99 99 99 99 84 99 88 99 99 99 
99 99 99 99 78 84 99 85 99 99 41 61 48 44 59 50 49 42 39 0 85 99 99 99 99 99 99 85 99 97 99 93 99 99 99 99 96 99 99 75 99 
99 99 99 99 99 99 99 90 75 99 99 99 99 99 99 99 99 87 99 99 0 65 50 46 58 40 34 54 52 41 99 99 90 90 99 96 99 75 97 99 99 
88 91 99 99 99 99 94 99 99 99 99 99 79 94 81 99 99 99 99 99 38 0 60 33 66 36 60 39 65 64 81 99 99 99 99 84 99 78 99 99 99 
99 96 87 99 99 99 75 99 99 99 87 99 99 99 96 99 99 99 99 99 40 42 0 56 36 34 53 33 51 40 97 99 99 97 96 99 99 99 99 99 99 
99 85 79 82 88 82 78 99 85 99 99 82 99 99 99 99 99 99 99 99 59 53 47 0 56 60 36 38 61 55 99 99 81 75 99 99 99 99 99 84 99 
75 97 84 90 99 99 99 99 99 94 93 99 90 85 99 99 99 99 99 99 40 65 58 35 0 56 39 44 63 44 99 99 99 93 84 82 99 99 99 78 97 
81 79 99 99 99 99 99 99 99 90 84 99 99 99 76 99 87 97 99 88 56 64 34 54 44 0 45 46 46 54 78 99 91 99 99 99 99 99 99 99 99 
82 87 97 99 99 99 99 79 99 99 84 96 99 99 99 99 99 99 99 81 49 44 64 44 56 51 0 36 44 34 99 88 99 99 99 99 97 99 99 99 99 
99 99 99 99 99 79 99 99 87 99 87 99 99 87 99 79 99 91 99 99 39 46 33 41 64 64 60 0 37 45 99 99 99 94 99 99 99 99 99 99 99 
75 79 99 90 99 81 75 94 99 99 79 99 99 94 99 99 99 96 99 88 46 58 42 46 36 35 65 36 0 44 99 99 99 99 99 99 99 99 99 97 99 
91 99 99 99 99 75 99 94 91 91 99 84 81 78 99 99 94 99 87 82 38 51 50 38 55 40 58 54 56 0 99 99 99 99 99 94 75 99 99 99 75 
99 99 99 81 99 93 99 78 99 85 99 75 99 91 82 91 97 79 99 88 81 99 99 99 84 99 99 91 99 99 0 35 63 64 34 61 43 38 66 64 99 
99 93 94 99 99 81 90 90 99 88 99 99 99 81 90 99 91 99 99 99 97 96 99 99 99 79 78 99 99 99 39 0 64 61 56 60 64 58 64 54 85 
99 99 97 99 94 99 99 99 99 99 85 84 99 99 85 99 97 99 75 78 99 75 79 79 99 99 90 81 99 99 62 64 0 56 56 65 38 38 42 36 91 
99 82 81 99 78 99 99 99 99 91 82 97 79 99 99 99 99 99 99 84 99 99 99 99 75 99 99 99 99 75 34 38 64 0 57 62 64 65 43 46 99 
99 99 99 99 94 99 99 88 99 99 82 99 99 94 99 91 97 84 99 99 91 99 99 99 99 99 99 99 99 99 49 43 35 52 0 39 65 56 34 56 99 
99 99 90 99 99 99 99 99 78 78 99 99 99 79 99 99 75 90 99 75 91 99 82 99 99 99 99 99 99 99 66 59 48 42 33 0 56 44 36 53 99 
81 76 79 99 99 99 99 94 99 99 99 76 99 76 99 99 99 99 99 99 99 75 85 94 99 99 99 78 99 99 66 54 43 35 54 60 0 63 44 50 76 
99 99 99 99 99 85 99 97 99 99 78 82 99 91 90 99 99 99 99 99 76 88 87 99 85 99 99 90 78 99 60 40 47 62 36 50 44 0 63 40 99 
99 99 99 99 99 94 78 99 99 99 99 99 99 88 94 99 99 99 99 99 99 87 99 99 99 99 97 99 78 99 63 50 34 63 43 50 58 66 0 54 99 
85 97 99 99 85 99 99 99 99 99 84 99 88 99 99 84 90 99 99 90 99 99 99 99 99 99 99 99 99 99 34 54 40 56 53 50 34 40 45 0 94 
99 99 78 99 99 78 87 99 99 85 99 99 99 99 93 99 99 99 75 76 99 99 99 97 87 99 99 75 99 81 97 99 96 99 99 99 84 99 99 99 0 
