n: 40
m: 6
Pi:U[1-99] 77 1 77 61 86 58 12 40 73 51 63 83 19 78 64 60 47 70 96 43 48 5 48 9 6 9 83 93 54 57 27 13 10 43 8 59 53 96 12 59 
Si:U[1-49]
0 9 4 15 22 25 27 29 22 0 49 9 21 24 10 49 49 18 39 27 49 3 15 6 49 19 49 49 12 13 42 22 49 49 49 49 49 40 30 28 49 
30 0 17 20 13 22 8 10 22 22 49 49 49 49 49 22 13 25 48 49 49 49 42 22 49 49 16 37 49 33 21 49 49 49 49 25 49 4 7 49 49 
2 24 0 12 16 13 32 20 14 15 45 7 12 36 1 49 49 48 49 49 1 49 48 48 49 28 37 49 49 16 49 12 4 40 49 49 30 37 49 49 49 
12 18 6 0 2 13 26 32 2 18 15 49 39 43 49 27 49 12 19 39 31 16 33 4 7 1 49 40 49 49 37 48 39 31 15 16 27 42 48 9 10 
5 21 11 7 0 13 12 3 18 4 34 49 48 19 49 43 40 6 16 36 49 40 4 46 30 1 18 49 27 6 49 49 1 49 37 49 49 49 49 49 49 
16 4 26 12 10 0 13 18 27 20 42 28 13 31 24 33 28 43 10 12 10 49 34 21 49 13 21 24 6 22 12 49 43 21 49 9 16 49 28 49 39 
2 24 15 20 16 2 0 20 28 18 49 21 43 13 45 45 37 16 49 40 42 12 49 49 19 39 39 49 49 46 33 31 49 49 49 36 27 49 33 34 15 
7 14 17 21 14 11 18 0 30 24 10 15 3 1 15 49 49 49 45 4 13 49 37 49 15 31 30 49 46 13 25 49 37 49 1 49 49 7 19 25 33 
2 22 22 4 16 21 32 31 0 26 24 10 49 49 10 33 49 40 49 49 3 49 49 13 49 1 25 49 49 49 46 49 49 19 7 4 1 18 49 31 36 
7 27 32 27 16 6 4 28 2 0 16 49 33 37 36 49 18 49 36 49 25 49 49 33 49 49 49 40 49 46 4 49 21 19 49 49 49 49 49 25 49 
49 6 28 6 28 31 10 18 42 49 0 6 21 10 30 12 14 24 27 12 49 3 13 49 49 30 45 4 37 7 19 49 3 16 49 1 49 13 49 49 48 
39 27 30 27 45 1 49 43 39 49 20 0 2 28 26 7 30 10 6 23 40 49 49 49 49 49 10 27 30 49 49 13 49 49 49 49 16 21 39 40 24 
18 33 10 49 49 49 22 12 49 30 16 6 0 9 4 30 20 28 17 5 30 13 49 43 6 27 37 49 27 3 49 34 33 49 6 13 49 49 28 19 12 
3 49 49 49 18 37 49 49 49 22 15 32 16 0 28 12 30 2 26 4 16 10 24 45 49 30 49 21 6 31 39 28 49 40 22 7 49 19 49 40 49 
49 49 28 27 28 49 3 49 34 49 6 6 20 20 0 14 31 8 18 8 49 4 49 49 4 49 18 49 9 15 49 45 42 15 19 43 49 21 27 37 49 
49 9 10 19 31 31 3 31 49 43 26 13 22 1 1 0 21 10 10 19 25 49 49 13 49 25 49 49 24 49 13 49 49 49 16 49 49 15 31 49 49 
30 40 36 10 34 9 21 36 49 49 22 2 30 22 24 12 0 19 26 17 36 16 28 49 40 12 49 7 4 1 43 33 13 48 4 49 19 49 49 43 49 
25 36 25 19 49 45 49 49 49 49 12 27 23 18 4 20 30 0 0 31 1 39 30 49 15 31 27 49 49 12 49 48 34 49 37 10 18 49 9 25 1 
49 4 33 24 9 18 49 49 49 18 32 28 10 6 6 23 12 14 0 25 43 27 24 49 12 33 49 10 39 43 25 13 24 45 49 49 28 48 19 3 49 
33 13 39 49 10 43 19 49 9 9 26 12 10 14 3 21 2 32 26 0 49 40 36 49 49 16 30 46 1 9 12 49 22 49 49 42 9 49 46 49 6 
34 27 19 10 19 49 49 1 43 49 36 49 46 9 31 28 13 10 43 24 0 24 14 2 1 28 5 28 13 32 9 49 49 27 45 49 49 16 10 18 37 
10 7 49 28 19 49 37 49 49 9 30 21 48 18 49 25 49 28 16 40 21 0 4 12 4 26 32 28 28 8 28 49 36 49 30 49 6 49 19 37 49 
18 49 49 48 49 49 7 49 37 36 37 49 24 42 49 28 49 49 49 31 1 20 0 31 5 9 22 16 32 3 49 40 22 49 49 4 24 22 43 24 43 
49 49 48 33 49 40 36 19 49 43 30 49 1 33 49 49 25 49 49 49 14 24 19 0 7 10 24 2 31 3 49 28 1 28 22 49 49 49 36 49 43 
49 48 34 30 28 49 48 30 1 13 40 10 49 10 1 49 49 7 40 37 2 28 24 5 0 6 13 14 21 10 33 49 49 30 21 36 49 22 7 13 24 
16 12 49 49 49 22 18 49 21 37 24 43 16 49 24 42 49 25 49 22 32 1 24 9 18 0 14 27 17 19 49 27 46 18 49 31 3 49 36 28 27 
49 49 6 49 46 49 49 4 49 49 39 34 33 36 49 49 21 39 3 7 23 8 16 28 6 12 0 3 6 25 49 28 31 45 34 33 42 49 48 34 15 
42 15 4 40 24 49 49 49 49 49 49 36 42 15 30 25 49 49 45 39 2 14 26 15 22 4 18 0 2 32 43 40 31 34 36 40 48 28 31 49 27 
42 49 7 28 30 10 49 21 49 7 27 13 34 40 19 33 49 9 49 6 6 15 18 6 30 18 12 25 0 9 49 3 3 45 1 49 49 33 49 36 49 
37 30 49 49 22 49 49 49 28 30 28 49 22 7 40 49 22 46 31 49 1 28 31 14 26 10 15 14 5 0 49 45 3 15 48 28 42 45 48 33 49 
45 40 48 28 39 49 37 13 27 49 28 49 13 4 49 49 19 49 49 49 25 28 49 31 37 49 49 3 33 22 0 29 28 29 30 3 31 29 28 24 9 
22 7 6 49 49 27 21 49 39 3 49 30 21 45 49 19 45 49 48 49 42 49 4 49 49 49 46 46 30 15 27 0 24 7 28 9 20 28 5 24 1 
46 46 39 39 49 27 49 43 27 12 49 10 28 34 10 49 37 40 13 27 49 30 24 49 12 36 49 15 28 4 1 0 0 29 18 16 15 21 5 8 34 
43 18 21 37 49 49 49 3 15 24 49 27 16 27 49 48 18 48 19 7 18 43 18 34 31 25 7 10 3 49 14 4 7 0 6 31 8 18 29 31 37 
21 49 21 22 31 3 49 49 9 49 49 49 12 49 46 42 1 49 22 49 7 34 34 49 48 49 48 49 49 49 29 18 1 16 0 30 2 28 19 18 49 
49 22 46 24 49 49 49 39 49 49 3 21 42 49 13 24 49 43 49 39 49 49 49 9 49 48 4 7 49 49 26 16 24 20 18 0 20 23 26 26 49 
45 48 3 7 43 49 49 19 22 12 16 49 49 21 49 21 39 25 39 18 49 36 49 21 49 49 16 16 18 6 28 31 30 32 6 24 0 4 24 11 49 
49 49 49 22 16 3 49 3 49 49 49 49 7 9 18 49 49 49 1 37 13 49 24 30 1 24 48 49 49 49 20 0 26 14 26 14 18 0 31 0 37 
12 6 33 25 16 19 49 22 37 45 28 12 49 45 18 49 24 49 49 49 27 12 10 25 6 49 49 49 34 42 12 0 12 12 20 32 5 30 0 14 36 
49 13 6 28 49 45 40 36 27 27 49 31 4 31 48 16 19 37 31 46 49 49 10 28 49 43 36 24 49 21 7 6 26 10 32 4 30 19 5 0 6 
45 39 31 33 31 6 25 39 7 9 49 24 7 1 16 49 31 3 49 49 21 22 42 49 12 12 9 45 18 30 39 7 34 40 3 16 49 49 7 21 0 
