n: 40
m: 6
Pi:U[1-99] 99 92 79 81 77 72 47 96 81 45 94 26 47 67 88 49 91 77 28 30 70 91 70 67 36 82 30 4 96 74 77 2 58 92 52 66 61 59 13 41 
Si:U[1-124]
0 59 40 69 17 32 18 66 42 66 93 124 81 67 124 99 124 81 124 52 27 124 13 79 124 13 124 33 15 58 79 72 124 124 60 12 25 124 3 124 39 
10 0 12 75 62 68 57 50 44 8 111 25 124 76 57 124 124 49 6 28 31 97 18 102 52 75 124 124 16 124 124 124 21 124 106 88 124 22 124 73 42 
44 54 0 33 76 30 75 72 32 65 115 57 121 124 91 124 109 67 9 124 124 111 88 117 124 16 33 28 124 124 124 36 124 42 124 46 124 124 90 46 124 
28 35 63 0 20 63 44 17 77 75 30 61 124 106 84 72 124 82 43 12 93 43 9 91 87 33 124 123 33 15 117 106 4 61 51 124 124 124 49 109 18 
64 54 43 57 0 28 22 30 50 70 124 124 111 27 75 61 124 55 108 124 40 111 124 6 43 124 46 27 51 124 118 124 87 37 4 124 124 124 24 97 124 
5 34 28 61 68 0 74 54 67 2 124 87 124 64 61 102 24 124 69 37 75 106 124 31 124 48 124 124 124 19 61 12 124 124 124 109 124 124 124 118 7 
19 49 3 68 48 2 0 26 63 68 111 93 60 124 124 82 124 99 117 37 25 124 105 91 109 84 30 124 9 9 79 63 124 39 124 64 48 12 16 124 124 
12 5 22 78 24 22 58 0 12 14 124 73 124 124 34 22 39 97 106 15 42 3 12 13 3 124 31 39 60 124 124 124 124 124 73 124 124 34 124 124 124 
80 21 8 47 19 36 80 10 0 44 91 124 124 82 97 124 124 45 124 82 91 124 124 19 64 124 124 124 49 7 93 15 124 6 54 124 112 114 103 117 73 
68 12 40 4 16 61 9 74 75 0 31 124 124 124 30 124 55 88 40 124 111 124 22 124 24 21 124 121 91 66 124 33 124 124 124 88 124 69 124 124 66 
16 97 124 81 15 52 85 124 78 124 0 7 12 43 37 15 23 38 56 30 124 70 105 99 124 12 124 118 6 73 72 81 94 115 51 63 124 37 69 124 124 
124 124 124 54 73 124 124 24 124 33 16 0 78 37 54 81 48 58 78 21 102 120 123 124 94 70 124 19 124 12 100 6 75 103 73 36 19 16 124 124 109 
30 124 15 124 57 85 40 99 76 49 54 68 0 74 62 22 34 38 61 62 124 124 124 124 21 22 52 51 84 70 124 4 79 49 124 99 54 124 103 69 46 
21 120 105 124 106 124 124 76 124 43 60 68 38 0 2 74 33 36 72 16 63 124 124 42 54 124 124 81 111 60 1 124 124 124 105 124 124 124 124 124 124 
124 124 19 13 103 124 25 81 81 10 80 46 55 36 0 42 34 82 50 28 124 7 106 75 124 124 13 88 96 106 124 67 45 124 75 124 36 78 99 124 21 
25 112 75 73 36 115 124 39 103 100 61 28 23 28 31 0 38 72 58 7 40 72 124 124 124 124 61 52 15 15 124 124 19 76 93 3 54 103 124 10 124 
124 54 33 30 124 124 82 124 36 117 1 46 16 36 72 62 0 80 36 50 1 124 124 124 61 9 33 30 124 115 124 3 124 19 24 39 90 73 88 103 123 
54 124 124 42 73 61 124 124 111 28 40 75 50 43 78 4 43 0 35 34 124 124 90 31 118 82 115 124 39 124 124 79 67 37 124 124 33 124 124 91 54 
124 124 103 70 100 91 70 124 114 79 44 42 48 34 42 78 18 80 0 18 87 124 6 117 114 22 102 1 73 114 75 124 88 124 124 72 124 3 31 91 22 
111 124 124 19 84 124 124 81 28 91 78 49 18 25 28 3 13 22 8 0 43 54 124 84 88 60 42 124 124 60 49 1 96 4 52 39 9 72 124 124 124 
87 124 52 48 124 96 55 37 57 90 64 43 111 21 124 124 123 57 6 124 0 63 54 31 3 3 40 28 30 27 88 124 31 124 12 88 124 124 79 124 9 
87 54 55 124 124 46 51 42 61 4 124 7 15 124 109 52 85 51 55 121 4 0 70 45 4 29 82 36 78 54 43 28 120 124 15 57 18 118 124 124 85 
124 82 124 43 124 124 78 72 124 124 124 1 21 117 124 124 81 25 25 124 60 47 0 59 18 76 52 10 44 15 66 34 124 124 31 51 4 124 40 84 106 
124 124 124 112 124 124 124 124 72 93 124 124 124 52 124 37 124 111 45 75 58 74 35 0 76 7 40 63 30 29 33 51 19 124 124 124 61 124 124 72 28 
124 124 39 18 99 22 28 115 79 12 73 121 85 118 124 124 124 57 103 21 53 2 12 1 0 82 40 79 10 50 124 16 3 124 106 45 124 99 84 124 15 
124 84 124 85 121 124 34 30 106 31 124 18 124 124 124 124 124 54 48 43 26 21 65 18 66 0 34 31 4 44 111 72 124 109 114 120 124 52 78 105 124 
124 15 37 124 124 4 124 4 16 66 124 124 15 124 36 120 124 124 124 81 12 7 14 3 73 43 0 67 44 72 6 111 49 40 124 102 124 124 36 124 124 
124 73 118 111 67 124 36 75 42 124 31 124 124 55 124 40 64 22 124 4 26 57 74 41 74 53 11 0 82 34 109 52 124 30 94 34 105 57 123 45 124 
13 124 124 28 124 124 124 75 7 63 79 117 3 124 121 63 81 1 84 124 11 24 59 80 46 8 7 58 0 44 109 31 124 70 40 124 42 124 123 124 105 
117 57 124 45 34 123 124 124 124 84 118 124 103 84 61 124 37 67 45 30 37 60 56 52 59 80 2 10 54 0 27 112 81 48 69 66 124 82 18 124 120 
82 124 82 33 25 124 27 24 57 124 124 24 124 124 19 61 25 76 9 124 124 124 82 124 93 82 79 114 64 51 0 44 32 42 76 34 66 18 68 26 124 
45 25 124 18 15 118 124 4 76 115 28 124 124 9 87 117 124 18 22 124 124 31 88 24 33 39 124 60 87 81 27 0 60 22 6 2 78 26 6 30 66 
3 124 60 6 78 58 124 12 94 58 55 124 42 124 37 37 27 39 124 75 124 13 115 124 124 120 124 124 33 70 50 37 0 19 16 64 18 9 57 38 124 
91 40 88 72 49 100 40 76 36 19 36 21 3 16 120 124 115 24 124 75 124 124 124 103 124 79 124 13 124 16 14 11 15 0 54 6 75 71 72 11 75 
34 55 124 124 124 30 100 31 78 4 18 124 124 100 54 124 102 73 120 37 124 21 82 87 60 21 124 51 114 19 80 61 66 54 0 64 22 78 56 2 73 
76 97 124 61 24 124 124 19 124 124 30 124 124 124 49 124 85 124 124 103 124 31 45 124 72 124 112 115 124 114 13 56 22 10 35 0 32 67 36 56 36 
66 124 81 49 124 124 55 124 30 67 61 124 112 48 124 54 124 72 42 124 124 60 124 124 124 79 79 3 6 27 56 62 22 68 59 55 0 22 4 8 6 
117 93 45 124 7 57 123 64 72 124 124 124 33 91 55 73 124 40 85 57 78 124 46 124 124 34 1 24 114 31 38 60 68 64 75 71 76 0 40 18 124 
79 88 124 124 63 124 31 42 124 30 81 100 100 48 118 40 79 97 79 25 4 106 124 124 37 124 64 124 52 57 27 23 0 27 11 29 76 28 0 18 34 
124 106 21 60 124 13 124 13 124 58 124 124 124 94 124 21 124 37 84 124 115 67 124 124 73 31 60 111 124 124 59 18 70 27 55 79 19 70 42 0 124 
124 52 84 48 3 90 111 97 52 108 124 73 27 99 46 69 88 96 39 100 12 124 72 37 88 99 115 124 13 111 1 78 124 16 97 124 124 115 124 97 0 
