n: 40
m: 6
Pi:U[1-99] 51 94 13 9 94 66 4 99 43 67 29 39 9 86 32 25 11 14 40 50 7 49 34 86 8 20 79 83 11 48 6 16 31 92 50 83 10 91 89 97 
Si:U[1-99]
0 87 20 34 61 30 14 93 93 18 51 52 60 81 7 10 90 33 50 63 13 47 35 52 65 53 13 11 76 97 34 73 30 10 59 12 35 56 56 95 73 
66 0 49 58 9 39 42 24 55 84 29 24 92 17 66 68 14 35 13 22 97 52 34 33 5 70 78 86 82 30 15 2 17 55 3 52 21 84 75 41 18 
77 14 0 24 31 37 46 92 30 87 2 17 34 42 96 14 22 49 56 71 97 36 38 41 45 33 67 50 43 90 50 77 90 25 35 26 3 16 73 40 57 
28 11 8 0 22 12 4 46 42 50 78 83 57 11 83 14 86 43 32 71 98 23 58 2 43 80 4 4 17 68 23 57 26 89 48 40 94 51 76 54 91 
41 14 46 90 0 54 59 59 30 51 42 84 69 99 51 36 10 43 62 92 54 2 96 31 25 60 92 88 6 3 5 32 39 45 68 1 80 78 13 22 43 
73 52 6 97 94 0 17 51 87 57 4 79 12 38 2 69 68 3 34 8 54 82 19 40 5 68 76 78 37 73 58 7 1 13 1 19 58 93 64 72 98 
18 16 60 19 85 20 0 94 64 35 27 7 98 60 5 44 97 80 9 36 45 69 60 82 15 30 70 85 75 92 80 47 7 10 1 91 10 8 7 5 33 
64 94 69 83 54 43 47 0 60 95 16 20 1 30 84 45 98 3 13 5 96 60 80 99 37 70 7 45 41 78 43 19 31 86 13 35 66 57 36 49 81 
97 50 63 91 53 8 24 22 0 64 74 43 36 36 92 56 87 76 78 2 62 78 4 93 36 99 69 53 67 59 81 4 59 13 49 85 46 31 69 5 69 
87 52 79 48 17 92 56 46 20 0 61 15 47 45 19 68 57 40 65 44 62 4 39 42 4 19 86 17 95 36 31 92 73 31 28 62 77 5 16 39 76 
3 93 4 6 4 87 29 50 58 42 0 47 1 92 42 36 80 6 88 35 90 63 15 81 58 10 61 63 85 8 54 52 83 11 44 91 78 9 67 75 45 
99 89 50 57 61 96 46 61 1 1 44 0 29 97 57 38 41 51 95 44 26 74 57 93 81 91 11 47 24 19 72 12 88 24 25 22 47 44 70 55 14 
34 79 80 78 5 20 22 64 80 74 75 54 0 48 32 10 50 20 47 4 21 43 18 32 60 12 18 88 24 63 44 31 4 35 75 46 32 59 73 6 25 
97 22 67 2 19 81 82 97 3 74 74 62 98 0 32 29 41 35 31 55 58 40 55 70 20 96 61 36 64 1 78 43 35 62 52 6 44 80 31 40 32 
78 88 73 24 75 78 74 96 27 99 63 90 7 9 0 68 85 68 76 44 55 32 49 78 69 75 56 44 33 97 60 16 99 90 64 26 23 17 33 9 83 
25 37 30 18 29 65 61 45 6 31 63 47 46 62 23 0 33 28 67 79 63 84 75 44 43 17 58 61 83 94 62 43 68 45 41 48 41 24 41 35 63 
3 45 75 8 98 80 76 37 16 84 86 27 40 5 3 63 0 48 84 91 8 39 49 37 81 22 93 21 8 27 2 53 45 12 9 31 96 9 40 9 50 
18 73 27 80 42 55 30 81 62 72 48 26 65 90 60 82 87 0 91 61 40 7 74 11 72 9 55 56 47 34 59 82 42 3 97 83 98 85 42 41 46 
65 68 86 81 56 12 84 71 15 92 38 50 54 23 67 91 96 13 0 99 23 93 21 84 89 49 24 58 20 17 57 34 9 44 51 73 34 11 93 29 60 
55 52 94 72 29 65 75 40 9 72 79 3 25 80 37 20 96 28 33 0 82 29 27 90 7 59 81 46 60 24 35 37 23 2 39 77 15 48 22 66 63 
44 51 24 9 88 31 84 70 42 45 68 11 12 1 63 88 82 41 88 69 0 91 88 75 2 5 20 16 57 75 97 43 66 35 47 18 27 15 21 90 84 
95 48 35 40 82 86 38 88 55 15 92 54 11 68 79 38 97 30 39 24 74 0 70 57 50 33 18 47 2 99 40 62 80 16 79 16 59 44 34 84 78 
11 54 78 43 90 8 49 51 88 34 27 81 49 8 61 61 93 89 70 81 39 47 0 70 53 61 93 2 80 22 94 1 54 46 76 27 15 86 72 56 64 
93 74 32 18 78 47 67 39 37 67 94 33 12 95 86 45 87 61 26 28 25 24 64 0 74 21 73 63 21 6 98 29 77 4 72 79 5 54 9 82 87 
84 84 98 46 61 76 2 97 83 18 71 96 52 48 9 5 76 52 44 85 84 85 4 79 0 93 99 79 53 12 78 23 19 28 21 82 63 34 40 27 91 
97 82 62 86 44 33 41 24 71 41 49 91 64 85 11 95 57 35 74 27 75 71 83 95 97 0 72 95 63 72 38 46 91 72 21 9 62 74 15 79 26 
94 69 11 92 40 70 32 38 32 98 83 21 11 68 86 77 42 24 16 75 75 24 7 37 26 98 0 2 2 56 18 63 38 34 44 46 64 18 29 54 55 
77 79 33 26 35 96 12 35 4 49 33 64 3 16 39 94 89 96 23 51 57 98 71 96 51 36 66 0 30 44 56 8 99 14 96 71 34 58 65 34 84 
80 67 42 30 52 24 56 52 50 56 22 22 78 37 42 63 68 82 23 54 5 69 66 92 69 91 55 86 0 75 78 48 42 54 26 87 38 96 6 35 53 
69 70 92 55 22 57 18 51 59 28 52 94 95 60 21 79 71 99 88 15 90 49 23 81 99 24 23 24 68 0 48 71 50 63 5 82 31 37 58 63 52 
8 18 30 87 20 3 15 15 27 30 17 2 31 30 55 52 99 17 80 41 66 11 20 50 83 33 49 12 85 95 0 54 87 50 69 77 61 30 80 58 50 
40 34 62 66 72 98 67 95 21 2 82 31 18 19 65 69 31 83 82 65 57 63 46 80 88 83 80 94 50 67 23 0 50 59 71 6 65 86 57 80 9 
41 23 59 60 59 38 42 46 89 16 60 63 31 33 93 55 91 91 97 46 85 16 73 86 60 29 88 66 7 48 27 43 0 4 33 11 44 20 18 74 97 
75 83 67 36 77 36 12 95 19 7 48 31 68 34 21 48 11 93 92 48 29 1 45 68 31 80 27 39 22 17 97 24 54 0 68 44 29 82 46 18 27 
86 99 79 89 60 25 8 86 9 95 67 22 35 63 58 97 68 92 74 3 12 89 29 61 91 75 28 10 75 40 88 63 86 3 0 87 73 29 56 45 24 
83 90 47 53 84 16 14 28 68 11 11 39 65 59 77 84 6 46 50 56 58 74 58 51 67 67 63 23 78 9 12 76 62 99 63 0 61 93 35 24 2 
45 19 15 64 13 58 37 65 38 31 57 83 55 13 95 71 73 94 99 9 58 12 69 97 60 95 36 85 53 27 53 21 84 38 15 75 0 13 90 82 20 
46 38 24 2 5 7 2 97 68 14 99 91 36 1 37 58 98 81 48 43 41 54 99 79 86 8 42 22 55 27 96 18 91 82 3 88 5 0 58 29 37 
51 76 10 40 45 66 66 65 35 64 91 63 47 46 25 52 68 2 29 73 40 55 12 94 31 44 41 77 94 78 6 18 33 35 71 67 27 4 0 11 8 
33 39 60 40 92 97 83 60 35 27 4 45 93 87 11 19 64 70 17 74 75 88 66 92 13 77 24 65 70 2 96 88 62 41 94 93 47 11 13 0 29 
64 68 92 80 2 48 17 98 39 70 59 56 17 33 57 91 69 93 43 92 96 11 76 27 53 32 71 92 17 21 41 71 50 56 73 40 25 73 91 32 0 
