n: 40
m: 2
Pi:U[1-99] 56 26 53 69 98 91 36 86 8 67 76 32 93 24 94 11 7 22 83 27 3 6 10 44 1 41 76 1 7 90 96 17 51 4 48 41 38 92 63 81 
Si:U[1-99]
0 16 29 8 38 27 8 61 22 28 99 99 99 94 88 16 99 99 22 40 99 99 58 15 28 99 57 7 99 99 99 99 99 99 99 66 99 99 12 99 22 
18 0 40 2 12 41 50 27 26 12 99 40 99 70 6 60 81 19 99 19 12 90 99 12 99 94 99 30 99 91 79 60 99 63 60 66 99 99 16 99 99 
52 39 0 45 51 48 32 9 19 13 93 99 9 1 97 37 34 99 22 99 99 52 39 49 99 70 7 45 9 28 99 97 34 99 45 69 93 99 99 99 1 
31 66 56 0 36 49 33 38 41 41 34 99 9 30 24 69 99 34 73 99 99 45 99 99 99 1 99 27 61 99 58 15 42 90 99 82 99 60 1 30 28 
3 66 20 45 0 44 48 59 62 33 99 99 43 93 60 84 99 99 99 79 42 99 10 99 7 49 99 99 3 99 45 4 15 40 75 99 57 78 46 99 42 
32 12 32 39 29 0 56 47 40 54 99 99 93 99 85 99 54 96 99 12 51 99 66 15 1 73 99 12 58 1 82 99 6 99 34 99 99 99 99 54 99 
23 48 24 29 33 50 0 4 24 20 99 88 54 99 18 51 88 91 21 28 99 37 66 73 99 66 1 99 99 42 85 48 99 99 19 96 99 99 99 99 37 
59 34 9 32 55 22 62 0 26 51 55 61 54 99 54 69 34 87 34 99 10 99 6 54 25 31 15 78 99 99 99 67 46 58 13 31 99 91 99 99 99 
60 16 46 62 37 62 59 34 0 29 94 99 99 31 99 4 27 99 37 99 99 99 99 25 84 99 78 10 82 99 91 91 99 28 99 67 99 99 99 99 12 
65 8 58 46 34 48 10 29 60 0 64 61 79 4 99 39 25 9 99 96 99 57 99 54 39 99 57 27 99 60 94 88 99 82 99 81 99 93 99 61 60 
99 69 78 6 63 6 19 34 82 24 0 43 34 48 40 12 51 31 46 20 36 79 58 3 13 99 99 28 99 18 99 75 3 30 99 6 3 37 99 96 99 
61 97 57 55 21 91 7 31 4 46 36 0 4 14 14 12 42 36 0 49 99 13 9 99 99 99 15 1 99 12 46 99 99 51 9 40 99 31 99 18 31 
66 84 99 13 43 36 72 12 46 52 35 56 0 8 30 25 8 62 51 7 28 99 75 99 52 99 61 13 78 99 67 99 99 94 34 57 10 87 34 72 66 
99 45 99 99 28 69 84 55 13 81 10 64 54 0 39 32 14 29 47 40 99 99 57 76 87 39 40 99 57 99 45 79 69 24 99 99 15 49 99 88 28 
75 94 96 99 99 99 99 67 99 99 22 20 16 10 0 24 14 34 62 50 61 99 54 69 30 99 99 99 69 60 1 99 22 99 36 55 40 58 99 99 54 
99 51 99 72 99 72 3 60 61 49 60 38 10 34 46 0 16 28 4 28 13 96 79 76 22 99 99 99 52 6 82 99 28 28 1 99 49 99 99 73 21 
99 13 46 69 1 72 90 99 91 58 32 36 8 4 40 15 0 0 6 55 64 9 15 3 99 99 6 37 99 79 81 99 99 40 99 69 99 37 18 99 70 
87 22 70 12 46 99 99 21 79 99 64 20 53 2 42 28 30 0 29 14 12 28 19 12 99 99 94 34 90 87 99 19 99 9 99 34 78 99 88 36 99 
9 99 75 99 84 43 33 99 55 85 50 16 25 43 49 14 45 31 0 2 84 88 93 60 99 37 99 42 3 99 90 99 51 99 64 22 48 99 1 25 99 
78 21 88 22 99 37 1 49 19 27 38 32 43 42 47 12 33 24 59 0 19 67 99 99 6 28 3 31 99 85 66 73 99 99 99 99 99 72 22 82 99 
51 99 36 60 72 66 96 99 99 99 93 99 67 85 72 66 22 99 99 99 0 3 43 47 8 26 58 4 16 64 31 99 99 79 39 75 69 52 46 33 34 
85 87 99 28 48 51 99 48 99 91 43 13 25 6 99 63 43 99 99 25 3 0 61 45 52 9 10 4 8 20 88 99 99 7 99 99 70 81 99 99 99 
99 99 99 70 51 97 45 99 7 18 48 57 16 22 4 57 61 84 27 34 56 62 0 34 44 5 20 4 52 48 91 10 99 99 13 42 87 99 99 13 99 
75 51 25 66 79 19 90 99 55 88 42 99 16 87 99 22 67 96 1 99 25 65 5 0 38 24 43 13 22 22 99 22 42 90 70 4 30 31 99 43 69 
99 67 99 99 99 78 61 6 12 13 64 45 99 91 34 58 99 49 60 99 60 48 44 63 0 22 29 55 5 57 99 72 43 42 28 31 99 43 18 3 99 
61 99 99 99 99 64 99 24 36 63 99 64 99 99 24 75 30 87 85 60 45 1 65 40 55 0 49 11 20 46 99 99 99 99 99 39 54 33 54 42 99 
67 40 99 60 99 4 24 99 61 43 3 10 99 93 10 9 99 99 99 91 29 14 52 46 21 24 0 0 28 53 82 64 99 57 94 99 99 1 25 45 6 
21 61 94 99 21 99 99 39 51 6 94 72 99 99 99 3 25 54 39 39 56 7 47 46 24 47 30 0 46 46 57 99 7 10 99 64 33 69 60 69 99 
99 22 99 99 99 96 19 91 12 99 99 72 99 97 72 96 67 6 7 76 18 3 26 51 52 34 61 15 0 40 99 51 99 99 99 76 72 99 37 67 96 
16 25 99 52 97 96 99 58 87 19 78 66 9 49 58 99 84 99 99 42 30 65 65 46 8 36 42 48 12 0 31 84 99 99 99 13 99 43 99 99 99 
99 99 99 99 79 3 67 60 99 61 69 78 99 9 99 82 70 99 15 82 85 99 63 93 99 79 99 99 46 57 0 48 57 65 63 46 47 50 16 33 22 
40 99 99 91 52 99 19 99 99 4 76 87 42 63 61 85 99 12 99 7 4 99 82 76 63 99 39 25 99 75 48 0 54 2 63 13 40 18 57 43 69 
25 40 46 45 7 99 27 99 99 99 99 16 99 37 61 79 99 55 1 22 28 99 43 72 99 12 54 79 72 48 63 62 0 23 44 6 32 32 24 27 99 
99 96 99 36 49 37 99 63 16 66 39 99 99 24 87 33 99 79 63 94 18 27 39 27 54 99 99 33 27 22 56 26 44 0 58 29 51 29 2 47 45 
36 67 24 84 25 84 9 79 96 93 22 99 42 15 12 99 18 13 46 99 58 19 81 99 99 51 93 78 99 31 10 60 66 6 0 2 62 10 39 14 75 
76 72 10 18 91 99 93 79 61 18 64 36 99 25 63 99 99 67 99 60 49 85 78 7 9 1 99 70 64 99 60 48 38 54 20 0 32 0 12 55 99 
99 99 45 48 25 57 39 42 36 99 99 99 49 99 99 96 99 21 73 54 99 75 99 42 99 99 60 99 1 99 6 34 21 38 12 28 0 16 36 54 43 
99 42 99 99 82 99 99 99 51 99 60 99 19 40 52 99 99 52 49 99 99 24 99 45 15 99 99 60 15 96 32 52 54 52 28 6 38 0 32 28 24 
99 99 16 99 40 34 91 99 82 99 99 94 30 99 15 61 40 45 96 99 67 52 87 94 70 99 25 99 24 45 17 45 14 34 20 4 29 57 0 60 4 
99 99 48 99 51 57 36 99 13 36 99 57 99 16 91 43 90 82 99 99 37 99 99 67 18 25 99 55 19 99 12 58 62 20 32 27 18 6 8 0 16 
99 76 99 12 99 58 78 79 99 51 72 99 81 99 67 99 52 99 52 99 18 99 99 99 99 88 99 99 99 9 4 64 99 31 76 10 25 51 60 93 0 
