n: 40
m: 2
Pi:U[1-99] 20 27 77 45 88 59 26 45 25 23 66 7 50 16 63 14 10 93 71 22 88 26 25 48 97 72 86 70 77 43 98 56 5 40 54 97 25 50 98 42 
Si:U[50-99]
0 65 84 91 77 70 77 55 79 95 84 69 57 77 60 88 75 80 64 96 85 75 50 54 60 58 60 70 92 95 55 59 53 67 91 89 59 92 57 54 62 
95 0 99 59 83 78 55 57 72 75 75 92 66 65 64 95 68 84 86 58 54 97 79 60 63 90 99 88 78 98 95 92 70 80 92 98 51 96 66 81 83 
80 75 0 78 77 86 76 86 51 62 60 83 69 73 61 55 58 54 68 53 59 52 55 73 64 50 97 69 65 73 62 50 66 54 50 55 92 69 96 54 58 
93 56 60 0 75 56 65 68 77 52 97 55 62 98 67 82 98 72 64 80 81 59 51 83 91 59 86 63 74 66 86 70 73 57 52 80 62 51 52 55 72 
50 78 99 74 0 82 55 84 87 91 61 63 95 92 95 97 80 79 61 76 59 74 86 77 88 58 86 76 87 58 80 61 85 81 83 70 71 95 60 76 50 
99 58 75 99 79 0 64 53 85 62 98 82 78 62 55 55 69 76 93 58 56 76 58 61 82 68 74 52 98 63 50 60 86 73 64 64 91 52 64 61 72 
57 75 97 54 87 54 0 81 84 90 70 66 86 68 78 77 75 95 84 73 96 69 78 95 70 54 61 50 75 56 63 53 76 53 63 81 55 88 56 63 73 
91 87 82 98 68 77 89 0 92 71 78 59 54 72 96 52 51 50 75 69 91 58 90 87 99 95 74 97 51 66 62 96 54 56 85 52 97 94 95 69 63 
60 81 83 95 87 90 91 83 0 57 65 96 70 66 59 86 76 84 90 63 94 88 57 68 72 92 66 65 73 64 77 69 94 94 99 74 63 94 92 98 82 
94 60 80 65 56 82 78 73 99 0 74 85 61 92 71 69 64 73 54 71 77 50 91 84 61 75 65 89 64 81 74 55 88 81 86 93 50 73 78 76 94 
60 98 96 90 63 96 50 52 87 59 0 87 57 80 93 76 64 52 61 62 85 84 78 80 96 68 96 73 60 62 83 52 55 62 56 97 50 56 88 53 75 
50 69 99 68 76 54 66 54 71 86 73 0 85 91 90 85 76 69 96 52 91 54 84 82 67 72 92 71 54 72 95 63 68 74 58 52 92 53 90 53 54 
80 82 70 66 87 87 87 82 98 95 53 72 0 50 98 87 96 53 65 90 84 67 85 55 61 56 54 96 75 63 75 57 81 72 99 57 85 63 74 62 69 
64 53 74 87 54 95 72 78 53 96 72 76 99 0 68 99 91 57 51 86 51 58 54 99 83 69 62 59 98 51 62 55 85 66 78 54 78 56 82 82 82 
50 59 63 71 59 82 50 87 97 71 99 81 67 71 0 60 63 77 53 61 83 61 54 74 90 52 50 60 55 64 65 92 68 63 97 71 78 63 86 96 52 
82 70 50 52 66 70 76 98 78 85 92 75 80 96 62 0 78 84 54 72 73 77 62 62 62 84 54 79 60 68 84 92 53 62 71 53 53 85 64 77 55 
99 96 60 50 57 57 53 92 88 63 55 84 84 54 97 90 0 53 82 78 69 71 63 80 87 95 98 93 56 88 65 84 62 68 70 53 67 82 98 77 76 
90 55 75 57 82 89 57 77 88 68 75 75 64 79 51 62 57 0 64 58 73 54 88 53 74 54 97 76 56 73 50 79 88 66 53 61 60 59 76 96 84 
55 70 52 58 99 85 67 99 64 77 98 69 92 92 78 81 98 79 0 87 81 58 56 95 54 80 89 69 94 50 81 73 58 57 71 80 64 65 96 81 75 
95 85 78 69 51 85 69 90 83 93 68 66 52 97 58 61 92 55 66 0 72 51 94 70 87 84 75 94 80 75 50 86 81 81 58 61 71 54 73 67 77 
86 97 99 80 75 77 85 74 52 83 63 86 97 96 98 71 78 97 88 67 0 97 74 80 56 55 67 82 53 68 90 51 61 51 90 69 69 64 75 99 90 
64 82 98 98 77 51 92 66 91 50 94 60 56 61 66 51 89 70 88 74 60 0 88 57 92 81 50 54 63 74 65 69 95 52 92 81 85 84 66 60 97 
59 99 92 56 96 99 65 87 52 67 82 57 83 91 70 63 55 73 70 92 52 53 0 98 70 92 50 71 75 59 59 71 95 71 65 59 51 59 99 71 79 
76 98 77 73 96 53 94 94 62 82 61 89 58 91 90 62 78 69 65 55 77 58 61 0 94 80 61 65 58 56 79 56 51 55 67 99 66 69 91 70 58 
67 78 68 62 78 98 94 56 67 53 70 67 58 55 72 96 50 91 80 62 80 97 60 57 0 99 59 51 70 58 87 81 65 71 69 74 88 51 74 65 71 
50 91 66 99 56 79 86 87 66 95 78 65 61 63 99 52 55 52 95 61 79 63 55 61 97 0 65 84 93 81 83 55 82 67 79 74 90 51 73 51 51 
68 73 65 74 73 95 56 95 52 62 54 76 96 86 79 67 98 82 99 97 85 92 66 79 62 91 0 98 51 80 73 57 92 60 75 62 92 71 53 60 88 
77 97 60 54 90 97 89 58 53 97 76 74 87 94 86 84 96 60 53 63 96 71 99 70 85 63 83 0 82 62 70 95 73 79 58 98 78 57 59 76 73 
74 74 83 57 50 81 81 72 84 98 55 50 82 62 66 54 74 81 71 89 91 84 65 63 66 60 88 52 0 57 93 66 68 89 74 53 98 62 61 90 99 
56 88 67 85 90 61 63 95 84 60 58 87 98 93 92 98 96 52 79 63 53 94 88 50 71 56 70 85 99 0 97 69 83 58 64 85 80 82 72 63 79 
94 87 68 79 75 57 86 78 97 61 95 95 84 71 69 67 82 76 74 75 98 54 91 81 85 67 59 56 63 99 0 76 50 71 65 76 74 53 69 70 96 
51 84 89 82 99 57 58 97 85 66 77 59 95 66 64 74 93 82 87 51 64 79 67 94 52 92 54 67 72 74 92 0 90 60 93 51 62 60 60 87 67 
59 80 80 70 88 55 72 66 55 81 54 68 78 77 61 50 71 98 50 90 74 86 99 83 63 69 74 57 51 86 75 94 0 87 56 89 97 61 65 70 53 
56 75 58 70 72 57 79 76 85 66 85 95 97 59 94 78 93 81 65 82 52 94 95 95 63 67 72 71 53 91 70 90 64 0 62 79 63 74 87 98 93 
63 95 84 59 82 60 85 98 86 74 97 83 70 76 63 97 50 60 90 77 74 94 61 87 76 56 77 68 73 70 86 99 50 53 0 68 60 77 96 55 91 
50 84 90 56 55 98 76 71 84 62 97 69 53 88 60 55 66 72 71 71 54 52 60 59 57 93 88 82 70 51 96 50 76 52 82 0 84 58 75 81 65 
72 56 64 77 51 67 82 83 92 88 64 67 80 66 66 77 73 61 73 52 84 50 54 59 57 69 83 95 78 55 71 74 61 58 75 86 0 97 68 50 90 
79 91 77 64 68 79 58 99 73 59 98 59 87 67 90 76 88 66 90 75 69 70 73 92 58 64 73 79 84 84 55 86 96 60 50 89 62 0 57 71 67 
57 82 99 68 81 84 89 59 58 91 69 75 63 97 80 81 55 71 59 95 98 94 53 65 51 61 90 87 57 72 82 74 55 84 54 64 79 71 0 95 66 
60 82 82 87 72 94 92 63 54 82 71 98 70 67 51 84 77 52 80 96 91 89 74 52 59 50 75 54 78 53 60 71 52 50 88 58 97 95 95 0 55 
60 50 71 59 73 93 75 81 64 81 67 68 78 79 61 65 86 73 86 79 70 54 64 81 77 53 74 50 65 67 89 90 92 87 84 89 51 52 73 82 0 
