n: 40
m: 6
Pi:U[1-99] 75 49 35 15 52 10 27 86 1 10 13 89 39 37 78 40 87 6 84 34 18 61 83 59 21 85 96 37 31 40 90 1 8 15 5 30 29 96 48 61 
Si:U[1-99]
0 25 76 1 63 55 20 34 25 6 21 49 42 80 41 54 34 24 39 9 51 46 89 39 19 55 41 96 56 8 58 58 60 81 92 94 89 2 62 47 91 
49 0 19 73 13 84 55 99 65 35 87 56 25 4 67 69 37 84 25 86 77 5 9 42 28 58 83 79 43 71 68 8 94 54 8 38 7 98 57 62 11 
67 47 0 95 99 70 27 96 87 59 66 62 98 97 25 34 52 7 54 45 40 90 55 54 98 42 93 92 78 55 6 72 97 34 92 53 20 58 55 95 96 
59 1 46 0 70 6 29 28 2 31 53 35 64 70 63 32 76 69 77 34 26 52 12 28 71 22 3 28 94 59 3 95 46 37 76 59 58 34 52 31 41 
91 53 31 17 0 48 18 54 13 13 55 87 25 72 54 68 51 10 29 60 36 5 48 8 75 3 84 96 99 71 99 85 34 70 91 41 38 6 55 69 21 
67 99 10 84 54 0 50 42 18 78 39 87 45 92 93 13 90 57 3 22 56 16 81 71 17 44 1 67 52 11 63 74 74 10 18 60 24 51 56 64 28 
68 71 42 88 67 69 0 42 45 6 11 73 81 73 16 57 89 34 31 13 86 8 51 60 10 67 24 4 66 57 91 39 82 83 5 49 4 44 62 91 66 
54 12 64 69 82 88 32 0 46 50 53 78 96 44 8 13 72 14 26 29 40 60 68 50 11 90 11 95 4 62 96 25 73 35 68 47 57 49 37 65 59 
79 3 79 91 5 71 74 39 0 48 6 56 6 18 46 18 53 84 20 57 40 94 66 83 42 7 67 28 4 41 91 60 98 67 65 3 40 82 18 48 16 
61 16 7 35 79 87 46 78 53 0 12 35 72 45 66 95 67 20 69 42 91 83 94 55 37 17 14 5 1 67 38 84 18 24 20 41 51 90 42 62 77 
33 14 72 23 63 41 41 59 50 65 0 58 55 70 4 72 51 35 87 30 56 93 88 83 96 29 63 22 36 67 23 62 94 43 37 66 67 7 10 39 48 
5 47 22 94 99 89 25 11 49 93 35 0 95 19 43 4 8 4 12 47 33 17 16 57 89 78 69 16 62 25 46 54 86 45 70 87 41 85 98 51 86 
60 2 50 84 35 90 19 58 71 82 86 16 0 84 75 73 87 7 27 1 90 97 85 82 7 10 99 13 25 11 89 96 78 36 33 72 83 95 67 34 25 
90 44 20 25 4 53 93 18 27 77 70 48 74 0 63 28 22 38 71 88 26 3 62 48 50 77 80 8 78 44 58 40 59 4 3 48 64 45 88 8 17 
20 38 10 12 54 25 55 48 62 4 36 85 61 3 0 62 79 13 81 72 91 2 43 48 70 68 30 95 14 54 7 45 72 32 61 77 4 67 72 61 84 
98 95 87 67 85 73 14 18 15 79 56 48 80 7 59 0 29 53 76 75 32 2 98 30 13 77 53 13 69 76 50 95 32 17 98 91 34 25 27 40 25 
58 26 33 67 71 90 73 34 14 78 55 70 27 53 6 19 0 27 85 98 13 52 18 46 31 27 29 65 66 89 95 66 94 16 79 10 91 63 89 62 99 
66 98 15 55 70 12 55 80 86 24 58 64 20 44 17 46 53 0 19 41 23 18 34 90 16 87 14 4 23 82 82 19 31 54 32 65 21 13 33 71 13 
15 23 2 27 41 8 6 96 4 40 24 5 81 81 38 17 61 42 0 2 7 41 80 65 11 71 41 56 78 91 22 10 85 32 84 65 80 62 57 82 45 
54 53 84 26 85 45 39 93 61 24 57 76 70 13 30 7 2 23 88 0 78 7 31 3 33 42 44 97 78 9 68 87 58 89 67 53 3 67 62 94 25 
45 72 35 42 33 99 88 43 61 37 69 30 69 94 36 5 58 32 70 88 0 78 42 19 86 53 39 79 81 60 67 9 33 55 53 67 10 53 42 3 30 
60 49 32 24 80 8 32 92 42 96 30 40 2 8 13 44 12 89 62 30 72 0 96 22 47 48 39 34 55 50 12 24 77 86 48 6 98 54 66 99 27 
20 91 7 27 33 19 77 82 39 60 19 61 94 18 86 57 58 43 18 82 43 57 0 24 26 27 95 22 58 8 45 39 64 42 67 6 85 25 58 59 95 
96 39 21 49 90 41 70 46 80 18 5 7 93 19 20 7 8 22 46 16 39 83 38 0 68 26 8 23 56 61 66 64 97 64 37 20 26 51 59 94 27 
29 99 44 96 41 69 25 50 58 6 88 10 88 30 13 47 1 54 56 86 20 51 69 29 0 31 94 19 14 41 73 59 57 4 76 7 53 92 34 26 41 
82 2 31 28 51 80 55 11 56 93 88 17 2 55 15 30 77 94 41 10 56 62 30 42 6 0 86 31 36 15 43 30 78 43 61 57 91 65 55 98 55 
61 38 57 3 33 4 57 48 7 7 69 36 68 9 35 74 11 89 73 17 98 68 9 82 38 99 0 76 26 82 80 60 48 33 24 29 88 33 52 97 99 
29 53 39 49 59 84 15 37 41 21 91 76 48 39 12 8 73 45 21 53 95 92 60 18 83 9 31 0 34 53 63 75 50 21 20 74 87 14 96 23 96 
84 31 49 55 48 19 84 44 13 91 35 45 90 34 30 5 26 71 79 56 58 52 1 28 51 70 74 88 0 91 82 90 35 95 28 21 34 14 9 36 15 
98 39 87 29 23 45 68 80 70 28 98 10 91 2 24 63 71 31 64 76 58 35 6 12 18 4 41 40 25 0 35 11 86 71 23 27 67 93 53 24 69 
57 92 98 98 65 57 45 59 23 69 95 1 32 63 67 88 56 77 75 77 38 59 60 64 52 37 5 61 19 37 0 77 22 68 53 21 34 25 37 29 79 
51 85 59 56 53 99 29 77 3 2 12 16 37 39 57 50 45 31 28 51 29 5 53 17 66 98 96 24 18 52 24 0 89 34 41 93 21 45 65 38 20 
64 13 81 31 66 59 47 4 14 75 2 60 71 21 72 44 33 62 73 53 92 73 65 44 80 65 46 73 1 23 42 40 0 95 80 57 74 13 54 4 72 
69 70 1 10 80 19 34 89 89 48 25 46 53 20 72 30 73 37 72 48 6 24 95 54 2 89 44 83 76 41 81 58 24 0 56 26 15 20 41 97 8 
31 14 9 72 64 51 96 15 82 80 60 68 80 41 22 81 16 93 99 29 84 40 74 96 53 72 22 21 37 36 41 12 94 19 0 81 91 90 88 14 19 
19 26 60 34 5 63 92 18 33 8 86 96 81 38 77 61 17 65 31 11 39 29 68 45 61 49 18 10 30 22 52 77 3 14 8 0 73 91 41 60 16 
18 10 78 70 83 10 24 57 10 13 98 66 29 69 81 34 6 70 48 94 57 47 72 90 18 56 19 74 11 18 65 88 49 69 76 15 0 9 70 6 59 
35 93 61 29 83 84 89 90 80 64 65 67 67 97 6 60 7 66 53 64 82 84 92 8 6 10 44 1 56 10 44 21 70 44 88 42 70 0 59 26 22 
20 33 87 48 86 40 77 76 66 35 51 61 69 26 8 12 22 17 64 69 95 5 57 76 9 35 62 57 4 85 11 87 51 25 51 7 19 73 0 3 65 
82 66 60 93 45 26 83 55 72 83 66 22 12 18 82 39 52 62 69 48 47 9 54 53 39 61 41 75 99 75 96 90 89 18 78 53 22 46 22 0 37 
77 43 17 58 18 7 48 68 30 53 12 56 39 17 48 92 98 65 55 73 83 68 71 5 16 49 75 22 21 55 83 90 13 97 66 29 61 42 75 98 0 
