n: 40
m: 6
Pi:U[1-99] 32 27 5 77 93 51 70 22 29 1 44 58 93 16 93 39 6 74 9 47 4 90 88 28 33 12 53 61 10 14 76 72 60 75 78 53 97 96 72 7 
Si:U[1-99]
0 62 34 19 63 52 65 27 32 25 46 16 37 94 99 4 99 55 99 99 51 27 99 58 54 99 33 99 99 57 99 94 13 90 19 99 99 99 99 99 70 
24 0 16 24 15 25 38 10 7 2 39 4 54 18 99 88 99 48 12 99 99 99 90 99 99 99 99 79 99 72 99 3 34 37 18 70 22 48 93 93 99 
10 58 0 15 5 52 62 40 7 25 84 99 43 31 46 52 99 43 99 70 34 78 99 31 64 99 61 99 33 87 7 18 99 94 87 99 97 87 61 75 79 
58 55 6 0 38 54 21 27 42 35 78 22 63 99 96 43 15 33 99 19 82 60 24 96 15 99 7 87 99 63 99 48 45 99 19 34 99 99 99 99 99 
31 19 56 31 0 44 17 58 29 6 61 34 99 19 75 99 72 99 99 79 91 99 63 99 52 45 57 37 99 99 99 99 75 15 24 37 52 99 99 6 99 
49 58 43 32 40 0 44 18 2 30 73 99 67 36 99 52 7 36 36 64 27 99 99 15 19 16 99 99 60 12 55 10 57 99 78 99 45 99 10 99 73 
20 38 54 10 20 61 0 60 60 15 75 61 18 25 99 21 51 49 99 78 99 99 93 99 99 81 9 99 99 99 87 18 51 58 82 46 99 36 42 45 82 
57 50 9 26 54 58 1 0 47 58 99 99 99 99 97 91 99 99 24 78 99 40 99 43 99 99 78 99 99 99 39 16 63 99 7 18 99 21 12 33 84 
30 20 33 52 8 22 28 17 0 17 51 99 79 10 99 34 15 3 22 28 96 78 99 99 88 64 99 54 51 40 57 6 84 28 79 66 85 99 99 61 34 
32 15 60 62 64 32 58 13 20 0 99 22 30 78 30 94 99 58 31 3 99 99 99 99 10 99 96 10 99 21 3 46 49 18 25 39 99 3 99 39 12 
72 39 96 40 82 99 85 99 40 55 0 6 4 51 30 30 4 51 62 58 24 16 63 52 58 94 99 64 99 49 70 18 36 99 99 76 58 99 45 94 99 
99 33 99 48 99 66 60 78 6 51 31 0 62 22 59 9 2 16 30 24 87 99 99 99 52 6 99 31 1 12 99 84 99 24 99 40 28 85 46 99 67 
31 33 99 70 99 9 28 99 99 13 22 52 0 40 36 30 32 24 38 63 99 99 76 51 63 48 99 3 36 79 99 55 28 99 16 12 99 19 60 19 55 
99 21 19 72 61 30 99 99 91 99 25 54 34 0 40 53 66 11 2 51 3 36 12 33 99 99 40 99 85 78 49 15 43 99 64 18 99 99 6 54 94 
99 76 18 99 99 46 7 99 99 94 35 22 6 33 0 57 40 39 45 34 72 67 42 99 99 13 16 37 55 93 60 51 99 91 99 37 16 7 63 72 43 
99 15 72 45 99 33 99 3 99 99 31 9 19 1 47 0 34 14 45 0 99 99 99 40 7 94 99 64 61 78 90 75 54 73 34 70 10 7 99 69 39 
70 99 99 40 99 99 99 18 99 60 64 16 56 7 22 3 0 12 36 65 99 16 24 99 1 42 99 99 99 99 99 99 70 16 87 19 99 99 99 99 99 
30 33 70 10 99 99 64 99 81 84 20 24 44 15 57 34 20 0 4 58 27 90 99 39 99 40 99 28 82 99 99 99 10 99 7 27 37 66 99 99 13 
51 22 96 75 28 3 99 22 93 73 12 16 32 0 30 27 24 13 0 32 61 87 94 30 1 88 66 58 16 99 82 27 6 99 96 99 84 99 90 40 73 
81 79 15 99 55 6 18 99 1 75 32 54 16 8 46 47 3 24 52 0 40 99 40 3 82 99 43 72 12 99 13 79 36 49 46 99 99 99 99 28 19 
99 72 99 78 81 78 99 58 81 55 10 96 99 85 99 18 67 33 99 13 0 61 5 34 60 4 24 53 53 19 99 79 30 99 37 99 36 99 67 51 63 
84 99 61 99 84 99 93 99 31 16 57 28 24 40 94 60 49 30 99 99 3 0 32 62 49 39 56 45 24 64 19 67 99 30 37 13 99 99 54 75 4 
99 49 99 99 16 90 61 99 99 72 55 21 99 51 72 12 75 99 88 57 0 20 0 1 22 7 56 34 53 47 3 63 99 7 99 27 54 99 99 10 94 
99 57 25 97 99 70 51 37 85 12 99 57 99 99 99 90 99 48 43 96 24 30 34 0 30 50 22 52 24 48 99 99 99 99 99 30 48 79 85 15 24 
99 99 76 99 4 13 99 76 79 99 88 99 99 99 76 99 99 30 70 18 14 47 41 38 0 62 13 65 22 2 72 49 18 10 58 10 42 30 1 61 1 
99 66 22 58 34 99 99 30 63 19 76 66 37 66 57 99 99 87 85 54 59 66 36 7 9 0 26 40 50 64 99 69 49 25 36 61 99 42 99 58 99 
46 99 55 99 45 12 12 99 76 60 33 78 1 99 99 90 4 66 99 58 1 62 42 9 59 54 0 34 27 11 22 3 10 31 99 99 99 7 99 79 25 
94 10 1 40 39 97 99 42 76 99 99 40 76 55 31 25 99 42 49 99 58 35 41 50 45 34 50 0 1 46 99 88 99 45 99 99 22 99 99 63 99 
82 43 99 81 3 66 91 97 36 99 94 51 40 69 99 99 88 99 76 99 3 28 42 59 60 26 26 46 0 4 99 99 27 46 19 99 81 39 96 39 64 
99 99 31 72 46 12 99 93 37 10 34 99 4 43 67 85 63 99 93 99 13 43 2 44 60 6 12 17 28 0 99 30 99 99 99 99 45 99 28 33 99 
36 72 99 99 99 36 99 99 57 93 16 99 75 78 99 81 99 99 55 99 18 85 78 99 4 40 69 54 1 72 0 41 64 56 8 6 61 10 30 16 99 
99 79 90 4 87 12 16 73 58 99 99 6 85 10 31 31 73 99 7 28 99 84 12 99 61 39 99 99 52 55 9 0 11 61 65 43 32 1 5 29 87 
21 64 28 13 37 85 31 36 10 76 10 97 25 33 99 4 99 54 84 22 22 39 90 93 4 99 94 27 97 99 3 40 0 60 54 18 62 5 15 30 30 
37 61 81 51 99 94 99 60 58 99 40 10 99 16 9 97 81 99 85 10 99 84 99 43 99 4 99 13 36 78 47 0 29 0 16 49 0 41 7 14 31 
31 99 72 79 99 99 99 6 81 10 10 28 13 10 66 9 99 99 99 19 73 84 99 99 34 99 37 10 93 99 29 64 12 38 0 12 64 44 11 7 33 
99 22 99 99 60 21 99 73 9 48 45 19 78 88 81 99 13 75 91 19 28 49 93 46 9 36 84 60 30 19 28 50 58 2 10 0 32 61 51 27 49 
52 72 43 99 73 99 55 93 99 99 99 99 31 48 69 58 99 43 48 99 45 99 27 48 99 99 99 42 63 72 4 28 57 57 27 5 0 50 51 12 99 
99 99 75 79 99 48 99 42 84 94 99 99 7 84 42 99 97 91 7 99 99 96 30 99 63 61 69 48 46 37 28 20 54 27 62 46 61 0 64 14 99 
99 96 99 99 40 99 51 99 87 57 45 97 99 40 69 31 90 97 4 99 16 46 99 52 87 19 82 99 60 99 23 11 44 36 64 4 29 42 0 58 84 
97 91 43 99 46 33 70 99 99 99 99 3 99 99 99 33 19 99 27 99 40 54 58 99 90 88 72 91 34 33 18 34 63 36 4 58 49 59 48 0 85 
97 84 90 27 49 55 99 99 99 24 82 82 70 58 61 99 40 97 99 52 67 96 21 81 85 99 78 6 99 55 18 99 99 99 99 24 99 96 27 99 0 
