n: 40
m: 6
Pi:U[1-99] 22 26 71 34 22 76 67 70 31 30 9 16 66 13 5 4 6 57 41 74 59 82 22 71 68 94 26 16 77 18 55 14 69 35 22 60 29 53 83 54 
Si:U[1-49]
0 28 24 27 1 29 16 41 6 38 42 34 41 36 17 42 23 32 4 36 41 17 14 19 19 16 41 11 44 6 39 15 49 18 12 1 44 40 3 23 37 
24 0 43 49 40 5 6 4 1 25 41 42 31 19 41 21 25 36 14 35 30 28 5 33 16 16 49 44 17 45 5 8 28 45 30 27 40 7 41 35 24 
21 26 0 40 44 45 19 3 44 9 21 26 33 34 16 34 13 13 32 27 22 32 41 9 14 42 39 27 45 42 30 11 31 35 47 38 2 2 35 40 2 
35 8 40 0 46 17 41 28 1 16 44 26 9 24 28 18 44 5 34 28 19 44 43 39 23 48 25 5 12 6 2 17 38 26 9 16 27 13 3 43 44 
47 13 17 34 0 46 14 5 23 2 1 49 17 39 15 35 25 8 20 44 19 48 26 19 36 29 46 38 47 43 26 17 10 40 16 32 4 8 6 23 36 
12 44 46 34 21 0 36 37 22 39 17 35 45 32 16 25 16 29 38 26 31 49 43 37 40 30 19 6 9 43 30 19 37 20 41 41 29 36 47 45 12 
15 39 47 13 25 16 0 23 13 32 22 35 4 31 45 46 44 22 11 12 23 29 38 4 9 4 14 29 39 28 22 38 46 13 47 44 20 30 23 40 4 
27 8 29 6 2 13 1 0 3 36 28 33 2 45 28 9 27 1 34 34 38 42 3 21 18 38 44 14 7 9 44 40 14 33 3 37 42 26 31 1 32 
3 17 2 20 18 39 12 47 0 4 33 31 16 9 12 30 19 33 49 29 30 1 5 45 42 23 15 4 25 42 34 8 48 42 20 48 20 18 33 45 49 
10 46 24 26 29 34 28 9 18 0 19 28 17 48 42 36 14 6 17 1 42 1 36 34 43 8 13 24 32 35 41 13 15 9 29 12 28 20 7 1 29 
15 6 9 14 31 44 32 3 42 40 0 9 22 41 18 15 34 19 28 31 14 22 27 21 41 37 30 43 16 44 38 43 43 26 47 48 44 21 16 48 49 
34 44 22 15 6 44 26 37 35 12 48 0 28 14 18 48 39 28 17 6 31 14 11 13 39 35 48 30 27 26 16 17 18 9 17 49 27 11 9 47 26 
17 34 44 35 33 35 10 35 26 29 32 4 0 10 33 22 21 20 2 22 3 48 26 45 9 41 31 4 35 10 41 3 9 41 20 21 2 49 37 17 41 
9 30 48 16 26 34 27 18 40 40 20 48 12 0 18 36 41 30 13 31 46 21 8 43 7 41 28 25 37 43 17 41 40 45 23 39 47 7 7 6 9 
22 32 48 49 1 24 8 46 31 48 17 19 43 19 0 48 27 42 46 14 27 27 30 38 36 28 2 27 12 3 17 9 11 24 6 18 46 36 24 34 21 
49 25 30 24 38 11 32 11 30 40 4 25 12 28 10 0 8 12 12 21 28 24 47 18 28 30 8 9 8 47 44 17 20 36 49 3 39 27 7 25 37 
27 16 47 24 12 24 19 28 17 8 42 31 42 11 6 9 0 7 44 21 7 3 16 42 32 38 33 11 46 23 30 11 7 16 28 16 1 40 36 14 30 
23 30 22 6 11 23 15 32 42 41 31 14 10 31 2 6 3 0 12 18 27 35 38 19 9 34 1 36 35 48 7 45 46 35 9 43 13 7 20 48 19 
17 25 47 26 21 21 15 23 47 26 11 36 20 7 18 13 3 19 0 44 17 26 1 19 32 22 8 18 1 42 11 17 41 18 40 38 11 6 10 4 36 
14 25 14 4 35 39 49 37 1 12 1 25 12 41 31 12 30 44 48 0 27 40 5 38 16 3 27 3 4 18 38 38 3 18 30 28 5 15 24 47 11 
39 37 47 18 20 20 29 6 49 35 25 34 32 33 39 22 8 36 5 39 0 46 29 11 40 15 35 34 19 29 30 47 5 39 16 17 32 28 5 26 11 
47 44 47 34 25 1 30 29 36 25 25 36 46 9 8 33 30 2 15 6 28 0 23 42 40 49 6 11 37 36 20 36 38 4 40 1 18 23 1 33 35 
29 39 23 15 2 31 17 37 13 2 9 38 25 1 41 44 35 26 3 32 47 47 0 20 4 19 9 33 11 23 38 32 48 32 43 13 22 49 39 20 22 
33 8 43 23 49 24 18 36 26 11 14 5 25 34 49 47 40 7 17 32 38 9 35 0 22 39 28 24 42 11 8 20 49 29 1 27 5 13 40 11 17 
4 38 37 29 49 24 20 49 29 25 15 34 24 16 18 16 22 1 7 14 49 6 32 12 0 30 42 13 31 24 45 15 6 17 15 22 29 23 16 41 18 
28 42 45 32 26 9 29 29 45 29 17 18 43 49 40 34 31 48 43 44 6 15 12 4 14 0 4 22 48 13 29 46 48 31 21 9 46 37 48 22 36 
8 32 3 38 8 36 27 18 43 34 22 28 34 10 23 1 27 39 28 1 18 1 24 6 32 38 0 39 18 26 17 26 22 13 25 2 16 7 25 41 26 
12 41 39 9 36 33 36 20 24 39 49 35 49 5 22 43 24 31 5 13 49 10 7 7 48 20 1 0 9 6 13 41 1 19 15 34 37 23 7 43 25 
26 3 14 7 28 7 25 7 47 18 31 37 23 23 23 32 37 15 6 4 40 11 24 23 37 20 31 33 0 34 24 5 38 42 46 40 3 14 20 39 25 
29 26 42 5 2 2 1 4 10 42 1 8 29 43 15 37 47 11 27 48 30 26 38 36 39 31 25 15 4 0 33 21 22 3 4 20 18 46 45 23 15 
23 2 14 17 9 41 45 48 21 16 24 36 35 24 6 27 8 36 34 45 40 3 13 39 18 26 34 14 36 49 0 16 44 48 10 3 22 15 24 8 26 
29 39 33 44 7 11 49 37 48 33 48 2 13 19 28 6 30 17 4 29 38 38 42 1 18 40 45 13 48 7 7 0 41 14 12 42 37 19 9 25 9 
1 16 3 41 26 2 16 7 18 14 9 37 47 13 2 29 19 34 22 39 41 28 14 16 41 11 17 43 10 22 3 29 0 25 27 6 49 37 9 45 33 
8 9 16 18 23 14 49 19 37 22 9 2 32 49 10 29 2 32 19 33 47 22 47 40 4 48 20 17 43 25 28 9 6 0 34 13 10 13 42 14 6 
33 4 32 14 28 9 27 25 7 49 23 2 6 22 23 39 41 27 34 2 45 27 24 40 28 18 36 13 46 18 29 6 2 37 0 41 18 43 12 9 43 
40 36 48 18 47 32 5 47 39 10 21 13 36 5 10 13 33 46 35 49 37 27 17 41 26 48 32 29 4 47 15 8 47 38 48 0 36 12 11 49 34 
1 20 31 1 23 2 32 38 9 35 23 10 9 2 13 31 44 34 42 13 6 29 42 2 5 5 49 12 41 29 27 8 15 40 29 18 0 13 25 45 48 
9 6 18 23 23 19 11 30 35 20 14 10 9 8 3 20 34 4 18 35 35 36 22 4 34 37 5 46 24 1 5 23 46 7 30 8 18 0 2 47 39 
8 17 42 11 30 35 34 1 49 20 13 11 45 10 27 40 26 16 15 21 1 36 7 1 45 28 20 24 43 47 48 22 32 42 17 35 43 14 0 13 39 
44 14 11 2 19 15 45 31 9 46 21 48 48 34 16 3 16 16 33 26 13 7 36 45 28 38 38 34 10 31 35 46 37 21 16 18 42 43 7 0 40 
18 12 44 12 4 21 10 36 23 35 32 47 48 5 36 35 12 39 21 9 7 9 22 47 21 1 17 44 48 46 6 9 42 29 48 23 19 35 42 5 0 
