n: 40
m: 4
Pi:U[1-99] 91 3 57 38 89 13 91 3 48 93 9 56 77 58 69 15 62 93 89 65 92 90 64 39 77 48 46 30 22 84 97 23 80 27 99 35 28 33 50 56 
Si:U[50-99]
0 55 50 87 83 97 52 68 90 90 52 59 68 68 63 56 71 95 78 62 96 95 79 57 56 96 81 66 52 64 57 50 72 56 77 62 50 96 58 70 84 
58 0 56 67 67 82 76 61 51 69 59 74 77 80 85 77 62 89 80 54 92 90 69 57 64 90 79 93 64 81 96 52 77 73 61 75 90 52 59 54 98 
93 76 0 67 70 75 72 73 60 86 63 90 79 66 74 78 52 50 52 59 79 84 59 99 89 91 82 73 51 88 88 73 59 66 57 55 66 99 60 88 72 
78 69 72 0 58 56 58 63 80 92 62 50 84 82 55 91 83 74 72 96 69 77 64 67 53 68 81 84 82 60 67 58 57 69 97 90 77 99 59 80 60 
95 54 74 69 0 96 86 88 58 90 91 52 80 91 88 58 73 73 57 58 57 98 80 69 96 77 57 81 53 79 85 70 74 91 66 64 64 98 63 75 71 
92 99 71 53 57 0 97 88 71 78 70 54 58 68 64 57 54 64 95 68 91 93 69 76 88 91 89 82 85 66 63 85 68 66 66 52 76 85 66 74 60 
58 69 77 95 77 86 0 77 90 99 87 64 76 93 95 60 70 88 76 84 68 66 55 56 77 51 94 78 65 64 89 86 86 76 78 83 51 87 55 79 57 
64 65 88 79 71 86 55 0 53 52 66 89 69 88 92 73 60 51 58 85 63 92 66 57 81 54 59 72 79 77 56 60 73 63 72 72 90 78 87 58 79 
82 52 85 76 92 92 53 71 0 50 55 80 73 67 75 63 72 97 91 82 74 56 60 73 92 62 68 83 58 56 73 96 84 69 85 61 80 82 95 97 87 
88 93 91 76 90 66 95 67 59 0 61 61 50 71 57 73 96 88 51 94 99 86 79 53 87 61 85 80 79 65 94 58 76 82 85 65 58 74 65 54 90 
89 97 55 87 96 60 68 51 67 98 0 89 61 93 74 68 90 59 75 97 65 88 71 91 97 59 61 65 51 51 77 62 70 65 69 81 94 50 63 86 72 
61 70 90 67 88 52 77 67 51 89 51 0 94 78 93 73 72 57 83 91 81 75 77 50 70 63 69 74 72 99 56 64 54 56 87 67 90 59 67 69 85 
99 83 80 75 63 99 96 75 85 70 92 98 0 88 76 65 90 73 90 84 90 86 56 69 94 99 97 76 93 64 71 56 63 62 65 70 52 84 76 81 61 
63 90 53 94 53 51 77 97 92 52 80 80 73 0 63 63 61 54 77 62 90 99 90 64 65 98 78 53 97 67 74 88 57 84 57 66 90 63 58 53 50 
67 90 74 97 96 94 75 73 76 94 88 64 62 85 0 67 68 51 64 78 81 75 50 55 83 87 92 60 88 54 58 62 57 97 99 69 73 69 73 72 84 
75 70 66 66 65 58 79 58 83 94 59 92 59 97 75 0 99 54 70 84 64 99 97 68 75 82 92 64 95 62 61 62 82 72 61 69 83 65 84 96 95 
50 99 91 86 82 74 64 81 79 57 97 68 75 71 57 51 0 77 67 70 75 89 67 59 61 64 96 77 98 60 89 79 82 92 86 86 97 66 52 69 93 
89 78 77 72 90 85 54 84 52 51 88 81 66 84 62 58 59 0 78 88 86 77 62 91 87 91 79 62 52 99 83 79 99 77 88 74 96 66 97 79 80 
63 71 94 69 74 94 74 57 97 53 99 62 96 62 58 64 88 57 0 84 64 84 91 84 72 88 77 80 50 63 61 63 67 92 92 52 91 82 79 77 54 
63 69 80 73 92 70 73 76 91 93 64 91 82 73 56 96 94 88 91 0 60 72 83 97 60 74 83 50 67 63 72 72 89 55 56 84 85 70 98 83 98 
65 84 72 68 53 77 93 63 99 77 73 79 81 69 99 50 68 96 79 90 0 78 81 85 89 79 80 55 56 77 53 94 89 84 64 52 68 92 53 82 55 
70 93 98 76 53 70 81 64 53 64 66 57 52 89 89 94 99 86 72 96 81 0 62 68 71 64 68 54 67 87 98 82 98 72 50 97 95 91 98 84 97 
51 66 64 55 96 72 81 69 82 93 56 93 86 64 66 56 91 58 72 78 56 50 0 93 88 62 78 82 74 56 50 90 83 59 65 55 85 63 81 99 95 
81 73 53 60 99 79 62 63 50 63 72 65 53 66 55 54 92 99 59 60 88 56 81 0 68 62 68 64 91 66 64 95 85 97 98 73 63 75 98 83 83 
78 80 85 89 57 70 53 80 84 64 93 53 79 77 88 69 75 55 83 50 84 51 57 67 0 79 98 86 82 50 73 68 82 53 92 70 64 68 84 54 74 
99 57 77 93 89 64 61 66 98 72 69 85 96 78 78 91 86 81 70 79 52 58 66 59 93 0 70 67 73 74 95 77 97 82 77 66 81 68 94 80 83 
89 67 69 97 61 89 75 90 74 78 79 74 85 85 74 73 50 86 72 74 95 67 64 52 63 73 0 87 98 84 78 79 58 60 81 92 58 56 73 93 70 
88 86 60 83 64 64 83 77 84 50 70 81 96 74 58 96 86 81 61 59 50 88 98 99 67 64 53 0 94 62 54 63 81 89 55 98 89 67 99 86 70 
62 60 80 80 60 96 55 69 97 53 86 81 76 53 57 69 68 91 97 85 77 78 82 96 51 51 73 99 0 74 60 91 69 86 78 74 93 93 81 65 69 
98 52 50 94 67 93 51 93 61 77 78 70 51 52 57 95 98 53 85 91 81 78 95 50 52 64 67 58 64 0 66 92 90 98 64 60 51 98 68 96 90 
53 97 58 68 97 82 75 84 80 98 92 90 99 52 83 88 58 58 66 61 51 67 63 70 87 57 98 54 76 62 0 79 62 98 95 50 97 74 78 62 91 
62 85 77 76 71 81 96 93 65 86 56 56 92 85 53 89 98 58 62 88 90 54 51 95 84 92 55 86 75 73 63 0 75 84 53 60 71 88 80 76 59 
57 50 97 63 77 75 99 57 85 56 83 53 68 80 64 92 66 71 50 55 57 90 61 55 55 52 93 72 87 97 58 62 0 91 58 86 56 83 96 68 51 
67 78 64 81 62 59 75 64 70 70 88 54 59 89 54 76 59 89 79 99 74 99 99 97 98 83 71 70 71 67 76 66 71 0 93 74 85 99 65 52 55 
94 60 58 97 76 73 82 56 54 98 62 92 97 51 92 98 91 55 55 52 63 67 91 93 86 69 51 92 94 60 81 51 70 82 0 75 70 65 92 73 77 
87 62 90 55 64 65 84 62 71 95 81 85 73 93 87 80 79 90 64 88 95 52 67 96 56 54 85 61 68 91 95 84 72 93 97 0 82 70 71 85 86 
58 62 99 93 50 88 74 80 74 67 64 72 61 51 96 50 51 90 86 88 80 86 68 71 68 71 83 50 67 74 56 67 78 59 79 57 0 73 80 74 81 
57 64 72 63 75 54 81 70 90 53 55 67 74 90 78 98 67 53 66 72 79 91 78 85 88 75 67 83 80 58 78 85 62 85 68 91 84 0 97 71 96 
66 71 94 55 89 56 94 66 92 76 85 58 60 55 60 98 68 53 92 65 54 52 55 60 81 71 61 54 89 66 53 81 56 77 76 75 60 79 0 50 87 
65 80 75 78 73 78 72 72 92 84 78 91 74 75 85 80 64 73 50 88 81 53 78 76 78 75 77 65 97 97 72 86 75 66 73 76 72 72 51 0 96 
79 93 53 89 76 75 53 74 83 75 81 67 78 58 68 50 82 67 71 64 62 73 95 69 62 94 94 90 99 57 74 53 78 50 68 52 85 75 67 66 0 
