n: 40
m: 8
Pi:U[1-99] 52 67 11 37 20 94 15 38 91 44 63 54 64 67 48 97 99 93 85 96 69 61 93 11 37 59 74 71 62 48 42 9 15 69 70 58 54 80 12 95 
Si:U[1-49]
0 27 8 43 47 37 24 21 41 22 8 18 11 38 5 12 25 48 31 46 5 19 5 11 37 10 13 7 8 15 15 30 12 8 19 21 37 35 14 10 11 
44 0 32 22 20 41 30 44 29 19 38 44 39 30 4 26 22 1 10 35 40 39 2 25 35 38 3 26 40 14 49 36 16 27 41 8 21 2 26 5 32 
28 8 0 10 9 8 7 12 12 33 16 3 11 43 22 44 4 39 5 21 14 48 38 5 4 10 7 25 43 7 17 37 39 26 18 8 1 26 25 46 12 
22 5 23 0 22 46 13 23 13 44 16 17 3 44 13 30 17 14 11 15 23 36 30 35 44 25 34 36 24 38 1 35 2 27 16 45 3 14 42 31 2 
15 2 17 38 0 35 37 40 13 40 30 1 42 15 2 42 5 11 11 9 27 40 46 6 33 36 22 9 5 2 42 45 9 48 21 39 49 19 35 4 35 
29 41 41 12 22 0 33 31 8 44 20 13 9 25 12 31 28 1 24 45 25 19 23 46 46 12 30 29 2 4 40 13 41 12 35 13 10 17 11 22 1 
28 33 30 42 41 41 0 2 4 27 26 44 35 17 6 7 20 1 13 1 39 47 13 43 37 47 30 27 33 43 49 18 46 32 8 14 4 19 32 20 22 
33 35 10 18 24 16 12 0 26 15 8 11 33 41 30 19 49 7 31 49 24 2 5 19 9 3 47 42 10 2 48 15 47 39 2 1 23 36 7 46 37 
12 36 38 45 26 48 46 6 0 34 42 11 26 21 38 35 31 43 16 9 41 49 49 15 26 28 29 13 28 16 5 5 34 18 18 10 19 28 37 3 11 
43 7 8 4 3 36 1 32 30 0 25 41 30 11 22 22 28 1 6 41 10 2 45 40 5 39 43 25 42 14 46 47 37 40 38 47 5 14 46 18 43 
17 26 10 23 44 48 20 11 11 45 0 19 25 18 3 5 30 24 25 38 22 38 16 16 17 41 44 41 5 47 21 5 46 34 24 7 18 29 25 9 20 
6 42 1 35 41 7 25 43 23 28 49 0 16 11 35 22 45 5 35 14 47 30 23 15 40 12 6 2 28 12 35 4 1 42 49 6 5 20 45 11 29 
3 8 48 32 21 19 44 33 35 36 17 32 0 14 35 30 29 46 33 22 24 34 24 26 34 35 34 33 2 49 11 26 34 44 42 29 23 15 7 36 7 
1 24 44 33 45 44 43 19 6 37 29 34 34 0 12 9 2 29 18 24 13 47 30 5 46 45 48 40 12 36 33 45 40 4 11 10 40 20 45 27 17 
35 43 29 25 9 25 43 13 7 34 26 12 34 37 0 39 48 17 20 32 21 46 41 36 11 28 21 27 10 35 35 28 40 22 45 46 17 18 37 11 35 
3 35 27 48 18 14 46 36 26 16 32 16 30 1 18 0 11 34 12 5 27 20 16 7 39 12 16 18 26 48 26 31 42 39 33 3 11 24 36 9 42 
43 13 10 48 18 23 8 29 11 16 45 45 21 2 26 48 0 10 13 3 8 19 9 4 45 2 17 41 39 32 41 40 13 13 29 45 19 14 29 35 44 
32 42 35 35 31 17 1 28 7 33 3 24 40 48 21 4 42 0 28 11 23 1 40 3 36 48 3 36 17 6 29 25 29 24 35 20 9 18 49 18 28 
25 42 33 1 8 18 7 28 41 23 44 28 25 3 29 28 42 19 0 26 1 25 14 36 30 32 13 38 45 15 1 31 33 21 1 12 36 40 15 4 26 
20 25 6 43 49 35 21 14 15 5 47 30 27 31 40 3 46 36 21 0 7 22 6 16 13 16 19 25 10 32 9 42 26 40 26 5 40 31 1 11 26 
12 47 32 47 14 38 48 2 12 49 49 32 38 43 8 28 33 19 3 32 0 17 11 8 47 11 28 15 49 7 45 12 34 14 15 30 46 27 14 42 42 
3 41 47 34 19 16 31 11 41 31 3 3 19 32 34 8 36 34 19 36 34 0 2 48 26 17 10 22 16 6 16 44 14 40 18 25 37 47 31 46 33 
16 46 16 13 14 48 12 18 43 49 20 9 10 27 48 49 49 37 11 21 37 27 0 40 26 23 27 45 18 47 44 27 4 7 16 16 3 46 6 13 14 
23 28 22 38 42 11 10 1 8 38 5 6 4 20 29 22 42 11 18 32 18 7 19 0 35 11 11 8 1 48 1 30 1 44 31 8 38 42 13 47 27 
38 43 25 19 12 37 26 10 38 47 47 5 46 32 34 30 30 19 2 17 30 13 32 13 0 11 40 23 6 4 1 4 46 4 16 33 22 28 37 38 11 
30 26 10 4 37 45 37 2 39 46 46 11 13 13 16 24 27 37 20 11 7 40 36 37 34 0 21 28 13 17 24 29 36 15 32 25 6 45 25 18 44 
34 27 49 36 2 45 11 35 8 35 41 1 29 4 4 2 48 9 34 44 7 33 13 25 49 11 0 26 48 49 10 45 42 2 25 41 37 11 1 48 26 
11 25 28 41 16 36 17 17 35 31 31 34 7 48 8 35 18 26 8 2 49 25 39 10 6 12 21 0 1 5 42 18 24 20 6 43 6 39 16 37 4 
24 10 40 11 42 16 22 9 8 16 25 38 33 21 32 34 6 24 22 39 2 29 9 47 40 21 32 45 0 36 5 48 44 21 26 6 7 47 24 22 39 
36 49 5 40 21 15 37 37 38 18 25 31 12 36 18 34 19 40 20 11 32 47 49 8 26 43 28 9 40 0 48 11 4 36 6 40 38 4 27 24 43 
31 7 18 8 3 24 13 8 1 33 18 39 44 25 17 17 12 44 16 22 12 32 3 43 10 24 42 45 21 32 0 22 7 36 41 19 44 5 5 14 18 
15 6 2 38 48 11 49 44 20 29 13 8 38 37 3 8 25 20 40 17 46 17 20 13 34 15 11 18 13 20 38 0 20 42 23 1 6 29 46 45 46 
32 24 7 3 43 45 32 37 36 45 42 20 34 38 12 7 26 23 38 37 7 30 37 7 1 27 42 35 32 19 16 49 0 28 17 31 18 25 21 48 41 
37 39 1 29 46 19 47 18 47 15 23 23 44 6 34 2 19 6 32 40 49 43 22 29 43 25 11 34 5 24 48 42 27 0 5 27 42 36 3 22 15 
25 12 27 3 28 4 31 2 31 4 13 5 12 38 12 39 11 4 49 13 18 2 45 33 5 32 21 29 5 49 22 40 45 37 0 34 8 16 35 45 8 
26 11 19 23 1 48 36 22 17 42 39 32 10 28 25 40 47 20 43 25 45 14 5 13 27 2 32 33 21 39 45 9 11 40 49 0 48 44 2 2 44 
13 37 41 28 35 18 12 32 36 26 19 21 37 21 36 2 36 4 44 21 46 12 15 32 18 14 30 8 2 5 12 14 25 22 34 49 0 17 11 49 24 
14 41 46 49 5 40 19 26 40 44 40 49 3 24 35 16 44 29 46 37 37 39 34 44 1 2 16 41 13 15 38 16 48 45 33 44 8 0 10 33 33 
6 38 8 7 1 21 15 13 10 33 47 11 32 24 25 42 20 28 21 32 16 39 23 14 48 19 42 40 5 1 28 19 37 16 33 46 2 38 0 43 9 
47 19 17 37 18 31 12 48 25 19 1 9 35 46 43 27 8 11 16 20 8 23 32 24 29 39 36 27 47 14 39 18 47 9 15 10 1 3 1 0 43 
9 35 36 44 31 11 14 4 38 15 35 41 35 36 35 19 19 19 29 12 41 23 42 10 39 19 9 5 9 4 39 34 34 38 31 23 30 15 38 22 0 
