n: 40
m: 10
Pi:U[1-99] 93 68 10 70 44 31 95 96 1 85 72 31 2 7 12 88 29 66 60 39 92 27 71 41 20 84 2 17 88 6 68 7 9 56 49 22 1 33 7 97 
Si:U[1-99]
0 40 48 62 28 18 66 29 33 24 45 99 99 99 84 97 88 57 99 3 99 99 63 21 99 67 99 16 99 97 99 99 99 49 9 69 63 99 28 99 78 
22 0 24 22 23 33 10 15 32 24 99 99 1 13 97 37 99 99 99 97 76 93 48 99 25 99 87 43 45 99 88 66 99 60 88 99 82 99 39 54 82 
7 6 0 45 22 33 29 8 53 22 97 39 99 55 55 82 99 99 97 99 99 49 90 31 75 93 60 99 99 99 63 61 55 42 27 70 25 99 67 13 12 
50 42 49 0 26 18 18 21 34 15 54 49 58 99 99 34 48 99 90 99 82 18 99 36 94 94 99 99 99 99 99 37 45 99 16 99 42 99 99 64 85 
63 66 31 64 0 45 24 65 58 47 7 99 99 99 31 96 58 45 99 37 99 37 99 99 88 31 99 82 69 30 81 82 21 99 99 25 72 1 99 76 99 
40 2 12 43 54 0 49 41 44 59 49 34 82 48 19 12 24 82 22 43 25 15 58 99 49 99 15 43 69 12 99 66 88 70 39 99 9 99 36 58 63 
5 49 2 62 17 42 0 30 58 62 99 1 99 85 64 19 75 43 99 99 99 79 90 10 73 18 33 40 78 48 39 66 94 99 99 49 97 99 39 3 99 
12 28 64 44 40 10 24 0 1 47 67 70 99 51 60 64 99 7 99 99 3 16 99 72 82 99 58 30 39 19 6 82 37 99 4 18 93 93 49 99 93 
53 14 14 48 35 39 49 0 0 32 93 99 97 34 91 28 99 73 99 63 82 99 94 12 79 70 99 28 99 88 24 99 6 67 99 94 99 25 99 99 88 
50 50 53 52 64 35 6 14 57 0 99 96 61 99 79 99 97 51 99 88 99 94 99 57 99 99 99 99 99 99 99 70 76 42 99 99 99 93 99 99 54 
99 90 94 88 76 99 25 99 60 99 0 21 52 60 34 30 20 37 52 46 99 87 99 45 73 99 21 75 25 33 51 63 93 99 91 99 49 99 99 70 99 
67 63 39 99 15 99 30 25 16 99 18 0 6 23 57 46 7 27 44 12 21 99 99 97 3 99 24 99 99 70 91 46 99 99 79 99 99 94 60 99 72 
99 54 63 84 15 24 93 99 99 46 57 40 0 56 18 14 56 22 51 22 46 99 99 18 1 42 21 99 13 61 19 99 99 99 61 84 99 54 99 93 39 
58 99 30 99 33 99 99 46 34 99 10 20 34 0 14 8 8 56 20 43 57 33 60 99 99 99 39 99 72 99 99 48 99 99 37 48 90 99 37 66 66 
99 99 99 99 99 46 88 12 55 99 12 28 22 3 0 6 8 34 52 6 30 25 99 24 54 97 46 99 18 99 3 30 99 66 61 1 85 63 99 96 79 
42 99 99 30 85 19 99 99 46 3 55 20 55 64 5 0 56 10 11 58 99 16 99 99 40 36 57 55 16 75 43 99 88 99 96 99 99 75 99 81 9 
99 63 16 96 99 3 99 76 84 36 12 17 50 42 44 29 0 32 13 29 27 69 85 99 99 70 91 24 34 99 60 91 99 99 82 99 99 9 6 99 99 
21 19 99 99 15 99 60 63 36 72 62 31 59 30 55 48 57 0 15 32 24 49 73 60 99 58 45 90 99 22 4 21 43 61 99 93 28 81 76 40 72 
52 99 72 99 73 21 99 87 16 66 1 58 16 57 48 42 12 18 0 15 60 9 99 99 99 37 99 1 90 67 34 99 66 99 99 99 99 49 93 15 99 
76 99 99 99 99 54 99 63 7 87 42 58 64 62 22 43 45 62 26 0 99 64 76 93 99 67 21 99 64 99 99 16 99 18 75 58 99 99 19 9 99 
99 15 99 9 94 63 99 99 82 99 99 99 99 99 96 19 54 99 99 21 0 22 12 1 48 6 10 26 40 0 99 70 78 99 34 99 21 36 99 72 36 
87 99 18 30 45 99 99 93 99 27 99 6 99 99 99 1 99 99 81 7 50 0 29 7 54 3 50 42 64 47 99 88 99 99 4 96 49 99 90 99 99 
13 52 27 99 4 99 88 67 36 99 99 99 99 19 99 99 7 88 99 60 42 24 0 45 54 44 62 66 36 59 99 25 87 99 46 75 99 10 99 22 76 
99 6 25 99 99 79 88 33 54 99 99 93 42 99 22 99 61 99 21 28 51 9 54 0 55 44 63 42 50 21 99 84 22 3 99 93 99 24 49 57 99 
60 48 19 78 9 43 99 54 55 91 99 99 1 9 99 72 39 64 99 82 26 26 39 40 0 51 0 6 47 16 99 99 88 99 27 40 99 21 99 1 99 
99 9 42 99 99 99 46 76 22 99 69 99 99 99 61 99 63 99 75 42 66 2 60 40 0 0 7 46 53 58 99 99 87 99 99 16 90 54 99 90 99 
25 13 63 99 46 97 73 51 99 99 73 66 63 85 99 90 99 48 40 99 56 22 25 49 6 65 0 22 40 9 72 31 46 25 55 87 16 94 66 18 82 
43 31 88 31 57 99 99 99 96 57 99 34 70 57 99 69 99 87 34 34 23 4 32 7 59 65 18 0 20 32 93 88 99 99 37 99 99 7 99 99 79 
6 3 46 55 27 99 30 99 40 99 99 37 99 69 48 99 76 99 37 75 53 41 38 4 42 26 46 2 0 47 90 61 72 99 99 21 43 99 63 99 81 
99 84 94 99 99 79 36 45 99 99 69 99 87 39 97 49 99 79 99 99 51 22 64 24 2 42 17 62 50 0 42 4 99 99 52 85 99 10 87 30 99 
12 99 1 70 54 64 99 66 99 88 96 48 99 39 99 61 75 99 99 16 91 81 61 39 63 51 99 39 99 99 0 64 1 20 42 65 44 48 62 65 60 
1 99 24 99 43 27 64 84 72 99 99 99 55 99 90 21 99 60 99 48 99 84 94 88 60 99 79 99 99 81 36 0 15 16 25 12 65 2 32 12 99 
49 9 52 99 22 85 99 99 99 99 49 7 1 55 75 42 6 99 39 18 57 91 4 76 99 88 99 99 1 99 22 62 0 27 38 40 19 45 61 7 51 
99 99 90 91 99 75 37 99 96 99 90 42 85 99 85 99 99 99 99 37 99 99 90 85 99 76 99 57 72 99 64 25 26 0 50 40 44 15 14 50 13 
99 99 99 96 6 99 87 61 57 55 16 99 67 99 99 99 25 45 66 22 18 69 51 31 93 64 90 69 99 99 48 64 54 14 0 8 10 63 63 12 78 
99 73 99 48 10 37 99 19 31 88 39 55 45 12 99 99 24 93 30 97 90 46 4 99 99 99 99 75 99 49 37 6 29 66 5 0 49 24 40 25 99 
99 99 42 28 99 99 94 99 99 99 99 85 94 85 60 79 99 90 39 99 99 67 18 25 1 40 81 99 51 40 55 36 32 47 50 18 0 21 58 5 85 
93 99 43 99 7 15 99 10 21 49 37 99 78 48 15 99 27 27 12 99 63 3 72 99 99 99 99 63 69 39 49 38 37 52 50 57 16 0 5 7 66 
99 61 52 3 87 99 45 99 55 9 99 40 99 66 99 72 99 81 99 64 36 64 30 99 63 93 99 51 45 99 6 34 6 3 4 44 16 56 0 54 99 
69 39 66 39 51 72 1 42 55 99 64 22 87 75 12 31 85 99 99 99 99 40 70 85 4 21 54 90 33 58 10 60 22 35 32 39 10 30 19 0 18 
99 30 21 99 61 84 9 25 12 30 99 99 99 19 58 52 99 49 57 12 81 4 19 46 43 24 57 12 22 99 6 30 99 99 85 79 93 99 99 99 0 
