n: 40
m: 2
Pi:U[1-99] 6 85 24 4 91 18 33 93 85 59 1 25 67 17 76 49 58 25 76 91 93 34 85 79 21 27 21 53 39 1 23 53 2 56 33 75 17 39 74 24 
Si:U[1-49]
0 28 9 32 23 20 31 32 19 0 18 1 15 49 9 4 49 49 49 45 30 22 43 37 24 1 45 18 27 9 31 37 1 42 49 16 42 48 24 10 49 
10 0 2 21 22 26 24 2 28 10 45 30 1 49 45 49 15 18 49 39 49 33 48 49 30 49 12 49 3 49 49 49 16 12 24 49 6 48 49 49 10 
20 24 0 17 8 16 20 14 30 1 24 10 49 39 18 13 21 49 27 19 49 45 24 21 49 49 49 31 49 49 19 43 49 25 39 49 33 3 34 37 49 
8 10 18 0 29 13 6 24 18 28 6 1 21 24 49 1 10 49 49 10 9 49 49 49 49 49 49 42 49 42 24 49 7 39 49 49 1 30 46 49 49 
24 22 10 24 0 22 7 23 16 25 18 33 4 49 39 33 9 34 42 42 49 45 21 18 1 21 24 49 12 49 28 6 21 1 49 13 31 39 49 49 36 
20 21 23 14 12 0 31 15 9 22 9 13 18 28 10 30 43 9 1 7 33 49 21 19 4 25 48 25 49 6 49 13 18 22 49 49 18 25 21 49 49 
19 10 32 6 24 23 0 18 22 13 34 45 40 30 36 49 30 27 1 27 39 21 36 49 39 6 49 6 49 22 12 49 28 28 16 9 25 12 24 45 9 
10 15 30 16 4 2 2 0 2 32 4 4 10 28 18 28 48 28 36 3 49 16 10 30 7 43 13 36 49 49 49 49 42 37 49 49 19 16 49 1 16 
22 12 8 15 23 2 26 16 0 3 49 49 49 49 49 42 36 18 34 22 1 40 21 49 49 16 6 18 18 49 45 49 30 37 15 25 25 49 49 49 30 
2 25 13 16 26 26 22 13 12 0 10 49 39 33 13 49 49 40 49 19 43 48 12 36 49 49 16 10 49 49 3 49 4 49 43 24 27 28 21 34 43 
31 49 31 31 49 12 37 49 36 37 0 5 31 22 27 14 2 0 2 16 18 19 49 30 31 24 6 6 6 45 30 39 49 49 1 9 21 49 49 49 49 
49 12 13 3 49 37 49 12 49 49 21 0 12 8 10 19 10 12 12 1 19 28 24 36 30 33 40 31 10 49 49 49 42 25 1 30 30 42 49 21 40 
18 49 43 28 6 49 25 36 6 13 32 24 0 25 10 2 24 10 23 31 10 39 30 22 49 49 46 27 40 46 49 49 33 42 49 49 10 49 49 49 28 
9 49 9 49 15 49 4 49 48 27 27 4 20 0 30 16 6 32 16 6 40 3 49 46 7 49 49 16 12 43 49 28 25 45 42 6 30 3 49 49 49 
12 49 49 6 31 49 36 18 40 49 27 2 32 18 0 16 9 22 13 16 6 4 9 9 39 49 12 21 49 12 49 49 12 49 48 49 49 49 33 25 49 
10 25 43 18 49 27 49 49 45 43 24 17 9 18 10 0 29 32 4 25 31 37 27 49 46 49 18 34 39 21 49 49 43 27 49 34 42 31 4 39 31 
21 15 13 25 49 9 46 7 49 9 5 14 4 32 11 27 0 7 16 10 21 6 27 49 10 49 49 49 49 49 18 49 49 49 49 49 28 49 49 49 49 
9 49 21 1 25 45 43 12 7 19 2 15 19 24 20 17 3 0 24 10 27 49 49 10 27 34 13 40 46 49 49 49 42 27 10 49 27 22 49 49 30 
9 9 37 1 19 49 18 43 43 16 19 3 31 0 4 24 26 8 0 8 15 49 49 48 49 3 49 10 49 49 24 37 34 49 19 42 49 49 3 45 19 
49 18 21 49 6 49 9 31 49 49 7 24 21 2 5 5 12 12 18 0 49 49 30 49 49 28 16 9 1 45 18 16 49 24 31 49 6 10 49 49 25 
28 3 9 49 45 1 49 49 18 6 39 49 49 9 9 49 49 49 34 7 0 26 10 14 22 23 18 2 8 29 40 16 3 49 18 49 22 22 49 43 10 
22 15 16 33 49 13 43 49 49 36 4 49 22 49 49 49 9 36 27 31 4 0 16 28 26 14 1 32 10 1 49 7 49 9 49 16 49 19 49 21 37 
49 46 7 6 48 30 49 4 49 24 49 43 49 48 49 33 10 28 49 4 6 10 0 25 30 17 19 30 10 13 27 33 1 48 6 49 42 30 22 43 49 
42 49 21 49 19 45 25 18 15 27 27 19 36 49 49 24 40 49 12 31 11 32 20 0 18 16 19 4 12 7 49 10 49 37 49 39 33 42 1 9 49 
49 37 21 9 27 22 49 49 45 6 49 25 22 37 49 49 28 49 49 43 23 6 24 10 0 4 17 24 5 8 40 4 10 49 49 49 40 27 48 43 49 
15 7 49 28 49 36 49 49 45 24 48 37 49 49 25 4 49 1 36 4 22 11 10 8 16 0 17 4 11 30 49 33 28 15 9 18 49 43 49 30 3 
49 49 49 24 39 36 39 49 12 6 15 49 7 3 49 49 10 49 9 18 12 30 19 11 28 23 0 4 2 23 21 6 33 10 49 40 33 49 9 49 19 
12 31 49 49 3 49 46 49 37 49 49 49 22 49 49 49 19 49 1 33 18 17 0 21 16 13 5 0 11 30 15 6 13 49 30 45 36 22 10 49 49 
30 33 49 21 49 49 49 49 39 24 49 49 49 22 43 49 6 33 39 34 12 28 20 19 4 4 26 12 0 4 40 36 19 3 28 49 21 46 4 4 27 
49 3 31 49 7 49 37 45 7 37 48 49 28 49 10 4 25 30 4 15 21 20 20 9 1 4 21 5 5 0 18 13 48 49 13 34 4 49 49 49 28 
49 15 3 21 16 49 25 49 15 49 15 36 3 39 49 49 49 49 49 49 39 49 49 4 16 33 49 49 40 49 0 20 24 22 18 10 26 13 28 13 34 
49 19 49 7 24 49 19 49 6 16 49 37 10 49 49 49 49 45 13 15 49 16 49 49 46 49 49 49 30 22 2 0 20 4 30 23 27 26 22 14 1 
6 49 19 4 40 36 39 37 22 49 19 6 16 49 45 48 49 22 19 46 49 4 34 46 16 4 49 49 6 37 1 24 0 5 30 28 16 12 32 24 49 
18 18 43 49 49 49 10 36 34 28 49 42 49 49 30 25 49 33 42 45 49 19 49 4 40 49 36 12 46 28 8 2 5 0 31 10 20 12 1 12 33 
9 49 3 49 30 12 49 36 27 49 49 22 49 49 9 10 49 49 6 12 21 49 13 27 49 49 49 13 18 21 14 1 5 6 0 24 20 10 16 24 49 
39 49 49 16 19 31 43 49 42 15 1 49 37 18 49 19 31 49 49 49 42 42 24 49 49 49 3 43 49 45 30 2 20 23 10 0 0 11 32 26 40 
1 49 33 40 30 13 49 27 33 49 42 22 7 37 36 3 49 49 49 25 43 49 49 45 45 21 30 7 40 49 12 2 21 29 1 5 0 17 23 18 49 
49 42 49 45 49 49 3 18 19 49 42 37 49 46 30 27 4 49 49 7 49 49 31 30 33 49 37 1 49 34 2 22 24 20 32 6 29 0 20 27 9 
25 18 49 39 28 10 3 49 12 49 42 19 25 39 49 42 49 49 49 27 34 49 27 31 15 43 22 34 13 9 8 5 4 20 28 8 14 6 0 14 7 
30 49 27 37 46 36 49 49 37 39 15 18 27 13 49 49 12 3 9 25 49 49 49 9 7 13 27 39 49 42 18 18 6 4 11 8 16 2 18 0 49 
49 49 18 48 21 4 49 46 49 49 15 7 21 18 10 49 49 10 49 36 49 49 49 1 49 31 4 24 24 46 28 31 49 15 4 33 16 21 49 49 0 
