n: 40
m: 6
Pi:U[1-99] 65 45 63 15 19 75 9 28 37 93 91 95 14 2 12 76 24 4 1 66 36 98 36 48 92 34 33 13 8 74 27 2 88 1 22 63 77 15 87 38 
Si:U[1-124]
0 46 60 32 22 68 67 6 55 25 16 124 118 24 115 111 111 40 124 64 124 75 124 124 105 124 40 106 124 124 124 12 124 93 70 51 42 124 108 84 39 
14 0 28 17 45 66 48 82 7 54 72 66 124 111 28 33 106 111 21 69 124 108 57 63 57 124 124 124 124 94 81 124 19 12 84 124 69 124 124 7 124 
77 29 0 51 62 2 33 57 7 62 124 19 103 124 94 124 75 120 30 6 63 90 43 118 10 18 124 31 108 10 124 117 118 112 124 60 124 3 124 73 123 
33 70 30 0 76 36 75 4 38 47 97 124 124 36 99 36 78 124 100 36 124 46 102 112 109 79 124 124 121 22 33 79 37 96 16 19 34 45 124 24 124 
7 6 34 12 0 42 53 82 15 35 124 31 63 124 3 115 121 124 124 87 88 25 12 93 36 1 111 124 124 115 52 121 72 124 124 84 34 25 52 75 30 
66 82 18 30 80 0 67 74 62 70 115 124 48 90 124 13 21 112 73 97 124 78 124 124 124 1 40 124 15 124 124 6 118 90 124 55 124 96 124 91 111 
52 10 75 76 4 24 0 10 22 28 48 73 124 22 19 124 21 124 124 28 22 124 58 48 111 124 63 9 13 124 112 3 102 15 22 108 124 48 124 73 124 
76 80 20 46 48 26 0 0 16 82 21 124 69 33 22 106 124 124 90 90 4 124 124 111 124 114 33 124 48 124 13 52 124 124 54 124 124 124 124 123 30 
51 50 81 66 24 14 54 69 0 18 105 81 123 75 82 121 120 124 4 124 124 124 124 121 124 76 16 124 93 99 21 60 79 100 28 124 37 124 124 124 30 
6 8 82 45 69 33 19 64 36 0 42 28 124 124 124 100 73 96 87 48 124 21 124 102 49 30 67 121 49 84 75 42 124 124 99 111 94 58 111 103 94 
124 31 124 93 4 39 81 4 106 124 0 63 29 44 52 30 52 82 16 7 124 57 103 9 124 124 67 124 78 124 37 34 103 91 43 124 123 124 112 124 13 
124 84 124 93 124 10 73 124 124 124 64 0 54 46 31 65 78 64 33 14 54 58 124 103 90 124 124 124 70 124 117 97 46 73 7 124 48 120 124 9 63 
124 124 124 105 61 15 40 124 121 13 14 32 0 29 66 25 46 4 62 24 45 69 24 1 109 124 124 66 48 105 19 93 124 46 124 124 19 97 43 43 117 
24 93 69 123 4 124 52 124 9 64 28 29 36 0 81 2 51 35 51 74 124 124 124 13 64 124 124 124 114 124 66 91 124 24 124 40 63 106 124 75 124 
79 67 19 124 124 66 112 124 124 124 36 24 43 76 0 12 54 2 79 10 3 124 124 69 36 6 55 15 78 54 124 100 96 124 99 102 124 124 124 10 124 
79 21 93 66 105 124 108 90 10 94 62 58 7 16 6 0 14 19 67 24 106 24 102 124 124 64 15 15 51 64 124 63 42 124 117 10 16 100 120 27 15 
72 124 73 124 76 51 66 124 15 28 47 72 51 30 60 8 0 8 60 48 25 115 124 124 124 124 124 124 46 124 124 124 16 39 42 10 72 39 124 57 124 
118 12 54 30 22 124 76 91 124 124 65 70 8 28 26 37 9 0 82 72 75 3 90 10 124 27 124 111 73 81 64 124 78 117 57 124 46 91 96 91 10 
121 64 124 51 7 42 124 124 97 124 46 12 28 56 46 73 15 50 0 32 25 114 99 102 81 3 19 124 57 45 124 49 25 124 90 46 64 6 117 124 79 
109 24 124 118 124 40 111 124 124 124 11 23 52 52 54 30 32 0 81 0 67 81 124 54 115 78 73 31 124 91 34 30 90 15 100 90 124 100 124 115 102 
94 124 108 124 124 52 45 1 106 124 52 1 60 108 90 124 66 31 88 124 0 20 21 35 50 58 52 1 26 42 1 97 124 73 124 55 90 19 55 36 67 
76 51 124 124 85 124 124 3 66 124 49 79 16 78 124 124 73 102 37 124 24 0 20 26 5 66 30 0 4 22 93 12 124 124 33 9 124 124 70 124 19 
57 112 45 124 124 31 55 124 124 103 88 7 82 30 124 124 54 121 124 42 65 80 0 4 18 76 55 32 30 38 19 12 37 66 72 124 94 40 84 84 78 
82 121 63 94 124 124 15 84 102 97 37 124 124 124 55 76 103 124 69 52 46 74 16 0 13 75 78 30 57 81 124 64 124 97 103 52 19 124 18 102 124 
51 15 85 124 97 55 37 124 109 84 15 109 91 1 25 6 97 124 124 21 14 31 25 55 0 22 53 38 62 47 48 102 124 124 93 43 124 124 48 124 67 
15 124 33 73 96 124 34 22 124 97 124 124 45 18 115 124 79 124 124 21 56 26 3 37 16 0 26 58 40 4 37 13 96 37 25 124 115 52 73 124 90 
105 124 6 52 94 7 4 124 64 49 70 67 75 124 76 124 9 112 28 84 61 52 69 29 1 51 0 25 38 44 96 124 102 18 93 114 124 76 124 57 124 
124 58 30 124 124 55 124 13 67 124 124 19 82 36 124 81 124 123 4 124 32 66 0 78 41 47 58 0 36 40 124 124 15 69 24 63 124 18 21 85 70 
61 124 52 28 48 39 124 81 55 124 112 124 27 52 48 12 19 114 27 40 6 65 62 52 41 17 4 23 0 62 21 81 25 61 30 124 37 25 124 106 124 
124 124 124 124 124 84 118 7 27 9 124 13 85 115 124 70 87 61 124 124 72 52 47 68 3 68 16 72 70 0 27 58 10 106 124 15 109 15 124 124 124 
124 117 96 100 69 124 57 39 63 124 124 124 43 85 1 124 81 124 13 124 37 52 16 124 18 34 124 124 124 124 0 27 74 32 1 45 68 81 46 76 39 
117 10 97 124 19 30 124 124 124 25 9 82 33 6 66 28 124 45 124 124 55 43 75 124 21 124 57 124 27 124 43 0 19 30 42 37 2 44 44 51 105 
73 79 88 16 78 81 85 124 81 124 120 124 112 106 124 102 124 36 31 73 36 63 13 18 108 124 49 64 97 124 8 68 0 54 46 72 51 14 2 54 39 
51 12 18 16 124 46 124 84 31 124 88 114 48 21 30 84 60 61 61 60 51 1 124 115 114 49 124 124 73 42 50 46 58 0 2 36 18 55 23 56 124 
124 31 103 94 124 76 15 124 34 120 75 117 16 85 15 124 124 55 124 124 52 15 72 117 124 124 124 66 73 25 12 11 30 48 0 6 6 36 35 20 31 
64 124 27 51 102 124 10 109 84 103 112 16 60 66 112 124 12 45 124 19 27 85 124 88 124 6 18 124 81 124 76 20 52 48 26 0 7 60 2 66 100 
39 1 117 18 121 72 124 61 124 124 52 52 19 124 7 24 124 124 24 99 124 51 52 76 51 100 15 124 34 124 76 26 49 32 7 40 0 79 15 43 124 
76 124 28 91 124 93 9 57 18 57 6 88 102 115 124 33 124 49 52 124 97 124 124 28 25 13 124 124 96 124 35 26 62 76 6 38 47 0 63 50 64 
58 79 76 82 9 49 25 43 124 30 82 112 124 4 124 124 75 109 21 72 42 9 106 117 124 124 124 124 27 124 11 28 20 81 7 74 40 78 0 32 79 
97 21 13 124 124 22 124 24 96 124 105 102 34 124 124 99 9 36 55 27 124 6 124 124 124 60 46 124 124 124 74 77 52 14 20 52 61 36 46 0 124 
63 124 21 106 102 57 1 124 18 81 61 117 63 106 124 79 124 39 76 124 124 96 60 124 76 49 7 124 16 72 99 58 115 124 76 45 124 109 16 21 0 
