n: 40
m: 10
Pi:U[1-99] 8 92 58 29 63 51 22 35 19 72 86 70 71 45 92 6 91 19 15 17 59 65 39 20 9 74 14 96 77 43 29 20 88 37 64 38 63 44 5 7 
Si:U[1-99]
0 79 39 43 3 55 11 40 47 25 46 88 55 41 94 21 95 57 52 35 80 76 51 12 58 95 34 68 80 42 31 72 83 37 90 30 14 6 99 93 80 
77 0 33 99 79 2 8 56 98 8 85 98 91 67 14 16 6 68 61 34 14 2 26 76 55 25 20 96 94 57 23 28 92 47 3 64 46 88 56 54 28 
26 41 0 44 97 5 87 46 5 55 99 27 95 14 72 84 14 13 21 84 24 11 76 83 25 24 46 2 48 53 25 27 10 31 92 47 62 43 51 69 71 
7 68 76 0 20 15 87 73 92 97 43 97 11 7 70 68 45 22 61 71 7 50 78 32 63 70 57 92 4 22 51 37 86 7 4 86 4 67 18 41 3 
14 5 14 71 0 12 56 54 10 90 65 30 13 7 44 96 31 33 38 31 35 98 24 12 34 13 9 91 4 43 41 75 28 78 72 86 77 10 75 53 7 
27 55 99 86 99 0 58 65 51 88 75 33 87 20 78 40 7 75 41 93 64 16 63 2 80 74 64 46 40 73 14 66 24 51 80 52 59 9 67 13 92 
46 65 76 9 90 16 0 58 35 62 45 64 1 37 31 17 2 46 40 82 66 57 47 97 30 4 3 46 82 68 36 5 52 22 34 23 48 64 18 65 70 
11 64 85 89 37 24 46 0 85 19 45 82 82 95 35 86 10 61 63 98 43 16 7 68 5 95 34 31 65 35 58 59 74 6 93 23 74 19 65 38 90 
74 24 43 2 9 1 64 92 0 30 29 55 77 83 3 85 36 11 83 64 77 48 38 18 87 69 24 15 29 35 92 17 21 20 52 78 46 7 50 71 10 
97 64 45 36 10 84 60 47 68 0 95 75 40 49 13 20 66 38 5 65 38 22 71 81 91 91 12 34 8 42 88 71 54 7 47 14 74 17 55 76 83 
70 60 40 78 45 6 88 39 9 45 0 58 61 24 72 1 82 80 98 38 89 6 34 86 94 65 60 26 30 37 24 91 62 46 57 60 30 67 85 38 26 
15 20 5 97 66 86 27 59 41 37 50 0 33 69 99 71 41 35 51 98 14 86 15 50 7 86 18 38 81 27 45 72 30 17 83 87 69 26 12 53 74 
42 45 74 28 21 71 30 75 57 71 91 4 0 50 70 58 78 3 95 78 7 83 50 64 59 34 44 95 33 65 13 83 82 82 2 78 79 80 88 20 66 
58 46 59 33 21 75 89 22 1 63 85 60 39 0 99 36 61 26 77 65 54 66 68 92 30 26 50 5 24 54 90 67 31 55 11 71 2 37 19 63 35 
27 75 99 39 63 77 43 9 14 44 97 73 55 73 0 87 82 25 73 25 65 91 62 71 24 70 11 30 15 88 15 35 20 57 67 27 99 95 76 34 89 
83 11 42 73 5 49 84 69 23 61 89 85 94 76 86 0 16 4 87 73 26 64 63 84 84 59 26 10 18 97 22 24 54 32 70 43 95 74 24 56 97 
8 88 41 54 95 67 63 68 57 44 73 80 10 72 64 79 0 81 62 17 24 65 31 92 51 71 62 36 51 37 51 67 46 6 38 57 43 16 55 1 70 
18 63 5 92 13 67 78 74 86 74 46 79 63 46 47 74 59 0 64 21 19 15 71 72 52 59 65 13 15 65 17 26 64 8 16 57 40 75 8 38 12 
20 4 6 51 25 54 96 71 57 5 86 74 92 56 14 19 60 8 0 37 19 41 25 88 54 55 32 4 62 88 8 45 81 69 66 91 46 66 28 92 11 
29 30 62 96 2 10 53 29 75 3 42 57 36 1 67 74 90 81 25 0 32 46 15 31 4 61 87 64 75 21 39 87 34 79 77 61 70 85 28 32 44 
17 43 71 18 75 14 45 47 82 6 36 56 38 85 1 89 25 68 3 41 0 78 95 56 46 23 79 52 93 76 45 2 33 69 73 63 9 9 25 75 29 
59 66 72 81 55 5 37 95 26 36 87 70 63 29 31 46 21 47 65 80 91 0 1 94 72 16 96 89 28 81 23 59 90 56 49 28 24 38 50 15 11 
74 26 83 82 1 52 68 63 94 56 17 68 86 46 77 35 82 25 64 72 82 83 0 38 96 92 75 91 19 53 58 1 77 1 81 98 49 62 43 43 41 
52 61 87 48 13 25 42 48 70 30 64 98 71 1 13 86 40 49 7 36 29 19 59 0 70 37 87 1 69 51 41 9 87 72 98 65 93 82 99 84 66 
36 95 53 29 72 93 16 89 61 37 55 97 6 46 22 63 77 6 22 89 86 81 5 8 0 78 7 38 87 7 73 19 39 8 26 78 63 57 56 13 85 
8 27 72 97 4 94 98 34 48 44 53 30 45 18 76 28 53 78 16 97 8 94 31 47 34 0 97 52 50 61 50 16 7 76 63 19 31 13 55 27 7 
54 32 83 2 65 55 11 35 44 98 13 49 13 47 61 97 19 62 87 88 72 53 40 34 25 78 0 39 6 37 11 88 64 79 1 70 25 26 80 75 69 
3 12 61 46 83 7 75 94 32 45 27 64 68 36 4 28 19 92 40 16 38 86 67 92 4 44 72 0 18 95 20 57 11 32 49 75 12 44 17 44 14 
69 15 61 72 31 87 61 80 50 74 41 10 28 95 17 72 43 49 39 97 5 44 42 84 11 86 45 63 0 94 89 95 48 65 69 56 92 93 5 75 15 
32 31 47 69 90 74 37 40 58 55 61 35 71 89 95 32 75 60 60 32 3 53 93 93 9 22 76 69 53 0 47 61 40 61 51 99 81 48 19 77 45 
43 89 55 17 92 62 41 32 46 27 51 47 98 10 10 30 91 40 87 10 55 23 59 21 21 87 33 2 58 74 0 56 17 28 20 67 24 34 51 93 83 
1 89 49 26 9 34 87 45 20 98 77 71 15 84 68 12 83 53 47 3 53 15 57 24 45 77 81 71 3 62 98 0 5 78 75 68 43 49 21 5 95 
22 20 5 64 25 14 38 16 85 68 8 77 21 30 32 77 18 12 65 68 65 55 52 84 93 46 94 56 62 96 55 38 0 72 69 19 31 44 47 60 60 
61 11 30 17 13 75 80 68 71 79 66 78 57 28 51 43 8 98 37 82 79 78 41 10 5 28 46 5 41 55 54 13 58 0 71 62 57 77 52 3 7 
98 91 27 68 96 53 9 80 9 70 36 31 39 76 4 3 94 74 7 95 67 37 74 42 71 51 30 3 28 1 86 67 44 72 0 57 42 74 74 25 77 
60 71 69 66 92 43 54 57 98 90 35 80 81 49 66 93 97 33 12 84 40 55 78 76 32 58 38 68 63 45 95 87 22 78 51 0 6 26 51 51 53 
36 45 27 23 81 41 29 20 91 51 28 64 9 42 76 23 41 49 44 68 75 67 63 60 49 15 97 46 92 1 34 49 88 54 24 50 0 36 33 79 99 
54 71 90 61 27 86 7 83 6 15 46 23 78 9 9 22 18 64 38 63 44 48 66 11 35 18 34 69 29 39 47 74 23 19 55 39 51 0 12 87 53 
16 95 73 32 98 99 66 55 91 24 90 18 14 15 84 54 69 94 37 94 97 32 16 57 36 67 55 89 14 15 10 28 21 21 74 39 31 24 0 72 82 
63 54 22 75 32 81 21 14 24 70 73 13 19 52 42 60 69 38 60 73 6 78 53 59 68 30 88 50 85 61 11 52 31 33 45 47 19 7 70 0 74 
85 3 42 82 38 71 15 17 73 97 10 16 93 33 50 58 20 24 98 63 67 29 70 81 41 71 28 40 32 87 56 42 79 42 21 76 41 44 41 91 0 
