n: 40
m: 6
Pi:U[1-99] 86 6 66 15 6 37 54 93 54 45 35 58 65 54 86 65 56 59 26 31 89 62 90 2 69 25 83 79 97 85 66 31 9 47 78 21 82 20 94 84 
Si:U[50-99]
0 45 61 42 40 45 55 38 39 49 88 78 99 99 78 87 81 99 85 88 96 79 85 87 99 99 85 85 99 99 99 85 97 76 91 99 90 76 99 99 99 
52 0 58 52 59 56 53 66 56 56 99 76 96 99 99 99 79 99 99 99 99 99 82 99 90 85 93 97 99 99 99 99 99 99 99 99 96 99 91 99 78 
33 43 0 53 50 64 45 38 33 49 99 99 99 99 99 99 99 99 99 96 99 87 99 99 99 99 99 87 99 99 87 99 99 99 99 99 99 99 99 91 82 
49 58 36 0 54 58 41 37 40 44 88 99 97 88 87 99 81 93 99 99 93 99 99 99 99 75 75 84 99 96 78 99 99 99 99 75 99 99 99 99 99 
64 60 56 41 0 38 46 49 64 47 99 91 99 94 99 99 99 99 99 99 99 99 99 84 99 99 79 75 84 99 99 81 99 99 99 99 75 90 85 96 81 
34 43 51 58 34 0 46 46 52 58 82 99 99 94 99 99 85 88 99 99 99 99 99 99 99 99 99 99 99 99 99 99 99 99 99 75 99 99 93 99 96 
52 37 37 50 34 50 0 61 34 66 99 99 99 99 75 84 78 75 99 99 94 88 82 99 78 99 99 99 82 91 99 99 75 99 99 99 99 99 99 85 99 
44 56 34 64 62 57 56 0 44 62 99 87 99 99 82 99 90 87 91 99 85 99 99 99 97 90 99 84 99 84 99 99 99 94 99 99 99 96 99 99 81 
46 34 64 64 34 46 34 38 0 54 96 99 99 99 99 99 99 99 99 91 99 96 99 99 99 99 81 75 99 99 99 99 99 99 99 99 75 82 79 99 91 
52 62 60 46 34 60 40 51 54 0 96 99 99 99 81 99 88 84 93 82 99 99 99 81 99 99 99 84 75 79 99 96 99 99 99 99 85 82 90 78 94 
99 99 78 99 84 99 99 97 91 99 0 54 60 56 42 58 61 36 46 40 78 99 75 99 99 99 91 85 99 94 99 91 99 99 99 99 99 79 91 99 99 
99 96 99 99 99 99 99 91 99 99 58 0 35 63 44 37 64 41 46 47 76 99 99 99 99 99 93 99 81 99 87 99 94 99 99 99 99 99 99 99 82 
90 99 99 99 99 93 87 99 82 99 56 42 0 33 60 43 38 46 34 38 99 93 90 90 99 76 99 99 91 99 99 84 87 99 75 99 99 99 99 99 99 
99 99 99 79 99 96 99 99 99 99 50 48 36 0 52 48 35 62 62 62 99 81 99 99 99 99 99 99 99 99 99 99 99 99 99 87 97 99 99 81 99 
81 99 90 78 99 99 85 82 76 75 42 46 35 64 0 65 62 64 34 48 99 76 99 99 99 87 99 99 99 99 99 76 99 93 99 93 93 82 81 99 99 
99 99 99 99 94 99 96 87 97 99 60 64 64 46 44 0 36 42 55 47 85 99 99 99 99 85 99 91 99 99 99 78 99 99 90 75 99 78 94 99 99 
99 82 91 99 75 91 99 99 99 99 42 64 58 40 36 51 0 66 53 64 96 75 99 96 94 97 99 91 91 87 93 99 99 99 99 99 88 94 96 99 99 
99 90 99 99 96 99 99 79 99 99 48 34 37 50 66 63 40 0 50 56 96 99 82 99 99 99 99 99 99 90 99 99 81 99 90 99 88 76 99 91 99 
99 99 99 99 94 99 99 99 99 99 51 55 50 53 48 60 36 40 0 65 99 85 84 79 99 99 90 97 99 99 99 99 99 99 99 99 96 99 91 81 99 
99 82 99 91 78 84 99 99 99 99 62 66 34 40 46 53 66 60 65 0 99 99 96 99 79 99 99 99 91 99 99 78 93 99 99 99 99 99 99 99 96 
81 99 99 99 99 99 90 84 90 82 99 84 88 87 99 99 94 99 99 84 0 40 48 50 33 34 48 49 50 51 99 99 91 99 99 82 99 76 99 82 99 
99 87 99 99 99 93 99 99 99 99 99 99 94 99 88 99 99 85 99 99 58 0 48 47 61 59 41 59 50 40 99 99 99 99 99 97 82 99 99 99 99 
99 84 99 99 99 99 99 99 97 99 76 99 99 75 99 79 87 85 99 99 33 35 0 38 57 34 49 41 50 46 94 99 99 91 99 78 99 99 99 99 94 
94 99 99 81 99 99 75 88 99 99 85 99 99 99 90 99 99 99 90 85 42 34 48 0 34 33 50 38 63 48 99 78 78 99 99 99 99 87 85 99 99 
99 99 87 99 99 99 93 99 99 99 85 99 99 96 97 99 85 99 99 99 61 52 54 41 0 56 56 46 54 59 81 99 82 99 99 99 99 99 99 78 99 
75 99 81 99 99 99 76 99 87 99 99 99 99 99 99 87 99 93 93 93 52 36 61 43 48 0 52 56 44 54 99 99 99 99 99 93 99 99 85 99 99 
99 99 99 99 76 99 99 99 99 99 99 99 99 79 99 79 99 76 99 99 36 37 66 58 53 44 0 46 55 60 99 99 99 99 96 99 76 99 99 99 79 
99 99 99 99 84 99 99 91 99 99 99 99 99 99 90 99 99 99 99 99 36 42 40 44 47 44 48 0 62 62 91 78 99 99 93 99 99 99 99 97 99 
99 94 99 99 81 99 99 99 79 99 99 87 99 93 93 99 93 99 99 97 66 46 52 40 48 37 40 36 0 64 99 87 99 99 99 99 88 99 99 81 99 
99 99 84 96 87 99 85 96 99 99 99 76 76 99 99 99 87 99 99 99 37 54 34 53 54 40 50 44 36 0 76 79 78 78 99 99 82 99 97 97 84 
99 99 99 99 85 99 99 99 99 99 99 84 79 75 99 99 99 99 79 82 99 99 99 99 99 99 99 99 75 99 0 35 35 60 36 38 39 55 62 46 99 
99 99 93 99 99 99 99 99 87 99 99 99 99 84 99 90 99 85 79 99 90 82 78 99 99 99 99 91 90 81 48 0 46 40 38 41 51 46 49 35 91 
99 99 99 87 82 99 99 76 99 99 90 78 99 99 99 99 85 99 99 99 99 97 99 79 99 99 99 99 93 99 35 48 0 44 52 54 34 54 52 58 99 
99 76 99 85 96 99 99 91 99 99 99 91 87 99 99 94 96 99 87 93 99 93 79 75 87 85 99 99 99 96 56 57 46 0 46 33 49 51 64 45 99 
96 87 99 99 93 99 91 85 99 84 99 97 99 79 99 99 99 99 99 99 99 99 99 99 99 91 87 99 87 88 66 35 40 64 0 61 46 50 60 54 99 
99 75 99 99 96 99 99 99 99 99 99 82 76 99 99 99 94 97 99 96 99 76 90 99 99 82 99 85 76 99 64 49 65 62 66 0 48 44 60 40 97 
82 88 99 90 99 76 99 94 76 99 99 99 79 87 99 99 99 78 88 99 99 88 99 99 99 99 91 99 87 99 60 66 54 33 60 36 0 43 45 62 99 
99 82 99 99 78 99 78 99 99 99 76 99 99 87 82 99 99 99 99 87 99 99 99 75 99 99 99 99 99 99 62 46 61 52 36 38 41 0 33 33 99 
99 99 99 99 99 93 99 99 99 99 99 99 99 99 99 99 99 96 99 99 99 99 99 99 99 99 99 99 99 99 63 47 37 51 48 36 64 47 0 64 99 
81 99 99 94 99 99 99 99 99 81 99 99 99 99 87 99 78 99 88 99 82 88 97 99 99 99 99 99 99 85 64 39 60 53 45 50 36 44 52 0 85 
99 99 99 78 79 99 99 81 99 88 81 99 99 90 99 99 99 99 99 96 99 99 84 90 93 76 99 91 99 99 75 99 99 99 99 99 99 84 99 99 0 
