n: 40
m: 8
Pi:U[1-99] 36 28 72 75 81 68 11 88 70 67 94 77 9 58 64 18 19 95 33 4 3 79 17 21 87 81 39 80 9 49 55 84 29 56 16 3 49 43 14 83 
Si:U[50-99]
0 91 61 77 90 92 82 60 85 80 80 99 70 87 51 54 99 71 70 86 82 66 97 71 97 55 51 75 51 56 99 65 73 64 79 59 95 71 63 58 76 
62 0 70 67 76 76 67 54 68 84 90 60 81 99 71 98 58 60 77 76 61 94 73 89 65 58 86 80 94 54 72 65 80 96 62 66 74 94 75 58 54 
89 89 0 71 50 92 53 89 87 59 70 66 76 54 63 95 98 86 57 51 75 71 95 70 64 65 93 84 81 51 78 56 66 59 68 59 64 89 99 71 98 
76 53 78 0 75 63 90 58 73 56 98 79 64 88 96 68 98 70 70 51 83 56 78 64 71 73 70 81 59 61 70 65 76 76 75 63 65 66 61 94 56 
69 54 88 67 0 99 66 58 63 57 53 65 99 62 77 72 56 73 91 77 66 82 93 79 80 85 78 56 80 56 70 95 76 75 61 86 83 83 77 64 57 
74 66 51 65 70 0 51 63 75 67 73 83 50 55 65 98 98 55 56 82 71 94 72 85 60 61 82 81 62 67 76 70 55 68 68 74 98 60 55 98 85 
66 55 87 99 65 69 0 82 93 50 91 95 60 97 65 83 57 79 65 83 95 78 53 81 78 64 71 97 55 51 83 55 54 89 53 77 82 84 64 72 74 
75 97 97 92 69 84 90 0 92 90 93 71 74 51 95 53 73 58 70 83 88 63 98 62 53 64 64 74 86 60 75 69 95 82 79 51 98 60 65 73 93 
60 85 66 79 55 71 73 58 0 68 73 87 94 80 80 64 53 76 92 93 62 81 74 97 82 65 74 60 95 76 88 82 80 63 51 87 93 78 65 50 93 
73 80 77 69 92 76 72 67 86 0 83 73 60 54 68 88 59 79 82 92 65 91 65 84 57 68 64 55 56 99 57 63 90 95 63 74 87 64 66 50 68 
69 85 64 65 74 68 66 96 58 74 0 68 82 96 79 78 71 88 55 67 84 54 69 69 54 83 59 86 72 62 58 61 79 97 89 58 82 87 59 74 98 
86 61 84 82 79 95 91 72 57 62 71 0 76 75 84 96 87 87 87 76 71 62 77 72 59 87 96 99 73 87 62 98 77 57 73 80 68 89 50 52 94 
54 87 79 77 62 66 86 92 75 73 71 81 0 80 73 69 91 91 83 61 51 81 92 60 59 82 54 99 58 70 94 54 85 68 81 53 68 79 50 80 64 
64 77 54 66 75 68 55 99 56 86 85 93 73 0 89 78 74 86 66 52 86 57 88 64 88 59 93 84 97 73 63 69 68 87 70 75 67 93 94 90 81 
82 80 97 95 80 82 70 50 57 57 84 55 50 51 0 55 90 76 59 78 87 97 59 70 84 73 83 60 59 76 90 77 75 55 77 97 61 56 77 78 79 
87 95 77 76 75 88 59 67 70 84 83 94 85 61 85 0 98 68 74 70 91 78 85 81 96 57 94 80 87 99 80 67 78 59 79 71 73 72 80 77 60 
78 90 99 77 76 74 97 66 74 79 50 64 83 93 51 79 0 76 98 99 68 80 97 90 63 50 64 55 66 67 65 94 59 67 69 81 95 68 81 51 57 
86 93 72 58 78 72 63 96 70 75 77 84 57 98 85 78 57 0 62 58 56 91 66 97 96 72 51 77 58 89 85 82 54 89 63 78 65 99 68 68 71 
93 84 86 95 94 99 98 78 56 57 64 78 61 51 91 87 54 90 0 87 84 65 97 76 65 75 93 82 97 76 78 95 85 91 54 56 67 85 65 58 87 
90 77 83 76 59 98 86 94 85 63 57 81 90 64 85 74 76 70 56 0 85 91 67 59 67 94 65 80 92 76 96 92 81 64 76 68 69 76 82 58 83 
92 85 55 60 71 87 90 70 94 64 56 67 84 57 93 59 92 53 71 96 0 72 60 86 64 70 88 58 70 99 62 62 78 98 66 87 70 74 89 66 90 
76 65 52 87 53 93 68 60 92 95 58 62 88 59 63 55 60 73 91 88 67 0 53 54 90 65 85 68 73 89 95 68 88 63 63 67 70 71 94 60 96 
62 57 76 85 79 91 57 85 85 87 81 81 50 60 96 92 59 95 68 91 55 69 0 74 50 61 53 92 59 79 57 51 91 78 56 55 56 89 82 77 53 
77 93 80 59 80 54 77 53 66 97 66 65 51 57 53 93 53 89 96 76 86 99 55 0 71 71 97 96 81 78 86 89 64 86 86 96 73 53 69 67 93 
81 91 66 81 87 59 84 79 62 72 83 89 51 75 63 95 71 73 60 59 72 86 69 97 0 54 72 80 80 69 82 63 50 93 94 53 88 65 92 86 91 
63 89 86 63 91 53 70 69 62 57 81 79 82 81 70 96 53 54 71 62 99 72 94 66 79 0 69 99 57 52 84 58 80 60 99 66 58 68 98 85 62 
93 80 57 55 69 66 80 82 73 92 87 80 73 77 86 54 93 92 61 82 96 80 77 67 74 60 0 85 67 85 82 69 75 86 81 87 94 82 58 57 81 
77 79 50 52 69 90 91 67 88 69 85 92 67 74 85 53 61 97 89 88 71 72 80 85 53 98 67 0 50 61 86 60 65 54 60 65 53 50 81 91 51 
55 82 93 89 99 80 51 93 86 85 83 59 85 98 61 57 65 91 88 58 78 83 96 84 58 50 77 60 0 92 54 76 82 50 59 80 98 60 73 94 76 
76 99 85 56 54 96 73 54 95 91 99 88 89 74 92 71 68 53 97 71 80 84 51 52 95 59 79 51 68 0 79 53 67 52 71 84 79 62 75 82 67 
85 88 58 67 85 64 67 54 82 67 69 57 66 55 57 95 65 95 88 62 57 53 73 65 57 51 50 64 68 89 0 67 56 89 99 92 62 67 82 90 89 
91 90 67 50 99 85 97 92 83 82 95 84 69 92 89 84 88 98 66 94 61 86 88 60 80 83 64 76 76 78 78 0 98 79 73 59 55 57 83 61 84 
69 51 69 75 65 58 82 96 61 76 61 87 75 53 64 66 74 99 94 74 78 64 86 81 64 90 60 90 58 81 70 50 0 89 99 51 51 68 83 53 76 
92 87 59 77 74 99 56 72 55 86 73 58 79 75 69 61 63 97 81 86 73 72 65 89 81 51 60 54 67 67 81 52 94 0 51 98 68 86 63 76 84 
61 61 84 67 55 56 68 72 68 96 72 84 91 90 95 90 94 87 90 50 51 91 94 67 52 67 59 97 67 64 72 96 65 63 0 58 62 91 77 84 93 
74 75 66 97 98 53 72 94 70 86 93 92 58 94 70 90 75 56 76 78 82 79 99 51 88 55 89 54 94 62 86 83 85 52 53 0 79 53 75 58 61 
69 50 53 78 53 90 72 86 59 59 64 55 91 71 91 66 52 57 68 93 82 79 90 83 70 60 68 83 79 88 76 52 61 87 64 94 0 65 70 58 60 
93 98 54 90 63 52 83 93 56 57 53 79 77 56 68 70 95 88 81 71 56 83 88 57 79 59 78 80 87 78 74 80 69 83 52 78 80 0 67 98 99 
92 70 86 59 96 61 54 76 67 70 85 57 70 61 77 56 86 89 53 73 76 83 95 79 56 72 73 53 74 93 91 83 79 59 58 54 72 64 0 83 72 
55 54 71 94 65 72 75 84 99 71 68 65 95 79 64 87 91 71 55 60 57 87 75 50 93 56 66 75 78 95 66 84 99 50 73 61 66 67 75 0 89 
78 97 86 67 65 96 67 73 50 67 90 71 52 87 90 70 93 72 96 91 98 50 69 89 93 57 69 87 66 70 74 69 99 62 78 75 59 75 62 86 0 
