n: 40
m: 2
Pi:U[1-99] 46 19 4 97 86 66 95 62 8 7 79 41 52 18 75 14 77 64 68 48 7 38 28 34 94 56 60 73 65 74 49 61 89 16 18 65 78 80 17 36 
Si:U[1-49]
0 1 9 45 48 16 33 9 42 14 47 18 15 14 13 39 49 25 18 13 9 10 47 21 44 44 45 8 36 3 21 5 4 16 43 22 34 14 14 30 2 
31 0 3 49 2 29 32 29 24 19 33 4 12 42 20 6 30 9 14 32 14 9 32 12 44 40 42 35 14 20 26 30 29 48 39 45 1 22 37 48 28 
10 13 0 48 24 43 41 8 44 4 25 11 23 44 24 8 40 39 34 6 44 34 1 7 40 47 17 13 38 23 25 49 14 28 28 40 21 36 1 27 48 
21 30 46 0 38 30 34 39 12 8 45 40 31 44 8 23 48 42 9 44 36 15 42 36 28 38 49 23 25 42 16 10 24 28 32 34 47 18 9 44 38 
32 42 31 4 0 16 16 36 12 26 6 16 20 36 7 23 17 36 3 3 49 9 46 15 3 10 10 14 31 13 39 18 2 26 3 16 8 36 6 40 49 
34 14 25 39 42 0 43 15 45 30 48 9 4 14 34 47 20 40 13 24 17 12 10 37 40 28 16 6 15 29 28 19 42 29 34 39 35 30 43 33 29 
1 33 1 21 24 48 0 35 12 13 47 10 1 30 30 18 11 48 34 28 6 33 40 18 32 4 47 11 37 17 18 15 33 20 36 46 24 28 44 8 43 
10 35 34 45 15 45 47 0 7 18 6 16 32 46 22 11 19 37 20 26 16 31 41 10 46 42 22 3 16 39 26 30 44 39 32 2 39 3 40 46 38 
3 16 48 40 45 12 2 43 0 40 38 20 8 2 15 31 27 7 7 14 7 12 10 36 42 26 2 21 48 22 16 28 37 7 24 20 8 34 11 27 33 
26 28 20 27 31 22 36 2 24 0 19 15 22 20 41 7 21 15 44 34 2 21 6 39 25 31 40 33 20 11 48 19 31 36 2 6 21 30 41 23 17 
28 33 38 32 38 47 23 49 42 22 0 31 39 14 15 11 1 15 32 38 26 43 17 12 26 21 2 15 24 40 2 21 33 42 21 33 32 16 30 37 38 
9 42 34 3 9 11 49 18 29 9 9 0 5 40 10 37 35 42 14 40 21 37 39 40 20 39 7 44 2 38 27 35 41 25 31 44 42 39 13 49 23 
45 3 26 49 14 29 3 3 48 48 25 40 0 6 27 26 37 32 45 4 5 45 31 2 24 43 3 46 28 38 36 17 19 32 23 11 21 46 43 8 26 
24 30 16 46 12 40 46 35 38 23 16 42 2 0 28 43 24 38 16 35 35 9 32 8 44 40 2 7 36 35 25 45 26 33 29 46 7 47 28 9 5 
5 16 13 21 26 16 4 4 44 16 3 47 43 33 0 15 12 44 26 19 2 32 16 30 26 11 23 32 24 19 20 18 35 22 48 25 34 21 38 20 13 
18 2 25 18 6 43 7 31 31 44 33 20 2 34 40 0 21 28 48 48 44 2 37 15 23 47 38 33 47 34 18 19 10 29 2 42 35 13 17 16 21 
16 9 42 26 49 38 20 20 5 4 41 41 44 16 39 35 0 2 15 45 4 14 38 34 49 46 33 18 12 11 11 8 32 21 48 14 39 43 29 2 25 
40 10 44 12 45 2 14 6 23 1 24 17 16 23 4 33 46 0 32 32 23 33 37 29 40 21 38 4 34 13 15 3 7 34 33 17 9 17 8 5 35 
5 42 4 32 40 35 16 47 19 44 33 15 13 17 27 28 27 35 0 8 6 27 7 27 16 1 42 30 12 40 45 39 28 5 16 32 6 39 10 14 2 
42 37 7 24 24 16 7 48 34 39 37 2 2 16 17 19 38 4 24 0 15 43 49 4 37 29 21 47 15 48 12 38 3 43 29 31 19 17 39 16 19 
46 6 22 33 44 34 35 19 46 10 27 15 38 5 18 24 48 12 48 29 0 1 9 47 23 18 14 31 47 42 17 16 31 40 46 45 42 4 23 40 46 
26 10 49 15 14 42 35 38 13 11 23 33 31 36 1 13 23 1 34 23 37 0 40 47 16 25 38 18 15 37 7 18 31 3 45 37 26 30 8 38 20 
8 24 21 7 28 41 30 28 38 18 23 27 40 6 23 15 34 32 9 12 28 49 0 3 22 14 32 38 27 13 32 12 42 11 35 39 24 36 22 17 32 
46 15 27 46 32 28 11 49 47 16 10 11 11 36 5 41 7 34 35 48 42 15 38 0 47 26 48 16 1 48 38 28 16 24 4 31 21 2 36 42 48 
11 32 44 15 2 44 28 37 16 27 20 40 29 29 12 38 9 5 4 25 33 32 38 41 0 23 3 16 16 2 7 37 19 39 39 26 49 32 22 6 6 
9 2 5 37 39 27 33 15 36 29 43 6 41 21 1 27 33 43 7 25 28 1 46 46 25 0 41 3 43 41 11 43 40 38 38 2 26 30 39 45 25 
33 24 23 36 14 9 28 34 46 4 13 37 17 36 19 26 33 34 48 8 31 3 46 12 6 45 0 6 14 18 6 22 29 41 36 37 4 2 12 2 21 
36 14 22 24 42 17 19 36 47 39 10 25 46 18 22 2 35 21 43 35 14 32 16 17 44 37 29 0 13 35 39 39 21 18 32 2 11 48 22 23 49 
25 26 10 27 43 11 21 28 46 16 47 39 4 35 28 21 29 23 30 48 21 38 38 19 11 44 32 7 0 3 14 21 38 15 35 4 2 19 40 20 5 
33 35 49 23 26 18 18 25 1 47 39 18 30 9 48 14 22 23 14 15 11 26 19 24 10 19 14 48 33 0 28 18 23 28 32 18 44 33 21 22 16 
32 21 49 21 8 36 42 46 41 34 6 25 34 37 25 20 19 37 11 8 23 10 49 7 7 17 12 44 24 21 0 12 2 20 23 28 46 10 48 20 22 
13 14 22 15 46 32 5 32 14 9 30 7 8 44 27 28 24 8 40 34 41 18 42 18 15 31 43 13 49 49 1 0 47 40 7 4 38 16 44 33 6 
26 43 19 5 19 29 29 40 22 11 37 39 15 13 21 18 25 12 8 15 20 5 8 16 22 7 15 19 38 3 21 23 0 25 1 3 35 21 27 9 5 
4 7 48 7 12 2 28 36 4 5 15 48 37 49 2 35 40 42 9 4 34 21 39 15 27 33 49 15 14 19 26 13 22 0 44 17 8 47 28 19 26 
20 30 24 49 37 6 14 26 34 3 10 2 13 38 28 25 46 8 12 20 6 27 27 1 1 19 47 19 33 36 36 32 49 42 0 41 23 15 8 6 19 
42 8 17 31 13 5 43 18 22 8 1 40 13 20 18 10 38 44 25 31 6 3 26 2 23 22 39 12 23 20 40 49 3 23 3 0 15 33 21 42 1 
8 4 5 28 24 8 6 2 47 29 11 15 34 7 3 29 9 7 43 36 28 25 36 1 8 23 34 12 6 25 20 35 19 48 18 26 0 12 42 33 29 
12 7 36 27 20 13 13 14 2 46 2 4 35 46 13 31 40 42 9 30 11 25 39 39 23 41 37 14 42 1 40 12 35 41 43 13 25 0 35 7 27 
5 44 44 40 22 12 16 37 23 17 16 35 16 48 31 2 41 19 42 15 9 7 42 7 7 34 19 49 26 40 22 2 43 30 22 31 23 21 0 14 9 
21 21 28 34 48 35 48 29 8 32 29 24 40 7 44 30 22 37 36 45 12 33 34 1 31 41 2 47 11 32 40 40 22 40 6 22 1 17 44 0 12 
36 47 4 31 42 29 41 22 21 27 46 35 33 40 29 38 1 17 12 26 37 18 40 13 22 1 24 24 31 8 27 33 29 8 35 48 31 37 40 27 0 
