n: 40
m: 2
Pi:U[1-99] 65 55 63 76 81 75 36 78 21 52 82 53 97 82 4 64 3 35 7 67 91 34 72 81 34 96 84 13 75 74 7 46 51 70 84 6 21 41 43 11 
Si:U[1-124]
0 68 66 19 62 5 53 38 13 10 54 124 91 124 124 42 124 124 124 87 124 28 45 75 124 124 124 51 124 121 121 117 84 124 30 124 91 124 124 124 97 
63 0 0 80 80 22 76 73 66 17 40 124 124 15 73 37 124 79 124 105 18 48 45 124 63 124 84 33 106 12 106 111 124 6 30 79 22 124 93 43 114 
12 46 0 18 79 42 74 9 42 14 94 60 109 124 46 115 7 124 106 124 124 124 124 99 117 124 40 82 49 124 90 124 57 1 117 124 3 48 58 12 124 
26 82 64 0 10 31 44 76 30 4 117 93 27 34 58 124 27 114 124 54 124 67 15 88 124 94 72 28 7 52 103 124 73 115 18 124 82 124 103 124 43 
64 44 42 32 0 65 68 47 2 62 124 72 124 108 124 64 91 10 88 34 124 124 93 124 45 124 124 16 96 10 13 3 97 52 124 37 117 1 124 124 124 
22 25 48 6 36 0 28 78 56 60 124 1 118 124 124 124 124 124 111 124 15 25 124 105 124 124 124 124 124 16 124 55 94 124 70 6 75 124 52 124 115 
28 38 76 4 25 37 0 5 64 22 85 79 91 124 30 88 124 22 51 21 76 40 43 124 81 93 123 124 124 25 112 7 19 124 51 124 100 33 124 124 102 
74 12 74 8 78 46 61 0 79 26 124 124 66 124 124 18 25 124 124 1 85 12 123 70 124 124 76 124 108 57 72 30 124 37 81 72 108 124 123 124 34 
51 76 8 4 4 28 20 4 0 81 93 33 30 46 46 69 55 6 124 100 114 39 42 124 10 124 124 123 66 87 90 97 45 124 124 106 117 124 54 108 25 
2 68 31 43 64 78 14 80 75 0 54 81 124 124 123 69 40 124 123 124 109 22 66 18 66 6 82 111 16 99 34 120 37 87 6 9 124 28 85 106 123 
124 124 18 124 124 124 124 34 15 81 0 20 51 79 74 38 78 44 2 51 28 36 99 124 84 73 91 96 39 124 124 43 73 39 115 72 99 58 106 90 124 
81 93 46 43 124 76 124 120 124 73 32 0 5 28 34 54 77 40 21 34 103 40 124 15 81 46 60 118 124 90 124 34 78 64 51 124 124 124 124 70 3 
124 120 108 54 78 15 61 103 112 33 20 64 0 59 46 42 28 60 62 6 52 108 12 30 112 118 28 123 123 75 54 99 87 94 40 78 51 112 124 124 34 
124 102 124 103 124 45 51 109 82 124 69 10 78 0 76 38 39 79 34 22 66 124 58 124 115 124 7 57 25 24 40 24 12 81 121 124 124 19 124 124 82 
22 79 124 124 84 85 82 124 33 28 42 60 21 56 0 24 28 34 25 32 57 58 99 37 54 115 61 81 124 13 108 67 124 99 111 93 58 90 124 52 124 
124 76 49 112 12 43 48 43 30 124 10 21 62 30 50 0 41 25 74 81 124 124 79 123 22 12 3 84 15 124 109 27 90 58 115 124 10 66 124 112 124 
90 103 19 7 76 18 12 105 124 99 64 82 11 4 67 34 0 62 2 80 124 12 82 22 124 109 124 55 57 21 75 123 42 57 66 124 94 124 124 118 124 
115 102 58 124 118 124 78 124 124 34 75 55 59 41 18 36 66 0 42 16 124 19 94 124 124 27 103 124 124 43 6 91 124 124 124 124 60 25 124 34 3 
124 117 124 124 52 87 124 106 124 124 32 18 36 18 10 65 81 48 0 80 124 124 3 124 124 124 124 24 4 46 112 33 124 124 21 115 124 124 85 124 115 
124 118 124 16 39 124 124 16 70 58 9 1 35 25 4 3 24 18 36 0 13 124 124 124 124 57 124 124 93 124 97 7 124 52 121 124 7 63 99 124 124 
124 111 72 124 15 31 124 61 124 124 97 69 75 124 30 33 42 82 45 111 0 34 50 51 39 28 71 66 24 3 7 36 16 124 7 124 102 63 54 124 58 
124 36 124 78 124 76 31 46 100 39 61 124 57 79 124 123 63 63 42 124 14 0 60 82 77 23 13 68 70 73 111 60 76 124 36 10 27 25 12 94 108 
112 45 103 55 124 91 124 124 124 120 124 124 78 16 70 96 16 33 91 124 10 76 0 2 49 68 20 28 46 31 108 124 118 106 27 72 124 7 54 124 124 
124 115 3 124 124 124 124 96 124 45 105 45 1 3 118 25 124 79 66 51 38 13 82 0 6 44 44 10 33 5 91 30 34 54 124 124 6 124 64 54 58 
124 64 124 33 118 124 124 121 124 39 97 124 115 66 124 27 124 124 124 4 53 45 73 48 0 36 24 77 6 13 124 4 49 34 18 124 25 124 124 39 34 
27 70 124 115 72 10 124 54 48 100 115 21 124 109 124 33 124 124 3 124 12 58 8 50 74 0 46 50 61 33 49 7 63 12 103 124 124 124 124 103 60 
25 61 90 120 124 88 124 102 70 124 124 115 15 78 124 18 102 105 114 124 20 55 29 36 6 45 0 43 34 75 124 4 21 67 106 81 18 33 81 124 124 
96 42 124 85 124 91 6 3 124 124 124 58 85 66 51 21 39 124 61 57 34 25 45 25 58 0 9 0 2 37 31 37 124 124 124 105 124 94 124 124 91 
37 42 79 18 9 117 9 117 100 91 88 124 124 117 46 124 124 124 124 124 24 52 4 4 8 50 81 30 0 6 84 124 10 91 91 4 7 88 124 36 25 
124 76 124 124 69 124 124 21 123 84 124 64 100 75 124 124 124 94 58 97 4 55 58 10 0 11 60 52 32 0 85 114 124 124 6 106 60 124 16 90 97 
124 1 124 81 36 31 117 124 124 124 18 30 96 93 124 7 124 124 124 124 124 124 12 87 58 91 3 124 124 124 0 42 41 22 62 51 55 57 54 58 124 
124 76 27 121 106 96 66 43 22 15 43 124 124 108 90 124 124 115 12 72 124 124 124 45 124 114 124 124 112 85 36 0 72 29 65 53 68 73 46 20 123 
64 124 124 106 72 124 124 124 36 124 45 21 124 75 69 124 93 124 57 27 3 22 124 48 114 118 63 66 84 21 45 12 0 28 24 74 41 12 81 6 7 
42 21 124 124 124 124 82 87 103 106 124 124 106 118 84 111 94 54 124 124 124 45 124 124 108 46 73 117 124 75 62 71 38 0 67 60 7 32 60 64 124 
124 54 124 21 30 13 90 90 60 21 55 124 124 19 100 124 124 97 49 124 25 124 90 45 103 87 52 27 82 90 20 62 58 4 0 6 25 53 52 1 18 
66 39 124 124 51 100 3 81 111 42 58 40 1 124 124 66 9 112 124 124 39 67 34 90 124 12 55 15 12 106 7 54 1 16 33 0 65 66 79 80 115 
96 9 31 102 25 124 115 96 3 39 49 124 12 124 124 49 88 9 88 28 124 19 66 25 108 117 81 64 124 124 9 8 55 43 59 35 0 47 64 82 124 
117 76 69 75 42 15 54 54 66 46 124 64 99 124 52 124 45 12 124 69 124 124 73 37 91 102 124 81 124 124 43 50 50 11 52 28 46 0 21 1 36 
99 124 124 94 120 124 31 124 99 96 37 52 124 24 124 124 124 27 124 117 124 124 3 124 31 52 118 97 9 124 6 64 16 40 10 82 3 25 0 74 111 
45 124 55 73 124 100 124 27 54 70 124 66 90 124 124 40 45 124 121 37 88 117 81 97 124 106 96 124 37 124 19 70 62 38 21 70 6 12 2 0 88 
81 124 124 124 91 124 75 49 18 124 31 21 15 124 124 124 112 36 42 91 103 124 12 93 124 124 124 124 115 22 124 124 103 124 124 102 124 99 124 124 0 
