n: 40
m: 8
Pi:U[1-99] 85 64 55 86 4 29 87 22 21 70 45 42 30 34 21 69 25 86 58 4 2 64 85 42 37 89 65 18 72 72 61 92 44 17 43 42 78 7 58 7 
Si:U[1-99]
0 81 56 68 77 31 21 80 44 47 98 2 49 91 54 74 5 82 20 78 53 45 15 25 1 30 5 87 88 1 9 28 92 49 35 61 14 71 6 26 73 
84 0 1 77 98 81 59 40 18 89 7 8 90 15 57 32 22 85 67 14 45 22 38 63 57 97 55 21 18 90 48 14 78 84 11 26 18 55 63 62 27 
50 23 0 79 93 85 51 13 26 60 43 25 59 1 48 71 74 58 42 19 23 29 85 18 33 92 20 60 94 38 94 94 73 19 16 34 27 50 61 20 12 
18 16 31 0 21 13 41 48 90 33 20 16 87 57 96 41 1 74 96 11 54 98 29 79 46 18 23 47 45 54 88 92 41 73 41 10 13 87 30 13 18 
84 73 76 24 0 77 61 39 77 66 37 52 80 78 54 10 74 91 61 60 14 56 94 40 8 18 41 36 12 96 9 9 70 53 83 37 83 20 78 91 38 
16 63 95 66 34 0 99 37 22 59 52 52 77 85 9 99 60 7 48 29 10 99 9 20 94 24 35 23 31 9 29 40 55 93 53 8 98 70 14 67 27 
84 18 62 65 83 24 0 61 73 79 94 20 77 7 23 44 52 45 39 41 70 33 36 39 92 31 65 69 82 82 73 56 58 85 51 51 84 84 66 66 95 
78 52 36 75 70 36 30 0 47 54 35 87 24 91 51 64 79 8 98 12 69 44 76 50 11 98 54 26 78 48 94 41 86 84 55 33 96 17 75 15 92 
24 84 38 22 6 62 82 44 0 43 47 52 64 29 57 67 56 15 98 64 97 7 58 57 37 2 75 66 52 49 14 76 31 48 64 53 70 58 88 87 16 
22 6 83 56 22 81 81 49 42 0 41 63 84 82 93 51 46 46 62 52 62 70 88 17 7 52 49 73 22 81 49 45 18 14 61 82 26 50 75 71 1 
14 15 39 78 62 29 7 70 49 16 0 83 72 32 25 64 77 92 58 75 20 83 5 33 87 56 89 94 63 68 7 18 62 88 34 6 36 45 75 45 47 
18 74 9 86 35 29 59 70 74 22 43 0 30 26 89 76 50 58 94 34 86 14 51 53 22 74 27 90 49 24 29 58 94 93 10 34 92 56 22 67 47 
93 77 94 9 46 44 56 79 67 24 39 93 0 51 7 88 57 38 13 88 65 71 52 42 19 53 97 74 1 2 45 9 3 12 90 40 59 1 68 2 9 
8 24 59 30 22 59 8 94 63 99 41 31 71 0 88 3 51 36 20 29 87 85 12 61 33 82 85 81 53 67 51 92 38 90 19 55 81 82 32 65 36 
52 31 22 80 50 85 46 77 40 17 90 33 63 26 0 95 64 29 53 43 34 84 87 34 46 12 41 36 16 95 73 85 73 10 79 55 79 11 75 90 62 
26 98 39 66 99 62 71 5 64 67 22 45 55 51 8 0 73 76 7 49 57 56 29 70 62 93 78 8 25 10 31 25 85 26 1 96 42 50 75 7 30 
54 64 90 59 31 51 8 51 14 75 84 6 20 27 40 38 0 70 26 3 23 43 18 41 50 29 76 69 56 43 52 81 68 99 24 99 10 24 38 18 12 
25 33 6 54 98 14 30 6 94 84 37 66 52 75 40 66 19 0 62 74 71 58 24 90 74 20 39 50 45 86 93 32 12 63 91 80 72 85 39 56 13 
48 84 53 64 7 16 84 61 6 87 53 16 78 2 63 54 81 36 0 48 16 15 24 86 71 88 39 40 94 65 55 91 56 4 33 83 16 56 81 34 96 
48 12 7 75 54 95 77 10 2 14 54 92 16 68 51 67 12 61 40 0 50 61 40 32 96 28 41 57 74 42 28 23 92 22 45 6 67 25 96 64 44 
73 78 4 25 15 69 88 42 67 91 48 39 56 84 59 45 67 31 43 2 0 91 29 24 52 8 29 68 21 49 26 89 77 80 8 56 71 74 21 11 39 
83 16 49 24 26 27 26 32 42 54 76 33 67 10 33 62 36 66 45 11 45 0 57 50 95 31 28 62 41 36 36 53 29 84 19 1 8 38 25 28 92 
65 5 7 87 59 3 73 36 54 45 6 63 13 91 78 96 24 97 4 83 91 6 0 75 97 59 14 94 42 10 45 24 60 26 28 75 92 81 52 82 94 
99 76 55 19 71 6 40 89 21 59 52 44 99 15 64 40 74 94 99 81 54 39 17 0 47 70 83 71 9 66 60 58 70 78 1 74 22 88 61 34 22 
76 9 47 57 18 53 45 13 76 39 18 78 23 48 75 17 14 27 41 9 26 30 49 53 0 99 19 67 62 42 8 3 81 1 22 46 35 18 37 20 19 
39 29 31 36 70 80 80 43 96 30 75 57 41 53 68 8 40 29 89 34 94 33 59 98 1 0 86 41 49 69 33 47 68 1 98 20 22 72 19 86 43 
69 25 63 53 91 47 96 35 69 2 79 5 64 54 50 97 70 33 77 87 85 10 42 45 63 84 0 84 75 67 57 87 60 91 30 83 66 80 47 65 91 
46 6 1 13 94 78 26 47 58 58 93 8 27 81 94 50 30 2 62 29 9 60 85 20 74 25 92 0 2 21 24 33 67 72 63 30 77 7 45 60 60 
68 55 45 95 15 88 1 75 85 20 20 18 47 6 72 93 8 69 11 95 32 44 44 18 45 91 36 98 0 73 6 62 16 61 31 48 79 84 50 4 76 
43 6 62 53 42 5 76 78 90 17 15 70 20 29 92 34 14 63 96 73 57 55 60 61 42 59 13 68 76 0 87 91 17 8 51 22 58 1 69 45 55 
7 37 53 24 87 17 94 49 98 64 4 36 8 17 60 4 27 54 18 14 64 71 35 70 28 95 91 42 76 62 0 62 87 10 61 9 62 37 12 30 3 
45 30 41 34 62 31 12 24 64 57 41 37 74 61 25 43 94 47 71 25 60 55 74 64 67 57 53 53 88 25 84 0 49 84 82 89 27 71 92 27 22 
27 23 9 74 9 33 65 79 78 42 12 1 88 73 51 68 78 96 52 96 84 19 94 88 62 81 92 93 32 73 94 14 0 63 92 78 79 38 98 26 58 
54 86 62 12 89 32 59 12 30 26 42 67 48 77 62 62 28 48 59 25 64 2 52 4 18 93 63 89 48 69 10 21 29 0 77 62 39 11 48 29 82 
78 47 14 29 99 35 97 10 39 17 19 68 98 23 7 63 67 7 22 73 5 6 40 60 67 49 38 45 43 25 46 36 57 88 0 23 88 66 87 6 34 
80 10 18 13 23 19 7 89 90 16 59 97 1 5 99 24 48 21 76 1 94 92 20 61 87 25 6 83 87 61 27 40 30 4 16 0 42 61 37 53 22 
3 51 22 29 84 78 43 2 16 8 31 35 41 83 62 30 26 49 29 54 70 74 73 93 10 50 20 44 93 81 48 70 98 18 87 28 0 76 19 93 25 
45 48 83 69 17 99 27 54 11 59 34 90 43 94 74 97 84 17 85 55 77 76 41 27 80 78 49 32 91 4 15 33 77 40 64 90 80 0 94 49 91 
2 53 54 30 99 45 76 31 76 12 50 21 90 84 46 68 87 35 3 88 79 33 91 40 6 55 61 85 13 66 87 51 68 54 45 82 45 57 0 78 5 
12 9 42 85 72 42 31 13 72 86 37 83 43 5 8 93 71 98 47 63 38 70 43 1 40 35 7 32 33 50 91 71 3 30 10 9 17 17 19 0 21 
56 10 58 56 70 59 74 14 75 56 24 96 72 59 83 1 16 22 18 80 71 88 49 31 44 58 97 84 90 55 37 21 46 21 37 61 23 71 28 50 0 
