n: 40
m: 2
Pi:U[1-99] 50 95 6 92 74 91 11 20 17 62 67 11 86 38 29 70 76 17 93 75 38 86 46 35 89 31 65 42 86 91 44 62 63 74 57 81 78 44 31 40 
Si:U[1-49]
0 32 21 16 26 23 11 10 5 12 49 13 22 49 27 36 42 9 49 6 19 49 1 49 13 39 49 3 49 30 33 3 4 36 25 30 18 6 49 49 49 
10 0 32 18 14 3 7 19 5 11 43 4 40 10 49 10 9 39 49 25 36 49 49 13 22 25 49 37 49 48 45 49 49 6 36 49 39 21 45 36 22 
3 32 0 4 10 22 12 19 15 13 22 49 21 49 39 12 13 22 7 18 3 49 49 49 9 49 49 19 49 49 16 27 4 49 49 49 49 49 49 3 9 
16 6 12 0 26 14 23 5 22 26 3 45 9 49 39 39 12 18 49 31 49 43 19 22 24 42 36 49 28 25 22 49 49 19 12 49 49 49 12 40 18 
18 30 8 3 0 11 0 14 4 32 22 49 49 49 27 49 49 9 49 49 49 25 4 30 30 19 49 31 30 24 49 27 49 6 15 49 24 46 25 49 27 
17 5 24 24 12 0 32 32 18 15 49 34 49 48 49 4 49 9 4 6 25 49 49 49 25 49 7 7 49 49 21 49 49 49 30 49 36 49 12 49 43 
27 17 24 4 23 21 0 20 11 10 49 49 1 49 13 49 25 3 43 49 48 49 49 49 40 49 49 28 18 49 49 45 31 49 49 22 39 37 37 49 49 
3 19 29 18 14 12 14 0 8 12 49 49 49 49 33 13 31 46 49 49 43 21 13 34 34 46 34 7 46 45 49 15 49 42 49 31 40 49 27 31 49 
28 12 28 10 24 20 22 11 0 14 37 49 49 49 28 25 49 4 22 49 36 40 33 49 4 49 4 49 9 36 18 46 49 49 18 24 49 43 7 31 49 
20 11 24 22 6 10 15 8 22 0 49 37 49 37 46 39 49 10 43 31 30 37 13 49 37 49 6 36 49 34 36 46 7 37 49 31 9 37 15 43 49 
27 18 33 37 49 49 1 49 49 31 0 7 32 31 19 10 26 28 28 6 49 49 49 49 19 4 34 49 49 49 39 43 49 4 40 36 42 31 49 49 39 
34 6 16 49 49 33 25 25 36 46 7 0 24 10 4 14 6 16 27 8 49 6 49 4 36 10 25 6 31 30 49 27 46 36 22 28 49 43 49 27 18 
6 30 33 19 45 37 49 4 49 48 24 10 0 24 31 18 13 12 22 31 49 13 49 49 37 49 31 49 33 40 10 1 3 13 10 33 49 16 43 22 25 
18 39 13 49 49 49 49 49 18 49 24 27 30 0 23 2 28 29 30 4 49 37 49 43 49 49 49 49 49 21 40 49 49 1 10 49 49 40 49 39 43 
18 49 34 37 49 48 43 18 49 49 14 31 6 27 0 2 20 23 26 18 49 40 34 43 24 49 42 10 45 1 25 10 25 49 19 49 43 34 36 42 16 
27 25 4 25 49 30 4 49 49 16 10 18 21 25 6 0 14 8 13 32 42 36 18 30 49 13 49 49 42 15 19 49 49 13 43 49 7 49 49 42 9 
49 15 7 49 18 19 43 49 49 34 15 19 23 29 26 29 0 30 5 22 28 39 19 42 46 25 49 48 7 40 49 49 49 25 9 10 21 30 36 33 45 
22 49 49 49 49 39 49 49 49 24 8 7 24 16 8 0 17 0 15 0 49 49 13 49 4 22 22 46 49 49 49 49 49 49 19 49 1 6 24 48 42 
49 42 12 43 34 24 18 49 49 22 10 32 0 4 15 16 30 4 0 2 27 10 49 49 1 21 1 37 7 10 49 27 49 49 10 13 16 10 6 4 3 
19 42 9 24 27 22 49 49 7 46 7 20 19 26 11 5 21 17 18 0 6 15 6 18 9 6 13 16 36 48 16 34 27 21 49 34 21 31 49 34 49 
49 49 49 49 21 6 33 46 25 1 49 49 31 6 12 1 24 1 49 28 0 12 7 20 18 26 10 32 19 3 4 15 27 7 45 3 49 39 37 49 16 
37 18 43 15 49 30 49 22 22 49 24 39 49 30 40 12 9 49 25 34 0 0 18 6 10 30 9 30 4 6 48 49 18 22 43 49 49 10 36 33 6 
33 31 49 49 49 42 49 10 49 4 33 10 24 39 49 21 10 48 33 42 3 10 0 14 31 0 24 5 6 24 1 34 49 49 36 39 49 49 49 42 49 
22 49 42 40 49 34 9 7 10 16 16 18 49 49 48 33 45 15 43 7 22 21 27 0 18 26 2 3 18 9 49 37 49 27 45 49 7 25 49 36 34 
49 18 4 36 36 49 49 49 49 12 15 4 49 49 16 49 36 13 49 49 28 12 32 4 0 28 12 31 22 21 21 12 49 49 49 34 30 45 28 49 49 
34 49 36 13 49 37 49 49 40 49 36 12 49 49 49 10 39 49 37 6 14 15 23 32 0 0 10 7 24 10 40 49 30 46 13 49 48 40 49 46 18 
12 49 13 6 4 21 24 4 49 49 49 49 21 49 1 49 19 6 25 49 30 26 30 5 6 16 0 1 1 23 48 49 49 45 16 48 7 24 30 34 24 
1 21 25 49 27 49 37 49 9 25 36 49 22 49 24 49 49 49 30 37 10 26 32 4 14 29 32 0 30 23 49 40 43 49 22 49 49 49 49 19 49 
49 49 40 13 49 49 1 19 40 49 19 49 4 49 1 34 12 49 12 37 14 26 15 3 10 12 7 16 0 13 49 49 49 1 48 49 9 49 49 49 49 
49 25 49 18 33 22 7 49 40 27 13 13 36 27 10 1 36 10 49 49 14 31 24 23 2 28 2 4 14 0 40 34 45 10 48 18 34 22 30 12 13 
30 49 7 30 3 31 49 49 49 49 31 7 21 49 12 49 45 4 43 9 10 9 24 6 49 49 13 24 27 13 0 24 21 13 30 30 8 30 11 31 42 
12 49 1 39 49 31 49 49 49 16 18 40 31 49 49 46 9 46 49 49 48 4 15 6 49 6 49 28 49 46 17 0 4 7 24 14 20 28 24 22 33 
22 49 30 39 48 9 1 6 6 3 49 30 13 28 49 22 30 9 3 37 49 12 12 49 49 40 30 36 46 3 22 27 0 16 5 18 30 2 1 16 6 
15 4 6 15 24 49 27 49 49 49 18 28 49 33 42 6 49 49 49 49 28 16 49 49 49 3 18 9 40 24 24 16 12 0 22 5 23 10 12 21 43 
33 49 49 49 4 49 40 49 49 45 19 49 40 49 34 18 46 49 25 6 49 9 16 48 49 49 22 9 49 42 26 2 4 2 0 8 19 5 29 12 43 
28 46 33 16 1 28 49 37 49 9 49 42 49 39 49 19 36 3 22 40 28 49 18 1 48 49 9 45 9 49 30 10 6 32 26 0 26 30 14 12 49 
49 49 49 49 48 18 10 49 19 49 19 1 49 49 46 43 49 18 49 24 16 49 34 49 25 49 13 40 9 49 10 5 18 25 10 28 0 8 14 28 42 
49 16 36 49 49 30 19 19 21 6 49 3 3 40 16 49 49 48 49 15 24 48 21 49 40 49 36 49 49 21 26 2 20 14 4 0 26 0 18 11 49 
49 30 49 49 48 6 34 48 21 9 18 48 49 12 48 49 42 28 43 49 49 48 49 49 19 21 49 49 49 49 31 14 20 25 31 32 4 32 0 20 19 
15 27 33 49 31 9 49 22 49 45 15 33 12 31 3 49 36 31 15 28 18 3 7 49 49 49 49 21 49 9 27 4 32 15 11 32 6 18 32 0 25 
15 49 24 49 45 25 49 16 4 49 33 49 24 1 46 49 9 19 19 49 13 18 10 42 49 49 49 49 49 42 21 28 24 13 16 6 13 49 9 34 0 
