n: 40
m: 6
Pi:U[1-99] 13 37 42 3 12 21 30 7 22 79 7 41 68 9 44 43 64 75 8 58 61 55 12 62 76 33 66 88 66 64 80 87 58 76 85 94 27 44 42 52 
Si:U[1-49]
0 47 41 30 20 3 42 6 45 39 10 45 20 37 20 33 35 13 39 23 2 10 39 43 35 37 41 8 31 35 12 10 10 38 11 42 23 33 23 49 45 
19 0 41 42 17 4 33 23 27 8 8 31 15 5 11 41 34 3 14 35 20 26 43 1 46 7 38 32 42 20 12 33 21 42 4 27 32 49 29 24 1 
33 39 0 46 46 38 17 20 37 46 27 38 41 31 20 49 39 39 10 22 23 11 40 46 8 16 26 27 25 11 46 13 39 8 29 15 4 9 18 11 34 
26 25 12 0 6 41 21 32 44 19 24 48 17 45 41 44 37 21 24 38 17 48 26 11 12 20 26 34 7 27 21 11 36 20 5 14 38 22 22 48 3 
26 46 45 9 0 37 10 46 26 6 4 47 16 31 20 47 29 34 29 35 16 46 49 40 16 46 47 38 36 20 14 49 42 20 1 42 22 5 24 31 39 
39 5 18 35 43 0 42 45 7 31 44 48 33 45 27 26 49 34 43 9 36 39 44 9 16 12 49 1 48 42 21 8 42 32 26 5 34 5 28 29 7 
33 43 25 22 40 15 0 9 45 12 2 32 12 18 40 15 19 6 18 46 10 45 15 20 24 35 17 3 29 13 5 36 18 10 19 1 18 34 47 3 24 
5 44 40 36 14 46 32 0 48 7 26 35 48 10 44 18 38 16 45 34 14 36 23 12 27 32 39 47 3 9 35 41 21 2 25 20 32 1 4 18 23 
47 24 32 12 31 12 4 43 0 10 43 39 18 7 15 19 1 40 14 37 32 13 11 6 11 30 36 12 47 15 25 9 9 26 21 24 39 34 21 23 7 
10 6 23 8 35 14 17 45 33 0 46 39 6 7 33 38 42 27 23 47 37 20 36 38 13 35 43 10 42 1 2 41 9 45 36 3 10 45 21 43 7 
17 37 28 31 32 12 3 47 41 9 0 15 8 35 35 21 19 46 36 11 9 1 31 1 32 4 23 44 22 17 22 47 22 20 16 36 38 33 34 2 35 
41 24 31 5 13 47 26 46 48 12 24 0 37 39 31 14 43 25 44 3 31 45 1 31 15 49 25 31 10 36 27 28 40 33 38 16 31 38 13 27 32 
19 1 30 21 32 7 3 43 38 35 9 38 0 8 22 29 19 10 44 2 1 35 3 49 6 48 43 19 48 4 24 30 44 32 35 28 3 17 26 48 28 
21 21 13 27 33 46 22 2 36 19 29 43 23 0 1 15 24 27 44 46 48 23 14 27 43 32 13 12 9 42 15 6 45 15 40 29 11 22 17 44 18 
25 25 3 42 10 31 16 15 36 43 35 33 18 14 0 4 27 5 12 10 7 24 27 22 49 7 17 17 17 2 12 2 49 40 39 26 42 28 38 12 40 
39 42 20 9 38 25 9 44 14 29 45 24 40 29 2 0 36 14 29 35 23 44 42 39 13 5 9 18 37 23 47 14 16 14 27 23 44 48 22 37 19 
1 8 8 32 10 28 37 5 44 4 5 4 9 29 48 36 0 29 18 38 44 29 43 49 17 8 33 38 34 2 42 11 32 21 39 46 27 48 42 49 37 
42 39 27 48 45 48 1 41 21 28 31 29 47 9 6 21 37 0 27 41 6 8 7 49 4 47 36 31 22 8 24 48 49 44 16 42 37 44 16 29 31 
11 2 41 21 49 15 9 6 22 32 34 45 48 34 6 16 49 48 0 3 12 23 49 11 17 34 37 33 24 41 21 23 10 3 12 32 18 23 39 38 39 
42 47 35 3 48 38 20 20 38 21 10 2 16 35 20 4 43 26 2 0 17 29 8 23 16 5 46 40 29 13 27 48 2 32 6 3 10 12 20 14 22 
13 24 16 39 21 32 2 9 13 23 19 4 12 14 44 42 24 47 18 37 0 1 10 2 48 3 3 2 28 24 3 26 30 24 36 17 41 21 23 12 41 
5 2 32 2 1 36 20 22 40 13 1 40 21 40 37 45 6 19 36 11 47 0 26 18 17 38 6 35 46 34 25 2 12 31 40 3 21 29 45 6 11 
20 36 22 2 15 15 25 2 31 29 8 33 9 11 10 39 41 28 37 22 34 19 0 3 35 46 11 11 5 31 23 41 27 28 29 46 42 21 34 47 38 
20 12 26 37 46 42 43 11 5 27 27 48 17 14 2 24 23 20 8 24 36 7 10 0 16 36 39 23 12 40 23 31 19 17 19 13 22 7 24 15 26 
10 32 35 32 4 28 30 28 27 9 9 10 11 8 5 21 46 39 20 11 16 43 14 32 0 47 24 45 42 23 2 29 38 33 12 46 35 4 12 12 38 
1 3 16 15 4 25 41 48 44 25 30 24 34 15 11 28 29 28 17 36 16 19 10 40 16 0 35 23 40 9 33 47 41 12 30 23 44 18 22 41 43 
43 14 25 23 46 21 30 5 32 35 17 24 48 29 41 25 25 47 36 33 15 11 32 32 11 17 0 43 36 32 15 30 15 1 35 9 1 9 30 5 6 
45 8 39 46 31 36 18 19 8 43 29 37 34 39 31 11 9 25 32 49 35 44 7 33 27 38 48 0 5 22 42 8 26 40 18 16 13 26 18 11 10 
15 16 29 1 17 31 15 36 12 1 43 44 15 46 44 36 22 17 11 38 25 5 11 32 19 42 15 13 0 17 10 5 42 27 46 5 3 13 26 34 32 
29 25 5 30 10 49 48 9 32 21 25 45 27 45 34 17 19 27 11 3 7 25 14 34 36 10 43 1 39 0 41 9 40 16 25 1 7 23 46 8 11 
31 2 11 13 30 11 24 19 17 13 45 27 37 3 30 48 31 1 23 17 31 20 19 11 10 25 14 11 8 29 0 33 19 41 6 46 42 33 18 21 19 
17 23 46 37 20 13 22 46 35 19 38 9 7 31 19 17 29 28 33 31 9 27 17 45 38 6 27 46 32 45 10 0 40 8 4 34 41 10 32 23 43 
13 37 38 43 35 47 26 26 44 47 25 36 18 40 13 29 12 37 48 26 8 18 4 18 38 22 20 41 25 42 46 31 0 8 34 27 5 25 25 4 19 
35 24 27 32 49 34 42 8 34 1 14 10 1 3 20 43 26 20 9 49 31 16 3 46 43 5 8 47 49 21 49 17 2 0 19 12 12 14 21 42 45 
9 9 31 34 22 37 24 41 22 32 23 40 30 1 24 23 31 1 21 14 9 46 29 27 1 48 40 27 48 39 6 23 48 17 0 38 31 4 39 49 45 
26 30 29 17 44 16 42 39 37 4 24 13 6 17 8 32 20 18 45 33 33 10 16 26 2 36 27 47 25 43 2 36 2 29 22 0 13 43 39 45 28 
34 29 14 32 2 46 3 5 14 46 13 26 20 39 49 43 27 27 32 48 14 35 27 32 20 1 22 8 8 7 42 48 9 2 16 1 0 20 6 33 15 
16 18 44 41 11 35 43 24 4 12 16 44 8 15 9 35 11 22 8 22 23 39 29 7 9 23 15 1 25 14 46 12 2 2 16 45 43 0 29 5 23 
7 41 4 7 37 27 2 39 3 13 27 6 24 12 5 5 18 22 27 37 23 10 29 33 9 32 24 39 27 39 15 36 19 41 3 2 43 7 0 22 15 
14 44 8 48 12 18 21 16 7 49 47 49 2 42 23 35 7 36 45 38 49 45 45 28 20 31 28 39 21 34 27 26 45 19 41 11 32 27 32 0 39 
45 20 39 11 14 23 27 14 14 39 37 26 41 10 38 36 24 47 34 32 35 40 2 9 33 38 46 15 37 23 11 2 47 19 24 29 12 39 33 12 0 
