n: 40
m: 10
Pi:U[1-99] 80 59 55 47 50 58 45 45 75 63 47 41 75 8 12 17 85 16 95 68 44 84 44 81 74 61 93 29 2 84 99 49 9 15 69 23 58 10 55 67 
Si:U[1-99]
0 64 48 16 38 30 37 66 33 79 72 29 84 34 16 69 27 96 76 40 82 24 82 25 49 70 8 92 29 19 23 63 8 28 85 27 41 67 77 53 85 
92 0 12 98 67 47 80 62 84 9 96 31 77 67 37 27 21 53 99 65 42 19 8 75 16 77 43 73 26 24 44 12 46 41 46 59 65 42 48 90 74 
57 37 0 28 27 93 58 43 83 95 6 38 56 86 70 59 7 39 87 81 94 11 87 44 40 92 45 38 30 19 60 18 34 32 6 4 95 58 8 71 19 
30 40 21 0 62 95 45 75 94 90 23 53 46 12 7 34 5 94 15 61 65 3 71 42 1 52 42 13 10 34 91 1 78 89 75 45 52 63 35 46 59 
98 68 10 39 0 81 71 69 52 11 43 18 25 93 51 51 32 62 83 13 63 24 93 28 62 53 54 5 68 41 97 44 67 38 47 27 6 99 45 19 7 
48 20 95 2 81 0 67 72 59 75 67 47 9 51 56 52 30 34 84 78 2 80 37 67 7 2 48 15 30 37 34 70 57 88 65 71 5 76 83 9 23 
35 39 66 66 71 18 0 11 96 61 91 71 62 63 49 84 80 44 59 56 30 28 55 62 70 11 82 44 44 51 47 23 22 28 79 32 35 67 10 54 85 
95 11 40 7 47 25 71 0 45 7 99 44 85 25 14 63 96 83 54 8 79 64 25 3 79 49 22 19 7 8 13 68 18 62 49 65 21 99 81 22 41 
73 6 70 31 13 91 34 55 0 3 66 84 21 20 61 52 79 10 23 33 5 83 56 76 4 40 42 20 24 62 4 21 14 3 34 77 42 3 89 94 86 
19 99 92 25 48 24 88 76 69 0 37 41 79 96 67 56 7 61 76 19 99 33 46 65 40 87 4 3 56 97 15 5 28 94 21 35 54 79 87 50 41 
86 97 50 94 76 36 59 82 51 38 0 91 24 69 34 26 57 30 57 55 9 89 30 24 55 5 59 76 63 15 57 95 9 28 99 29 88 82 93 39 74 
45 13 19 84 70 44 44 40 17 64 93 0 93 33 41 11 95 39 45 18 16 5 86 77 1 19 61 23 72 91 44 78 5 70 83 32 53 22 40 26 74 
36 34 18 36 3 62 35 54 36 29 61 13 0 80 43 7 79 86 46 18 78 32 72 72 62 44 87 16 92 40 63 61 86 7 60 17 29 38 75 45 36 
61 77 52 30 71 16 46 63 1 2 56 57 56 0 55 61 22 79 56 23 91 57 95 34 38 97 50 88 59 42 95 95 25 56 91 14 84 5 75 97 4 
47 56 18 85 23 11 57 10 45 83 25 54 66 18 0 34 85 74 84 72 69 18 46 17 14 27 32 14 11 76 65 49 97 25 64 54 22 18 33 71 44 
54 73 95 94 81 21 57 18 8 46 12 40 74 75 46 0 93 36 71 36 48 32 7 58 98 46 11 40 53 43 56 91 67 68 61 54 16 89 60 12 83 
5 70 96 67 36 52 70 66 88 41 78 98 15 39 57 13 0 21 91 9 14 41 20 85 35 66 79 49 39 42 35 25 74 5 68 9 45 63 32 28 26 
65 29 81 23 77 96 86 72 16 26 77 78 6 70 1 87 5 0 92 20 97 89 77 56 20 67 92 1 18 82 67 18 77 92 62 81 27 92 37 3 62 
61 21 67 3 50 82 34 48 7 36 86 37 66 9 27 95 63 68 0 1 89 8 18 82 59 94 77 57 76 68 65 3 91 12 94 69 32 2 75 6 3 
41 77 38 67 24 53 12 37 27 77 39 12 63 13 59 3 12 97 84 0 73 82 41 56 39 85 49 60 88 73 27 87 68 6 45 77 25 42 1 32 59 
34 17 70 34 82 58 77 53 78 78 73 36 76 60 76 80 52 13 68 3 0 53 62 12 44 44 81 31 24 22 76 76 78 17 60 81 47 40 97 37 11 
48 31 66 17 8 62 7 27 31 44 32 51 22 9 2 68 74 69 36 63 74 0 71 40 86 67 29 46 25 24 6 13 83 34 40 82 91 35 10 31 33 
70 17 58 7 69 31 16 26 57 93 78 14 29 49 47 94 41 98 74 3 19 57 0 71 79 87 76 66 68 49 86 71 64 8 46 65 24 11 87 55 68 
86 77 83 21 73 2 67 75 30 25 6 74 21 15 33 22 12 84 15 75 41 80 14 0 4 37 74 73 76 18 83 84 69 59 91 77 59 55 40 65 27 
73 28 27 2 64 86 23 76 35 63 8 55 44 99 10 89 61 75 13 7 53 24 30 53 0 95 69 90 86 97 6 71 2 74 10 68 85 48 53 69 86 
79 77 83 21 99 37 10 51 48 74 73 18 76 71 2 88 50 7 12 54 47 40 70 60 66 0 25 88 32 20 52 9 71 69 10 26 54 28 39 36 30 
56 66 59 25 12 38 9 75 25 15 26 30 83 66 85 34 63 26 74 79 45 79 4 10 76 80 0 98 5 78 66 96 33 72 37 65 29 42 41 67 77 
29 25 12 82 51 65 7 41 68 37 87 20 78 64 54 44 58 63 90 35 27 7 17 51 61 21 54 0 9 31 31 77 14 64 74 22 89 3 69 11 15 
93 82 92 91 41 86 64 3 24 57 7 76 91 13 24 31 8 15 92 81 54 1 4 65 17 70 92 27 0 26 60 49 70 57 18 19 13 94 34 47 30 
12 36 1 72 28 68 84 11 33 69 65 15 91 62 93 28 51 68 45 93 22 92 5 99 39 34 30 55 37 0 81 53 96 3 9 80 58 96 96 73 62 
93 15 34 41 58 98 92 3 73 99 4 62 28 61 6 14 96 21 15 76 41 39 64 52 95 38 65 74 82 44 0 32 67 44 11 51 36 57 98 27 16 
41 16 82 11 90 53 87 97 6 15 22 25 40 46 2 81 54 91 14 94 74 50 93 28 91 55 63 19 88 7 91 0 47 52 68 21 37 15 83 95 10 
3 29 35 6 86 71 20 82 40 82 9 48 2 41 14 10 76 94 39 96 89 4 24 39 26 94 84 90 77 58 36 7 0 29 35 31 43 36 6 41 29 
27 86 4 58 50 81 54 30 81 17 77 25 39 7 36 87 78 74 87 23 15 73 79 32 84 43 53 16 44 40 55 33 77 0 43 34 11 97 78 6 41 
70 19 34 84 96 4 93 37 14 91 17 44 15 10 34 91 87 91 41 51 68 39 75 96 81 94 55 62 90 15 73 93 40 31 0 79 63 69 17 38 31 
89 28 33 24 66 14 13 17 94 53 15 90 77 60 52 50 30 46 37 97 67 17 64 96 52 81 16 74 22 28 64 35 42 7 95 0 26 15 45 83 16 
63 22 43 76 27 63 11 70 18 36 17 57 78 30 97 96 15 31 14 80 92 65 35 31 79 90 81 12 82 66 32 29 38 84 29 11 0 40 78 58 68 
82 86 76 62 70 46 81 35 66 64 79 61 71 34 80 47 69 43 5 58 53 36 67 90 19 58 49 37 9 33 83 27 27 67 66 32 45 0 67 44 91 
32 64 14 53 99 56 2 88 85 30 67 79 76 8 62 14 80 34 66 28 3 63 5 23 88 37 35 46 31 11 62 44 12 68 8 94 93 45 0 92 19 
47 31 66 66 80 14 1 99 97 93 88 29 89 34 87 39 39 7 27 40 61 67 19 54 46 62 15 19 53 58 13 27 62 29 30 12 9 90 56 0 83 
53 55 90 73 66 57 86 40 46 69 71 89 64 42 27 77 83 31 79 40 93 65 14 87 41 66 35 73 13 66 82 81 98 12 97 28 28 33 19 36 0 
