n: 40
m: 10
Pi:U[1-99] 95 2 35 79 45 4 78 1 42 8 6 70 40 52 30 37 89 70 44 53 15 61 37 68 97 75 55 55 64 55 94 92 17 4 10 45 3 37 80 5 
Si:U[1-49]
0 20 27 1 43 41 24 46 43 24 2 24 16 32 3 29 43 4 1 44 39 11 3 31 35 5 49 39 9 28 10 49 13 5 24 19 45 12 3 21 45 
46 0 13 6 34 20 40 38 22 32 20 31 18 19 36 37 47 27 8 3 40 10 29 19 23 43 11 47 40 46 3 37 39 6 32 11 40 44 32 42 8 
28 26 0 21 8 24 25 4 8 2 23 23 37 2 26 45 27 49 15 16 17 6 18 6 44 49 36 41 49 49 49 18 25 41 41 33 9 5 45 38 46 
12 39 10 0 1 23 49 35 1 38 49 38 9 43 33 5 1 34 23 27 43 15 45 33 46 7 7 39 20 49 12 27 1 44 29 23 48 9 29 19 26 
33 23 30 45 0 40 11 49 15 16 4 42 23 7 34 48 48 2 28 43 48 49 48 13 10 41 2 4 37 36 9 35 49 13 16 6 4 33 47 25 38 
14 14 4 38 31 0 27 1 39 2 7 9 15 8 2 28 45 12 38 23 5 29 48 4 23 45 7 14 44 27 34 48 20 27 48 47 40 10 40 7 41 
39 3 44 39 26 39 0 10 41 40 8 21 46 6 25 1 29 40 19 29 12 17 24 30 35 33 38 13 39 30 40 21 14 41 10 36 2 40 38 44 38 
47 43 12 24 35 18 25 0 16 40 10 1 45 49 35 5 4 26 40 28 4 6 47 42 19 15 12 31 7 22 23 33 37 20 29 38 28 15 39 47 11 
37 16 11 34 4 22 30 5 0 2 10 34 11 25 11 35 42 47 10 44 10 20 39 36 35 37 7 2 18 8 34 19 40 44 6 23 45 13 48 49 20 
38 16 30 10 36 15 31 11 47 0 25 15 25 32 34 1 35 42 2 14 13 24 36 39 23 47 46 15 19 43 39 20 27 3 27 38 34 30 30 38 44 
48 46 24 12 31 32 46 30 14 45 0 12 46 34 9 33 25 24 17 4 29 46 4 10 35 42 3 34 49 15 25 47 42 31 23 20 37 4 11 30 34 
32 5 47 31 15 33 34 19 10 16 13 0 46 26 19 6 25 43 11 6 8 18 26 38 10 47 8 11 9 8 28 35 45 13 43 17 47 37 41 4 44 
43 31 4 14 49 25 27 35 2 2 11 24 0 4 23 23 23 3 30 11 27 22 22 45 49 26 2 1 40 29 22 46 13 11 24 3 26 29 30 46 4 
48 35 29 44 38 22 4 48 34 19 23 1 14 0 18 46 26 3 41 1 1 29 22 37 25 9 32 49 16 43 21 16 24 29 38 22 32 26 24 37 11 
14 26 4 45 40 41 2 19 15 32 13 24 15 15 0 28 25 32 14 22 8 9 40 49 21 7 26 9 22 28 13 26 8 48 8 19 10 12 43 15 47 
44 30 32 37 34 1 19 31 33 29 17 1 10 2 2 0 35 3 34 27 13 44 5 1 31 11 44 25 38 45 17 14 42 36 7 1 36 39 2 22 40 
30 9 29 9 27 48 32 2 2 37 18 6 3 9 29 12 0 2 21 7 22 14 15 12 12 45 9 27 49 15 49 46 24 38 13 3 8 8 40 27 26 
28 19 10 35 3 26 26 16 37 41 47 22 46 30 4 14 1 0 17 21 45 12 14 8 24 27 21 19 31 45 12 47 17 12 6 23 12 26 41 43 10 
2 39 43 8 24 20 15 10 15 34 37 1 41 40 44 15 6 8 0 4 5 34 47 32 22 21 19 23 12 12 26 10 16 47 49 31 20 45 44 4 33 
2 2 45 32 41 26 32 30 48 39 28 40 25 48 2 2 37 30 45 0 16 39 10 5 37 49 11 16 2 48 21 9 10 11 17 36 40 3 23 19 44 
5 4 44 4 19 3 11 38 39 2 11 39 24 44 7 37 35 24 21 31 0 5 45 43 38 15 29 3 37 47 28 26 46 1 13 39 43 26 43 23 46 
8 2 9 1 38 41 15 36 30 27 4 22 10 13 8 17 45 3 32 18 31 0 9 11 49 13 7 21 43 18 13 20 36 40 16 29 27 33 22 49 35 
21 43 42 23 2 11 10 6 8 9 12 25 16 21 49 45 41 26 17 29 30 38 0 46 43 3 17 11 30 6 32 3 16 41 17 30 28 29 15 44 44 
20 36 30 12 33 8 44 43 23 45 9 11 48 25 11 6 40 39 14 1 12 29 32 0 26 30 33 9 43 15 11 10 31 44 45 18 37 35 47 9 43 
5 21 31 31 11 5 25 19 38 12 44 16 10 44 36 32 6 33 45 26 40 40 17 2 0 24 10 45 14 42 14 16 7 4 33 29 33 43 9 24 46 
5 41 3 32 49 6 2 7 37 9 23 22 41 44 4 39 4 44 15 38 20 48 35 37 1 0 29 24 30 47 23 27 21 11 12 8 22 23 11 35 32 
48 29 9 22 10 22 17 49 35 14 3 37 31 10 44 41 45 11 25 46 5 22 21 44 14 1 0 3 29 32 45 5 31 28 20 19 12 11 25 42 26 
14 27 35 15 45 10 30 46 21 24 40 18 40 15 37 10 18 34 40 24 36 13 18 2 18 40 24 0 2 40 26 7 44 14 33 18 16 13 46 26 29 
7 25 7 11 23 6 6 22 12 20 23 31 37 27 1 48 15 38 11 3 39 40 45 38 48 49 9 39 0 34 14 29 21 35 43 49 3 19 25 19 35 
27 9 24 38 47 40 4 24 16 39 32 27 2 33 35 31 12 14 33 44 38 10 46 28 15 12 46 25 33 0 47 13 45 25 24 23 7 45 34 32 38 
14 48 28 27 33 15 33 39 48 28 16 40 29 34 20 17 14 46 10 12 12 4 45 5 7 43 21 44 48 36 0 27 12 25 24 29 30 20 11 37 24 
1 23 9 42 16 29 6 35 37 19 17 8 17 16 20 46 16 26 19 38 17 39 28 38 40 16 26 31 46 14 31 0 15 12 15 47 19 11 21 46 14 
45 20 34 10 1 32 2 25 49 39 26 25 38 11 40 27 3 33 32 21 48 42 26 44 9 11 49 29 49 18 16 41 0 36 13 42 37 6 40 38 28 
47 39 8 25 15 5 21 9 41 6 33 45 47 43 18 44 27 26 3 32 34 25 29 14 26 16 17 3 3 28 17 36 49 0 38 46 3 2 34 11 36 
5 32 49 11 17 9 22 27 20 7 45 1 14 41 36 1 35 40 31 11 8 17 30 24 28 6 18 11 11 16 3 30 9 30 0 23 19 41 7 6 26 
9 38 34 46 41 21 40 23 26 35 35 4 7 7 35 28 17 21 33 1 25 46 13 48 19 27 43 39 30 19 18 46 26 25 39 0 10 33 21 6 8 
29 12 26 36 47 23 33 28 9 47 18 44 27 23 1 7 44 42 37 10 11 11 33 8 7 49 9 3 39 32 20 23 41 2 10 13 0 37 19 33 19 
32 22 40 43 46 47 48 3 39 14 24 11 10 15 12 36 21 17 48 45 12 45 47 33 7 14 15 4 16 47 20 27 24 16 10 39 45 0 18 21 33 
47 2 36 37 5 46 27 35 39 45 42 15 39 1 36 6 23 46 8 8 3 5 43 34 43 5 42 37 1 14 21 48 45 9 2 49 16 49 0 30 31 
33 30 41 20 39 9 29 43 27 38 5 14 45 38 7 16 22 18 46 24 26 33 27 44 13 13 34 8 41 36 35 10 9 39 8 28 7 34 41 0 36 
22 43 5 33 15 10 21 5 8 1 4 8 43 20 7 1 30 22 45 33 48 29 32 21 35 15 36 4 29 41 24 6 43 13 23 44 17 12 27 34 0 
