n: 40
m: 2
Pi:U[1-99] 77 86 18 71 52 40 46 64 4 54 89 88 79 88 9 18 85 81 58 8 64 55 30 98 60 99 48 91 21 7 71 47 16 56 2 14 39 22 61 25 
Si:U[1-49]
0 21 39 12 12 21 18 23 13 45 47 18 27 38 8 28 28 28 37 13 17 11 15 11 14 37 37 8 39 21 8 45 20 30 33 18 41 44 1 26 15 
3 0 2 49 2 39 30 36 46 29 24 49 30 5 23 44 34 20 1 16 6 17 3 49 43 38 45 6 47 48 24 5 24 31 39 24 18 44 33 47 30 
25 5 0 35 24 48 25 30 45 43 9 39 7 49 6 45 31 36 46 14 37 31 33 31 42 47 28 48 9 7 46 47 33 41 45 33 20 38 4 28 37 
4 29 40 0 24 12 30 30 6 22 27 6 3 34 32 45 32 20 1 49 15 36 37 10 14 41 24 12 38 44 5 26 9 16 6 6 19 39 46 8 18 
24 13 12 39 0 48 24 4 38 32 25 24 16 23 17 6 14 45 1 44 32 1 48 40 27 2 11 31 7 43 32 30 44 30 14 23 30 27 11 43 25 
15 10 22 13 44 0 1 37 46 2 39 35 30 42 16 45 28 43 24 31 38 15 15 26 27 11 28 23 17 36 11 28 37 41 46 20 14 19 33 5 14 
49 41 46 44 37 36 0 31 40 22 44 5 32 43 17 4 14 5 5 23 40 10 26 2 40 16 3 19 41 36 32 16 15 29 13 19 21 11 49 2 1 
45 20 39 45 25 32 18 0 45 23 9 37 1 1 29 31 35 14 40 20 42 32 40 16 22 36 9 6 25 41 40 22 31 49 11 38 32 34 17 32 44 
18 23 32 22 8 42 6 15 0 13 38 19 26 22 2 30 19 43 21 16 20 39 30 24 30 8 39 33 33 33 2 4 14 33 42 30 6 15 23 5 47 
22 28 2 29 37 3 11 37 27 0 5 46 39 5 46 35 22 46 2 42 34 47 25 34 20 33 33 24 24 38 18 34 29 23 10 2 23 27 19 42 40 
40 1 46 30 27 10 47 42 10 31 0 30 35 5 33 2 44 5 1 16 28 36 44 13 9 23 19 12 40 43 15 3 14 6 14 40 6 46 49 34 19 
10 36 37 5 28 11 39 49 21 16 42 0 29 12 34 43 47 9 11 41 8 28 41 31 32 24 38 25 27 2 23 37 46 37 12 44 28 49 5 23 34 
21 27 14 18 15 19 15 46 26 35 4 8 0 19 31 27 7 39 45 39 6 31 18 25 31 49 11 49 4 5 26 9 7 44 32 35 11 41 17 1 24 
37 46 9 15 35 41 13 38 6 25 20 14 18 0 36 44 35 34 31 38 9 25 21 20 33 2 4 32 38 17 13 47 24 18 33 7 47 31 34 48 42 
44 19 12 37 33 48 46 36 49 46 6 24 17 20 0 45 14 4 12 39 37 42 1 37 14 13 23 49 4 29 11 3 11 29 48 45 35 2 37 32 6 
1 24 9 5 31 9 47 5 11 30 11 10 30 4 40 0 8 23 48 39 23 31 22 16 28 6 33 16 29 36 9 6 40 42 14 45 6 47 33 47 47 
13 46 9 25 46 41 42 11 20 20 33 19 27 1 23 30 0 48 43 10 11 43 4 10 10 33 47 36 25 40 15 21 14 44 11 43 18 15 27 18 35 
39 1 5 1 41 31 13 22 43 6 18 23 24 10 44 43 22 0 8 23 42 48 26 23 21 3 33 28 5 11 9 24 41 29 32 18 1 43 42 25 13 
38 39 36 7 20 24 20 19 23 26 8 14 38 32 1 13 16 1 0 2 21 38 26 12 36 16 12 28 20 24 37 14 46 1 44 18 43 39 18 23 19 
49 35 29 35 44 23 7 45 18 46 4 26 15 20 40 3 42 9 34 0 49 37 15 4 4 37 26 8 19 10 1 43 2 14 26 42 43 5 10 44 47 
8 20 26 44 15 4 7 48 48 44 31 29 4 39 45 32 26 47 42 36 0 41 49 3 43 44 14 41 13 21 5 37 5 48 20 41 14 27 45 41 45 
27 37 45 34 38 43 45 11 44 43 44 32 20 24 17 15 4 45 31 3 4 0 47 31 31 17 27 36 15 27 47 18 15 49 7 43 46 26 2 30 21 
35 46 7 48 47 47 10 26 4 48 1 26 1 47 1 40 28 6 14 11 26 12 0 49 40 29 3 17 5 2 46 23 35 10 28 17 41 42 9 15 6 
28 14 19 39 46 15 23 19 16 34 8 5 12 7 42 12 28 23 31 17 4 29 2 0 23 45 10 31 13 45 14 40 27 28 4 40 19 36 7 14 12 
46 1 42 34 8 10 27 1 28 5 8 40 13 41 36 36 15 36 48 24 17 6 12 20 0 20 6 1 32 24 35 21 40 24 23 6 6 16 2 15 8 
15 22 3 45 43 4 47 6 18 23 30 1 38 37 39 29 40 33 46 34 26 34 49 21 23 0 11 30 36 43 48 46 49 17 34 33 48 12 39 39 47 
19 48 47 8 29 35 20 1 16 41 29 40 2 25 41 21 33 38 35 36 26 32 19 14 49 31 0 49 21 16 34 24 27 8 42 41 40 27 41 36 3 
16 30 15 33 28 5 29 47 26 6 1 9 19 45 47 34 42 18 23 26 40 3 4 18 5 31 28 0 43 28 48 3 38 5 45 25 15 27 49 40 12 
17 35 44 8 26 19 12 45 42 11 9 18 47 47 3 27 21 12 15 15 16 22 46 30 32 46 5 44 0 30 35 13 14 14 2 33 23 2 31 47 6 
22 24 29 47 1 21 9 27 15 6 43 14 6 23 17 17 4 18 49 20 11 25 13 17 45 10 39 43 11 0 42 6 17 34 8 2 34 2 16 14 28 
29 11 27 18 9 16 11 26 41 5 21 49 27 12 7 11 38 32 41 17 42 41 34 24 46 44 5 35 33 1 0 45 15 44 26 32 39 48 47 7 33 
36 6 17 15 24 17 10 45 41 36 25 13 12 45 37 18 5 25 8 14 18 8 22 47 34 19 5 18 11 5 25 0 14 42 25 13 47 36 1 1 23 
19 17 46 4 30 24 13 28 18 38 1 23 14 16 4 35 4 36 7 3 27 42 41 40 2 32 47 31 15 39 49 42 0 10 41 36 40 36 24 42 39 
2 37 33 29 44 12 46 24 37 8 23 42 47 41 2 23 27 24 6 40 49 29 32 26 27 16 3 20 27 19 23 31 11 0 46 14 21 6 35 29 38 
36 34 26 21 26 1 37 4 41 13 10 6 38 41 45 16 45 42 49 21 16 14 38 48 33 39 13 1 7 9 12 8 49 26 0 31 41 11 26 5 1 
16 10 15 28 27 36 7 26 30 9 4 33 40 2 40 21 9 31 28 5 19 27 19 4 34 41 1 2 42 25 42 12 12 2 21 0 22 18 1 27 21 
2 23 26 28 44 13 20 36 7 17 4 28 47 33 31 12 2 46 3 9 4 22 37 20 47 24 39 19 35 40 13 29 5 41 28 38 0 4 3 9 43 
26 32 47 21 7 34 19 10 4 24 47 35 11 11 31 2 42 17 25 35 48 27 32 9 42 6 23 1 22 44 39 6 24 36 10 31 17 0 1 44 35 
11 18 2 23 21 28 18 16 26 17 28 21 32 36 15 35 7 14 15 8 7 45 36 44 47 30 43 30 12 48 28 49 42 47 42 42 7 4 0 6 38 
34 27 40 10 7 39 23 17 30 37 19 15 45 21 41 6 23 23 19 3 22 16 12 19 3 19 6 20 26 5 32 20 1 9 27 6 49 24 5 0 16 
26 44 35 25 11 11 38 24 40 47 1 5 3 23 23 14 20 16 47 25 12 11 24 45 16 31 12 28 30 17 20 8 12 2 46 44 17 32 6 30 0 
