n: 40
m: 6
Pi:U[1-99] 10 85 80 28 90 63 12 12 27 2 79 49 72 15 53 47 75 83 35 79 59 67 24 49 16 45 17 12 4 91 7 37 80 8 24 62 41 57 64 7 
Si:U[50-99]
0 85 72 74 59 73 98 80 57 56 56 96 89 72 86 95 83 73 98 61 87 66 63 96 96 90 54 72 74 55 53 56 67 90 80 93 71 87 51 53 98 
78 0 68 86 75 77 94 96 63 69 99 95 90 97 77 68 56 60 80 87 78 70 71 73 98 77 97 83 86 60 60 72 86 73 79 97 88 78 63 71 68 
64 65 0 51 79 71 82 59 94 59 86 61 56 70 99 80 79 75 63 53 93 70 53 71 76 63 74 61 62 73 56 93 90 79 55 88 80 79 68 72 51 
62 58 84 0 79 95 84 82 60 52 80 66 54 53 60 96 88 81 63 88 84 78 64 70 74 87 75 65 55 60 85 66 99 65 76 66 69 88 55 59 60 
65 88 64 58 0 96 97 73 64 70 91 95 78 86 51 71 86 64 50 65 53 66 76 99 95 82 67 95 55 87 51 76 90 95 94 80 74 60 97 83 98 
73 54 75 63 75 0 62 99 61 79 78 70 72 68 68 64 76 58 91 65 68 69 51 69 89 74 55 66 64 94 60 92 91 94 63 68 76 87 87 58 99 
60 96 69 75 51 65 0 83 58 70 74 73 85 73 95 91 55 70 79 81 92 87 65 99 58 62 68 95 97 71 53 71 66 92 63 69 99 96 88 56 64 
91 63 55 89 57 86 99 0 62 93 78 58 66 84 98 68 76 87 87 58 51 56 77 64 52 92 80 64 67 50 54 69 53 58 70 85 54 91 95 71 56 
64 64 85 72 80 80 59 67 0 77 87 71 87 73 72 78 93 50 61 54 68 86 66 55 79 88 58 51 79 73 73 89 71 63 51 56 67 88 64 74 81 
97 50 59 98 90 90 64 62 70 0 95 91 77 76 90 95 99 68 64 68 57 58 57 52 90 74 60 91 64 99 78 95 75 87 82 78 85 73 96 70 82 
73 87 54 79 81 77 83 61 61 64 0 56 67 76 59 68 97 60 57 86 74 53 67 97 78 96 79 88 79 63 92 60 94 58 75 62 98 86 58 51 60 
83 91 90 88 73 91 68 77 55 72 50 0 89 58 52 78 55 95 88 70 93 51 88 87 85 95 93 88 50 53 86 57 90 54 53 80 94 79 63 95 80 
70 77 91 86 56 98 80 91 76 76 50 54 0 70 84 67 87 93 75 53 57 69 74 73 77 93 84 80 74 59 60 77 57 80 68 89 50 85 82 72 50 
68 53 59 52 88 67 61 85 61 62 69 58 70 0 68 53 72 56 92 65 78 83 82 58 88 76 50 82 99 64 84 66 72 70 91 82 89 53 94 70 80 
83 58 93 60 76 77 69 96 79 78 75 67 96 79 0 82 93 62 98 68 92 93 82 69 67 53 89 94 50 76 65 92 88 66 64 51 99 73 80 75 80 
61 56 80 56 57 86 70 51 90 92 96 77 65 93 64 0 58 78 64 95 88 65 80 82 97 74 88 50 90 83 66 55 67 63 62 77 96 79 77 74 63 
56 88 74 94 93 77 72 78 65 94 94 79 53 64 56 51 0 52 61 56 83 95 83 97 80 52 99 61 83 71 67 53 92 76 79 97 77 60 71 91 56 
58 90 72 53 96 85 63 55 56 65 93 96 98 63 99 93 82 0 77 92 77 89 65 55 93 87 71 83 57 67 95 72 85 50 73 57 71 97 79 74 74 
94 78 87 84 74 66 68 61 88 99 87 73 91 76 58 99 56 64 0 57 89 54 95 89 66 91 74 94 79 55 84 69 93 53 94 55 94 56 58 94 57 
54 50 80 71 53 57 96 77 97 53 62 60 79 87 82 50 73 71 52 0 93 78 85 62 59 52 56 74 76 59 95 68 52 83 69 71 91 62 66 62 98 
89 74 53 69 66 83 85 89 76 53 64 89 97 99 66 56 70 98 67 99 0 57 57 67 83 80 61 84 84 83 65 89 71 57 78 50 52 81 76 77 91 
73 70 81 60 65 81 99 73 61 81 58 85 78 68 97 75 53 82 61 69 59 0 81 72 97 79 92 59 55 70 74 99 58 60 51 52 79 72 71 84 84 
70 94 94 54 82 90 96 68 97 93 77 98 70 59 59 53 92 91 83 52 83 84 0 76 60 63 71 99 90 73 62 89 76 50 96 76 77 97 94 62 71 
53 92 93 62 70 69 73 65 58 69 59 66 57 99 88 92 92 65 72 52 61 83 59 0 74 70 90 79 70 72 62 56 57 54 50 75 53 57 74 58 82 
70 82 53 87 91 69 94 66 51 93 51 94 84 78 69 92 92 75 71 97 94 78 81 92 0 78 85 93 87 80 89 92 84 90 89 51 87 76 94 94 63 
62 96 65 70 62 94 99 60 79 66 67 84 88 50 80 89 99 60 93 82 91 50 73 76 51 0 93 96 78 93 71 61 89 52 52 55 83 82 52 90 60 
99 95 67 85 94 83 63 80 98 82 77 92 64 69 74 76 73 86 85 85 72 97 94 81 74 63 0 93 62 97 87 65 64 87 63 73 77 66 60 94 70 
98 89 86 62 59 66 89 57 77 53 71 66 63 66 63 52 90 62 95 85 80 86 90 81 90 72 69 0 94 77 56 82 74 56 99 96 78 57 72 93 76 
79 57 63 89 64 96 89 89 97 66 85 99 73 85 88 95 60 70 95 57 52 66 86 62 55 78 69 77 0 88 93 99 75 93 50 53 52 74 89 79 95 
58 87 69 82 74 55 88 89 53 71 84 89 72 58 78 65 54 97 56 97 72 70 76 73 61 65 80 84 75 0 86 91 74 67 50 59 67 52 57 86 94 
84 71 53 83 81 80 98 55 92 63 58 84 60 51 67 95 91 95 92 51 63 91 83 76 91 82 87 69 56 60 0 54 96 83 57 57 87 55 73 66 90 
94 70 80 68 52 58 68 76 52 50 87 72 90 69 67 70 96 75 87 81 55 77 68 96 92 56 97 87 80 66 60 0 89 98 51 93 88 67 58 74 78 
69 54 80 70 73 51 94 69 92 84 83 70 74 58 97 73 97 56 75 90 93 79 58 78 63 52 62 81 80 66 64 52 0 66 80 95 78 97 75 85 61 
83 78 88 76 50 63 59 62 63 94 84 70 60 93 89 76 56 96 87 58 97 86 89 70 83 66 86 71 69 68 92 87 60 0 96 69 96 94 54 63 57 
50 81 76 62 52 92 55 99 91 95 53 91 67 64 96 64 61 82 87 59 81 84 97 64 96 80 88 89 72 85 66 67 82 60 0 80 69 70 52 94 95 
72 82 59 54 98 50 99 68 85 76 64 77 58 97 76 98 59 98 78 69 85 54 64 80 84 64 78 60 57 63 54 61 71 86 55 0 97 90 56 84 55 
61 55 70 84 96 69 77 67 82 51 90 70 79 71 89 94 93 84 73 58 88 97 66 68 97 53 76 88 83 82 56 84 59 56 86 98 0 84 59 75 62 
76 79 75 79 87 57 95 57 92 73 65 75 80 86 74 51 81 73 66 92 69 96 55 61 71 51 84 60 99 51 98 61 63 54 78 84 83 0 66 55 59 
96 62 94 54 57 54 83 75 83 60 71 65 75 97 81 98 59 84 93 62 57 64 84 90 66 87 80 72 69 81 60 97 84 52 80 63 55 77 0 52 95 
53 84 68 67 60 85 69 58 54 68 87 60 58 58 60 63 99 76 81 78 66 90 70 87 80 84 70 98 61 94 55 73 81 55 68 98 79 80 53 0 57 
72 78 92 99 66 82 94 55 76 53 64 77 60 81 57 73 76 52 60 75 75 59 59 99 92 82 70 89 59 74 61 56 53 93 51 88 86 83 72 68 0 
