n: 40
m: 2
Pi:U[1-99] 20 34 61 45 2 5 17 44 73 95 27 56 58 38 28 83 88 77 56 19 52 86 10 28 8 47 35 26 60 53 67 51 70 50 83 83 87 22 35 52 
Si:U[1-124]
0 114 62 56 112 73 64 103 36 88 1 75 3 74 110 92 107 5 121 43 110 3 113 37 30 4 12 80 105 47 119 25 43 28 92 26 5 36 62 86 2 
86 0 76 54 89 79 113 32 80 86 82 79 15 14 80 61 113 78 115 72 1 109 93 54 77 49 118 81 60 38 33 17 36 106 83 63 13 46 117 75 114 
71 102 0 84 69 119 86 38 15 123 109 39 81 42 38 51 28 107 122 90 74 117 56 82 71 16 53 55 66 74 103 47 55 87 45 104 102 105 57 116 6 
9 105 55 0 6 103 51 14 96 100 36 5 118 72 22 27 44 91 37 74 69 68 27 100 42 58 105 113 83 60 78 47 96 77 60 76 124 84 69 85 35 
1 87 48 22 0 72 2 93 40 15 76 56 2 45 105 75 50 59 101 8 107 73 110 82 67 72 89 27 79 124 62 60 9 73 74 95 45 73 62 124 99 
86 72 7 57 4 0 56 107 23 68 19 53 39 84 97 114 36 40 42 64 109 114 18 108 57 85 27 70 1 26 97 38 38 66 31 16 24 98 16 32 16 
58 29 70 123 37 74 0 36 11 76 92 97 67 86 41 1 15 92 121 24 48 75 99 98 108 86 71 18 6 53 103 63 78 87 122 94 116 36 11 119 47 
17 28 80 93 117 20 100 0 97 1 36 22 105 5 36 48 9 120 45 45 15 106 5 107 6 62 17 43 105 50 12 54 40 117 5 21 52 33 19 71 91 
82 59 6 99 72 90 94 55 0 42 54 78 80 31 22 47 83 72 49 4 98 94 109 38 108 14 38 79 74 35 108 50 83 70 81 101 100 87 111 98 99 
72 21 58 113 19 108 22 8 42 0 38 73 25 69 54 109 47 75 31 97 29 117 23 57 20 92 89 28 65 77 18 88 118 102 103 60 68 60 21 78 73 
115 46 87 23 35 119 37 95 47 29 0 59 25 119 46 58 45 122 35 99 15 69 15 35 94 62 10 38 96 50 53 28 22 114 107 64 25 121 88 8 93 
91 58 18 71 87 40 94 37 74 36 63 0 15 19 95 28 120 78 29 98 106 38 63 22 83 90 83 112 14 40 54 114 12 57 79 22 34 7 14 37 96 
25 89 63 45 55 92 94 32 87 105 69 51 0 10 60 25 57 39 114 42 9 45 20 68 11 99 39 69 29 50 83 106 86 72 85 89 115 39 121 123 35 
78 93 82 39 123 18 36 121 24 23 73 115 103 0 31 4 99 45 100 38 17 6 46 51 18 124 69 105 99 42 60 81 44 95 112 122 5 62 79 33 120 
7 56 26 105 51 50 97 25 122 59 39 122 83 37 0 104 97 107 117 46 54 109 4 44 65 122 29 34 2 66 30 43 74 37 1 56 30 93 79 109 59 
39 22 84 113 43 49 16 10 90 5 95 108 59 73 45 0 69 97 86 5 34 86 25 116 119 77 124 16 45 45 85 42 40 102 27 92 31 124 20 58 54 
76 65 98 4 23 74 26 81 109 115 114 100 59 67 83 81 0 35 5 105 97 25 115 51 99 33 32 36 11 52 117 25 83 122 120 33 38 37 27 74 17 
112 86 71 104 74 27 78 84 6 122 24 55 48 101 27 48 46 0 5 100 85 104 110 70 59 122 34 56 37 65 51 77 19 70 71 118 38 48 46 107 10 
30 100 21 55 47 117 70 75 106 99 80 58 22 39 38 69 93 81 0 92 115 29 2 74 22 6 90 36 54 75 121 117 56 28 82 63 62 47 100 10 71 
8 93 108 12 108 118 120 15 41 18 111 16 75 59 67 114 51 75 4 0 39 21 68 56 19 5 72 108 117 63 107 107 91 108 67 82 70 58 57 67 115 
89 32 4 23 94 29 115 44 57 16 28 117 92 75 79 91 61 57 24 41 0 39 26 88 89 53 124 67 27 89 112 117 84 58 38 13 50 94 50 34 63 
74 13 105 41 56 23 121 119 73 34 48 52 84 37 16 75 100 17 121 111 115 0 74 68 33 36 25 123 27 80 73 94 55 53 14 49 32 26 113 71 72 
47 63 9 53 87 65 24 104 35 82 30 68 55 57 120 30 52 95 32 39 63 84 0 103 10 114 111 49 15 82 52 120 92 69 9 67 73 37 54 88 4 
7 64 32 19 63 110 76 81 92 121 11 42 30 33 108 49 114 81 63 71 109 45 83 0 77 61 28 45 36 4 83 123 59 121 123 85 54 42 117 12 38 
58 24 98 80 73 66 75 54 98 106 118 37 121 26 4 26 57 69 42 41 117 119 104 72 0 38 45 9 93 30 64 77 15 49 92 77 89 100 47 44 99 
31 42 121 24 58 97 17 19 16 88 44 46 91 38 12 38 122 102 114 2 105 102 22 27 65 0 11 76 27 42 117 52 123 114 113 64 85 21 3 113 86 
2 90 104 12 29 21 42 51 119 7 5 37 90 122 68 82 40 12 32 41 87 83 41 119 85 42 0 95 102 57 76 37 2 82 114 38 101 78 25 72 103 
19 87 28 77 24 105 75 28 44 109 15 95 104 97 31 10 4 28 87 20 114 114 58 101 65 112 43 0 84 100 25 124 118 91 10 5 67 17 11 70 102 
52 118 81 2 91 45 75 7 102 20 109 23 119 15 46 92 108 37 100 33 11 22 92 110 32 25 8 42 0 25 60 72 46 28 119 19 121 7 81 85 14 
76 82 23 121 95 26 77 98 21 86 57 65 51 31 71 74 66 5 106 26 65 46 45 76 75 9 120 73 120 0 77 88 67 93 52 72 17 79 35 95 58 
118 62 73 107 88 17 19 27 40 94 89 57 116 112 22 73 50 37 56 118 87 76 82 5 75 117 74 17 41 71 0 26 64 18 19 65 121 119 8 95 48 
3 102 10 63 78 32 34 107 47 112 39 50 80 24 43 53 120 81 42 32 33 50 77 58 44 88 9 107 97 20 50 0 43 117 4 100 69 1 44 40 11 
31 10 111 46 102 90 73 41 37 89 74 122 104 116 122 62 44 43 30 4 122 40 103 62 49 37 71 89 19 22 110 31 0 66 12 41 27 114 28 6 21 
85 84 101 103 69 50 27 26 120 88 104 13 49 95 29 103 12 109 29 36 57 105 43 44 101 100 17 60 38 45 83 2 29 0 109 89 110 52 73 91 60 
8 87 116 111 33 72 44 96 71 115 74 95 115 103 74 40 108 44 67 91 51 36 101 30 41 62 27 9 9 15 36 87 12 26 0 82 66 5 114 123 118 
74 117 57 63 44 117 124 124 96 26 68 74 94 88 83 27 14 36 104 81 70 110 59 101 4 96 40 73 26 13 86 110 91 118 56 0 119 3 99 43 109 
122 17 84 54 41 2 66 62 27 1 107 85 111 11 122 43 1 113 107 96 20 35 46 44 59 29 55 117 44 119 59 44 73 72 96 63 0 115 5 56 119 
54 27 77 20 68 54 47 64 9 31 25 8 3 24 97 20 80 109 40 102 89 33 74 72 71 46 104 96 35 33 81 19 65 111 5 80 52 0 25 71 6 
15 2 75 78 95 22 90 73 90 25 28 108 91 106 55 76 11 33 69 29 123 5 54 56 29 12 20 13 122 117 67 75 79 19 68 87 95 39 0 14 76 
121 2 10 27 2 67 117 56 88 68 80 86 99 19 87 29 38 5 114 78 26 6 14 123 93 96 124 28 122 74 78 109 24 60 84 16 47 83 20 0 75 
26 19 97 44 47 44 11 36 94 82 88 15 33 61 20 91 74 55 121 116 124 12 48 64 113 107 10 7 68 95 55 98 64 34 80 30 1 31 9 39 0 
