n: 40
m: 10
Pi:U[1-99] 41 89 30 27 30 98 80 17 96 65 59 45 21 50 38 22 20 13 66 74 11 41 45 33 91 32 65 50 54 57 29 12 74 54 17 71 68 48 37 23 
Si:U[1-49]
0 8 18 26 43 17 46 23 49 44 28 31 16 2 37 12 18 27 49 22 9 2 47 13 17 27 35 28 25 30 36 48 41 31 45 42 34 15 19 13 20 
41 0 36 29 47 45 19 8 49 32 6 23 16 45 43 32 41 23 21 4 39 29 10 9 47 49 46 22 6 8 23 20 3 22 18 46 46 29 14 48 18 
14 10 0 18 13 6 26 45 36 12 14 21 6 13 29 5 45 43 43 15 22 4 49 4 9 46 44 22 36 6 15 6 8 5 32 12 38 30 48 33 43 
23 4 30 0 14 25 34 38 47 24 29 39 1 17 13 19 6 31 45 38 19 26 24 21 10 34 13 44 37 5 12 22 3 46 13 30 24 26 17 12 39 
26 2 12 26 0 30 19 20 18 42 43 25 35 15 31 12 3 30 27 10 41 5 39 49 30 41 37 43 2 11 40 37 1 24 19 19 36 4 3 49 15 
31 8 44 38 1 0 49 41 5 18 6 48 4 24 8 48 29 4 46 26 10 12 46 3 21 36 22 22 12 28 10 28 46 39 31 10 5 47 48 29 31 
10 3 6 42 13 12 0 41 37 40 36 21 26 23 17 26 17 22 30 35 28 44 32 21 18 14 28 41 44 11 41 32 47 38 13 47 37 38 12 3 3 
34 6 43 49 48 28 45 0 48 32 15 33 17 14 42 9 2 42 26 1 32 45 2 26 29 22 11 23 13 31 15 25 13 10 31 12 16 8 37 39 33 
27 10 49 22 2 39 40 10 0 43 21 27 38 40 23 26 9 22 13 14 17 22 9 4 49 49 37 5 24 37 19 6 9 48 35 28 25 8 26 42 42 
28 14 14 17 7 23 44 26 4 0 6 34 19 49 38 36 23 45 22 34 31 8 3 27 34 48 31 31 5 30 15 24 33 36 37 43 27 42 28 28 1 
39 37 4 12 40 49 49 36 47 19 0 22 22 33 15 34 35 27 5 48 45 7 27 42 42 41 42 37 41 6 20 25 16 11 13 29 13 5 49 42 26 
23 40 3 21 22 49 44 34 6 49 48 0 9 49 48 45 41 13 16 7 6 31 15 15 26 26 33 34 48 5 1 4 10 48 44 3 43 26 31 2 20 
20 36 47 29 38 37 7 18 6 42 46 33 0 24 11 14 27 17 43 11 40 39 45 25 8 16 7 29 31 19 27 16 20 44 28 22 10 37 29 14 23 
22 10 28 9 11 39 20 37 19 10 24 9 17 0 15 42 24 46 37 22 9 8 48 27 14 4 47 2 16 11 20 2 12 15 24 13 28 18 34 40 8 
34 32 17 43 47 18 36 46 46 20 38 47 45 24 0 46 4 49 35 2 21 28 29 25 26 9 45 48 24 24 8 35 48 38 42 8 24 5 16 19 9 
10 4 41 32 3 40 40 38 28 30 42 25 35 33 46 0 38 23 7 43 4 20 5 28 47 1 43 45 6 12 45 15 16 44 29 33 22 22 4 31 20 
37 40 13 32 27 1 26 49 42 27 45 30 48 27 16 46 0 20 41 31 31 26 43 40 43 41 14 9 16 18 10 16 15 9 20 18 32 2 29 9 48 
23 3 8 16 22 16 49 22 44 48 20 33 32 26 8 8 49 0 32 29 18 43 7 5 40 19 8 10 8 13 36 34 5 47 20 10 41 46 20 36 35 
13 28 28 5 9 25 45 7 18 3 28 23 29 8 9 15 40 39 0 34 17 49 4 33 8 42 18 29 48 45 9 40 33 34 9 22 7 7 15 15 45 
25 23 16 4 16 15 1 35 9 5 8 46 46 26 27 42 19 41 49 0 16 47 35 21 3 6 41 4 38 25 40 10 46 12 9 48 43 44 22 27 36 
7 33 4 37 39 43 39 14 22 46 14 32 20 1 46 43 48 30 46 30 0 11 13 41 21 37 26 21 33 28 11 43 8 24 23 34 17 22 46 41 1 
18 9 47 1 38 27 8 20 34 21 32 26 5 6 25 16 30 18 27 36 34 0 11 16 47 17 12 8 22 27 11 30 27 35 17 33 16 22 33 22 34 
34 9 38 42 45 35 44 40 23 13 12 2 46 45 1 35 5 2 40 14 38 46 0 12 28 8 17 8 30 32 5 45 6 14 41 24 5 26 33 5 39 
36 46 22 15 45 36 9 47 29 19 46 22 34 19 35 9 4 18 28 19 36 33 5 0 37 16 1 29 9 2 34 22 17 46 26 11 29 27 35 42 42 
30 11 43 41 8 23 26 40 38 29 23 13 40 3 39 32 49 41 20 13 7 46 35 15 0 23 36 24 18 19 40 17 38 42 49 29 46 25 30 4 49 
26 45 31 40 28 18 2 10 11 14 12 25 48 40 19 3 28 49 34 49 28 30 21 2 13 0 10 26 33 34 27 47 43 30 7 47 31 48 19 28 23 
10 9 7 8 26 9 18 8 4 33 44 21 33 6 41 2 1 1 19 12 19 26 9 30 30 25 0 18 2 26 43 28 43 46 24 5 47 11 16 41 20 
23 45 7 42 32 43 19 34 43 16 39 7 8 28 1 38 22 39 15 40 2 26 40 14 35 19 44 0 8 45 38 17 36 26 17 22 29 1 36 27 9 
48 38 26 11 15 38 33 47 29 26 13 5 6 44 41 9 43 17 47 25 43 45 13 12 6 21 44 10 0 42 8 20 42 21 6 25 7 31 19 17 28 
33 3 24 26 29 30 13 37 3 27 39 48 7 42 35 8 14 30 34 12 16 1 4 40 8 33 11 24 13 0 13 19 43 41 41 36 2 22 21 7 23 
28 31 41 36 36 30 14 37 40 43 9 29 14 44 32 13 32 29 16 45 15 12 23 4 35 1 36 37 12 31 0 18 31 34 25 19 35 32 26 38 3 
47 38 27 31 44 7 32 18 32 9 33 39 29 41 12 32 31 24 15 23 14 39 29 29 18 25 39 26 45 1 36 0 41 22 28 45 28 18 28 25 38 
21 23 27 35 46 33 41 36 46 32 40 13 31 2 23 2 14 48 49 3 28 7 42 23 1 8 14 28 48 38 19 7 0 7 11 19 39 2 34 21 46 
11 40 41 33 31 18 43 26 6 39 44 25 5 22 42 38 27 23 31 45 4 25 41 46 43 18 45 12 31 44 43 44 9 0 32 32 27 47 34 10 15 
3 34 3 30 9 29 43 27 13 39 45 7 26 43 6 12 22 19 41 32 12 48 24 25 25 25 14 35 13 20 6 32 14 43 0 18 10 16 35 1 20 
41 27 34 41 21 49 5 25 19 13 18 28 9 18 16 47 26 7 5 7 40 18 12 33 39 42 7 1 25 31 16 44 13 20 28 0 20 45 16 30 21 
13 4 12 19 35 28 43 21 44 19 8 21 48 43 32 18 3 39 18 27 43 23 33 16 16 45 21 39 32 12 22 6 39 36 4 6 0 49 16 18 33 
37 4 5 2 17 33 49 18 48 20 21 17 22 27 48 2 40 42 26 18 43 34 31 5 31 48 47 36 20 4 14 28 18 34 42 47 2 0 30 4 31 
31 24 11 26 16 8 29 46 8 10 28 38 30 43 10 23 20 20 35 2 21 16 17 13 14 27 28 48 39 21 27 5 18 14 19 7 25 18 0 27 45 
30 10 22 24 16 40 11 28 29 41 44 7 33 22 35 49 17 8 46 11 37 46 28 35 15 4 35 7 11 14 46 16 8 9 17 46 24 31 6 0 12 
13 46 16 10 37 1 46 14 22 36 19 13 28 26 40 26 28 33 2 8 4 40 26 3 2 37 13 7 8 37 11 10 3 7 42 7 36 41 34 25 0 
