n: 40
m: 10
Pi:U[1-99] 45 67 38 7 52 1 9 59 46 77 54 73 80 82 12 46 77 23 49 64 4 70 84 27 15 25 34 1 18 17 43 58 2 34 60 93 69 77 32 75 
Si:U[1-99]
0 22 48 98 39 39 57 82 17 17 26 11 14 78 26 26 19 65 42 12 26 42 39 20 44 35 81 82 27 8 9 65 64 32 15 79 83 24 1 64 99 
87 0 22 37 89 74 47 78 35 49 22 82 91 99 82 57 54 88 39 27 12 39 2 75 91 73 76 90 22 18 88 72 38 93 26 13 49 92 11 45 35 
67 71 0 74 70 83 71 96 13 17 57 25 97 16 45 3 30 93 40 16 86 12 47 71 21 75 54 18 88 52 26 53 8 93 19 36 61 86 89 68 8 
59 62 15 0 62 3 48 78 5 88 85 21 32 71 45 96 80 44 50 60 1 24 71 2 82 81 91 92 27 33 92 23 4 96 27 98 81 12 95 10 19 
87 35 51 87 0 23 39 32 16 56 35 79 34 64 41 42 73 81 88 56 11 66 16 84 95 17 26 92 61 55 34 61 37 21 68 59 2 19 73 69 34 
98 71 84 64 98 0 34 35 88 69 1 81 14 42 4 53 82 23 59 4 71 26 39 60 76 60 84 87 95 45 60 90 25 16 3 96 24 64 15 60 37 
84 45 37 1 30 58 0 73 57 8 49 45 29 25 3 24 99 32 67 93 55 1 61 38 70 40 5 9 7 21 65 33 10 69 70 35 91 54 23 63 71 
70 53 53 98 95 71 74 0 63 84 89 82 52 5 52 72 51 71 90 79 67 89 91 24 82 73 42 34 12 80 14 96 10 82 10 78 2 81 74 60 28 
77 67 50 14 47 49 18 63 0 58 1 98 76 8 77 72 35 87 73 22 76 1 80 96 93 32 2 37 77 74 19 60 86 52 89 73 4 7 78 95 20 
95 33 76 67 43 64 25 63 62 0 23 46 83 95 55 39 61 56 81 65 43 74 51 19 82 19 8 76 9 75 34 43 1 91 85 76 89 72 10 54 95 
25 75 96 56 80 57 28 3 60 32 0 73 82 41 4 91 50 8 19 1 13 98 61 78 13 13 84 36 21 82 90 41 45 55 86 51 26 66 73 49 47 
75 79 24 46 50 15 85 79 33 42 20 0 49 85 63 14 33 85 2 29 18 1 96 1 22 85 77 88 48 60 31 28 58 32 94 80 54 23 47 32 27 
82 91 50 17 30 53 86 8 86 61 26 11 0 7 1 84 17 19 88 61 65 84 34 51 79 1 14 1 43 21 52 84 27 36 99 67 11 84 9 2 47 
16 42 2 17 7 6 53 88 72 40 88 65 33 0 98 44 97 77 92 65 68 98 82 33 28 33 24 60 65 27 60 44 29 18 3 47 12 77 13 57 17 
37 70 70 57 24 31 96 16 69 16 74 17 21 54 0 95 93 53 36 60 83 13 27 73 4 48 30 99 85 82 1 91 99 83 85 80 62 13 93 53 82 
20 64 30 71 9 29 76 76 44 88 4 21 44 78 17 0 83 76 84 20 16 79 88 77 71 42 92 66 13 23 83 4 58 74 3 81 1 52 19 33 47 
34 90 49 81 39 22 62 74 77 20 1 68 15 36 37 92 0 8 10 14 93 93 49 5 74 60 16 34 28 82 17 63 75 22 78 97 42 92 63 74 53 
61 28 36 18 78 38 29 63 88 4 99 6 37 41 24 8 30 0 47 36 42 26 84 24 85 36 28 85 4 63 98 84 27 44 72 94 20 71 14 11 12 
80 98 17 96 73 12 55 80 50 8 12 61 66 54 8 41 86 18 0 3 29 61 73 18 44 78 1 39 20 51 83 99 11 90 5 38 34 59 49 57 84 
94 51 59 49 75 1 74 31 9 54 38 51 39 5 75 18 56 8 58 0 83 62 16 86 85 75 69 5 11 66 19 73 5 91 31 65 35 11 14 8 32 
3 51 90 84 24 67 83 11 35 24 31 38 76 24 93 66 73 32 42 84 0 85 95 86 61 10 35 64 33 93 61 1 15 85 2 80 80 16 3 9 44 
55 6 92 27 9 20 95 6 58 39 48 35 93 70 14 82 53 10 82 92 38 0 85 80 53 61 74 30 98 20 64 22 88 90 18 75 81 85 80 3 4 
68 15 97 67 15 51 35 11 61 83 42 20 44 61 37 49 82 36 76 3 60 76 0 39 2 91 2 9 80 72 61 54 39 3 15 55 61 95 87 93 73 
75 2 79 56 14 11 48 76 47 23 45 72 65 44 21 93 40 63 61 40 56 12 82 0 89 93 44 58 6 19 60 11 54 85 93 2 94 65 75 36 69 
16 99 49 19 86 70 78 63 28 53 86 99 52 71 87 37 5 51 28 61 58 98 56 82 0 1 43 15 39 4 40 73 38 38 33 72 29 40 54 2 89 
29 6 64 50 55 61 86 52 58 97 44 13 60 92 46 85 57 83 3 56 47 71 63 92 75 0 71 93 31 39 32 79 27 4 6 27 97 59 28 13 43 
65 80 39 73 79 45 31 35 60 57 73 50 66 5 66 55 13 34 8 9 44 39 50 7 15 86 0 87 27 27 56 10 97 15 15 16 52 25 46 34 64 
47 14 74 42 92 4 26 6 52 64 64 72 87 27 76 47 48 12 88 96 52 59 41 36 90 31 52 0 55 1 77 20 9 80 81 70 61 92 31 26 65 
54 46 77 14 88 66 61 54 63 62 58 93 70 67 19 7 65 68 95 71 95 52 5 3 7 1 90 82 0 28 92 73 69 68 69 89 1 42 4 20 72 
6 65 56 78 56 23 67 11 25 78 92 16 41 72 98 96 89 29 13 22 29 22 94 11 98 6 39 26 53 0 99 38 22 38 51 33 94 99 89 93 56 
94 22 93 8 91 61 75 21 84 84 40 38 31 3 17 33 43 8 70 77 44 78 25 97 65 38 64 71 65 50 0 33 31 53 34 96 90 85 13 36 1 
34 94 98 74 62 32 54 18 57 32 10 42 57 10 66 60 66 28 81 31 94 9 46 23 70 47 51 66 75 83 84 0 75 75 69 55 43 3 62 23 19 
47 25 35 80 23 62 39 93 66 97 54 90 81 18 68 37 84 71 93 67 94 34 63 83 41 87 61 92 18 49 54 29 0 38 37 9 81 17 20 4 34 
3 27 79 14 99 93 40 77 34 72 95 39 84 54 94 55 50 74 33 73 14 35 72 83 71 52 89 78 41 83 4 34 82 0 84 38 42 60 76 9 7 
96 33 88 66 6 64 19 14 74 79 70 43 93 21 13 52 54 4 8 36 59 86 46 30 61 57 22 91 41 3 96 60 39 67 0 65 32 45 55 78 76 
42 54 84 15 72 35 9 21 20 69 67 6 44 33 8 75 3 62 61 14 19 76 13 30 75 52 16 8 85 9 45 43 95 40 12 0 79 81 90 13 53 
7 77 10 71 31 28 29 69 94 46 24 5 30 39 76 87 4 1 73 77 97 41 78 12 94 62 77 58 50 96 36 90 2 28 74 25 0 15 30 48 66 
66 35 92 35 18 63 65 35 32 60 8 15 78 21 22 53 76 88 55 2 95 72 98 49 29 26 94 49 59 1 2 14 35 78 12 26 83 0 72 20 32 
19 18 22 27 13 51 62 46 41 24 64 13 88 25 79 38 24 88 80 13 77 24 59 24 17 26 39 84 29 46 84 37 51 64 36 93 42 33 0 14 61 
66 22 11 21 82 48 68 21 8 44 14 65 23 62 30 95 59 67 55 1 11 65 82 19 35 87 69 65 28 20 6 30 44 83 79 48 57 20 29 0 8 
63 27 54 29 68 56 50 1 25 12 55 14 2 46 35 92 42 67 70 85 78 95 12 98 10 36 92 52 17 81 41 13 5 82 35 61 27 34 6 66 0 
