n: 40
m: 4
Pi:U[1-99] 50 59 71 63 63 37 79 33 5 32 49 1 9 63 31 50 75 86 86 76 86 24 26 35 55 47 30 86 96 97 24 73 66 83 50 25 20 17 35 2 
Si:U[1-49]
0 13 17 8 14 6 7 30 5 28 37 10 49 48 49 42 10 13 34 15 37 40 18 49 49 49 31 49 49 37 49 25 49 49 49 49 18 49 22 49 49 
19 0 7 28 7 18 6 1 9 26 45 49 49 42 30 49 49 18 18 40 3 49 31 49 9 49 30 49 45 30 42 15 6 49 49 39 49 49 46 49 9 
8 5 0 2 4 17 10 32 27 6 21 42 49 42 42 49 42 34 13 24 49 16 3 6 25 49 18 10 1 49 31 49 49 4 27 10 49 49 34 28 10 
28 7 9 0 10 28 18 20 15 5 46 49 49 7 46 9 49 46 24 6 28 42 49 49 7 36 30 49 49 49 16 49 39 10 48 25 24 13 19 49 49 
25 26 28 8 0 7 14 7 14 8 49 6 49 49 40 24 42 49 15 16 49 34 49 46 49 28 49 49 49 3 6 49 25 49 22 1 49 49 46 49 18 
7 10 26 9 27 0 7 30 22 9 1 48 10 49 36 19 49 19 45 15 49 9 21 31 37 31 37 15 4 49 40 40 18 49 45 18 34 49 6 48 49 
4 12 2 9 28 27 0 6 27 31 1 40 36 34 15 49 28 12 49 49 10 22 36 24 49 9 3 40 49 30 49 1 19 49 1 39 46 25 34 13 4 
23 24 14 22 22 29 30 0 18 28 49 34 37 13 49 15 49 49 9 18 28 27 12 49 49 13 49 3 9 1 12 49 49 49 30 1 25 49 49 34 40 
7 2 4 28 17 31 22 22 0 4 42 15 31 16 49 37 49 1 49 4 3 1 12 19 10 15 37 21 49 49 12 49 34 49 15 3 28 4 49 39 4 
5 19 28 26 22 4 10 32 2 0 19 22 12 49 49 16 9 16 42 31 27 1 49 19 49 39 16 49 16 15 12 6 43 49 37 28 49 7 49 49 49 
49 48 33 15 6 49 6 49 49 49 0 3 1 2 25 3 11 20 4 20 45 33 49 31 43 15 49 48 9 49 10 34 34 27 46 49 49 49 22 34 49 
49 49 18 46 4 49 49 31 3 49 23 0 11 32 19 16 12 28 10 24 49 36 49 48 37 18 45 48 34 49 49 22 16 49 49 49 46 49 49 13 12 
34 19 49 49 7 45 49 34 49 49 22 1 0 26 16 8 18 21 10 6 49 13 49 49 49 49 21 49 16 49 19 19 49 49 48 24 49 22 37 49 12 
40 18 18 27 7 48 49 43 31 33 9 22 19 0 31 22 25 20 15 17 42 33 24 34 49 49 46 49 49 45 49 42 18 49 49 49 49 49 28 33 4 
45 49 12 6 15 18 40 48 49 49 10 10 23 30 0 5 17 21 5 10 13 7 40 15 18 22 49 49 49 49 19 46 49 40 45 49 39 7 49 49 12 
1 24 49 49 30 49 22 49 18 49 6 18 4 25 21 0 10 20 3 2 49 15 49 18 49 49 34 49 49 28 49 49 49 43 40 36 43 45 49 49 19 
37 43 49 46 6 19 48 34 7 49 26 26 30 5 16 13 0 27 11 28 49 49 21 48 48 34 49 21 40 49 49 39 1 49 39 6 34 4 49 49 40 
30 39 40 40 39 49 49 12 22 24 29 2 29 5 2 19 21 0 13 13 49 33 31 49 49 49 49 39 4 48 49 24 49 27 34 49 49 43 49 49 49 
30 49 6 12 42 49 43 49 27 27 15 20 24 1 30 12 16 20 0 14 49 6 34 49 22 48 45 19 49 40 49 49 48 40 42 49 49 36 4 18 42 
49 33 3 49 33 45 48 49 34 49 5 26 22 20 30 24 0 22 8 0 49 46 49 27 12 31 19 6 49 49 21 1 12 1 49 49 39 49 12 12 13 
49 16 28 49 49 49 43 49 45 3 21 13 12 9 37 10 7 49 30 49 0 18 22 8 12 16 30 4 27 15 49 21 7 46 49 49 1 30 43 4 9 
49 13 3 49 49 15 40 18 12 49 22 9 16 43 49 24 49 19 49 31 6 0 25 30 7 26 3 14 25 18 42 49 49 49 27 49 39 46 16 10 49 
49 18 7 30 49 31 24 1 39 49 49 42 40 39 40 33 40 49 40 36 26 32 0 8 20 14 28 12 14 14 49 25 49 49 49 37 24 12 30 49 28 
49 49 42 25 49 49 49 3 36 19 9 46 49 39 49 49 49 1 18 49 13 32 13 0 26 30 31 13 23 12 34 33 49 49 33 49 49 21 15 49 49 
37 37 49 49 48 49 40 49 49 30 49 49 1 13 49 15 15 49 34 49 16 32 20 7 0 6 6 16 14 1 45 39 49 49 49 43 49 37 49 46 22 
19 36 13 9 49 16 49 10 49 12 39 49 9 49 6 40 49 24 12 46 6 2 12 2 19 0 23 14 25 0 42 48 49 10 46 49 21 28 9 25 49 
21 42 43 4 45 46 12 7 48 25 4 1 4 30 16 24 49 15 49 1 25 6 7 6 5 23 0 5 12 29 27 49 49 49 42 49 46 49 49 36 43 
22 49 3 49 49 7 36 49 40 49 49 37 25 27 4 12 43 49 49 21 27 18 18 14 2 28 16 0 8 1 49 33 16 21 49 27 30 49 49 49 42 
49 37 16 12 37 24 13 19 7 49 49 25 49 18 42 49 19 34 3 27 24 22 22 2 30 1 10 1 0 20 49 31 49 39 49 49 49 3 4 28 24 
49 6 39 21 24 33 49 33 49 12 49 18 27 28 6 46 19 34 12 49 1 29 7 8 2 20 4 28 10 0 49 18 36 37 15 37 49 49 49 24 19 
25 49 19 40 12 49 49 49 22 49 22 9 49 43 6 49 22 30 46 7 46 33 49 49 49 28 42 49 27 15 0 12 22 6 26 2 15 25 24 0 18 
7 19 49 46 49 49 6 15 43 49 49 49 42 28 46 37 49 49 19 49 49 49 21 33 49 33 19 49 12 37 18 0 30 4 14 24 4 22 18 21 1 
49 30 49 3 49 49 49 9 49 49 49 6 49 24 7 49 48 19 49 33 49 31 49 22 46 9 9 12 45 49 26 25 0 19 15 31 30 21 28 22 16 
49 34 22 16 49 49 6 12 46 13 22 49 37 49 33 46 30 30 36 49 39 49 3 12 25 49 24 24 49 6 32 3 6 0 32 22 28 27 9 7 19 
4 6 25 3 49 49 33 36 37 49 49 39 3 27 49 9 24 7 45 49 49 10 49 7 46 49 49 49 36 49 20 28 14 12 0 17 17 20 2 12 28 
46 31 49 45 18 24 49 1 1 10 6 34 16 49 49 49 33 49 43 39 9 10 49 48 25 31 49 49 31 49 10 23 23 4 15 0 15 20 25 21 10 
49 22 40 49 3 22 40 13 42 49 15 15 46 7 18 49 49 49 43 49 49 42 10 49 46 36 27 12 45 49 30 6 4 15 19 32 0 16 15 24 49 
1 24 49 40 31 49 7 46 12 6 33 22 30 49 49 24 42 45 49 43 10 24 33 4 19 18 9 16 21 6 6 20 19 13 19 30 4 0 14 16 25 
49 4 39 49 22 34 49 49 49 7 6 7 49 42 13 25 7 49 49 19 49 27 34 49 48 12 13 49 33 28 15 27 24 22 12 7 23 22 0 25 49 
13 49 49 21 9 42 49 22 42 46 49 49 49 19 49 12 49 9 4 19 18 27 6 21 49 49 49 7 1 24 24 20 6 30 4 15 26 4 2 0 49 
49 49 40 30 49 49 43 37 19 19 49 49 13 39 49 49 16 36 1 49 21 49 43 49 10 49 7 49 49 24 18 36 45 37 49 28 18 49 18 49 0 
