n: 40
m: 6
Pi:U[1-99] 50 48 92 3 8 53 31 62 38 48 90 59 76 23 15 80 17 91 15 43 5 37 78 7 56 48 30 10 21 72 52 7 55 58 8 48 5 94 33 69 
Si:U[50-99]
0 76 53 54 74 97 84 52 76 79 53 81 86 61 84 73 57 70 72 91 95 89 63 75 57 74 81 56 58 70 88 54 58 51 59 84 73 80 76 72 57 
82 0 94 77 58 67 91 87 81 53 74 93 75 87 52 66 55 73 88 57 78 96 81 87 90 53 62 80 76 96 94 86 65 87 68 56 65 54 92 84 86 
59 97 0 66 79 76 68 85 66 84 53 80 74 74 85 87 67 50 73 80 89 86 54 89 69 74 93 71 65 99 64 59 76 69 76 88 63 82 80 69 93 
90 78 77 0 99 62 99 74 52 52 99 94 67 57 66 58 66 50 59 85 83 75 73 94 91 54 75 79 73 62 52 68 52 54 95 70 89 61 68 84 62 
72 89 56 57 0 68 61 96 71 57 66 71 74 59 93 52 93 92 77 51 65 69 84 55 93 67 52 76 95 84 65 79 95 84 76 98 82 91 64 84 56 
52 52 88 76 66 0 95 88 85 78 90 81 50 91 78 72 83 50 58 85 79 75 89 84 64 86 98 95 51 60 92 58 85 60 91 79 88 84 84 58 85 
68 92 56 85 65 81 0 57 85 80 52 73 55 66 54 79 73 80 73 51 87 57 75 84 54 64 93 94 92 73 83 54 99 83 99 85 67 67 67 63 66 
61 65 84 72 73 90 69 0 84 99 58 76 76 54 54 56 75 83 62 77 90 80 51 51 71 88 53 93 80 87 71 71 96 85 97 99 73 63 86 50 82 
56 51 61 92 50 84 98 91 0 95 95 66 84 94 92 94 94 87 90 78 81 71 59 97 58 70 76 90 54 69 81 56 54 88 52 84 74 82 55 92 76 
68 84 82 70 76 80 99 77 58 0 88 57 93 75 56 87 60 78 92 56 63 63 87 57 51 59 80 83 85 95 72 70 55 76 83 59 97 75 78 61 65 
53 66 76 97 70 80 61 50 51 85 0 82 63 81 97 84 62 62 83 76 61 90 64 80 97 58 95 94 94 72 87 55 79 87 76 56 74 91 94 62 56 
93 68 72 51 73 54 94 52 83 56 78 0 53 85 57 93 62 63 91 73 71 57 94 86 68 72 51 87 76 55 87 75 67 92 91 73 70 52 86 92 89 
68 59 72 61 80 84 80 83 62 91 74 95 0 98 79 99 61 75 79 72 68 74 64 57 75 65 59 75 69 95 71 83 54 99 57 79 85 68 53 51 90 
58 77 73 80 84 91 70 70 88 71 96 73 59 0 96 92 58 81 75 61 89 52 61 58 96 79 74 94 94 63 99 90 75 58 88 99 83 55 82 69 62 
63 51 82 98 95 80 72 55 92 97 91 55 54 79 0 85 63 82 59 68 89 54 58 79 67 53 56 98 53 96 91 67 69 72 72 87 94 60 90 90 93 
81 89 76 80 97 53 93 51 69 50 53 93 87 72 57 0 88 60 84 97 58 80 52 85 84 84 99 97 59 59 79 73 84 91 51 98 54 67 52 57 61 
76 90 62 84 70 60 70 83 87 82 53 53 92 63 63 92 0 57 72 77 62 99 93 89 60 64 83 77 51 54 52 90 63 82 79 56 67 81 89 59 55 
50 88 80 58 68 51 85 78 65 82 55 54 90 70 75 87 54 0 50 80 94 89 92 60 77 56 65 50 70 88 93 82 89 70 88 98 55 72 78 95 94 
68 85 51 68 51 55 54 87 86 69 61 87 63 78 93 97 91 74 0 65 99 64 93 65 91 82 73 72 51 66 51 55 51 55 88 75 58 70 55 97 76 
81 76 54 80 58 60 59 76 69 85 56 59 96 56 90 96 86 91 83 0 52 65 56 59 81 71 54 60 77 60 96 51 72 52 54 56 70 58 68 76 91 
58 55 84 76 65 59 85 81 63 75 70 59 96 73 74 56 89 65 52 75 0 78 88 95 75 66 78 61 81 67 57 84 70 53 93 80 90 90 52 67 77 
50 69 84 51 63 66 82 73 53 62 69 96 79 74 75 94 87 93 68 81 64 0 66 98 78 55 78 51 65 56 89 88 97 79 63 85 91 95 50 95 77 
64 56 70 98 56 63 95 85 84 84 71 63 50 84 81 81 74 51 83 55 84 79 0 63 92 95 97 52 65 77 95 59 96 93 90 81 55 99 77 81 80 
54 69 67 69 97 94 97 82 61 62 98 90 99 83 88 63 52 67 87 67 87 80 91 0 51 98 80 68 79 85 51 53 90 57 50 63 93 54 68 68 69 
89 88 54 86 57 53 92 92 91 74 61 99 83 97 76 72 87 50 77 81 76 86 87 66 0 79 53 61 64 78 69 55 67 89 81 52 78 92 70 66 79 
70 74 67 56 79 86 82 76 68 94 54 56 57 63 59 57 55 72 97 90 56 99 56 58 83 0 98 52 68 50 92 99 51 70 56 52 56 50 60 55 50 
62 59 70 70 51 94 67 69 50 57 72 88 73 99 51 85 85 89 98 74 70 80 93 51 78 75 0 93 78 69 82 75 96 76 59 77 68 78 55 64 83 
63 94 74 60 73 64 52 66 80 87 73 80 54 69 82 56 57 82 95 89 87 60 83 88 61 59 52 0 99 86 96 96 65 56 82 83 77 58 81 92 98 
85 63 50 70 81 76 55 65 52 99 51 75 77 78 79 79 57 76 99 51 70 99 93 71 67 87 77 90 0 61 64 92 78 50 91 84 74 73 51 51 86 
77 71 67 89 65 83 81 82 95 91 54 58 99 77 69 60 81 60 71 76 97 95 75 75 50 97 71 72 53 0 60 56 76 74 90 94 70 73 89 61 73 
88 95 83 86 64 58 94 80 95 87 60 72 90 79 95 68 96 76 50 56 55 84 82 95 86 80 62 82 52 79 0 51 83 61 98 55 90 82 78 75 67 
61 54 76 63 74 80 60 68 79 55 81 53 86 53 50 65 67 93 94 50 55 55 82 79 75 79 80 62 83 94 84 0 78 89 87 66 52 89 64 87 69 
53 70 81 61 85 60 93 96 50 96 89 51 95 96 95 92 80 88 53 73 66 88 51 84 80 58 68 85 68 78 53 75 0 51 78 52 51 84 81 55 50 
69 81 64 53 87 94 97 56 85 96 85 62 70 86 78 58 74 78 94 71 84 98 79 87 58 60 50 51 73 56 94 72 63 0 72 75 59 92 68 61 56 
96 87 90 91 61 56 73 64 53 87 61 79 55 88 83 52 63 70 85 50 83 57 66 54 87 84 88 55 69 69 81 84 83 72 0 84 82 78 65 50 94 
66 68 86 94 91 69 67 95 56 83 50 86 74 50 78 89 55 95 81 91 80 88 94 51 68 90 91 84 69 67 69 55 72 96 61 0 84 71 85 52 58 
51 71 58 59 74 58 65 80 95 79 96 95 74 54 50 54 95 51 72 50 89 89 57 82 66 64 57 69 73 63 80 88 66 89 85 99 0 96 70 57 80 
51 88 58 68 77 97 77 76 59 57 78 68 95 63 50 54 70 70 80 75 84 82 91 71 68 98 61 98 71 98 60 60 80 93 85 94 61 0 91 66 95 
67 97 66 91 71 89 67 74 78 82 95 83 67 56 83 73 89 83 76 63 80 61 84 83 65 94 99 63 81 88 69 75 85 74 85 77 90 65 0 91 93 
69 55 63 73 58 51 78 60 66 99 82 54 85 53 86 57 60 86 76 54 76 99 81 67 54 63 51 66 69 79 80 57 64 60 50 78 59 74 84 0 74 
62 78 58 68 93 57 66 96 90 64 99 53 80 72 76 78 63 91 58 76 84 95 72 84 94 57 94 94 70 82 50 88 74 62 82 80 84 90 59 84 0 
