n: 40
m: 10
Pi:U[1-99] 38 28 62 4 77 51 72 8 1 1 83 3 30 86 59 49 76 67 55 56 80 63 90 55 76 23 35 8 36 50 47 63 44 48 95 71 77 43 18 36 
Si:U[50-99]
0 46 43 34 40 51 42 46 56 50 99 79 99 99 99 75 75 99 99 99 99 99 78 87 99 75 99 99 99 91 99 91 99 96 99 99 96 99 87 99 99 
56 0 39 46 38 53 38 41 53 42 99 99 85 99 94 99 99 75 75 99 84 99 99 99 99 99 78 99 81 91 88 99 99 90 99 99 88 99 99 99 97 
58 64 0 64 46 55 54 35 46 41 99 78 99 97 99 91 99 84 99 99 99 99 99 99 99 99 99 91 99 99 90 99 90 99 99 99 99 99 99 78 99 
40 60 43 0 53 39 44 66 57 46 99 82 99 78 99 75 99 99 99 99 99 99 99 99 99 99 99 99 99 99 99 76 99 99 87 88 76 82 99 99 85 
59 50 33 59 0 54 56 59 53 56 99 99 97 99 99 99 99 99 75 87 99 99 99 99 99 79 99 99 82 99 99 99 99 99 85 99 99 99 99 99 99 
62 62 56 36 60 0 64 51 50 48 99 99 99 99 99 99 99 99 76 99 99 99 99 99 96 99 79 99 99 99 99 99 99 76 93 94 99 99 99 85 99 
45 48 42 62 45 59 0 51 64 42 78 99 99 99 99 75 99 88 99 99 99 99 93 78 99 97 99 75 99 79 99 99 91 99 99 99 84 87 99 97 99 
66 33 56 34 46 62 49 0 45 62 99 75 94 99 99 99 99 99 99 99 99 87 99 99 94 99 84 99 99 87 99 99 99 99 99 85 93 99 99 99 99 
40 46 50 60 49 37 41 34 0 49 99 99 78 91 99 99 99 99 99 99 79 99 99 96 82 99 99 99 75 99 99 99 99 99 99 99 99 99 88 99 99 
52 46 36 36 36 33 61 59 64 0 99 94 99 91 99 94 99 99 99 99 99 90 99 99 99 91 99 99 99 99 94 84 99 93 94 78 97 99 99 99 97 
99 99 76 99 99 99 99 96 99 99 0 38 34 55 38 49 61 42 43 44 99 88 99 99 91 76 99 99 99 99 99 99 99 91 99 99 99 99 99 99 99 
97 99 99 99 90 99 85 88 99 76 62 0 61 58 60 62 50 56 53 35 82 97 88 99 99 99 99 99 90 99 99 99 81 99 99 99 84 93 99 87 99 
76 99 99 99 99 99 99 99 78 82 42 42 0 38 63 36 49 44 54 41 99 99 99 99 99 99 99 99 99 78 87 99 87 99 99 87 99 99 85 99 99 
82 99 91 99 99 91 99 94 87 99 57 64 36 0 55 63 45 62 38 46 99 99 99 79 99 75 99 99 99 91 99 99 99 99 82 75 99 99 99 99 99 
76 87 99 99 84 76 99 99 99 99 37 38 58 54 0 42 33 35 64 49 91 79 99 99 99 99 82 99 99 99 99 99 99 81 99 99 99 99 99 99 99 
91 99 99 99 99 93 94 84 99 99 54 55 38 49 35 0 57 37 39 62 97 99 99 99 91 96 94 99 97 99 93 99 99 99 76 99 99 99 85 99 76 
99 99 99 99 99 99 99 99 88 88 56 48 42 46 53 33 0 62 35 58 94 99 99 88 99 99 99 99 99 99 99 99 99 99 99 99 99 99 99 94 90 
99 91 99 99 99 97 99 99 99 93 50 48 51 58 42 48 54 0 52 35 99 99 99 99 99 99 99 84 82 79 99 96 97 99 99 99 99 99 99 99 76 
94 78 81 81 99 99 99 87 99 99 53 44 43 42 54 47 64 42 0 42 84 99 99 99 97 94 79 99 87 84 96 99 78 84 99 97 79 99 99 99 78 
81 99 99 99 99 99 99 99 99 75 40 39 54 34 52 52 42 45 47 0 75 78 99 99 79 97 99 99 99 99 99 96 99 91 79 99 99 84 99 99 99 
99 99 99 79 90 99 99 99 90 94 99 94 85 82 99 99 99 84 85 76 0 52 36 57 38 42 44 65 47 62 99 94 91 99 99 99 82 81 96 99 99 
99 90 99 99 99 99 99 78 82 99 99 99 99 93 78 99 99 97 99 84 54 0 45 44 60 42 42 42 53 60 99 99 99 99 96 99 99 99 84 99 99 
99 99 99 99 99 99 99 82 99 99 93 99 99 99 99 99 99 99 78 99 36 65 0 40 35 64 56 36 65 62 99 99 99 99 99 99 84 99 99 85 99 
99 99 99 96 88 99 99 99 99 99 90 99 99 99 99 99 99 99 99 87 65 42 58 0 34 57 66 62 39 47 97 99 99 87 99 99 99 81 97 99 87 
99 99 99 99 99 99 99 99 85 90 79 75 84 99 87 99 78 90 99 99 43 40 44 40 0 45 47 63 38 44 96 82 94 99 99 99 84 99 99 81 99 
88 99 94 94 87 99 78 85 99 99 99 87 88 99 99 99 93 99 99 93 62 48 58 65 47 0 42 57 45 36 75 76 81 94 99 99 99 99 99 75 88 
99 99 99 99 88 99 99 99 99 76 99 81 99 81 99 99 99 79 99 99 37 44 42 35 54 49 0 46 63 56 99 99 99 99 99 99 99 99 99 99 99 
99 99 99 99 93 99 99 90 99 99 99 99 93 99 78 85 79 99 81 99 58 55 59 50 42 50 64 0 56 56 97 99 99 99 99 90 99 99 99 99 99 
99 99 99 99 76 99 76 99 99 99 99 99 99 99 99 99 99 99 90 93 44 62 48 52 64 53 40 62 0 46 79 99 99 99 99 99 99 99 99 99 99 
99 99 99 99 99 99 99 99 99 99 99 99 93 97 99 99 99 97 99 94 52 50 39 47 54 38 48 44 53 0 99 99 99 99 99 99 99 99 91 99 99 
99 99 99 99 99 99 99 81 99 97 96 99 99 99 99 99 99 99 99 99 99 87 99 99 99 85 99 99 99 99 0 48 56 54 49 41 53 58 60 50 88 
99 99 99 99 99 99 99 99 99 99 99 99 99 99 99 99 88 99 84 85 99 99 99 99 91 99 99 90 99 99 46 0 38 33 43 46 38 33 40 33 99 
99 91 99 99 99 99 99 94 76 99 97 97 99 99 99 99 76 99 99 85 88 99 99 99 97 99 99 99 99 99 55 44 0 54 52 60 43 63 35 36 84 
99 81 99 99 99 97 99 99 96 99 99 96 93 82 99 99 99 94 99 99 84 99 90 99 99 99 91 99 99 99 49 36 34 0 53 42 39 53 41 65 99 
85 99 99 99 99 99 99 84 99 99 99 87 75 99 99 82 84 99 78 96 78 99 99 99 99 99 99 99 99 99 58 42 47 40 0 35 35 43 64 46 76 
99 99 93 85 99 99 88 99 99 99 99 87 99 99 99 99 99 99 90 99 79 99 99 97 99 99 96 99 99 99 33 44 40 49 45 0 56 41 34 57 97 
96 99 99 99 99 99 85 99 78 82 96 99 79 99 99 99 79 88 90 99 82 99 99 99 99 85 99 99 85 91 52 38 58 64 36 42 0 64 59 49 99 
99 97 99 75 99 99 99 99 91 99 99 99 99 99 99 99 99 99 99 99 99 99 84 99 99 99 97 99 99 99 56 36 34 56 65 41 54 0 52 59 96 
99 99 99 99 84 99 99 99 99 99 99 87 75 94 99 99 99 99 99 99 99 99 99 99 91 99 99 82 99 88 50 40 48 57 54 56 60 56 0 35 96 
99 99 99 99 87 78 79 99 75 87 87 99 99 99 99 96 91 97 99 94 99 99 99 99 87 99 94 99 87 97 34 43 64 56 52 62 65 57 39 0 99 
99 91 76 87 99 99 93 99 99 99 99 78 99 99 99 99 99 99 99 99 99 78 99 94 99 99 78 99 99 94 87 84 99 84 82 99 99 81 93 90 0 
