n: 40
m: 6
Pi:U[1-99] 83 41 49 46 79 36 40 18 93 31 6 32 16 57 45 10 47 32 9 80 31 8 66 92 95 48 5 2 54 93 26 97 28 93 58 50 27 95 63 90 
Si:U[50-99]
0 68 86 68 50 74 94 78 59 55 76 56 69 98 54 79 60 71 95 97 91 92 62 97 71 89 83 57 90 87 99 78 96 79 80 62 95 51 99 83 92 
52 0 84 53 98 51 87 58 50 79 78 83 95 84 61 85 96 66 88 76 64 60 98 67 88 53 96 90 76 82 50 74 69 68 70 55 68 59 98 63 96 
68 69 0 50 50 63 68 77 56 82 55 86 99 57 66 86 88 62 50 60 69 73 61 60 60 96 76 59 57 83 81 77 68 59 73 73 74 66 98 98 77 
61 79 90 0 58 68 61 75 99 76 67 81 61 60 93 64 60 65 70 75 54 52 84 71 99 68 90 72 98 61 54 61 58 89 87 92 84 89 61 67 70 
85 95 81 92 0 51 96 81 89 84 65 50 68 81 72 99 70 77 51 86 59 62 93 88 66 63 92 83 83 62 81 54 56 73 89 62 75 91 90 77 53 
82 75 94 71 91 0 83 64 59 90 55 59 89 76 85 95 99 75 80 88 88 50 87 85 57 53 65 63 68 88 74 53 99 91 78 68 95 55 54 91 62 
62 78 87 72 96 97 0 85 80 92 59 81 72 96 94 67 73 72 85 88 59 79 69 63 55 95 64 54 89 58 73 61 87 60 88 96 75 78 81 69 55 
70 84 60 84 65 54 50 0 65 93 98 98 73 73 88 87 95 58 54 90 78 74 79 98 79 72 87 70 57 72 65 98 89 76 84 83 92 82 58 59 72 
72 60 70 57 52 54 84 59 0 57 87 84 67 94 95 68 84 81 92 59 85 99 66 93 81 50 61 57 97 56 78 94 87 55 96 98 55 61 96 82 87 
88 69 64 94 60 80 93 55 51 0 93 98 52 76 61 56 88 75 79 67 93 65 88 93 80 50 78 94 55 77 93 51 84 95 69 94 86 83 50 97 53 
58 60 86 71 75 70 55 95 87 92 0 88 95 63 63 81 61 87 60 66 95 59 52 67 82 58 63 63 89 94 98 71 82 86 57 56 73 63 61 50 86 
87 72 56 99 73 75 77 72 69 73 57 0 60 92 60 73 53 88 74 97 76 82 98 75 84 54 50 58 82 70 53 64 67 86 53 82 88 71 70 53 94 
76 96 56 62 64 53 52 95 95 58 85 63 0 83 68 73 60 74 86 95 97 65 88 64 90 84 93 96 61 65 61 54 60 67 67 84 53 54 66 56 65 
81 79 81 63 67 66 75 93 94 68 70 93 61 0 55 77 92 59 91 62 74 69 56 92 94 83 65 65 58 84 84 74 73 67 54 58 97 74 51 83 88 
72 64 62 50 83 68 80 89 81 81 51 79 63 80 0 74 75 70 88 95 90 94 72 89 70 57 83 98 79 99 57 86 95 65 58 60 91 76 65 52 86 
76 51 75 58 98 96 97 92 61 68 65 66 68 64 65 0 63 64 81 69 98 67 81 62 98 60 57 85 85 51 53 61 86 80 57 74 73 79 95 67 97 
86 88 56 77 97 84 94 98 71 75 78 79 72 93 62 52 0 54 66 60 98 55 70 76 80 96 89 54 74 70 82 50 83 89 88 99 51 60 66 63 81 
90 50 67 78 87 90 59 97 90 74 77 57 68 50 91 85 69 0 79 83 83 59 95 66 96 66 50 95 63 53 54 98 66 62 80 59 60 65 65 61 72 
93 69 67 98 76 62 64 77 74 53 86 94 95 89 51 75 93 78 0 66 75 83 92 94 54 90 94 66 74 70 73 73 77 60 99 89 81 64 83 84 75 
78 74 51 78 79 78 55 58 73 72 83 95 98 83 75 66 98 51 86 0 67 92 66 95 51 73 70 50 89 59 76 66 97 74 94 56 76 81 52 95 88 
92 61 52 60 73 63 92 74 62 72 61 70 80 81 50 72 58 53 99 71 0 51 57 51 87 69 59 51 92 76 71 85 72 75 58 93 88 86 96 79 77 
88 77 84 87 90 89 89 77 99 66 87 63 59 96 94 62 94 90 70 71 91 0 59 66 83 80 51 74 86 53 61 52 70 59 79 64 87 67 77 78 64 
74 51 97 56 52 83 63 60 73 85 59 57 90 70 74 70 95 56 65 97 76 84 0 70 53 69 59 53 59 97 90 87 73 84 89 56 64 95 81 94 66 
53 56 55 79 73 55 87 59 63 61 92 58 80 51 92 96 64 53 92 76 95 56 56 0 73 77 82 75 60 75 88 77 60 91 51 60 68 81 54 58 52 
56 65 54 74 50 85 97 71 87 98 61 84 67 77 81 50 72 54 50 52 67 54 82 80 0 66 96 95 67 56 58 94 61 95 76 53 65 62 65 86 56 
67 58 74 86 97 66 97 57 88 98 63 83 64 81 73 57 74 93 84 56 77 64 96 66 75 0 73 55 65 84 77 53 89 80 68 87 83 56 68 58 59 
69 77 56 72 54 91 72 95 95 82 91 88 89 91 70 61 70 83 84 66 75 60 83 70 59 53 0 93 75 88 74 68 93 99 77 66 59 63 95 57 61 
55 75 58 67 92 71 75 93 78 84 85 67 50 55 62 97 67 69 83 50 95 72 96 61 84 66 89 0 54 56 74 65 77 83 75 95 82 59 67 66 68 
70 65 83 58 75 56 72 70 59 93 77 91 64 54 95 66 79 79 52 81 61 63 95 51 75 51 69 68 0 99 67 52 97 90 55 97 77 82 87 52 92 
57 50 58 89 69 53 81 77 79 62 79 83 80 81 89 52 90 73 87 87 79 81 62 88 73 61 51 54 73 0 77 78 85 67 78 54 71 78 59 83 86 
65 93 58 73 98 92 56 79 61 50 98 79 55 95 70 84 82 76 71 92 78 80 83 89 52 59 90 69 67 63 0 82 67 67 63 53 87 76 74 51 88 
85 71 67 62 95 83 53 61 77 76 53 74 57 55 82 53 83 61 63 89 93 79 85 76 72 52 61 76 88 95 59 0 94 75 89 56 80 79 71 98 58 
90 75 78 94 83 63 63 91 59 81 91 78 50 82 81 69 50 72 59 52 50 81 61 83 53 77 96 96 63 87 69 68 0 53 69 80 59 82 54 67 53 
71 68 97 77 72 76 84 80 80 69 74 69 67 68 62 65 70 58 84 99 51 56 96 51 97 62 91 69 83 62 53 90 98 0 52 83 53 81 52 70 63 
78 92 87 83 87 83 94 92 82 56 95 76 87 81 96 51 88 51 81 55 61 81 92 67 70 80 59 67 50 78 75 70 78 60 0 63 87 87 59 87 78 
84 70 54 77 61 94 94 76 98 85 64 88 89 61 98 64 99 74 58 95 87 52 85 52 92 79 67 76 61 55 84 98 55 59 68 0 69 75 80 85 98 
81 51 98 99 68 87 80 76 73 92 70 82 83 66 99 89 64 97 50 89 53 60 79 60 57 98 98 99 67 58 88 68 88 68 59 52 0 75 99 74 60 
78 54 79 51 62 53 59 72 90 71 97 65 80 94 76 98 76 50 65 63 83 75 86 50 88 73 67 87 97 73 78 81 75 93 84 70 91 0 67 51 69 
80 97 88 84 56 73 58 56 60 92 82 57 89 83 71 72 52 75 88 95 85 78 95 85 76 50 51 60 51 89 66 86 64 70 54 68 50 71 0 63 62 
95 80 71 97 69 83 58 76 89 56 52 52 96 75 72 81 67 85 91 98 83 96 91 52 64 95 60 71 73 57 93 89 90 71 71 82 90 79 74 0 76 
87 78 71 61 95 76 57 87 94 84 96 61 84 52 93 75 65 75 95 94 63 84 59 85 52 93 54 78 51 77 55 80 50 86 99 57 51 81 97 86 0 
