n: 50
m: 10
Pi:U[1-99] 13 66 73 16 70 71 27 79 74 2 74 5 86 29 71 7 72 45 44 73 90 25 37 71 98 66 99 88 5 79 90 1 93 63 90 58 19 55 6 87 58 93 30 71 21 69 63 23 73 13 
Si:U[50-99]
0 50 36 51 60 33 38 54 40 60 79 99 76 84 82 99 99 99 97 99 99 99 94 99 99 99 93 76 99 99 75 97 87 99 99 88 85 99 90 99 99 99 99 99 99 99 94 79 99 85 99 
64 0 46 48 36 40 64 44 64 46 99 99 85 84 99 99 88 99 99 88 75 99 99 99 99 99 99 97 99 81 99 99 99 99 99 99 99 99 99 97 99 91 82 99 99 94 99 82 84 99 93 
50 46 0 58 62 44 50 50 44 61 99 99 99 99 87 99 96 97 99 99 76 99 96 79 99 99 99 99 94 94 99 99 99 99 96 87 99 99 85 99 82 99 99 99 78 99 93 99 93 99 93 
45 62 34 0 48 54 65 34 34 41 99 82 99 82 82 99 99 99 99 96 99 99 99 99 99 99 99 99 99 99 99 99 99 99 99 87 99 99 99 81 99 99 99 99 99 99 76 99 99 99 99 
44 66 58 50 0 50 49 34 62 45 99 96 99 88 99 87 99 99 99 99 82 99 99 99 99 75 99 97 96 99 99 99 99 96 87 99 99 99 99 90 97 99 99 99 78 99 99 79 99 91 99 
43 65 62 36 36 0 55 60 43 53 81 99 99 99 99 99 88 99 79 84 99 99 99 99 99 96 99 76 99 99 99 91 99 99 99 81 99 82 99 99 99 99 93 99 99 93 99 96 99 99 79 
40 48 56 34 52 46 0 58 61 34 99 99 99 99 94 84 79 99 75 78 99 93 99 99 99 79 99 99 99 99 99 99 99 99 99 82 99 99 99 99 93 99 99 99 99 99 99 99 99 94 99 
62 63 44 59 44 55 36 0 66 34 99 99 99 84 94 93 99 99 99 99 96 99 99 79 84 99 75 99 99 85 81 99 99 99 88 94 99 99 93 87 91 99 81 99 99 99 99 78 91 99 99 
64 54 57 62 47 54 45 49 0 64 97 99 99 99 99 99 99 99 99 84 99 99 99 78 99 99 85 99 99 99 99 99 99 99 99 99 90 99 99 99 99 99 99 99 99 99 99 87 79 99 76 
52 53 59 50 62 47 64 65 48 0 99 99 99 99 99 99 87 99 99 76 99 99 79 99 99 79 94 99 99 88 99 99 99 99 91 99 90 99 88 78 79 99 99 81 94 99 93 99 99 87 99 
99 99 81 99 87 91 76 99 81 99 0 66 61 36 40 40 66 58 37 46 84 82 88 99 99 99 99 88 75 99 99 99 88 99 99 93 99 99 99 99 99 99 84 99 99 99 96 96 99 99 99 
99 99 99 99 91 91 94 99 99 76 52 0 58 45 33 33 43 38 54 52 78 99 99 99 99 99 76 99 93 99 99 99 99 75 99 99 99 99 99 99 81 99 99 93 99 99 99 81 99 99 99 
99 99 99 99 99 99 99 99 99 99 48 43 0 62 58 44 38 36 36 40 99 99 99 99 79 99 99 85 99 99 99 99 99 88 99 99 99 99 99 99 99 99 99 99 94 97 76 99 84 88 99 
99 99 99 99 97 99 97 99 99 99 42 50 46 0 65 56 60 64 44 47 99 99 93 99 99 87 99 99 99 93 99 90 79 87 99 75 85 99 99 99 99 99 99 99 99 90 99 99 99 99 99 
99 99 75 99 97 99 94 99 87 99 58 36 36 52 0 34 36 64 36 45 93 99 99 99 94 76 84 82 99 99 99 99 82 99 99 99 99 91 99 99 75 99 99 99 90 99 99 85 96 79 79 
94 99 75 99 81 99 99 99 87 79 60 37 46 49 55 0 62 62 39 38 99 99 99 99 79 99 93 99 99 99 99 97 99 96 91 99 99 99 99 99 99 99 99 99 99 99 99 96 99 99 99 
99 99 99 99 85 99 99 99 99 84 61 43 60 52 46 40 0 64 50 58 99 99 99 75 75 99 99 87 99 99 82 99 99 99 99 99 99 99 99 99 99 99 99 99 99 99 99 99 99 99 99 
99 99 99 99 99 99 99 99 99 85 39 52 36 35 33 37 66 0 48 58 91 79 99 99 99 84 99 96 99 99 99 99 91 99 99 99 99 78 85 99 99 99 99 99 87 99 99 79 99 79 99 
93 99 99 76 99 99 99 99 81 99 61 53 61 38 38 41 45 64 0 54 99 99 81 99 78 99 99 93 76 99 99 99 99 99 97 93 96 87 99 99 99 99 99 99 99 99 99 99 93 99 87 
78 99 97 99 99 84 99 99 97 90 58 60 48 50 60 62 52 49 64 0 79 99 75 99 99 99 88 99 99 99 99 99 88 99 99 97 99 99 79 99 99 99 99 99 99 90 85 99 99 99 84 
99 99 84 99 99 99 99 99 99 99 91 99 87 78 94 99 99 99 99 90 0 52 58 54 64 49 49 57 39 38 99 76 99 78 75 96 99 79 75 99 99 99 99 81 99 99 94 99 82 99 99 
99 99 99 99 94 99 76 99 76 96 91 99 84 79 99 87 99 99 99 99 54 0 48 58 66 65 52 54 47 54 99 99 99 81 99 97 94 97 99 81 99 99 99 99 79 88 84 99 99 81 99 
99 99 99 99 94 99 99 99 99 87 99 99 99 99 82 99 99 99 99 99 40 47 0 46 45 33 56 57 53 56 88 99 99 99 99 99 99 93 99 99 99 99 99 90 99 99 99 99 99 84 99 
99 99 99 88 99 99 99 85 99 99 99 75 79 99 75 79 90 85 99 99 51 35 60 0 39 60 55 43 39 57 99 99 93 84 87 99 99 99 94 99 99 99 79 99 99 99 79 99 99 99 99 
93 93 82 99 99 99 99 99 93 79 99 99 99 81 99 99 99 99 99 99 44 60 50 40 0 66 52 36 37 41 99 99 82 99 99 99 99 99 99 99 96 99 99 99 99 99 99 99 99 88 88 
99 76 99 99 99 87 99 99 79 99 99 99 96 87 99 99 99 99 76 99 42 53 54 43 61 0 36 58 51 62 87 99 99 99 88 99 99 99 99 99 99 99 99 99 78 90 99 94 85 97 78 
99 99 82 85 99 76 99 85 79 91 99 99 99 88 99 94 99 81 99 99 57 65 59 50 33 40 0 38 64 53 99 78 99 99 99 99 99 99 99 99 99 99 99 99 93 94 99 99 99 99 99 
99 99 94 99 93 99 99 75 84 99 99 90 81 99 99 99 99 99 82 85 34 66 40 62 53 44 64 0 65 36 99 96 99 90 81 99 99 99 79 99 96 97 99 99 79 99 84 99 84 99 99 
99 99 99 99 99 90 79 85 99 99 99 99 99 99 99 99 99 99 99 99 34 59 55 37 39 34 40 34 0 44 99 84 94 99 99 99 99 99 99 99 99 85 99 82 99 99 99 99 79 99 99 
75 99 79 84 99 99 99 99 79 99 78 88 99 99 99 99 99 99 99 99 40 60 66 62 58 53 52 43 44 0 99 91 99 94 99 99 84 78 96 99 99 99 97 99 99 99 99 99 75 99 78 
90 99 79 99 99 99 94 87 99 99 99 99 99 99 99 99 93 99 99 99 99 99 99 99 99 99 99 99 99 79 0 64 44 33 59 48 47 47 64 63 99 99 99 99 99 99 99 99 81 99 99 
94 99 99 99 88 99 99 99 78 94 96 99 94 99 94 99 88 99 99 99 78 99 99 99 93 99 88 99 99 99 63 0 49 50 63 59 34 60 36 56 99 99 81 75 99 99 79 99 99 99 99 
99 99 99 88 99 99 96 93 99 85 79 90 87 99 87 99 79 99 99 81 99 76 99 99 85 81 99 99 99 99 38 66 0 38 49 53 35 65 62 56 78 76 99 99 79 75 99 99 99 99 99 
99 99 99 99 81 99 99 99 99 99 99 99 99 99 99 82 99 81 99 99 93 99 99 99 97 90 99 91 99 99 46 38 58 0 65 46 41 34 54 46 99 85 99 99 79 99 99 99 99 84 79 
99 99 99 99 90 90 99 97 88 99 99 99 99 99 85 99 99 87 87 90 97 99 99 75 82 99 76 99 99 99 55 34 57 37 0 49 64 46 43 56 90 99 99 99 99 99 88 99 81 97 79 
99 99 99 99 99 99 90 87 76 87 88 91 99 97 99 93 99 99 99 99 97 99 75 99 99 99 85 94 99 99 45 44 61 42 37 0 64 34 38 62 99 99 78 99 88 99 85 87 99 96 99 
90 93 99 99 96 85 99 99 99 99 99 99 99 99 99 87 99 99 99 81 78 85 76 99 90 79 99 99 99 91 57 34 58 53 36 38 0 36 58 43 99 99 96 91 99 99 99 99 99 99 88 
82 85 94 99 99 99 81 88 99 99 99 99 99 88 99 99 99 82 99 88 78 99 87 99 90 97 84 79 99 99 36 40 60 53 42 43 62 0 58 57 99 99 87 99 85 99 99 99 99 99 99 
88 99 81 96 96 99 99 96 99 85 99 99 99 99 99 99 91 76 99 99 90 99 76 99 99 99 99 81 99 99 48 38 54 39 53 56 36 52 0 64 94 75 99 99 99 99 99 99 99 99 99 
99 99 87 99 99 97 99 99 99 99 99 99 99 85 91 93 99 99 88 99 90 99 99 99 99 99 76 81 99 99 60 35 58 59 54 64 39 40 48 0 99 99 99 99 99 99 99 99 96 99 99 
99 85 96 99 99 99 84 99 87 96 90 99 99 78 90 99 99 99 99 99 85 99 88 99 88 88 99 99 99 99 76 99 99 99 99 99 94 91 99 99 0 37 36 38 51 36 56 36 65 38 76 
99 96 90 99 99 82 84 99 99 99 99 99 82 99 99 79 99 99 99 99 99 99 99 76 99 99 99 99 99 99 88 84 76 99 78 99 99 99 90 94 50 0 44 63 38 35 39 58 44 43 99 
99 99 99 75 93 99 99 99 85 99 99 99 81 78 99 75 99 91 93 99 96 99 99 99 81 90 99 90 91 99 99 91 99 99 99 85 93 94 84 99 51 64 0 42 40 56 38 42 64 58 99 
99 99 88 99 99 99 99 99 99 99 99 79 99 99 99 99 88 99 99 99 99 99 84 99 99 99 99 99 99 99 84 99 99 99 99 97 82 94 99 99 36 53 65 0 34 66 56 53 44 40 99 
99 99 99 94 99 76 99 99 99 99 99 75 99 99 99 99 87 84 99 99 94 99 99 99 99 99 99 90 99 99 91 87 91 99 94 99 99 99 99 88 44 66 38 58 0 63 48 58 37 59 78 
99 99 99 99 99 82 99 87 99 99 90 99 76 99 99 99 76 97 79 93 99 99 99 99 99 99 99 99 99 99 93 99 75 99 99 88 99 97 93 99 40 55 36 56 62 0 44 59 48 49 75 
99 99 99 78 87 97 99 91 99 87 99 79 99 99 99 99 87 99 81 99 99 99 99 99 99 99 81 81 99 99 99 99 99 88 99 99 99 93 99 99 34 52 49 46 45 57 0 54 62 65 99 
99 97 99 99 99 97 99 99 90 99 99 81 99 99 99 79 99 99 99 91 99 99 99 94 99 99 99 99 99 99 99 99 96 99 91 99 75 99 99 99 58 62 66 60 65 52 63 0 64 44 75 
99 99 99 99 81 99 99 99 99 99 88 99 99 99 99 99 85 99 99 99 99 99 99 91 99 99 99 99 99 99 93 99 99 99 75 99 90 99 99 97 46 64 43 46 56 44 58 54 0 62 99 
99 93 99 99 94 85 81 99 99 90 99 99 87 99 99 99 99 93 99 88 99 99 99 99 76 99 99 99 99 99 85 99 88 96 88 99 99 99 99 99 49 56 34 45 59 53 38 34 33 0 99 
99 81 99 99 99 99 91 99 76 99 99 76 85 88 75 99 99 99 99 99 76 99 99 99 99 99 78 79 99 88 99 82 99 99 99 87 99 82 99 99 99 99 99 99 99 99 99 99 85 99 0 
