n: 50
m: 8
Pi:U[1-99] 2 22 42 78 87 43 6 37 40 79 90 4 41 42 65 36 11 67 10 88 44 14 80 27 38 10 75 45 12 66 75 17 33 94 21 79 1 3 44 91 76 65 74 28 88 49 76 6 58 90 
Si:U[50-99]
0 52 51 62 35 46 54 43 52 34 84 99 99 99 78 99 99 99 79 97 99 99 79 99 99 99 91 88 99 99 99 94 99 99 99 99 99 99 76 99 99 82 99 99 99 99 99 99 76 99 99 
42 0 60 63 60 38 46 41 59 50 94 99 99 99 90 99 99 99 99 75 99 99 99 99 81 99 99 81 99 99 99 99 99 90 99 99 99 99 99 99 84 99 99 93 99 99 99 99 76 99 76 
42 47 0 44 38 36 44 42 43 43 99 99 99 99 90 76 78 99 79 91 78 99 99 99 99 82 79 99 99 99 87 99 99 99 94 99 90 81 90 99 88 99 99 99 99 79 85 99 99 99 99 
34 36 53 0 52 63 34 52 62 54 91 99 99 97 97 99 99 99 93 78 99 84 87 96 99 84 99 99 99 99 99 99 99 99 99 81 99 97 97 99 99 99 78 99 99 82 99 99 96 99 78 
48 56 47 48 0 64 54 54 44 52 99 84 99 99 87 99 99 99 99 99 99 99 99 84 78 82 99 99 99 99 99 76 85 99 88 93 99 99 99 99 97 82 99 99 81 75 99 99 99 99 78 
50 61 43 49 61 0 62 34 64 42 90 87 91 99 99 93 99 99 87 99 90 99 99 99 99 99 99 99 99 99 99 99 99 81 99 99 76 93 99 96 99 99 84 99 99 93 96 99 99 91 76 
66 50 56 34 60 45 0 65 45 48 99 99 99 88 99 99 81 99 99 88 99 99 99 99 99 88 99 99 99 91 99 99 75 99 99 99 99 99 99 99 99 99 81 99 99 99 99 90 94 87 76 
48 56 46 33 33 62 57 0 54 46 99 99 93 99 99 82 99 85 88 99 88 91 99 94 85 99 93 99 99 99 99 88 99 84 78 99 99 99 99 85 99 76 75 91 99 99 99 99 91 99 99 
36 52 63 46 57 61 58 58 0 64 99 99 99 99 99 99 99 87 82 99 99 99 99 99 82 99 91 99 99 99 99 91 99 88 97 99 99 99 99 99 99 96 99 99 99 99 99 90 76 99 99 
62 54 65 56 55 60 53 52 44 0 99 99 99 87 88 99 99 99 79 99 99 99 99 99 99 99 99 99 99 99 79 99 99 99 99 79 99 78 99 81 85 99 99 99 96 99 99 99 99 99 99 
90 96 99 99 99 99 99 99 91 99 0 56 62 65 64 61 48 66 36 61 90 99 99 99 99 99 76 99 99 76 99 94 99 84 99 99 87 76 79 99 99 99 81 99 99 99 99 99 91 99 99 
99 93 90 79 94 99 88 84 94 99 62 0 50 56 60 53 50 39 55 41 99 99 99 91 99 99 99 88 99 96 99 99 97 99 99 93 99 99 82 99 99 99 99 99 91 75 91 93 99 99 99 
99 99 79 99 99 81 97 99 99 99 40 64 0 63 62 41 37 57 61 41 99 94 99 99 99 88 99 99 93 99 99 85 99 84 99 99 90 99 99 99 99 91 99 99 99 96 75 90 90 84 99 
99 99 84 84 99 99 99 99 88 99 54 65 46 0 62 61 38 60 42 34 99 87 99 99 99 99 99 76 99 97 99 94 99 99 82 99 99 99 99 99 99 99 97 99 99 85 99 94 99 99 76 
99 99 99 99 99 99 90 99 99 99 59 46 34 46 0 45 52 62 34 43 99 91 99 99 99 81 78 76 99 99 99 99 99 99 88 84 99 99 75 75 99 99 91 97 93 82 99 99 85 99 99 
99 99 99 99 99 99 91 99 99 99 48 54 44 39 66 0 44 47 35 55 99 99 99 99 99 99 79 99 99 81 99 88 99 90 99 99 94 99 99 85 87 99 99 99 94 99 99 87 99 99 99 
99 99 99 90 99 99 99 99 99 99 56 60 64 46 39 38 0 36 52 54 99 99 99 99 99 79 99 99 99 78 99 99 79 99 84 85 88 87 99 99 99 99 88 81 99 99 99 99 99 90 85 
99 78 99 99 99 99 99 99 99 99 64 53 35 50 50 41 59 0 50 53 78 93 99 99 99 99 99 91 94 99 76 76 94 99 99 91 99 99 99 99 99 94 99 99 99 99 99 84 99 99 99 
99 78 99 99 99 99 97 94 91 99 60 36 61 50 52 48 59 54 0 37 99 99 79 99 99 81 99 76 99 93 99 87 99 99 99 99 99 99 99 99 99 99 99 99 79 99 99 99 99 90 99 
76 99 99 93 99 99 82 99 99 99 61 39 64 44 52 63 56 44 60 0 75 96 75 99 84 99 99 79 99 94 99 81 99 78 99 99 99 99 99 99 97 99 99 76 99 99 90 99 99 99 81 
99 99 93 99 99 82 90 99 76 99 78 99 99 99 99 78 88 99 99 75 0 39 54 40 45 56 41 51 33 47 99 99 99 88 99 91 99 87 99 87 99 99 99 99 99 99 75 99 88 99 87 
99 85 99 99 99 81 91 75 99 88 99 99 99 99 99 99 99 75 99 99 48 0 64 46 44 41 33 44 49 62 99 99 99 99 99 99 78 99 99 99 99 82 76 81 99 97 99 99 99 99 99 
99 99 99 99 99 97 99 99 99 99 99 99 99 99 99 99 96 99 99 99 56 48 0 36 38 47 44 52 50 63 99 87 99 99 99 81 99 76 99 99 99 99 99 99 99 99 99 99 99 99 99 
99 88 99 99 78 99 99 99 99 99 87 99 99 93 99 99 99 99 99 81 61 58 38 0 39 44 47 54 55 57 97 87 99 99 99 99 99 93 99 99 88 99 99 99 99 99 99 90 99 81 99 
99 99 99 99 99 82 99 99 99 99 99 99 99 99 99 99 99 91 99 99 50 42 35 39 0 34 61 40 62 33 99 99 99 81 99 99 99 99 99 99 99 99 99 99 99 88 78 96 99 97 87 
99 99 99 99 99 99 99 99 99 99 99 88 99 99 99 84 99 99 87 99 57 49 44 34 47 0 51 49 65 66 99 99 99 99 99 97 99 99 99 99 99 99 99 93 99 78 99 99 99 99 99 
99 79 99 99 79 99 93 99 81 87 99 99 99 99 99 99 99 93 94 90 41 51 46 37 33 40 0 34 52 50 99 99 81 99 99 82 99 99 99 99 99 81 99 99 99 75 99 93 90 99 84 
78 99 94 78 99 99 81 96 99 96 99 99 87 94 94 97 99 76 81 87 40 64 33 42 38 37 54 0 61 63 99 99 99 99 99 99 99 82 93 99 94 99 99 99 97 99 99 99 90 87 99 
99 94 85 99 99 93 99 99 99 99 99 99 76 99 99 90 99 99 99 91 52 60 48 48 57 54 62 56 0 49 99 99 99 99 99 94 99 99 96 85 76 84 99 75 99 99 99 81 99 99 99 
99 99 91 99 99 99 99 99 99 96 96 90 99 99 99 99 85 99 78 81 48 56 44 41 58 35 64 39 55 0 99 99 88 99 99 79 78 76 99 99 99 99 99 99 76 99 99 78 99 99 99 
99 99 99 99 78 99 99 99 82 88 99 90 99 75 78 82 99 99 99 99 75 99 99 99 99 99 99 99 99 91 0 57 40 36 60 56 48 57 34 34 76 99 94 93 99 99 99 99 94 99 75 
99 78 99 99 76 99 99 99 99 99 99 99 97 99 99 96 94 84 99 99 99 99 99 99 99 99 82 99 81 99 63 0 56 39 62 44 42 54 39 43 99 99 99 99 93 99 99 99 88 99 99 
99 79 87 99 90 99 99 99 76 99 99 99 99 99 99 99 96 99 99 99 96 99 99 87 99 94 99 99 85 99 50 46 0 46 57 45 44 55 59 62 99 85 91 99 90 75 99 99 91 75 99 
99 99 75 90 99 99 78 88 99 99 93 99 99 99 99 99 99 99 99 99 84 99 99 99 99 99 75 93 85 84 52 44 49 0 56 55 38 42 62 60 81 99 76 99 99 78 99 99 99 99 99 
99 99 88 81 99 87 99 99 93 93 99 99 78 99 91 99 99 99 99 99 99 99 99 94 99 99 97 99 88 76 48 64 54 52 0 65 34 60 42 58 99 99 99 99 99 99 99 96 91 85 91 
99 99 99 81 99 99 94 99 94 84 99 84 99 84 78 99 99 99 99 99 99 90 99 99 99 99 99 87 99 76 46 42 62 52 56 0 35 44 66 52 99 99 99 84 79 99 99 82 93 91 99 
99 93 87 99 99 82 99 85 99 85 99 99 79 99 99 75 75 93 99 99 99 99 85 99 99 99 99 84 97 99 34 36 53 54 38 58 0 46 42 40 99 75 99 99 99 99 97 85 99 99 99 
99 94 99 99 99 99 90 97 84 99 99 97 99 99 99 99 99 96 99 85 99 96 96 99 99 99 99 99 99 85 34 48 47 60 33 60 58 0 44 55 99 99 99 99 99 96 99 99 94 99 99 
99 99 96 99 99 99 99 99 99 99 97 99 99 78 82 99 94 99 99 99 99 99 99 99 84 94 99 99 99 99 66 37 36 42 33 35 54 60 0 36 99 87 75 93 99 84 87 99 99 99 97 
93 99 99 99 99 99 87 99 85 99 91 99 94 99 99 94 99 99 99 90 99 99 90 81 99 99 99 88 99 99 43 65 50 40 36 42 64 33 51 0 99 99 99 99 99 99 87 79 79 96 93 
99 99 99 99 85 87 81 99 99 88 99 99 99 99 99 99 82 99 99 99 99 99 96 99 76 93 99 99 81 99 99 99 99 99 99 99 99 88 99 99 0 50 54 59 44 42 60 36 44 54 99 
99 99 99 99 79 96 99 99 97 99 99 90 99 87 99 99 84 99 99 99 81 99 93 99 99 90 99 99 91 91 85 91 99 99 99 87 99 99 99 99 57 0 63 48 57 58 57 65 34 54 99 
99 99 85 94 99 99 99 99 84 99 99 90 99 84 99 78 82 99 99 85 75 75 99 99 99 99 99 99 84 82 78 99 82 99 99 99 75 99 87 99 52 51 0 55 36 57 44 59 50 48 99 
99 99 99 99 99 90 87 99 99 99 82 99 82 99 99 82 85 99 99 99 99 99 82 99 99 99 99 99 99 99 99 99 99 96 99 76 99 99 99 99 55 45 40 0 60 51 37 50 56 46 99 
99 93 99 99 99 99 99 99 99 97 99 85 94 99 99 82 94 99 87 99 99 79 99 99 99 99 99 96 99 99 97 99 99 93 99 99 76 99 99 78 43 57 55 52 0 48 56 40 33 45 78 
99 99 99 88 99 99 79 99 82 99 93 82 99 76 87 94 99 99 99 79 99 91 96 99 99 81 93 99 99 99 99 99 99 99 99 99 81 81 96 99 55 65 46 52 65 0 40 56 46 56 94 
99 99 88 78 99 99 99 91 84 99 99 99 99 84 82 84 99 85 87 99 99 99 99 91 99 99 99 99 91 99 85 87 99 81 81 99 76 99 99 99 50 36 56 35 39 54 0 45 33 60 99 
99 99 99 99 76 94 82 91 84 78 75 99 99 99 90 79 99 99 99 88 99 99 99 94 99 78 79 99 99 84 99 99 79 99 99 99 90 99 91 99 39 58 64 39 48 56 37 0 56 37 99 
99 99 99 99 99 99 99 99 99 99 99 99 99 91 79 99 99 94 99 99 99 99 99 88 90 99 99 84 99 99 99 99 99 94 99 99 99 99 99 99 34 66 41 40 61 47 66 44 0 42 99 
96 99 99 99 81 99 99 99 99 99 99 99 99 99 99 99 99 75 79 99 99 99 99 99 99 99 99 99 99 99 93 99 99 81 85 99 99 99 97 99 53 45 66 62 42 42 64 34 36 0 99 
75 99 99 79 99 99 99 84 78 99 99 84 99 99 99 94 99 99 99 99 99 99 99 99 94 99 82 99 99 99 87 99 99 99 96 99 99 99 99 84 99 99 99 99 99 79 99 99 85 99 0 
