n: 50
m: 4
Pi:U[1-99] 39 52 63 41 75 2 78 69 44 43 53 90 81 44 73 25 32 42 19 74 1 34 82 66 39 23 45 41 72 87 90 81 89 60 77 51 26 62 8 55 33 54 59 42 25 21 60 44 90 37 
Si:U[1-49]
0 2 19 44 34 33 3 41 6 37 36 39 45 33 4 39 1 14 11 45 14 48 27 39 47 31 48 47 38 4 16 10 34 6 41 31 38 31 3 35 31 27 17 17 35 20 19 22 36 11 32 
21 0 7 29 20 12 20 41 20 40 48 48 2 47 35 40 33 25 33 2 29 41 4 20 14 38 4 24 40 47 33 39 41 13 1 37 49 13 9 13 46 49 26 25 6 49 29 23 2 43 45 
13 38 0 22 3 21 1 33 20 7 46 47 5 23 28 34 48 28 31 41 15 47 7 21 35 44 31 16 46 19 30 21 5 47 40 18 32 44 36 33 23 19 13 12 47 43 8 47 31 38 32 
3 29 3 0 28 20 23 31 43 14 34 36 44 18 30 49 41 28 46 45 31 45 4 20 25 7 16 39 46 14 39 1 33 38 43 12 20 21 18 15 48 9 32 20 47 11 21 3 42 43 33 
10 38 24 13 0 11 30 6 21 42 34 2 42 16 6 18 14 5 27 30 17 16 3 33 39 45 9 10 39 21 22 1 49 46 44 20 25 30 17 28 18 33 10 16 24 12 40 40 29 27 7 
10 38 14 3 1 0 23 35 18 16 47 45 42 46 48 13 38 13 13 36 31 45 39 12 23 16 13 4 13 26 24 23 1 28 40 24 35 27 6 27 9 25 19 29 13 5 38 23 38 29 1 
7 10 21 9 21 11 0 13 10 46 38 15 36 47 12 32 32 49 23 10 28 17 8 45 45 38 43 17 32 12 23 31 19 26 48 6 8 30 49 6 5 5 24 12 25 25 4 7 3 47 25 
40 22 28 47 4 23 6 0 9 33 37 13 21 28 9 33 48 48 19 13 20 44 10 2 30 4 23 2 36 6 45 43 3 29 26 5 12 30 49 19 7 39 9 15 1 6 33 17 44 15 11 
3 9 40 38 49 24 20 1 0 26 44 26 30 6 12 11 24 39 40 15 45 7 41 14 27 23 32 12 10 1 13 23 49 18 4 9 34 42 40 49 29 13 6 32 22 42 4 25 19 43 33 
45 18 19 37 1 22 13 21 28 0 23 35 16 7 18 14 38 22 22 30 17 28 3 44 47 48 9 41 49 18 41 33 1 22 33 18 8 49 35 18 38 39 4 33 26 22 14 42 41 6 35 
1 22 45 22 37 27 10 24 4 46 0 35 15 5 35 11 37 32 18 9 41 24 25 21 48 13 4 33 27 3 18 7 17 18 42 16 16 24 49 42 15 13 12 38 28 31 46 47 1 27 19 
17 18 15 35 6 44 45 22 28 19 36 0 10 20 39 35 4 15 44 37 33 5 49 6 31 5 44 36 46 13 41 11 44 38 47 48 25 10 47 4 38 18 45 5 10 37 17 46 24 14 41 
46 21 2 13 18 42 49 33 28 37 46 26 0 12 11 28 13 12 38 30 14 44 18 21 10 42 49 8 18 37 1 25 27 1 14 17 1 11 9 31 3 47 45 7 12 16 38 4 37 37 46 
38 21 11 20 21 21 33 6 39 31 29 13 32 0 3 38 19 6 10 19 23 48 1 28 2 32 39 49 9 23 13 14 11 32 25 26 39 14 38 3 48 2 49 11 10 32 13 1 16 12 33 
19 25 18 2 7 6 47 46 30 28 15 29 23 46 0 44 38 18 43 30 29 39 17 34 41 36 43 40 3 1 27 23 11 19 25 24 18 7 16 34 4 21 22 45 49 42 1 26 9 5 9 
10 8 16 9 29 25 31 45 41 32 27 43 41 28 49 0 48 11 38 34 18 11 30 33 26 10 18 24 24 47 49 15 31 31 39 47 39 46 14 19 41 9 28 11 24 5 23 9 12 20 8 
49 48 16 49 47 41 38 30 41 6 40 6 28 32 43 41 0 29 21 29 48 42 22 30 7 34 20 20 49 48 13 48 2 14 28 4 18 25 6 2 23 5 1 30 26 43 28 23 46 48 49 
29 29 17 7 36 23 44 15 40 22 30 33 23 35 48 42 39 0 36 22 2 25 18 35 3 33 6 48 10 7 6 28 19 33 42 49 12 7 19 10 15 15 1 20 29 30 36 27 40 25 37 
11 24 20 39 24 20 43 40 3 24 41 8 43 19 34 47 37 10 0 27 45 26 29 32 8 24 34 20 49 19 20 45 26 24 5 39 35 32 37 24 20 41 12 44 17 31 44 46 3 20 5 
1 16 33 15 1 10 23 31 13 49 43 31 41 46 41 11 37 16 46 0 38 27 21 43 13 11 19 30 6 46 5 28 32 46 16 30 27 37 24 44 37 49 22 42 39 44 33 7 39 41 37 
43 46 5 46 33 47 15 9 23 24 44 37 47 22 37 1 10 9 24 49 0 38 38 24 24 4 18 3 45 35 25 19 36 4 42 38 20 18 28 15 44 25 4 13 26 25 39 12 48 20 11 
19 17 44 11 35 6 6 28 19 10 15 30 45 13 47 24 23 36 35 4 3 0 18 49 9 22 5 24 21 16 19 35 46 31 22 32 18 16 12 19 45 26 36 17 20 45 31 49 22 27 6 
8 21 7 31 48 2 30 9 49 7 18 1 48 36 6 6 23 26 38 15 10 8 0 49 3 36 33 29 9 15 38 14 1 42 34 33 19 46 17 5 40 9 36 5 10 16 1 15 16 14 26 
22 16 19 44 33 21 8 9 9 19 7 9 16 15 4 41 24 42 45 38 16 9 16 0 20 41 18 17 1 18 18 2 31 7 32 16 13 47 8 15 25 23 39 10 38 43 46 7 47 11 5 
22 48 46 44 12 43 10 31 18 33 15 12 2 42 35 10 46 1 36 40 22 41 12 45 0 36 33 24 34 19 32 44 11 14 19 23 27 28 34 40 21 48 1 33 14 2 7 27 35 44 43 
16 26 31 27 35 41 47 36 43 6 12 7 6 15 19 38 22 13 2 24 2 28 43 9 41 0 18 12 22 6 43 16 15 21 41 17 43 15 5 40 15 45 17 31 31 27 22 43 46 46 22 
33 6 15 22 28 11 4 7 25 18 38 8 20 49 22 24 37 3 29 40 37 11 4 17 16 47 0 17 15 43 32 21 29 21 36 46 12 35 7 47 43 11 31 26 32 22 28 32 22 14 21 
45 26 24 31 17 9 47 12 46 41 35 33 28 8 7 32 18 24 13 9 30 4 23 21 45 19 7 0 17 7 1 28 48 20 47 49 48 4 40 44 40 31 31 37 44 1 44 46 1 48 23 
33 26 20 8 38 42 7 2 36 47 7 15 25 33 41 44 45 32 45 46 28 2 12 26 39 15 37 24 0 21 24 43 21 15 10 9 9 15 14 41 15 14 38 1 23 24 41 47 3 13 22 
20 44 48 24 44 10 24 19 5 7 34 12 44 39 21 5 24 8 38 23 20 34 44 13 26 21 19 1 11 0 32 29 27 26 3 35 37 34 43 37 46 4 13 48 1 4 22 4 22 34 21 
13 5 32 22 39 45 22 27 4 34 38 9 47 48 11 17 26 33 30 13 40 5 5 39 19 29 15 6 1 40 0 40 14 36 41 36 26 31 15 12 23 19 21 42 14 9 38 23 49 34 11 
12 23 12 3 20 10 4 3 13 49 32 27 10 19 31 27 32 16 4 42 5 17 49 10 27 16 29 7 23 17 21 0 22 37 37 32 2 48 38 7 40 23 28 6 18 6 40 1 42 5 49 
15 17 12 15 6 46 14 20 6 37 19 8 28 48 15 1 48 24 48 48 37 15 1 21 21 13 30 18 44 35 22 35 0 45 35 26 10 15 7 31 43 25 41 35 9 49 46 26 42 12 14 
19 35 22 20 43 7 43 5 33 41 13 31 44 18 3 29 43 48 29 43 17 16 18 47 49 4 28 27 19 12 26 28 28 0 5 1 31 15 2 33 17 3 28 47 14 32 29 44 38 28 34 
20 17 41 14 48 1 44 40 23 42 27 34 14 25 24 31 3 38 11 17 47 47 21 45 20 29 4 45 10 26 15 2 31 43 0 15 46 8 46 3 8 21 28 35 48 3 43 31 38 39 31 
33 11 26 29 30 40 25 39 35 48 11 5 32 38 23 21 38 13 5 46 40 9 3 15 30 6 1 4 37 22 13 11 29 20 7 0 35 20 36 38 18 43 17 21 3 38 38 11 15 35 2 
20 12 8 10 30 25 7 27 44 26 33 35 2 32 46 39 31 23 4 31 45 31 41 18 19 37 48 43 25 29 44 20 49 30 35 48 0 43 6 13 3 38 18 5 39 39 2 9 14 24 36 
4 43 38 24 47 1 1 36 31 15 13 2 38 15 6 4 16 28 23 17 34 33 39 47 46 37 36 24 28 13 19 30 45 32 28 15 20 0 15 31 6 39 27 29 11 1 25 46 19 14 42 
25 12 26 15 21 29 42 33 2 21 14 47 47 42 38 9 7 22 32 31 13 44 21 38 26 32 36 23 38 37 3 15 25 5 46 9 43 35 0 14 2 44 7 20 19 37 33 5 21 41 12 
27 49 5 22 29 5 13 45 21 15 11 36 36 1 8 49 8 34 5 35 2 23 5 21 46 11 15 1 19 40 36 46 43 44 14 11 16 42 6 0 27 11 31 6 31 22 19 38 20 46 34 
4 28 19 25 46 38 32 47 23 20 45 41 37 44 27 15 17 26 48 45 19 6 35 18 3 17 43 38 3 2 11 8 30 7 16 23 26 37 40 3 0 43 34 41 29 15 45 18 48 22 37 
44 37 4 25 28 28 42 34 45 44 40 12 45 11 21 20 9 34 2 8 4 36 39 16 25 8 30 37 26 8 26 44 38 17 19 37 49 7 29 48 1 0 44 13 11 5 6 25 49 10 10 
18 16 9 46 14 14 26 27 29 12 35 33 12 32 37 33 39 29 20 30 14 29 26 24 43 38 24 39 13 23 2 3 43 24 10 2 43 38 36 19 18 19 0 26 37 47 38 2 36 42 37 
31 21 17 7 33 9 19 27 7 41 23 38 28 27 18 3 23 40 47 39 25 11 21 11 1 9 18 12 47 40 8 34 24 27 48 46 28 15 47 46 47 29 31 0 15 19 30 44 8 10 40 
14 9 40 27 40 22 3 19 12 23 21 45 1 23 7 20 30 48 44 7 29 22 9 17 11 1 33 23 41 2 14 35 30 34 43 26 39 38 14 43 26 12 30 31 0 40 34 43 45 8 6 
17 11 28 33 15 23 47 39 4 40 39 40 21 44 47 44 19 22 21 26 47 38 12 36 7 45 11 10 35 10 20 17 6 19 1 42 9 37 27 11 6 26 10 8 4 0 38 2 28 5 23 
24 11 48 24 33 4 18 44 33 42 25 35 39 40 26 39 14 36 38 38 4 27 21 13 29 14 24 43 32 32 46 9 5 2 30 22 25 7 14 6 17 49 2 43 6 10 0 5 49 35 1 
6 29 21 27 2 12 21 29 41 2 6 14 26 19 49 36 12 2 25 32 32 3 39 21 20 48 43 5 11 41 24 46 26 13 29 10 14 9 18 7 10 7 10 36 18 15 25 0 28 28 24 
14 36 7 9 6 40 20 22 35 30 39 40 36 35 7 17 20 30 49 20 11 31 9 25 11 22 2 18 43 16 32 49 24 40 14 22 5 40 16 23 18 21 17 48 15 30 22 43 0 15 8 
13 6 29 48 17 9 36 33 4 44 21 39 31 32 35 38 40 46 45 1 8 29 45 14 30 9 23 24 12 30 41 44 4 12 34 20 47 2 6 2 48 40 8 15 41 8 41 19 15 0 5 
45 28 30 15 43 31 37 17 19 48 8 28 12 39 26 6 42 3 18 49 23 43 36 20 47 34 2 30 34 19 31 10 25 39 15 8 32 7 23 43 9 40 48 10 48 36 24 17 5 16 0 
