n: 50
m: 4
Pi:U[1-99] 45 27 9 36 60 6 86 7 22 40 81 80 7 60 76 81 41 90 52 22 19 22 12 18 15 13 56 78 42 79 23 44 21 44 75 66 28 26 36 26 9 25 19 27 71 54 33 94 58 98 
Si:U[1-49]
0 24 16 10 24 26 22 6 30 13 49 49 3 42 49 12 21 34 48 43 48 12 49 18 39 12 34 6 49 27 49 4 39 49 45 49 49 15 7 49 13 49 46 18 10 9 43 39 3 6 49 
15 0 7 27 32 8 0 1 8 10 25 49 49 37 49 49 49 40 42 37 49 31 37 39 49 49 48 43 49 49 39 48 49 39 49 34 31 49 49 46 10 22 6 49 1 21 40 49 36 33 27 
29 23 0 19 31 20 4 22 4 16 10 9 6 43 24 3 49 45 21 49 45 18 28 49 13 19 33 28 49 9 12 49 36 21 49 33 1 49 18 49 3 1 30 49 36 7 25 19 1 49 49 
1 4 8 0 24 10 20 17 26 4 24 10 49 48 30 49 49 22 30 15 49 3 49 33 49 31 42 30 49 49 40 30 19 43 49 30 49 31 49 31 49 10 49 33 13 49 45 48 21 49 6 
19 21 18 20 0 8 22 22 1 13 7 46 49 12 27 49 31 31 42 49 49 49 49 16 48 49 18 4 16 22 15 49 7 42 49 12 31 49 49 3 30 49 37 13 48 12 25 6 49 15 19 
28 29 16 16 23 0 10 8 2 14 49 36 46 49 31 49 13 21 49 31 49 49 15 21 25 43 18 40 25 49 25 31 40 9 21 36 42 39 3 49 34 45 39 49 24 12 46 19 49 13 19 
24 23 10 18 8 32 0 2 28 13 49 46 31 6 34 42 49 33 7 43 49 9 49 34 49 36 49 49 49 49 49 42 49 16 49 25 13 21 36 48 25 18 49 49 49 49 49 45 25 49 49 
29 19 17 8 18 11 20 0 10 14 49 49 9 15 45 13 30 19 12 24 3 49 30 43 1 4 12 49 21 49 10 9 6 49 49 49 25 9 42 45 31 49 49 49 49 49 12 49 37 24 40 
13 6 30 4 9 21 20 18 0 6 49 6 49 16 49 49 49 33 49 36 49 39 49 49 37 49 45 27 16 49 13 42 45 49 6 42 10 24 49 43 49 48 49 49 49 37 49 12 49 3 45 
9 14 4 9 28 15 17 12 13 0 6 19 49 24 7 45 49 13 28 46 46 49 48 15 42 36 15 4 49 6 49 49 7 49 48 46 24 49 21 46 49 1 9 40 4 12 49 49 48 49 49 
25 13 13 49 36 4 3 49 49 22 0 4 29 12 26 26 8 6 6 18 49 33 49 18 9 49 19 16 45 42 49 49 31 31 12 49 49 30 19 19 42 36 49 7 15 21 24 15 28 3 10 
7 49 31 12 49 28 49 49 27 31 30 0 22 28 16 14 12 11 4 12 49 49 6 36 15 22 25 37 49 49 10 49 9 49 42 45 49 13 16 49 49 40 16 40 3 1 30 37 3 30 49 
45 39 43 25 49 9 9 18 28 49 21 6 0 30 5 26 24 20 32 13 21 9 49 49 10 16 48 28 43 49 18 10 22 33 9 49 39 49 18 25 18 7 40 42 7 25 49 7 43 49 18 
49 19 6 49 6 49 7 13 10 12 28 29 21 0 20 30 23 0 25 30 9 37 9 37 15 25 24 49 49 46 1 49 45 49 49 42 46 25 3 10 21 7 1 49 25 49 49 39 42 22 9 
49 7 19 13 49 21 7 22 49 37 17 26 11 29 0 10 10 2 2 32 33 31 22 37 40 3 49 15 4 4 49 49 34 33 49 49 49 39 46 48 9 49 39 34 46 49 39 49 49 27 49 
33 49 49 22 49 49 49 49 31 46 4 4 19 22 25 0 19 27 5 13 49 3 49 49 1 49 49 43 49 49 18 3 15 49 49 33 16 49 49 21 7 40 19 22 49 49 39 37 22 49 49 
22 49 42 49 49 18 7 10 48 43 12 20 10 12 11 2 0 26 32 10 28 49 49 39 34 28 28 24 49 49 49 40 40 21 49 43 33 49 46 42 30 1 31 16 18 19 30 42 25 9 49 
42 3 43 39 49 49 40 3 27 21 10 19 1 1 32 20 22 0 26 3 1 34 12 37 30 7 18 24 1 25 49 13 49 30 49 49 13 1 21 49 42 15 21 33 49 49 49 10 49 46 10 
49 19 24 42 49 49 9 27 49 12 17 17 32 10 28 10 10 0 0 19 39 31 49 4 22 40 49 30 39 19 33 49 6 42 49 49 48 18 15 49 49 49 49 6 49 49 49 30 37 31 18 
18 49 9 25 48 46 22 49 33 31 30 25 2 24 6 31 16 30 8 0 40 42 49 21 39 7 45 49 21 49 40 22 49 22 27 30 39 31 43 49 25 46 3 7 49 49 46 49 45 10 25 
49 34 49 45 33 34 49 49 48 49 46 36 49 46 25 49 46 49 49 4 0 17 30 6 3 1 20 2 16 30 27 34 49 25 49 49 49 49 25 10 48 16 49 49 19 49 18 7 49 49 15 
19 13 15 43 49 4 37 45 49 49 21 27 49 3 4 24 15 36 6 49 20 0 23 14 32 27 6 17 28 20 25 15 9 49 1 49 43 9 7 27 49 37 6 18 40 49 16 10 49 10 49 
3 49 36 16 15 31 10 45 6 27 30 49 31 18 33 49 24 36 13 13 16 29 0 18 8 22 24 31 16 5 49 3 49 42 7 49 40 6 49 49 16 49 49 4 49 49 6 7 19 6 49 
49 12 49 49 48 37 43 49 3 22 27 49 12 22 48 49 19 49 46 40 6 1 24 0 22 8 10 30 10 28 10 18 49 10 49 9 49 21 12 49 9 42 49 34 25 19 45 39 49 36 49 
49 49 40 4 28 49 46 40 19 33 49 31 49 48 49 49 16 48 49 21 28 10 8 24 0 32 13 13 28 29 49 7 34 42 49 39 27 49 49 6 24 49 37 49 33 10 34 45 49 49 49 
49 49 24 24 28 42 49 21 3 48 49 49 46 46 49 24 6 49 39 49 22 30 30 9 30 0 10 2 21 8 49 9 43 48 48 13 3 15 49 49 1 1 34 10 36 6 49 33 49 49 49 
49 49 49 39 49 40 49 48 49 13 49 39 1 45 22 43 37 24 22 49 19 32 0 20 8 24 0 2 28 14 49 33 34 49 46 4 4 25 27 49 49 36 49 39 43 9 49 10 49 18 49 
49 34 48 45 49 46 3 21 49 36 49 49 12 31 24 16 40 12 12 49 15 12 8 32 26 19 1 0 2 30 49 3 49 37 49 22 33 12 45 42 39 49 10 18 1 6 28 42 49 7 49 
24 49 46 15 49 9 42 9 31 49 9 28 49 13 49 49 24 49 33 49 16 2 29 20 8 26 9 16 0 12 48 33 49 6 27 49 1 43 49 31 42 30 1 49 39 24 19 49 49 22 49 
16 28 49 49 49 49 37 19 30 28 34 48 49 49 37 10 49 10 49 49 30 1 26 30 26 13 9 5 21 0 49 13 25 49 13 40 49 39 19 49 36 36 6 27 15 49 49 37 27 49 43 
28 1 49 49 21 49 49 24 49 4 49 12 49 48 49 34 18 19 19 49 36 49 3 37 49 46 49 48 22 1 0 29 32 16 12 21 21 21 10 0 36 12 42 34 39 49 12 49 12 49 1 
9 42 13 49 49 49 49 49 10 33 49 49 22 43 28 49 27 9 30 4 37 4 33 24 49 16 45 40 31 48 32 0 8 24 24 4 28 13 26 4 16 39 10 49 3 28 37 49 40 28 49 
30 25 49 34 22 36 49 21 48 34 49 37 49 45 42 18 30 21 24 22 43 10 1 49 25 22 37 16 28 42 0 3 0 31 22 8 0 26 18 4 49 49 49 46 21 49 1 10 6 30 18 
48 45 49 36 49 49 15 31 49 31 31 49 49 49 18 18 22 49 25 40 49 34 49 40 49 49 15 49 49 49 25 27 14 0 0 22 30 26 13 14 7 49 33 22 37 39 34 34 39 36 13 
49 49 40 40 49 49 24 40 4 49 40 19 34 19 49 1 49 21 49 45 49 3 30 45 36 33 49 28 40 21 28 28 22 13 0 7 17 16 22 30 13 36 49 49 15 28 49 40 49 49 39 
22 37 18 48 49 49 39 3 28 4 9 6 49 19 37 49 45 45 48 49 49 28 16 49 49 9 49 40 49 6 22 20 11 10 11 0 28 31 18 12 49 18 25 49 49 9 25 48 16 49 3 
4 49 49 48 49 42 49 49 6 49 49 7 49 49 49 39 49 49 49 25 1 15 49 16 33 43 49 49 22 49 2 14 21 10 18 27 0 32 1 18 49 49 45 10 9 16 49 49 46 49 36 
49 24 49 49 49 10 7 49 49 24 30 27 21 39 28 31 49 49 49 48 49 49 19 49 40 31 46 49 46 49 20 22 26 14 32 17 10 0 18 21 49 21 48 46 49 45 9 49 42 46 49 
10 49 49 30 43 48 3 33 40 49 48 49 31 25 4 49 15 27 49 49 25 37 49 31 49 49 49 34 34 4 30 17 14 16 2 8 32 28 0 5 39 49 37 9 13 45 30 49 22 48 42 
49 49 6 49 49 49 22 3 43 16 7 33 49 49 49 6 49 28 4 49 49 1 33 25 6 40 37 49 4 22 19 3 26 18 24 29 10 10 6 0 18 45 49 4 49 3 42 49 1 40 18 
33 30 49 25 45 49 4 31 27 49 49 49 49 30 49 1 49 49 49 49 49 3 13 49 49 49 49 9 49 49 49 4 49 30 36 49 43 24 34 43 0 29 29 27 28 30 0 2 26 10 49 
49 18 34 18 40 3 1 37 49 49 6 49 49 9 12 46 30 21 49 37 3 45 49 49 49 12 34 9 49 43 49 27 22 13 39 49 49 13 49 39 12 0 10 32 27 27 10 26 9 22 49 
49 25 18 49 12 46 49 37 13 4 25 4 43 49 49 22 3 46 4 49 49 18 45 36 49 45 49 25 12 28 49 43 46 7 22 25 49 30 25 49 8 16 0 26 23 26 22 5 11 9 28 
28 49 19 49 42 7 15 39 12 30 40 40 12 34 43 10 31 49 49 21 13 46 6 27 49 24 39 49 46 49 49 49 46 25 30 49 19 6 21 3 22 24 28 0 0 22 10 29 9 23 13 
1 22 24 49 48 49 37 42 33 12 7 10 49 33 12 45 49 49 49 13 16 18 49 49 49 49 37 28 25 49 49 24 46 49 49 12 21 42 49 49 4 25 13 13 0 24 11 4 17 22 49 
12 49 10 37 34 45 30 4 16 39 43 49 49 3 46 49 4 30 49 15 1 27 49 49 18 46 10 49 3 27 31 12 9 39 19 4 3 49 18 27 22 6 8 0 6 0 30 24 0 16 19 
12 49 43 49 49 7 33 7 49 42 49 36 49 7 12 49 40 45 49 49 9 39 25 33 1 13 40 16 4 49 21 49 49 36 24 18 19 7 49 15 9 7 6 28 32 2 0 4 24 12 49 
49 24 48 49 22 39 27 1 42 49 22 10 30 49 30 49 4 49 16 18 49 49 49 49 48 49 49 49 43 19 15 49 49 46 36 7 34 30 49 25 16 4 19 20 21 22 14 0 20 23 49 
10 49 49 49 49 31 49 15 22 31 27 33 19 1 46 49 49 42 49 22 49 30 30 22 49 49 10 25 49 49 46 49 36 13 3 15 37 10 21 46 10 2 24 11 14 6 4 9 0 24 31 
18 49 15 49 22 40 49 10 43 49 37 37 49 6 1 48 45 49 49 33 46 13 49 37 36 4 39 25 49 37 24 16 43 37 27 49 10 7 49 49 7 17 5 15 30 31 4 6 23 0 27 
9 31 49 46 28 22 48 49 49 37 28 33 4 49 16 24 43 49 27 46 22 49 46 49 37 19 49 46 45 6 27 10 39 30 13 37 27 46 1 48 49 46 22 46 33 9 36 27 15 49 0 
