n: 50
m: 4
Pi:U[1-99] 30 76 80 1 67 71 31 29 16 4 78 4 63 56 62 6 91 8 24 58 15 70 38 19 31 33 47 96 27 40 90 86 8 6 90 87 97 92 13 14 78 40 64 95 90 41 80 18 70 47 
Si:U[50-99]
0 63 91 95 75 59 73 91 96 51 79 58 87 91 56 80 59 75 97 84 79 62 90 88 72 81 93 95 84 60 93 85 88 84 99 73 90 83 56 77 75 55 80 70 89 72 71 68 89 95 95 
97 0 86 89 72 55 55 97 60 85 71 86 94 69 80 74 59 59 52 74 75 80 84 90 89 79 72 83 74 80 79 74 98 59 71 59 78 82 64 51 57 76 59 66 92 72 64 51 76 96 61 
97 58 0 66 57 91 60 64 52 56 79 62 89 78 54 76 83 57 55 69 93 95 98 55 54 66 87 66 77 72 73 88 75 52 76 60 91 98 97 66 70 78 71 88 56 87 92 84 77 70 65 
63 84 88 0 51 97 86 63 61 69 59 63 92 58 76 59 50 61 53 82 94 73 92 72 62 61 57 87 72 93 62 70 59 83 82 85 63 69 61 56 54 77 83 78 52 72 96 58 98 59 50 
59 59 74 72 0 78 90 84 61 95 75 93 82 79 78 76 52 73 99 52 84 73 59 82 92 78 86 63 91 60 81 84 59 70 98 83 51 69 63 56 87 91 59 71 88 90 72 68 54 83 86 
80 50 98 74 74 0 85 64 80 53 77 95 71 97 99 56 52 82 80 88 60 94 65 65 53 78 58 96 75 71 89 88 93 82 59 58 63 95 86 62 95 85 70 67 62 88 90 91 81 84 94 
64 71 79 81 50 82 0 88 92 81 65 57 89 98 71 59 91 76 60 53 75 82 68 57 98 59 70 99 75 73 62 64 78 50 58 57 95 89 93 85 67 97 59 75 81 98 89 75 56 58 54 
93 76 56 96 61 58 92 0 91 83 84 90 51 82 68 73 99 51 83 76 96 72 82 64 93 93 66 97 51 71 56 71 98 96 88 54 69 65 89 68 97 58 89 67 57 73 80 94 58 51 68 
81 76 99 80 84 75 55 64 0 68 62 88 60 64 66 91 65 76 95 97 83 62 61 71 80 84 96 91 56 62 85 66 92 64 66 95 99 64 98 93 66 87 69 55 55 81 92 60 86 55 79 
79 55 60 93 92 54 64 63 84 0 74 81 89 97 86 57 59 56 84 87 67 62 60 86 63 85 87 98 77 65 51 97 54 77 79 64 53 91 77 96 99 60 62 50 53 55 72 80 87 81 64 
82 74 89 87 90 84 69 52 78 57 0 88 61 63 99 90 64 52 63 55 95 51 82 84 62 76 80 91 73 98 64 75 65 59 97 77 86 79 83 81 79 75 98 68 86 51 98 66 74 76 75 
81 67 95 71 90 61 78 92 90 60 85 0 99 85 84 70 97 86 74 52 89 97 95 95 84 97 87 67 77 79 94 71 97 92 87 97 59 69 75 59 71 82 64 95 86 64 90 80 82 88 73 
61 73 77 69 91 88 56 92 76 75 82 73 0 95 84 79 93 85 88 94 59 87 68 67 58 64 97 72 52 74 63 61 72 88 86 66 70 62 52 50 68 87 75 79 61 61 72 91 83 50 75 
75 57 67 97 87 80 70 83 99 81 78 59 70 0 68 52 77 59 95 86 81 65 78 64 56 83 52 62 91 75 55 95 80 70 59 79 92 52 62 99 86 52 50 65 80 66 97 99 91 83 97 
86 78 67 60 63 50 58 56 73 54 67 57 84 73 0 73 94 59 98 55 52 80 65 84 92 59 99 80 68 88 93 95 76 84 93 95 77 68 89 87 52 97 72 75 89 52 70 73 71 91 66 
54 86 74 59 93 76 52 88 98 82 83 74 78 60 63 0 63 93 84 72 92 90 96 76 64 81 64 75 70 60 99 56 79 71 75 91 76 89 93 69 71 70 71 68 94 74 97 93 90 50 79 
97 69 64 82 77 67 86 71 67 70 50 91 93 88 78 59 0 63 94 84 58 76 65 92 62 50 81 55 75 89 82 56 60 75 65 54 93 94 94 54 72 69 84 91 59 67 58 87 67 72 54 
78 98 82 71 73 75 64 75 58 62 99 74 99 68 58 57 72 0 60 74 76 92 97 85 73 92 77 65 99 63 82 65 64 93 76 90 93 78 81 77 62 94 92 68 98 52 87 54 77 68 87 
98 68 89 61 86 97 85 77 62 90 57 59 99 85 63 96 81 59 0 83 63 70 89 67 77 53 60 66 50 59 75 97 77 70 98 75 77 96 52 95 97 63 72 98 93 92 95 88 74 98 85 
99 61 74 81 57 51 72 98 67 84 97 67 75 73 71 81 85 92 90 0 55 62 70 68 89 86 58 88 64 50 67 92 71 96 68 75 90 91 51 88 76 61 86 64 63 61 98 87 88 87 66 
82 57 98 97 55 93 90 61 69 53 77 66 62 63 93 62 83 50 70 68 0 70 54 50 85 74 92 88 74 82 95 64 86 68 50 92 75 53 91 91 60 71 94 95 50 64 57 90 51 85 70 
78 87 79 82 84 80 60 94 54 57 63 67 57 52 72 51 93 85 75 99 74 0 88 93 72 58 52 54 59 57 51 54 50 88 55 54 86 53 82 76 60 89 84 57 70 83 78 68 59 76 62 
76 85 96 98 76 64 86 87 89 68 80 70 53 77 89 75 83 50 58 53 92 65 0 94 71 79 92 62 73 57 73 51 65 95 72 76 63 93 88 91 94 63 84 78 59 93 68 86 60 66 57 
72 53 87 74 92 99 66 52 79 74 60 81 88 64 58 62 84 99 72 93 69 87 52 0 99 77 99 80 50 61 65 77 58 85 55 96 78 85 54 83 67 76 80 95 72 64 79 70 96 51 51 
79 79 93 76 63 71 60 67 58 51 74 55 84 54 73 71 56 56 80 96 58 50 95 59 0 95 74 63 78 81 86 91 94 79 78 93 73 82 77 91 85 89 64 85 82 89 91 76 98 51 87 
78 78 56 57 51 77 54 86 85 76 52 54 50 71 74 59 81 75 89 54 99 52 75 78 68 0 53 76 77 84 62 54 75 86 65 92 70 92 65 72 50 73 72 64 90 88 87 93 57 63 94 
68 57 50 56 87 95 81 72 71 88 98 75 89 97 98 59 60 93 97 84 53 68 99 52 92 70 0 99 76 99 64 84 52 77 55 56 64 76 66 50 79 56 88 89 61 62 55 86 71 90 90 
83 92 80 60 68 65 97 88 66 63 76 95 94 91 60 91 96 85 96 85 53 65 60 58 52 91 73 0 95 93 59 70 90 86 53 89 65 61 51 89 83 57 60 53 97 56 75 50 61 62 80 
69 98 91 82 54 97 66 96 74 56 91 82 69 90 94 74 75 51 72 87 66 87 95 84 94 86 69 72 0 94 85 92 96 55 56 87 81 75 62 97 52 89 68 77 84 63 89 51 74 77 69 
71 80 85 72 86 87 83 67 52 56 69 84 55 51 82 80 69 61 90 67 94 82 74 80 59 72 97 85 88 0 91 77 92 54 75 73 51 82 93 72 78 72 72 89 51 69 55 53 74 96 83 
68 89 65 84 94 75 61 85 70 68 66 78 64 50 57 62 89 91 51 64 60 90 90 88 66 77 86 91 81 57 0 96 85 98 54 82 74 69 77 99 88 61 93 86 66 66 80 81 83 90 76 
69 52 97 88 90 95 95 60 57 66 93 84 55 61 53 60 55 68 87 64 99 93 55 63 74 86 95 51 56 54 58 0 89 65 59 78 62 80 58 74 85 61 97 52 71 67 83 79 67 62 74 
52 92 68 84 97 82 91 57 56 79 83 79 50 61 74 56 94 58 59 63 79 86 92 78 59 92 58 55 96 69 79 78 0 99 82 74 82 93 51 76 81 58 62 67 70 91 70 95 84 53 60 
89 69 84 61 54 94 81 67 76 88 74 68 86 69 56 63 81 79 61 97 76 65 58 88 58 87 62 51 66 98 72 78 88 0 71 53 70 96 74 63 52 78 78 53 60 57 94 95 79 83 81 
59 92 59 69 67 60 78 63 57 63 81 97 98 54 93 60 66 75 96 92 95 98 95 67 88 86 67 64 72 72 78 98 72 52 0 88 71 68 95 58 67 63 56 55 84 89 56 51 51 61 87 
51 97 59 82 88 80 63 96 52 81 78 61 50 61 68 94 70 84 59 90 66 61 92 60 54 57 93 53 72 75 68 77 93 67 61 0 50 62 83 59 51 82 61 97 74 71 57 87 97 76 66 
66 85 69 59 80 88 82 53 83 80 83 78 87 71 51 60 76 96 73 75 71 83 93 83 90 62 68 80 51 84 78 57 69 51 76 99 0 75 69 76 86 73 61 92 76 84 95 60 94 91 59 
97 71 68 59 89 53 66 95 92 79 52 51 68 57 91 86 70 70 53 67 88 89 68 80 61 78 53 67 56 61 92 64 97 74 60 84 56 0 66 79 97 68 79 94 89 75 84 68 93 80 77 
58 71 51 79 92 90 52 71 96 76 85 74 59 61 54 84 82 80 81 57 69 56 56 83 71 55 76 57 51 94 82 69 78 65 68 75 84 77 0 61 89 57 61 97 94 55 83 90 71 56 79 
56 56 85 51 71 83 75 94 59 71 75 68 63 77 78 86 92 74 98 77 64 92 93 76 63 55 77 78 88 85 68 71 66 80 79 55 67 66 56 0 52 56 93 59 85 67 89 55 58 52 52 
93 80 53 92 67 76 87 93 91 82 51 54 80 75 94 62 94 86 93 84 52 86 50 56 65 70 81 88 62 57 58 85 99 50 54 98 73 81 62 83 0 79 68 71 76 65 86 66 75 97 73 
83 72 99 61 85 64 83 56 63 69 74 65 99 95 62 70 89 68 70 85 97 94 74 56 62 52 86 95 79 74 96 55 87 98 83 67 62 84 86 60 59 0 59 89 58 81 72 80 69 51 59 
62 55 51 52 89 61 66 71 59 57 63 52 59 64 58 60 86 94 78 54 96 97 57 73 50 83 57 93 99 67 55 94 78 55 53 56 83 57 88 66 61 69 0 52 53 58 85 78 68 75 96 
83 63 79 58 76 91 86 81 68 55 93 58 94 59 74 51 65 89 99 76 96 90 96 52 73 89 87 71 65 50 72 93 88 90 60 51 52 52 50 88 96 95 87 0 74 52 90 54 58 68 64 
54 50 73 60 55 91 82 63 72 90 56 66 72 54 56 76 84 63 97 50 64 60 77 58 74 99 87 92 72 92 73 54 80 78 62 54 90 54 92 82 59 77 60 62 0 58 59 56 92 98 79 
74 87 91 52 69 96 57 65 90 96 55 77 97 53 85 73 65 79 65 69 92 54 67 90 90 81 81 61 51 84 65 89 65 81 75 85 76 71 70 51 67 58 91 52 80 0 85 90 80 56 97 
93 83 65 80 56 83 58 74 88 65 57 87 67 86 93 74 60 62 84 52 74 77 73 75 63 97 67 91 85 99 83 82 86 80 90 91 80 85 95 60 56 98 85 70 52 98 0 81 63 98 86 
72 90 91 75 66 99 97 95 61 69 53 66 53 89 89 93 65 74 94 58 65 83 81 97 55 76 96 61 75 89 88 63 73 93 70 76 80 82 89 79 97 95 84 79 94 63 61 0 55 55 59 
62 76 81 82 57 57 98 90 66 70 78 53 68 95 74 69 95 73 75 58 58 72 61 82 98 66 86 65 57 82 86 56 96 72 70 83 87 72 63 64 64 75 55 79 71 77 82 78 0 67 77 
61 94 80 74 57 68 61 69 62 76 94 59 94 60 95 62 99 53 73 94 85 72 58 56 74 58 98 72 97 66 69 78 67 88 99 94 93 67 99 66 51 75 90 70 76 65 70 98 66 0 84 
95 78 78 99 66 81 80 70 68 72 92 62 92 99 55 85 67 93 85 63 71 95 67 95 55 70 92 72 71 98 97 50 87 80 86 76 96 57 79 61 94 64 67 53 67 84 87 87 64 73 0 
