n: 50
m: 6
Pi:U[1-99] 63 82 32 56 79 60 8 82 25 71 93 99 78 73 70 70 2 75 69 98 79 17 21 66 85 81 89 80 88 46 71 14 55 36 22 58 87 33 56 44 83 15 90 44 70 29 54 72 81 38 
Si:U[1-99]
0 7 89 36 39 38 58 58 6 32 75 12 63 29 26 62 87 45 64 31 12 62 39 89 7 19 52 97 11 7 59 55 5 80 22 87 97 71 15 6 42 30 44 86 12 25 7 13 35 86 36 
71 0 40 12 80 99 16 38 83 62 58 64 95 14 75 41 32 94 88 88 21 46 32 5 45 57 75 73 63 52 62 56 33 80 38 74 92 24 81 97 52 82 49 75 79 17 99 51 46 80 7 
50 12 0 80 47 59 62 56 96 14 1 50 29 9 78 51 23 22 45 3 7 2 77 73 76 45 31 41 72 21 36 13 45 7 9 26 75 23 8 79 87 81 65 85 36 3 63 87 47 29 10 
54 20 62 0 83 94 19 74 83 20 30 80 7 38 26 51 28 94 31 96 43 35 74 8 84 22 72 70 54 58 17 52 86 23 38 18 28 30 37 13 22 51 92 47 90 24 72 49 54 46 53 
21 75 54 89 0 3 50 72 90 55 26 42 66 29 24 39 63 38 17 17 1 55 15 58 62 53 25 97 56 96 69 72 6 5 88 98 76 96 83 73 6 60 25 75 50 99 69 61 88 15 39 
78 66 69 36 31 0 2 53 9 1 93 88 32 5 83 4 26 70 59 63 75 72 57 2 90 15 45 70 29 48 5 8 56 91 42 70 56 81 45 89 85 50 53 76 51 67 92 30 58 2 87 
34 38 89 29 8 37 0 12 95 36 55 50 31 72 20 94 50 68 33 10 35 89 4 88 35 18 80 17 42 41 87 92 18 33 72 71 16 52 62 25 83 92 36 69 3 55 87 30 97 90 55 
52 61 68 5 70 70 26 0 55 46 36 90 6 2 52 49 21 52 60 33 21 6 2 43 13 31 68 59 67 19 19 30 13 16 1 54 57 66 85 77 60 92 74 56 77 48 87 37 11 3 41 
15 57 49 16 76 73 30 22 0 66 78 48 57 93 11 79 58 49 42 90 19 30 6 92 30 83 8 95 42 3 74 29 77 5 20 2 2 33 41 94 13 46 56 15 25 88 23 92 86 27 86 
79 68 18 31 6 80 96 93 46 0 53 14 95 19 96 79 17 65 97 3 33 34 3 51 96 36 22 72 91 66 45 99 72 14 98 40 49 19 50 83 48 59 85 54 45 99 86 21 47 81 1 
59 4 96 1 9 3 52 83 69 55 0 17 24 81 21 58 64 74 75 75 33 9 31 12 22 26 45 91 9 84 62 21 18 59 61 68 19 3 4 62 34 92 90 56 30 70 80 81 22 43 53 
85 38 94 10 30 19 72 85 97 46 21 0 40 54 1 92 6 50 52 46 23 8 70 28 59 61 20 77 29 90 44 26 34 2 68 40 9 94 76 9 45 32 58 32 41 95 4 22 75 96 43 
68 31 4 27 61 13 98 56 69 56 14 78 0 51 96 19 7 87 70 25 72 13 10 42 75 20 29 79 49 33 64 26 40 28 22 63 38 36 74 65 28 99 21 55 48 42 8 51 2 79 67 
2 86 10 66 88 5 35 10 74 75 47 95 67 0 98 22 59 87 12 7 70 8 9 57 56 47 40 87 46 91 59 84 61 56 57 28 32 43 80 65 43 91 63 13 51 62 70 96 60 64 62 
40 46 73 8 47 8 74 81 39 18 21 44 96 96 0 49 95 5 35 50 32 25 44 17 66 70 55 65 56 10 92 36 88 87 75 67 67 23 58 26 36 37 77 59 74 4 3 76 49 32 83 
42 22 41 33 16 93 13 91 33 66 38 69 15 22 20 0 96 75 82 67 23 11 13 32 10 93 82 35 9 27 99 9 28 53 39 25 75 58 42 4 32 99 87 61 60 97 52 88 10 13 23 
30 90 82 56 13 23 62 94 73 87 43 81 5 8 79 76 0 17 6 14 41 25 33 60 62 46 14 24 42 88 34 33 12 41 68 35 12 29 85 81 36 76 81 63 15 70 2 13 92 92 23 
43 34 1 84 69 79 39 99 42 34 43 70 43 88 62 16 47 0 43 35 6 71 76 94 28 7 72 91 3 60 67 83 60 2 92 72 48 29 51 52 7 91 21 43 85 68 50 46 21 79 37 
21 60 19 82 42 29 21 64 11 90 65 35 93 99 62 53 72 6 0 99 56 24 12 34 69 21 31 77 97 91 4 79 33 62 52 2 45 95 11 91 76 52 88 5 41 71 36 91 62 40 91 
94 67 84 42 51 14 28 17 12 77 41 8 57 17 81 7 80 79 74 0 3 57 20 38 95 52 46 41 70 69 56 54 73 89 29 95 2 50 98 29 22 82 98 67 80 23 71 1 98 1 62 
28 85 18 10 2 87 71 13 26 76 15 48 42 70 56 10 98 9 55 16 0 95 69 62 71 5 46 43 83 59 45 34 89 53 85 28 8 37 26 72 65 72 43 61 43 42 87 51 34 46 87 
87 7 4 1 38 20 95 53 49 25 58 8 30 77 12 71 23 31 10 95 94 0 5 8 50 27 20 37 88 13 77 91 6 41 44 85 9 60 33 95 52 31 95 30 55 23 14 75 55 82 62 
17 51 84 78 22 51 1 70 13 35 5 20 68 28 45 86 64 10 52 90 88 91 0 52 48 2 82 65 6 10 39 61 59 66 92 49 3 44 16 4 56 20 70 86 76 35 78 71 32 97 62 
9 19 15 2 85 14 10 20 67 20 10 82 31 75 72 51 55 8 34 46 32 72 40 0 88 52 54 44 92 92 52 12 25 41 38 10 38 94 18 2 79 59 73 89 73 86 49 37 61 19 30 
90 22 41 86 8 15 25 68 75 83 30 42 67 41 42 27 34 68 56 59 25 95 2 64 0 79 67 23 76 43 75 95 66 87 88 69 33 35 3 55 78 45 20 62 62 67 84 74 2 31 20 
23 72 44 89 28 37 79 40 94 60 7 52 6 94 79 14 70 92 29 42 69 12 40 18 25 0 15 67 21 15 43 22 69 4 39 66 90 25 23 39 39 54 6 93 24 45 26 96 88 97 51 
40 45 18 50 68 93 35 59 68 91 48 8 91 56 62 25 11 51 9 44 32 71 11 19 19 51 0 88 5 17 27 13 35 6 71 5 24 32 95 17 1 59 91 45 82 12 47 63 33 63 88 
19 62 27 29 25 60 17 36 77 76 94 59 63 22 37 70 25 13 76 9 10 32 38 50 94 57 65 0 53 17 55 95 88 18 73 90 75 62 74 30 92 11 17 10 42 15 58 74 76 97 14 
75 35 62 29 3 54 29 40 95 93 97 27 98 62 44 40 6 81 81 7 45 21 46 25 26 45 45 5 0 4 32 84 74 96 56 7 96 60 8 62 69 70 50 14 46 72 95 72 68 30 94 
27 5 25 56 73 1 92 56 50 65 22 88 86 17 76 15 17 72 1 67 74 74 57 74 70 99 40 3 30 0 11 39 55 64 67 26 23 82 13 28 43 50 84 68 25 97 52 1 8 23 68 
76 92 16 25 26 68 85 12 56 71 84 36 2 86 53 51 75 83 1 9 18 68 43 51 92 81 78 56 82 60 0 15 37 10 76 39 3 1 86 58 69 18 5 36 47 36 14 54 55 90 63 
95 56 34 83 53 42 74 82 67 44 43 92 12 65 53 93 32 34 47 8 56 48 97 46 6 44 70 41 67 51 65 0 15 83 18 56 40 11 49 54 43 92 56 57 45 91 83 13 79 34 6 
92 62 30 40 17 6 58 97 50 55 24 92 51 73 4 55 52 73 6 63 44 49 67 8 72 84 52 25 69 96 97 51 0 16 75 13 71 30 11 30 27 22 68 6 57 27 10 51 22 87 14 
36 53 54 64 97 19 95 52 72 43 32 47 33 37 38 32 87 79 86 13 28 1 56 25 64 31 37 58 96 92 96 54 72 0 95 53 57 64 90 43 31 71 69 41 12 21 73 90 94 84 85 
60 5 20 27 85 43 36 53 96 41 25 72 87 78 85 25 66 57 59 68 25 22 56 92 46 32 71 73 62 45 32 93 74 93 0 94 27 90 18 32 73 33 68 75 55 44 74 52 89 57 31 
83 57 32 29 25 19 48 61 53 37 45 1 67 26 95 73 13 1 9 54 48 8 28 67 88 55 70 98 72 17 92 38 68 49 93 0 58 23 92 94 64 39 85 97 20 79 36 28 82 63 58 
12 33 57 93 7 74 26 22 87 59 96 36 95 78 90 50 10 71 39 54 68 39 42 50 30 58 24 35 48 60 68 5 48 78 31 71 0 80 13 22 62 28 54 11 54 20 83 16 77 92 53 
61 13 57 18 94 21 82 63 94 42 24 30 97 60 60 73 42 85 44 86 65 1 4 15 97 77 45 70 11 78 78 26 53 4 28 96 73 0 5 17 9 40 92 84 64 87 30 75 10 88 32 
10 95 85 87 90 81 93 50 22 59 24 34 80 32 18 10 87 45 70 21 76 50 62 69 47 67 34 45 95 92 9 54 29 26 90 2 54 43 0 83 90 78 77 98 9 36 17 61 49 24 82 
57 86 93 92 46 88 52 54 31 16 44 95 45 62 25 65 41 43 68 54 32 78 97 19 46 80 18 62 27 97 61 21 91 14 19 74 69 31 25 0 22 36 49 85 83 81 15 64 1 19 98 
31 33 74 58 17 84 29 47 42 74 49 48 96 28 28 92 85 40 49 31 49 36 29 59 58 84 65 87 75 87 70 57 89 26 18 89 12 61 92 6 0 15 53 43 89 87 60 81 25 86 2 
25 83 12 60 21 78 77 89 16 99 19 2 99 92 82 22 22 64 54 7 52 85 78 49 66 24 39 1 89 71 60 29 96 67 75 10 27 38 96 14 87 0 92 73 56 15 57 51 28 12 88 
55 20 73 5 38 33 30 45 48 91 7 53 38 97 25 61 38 94 4 36 71 56 78 64 32 19 47 1 57 90 74 51 48 37 27 76 5 58 81 34 20 30 0 56 79 58 32 48 96 46 19 
24 74 41 63 80 82 4 10 69 64 25 36 51 80 24 96 64 36 71 42 91 93 84 13 9 18 20 20 28 26 12 18 15 7 51 90 19 72 23 53 64 97 73 0 57 25 85 76 73 1 18 
47 94 31 8 51 31 39 83 27 58 25 42 51 13 81 23 36 77 90 99 36 11 37 78 38 3 27 75 13 3 70 41 63 47 17 72 75 26 79 90 42 42 73 73 0 98 71 21 89 17 86 
12 69 45 8 22 2 85 97 11 38 30 4 11 97 66 36 68 66 62 48 53 25 32 67 47 43 36 75 78 28 93 13 1 23 94 90 7 20 30 30 12 57 6 67 35 0 63 56 41 87 86 
25 88 29 86 46 43 26 59 42 98 52 34 15 40 77 97 84 20 53 8 23 20 10 85 17 17 24 13 44 62 42 22 45 6 68 2 67 84 84 21 28 87 84 57 79 83 0 44 41 38 79 
3 77 26 4 44 41 50 89 59 18 91 31 29 16 40 8 15 53 97 16 79 40 35 26 71 2 42 31 91 37 95 22 98 74 92 17 96 89 12 70 36 18 59 78 81 49 30 0 27 62 42 
63 53 13 7 52 97 41 90 65 12 64 16 24 81 8 25 61 67 19 28 74 25 80 92 56 37 89 79 85 88 72 40 82 32 4 48 84 15 34 30 66 24 39 43 53 38 24 27 0 42 70 
57 1 51 84 29 24 34 21 23 64 34 95 26 77 52 82 49 49 54 46 38 58 31 50 63 87 46 14 93 39 7 8 94 38 8 81 46 23 3 73 72 43 4 63 28 69 12 84 58 0 34 
11 39 27 8 90 7 35 60 5 40 29 98 22 32 69 61 42 88 16 8 68 89 25 17 48 27 2 38 1 60 92 27 30 15 9 76 43 70 82 45 51 28 46 82 15 75 3 74 55 30 0 
