n: 50
m: 6
Pi:U[1-99] 11 89 93 88 89 35 15 35 66 61 79 8 5 5 81 72 42 42 60 89 30 12 52 92 5 22 79 78 48 53 6 81 51 78 26 31 32 1 58 38 40 74 91 7 52 34 96 66 68 76 
Si:U[50-99]
0 61 54 40 50 52 38 36 63 46 99 99 99 99 99 99 99 96 99 91 99 99 99 99 99 99 99 99 93 99 99 99 99 99 99 99 99 99 99 96 99 99 96 99 99 99 99 99 99 94 88 
53 0 61 45 44 58 64 59 63 33 87 99 99 99 94 99 99 99 99 99 99 99 88 99 99 99 99 99 88 85 99 99 99 99 99 94 99 99 99 78 75 94 99 99 82 99 99 99 99 99 99 
52 38 0 63 54 53 65 34 41 47 99 81 99 99 99 99 75 99 76 99 99 99 99 99 99 99 99 99 99 81 93 82 99 99 99 99 99 78 75 99 99 99 99 99 99 99 99 99 99 99 78 
66 33 44 0 37 42 50 56 42 62 99 99 82 99 90 88 91 82 99 87 85 99 99 99 99 75 76 81 87 99 81 99 99 99 99 99 99 99 99 99 99 75 94 99 75 99 99 82 99 99 99 
45 55 56 57 0 36 38 47 54 57 99 75 99 91 82 99 99 99 99 87 99 87 88 87 99 99 99 99 99 99 97 84 99 99 97 99 99 75 99 99 99 96 99 99 99 99 99 87 96 99 99 
40 53 40 59 65 0 49 62 60 66 76 99 88 99 94 84 99 82 99 99 99 99 99 99 84 99 99 81 99 99 99 99 99 99 99 99 99 99 84 99 99 99 99 99 99 99 99 99 99 94 99 
52 51 35 61 60 64 0 40 66 44 90 99 79 99 88 99 99 99 99 99 78 99 99 99 99 99 99 76 99 99 99 99 99 99 99 82 99 99 99 99 99 99 99 87 99 81 99 99 99 99 90 
60 44 46 56 42 42 58 0 62 52 99 99 81 99 99 99 99 99 99 99 99 75 99 99 99 99 99 99 99 99 99 99 99 97 81 99 99 97 99 99 84 99 99 99 99 99 81 99 99 99 99 
49 37 39 49 56 62 53 36 0 52 99 99 90 99 99 99 99 99 99 99 99 99 99 99 99 99 99 99 99 99 99 76 99 94 99 94 99 99 93 97 79 93 79 75 85 99 96 99 99 79 99 
52 44 53 52 39 57 42 38 53 0 76 99 99 94 78 99 90 78 99 90 84 99 75 99 99 82 79 99 99 99 99 99 99 99 79 99 99 99 99 99 90 99 99 88 99 99 81 99 99 99 99 
93 85 99 79 99 96 90 99 97 76 0 66 42 42 62 48 34 60 53 48 93 90 82 97 99 93 75 99 84 99 99 99 78 99 81 99 99 99 99 99 99 99 99 90 99 99 99 99 99 76 99 
99 99 93 93 99 81 99 99 84 90 36 0 53 65 50 54 36 40 36 58 99 99 99 99 99 99 99 99 99 99 99 99 91 99 88 78 99 99 99 99 99 99 81 99 99 99 94 81 82 99 99 
99 99 99 99 75 99 99 99 91 99 50 44 0 42 57 51 44 65 40 46 99 90 99 79 99 99 75 99 99 99 99 75 94 99 99 99 99 99 88 99 90 99 99 79 99 99 78 93 99 94 99 
99 99 85 91 87 99 79 94 85 99 34 36 50 0 58 33 50 55 47 63 99 88 99 99 99 99 99 84 94 99 99 99 99 99 82 99 99 81 96 99 99 99 97 99 99 87 81 99 90 99 99 
87 94 90 99 99 79 99 91 99 99 62 50 41 50 0 63 57 56 60 50 99 99 93 99 99 99 99 99 99 99 99 99 99 99 94 99 99 99 99 99 99 99 93 99 99 99 99 99 99 82 99 
99 99 99 99 81 99 85 99 93 99 34 41 40 55 62 0 36 57 61 41 99 99 99 81 99 99 99 99 99 99 94 76 99 85 99 87 88 99 78 75 99 99 99 99 96 93 81 99 88 85 99 
99 79 99 99 76 93 81 99 99 91 54 38 40 54 52 60 0 35 35 40 99 99 99 99 78 91 78 84 99 75 81 99 99 99 96 99 99 88 94 99 99 99 99 96 99 96 99 78 99 99 99 
99 99 99 99 99 99 99 85 99 99 56 62 34 47 64 42 50 0 37 58 99 76 99 75 99 99 82 99 84 84 99 99 99 99 75 99 91 99 99 99 99 99 99 87 99 99 99 99 81 76 99 
99 96 97 96 99 99 84 97 91 99 40 36 42 62 40 55 66 41 0 45 96 90 93 99 94 99 99 99 99 99 99 99 99 85 78 94 99 99 99 99 99 99 99 99 87 99 99 75 82 99 75 
99 99 99 99 99 93 99 99 99 99 59 42 35 45 36 41 62 36 54 0 96 96 99 99 99 99 99 99 99 99 99 75 99 93 99 88 99 91 99 99 99 99 99 99 99 99 99 99 87 99 99 
91 99 99 88 99 99 99 99 99 99 99 88 99 99 99 99 78 99 99 99 0 40 56 46 46 35 56 64 56 37 99 78 99 99 99 99 99 99 99 87 78 99 85 99 99 99 99 79 96 99 99 
99 99 99 99 76 96 99 85 99 99 99 99 99 97 99 94 93 75 96 99 48 0 46 47 45 37 37 41 50 55 99 99 82 99 93 99 85 99 99 90 93 88 99 99 99 99 99 99 99 99 99 
85 99 99 99 99 99 93 99 90 76 99 99 99 81 99 88 99 99 99 99 38 42 0 65 38 60 40 49 35 52 96 99 81 99 99 99 99 99 99 76 99 99 75 82 93 99 99 84 99 88 99 
99 94 99 99 96 99 99 85 99 87 99 99 93 99 76 79 99 99 94 99 50 33 54 0 60 48 34 36 64 62 84 99 99 78 99 99 91 99 99 88 99 99 99 75 93 91 99 99 93 99 99 
79 90 99 99 99 93 99 78 81 81 96 99 99 99 99 99 99 99 99 99 51 48 47 36 0 50 48 54 35 48 75 99 99 99 99 75 99 99 94 99 76 93 99 99 99 99 81 99 99 99 99 
99 99 90 99 99 87 99 99 99 84 99 99 93 78 99 99 99 99 99 99 57 42 54 42 44 0 43 56 48 48 99 99 76 99 99 99 99 99 90 76 99 99 99 88 99 99 99 99 99 99 91 
99 97 99 81 99 99 96 99 99 99 99 88 99 76 99 99 99 99 99 94 50 62 62 43 66 41 0 55 54 64 99 99 99 99 94 85 99 99 99 87 99 91 93 99 75 99 99 99 75 99 99 
88 88 94 82 99 99 87 99 99 99 97 99 81 99 99 99 78 79 99 99 57 45 35 38 58 58 56 0 61 59 78 99 93 99 99 99 99 99 99 76 82 93 99 99 78 99 82 99 99 99 99 
99 99 99 99 99 90 99 99 99 99 99 99 99 99 99 93 99 99 96 99 48 54 50 66 33 50 50 46 0 56 81 96 96 99 99 99 99 99 99 99 99 78 99 99 99 97 99 99 99 99 82 
99 99 99 99 87 99 99 90 99 99 99 99 99 79 99 99 99 99 82 99 65 46 40 40 57 64 55 44 46 0 99 99 93 99 99 96 99 99 99 99 99 99 99 97 93 99 99 93 99 99 99 
88 85 99 99 99 99 99 99 99 99 99 99 99 76 76 99 75 75 99 87 99 87 99 76 99 99 99 99 99 88 0 46 34 53 34 55 42 38 37 36 76 76 99 99 99 99 99 99 99 75 99 
94 94 78 99 99 78 88 85 84 99 99 99 88 99 99 88 82 99 99 96 76 99 99 99 99 79 99 78 99 85 44 0 33 62 58 33 52 38 34 47 82 99 81 97 99 99 99 99 99 99 99 
99 99 99 99 99 99 96 99 99 99 99 99 99 99 99 85 99 99 99 99 99 99 99 99 88 99 99 99 99 99 51 48 0 37 56 46 39 38 62 33 99 99 99 99 99 76 99 85 85 99 99 
99 99 99 99 99 99 81 99 99 99 99 99 99 75 99 85 96 99 76 78 82 99 99 99 99 99 81 99 99 87 35 62 54 0 66 58 62 54 54 60 99 99 87 75 99 84 78 99 93 76 81 
99 79 99 88 99 99 99 99 99 99 82 99 99 99 99 99 99 99 99 99 99 99 99 78 94 81 87 99 99 96 53 48 63 42 0 64 40 66 47 54 99 99 96 99 99 99 94 99 94 79 90 
75 82 94 91 99 99 99 79 84 99 84 99 79 99 99 90 99 99 99 99 99 81 84 97 99 99 99 99 99 99 34 40 62 45 36 0 52 42 64 53 99 99 99 75 99 94 99 99 84 93 99 
94 99 96 99 78 99 93 85 75 85 88 99 99 99 75 99 99 91 99 99 99 99 99 99 99 91 99 99 99 78 53 46 64 65 58 55 0 66 64 33 99 85 99 84 96 81 99 99 99 99 99 
99 99 99 99 91 99 99 99 82 99 99 99 99 99 84 99 93 75 99 99 99 81 78 76 99 99 87 93 99 99 64 39 44 62 42 35 39 0 58 50 99 99 96 99 84 99 99 99 99 99 99 
90 81 99 99 99 87 99 99 99 99 99 99 87 87 99 99 96 99 99 99 78 99 81 99 99 99 99 97 82 99 46 50 56 37 34 60 57 34 0 43 96 75 99 99 99 93 99 99 99 99 94 
99 96 85 99 87 99 90 97 78 99 96 99 99 99 99 99 90 99 93 99 82 99 99 99 91 99 99 88 99 99 34 45 50 36 62 46 40 37 47 0 76 99 99 78 99 99 90 99 99 99 82 
99 76 99 99 99 90 82 99 99 99 75 99 96 99 79 97 99 99 99 81 99 99 85 99 99 99 99 99 99 75 88 76 87 99 99 99 99 97 88 99 0 40 46 64 58 52 35 38 57 39 99 
84 99 78 99 78 85 99 91 99 99 97 85 99 84 94 99 93 99 99 99 99 87 99 99 99 99 99 99 93 99 81 90 99 88 93 99 88 99 81 97 50 0 41 40 57 36 59 46 52 36 99 
85 78 99 99 99 99 99 99 90 99 99 99 99 79 99 99 99 99 99 97 85 99 99 99 99 99 99 97 96 99 76 99 99 99 99 99 99 99 88 99 36 36 0 46 52 38 38 66 46 37 94 
81 99 99 88 99 99 99 99 99 99 75 99 99 97 94 87 99 81 99 94 99 88 99 99 99 99 99 87 99 99 99 99 91 91 99 99 87 99 99 99 49 66 55 0 34 40 62 48 62 64 99 
99 99 99 93 99 99 99 99 81 99 99 99 99 99 91 78 99 99 99 99 97 99 99 99 93 99 99 84 88 99 99 99 99 99 99 99 99 85 99 99 41 48 44 40 0 46 48 52 42 60 99 
99 97 75 99 99 99 79 82 99 99 99 99 99 75 85 99 99 99 99 99 99 99 99 84 90 99 87 88 99 99 99 99 87 85 78 99 99 99 99 78 37 53 36 46 37 0 51 34 55 65 90 
99 99 91 94 82 99 99 91 99 99 88 99 99 94 97 75 88 99 99 99 99 99 82 99 99 99 93 99 99 93 99 99 88 85 99 97 99 99 93 90 54 38 43 62 63 34 0 33 56 52 99 
99 99 99 85 99 99 85 79 99 99 91 99 99 99 81 82 99 94 97 99 96 99 99 85 99 97 99 84 99 99 75 99 99 99 99 99 99 99 91 75 45 56 40 51 40 48 38 0 36 48 91 
99 99 99 99 76 99 99 99 99 99 99 99 99 99 79 99 75 99 99 99 99 99 90 94 93 99 99 99 94 99 99 99 99 99 99 99 99 99 99 99 51 38 34 48 56 48 49 37 0 56 99 
99 99 99 99 99 81 99 99 99 99 82 99 99 99 99 99 97 90 99 99 90 84 99 99 99 97 78 99 99 99 84 99 99 99 81 91 99 85 99 99 34 54 40 52 56 57 57 39 52 0 99 
75 99 99 99 96 94 88 99 97 99 82 99 99 99 79 99 90 94 99 94 99 99 99 84 99 78 99 99 88 99 99 91 99 99 99 93 85 90 99 99 91 99 99 99 99 88 99 79 99 85 0 
