n: 50
m: 10
Pi:U[1-99] 65 13 16 3 21 78 23 11 64 43 74 65 11 88 4 87 57 90 53 29 32 83 5 17 25 92 76 57 29 24 96 51 41 99 1 12 37 54 13 4 18 39 64 88 60 64 68 61 98 87 
Si:U[1-99]
0 48 43 52 62 6 57 11 50 34 99 96 99 99 85 99 87 99 16 3 66 27 3 99 79 16 37 99 33 43 99 99 99 99 61 87 99 70 99 99 40 28 99 99 99 99 34 99 63 58 16 
47 0 36 10 28 30 35 60 18 27 99 43 49 54 54 54 64 30 93 39 13 99 99 76 99 99 99 27 94 76 99 99 51 99 16 88 9 81 24 99 99 61 99 82 99 99 99 19 93 99 99 
21 63 0 26 60 22 20 55 56 46 48 82 85 69 69 85 79 99 3 79 76 99 45 99 99 25 45 99 99 42 99 99 99 99 13 99 67 22 66 99 99 99 60 24 48 43 99 99 19 99 99 
31 34 0 0 32 46 6 50 11 20 75 97 12 64 72 99 54 99 78 52 97 99 99 3 28 99 99 99 22 3 82 49 99 1 99 82 67 75 18 99 99 78 64 30 4 49 99 46 99 93 79 
44 49 17 9 0 42 6 15 7 59 99 99 16 99 97 99 96 99 93 81 6 99 99 90 54 99 99 6 73 87 40 4 31 1 46 64 78 85 27 99 79 10 19 93 28 12 96 37 76 99 75 
42 46 2 18 19 0 54 54 18 60 99 78 99 3 28 99 10 6 93 58 99 60 99 30 34 99 91 40 19 99 25 45 60 99 22 97 25 99 96 51 99 37 70 69 99 84 3 79 99 52 99 
43 6 62 52 12 3 0 32 45 8 55 6 99 48 13 99 99 99 99 81 31 99 66 13 9 39 39 99 63 99 84 51 99 90 99 96 99 99 81 97 88 55 81 13 99 75 91 61 99 22 51 
10 27 65 63 31 52 50 0 65 62 15 40 99 31 51 99 99 99 51 7 78 61 69 15 99 30 75 99 99 39 60 36 99 28 99 3 96 99 99 84 99 99 30 99 87 99 99 57 22 99 99 
6 59 56 60 54 32 8 5 0 34 54 43 21 79 99 75 70 28 13 87 88 60 99 24 60 3 12 94 40 84 84 52 99 18 90 99 73 30 99 99 97 97 96 37 99 12 99 99 57 78 99 
52 59 24 40 45 5 49 6 47 0 22 34 60 99 40 76 19 99 42 15 99 99 25 91 39 39 49 52 22 54 88 99 91 99 91 27 99 99 42 48 6 57 99 18 99 99 85 99 99 10 9 
99 67 99 42 99 99 13 99 64 43 0 53 35 56 30 25 14 51 6 44 99 99 28 99 82 99 3 3 6 82 99 99 85 99 43 4 99 99 82 81 6 30 78 22 19 99 99 87 99 1 93 
37 45 99 99 6 99 78 60 93 99 23 0 42 25 22 38 54 44 11 33 96 46 99 81 36 34 12 4 99 43 99 99 99 99 93 57 45 99 25 6 73 64 60 42 42 99 64 90 24 99 49 
48 94 52 99 19 99 99 99 57 99 38 50 0 47 11 10 62 8 19 7 99 10 19 99 31 45 1 99 91 39 22 10 21 28 27 19 54 99 99 4 88 12 78 76 99 99 27 99 84 37 99 
39 99 21 78 40 99 99 42 87 91 24 58 43 0 64 16 53 25 54 66 99 49 10 99 7 99 10 99 21 99 51 51 28 24 43 99 99 99 24 33 99 90 93 73 99 19 21 25 58 99 99 
99 4 90 99 45 99 73 28 24 7 63 9 32 38 0 55 13 52 29 5 99 99 72 72 54 99 99 99 99 24 48 21 99 79 99 12 99 54 4 97 70 85 99 69 99 39 97 6 73 67 9 
25 99 30 99 99 99 58 16 61 97 28 14 43 28 60 0 11 28 4 48 96 3 99 99 85 18 85 1 99 99 61 97 51 99 99 4 99 99 99 99 51 99 39 30 58 99 85 99 99 24 99 
99 96 49 99 42 99 13 99 25 7 23 24 31 36 51 36 0 64 14 35 99 90 49 99 78 55 19 28 82 99 99 33 97 82 15 88 73 10 49 15 97 99 9 99 99 99 99 97 93 51 99 
72 99 52 70 42 99 25 99 30 99 46 52 7 63 13 4 60 0 36 5 58 9 28 99 4 99 7 99 15 60 99 13 57 99 99 15 67 58 99 18 99 27 96 36 3 33 99 99 57 58 93 
21 99 64 22 9 99 99 61 99 99 23 43 13 26 48 47 42 34 0 48 85 39 58 99 81 99 61 34 18 99 63 99 40 46 99 46 81 46 7 99 99 99 18 24 99 39 69 57 96 58 60 
99 70 36 99 49 99 99 99 19 21 56 41 44 27 32 8 59 26 25 0 69 99 99 99 75 99 99 99 99 19 99 63 7 33 61 99 61 9 99 99 99 99 70 60 99 99 94 99 75 79 99 
99 96 88 64 34 57 34 78 99 99 85 30 1 67 16 28 99 30 39 22 0 44 47 62 8 20 8 28 48 10 61 36 88 82 99 72 13 99 99 99 10 28 48 28 69 12 36 64 16 99 40 
51 69 22 48 21 99 99 85 54 84 99 46 99 18 99 99 93 15 76 99 10 0 61 13 25 62 64 54 24 44 57 99 1 99 31 45 45 73 81 63 61 99 84 45 99 39 54 16 99 64 99 
57 81 99 76 15 99 99 99 97 40 82 99 99 99 99 99 99 22 99 69 46 60 0 36 2 34 62 14 50 43 99 99 25 54 82 28 99 45 64 69 99 60 16 78 99 43 55 82 99 87 46 
45 99 97 57 99 94 99 99 31 91 82 99 52 64 99 57 99 34 99 85 62 49 31 0 0 18 7 40 63 60 52 99 49 73 97 99 82 99 84 54 99 91 97 99 88 99 96 22 99 15 99 
42 99 99 66 25 99 84 30 99 99 34 19 28 78 15 70 3 6 76 7 18 64 56 30 0 53 41 48 51 60 18 93 51 99 99 99 15 99 12 99 99 99 93 34 97 78 40 79 99 99 54 
99 69 87 1 99 51 99 79 99 99 69 49 99 99 99 99 75 99 99 10 22 24 41 5 28 0 30 7 16 24 99 22 93 99 60 99 99 69 51 25 34 99 28 22 25 30 66 99 61 99 48 
99 99 7 99 3 45 99 19 76 99 37 34 24 99 46 81 99 19 99 99 54 50 33 42 44 52 0 29 10 7 99 99 30 85 45 15 88 40 36 25 15 34 51 94 87 99 39 99 52 21 99 
99 22 30 99 36 99 70 99 1 55 43 52 99 99 1 36 43 90 87 73 37 24 21 64 30 66 28 0 29 17 13 48 99 99 69 55 99 64 31 99 99 61 99 78 22 39 81 1 99 16 82 
67 18 99 99 99 40 99 84 79 99 28 99 37 99 70 67 99 54 99 9 10 32 3 35 44 64 64 60 0 30 34 87 99 31 40 76 13 6 99 72 36 99 58 99 49 99 99 99 48 99 49 
57 91 97 91 57 57 94 99 99 99 25 69 28 96 9 96 99 24 70 18 23 38 38 53 18 59 2 54 28 0 67 87 64 90 99 99 67 46 99 13 10 99 76 99 99 42 49 72 58 57 99 
99 99 99 18 99 39 67 28 99 99 99 94 82 82 97 61 60 90 37 99 99 22 99 72 9 52 57 84 99 9 0 10 21 0 50 58 9 36 42 3 91 99 72 99 13 99 43 99 99 28 91 
99 3 99 94 51 99 99 39 94 79 37 40 52 58 87 85 99 51 99 45 9 1 6 19 99 94 99 19 76 4 34 0 18 14 21 20 54 30 28 28 81 34 99 63 72 94 22 99 99 87 85 
99 99 99 70 90 54 99 99 99 49 79 99 61 45 99 99 99 31 94 99 99 99 73 39 45 73 45 48 16 24 28 34 0 25 27 36 8 13 19 8 45 37 10 99 27 43 90 91 49 87 99 
67 18 57 28 99 99 30 19 99 54 99 24 61 1 61 88 99 49 99 81 99 78 99 58 84 99 64 99 30 99 8 57 16 0 59 16 50 50 50 65 99 57 66 48 16 31 63 57 93 4 99 
99 67 10 99 15 67 99 64 12 76 82 16 40 99 97 99 55 96 99 31 99 58 31 21 52 31 63 48 93 61 26 63 24 60 0 15 63 42 58 50 21 81 91 7 13 30 63 99 25 1 88 
99 99 40 93 16 4 99 99 93 99 37 88 99 45 99 16 99 18 76 99 99 46 90 55 99 69 57 91 54 7 14 32 18 52 64 0 30 49 56 26 78 99 70 12 18 37 82 99 99 90 27 
99 85 99 78 69 97 51 87 99 49 3 45 34 99 99 76 15 52 27 99 52 31 51 99 73 85 58 7 99 1 63 6 16 44 48 10 0 50 3 18 99 72 96 48 13 73 99 1 16 79 99 
99 27 99 18 99 55 28 99 37 90 67 75 12 96 99 3 30 99 12 99 1 99 99 49 49 99 78 99 63 99 13 42 27 15 28 56 64 0 13 0 99 99 93 64 91 34 99 99 6 99 99 
10 99 33 99 99 75 94 55 22 87 99 27 99 3 99 57 10 60 99 99 13 69 9 99 99 31 55 85 99 55 30 47 55 45 20 25 58 30 0 6 13 21 99 40 99 99 3 82 99 99 18 
94 15 85 99 16 19 42 4 99 48 36 88 99 40 76 37 64 42 99 87 99 99 21 99 96 99 27 22 64 99 32 56 60 44 27 24 50 2 65 0 69 3 24 18 99 88 99 99 54 66 99 
99 99 57 99 24 99 99 99 10 87 84 99 99 91 37 70 72 58 63 49 22 28 45 72 58 33 28 99 99 99 63 66 16 99 99 55 63 15 36 10 0 6 3 10 40 38 61 48 24 33 99 
4 36 93 99 84 51 99 84 28 99 99 57 39 43 64 39 6 99 33 69 99 85 99 99 99 75 69 88 69 16 99 61 67 22 97 81 99 15 15 99 59 0 8 40 46 63 39 45 1 8 61 
99 1 58 16 42 99 99 99 99 99 72 25 18 99 99 52 99 28 99 66 13 21 37 37 99 99 34 37 60 33 25 94 18 99 61 93 55 61 70 90 5 6 0 26 20 24 42 64 64 16 34 
63 79 99 99 22 99 99 15 73 99 19 55 25 99 22 51 39 99 3 37 7 13 78 4 39 42 43 87 99 93 99 99 13 99 31 73 99 99 57 99 5 56 14 0 66 16 32 44 15 55 12 
82 99 79 48 78 33 99 27 90 7 42 18 99 7 33 99 99 4 99 99 99 15 60 84 99 73 99 1 67 30 52 99 99 99 40 94 99 99 96 51 59 47 63 50 0 35 40 60 20 31 12 
33 99 99 97 30 42 99 58 97 88 99 75 63 49 27 99 87 99 54 99 70 13 99 12 48 99 99 33 88 64 93 40 99 25 99 70 99 99 24 15 50 4 55 61 12 0 3 58 47 12 96 
57 93 15 99 73 6 75 1 28 34 66 58 4 60 99 99 43 60 99 99 57 99 96 99 54 28 78 45 99 79 58 69 49 99 73 99 99 99 52 99 61 36 50 4 39 65 0 34 65 38 40 
99 13 99 99 19 99 99 99 27 9 99 27 16 75 76 54 99 99 9 99 54 97 19 99 99 67 99 91 42 97 99 36 99 99 99 99 84 99 72 31 49 50 16 8 54 48 8 0 20 65 99 
33 28 96 39 24 96 16 24 88 99 60 46 10 99 99 10 99 75 25 25 49 30 37 7 12 99 99 79 99 16 61 99 34 91 76 99 99 22 99 25 31 26 25 15 54 0 53 25 0 36 99 
99 45 96 90 85 99 99 66 16 82 52 97 39 99 99 99 99 99 48 99 99 88 39 51 99 84 4 94 99 99 99 99 36 90 34 16 1 99 99 16 8 57 54 38 59 54 19 47 51 0 99 
70 73 21 67 46 99 99 21 1 37 61 66 99 54 30 57 70 66 72 78 99 55 1 39 55 3 3 1 99 99 99 84 90 39 99 78 91 3 99 99 99 99 99 73 66 79 99 21 19 24 0 
