n: 50
m: 10
Pi:U[1-99] 81 49 86 10 42 39 16 88 10 73 81 15 47 72 59 31 81 8 73 93 52 17 95 83 30 5 71 17 64 20 91 30 44 66 26 16 67 92 23 88 94 66 9 35 84 96 10 28 3 89 
Si:U[50-99]
0 79 94 83 71 89 66 51 50 54 60 79 50 89 92 81 76 76 52 61 72 85 85 80 78 80 92 89 54 73 92 78 96 59 66 84 86 87 85 52 71 82 81 72 80 95 60 59 60 53 58 
78 0 89 80 98 76 72 72 94 97 99 96 68 80 85 87 82 58 71 53 58 62 92 80 85 51 88 65 87 73 77 74 90 69 81 50 98 90 57 98 69 76 59 82 50 67 89 68 56 91 50 
53 68 0 81 91 56 94 91 67 73 70 95 68 52 56 97 87 57 70 87 87 68 57 97 57 53 90 59 86 86 75 80 78 83 80 84 64 56 75 65 69 51 53 90 78 55 95 83 74 64 65 
86 71 55 0 52 76 98 59 67 88 55 96 93 73 89 67 65 71 67 94 96 72 61 93 52 87 81 81 70 62 65 67 84 77 79 61 82 82 61 80 64 52 55 65 73 99 84 80 89 85 53 
75 90 56 61 0 90 70 80 93 53 61 56 84 79 98 63 69 97 62 94 91 51 58 52 87 77 82 56 56 58 59 83 95 69 55 74 96 58 52 69 61 84 97 51 65 56 81 97 55 70 89 
73 83 94 54 62 0 90 99 73 90 53 59 79 68 95 91 67 65 96 88 82 75 69 71 78 72 76 58 57 94 64 81 81 76 92 66 55 82 89 92 95 98 99 63 51 60 88 52 71 55 67 
56 67 64 55 99 62 0 86 50 73 97 94 53 52 87 57 99 86 63 76 54 91 75 72 54 99 86 79 78 75 89 79 61 53 73 54 80 76 74 79 99 68 93 80 92 52 89 95 66 56 50 
82 92 56 53 86 71 82 0 86 61 75 85 83 66 83 61 85 53 51 61 76 68 68 60 90 77 69 95 85 76 68 82 73 97 77 57 57 67 80 51 82 66 79 83 68 60 51 67 91 66 77 
87 96 56 90 66 84 69 57 0 66 82 65 56 78 66 72 85 82 68 87 66 81 66 71 95 58 70 88 76 93 89 65 61 69 67 87 62 96 86 67 72 86 94 51 87 61 89 64 97 58 94 
53 83 70 73 85 67 61 94 72 0 56 56 73 61 53 55 93 67 53 69 66 67 87 89 58 81 79 68 70 86 88 81 63 71 81 66 90 63 86 57 68 99 71 52 93 52 86 62 60 78 84 
62 60 95 60 67 57 77 59 70 87 0 65 79 64 60 70 99 81 88 99 74 71 52 53 85 56 66 85 50 99 85 60 92 95 51 87 50 50 78 63 68 76 55 92 66 89 78 87 51 88 70 
98 73 98 79 96 53 96 84 55 65 77 0 66 77 69 73 53 77 71 83 95 96 95 86 71 87 95 82 95 61 92 85 52 99 52 75 54 70 99 80 69 69 58 64 53 56 65 72 96 70 77 
58 53 57 85 87 51 79 75 65 60 80 61 0 94 55 51 74 98 92 63 61 90 90 79 71 84 88 64 57 77 54 73 63 93 78 78 74 72 56 98 68 58 73 59 92 81 94 80 61 57 77 
97 98 91 70 76 99 58 90 50 70 91 70 60 0 64 64 98 95 51 71 89 70 50 52 68 76 57 73 82 96 93 86 86 71 85 90 77 50 70 81 76 52 59 66 91 73 72 78 65 79 87 
91 80 60 86 72 78 90 87 61 88 87 86 98 55 0 86 76 95 64 67 64 50 92 51 57 74 80 80 81 88 86 99 73 71 52 83 57 83 74 83 61 68 80 95 58 72 96 54 66 72 79 
75 83 84 71 56 65 90 86 96 54 97 65 82 61 60 0 98 86 95 56 85 89 83 85 87 53 95 91 70 69 59 99 89 51 59 90 73 64 61 66 59 94 90 53 76 95 55 61 61 51 86 
60 76 59 84 86 92 51 89 73 65 75 80 61 91 84 69 0 79 82 57 64 52 82 50 72 55 50 58 61 84 95 60 96 79 58 51 57 60 97 96 97 71 64 71 80 60 82 50 72 97 61 
64 64 97 94 50 93 91 50 53 51 94 82 62 80 86 82 61 0 53 63 86 64 66 54 94 82 57 64 71 67 96 80 86 99 50 56 58 61 89 92 51 65 69 73 77 65 83 55 71 70 58 
52 57 65 63 78 55 89 65 76 60 79 54 72 54 96 81 98 98 0 92 83 66 89 67 68 96 82 74 59 74 60 88 77 87 77 88 59 77 66 54 78 58 91 85 82 56 97 64 73 76 99 
59 70 68 74 97 74 89 51 84 90 77 53 76 54 95 62 89 70 85 0 86 88 63 85 77 60 60 96 94 58 99 50 63 56 52 59 82 82 65 98 85 55 92 80 94 66 66 77 69 95 55 
78 69 97 71 79 74 59 78 64 98 88 72 74 73 60 55 94 94 86 66 0 57 79 66 57 79 67 76 54 55 75 75 80 96 75 76 66 83 78 51 50 87 85 82 94 53 60 66 69 65 68 
69 53 90 61 76 70 50 87 65 60 56 85 51 94 98 90 84 59 53 98 69 0 93 55 61 64 95 77 98 80 50 98 79 99 56 80 53 54 93 71 90 64 82 78 90 63 64 91 54 81 96 
99 51 79 71 97 91 86 79 82 50 77 76 86 81 95 94 75 57 75 66 98 71 0 56 59 53 76 52 77 70 85 62 79 54 75 51 54 79 94 61 76 56 84 85 59 89 63 61 64 77 72 
74 90 60 52 56 55 81 81 67 82 62 68 98 64 57 65 56 59 87 61 91 81 75 0 74 55 98 62 96 94 58 76 85 88 50 73 51 54 97 83 51 61 60 86 64 57 85 58 95 83 95 
74 62 93 69 78 73 86 83 66 77 62 64 79 70 79 56 95 90 73 58 74 63 98 72 0 80 54 76 95 89 77 86 71 98 94 60 93 98 91 66 81 77 84 88 62 56 59 89 85 72 80 
91 51 66 97 63 71 52 92 70 55 97 51 63 81 67 85 90 78 90 54 92 91 54 91 78 0 57 93 96 54 55 63 60 66 58 77 70 56 75 52 88 58 94 98 98 85 64 94 63 51 89 
60 66 55 76 50 70 63 77 86 95 60 76 61 94 92 69 55 66 90 57 96 76 77 86 81 85 0 92 98 97 94 90 71 55 95 61 89 79 50 72 96 93 77 67 66 80 56 67 76 83 55 
79 52 83 98 71 61 59 87 64 54 96 84 79 74 93 95 53 92 90 61 52 99 86 98 76 65 96 0 63 83 76 70 77 87 85 56 77 86 85 65 81 85 52 99 59 86 64 98 87 61 60 
66 82 55 76 52 73 50 63 98 64 96 78 75 78 54 60 72 81 65 79 97 87 93 70 56 54 64 72 0 90 90 69 75 80 56 79 86 98 77 98 54 75 84 99 78 78 81 97 94 51 62 
97 68 97 51 78 92 95 87 53 81 67 67 64 55 84 87 65 64 85 50 85 56 54 53 73 60 85 58 98 0 57 50 81 81 80 86 92 96 79 89 66 85 70 87 71 80 57 73 99 80 59 
74 57 50 54 85 70 53 91 92 80 90 74 53 69 50 86 69 55 68 82 66 87 95 67 95 92 96 85 82 90 0 87 79 64 73 76 71 69 85 96 90 69 78 65 87 80 57 59 66 75 82 
54 51 96 60 67 64 55 79 96 76 76 58 80 57 67 59 66 64 82 57 51 67 76 67 90 94 95 63 67 74 71 0 73 81 99 53 88 95 58 99 76 90 71 94 78 97 56 86 51 72 61 
65 79 51 94 63 82 73 54 89 77 77 93 92 80 89 60 96 90 70 70 95 82 72 97 59 79 60 53 89 71 93 56 0 59 53 51 65 52 69 60 51 63 51 52 70 79 69 53 73 91 64 
60 79 94 62 57 65 85 97 72 90 66 97 81 97 56 56 54 59 69 69 85 83 53 66 63 98 69 68 67 93 64 51 50 0 76 94 57 56 87 52 82 58 73 85 90 91 64 68 97 96 79 
51 86 65 66 55 95 79 92 88 66 67 88 91 95 84 77 94 72 95 71 86 60 69 99 60 57 62 51 50 66 52 66 85 90 0 57 73 95 63 60 58 77 86 56 77 88 76 58 83 63 50 
52 94 90 73 55 52 97 79 92 89 97 83 81 73 51 97 81 60 67 62 90 59 93 70 67 57 68 84 64 61 52 79 91 57 80 0 72 67 56 85 84 52 58 50 85 94 77 95 80 58 84 
84 61 82 70 99 74 53 82 68 99 73 95 55 60 80 51 73 81 61 89 98 93 78 77 52 67 84 65 50 96 94 96 89 61 75 56 0 86 66 97 51 77 98 54 86 51 92 66 59 82 77 
91 73 90 72 94 53 76 63 79 89 62 78 78 79 62 72 96 81 97 59 69 84 55 94 89 63 76 89 61 88 89 72 73 62 59 69 57 0 97 72 67 94 51 97 70 63 79 82 83 87 96 
96 73 61 65 57 79 70 62 91 83 62 71 73 82 94 98 94 53 59 99 97 66 67 77 73 53 81 75 60 99 77 98 88 60 89 87 59 98 0 53 69 97 66 58 63 53 94 81 80 81 71 
62 91 79 62 67 76 64 77 79 83 78 53 83 78 86 53 67 86 96 54 66 97 89 93 67 60 94 59 87 77 85 56 90 75 63 76 65 89 94 0 68 56 83 78 75 58 67 95 86 94 52 
67 87 50 58 72 59 73 68 58 92 90 97 69 50 80 64 57 87 81 80 80 63 82 55 71 86 82 96 94 71 83 92 53 62 76 56 68 62 66 83 0 60 53 76 88 77 79 84 67 60 89 
67 88 87 69 81 68 54 53 71 56 72 55 53 72 65 84 97 85 69 75 51 57 76 97 94 58 82 56 91 63 51 67 93 73 62 98 97 86 61 78 62 0 54 60 54 50 90 64 56 92 79 
62 76 80 51 71 93 85 73 65 50 75 71 67 86 50 64 50 65 50 58 62 99 75 84 84 61 55 58 61 51 81 51 58 72 82 84 60 97 55 69 60 73 0 66 87 99 64 97 92 97 62 
82 56 62 73 55 95 66 80 93 73 90 60 68 53 97 93 96 64 85 58 59 64 58 93 93 85 54 61 70 86 75 62 95 51 96 67 76 82 78 58 81 61 50 0 87 51 54 98 67 69 64 
61 87 67 60 56 68 58 91 97 61 57 90 61 63 87 92 89 54 82 63 75 51 82 62 53 88 52 71 83 92 66 97 90 54 55 66 88 51 53 64 76 79 57 50 0 76 53 96 68 89 56 
58 90 50 62 81 70 91 93 86 88 73 56 60 77 81 60 72 50 62 60 96 89 85 72 99 86 56 85 95 90 97 82 52 75 59 55 81 64 99 55 76 92 79 84 61 0 98 59 92 89 94 
79 54 79 79 89 88 99 64 68 92 83 85 97 81 83 91 83 88 69 84 85 66 92 61 82 79 50 79 64 75 79 96 70 51 71 56 62 78 82 95 66 96 93 81 60 66 0 94 63 77 50 
59 63 62 91 82 68 79 59 78 80 56 52 85 98 55 84 65 55 75 96 70 79 70 61 96 59 73 57 82 66 96 87 82 65 86 66 79 99 75 94 95 67 84 95 53 97 90 0 79 83 53 
69 99 59 51 52 57 99 63 88 55 78 74 71 75 63 71 54 93 93 98 58 55 68 63 77 72 56 78 96 96 86 62 66 55 93 58 86 87 83 61 62 61 91 86 98 95 85 75 0 71 60 
98 84 93 87 79 80 60 68 61 99 77 75 55 81 59 83 74 70 88 78 91 51 91 67 61 91 52 53 80 60 61 59 83 95 66 81 97 59 74 55 51 54 59 61 74 71 99 94 57 0 73 
59 68 97 75 79 86 99 74 63 70 84 84 69 56 66 51 61 71 72 63 56 75 85 80 79 97 56 99 57 71 96 64 54 65 83 76 98 83 87 55 82 90 62 76 73 69 77 67 53 98 0 
