n: 50
m: 2
Pi:U[1-99] 62 71 18 11 71 32 17 83 12 83 13 88 31 58 42 87 65 61 93 96 72 96 74 99 95 44 36 48 63 58 47 61 45 18 62 2 39 76 3 4 22 6 43 30 19 13 26 83 50 80 
Si:U[1-49]
0 2 4 4 12 3 24 9 6 24 49 49 49 25 37 19 24 49 18 49 24 49 12 49 49 45 12 49 45 24 25 49 49 49 49 49 13 30 49 49 21 34 3 18 49 49 49 15 49 33 49 
28 0 31 6 4 12 28 6 26 28 30 37 49 4 49 49 27 49 15 25 49 37 10 46 13 43 31 42 16 37 10 15 3 49 40 30 48 19 49 9 49 6 21 36 49 49 6 48 9 16 21 
9 20 0 29 30 1 25 16 20 26 33 22 45 6 12 36 16 12 46 27 42 1 18 49 25 12 19 48 49 7 49 49 49 49 31 40 6 49 49 49 46 16 10 49 36 25 49 7 16 49 36 
17 4 27 0 0 21 6 30 30 16 40 49 1 27 49 4 49 49 49 49 49 16 49 49 22 10 37 27 40 49 45 10 22 22 6 49 6 49 49 49 49 10 25 45 33 36 49 49 49 10 49 
25 8 23 20 0 12 18 12 8 29 40 25 49 49 1 49 3 18 9 42 4 19 13 49 33 31 49 34 49 49 27 37 37 49 49 34 49 25 18 49 30 1 12 49 37 39 49 49 21 12 40 
13 8 32 5 30 0 30 24 0 13 49 16 24 49 4 49 49 4 42 49 49 27 34 49 24 25 27 49 49 49 9 49 49 6 27 49 49 49 49 43 45 4 49 3 49 13 49 22 49 49 49 
2 32 8 2 11 10 0 30 1 13 9 49 49 7 49 18 49 49 21 31 21 46 49 49 31 49 1 49 31 19 16 7 30 49 49 46 39 3 46 49 36 27 6 49 37 39 25 49 49 9 37 
1 32 24 6 13 32 30 0 25 18 49 37 4 21 49 49 49 18 49 49 13 49 4 45 40 49 25 49 49 7 49 42 49 4 19 49 25 43 15 12 49 19 31 4 49 22 45 49 36 16 49 
26 6 24 23 2 21 19 8 0 19 49 49 49 27 49 6 49 49 16 40 49 49 30 49 49 7 49 28 13 49 15 4 45 49 49 46 49 19 27 25 49 24 33 49 4 31 49 6 34 30 27 
32 1 29 2 32 10 24 26 24 0 49 49 49 42 49 49 49 19 19 46 49 49 4 37 30 4 36 21 49 10 21 49 25 7 36 12 34 49 21 19 28 37 49 40 49 25 9 49 27 49 31 
34 7 28 6 24 49 46 49 46 49 0 2 15 16 22 30 12 30 7 32 13 24 12 15 9 16 15 13 15 49 30 49 48 43 49 18 28 46 12 49 49 34 10 37 39 15 36 39 49 49 49 
22 49 37 49 49 48 1 46 30 49 30 0 11 3 20 5 0 11 28 10 6 12 31 30 49 49 16 49 10 49 37 22 49 37 49 18 21 49 19 6 49 25 21 49 49 49 9 33 49 9 18 
49 49 49 4 48 36 12 40 16 18 20 1 0 18 26 1 6 7 14 4 49 34 6 18 46 13 30 49 31 45 42 49 49 45 13 39 49 49 49 22 49 21 49 49 42 43 25 49 31 33 4 
12 48 40 36 40 19 10 49 49 25 8 6 32 0 5 4 10 16 8 18 49 49 13 49 49 12 25 15 4 31 49 21 49 49 45 10 1 45 46 49 27 25 49 48 4 34 4 49 49 49 28 
49 21 45 25 49 21 36 7 49 1 26 24 19 6 0 2 25 26 4 2 31 31 49 49 13 49 49 25 46 24 9 49 45 49 9 49 49 49 28 49 4 49 30 31 16 49 1 4 49 3 4 
22 49 49 36 49 49 34 25 49 28 24 20 4 32 16 0 16 24 3 18 19 36 15 49 31 49 1 49 37 34 49 6 46 31 18 49 49 4 36 43 36 13 36 9 49 49 49 49 22 10 49 
49 19 49 6 31 42 3 21 6 49 21 10 15 28 26 27 0 24 28 15 30 24 49 40 7 49 49 49 37 49 49 19 49 16 36 49 49 49 45 49 49 13 3 49 49 43 49 49 37 19 31 
49 30 21 49 15 31 49 18 45 42 25 20 25 20 14 5 26 0 22 0 13 49 13 49 49 39 49 49 6 24 43 13 49 49 42 49 49 30 49 49 45 10 4 49 49 49 24 49 19 49 15 
49 1 49 49 21 34 40 18 49 49 20 26 4 25 15 2 24 9 0 2 49 49 49 18 1 42 49 42 16 6 49 24 49 33 49 49 18 21 49 6 49 18 10 27 49 13 49 7 49 49 49 
49 49 24 45 49 31 49 49 49 22 28 10 27 8 18 5 9 29 14 0 42 12 49 49 15 3 15 19 36 34 4 48 43 49 49 49 49 1 49 49 13 36 49 49 42 6 49 15 1 31 25 
49 25 42 18 4 13 6 37 4 49 46 49 37 49 19 49 4 10 27 27 0 20 15 16 2 31 10 14 20 26 48 39 49 22 13 18 33 40 46 49 49 48 49 36 49 49 49 40 18 15 49 
49 45 3 36 28 49 49 21 9 49 24 49 6 33 48 43 49 19 49 21 16 0 21 3 4 19 15 21 7 26 49 49 16 10 34 49 49 36 49 49 49 19 39 30 49 49 37 36 1 18 49 
42 49 25 49 40 39 49 46 49 10 49 49 49 6 49 43 48 9 12 21 2 0 0 15 25 20 14 24 20 31 49 1 49 18 25 34 6 33 45 49 49 7 49 49 49 49 19 18 4 27 45 
27 18 13 28 7 18 6 49 28 49 49 6 33 25 13 42 30 49 43 42 28 4 5 0 12 30 18 1 22 8 49 49 34 15 37 24 36 1 3 49 46 9 37 15 42 33 49 4 49 49 49 
40 3 49 49 1 49 16 48 49 49 30 7 7 49 18 49 24 13 39 36 26 14 21 12 0 31 23 17 6 28 49 40 9 28 49 40 7 49 15 49 22 7 37 10 25 36 49 49 49 12 49 
9 49 12 49 22 30 49 45 28 49 49 3 45 49 43 45 49 24 4 36 12 30 11 8 30 0 15 26 21 28 49 21 45 15 9 46 34 7 49 30 18 24 30 49 49 4 10 49 49 22 12 
19 49 42 49 30 49 49 25 45 49 13 49 40 49 30 22 7 49 49 28 4 2 20 4 21 21 0 4 2 19 9 49 10 49 48 45 49 49 49 49 49 24 49 22 27 43 9 31 7 21 10 
45 13 16 49 13 49 49 30 28 12 49 1 49 30 30 31 3 49 6 49 14 28 28 5 11 32 8 0 10 11 49 15 49 49 49 49 49 49 31 49 49 43 12 27 39 12 6 49 46 7 48 
9 39 28 28 49 33 13 49 24 10 49 49 22 7 46 21 46 49 49 43 6 32 26 13 24 20 31 3 0 2 22 28 4 49 31 24 9 49 25 40 42 22 48 49 45 16 16 16 49 49 37 
39 49 45 43 13 49 22 43 12 4 39 34 49 49 24 18 22 30 48 49 1 8 22 4 20 27 12 20 6 0 49 12 40 49 28 49 27 1 3 22 3 34 34 49 49 28 49 43 7 1 7 
42 45 25 1 30 31 4 49 10 49 34 10 49 25 36 49 49 3 16 30 18 49 37 28 43 13 49 19 22 49 0 13 19 10 12 28 2 18 31 31 49 31 49 36 49 49 37 43 36 42 28 
45 49 27 30 6 24 42 49 39 33 49 16 49 49 49 42 49 7 37 4 49 22 22 42 49 49 31 49 49 49 13 0 7 4 2 4 30 9 6 14 49 49 21 27 46 49 39 49 49 28 16 
49 25 39 12 10 9 36 30 49 1 49 49 49 27 1 36 49 4 49 45 34 33 49 10 49 42 30 39 18 49 7 4 0 25 10 24 5 9 7 10 49 49 49 3 49 27 15 49 40 49 49 
39 49 49 24 42 43 25 49 49 49 31 10 12 25 25 10 48 15 48 28 49 3 43 49 49 49 49 46 31 49 14 6 6 0 18 12 18 21 16 4 21 27 49 46 48 16 49 15 12 49 49 
4 42 49 39 49 33 46 49 49 31 49 43 49 9 49 33 1 40 24 49 30 1 6 18 49 49 30 9 49 49 16 21 8 7 0 11 13 2 28 10 49 19 36 28 34 13 15 30 27 48 49 
30 25 15 9 13 30 46 49 49 49 16 4 18 46 12 49 46 13 49 49 22 37 1 27 49 13 19 49 49 9 18 20 6 3 32 0 9 3 22 27 49 9 3 49 12 13 7 43 22 13 40 
12 33 45 16 49 7 22 49 49 49 21 9 37 49 49 49 30 15 49 28 34 7 42 4 7 49 49 49 49 22 22 31 32 18 30 20 0 12 6 3 21 37 10 49 30 42 21 49 49 36 28 
49 49 49 30 48 9 16 7 49 43 49 4 49 25 16 49 12 49 24 49 16 43 21 49 42 18 10 31 39 6 28 1 28 3 5 24 12 0 28 16 49 49 25 49 42 19 49 49 49 4 49 
9 49 49 49 48 49 49 15 49 9 49 43 48 43 10 39 49 27 42 12 49 18 46 48 33 49 21 21 40 12 22 10 14 1 4 12 10 29 0 31 24 49 49 49 49 10 31 49 46 15 39 
31 19 48 49 49 49 33 49 1 37 18 49 10 12 49 24 24 3 45 49 49 43 37 43 49 48 28 39 43 45 4 24 26 10 32 14 20 12 22 0 48 49 49 49 40 36 39 27 49 4 48 
49 49 49 34 1 3 49 49 43 49 40 49 1 49 33 49 37 36 49 43 22 45 49 46 49 12 49 15 49 25 49 13 49 49 40 49 22 22 22 4 0 22 32 2 31 10 9 10 5 10 21 
49 42 49 36 49 49 9 42 40 15 49 49 24 36 21 49 48 49 49 49 27 49 49 49 25 3 49 21 21 37 40 49 36 45 1 12 49 28 30 49 10 0 29 22 4 16 15 22 16 8 43 
49 49 49 49 45 39 49 19 49 24 49 33 49 10 48 49 13 36 15 16 22 49 49 30 33 46 49 31 49 49 49 48 49 7 15 15 21 40 49 1 28 22 0 20 4 3 8 6 18 23 49 
40 24 46 16 49 48 49 15 49 7 15 10 9 24 4 46 10 42 49 49 6 37 49 13 40 13 21 3 1 46 49 43 40 49 37 48 27 24 15 43 31 6 14 0 0 9 4 10 2 12 49 
39 15 49 45 49 49 22 13 49 37 31 3 42 49 12 22 45 15 15 18 22 9 49 21 40 19 40 49 49 27 33 28 43 49 36 46 31 46 42 49 24 18 2 21 0 32 12 25 14 28 31 
6 13 49 36 49 19 12 13 13 1 16 49 22 28 42 18 49 24 49 4 49 49 48 49 46 43 48 49 46 15 37 48 49 49 48 36 49 37 40 49 18 6 28 19 4 0 1 24 23 0 49 
34 19 49 49 46 10 49 49 48 22 24 7 46 28 46 45 36 49 49 18 46 21 7 28 9 49 49 1 22 1 10 49 3 10 28 18 31 49 49 49 14 17 2 25 22 5 0 18 16 26 13 
49 4 49 49 49 49 19 48 49 49 49 49 49 49 21 49 34 36 24 49 30 30 34 6 10 18 48 21 49 25 27 22 15 34 30 43 49 49 22 42 26 30 13 14 8 24 12 0 8 18 46 
16 21 49 49 46 49 40 49 49 49 33 18 28 31 49 16 49 49 33 33 13 49 49 49 34 49 15 46 49 46 49 49 18 49 49 40 42 49 39 49 32 18 29 4 1 11 32 8 0 19 40 
49 49 13 49 28 49 25 15 7 49 12 49 27 49 1 49 49 49 21 6 49 10 33 7 49 49 15 4 45 13 49 10 13 1 49 49 49 49 22 39 20 30 29 22 19 19 4 21 20 0 42 
12 19 46 49 27 45 19 49 12 21 49 9 49 42 45 3 34 18 49 30 40 49 31 28 22 13 10 18 49 49 49 28 36 25 49 43 49 18 49 49 13 16 16 13 49 49 49 7 49 49 0 
