n: 50
m: 6
Pi:U[1-99] 17 57 55 97 21 26 60 30 99 2 81 94 73 26 87 78 11 78 75 97 30 69 26 14 48 27 36 83 70 97 76 13 75 58 79 88 5 32 42 2 62 2 43 21 38 50 81 17 21 74 
Si:U[50-99]
0 68 72 59 65 75 61 57 74 80 87 90 98 72 50 95 97 90 80 53 64 78 88 82 50 98 64 90 89 81 59 85 89 71 60 76 73 99 73 50 73 64 54 85 86 51 56 65 58 64 71 
59 0 75 65 93 71 59 75 87 84 76 84 63 82 61 75 91 58 84 63 83 85 97 91 93 55 59 54 51 95 86 97 96 71 73 68 90 50 79 68 78 91 88 63 88 91 94 59 90 54 65 
85 97 0 88 62 77 67 74 95 61 94 69 53 96 71 92 50 94 70 64 68 80 51 97 69 96 52 72 59 60 78 73 52 89 79 63 58 74 84 94 64 53 98 51 72 96 69 83 58 57 50 
61 67 84 0 95 68 77 80 74 98 75 68 76 77 78 56 95 69 81 64 76 93 99 87 88 50 57 69 56 62 74 65 59 76 62 69 86 50 87 79 54 74 58 88 53 94 85 81 95 94 56 
53 96 66 82 0 90 96 55 95 51 75 68 62 68 74 59 72 61 76 68 56 72 69 64 63 99 72 98 88 77 94 62 66 95 71 55 71 82 51 62 63 82 86 61 61 76 73 78 57 82 60 
54 59 86 53 63 0 59 96 75 78 55 60 56 81 60 62 84 86 89 97 51 60 82 59 95 91 51 95 56 97 55 87 78 76 62 68 62 62 94 85 59 89 59 63 96 91 66 76 71 90 99 
56 58 64 52 96 70 0 96 85 91 58 78 55 85 50 71 69 80 77 98 73 67 57 87 56 58 59 96 66 56 60 65 99 72 61 87 90 74 87 66 75 77 57 73 96 50 77 95 63 70 90 
88 50 78 62 84 84 81 0 76 51 76 92 84 76 78 82 79 65 90 72 69 59 62 80 61 78 77 64 52 61 75 88 78 96 59 52 67 69 62 83 67 77 50 91 80 75 79 51 95 83 91 
55 57 51 89 92 50 69 73 0 79 96 69 86 86 62 88 88 90 95 61 75 88 90 76 84 80 96 98 63 63 85 55 70 50 60 98 53 73 84 74 59 55 80 52 53 88 93 68 79 51 55 
82 93 54 83 94 54 73 91 96 0 91 56 99 81 51 92 78 50 97 88 71 67 67 54 52 73 68 59 68 71 84 73 79 74 78 56 93 84 92 92 91 98 64 89 89 69 69 81 62 64 95 
93 96 57 80 69 52 97 76 92 84 0 72 89 54 91 99 69 95 87 81 85 82 87 50 81 89 85 84 68 57 83 59 60 89 74 87 93 63 52 60 59 60 88 82 77 80 98 61 59 98 77 
73 60 67 66 95 81 58 85 90 72 98 0 83 94 96 81 66 97 69 88 89 51 72 70 61 96 87 70 51 83 52 72 76 61 66 75 87 82 69 71 62 70 93 95 68 57 59 94 65 76 81 
70 51 87 51 80 62 95 80 91 86 87 92 0 55 50 74 91 79 65 89 74 83 75 89 89 94 55 85 86 92 88 62 67 94 50 95 80 54 91 50 77 95 57 61 99 73 78 93 97 69 85 
86 86 83 62 58 85 97 73 72 89 76 94 62 0 99 93 50 56 75 84 62 74 69 73 99 88 87 91 61 57 86 65 85 70 93 65 79 59 51 92 92 55 52 98 55 95 75 79 52 81 85 
69 83 75 79 62 73 72 93 97 55 76 96 60 56 0 93 88 78 77 90 93 90 61 89 81 95 63 96 69 52 94 86 96 93 84 74 84 86 94 53 63 91 87 60 76 66 91 93 55 53 93 
81 89 59 58 54 60 64 97 71 80 71 87 54 61 93 0 99 99 80 54 54 59 97 62 77 69 96 68 51 78 69 50 93 86 82 99 81 99 77 57 82 95 67 64 82 62 66 64 73 90 85 
85 61 98 73 59 98 96 64 67 90 92 80 61 55 68 91 0 92 77 80 58 94 87 67 53 88 56 75 80 98 58 58 94 78 53 53 57 94 64 80 79 56 88 99 75 97 81 90 58 98 52 
75 95 95 64 64 59 80 88 72 73 52 65 89 81 82 62 82 0 66 92 59 80 70 89 94 53 86 50 67 85 84 78 97 71 79 90 72 84 82 67 75 55 64 69 57 77 86 86 59 71 82 
85 55 66 95 50 73 86 64 91 67 77 63 84 61 59 90 99 54 0 81 87 73 72 78 68 70 93 70 99 69 66 55 63 76 59 76 85 89 95 59 95 70 76 64 67 68 59 81 67 80 58 
99 99 76 65 84 74 52 68 72 75 97 67 59 61 89 87 97 60 86 0 78 51 77 76 55 70 54 85 73 61 75 97 52 86 63 59 80 66 60 55 72 51 95 66 59 89 62 63 96 74 51 
90 81 85 90 66 87 80 73 87 82 55 56 66 76 86 93 71 77 85 54 0 73 94 92 97 66 66 59 95 99 64 58 70 86 83 53 68 63 91 88 98 59 94 72 88 93 87 50 75 52 85 
61 73 60 74 70 92 60 58 57 84 67 95 76 83 82 57 60 72 97 84 65 0 60 68 96 77 84 96 84 65 64 88 67 72 65 82 77 97 70 90 65 51 59 87 51 68 71 96 71 90 86 
97 61 77 63 56 79 87 84 60 72 96 84 77 56 50 93 60 73 52 77 50 78 0 65 59 68 73 64 76 58 95 76 87 83 73 96 58 75 93 70 88 95 63 70 97 91 62 92 57 69 57 
67 84 83 74 75 94 65 60 50 70 79 95 96 52 87 76 83 92 86 61 59 74 96 0 50 67 89 85 86 69 73 62 94 59 94 81 59 64 66 71 60 53 78 82 81 72 58 72 53 59 63 
74 53 92 84 66 62 82 81 56 78 89 68 67 58 66 68 65 77 93 63 97 50 80 56 0 50 96 74 55 98 95 77 95 74 93 66 75 72 65 51 57 69 80 77 64 75 98 73 72 52 66 
73 59 76 77 76 99 57 76 56 83 86 77 70 78 67 74 80 72 79 89 69 98 82 87 76 0 71 72 90 56 85 81 67 57 89 69 83 73 51 63 68 79 79 99 91 91 70 53 94 56 97 
78 76 82 50 98 84 67 71 79 74 50 85 99 74 77 55 92 72 89 88 74 95 89 92 91 59 0 84 99 69 56 56 59 61 72 56 51 89 93 60 54 68 71 52 61 59 87 77 78 59 91 
81 67 82 64 94 73 64 92 84 92 86 64 67 51 52 59 97 87 53 90 61 78 85 57 71 72 74 0 97 66 99 59 66 66 80 59 92 66 84 73 82 89 51 91 53 56 95 89 93 87 77 
96 95 92 94 67 88 96 89 78 50 83 67 84 55 98 87 77 93 91 78 65 91 62 85 53 62 85 55 0 53 71 75 59 90 56 66 79 91 55 79 74 60 57 64 85 94 73 77 79 61 92 
61 66 89 57 93 81 95 69 52 58 77 55 63 65 66 85 87 94 54 92 83 78 57 94 60 55 79 54 66 0 92 99 53 52 80 81 79 52 74 84 87 97 97 73 79 67 55 50 84 61 78 
62 54 54 85 91 90 93 64 62 98 68 65 73 95 98 93 94 93 77 56 93 64 61 51 66 59 88 68 84 54 0 73 54 69 63 74 65 75 73 65 99 94 73 84 56 71 90 50 71 57 51 
91 55 92 79 60 69 70 79 94 82 53 61 82 82 98 89 94 78 89 65 83 51 88 81 73 51 94 82 69 57 83 0 60 59 97 57 50 70 73 51 60 72 83 87 66 64 99 51 79 83 86 
71 70 96 79 84 53 78 75 70 61 57 81 79 53 78 90 78 85 82 79 51 78 70 53 82 98 88 50 97 95 76 58 0 88 67 80 86 55 75 74 56 95 99 77 55 73 59 55 58 67 90 
57 69 67 59 73 53 62 62 79 73 94 95 58 80 95 59 69 74 63 54 87 81 96 89 52 50 52 93 53 92 82 83 73 0 97 87 66 97 63 98 51 61 94 84 68 50 81 95 95 59 73 
99 53 68 60 94 60 74 87 71 68 50 72 89 72 65 63 69 98 74 69 85 84 59 94 52 76 67 99 89 86 55 52 93 76 0 65 97 74 78 88 58 95 50 92 82 79 65 88 66 63 89 
87 93 81 62 63 85 60 58 54 55 55 67 78 81 69 82 93 69 75 50 55 99 70 71 62 82 94 72 51 72 68 61 75 62 92 0 50 84 63 50 52 63 95 94 82 77 58 65 56 88 97 
65 94 78 52 79 70 75 96 93 95 82 66 60 69 77 91 94 60 85 97 82 73 86 88 68 77 59 77 68 50 81 65 78 80 93 95 0 91 79 96 63 80 90 59 83 62 64 59 50 91 62 
54 70 91 90 65 72 79 81 87 94 89 62 59 67 53 67 97 75 80 92 53 76 98 89 79 97 51 99 83 82 58 94 75 57 79 82 90 0 57 93 66 68 62 55 51 68 91 84 93 92 64 
96 57 75 99 86 53 51 74 75 74 53 69 57 80 72 74 60 79 78 93 93 51 76 85 79 89 75 60 75 54 91 98 66 65 82 69 52 79 0 53 56 57 77 95 98 90 90 89 96 68 75 
61 95 71 59 58 72 86 67 77 67 83 52 56 72 95 97 78 70 93 79 90 67 73 78 70 76 88 72 92 99 93 91 80 74 91 78 98 54 95 0 59 52 59 83 78 62 81 82 72 91 65 
56 66 78 64 50 66 55 83 70 87 65 60 90 84 90 74 94 51 60 69 97 71 72 85 99 63 58 62 66 97 51 87 64 62 53 78 50 85 95 52 0 63 82 63 60 64 53 50 82 95 66 
72 51 91 65 93 50 76 84 91 56 61 63 94 96 74 54 89 84 87 86 74 81 88 61 70 98 59 65 73 56 60 69 62 76 81 59 92 71 70 79 65 0 75 76 57 72 98 75 93 75 88 
55 77 72 73 89 81 63 72 53 63 88 56 92 78 60 97 68 60 52 61 60 71 59 94 52 65 51 59 83 92 96 87 57 85 62 53 87 89 79 93 94 53 0 82 57 71 75 94 54 92 64 
81 51 65 99 77 80 69 57 85 90 60 81 95 89 92 55 93 79 73 80 91 69 89 86 50 98 68 55 51 97 74 50 73 80 87 63 78 94 71 53 70 90 59 0 73 69 56 86 55 56 72 
98 83 63 74 86 94 67 50 70 86 83 82 54 60 71 72 56 83 68 85 53 78 91 72 95 99 50 99 97 69 61 97 92 83 70 83 61 76 52 52 79 96 90 92 0 52 71 61 65 96 77 
65 98 57 58 72 93 94 79 91 96 85 90 66 84 87 50 57 55 63 76 55 77 53 96 69 56 51 79 68 69 65 97 61 54 86 70 76 86 80 90 80 96 84 50 54 0 79 89 65 78 96 
93 55 83 78 85 90 64 51 74 50 53 52 53 87 59 91 97 80 52 93 87 70 65 60 99 68 97 93 83 56 56 63 72 86 93 71 50 96 64 78 87 59 85 52 59 51 0 68 92 66 51 
52 86 66 67 83 76 50 54 89 77 60 79 80 88 71 57 75 76 66 79 73 61 74 72 87 96 83 55 83 54 69 53 59 83 83 88 54 95 93 78 92 97 69 97 60 58 77 0 64 55 84 
83 61 75 78 66 81 98 61 85 69 68 94 73 77 75 95 76 81 90 66 61 88 52 85 98 77 55 90 72 85 98 50 84 83 57 61 83 56 80 87 76 58 94 57 88 70 88 73 0 54 66 
77 72 81 72 63 94 64 86 75 73 89 98 57 73 72 95 72 52 87 62 82 83 55 99 51 54 92 70 75 50 57 81 50 60 69 63 89 78 75 53 80 65 84 75 65 81 95 68 93 0 73 
63 65 87 88 94 88 55 78 52 56 80 51 88 81 59 65 53 86 50 99 95 51 69 71 62 68 65 60 57 84 80 94 89 91 56 59 88 98 89 64 90 97 74 74 80 99 93 78 88 57 0 
