n: 50
m: 8
Pi:U[1-99] 90 17 52 97 78 92 99 28 76 27 77 51 18 6 82 90 64 31 77 23 65 61 42 53 58 64 84 18 69 42 62 31 80 23 15 93 49 67 44 71 78 32 13 91 79 14 12 64 67 37 
Si:U[1-99]
0 70 56 43 64 99 85 23 77 41 70 86 59 49 27 64 57 46 82 7 85 70 98 38 17 46 57 52 37 75 5 19 14 16 23 81 71 80 56 89 43 12 54 97 85 62 18 72 38 33 41 
27 0 84 57 98 4 10 79 34 80 29 30 69 56 24 98 29 79 65 66 96 67 70 84 88 60 78 4 64 64 61 92 94 96 19 38 22 99 48 24 50 80 44 36 2 95 82 1 93 71 11 
59 13 0 45 46 98 22 17 18 59 44 6 11 58 5 72 17 33 93 61 25 68 68 42 48 59 64 32 80 47 49 38 6 55 98 78 60 60 72 65 34 43 45 50 47 43 6 82 68 51 67 
52 66 17 0 46 80 21 56 80 76 80 52 73 48 84 82 95 60 75 7 86 70 18 98 77 35 30 30 55 74 50 58 88 95 83 97 33 86 77 87 11 53 97 93 51 1 28 97 96 19 20 
64 80 38 84 0 20 6 42 88 48 45 84 94 97 98 64 14 87 60 2 37 4 41 53 80 2 25 74 93 29 31 85 67 64 10 13 85 20 34 37 3 12 21 2 40 10 43 6 1 65 89 
45 7 45 23 54 0 90 59 14 87 69 65 85 3 39 75 81 14 63 80 95 82 70 40 86 34 23 77 11 82 4 11 26 23 4 47 92 92 12 2 35 44 33 60 1 50 52 74 50 94 73 
37 60 90 86 75 5 0 35 67 69 20 12 10 17 83 1 56 43 25 30 87 56 14 87 36 55 25 49 58 69 14 15 79 91 92 71 86 31 59 38 57 72 38 81 99 40 24 13 47 57 21 
39 75 6 89 75 36 28 0 31 41 11 70 88 66 56 59 42 51 17 88 22 72 23 57 3 94 55 92 78 31 43 28 84 80 89 92 50 22 37 78 8 11 34 54 43 22 80 49 83 97 81 
72 76 22 60 46 13 83 40 0 84 40 1 64 58 30 85 9 45 89 19 83 16 48 38 77 7 94 81 90 10 53 79 18 81 82 42 42 2 35 20 17 87 47 81 16 91 69 49 3 34 97 
57 8 92 65 61 20 69 97 61 0 22 47 51 59 90 17 64 12 86 29 34 95 85 8 33 40 32 91 56 31 42 10 60 40 68 82 51 49 89 16 42 86 70 80 93 21 53 38 27 57 19 
21 54 41 16 61 15 37 27 72 15 0 49 23 43 94 72 15 23 52 40 65 83 79 92 15 99 43 16 47 42 62 82 24 70 62 84 29 97 59 7 31 5 41 61 49 1 95 65 83 21 70 
50 31 78 74 69 42 7 84 88 33 96 0 7 94 37 5 63 47 51 80 19 97 60 92 69 43 11 56 64 48 49 72 33 33 40 9 60 46 87 90 28 68 62 19 19 76 16 9 54 49 51 
82 41 35 6 44 73 47 3 95 77 77 61 0 97 9 70 47 55 76 83 58 42 53 66 52 74 16 63 99 19 51 3 58 40 15 90 12 27 1 29 55 39 16 47 1 5 10 35 21 25 78 
44 57 76 30 83 93 65 93 29 77 18 72 29 0 75 11 60 68 5 16 68 95 75 62 95 45 33 11 9 29 70 24 70 23 34 43 1 5 69 59 64 68 78 65 8 20 62 25 93 78 93 
49 10 39 99 48 7 24 14 71 68 76 91 1 95 0 28 43 73 58 45 43 62 47 40 77 37 28 69 61 13 94 99 87 65 14 85 35 95 30 2 58 71 15 24 97 88 33 33 39 8 94 
45 60 70 81 52 50 39 59 56 2 44 54 33 47 80 0 76 84 1 41 52 24 13 28 11 3 22 50 21 85 14 74 29 6 13 83 35 21 28 77 73 70 64 22 84 3 68 82 56 59 94 
28 73 75 8 96 62 62 56 30 7 70 65 29 45 58 41 0 36 82 23 64 70 61 67 55 64 43 5 68 85 98 98 38 29 2 39 5 36 71 35 3 76 32 54 21 38 81 94 78 83 21 
21 26 48 91 67 93 12 42 57 78 28 27 85 94 37 83 7 0 18 74 34 42 1 10 88 2 50 95 63 12 62 72 59 20 75 19 31 85 48 26 52 87 11 53 63 85 52 43 38 82 44 
53 72 33 63 42 82 12 56 90 30 79 92 63 5 44 6 62 50 0 73 52 62 74 27 99 88 67 50 27 56 48 79 94 24 8 30 50 34 93 53 66 49 61 50 40 8 42 21 98 85 59 
59 13 97 99 40 31 99 4 28 56 93 11 28 56 53 94 64 73 66 0 84 17 62 87 28 36 75 95 19 7 63 73 85 27 76 16 72 94 70 61 8 56 41 98 86 6 40 9 35 85 90 
63 77 68 61 42 91 89 18 19 52 40 13 59 91 53 27 40 68 59 75 0 75 20 77 19 75 28 93 12 6 11 78 15 81 23 75 98 80 71 96 75 62 2 52 3 21 87 33 64 46 92 
75 54 34 86 33 65 99 10 61 85 37 84 55 65 40 35 26 29 38 51 65 0 51 22 9 92 48 43 10 29 38 82 69 34 63 56 68 7 38 14 3 38 45 64 38 26 28 1 92 16 88 
95 41 5 70 36 25 53 32 56 36 25 23 41 71 73 61 8 85 82 98 54 12 0 46 81 68 81 90 10 81 72 84 14 38 74 88 52 85 20 21 98 4 18 58 79 36 91 37 92 23 77 
95 49 24 3 69 47 53 92 82 27 63 27 38 29 89 41 3 31 60 7 63 79 86 0 16 35 75 41 4 62 94 40 83 46 95 5 25 97 72 70 55 61 58 26 63 98 54 2 45 17 14 
18 63 9 88 97 39 69 39 6 29 26 55 19 48 62 81 16 14 49 36 73 57 89 71 0 37 17 19 93 9 54 70 55 32 86 68 92 33 9 98 50 2 99 81 17 38 70 55 15 74 91 
79 48 34 68 5 25 69 8 18 51 47 43 7 14 42 95 49 94 91 73 30 78 26 36 51 0 50 99 98 84 49 96 9 35 80 33 99 54 35 22 44 98 90 19 2 84 83 2 99 26 17 
19 25 66 80 27 35 88 61 64 58 10 47 27 42 15 22 97 91 86 66 49 85 39 7 91 11 0 49 85 70 24 15 24 4 88 41 39 69 22 55 19 29 73 79 50 32 70 86 79 57 49 
93 46 48 9 78 52 97 7 51 23 30 49 64 76 54 31 63 73 38 21 86 95 2 25 16 38 91 0 21 65 16 74 48 56 60 76 58 45 39 91 50 80 53 26 50 45 24 4 87 14 52 
57 31 79 80 75 44 1 10 32 46 62 5 91 51 32 61 64 45 36 17 59 33 77 18 41 68 19 42 0 9 62 70 53 35 52 48 26 25 25 24 3 5 43 79 96 5 39 6 6 26 80 
45 50 79 18 25 38 9 90 62 64 79 83 51 73 1 73 12 16 50 94 90 37 55 4 83 31 28 3 32 0 21 97 91 61 84 77 22 57 96 24 37 59 73 40 88 53 69 84 99 97 60 
20 53 5 97 28 27 47 98 79 69 84 98 46 12 35 55 74 71 20 67 12 70 86 84 76 20 33 98 95 14 0 27 6 76 13 25 82 90 39 79 8 86 80 64 41 19 39 96 22 86 17 
26 61 54 44 25 73 87 65 43 78 26 49 94 75 19 30 95 51 4 34 10 94 55 35 78 20 5 73 96 76 56 0 3 51 48 91 12 69 86 46 24 39 59 50 23 91 33 8 61 78 54 
37 49 58 47 85 90 21 76 95 28 34 50 39 2 75 14 89 38 85 56 67 59 46 23 48 4 19 59 51 36 85 97 0 90 46 55 15 7 91 58 48 20 53 4 37 24 40 38 23 66 56 
25 49 38 56 56 58 2 6 44 20 56 62 23 50 6 54 46 66 82 17 98 80 76 12 4 24 2 62 93 84 49 1 62 0 19 62 81 81 9 5 53 33 33 46 76 92 72 33 15 83 97 
80 77 22 55 13 7 94 83 41 94 91 80 57 32 71 44 37 89 92 10 37 68 78 81 90 69 66 90 89 73 96 36 32 64 0 1 83 81 50 92 2 83 66 95 3 57 20 7 32 78 9 
37 30 39 68 84 17 53 86 80 35 69 52 76 50 17 5 75 4 15 24 67 66 9 55 72 56 94 70 80 96 10 3 60 96 20 0 92 6 57 76 46 65 55 85 44 24 19 73 56 60 91 
71 69 86 55 46 24 17 89 13 30 66 25 79 40 80 66 18 50 12 97 83 69 93 33 5 61 65 25 31 51 38 81 41 90 52 96 0 2 41 42 59 30 87 84 86 52 66 94 77 64 92 
83 30 84 68 95 21 64 14 93 91 73 82 93 45 72 32 25 52 89 61 16 30 93 80 70 58 22 42 14 81 73 39 47 11 19 84 33 0 78 66 46 90 12 85 42 23 83 51 39 96 81 
41 41 70 41 58 83 44 46 69 63 89 20 48 57 30 3 33 42 73 16 98 80 74 75 62 13 42 25 34 59 94 24 76 14 29 19 9 48 0 24 49 17 85 95 9 87 90 23 95 98 8 
45 8 62 41 55 14 76 42 5 3 89 74 7 32 90 47 62 72 21 15 42 88 75 69 36 45 32 44 27 56 77 92 60 91 22 1 54 28 5 0 48 61 26 14 61 46 76 86 87 72 62 
94 64 37 25 57 24 2 6 40 28 94 39 13 25 15 11 34 86 85 80 94 89 29 95 25 66 85 42 29 45 13 9 21 96 87 98 70 16 47 90 0 59 31 7 59 10 24 71 56 62 16 
43 35 18 99 15 98 93 9 24 55 81 68 79 58 99 51 56 46 38 84 22 26 21 64 84 8 78 30 29 75 64 96 72 90 39 6 76 84 40 30 60 0 58 43 22 82 82 21 20 26 65 
40 62 24 70 4 39 39 33 39 4 92 77 68 72 85 48 62 21 50 53 36 57 6 86 71 33 63 9 90 8 1 92 27 20 53 21 66 33 44 89 96 14 0 2 3 30 7 73 71 45 53 
43 28 57 27 75 97 32 69 55 58 7 35 1 22 91 32 91 20 7 1 7 60 42 28 15 25 38 45 84 97 61 79 99 88 13 77 5 73 34 87 32 99 30 0 1 67 52 29 64 87 93 
20 4 83 52 64 42 68 62 12 52 59 12 81 67 99 14 62 60 55 47 1 81 52 59 54 33 40 68 81 6 32 45 79 53 4 13 18 34 67 52 93 20 8 18 0 23 59 4 50 88 4 
90 93 23 99 84 88 28 28 90 22 56 84 88 4 86 57 47 7 78 7 64 36 32 43 9 52 66 60 42 73 24 30 8 15 11 94 21 10 49 58 11 32 12 84 97 0 42 33 25 99 32 
71 60 30 40 10 23 1 92 49 96 68 83 96 33 88 75 68 87 69 27 33 97 33 14 63 48 16 24 84 29 50 53 39 10 48 83 45 47 70 26 95 37 42 86 92 79 0 32 36 16 57 
10 98 75 15 97 32 44 12 5 38 42 28 65 31 89 94 48 26 60 5 85 34 80 72 94 45 31 98 29 34 60 87 78 10 44 89 57 95 55 38 99 9 50 92 9 60 33 0 5 73 97 
50 15 92 55 71 34 50 17 15 25 77 23 35 94 6 53 74 81 77 55 14 89 52 4 20 57 61 53 75 29 43 69 16 95 11 39 51 78 84 10 29 34 92 11 24 98 17 74 0 41 65 
11 67 47 21 99 10 40 20 24 12 32 7 9 23 88 87 50 87 35 32 32 89 89 28 27 59 2 19 96 38 83 75 64 83 52 81 76 58 10 82 46 14 93 57 38 19 4 54 47 0 9 
46 30 66 64 42 38 15 10 81 58 68 79 95 73 2 81 82 89 2 39 38 21 97 84 91 41 84 11 99 44 69 21 24 78 84 7 39 82 8 19 77 38 42 39 79 61 61 63 47 3 0 
