n: 50
m: 4
Pi:U[1-99] 49 22 50 63 15 27 20 88 69 64 87 19 59 1 38 48 34 34 96 3 81 83 12 78 20 9 95 28 65 67 47 45 25 50 53 54 15 6 43 58 27 45 1 21 50 17 2 49 75 99 
Si:U[1-99]
0 28 46 56 3 25 61 13 21 34 99 42 99 90 91 49 40 99 25 40 99 99 99 99 99 33 99 99 99 22 99 22 99 40 45 75 99 39 6 99 99 57 99 49 99 75 79 78 99 69 57 
27 0 64 60 51 36 30 14 20 19 63 99 99 99 99 99 99 81 99 99 82 72 99 99 99 27 99 94 1 1 22 99 85 7 64 60 31 99 39 70 36 33 93 33 73 99 31 61 99 48 39 
5 31 0 54 15 6 57 16 0 60 61 99 75 48 64 52 18 79 33 99 99 99 99 75 49 93 99 76 4 99 69 99 91 99 99 66 75 99 93 73 99 99 99 39 34 99 97 99 6 82 46 
42 24 56 0 38 58 12 22 41 3 30 28 33 99 43 67 99 79 99 27 61 63 76 22 94 48 58 31 28 6 99 72 99 91 12 97 30 99 99 55 64 39 99 18 76 31 45 99 99 99 24 
52 58 51 12 0 62 47 11 38 52 99 31 99 99 28 12 76 99 99 36 27 64 21 99 25 24 99 87 99 9 27 21 43 37 67 79 85 99 48 22 7 99 25 7 90 99 99 88 99 99 31 
50 19 49 19 42 0 14 38 40 58 75 81 88 99 99 99 18 99 3 12 4 6 10 40 99 61 99 31 3 39 79 72 27 37 49 99 1 96 75 97 99 99 99 99 1 78 99 99 99 45 48 
15 20 59 44 45 56 0 14 57 8 99 99 51 81 4 75 76 66 96 21 99 7 13 66 39 99 82 90 67 99 99 94 55 1 34 99 61 7 39 12 66 99 34 28 51 6 81 67 99 55 51 
40 5 26 34 27 52 14 0 47 12 19 84 99 93 99 99 72 72 42 49 99 97 13 42 45 99 99 73 27 99 99 99 99 61 99 94 99 4 99 66 67 73 99 99 37 55 49 99 13 28 63 
60 4 38 56 42 48 34 54 0 56 12 67 99 99 67 93 99 73 43 51 67 61 70 99 99 64 1 84 99 99 67 84 64 22 73 99 15 99 99 99 99 49 6 51 4 7 22 99 40 40 82 
36 60 48 59 38 44 55 1 21 0 16 78 99 33 27 63 18 27 99 67 39 69 51 99 54 42 88 99 42 99 99 70 39 81 99 99 76 99 99 43 82 99 57 99 99 39 97 24 37 36 19 
51 99 99 67 75 54 73 73 96 27 0 9 63 40 55 24 28 36 26 12 99 99 15 99 63 99 42 99 99 99 99 61 67 69 33 24 9 73 61 60 72 82 70 39 67 76 58 70 99 37 36 
76 39 45 99 99 99 99 55 52 21 60 0 62 21 32 30 60 16 52 10 88 90 60 40 70 40 99 55 99 25 81 99 37 99 87 85 76 64 99 99 76 99 99 36 24 99 66 81 63 60 31 
36 99 52 46 99 25 99 25 99 82 26 54 0 2 28 12 28 38 20 8 99 18 99 99 99 94 91 6 51 99 91 99 99 30 37 1 99 16 76 18 99 99 13 16 99 99 70 99 4 57 99 
70 70 55 9 25 90 52 67 10 93 30 6 40 0 46 58 46 30 40 24 54 18 16 1 61 60 99 99 43 81 99 96 78 99 99 52 57 99 9 94 99 99 99 99 93 64 43 43 99 61 61 
99 24 99 36 99 99 99 43 1 94 45 8 26 33 0 18 48 40 54 23 75 6 76 82 19 99 99 10 69 42 84 54 76 33 99 43 99 57 22 99 72 99 4 99 67 67 87 46 99 6 99 
78 99 18 39 13 99 82 84 30 99 37 20 43 59 4 0 52 36 25 45 24 9 58 99 51 99 99 67 1 36 37 45 99 72 40 99 72 99 99 21 99 36 99 61 82 9 99 99 99 99 99 
94 34 87 72 99 70 46 13 18 99 12 65 58 4 65 10 0 48 50 44 99 99 31 99 10 99 99 67 75 99 94 99 7 52 99 99 63 33 99 45 93 87 79 66 9 99 84 99 16 82 99 
52 99 99 75 9 99 99 99 91 34 58 16 35 13 5 17 62 0 62 4 45 37 73 99 99 57 39 37 99 99 99 67 85 81 99 21 99 60 99 99 37 49 58 28 46 99 99 99 66 30 34 
87 73 99 55 99 79 99 36 21 99 54 61 29 37 50 26 23 51 0 58 99 99 33 99 12 27 15 64 10 10 96 88 87 78 99 99 63 99 99 73 88 99 99 40 61 51 15 34 27 33 75 
1 25 97 18 99 75 49 57 85 99 4 30 51 20 26 8 41 28 45 0 21 63 99 63 99 63 21 85 99 85 15 69 99 99 36 99 91 99 94 99 7 48 28 93 99 9 99 51 90 16 7 
96 69 99 99 78 12 84 99 34 99 61 55 72 37 16 40 60 40 34 99 0 12 53 8 6 24 26 19 60 11 93 73 96 45 60 73 3 99 64 58 84 4 87 12 39 60 96 30 99 99 99 
10 51 99 99 96 99 93 99 70 22 99 6 37 63 22 96 18 99 99 99 56 0 40 19 62 13 58 26 33 25 12 66 52 49 99 31 18 99 99 91 78 19 99 99 15 99 4 94 84 90 99 
16 63 67 99 99 34 91 67 70 15 99 99 7 13 36 99 43 99 51 81 20 48 0 14 53 60 32 61 30 24 78 63 99 66 85 61 93 99 63 31 22 57 54 99 99 99 99 73 60 76 7 
27 99 93 99 46 39 99 45 99 87 34 99 99 99 7 67 82 40 84 6 30 21 44 0 12 44 36 37 6 24 87 88 99 27 76 3 70 54 64 18 99 34 99 78 27 99 99 99 99 99 99 
36 99 85 94 1 99 99 91 22 94 88 99 93 42 81 99 99 99 99 99 54 59 63 53 0 24 28 2 61 12 18 99 99 49 25 72 82 76 99 16 84 99 69 82 66 70 81 69 99 99 49 
99 85 90 99 70 72 99 67 91 69 99 99 99 12 99 99 81 21 90 99 2 10 8 58 6 0 3 52 21 42 99 60 85 43 99 94 97 99 99 87 54 99 30 85 99 45 88 99 99 39 99 
84 99 99 61 99 30 99 67 99 43 52 16 99 99 52 99 12 27 49 19 24 18 46 40 2 20 0 28 6 58 99 6 90 30 99 99 58 99 13 39 66 12 9 93 99 64 99 48 52 99 52 
21 1 99 99 27 37 99 30 60 99 21 99 4 42 99 99 13 67 39 70 0 6 6 62 18 10 12 0 42 1 10 63 97 88 99 94 6 99 27 84 82 9 45 25 58 99 99 99 3 15 72 
99 99 69 40 55 22 61 49 99 9 99 1 12 99 12 99 3 99 99 37 46 55 31 36 36 10 10 12 0 12 1 33 72 99 99 94 6 99 28 40 99 76 33 57 99 30 99 34 19 99 67 
99 99 99 99 70 1 99 9 99 97 60 99 99 37 96 51 73 66 6 58 21 66 37 60 30 32 23 40 61 0 99 52 99 82 99 99 99 61 99 42 33 99 10 99 33 99 31 69 99 99 69 
40 7 99 52 37 6 4 99 99 99 99 9 99 99 88 15 99 13 24 24 99 91 45 99 99 99 66 39 73 42 0 34 21 6 33 18 2 17 63 29 99 36 99 96 13 99 4 99 99 48 99 
99 28 10 64 39 49 12 66 99 15 99 57 99 99 99 31 75 99 99 66 99 30 99 90 9 79 99 60 43 99 34 0 43 42 42 3 35 48 18 34 91 87 99 3 99 66 45 10 42 42 73 
82 3 99 58 94 55 73 78 7 21 52 42 97 76 91 99 46 99 58 31 99 99 4 63 90 61 99 18 54 16 60 6 0 31 16 30 33 39 14 24 36 93 63 55 55 99 99 88 97 12 96 
45 12 99 79 99 45 99 48 21 51 24 1 18 9 78 30 96 37 99 99 99 99 13 9 99 30 99 99 76 99 46 63 2 0 50 33 18 10 2 8 31 75 51 46 93 99 96 99 64 99 37 
99 84 12 99 70 93 48 81 36 99 91 99 3 78 24 99 46 4 88 66 79 99 18 99 31 55 19 99 99 49 30 50 52 52 0 54 26 28 26 0 73 16 99 69 99 28 6 99 79 99 52 
90 99 99 39 25 99 99 99 63 94 99 99 6 97 33 99 79 52 46 99 46 99 99 75 30 99 99 99 12 87 3 61 1 4 36 0 23 18 30 36 99 43 99 99 99 88 7 3 99 22 54 
10 88 63 99 73 87 27 99 51 33 99 97 99 99 99 61 99 30 60 99 99 99 85 99 28 73 99 99 99 79 53 16 37 58 32 66 0 39 29 32 64 99 99 4 99 99 45 67 67 15 54 
33 84 99 42 99 99 54 49 99 99 99 93 99 25 24 46 91 63 99 49 99 99 67 99 28 60 63 99 61 40 64 2 38 32 29 29 57 0 30 14 99 81 99 88 82 33 99 99 99 13 99 
18 99 63 82 19 99 99 99 94 99 85 12 99 63 42 91 99 99 99 49 99 66 99 99 57 99 37 10 99 99 42 44 52 46 19 60 2 40 0 54 94 87 48 96 99 60 99 66 99 15 99 
49 12 99 10 99 99 55 99 39 87 76 57 99 82 76 94 43 49 88 72 42 99 93 99 9 99 99 24 67 49 31 38 26 40 10 43 57 51 52 0 19 64 19 75 99 99 99 21 99 99 18 
99 4 96 49 76 90 99 99 31 12 1 99 13 99 99 99 99 16 63 55 22 72 52 28 99 99 76 69 99 99 9 99 99 33 99 99 99 49 70 60 0 49 15 40 10 22 6 27 14 8 99 
99 99 51 99 31 99 99 99 90 99 76 99 99 96 97 99 99 70 99 63 99 13 99 78 85 82 51 63 58 99 99 99 99 82 99 75 16 81 51 99 4 0 16 12 40 30 0 59 48 14 99 
58 34 99 69 63 31 18 40 22 90 67 99 99 99 10 43 13 99 99 99 7 43 76 45 58 51 36 99 99 99 24 55 99 46 58 99 49 91 6 99 21 39 0 52 26 62 64 10 19 55 18 
73 99 97 99 36 58 43 22 84 21 99 90 10 12 16 13 99 90 96 31 63 3 22 99 49 31 99 3 88 15 24 54 99 39 46 39 99 1 99 48 65 52 44 0 38 34 14 27 12 58 54 
99 45 99 7 52 72 99 58 99 6 1 93 66 51 39 31 58 94 7 16 99 87 25 99 67 75 87 99 66 3 75 18 99 36 99 69 52 66 6 54 62 8 24 33 0 59 41 43 39 54 99 
90 34 91 67 99 19 99 99 3 19 64 88 33 99 99 99 85 99 99 99 99 21 99 55 94 42 99 51 54 81 19 99 99 85 67 94 33 57 51 16 33 3 53 19 12 0 8 12 58 46 40 
63 36 99 24 99 76 79 10 39 99 81 33 66 69 39 99 85 99 99 99 42 4 99 99 49 99 99 99 99 54 49 54 57 97 99 99 99 99 70 45 36 66 33 48 48 48 0 25 62 10 99 
99 70 99 96 85 64 24 99 79 57 18 78 16 99 27 96 93 24 78 99 1 33 3 99 99 99 40 55 81 7 55 60 99 99 73 19 36 22 99 66 36 10 50 31 58 32 48 0 10 47 39 
73 91 79 99 16 96 99 58 99 99 34 99 99 99 73 36 91 96 4 42 99 99 99 99 73 99 99 99 1 3 99 81 87 25 39 99 99 88 90 99 43 47 20 6 39 62 24 64 0 54 31 
22 99 99 57 18 99 39 18 13 99 12 85 99 99 55 73 99 58 79 99 45 12 99 27 45 33 39 15 99 69 99 28 99 70 90 90 40 4 99 67 44 48 54 50 29 60 62 15 18 0 54 
15 37 99 34 99 99 3 99 87 30 99 39 27 18 31 70 99 73 99 99 99 75 99 99 63 52 99 51 51 37 61 42 22 84 43 15 75 81 21 18 99 99 99 51 24 61 94 93 61 99 0 
