n: 50
m: 4
Pi:U[1-99] 2 50 74 97 16 95 48 80 56 3 79 71 15 23 42 47 66 63 43 77 95 49 93 8 39 46 98 30 22 58 8 7 15 87 94 44 5 29 35 32 62 9 38 53 9 92 56 97 68 43 
Si:U[50-99]
0 41 58 62 55 50 60 59 59 33 76 96 99 99 99 99 99 99 99 99 99 99 99 99 99 99 99 99 99 99 99 99 99 99 94 99 99 94 99 99 94 94 99 94 79 99 99 99 87 99 99 
61 0 63 42 52 45 48 62 60 37 99 85 99 99 99 88 99 99 99 79 99 99 99 99 93 99 99 79 99 99 99 99 99 78 88 99 75 93 91 99 81 76 99 76 99 81 99 99 99 99 81 
65 57 0 49 52 57 65 38 56 38 91 99 93 99 99 87 99 99 99 99 99 99 79 99 99 82 76 99 99 99 99 99 99 99 93 99 99 99 99 93 99 99 99 99 88 99 99 99 99 82 99 
59 38 58 0 34 56 36 59 36 33 99 99 99 99 90 96 99 85 99 88 99 79 78 97 79 82 99 82 99 85 99 99 88 99 99 99 99 99 96 91 99 99 97 99 99 85 99 99 96 99 99 
36 40 54 34 0 57 56 48 57 58 99 91 99 99 99 84 99 75 82 99 99 99 99 87 99 81 99 88 99 99 99 85 99 75 99 99 94 99 99 99 99 99 84 87 99 81 99 99 99 99 82 
42 45 59 35 54 0 60 40 56 39 99 75 88 84 87 99 99 75 76 99 99 99 99 99 99 99 97 99 99 99 82 99 96 93 99 97 99 99 99 99 99 99 99 99 84 99 99 99 99 96 85 
52 48 56 33 63 47 0 62 39 49 99 99 99 99 99 76 99 85 99 99 79 99 99 96 99 88 99 79 99 93 99 99 90 99 99 99 88 99 97 87 99 99 99 85 99 99 99 90 88 99 99 
64 38 62 47 62 56 61 0 42 42 99 99 79 99 99 99 99 96 91 99 79 99 99 99 99 93 99 99 93 99 99 99 99 97 99 99 99 99 99 90 97 79 99 87 99 99 76 99 99 96 99 
58 36 40 44 46 46 36 63 0 60 76 99 99 94 99 85 99 99 99 99 99 99 99 88 84 99 90 99 99 99 78 99 99 99 99 99 99 99 84 99 99 87 84 99 91 99 76 84 99 91 99 
43 52 37 37 35 60 52 59 44 0 99 99 99 97 99 99 99 99 99 99 96 99 90 99 99 97 91 99 99 99 99 78 99 99 99 99 90 99 97 99 76 99 99 79 76 99 99 99 94 99 99 
76 99 99 91 82 99 99 91 82 99 0 59 64 48 36 38 34 43 54 54 99 99 99 99 99 87 99 79 99 99 91 84 99 99 99 99 99 99 99 99 99 99 99 85 99 93 99 99 99 75 82 
99 82 94 99 85 99 99 99 85 99 58 0 47 35 41 56 36 62 50 36 99 99 99 99 99 99 99 99 76 75 99 99 99 99 99 99 99 99 99 99 99 81 90 99 81 88 99 99 99 99 99 
99 81 79 99 84 99 99 99 99 99 40 62 0 38 47 58 52 42 33 55 99 94 99 88 82 94 96 99 99 87 99 93 84 91 96 88 87 99 76 82 99 91 99 99 99 79 99 99 99 99 99 
93 99 99 79 99 78 88 84 99 99 42 47 52 0 58 56 63 38 52 64 96 81 81 79 99 96 99 99 99 76 99 94 99 99 88 87 99 99 90 91 99 99 99 99 99 99 84 82 99 88 99 
99 99 99 99 99 99 99 99 99 99 50 48 57 36 0 58 51 45 48 47 84 99 99 99 99 96 99 99 99 99 99 99 99 99 97 99 99 99 99 79 99 99 99 99 99 99 99 84 99 78 99 
84 99 99 85 94 93 99 99 84 99 42 60 58 38 59 0 35 66 37 33 97 99 99 99 79 99 99 99 99 99 99 76 97 87 94 99 93 97 99 99 99 99 97 99 99 99 96 78 99 96 99 
91 99 99 99 88 93 81 99 99 99 58 47 42 52 49 46 0 55 60 66 94 99 99 93 99 99 99 91 96 81 99 88 99 99 99 99 99 91 99 99 96 93 94 91 99 94 99 99 99 99 79 
76 99 99 99 85 99 99 99 90 99 40 48 36 47 48 52 47 0 50 33 99 99 88 99 99 99 99 99 99 99 75 99 99 99 99 99 99 99 91 91 81 93 99 99 99 99 99 96 94 99 99 
99 99 99 94 99 85 99 99 84 78 55 38 57 51 36 46 54 47 0 54 79 99 99 97 99 99 99 99 99 99 99 75 99 99 99 99 99 99 99 99 99 90 99 99 99 99 84 99 99 99 99 
78 99 99 99 99 99 88 99 99 85 37 44 42 56 33 42 63 42 46 0 99 97 99 87 82 84 99 99 99 99 82 82 88 99 99 99 99 99 97 82 84 79 79 85 94 87 99 99 99 75 99 
91 87 99 84 99 99 93 99 96 99 97 99 78 99 99 99 99 99 99 99 0 44 44 63 49 38 55 64 59 52 97 94 84 99 99 99 99 99 99 99 99 99 99 99 99 99 99 99 99 99 84 
99 93 99 99 99 88 99 94 76 99 99 99 93 99 91 99 99 99 99 99 65 0 34 37 58 44 53 56 64 59 82 76 99 91 99 99 99 96 99 75 99 99 99 76 99 99 99 87 99 76 79 
99 99 99 99 99 91 99 97 99 99 91 99 78 99 99 99 88 99 99 99 60 60 0 54 57 41 37 42 60 52 78 81 99 99 99 76 99 91 90 99 99 99 99 99 99 99 99 99 99 85 99 
91 99 79 99 99 81 79 88 99 99 99 90 99 90 85 99 99 99 96 99 47 64 33 0 33 40 39 34 45 34 99 99 99 96 99 99 99 99 99 91 99 99 99 99 99 99 90 99 99 88 99 
99 99 85 99 99 99 99 99 99 99 99 99 99 78 99 76 96 99 99 78 55 64 45 34 0 34 45 34 47 42 99 84 99 99 99 87 99 99 99 99 75 96 90 88 99 99 99 99 99 90 97 
96 99 99 99 99 99 99 99 81 99 99 99 99 81 99 99 97 99 99 99 45 41 64 52 57 0 58 40 64 62 99 99 97 99 99 90 99 99 99 87 99 94 97 78 99 99 99 99 99 93 99 
99 99 99 91 99 96 99 97 99 99 99 82 79 88 91 99 99 99 75 96 45 37 48 38 34 38 0 46 54 37 99 99 99 99 99 99 96 99 99 87 93 88 99 99 99 99 91 99 99 99 99 
99 75 90 90 99 99 99 93 99 99 79 90 75 99 99 99 99 94 75 85 44 39 34 57 34 60 56 0 51 38 99 99 99 99 99 81 99 99 99 99 99 99 82 99 99 99 76 87 90 84 88 
99 99 99 97 99 94 81 88 99 93 96 94 99 99 79 75 99 76 99 99 48 38 46 46 55 36 54 38 0 33 99 99 99 76 99 99 99 99 99 99 93 99 99 99 90 99 85 99 99 99 99 
99 99 99 99 99 99 99 93 76 99 99 99 99 84 99 99 99 91 99 99 62 36 52 44 54 40 34 44 64 0 99 99 99 99 81 79 99 99 99 88 97 75 99 82 99 76 99 87 90 78 97 
93 99 99 99 90 78 99 99 99 99 99 99 96 99 81 99 76 99 76 85 99 90 78 82 99 99 75 99 84 99 0 49 60 52 60 40 34 45 57 64 99 99 82 99 81 99 97 99 99 93 99 
99 99 99 99 94 99 99 78 99 91 99 75 99 99 99 87 99 99 88 99 99 99 99 99 78 99 79 99 99 78 42 0 40 64 49 46 58 55 42 38 99 94 99 90 99 99 99 99 91 84 99 
99 99 79 99 99 99 99 94 99 99 99 99 87 99 85 99 99 99 99 99 99 78 99 99 81 99 99 99 91 94 50 66 0 52 46 42 52 40 54 55 99 76 99 99 99 99 99 99 99 99 99 
99 96 88 99 99 99 99 99 99 99 97 99 82 99 87 99 82 99 99 90 99 99 94 99 99 78 99 99 85 99 51 64 50 0 38 47 35 41 38 43 99 96 99 99 93 99 99 75 99 75 99 
99 88 99 93 99 99 99 97 99 97 81 79 99 91 99 93 90 99 99 93 99 99 85 81 99 90 85 99 99 99 45 65 57 36 0 38 40 57 54 34 99 81 85 99 99 99 91 99 99 99 99 
99 99 99 81 90 81 99 99 99 99 99 94 85 99 99 75 99 99 99 99 78 99 99 99 99 76 99 99 99 93 34 64 42 59 65 0 61 60 45 61 90 75 93 99 99 90 99 85 84 75 88 
84 85 99 99 99 79 99 99 99 75 99 79 99 99 82 99 99 84 99 97 99 87 99 99 99 91 99 99 99 99 46 60 56 51 46 58 0 42 42 49 99 96 90 99 85 97 99 91 99 87 99 
79 85 91 97 76 99 99 76 99 99 81 82 84 85 94 78 99 99 97 99 91 99 99 84 99 75 79 99 99 99 34 49 39 60 50 44 59 0 48 52 99 75 97 76 99 87 99 99 99 99 99 
99 99 82 99 81 99 99 85 99 99 99 99 99 99 82 99 81 99 99 99 85 99 99 99 99 99 94 99 94 81 43 45 61 44 54 64 50 60 0 42 99 88 90 88 99 99 99 99 76 99 97 
99 99 99 99 99 99 97 99 99 99 84 99 81 99 87 99 99 84 99 99 99 99 99 93 99 87 75 99 85 99 53 43 33 56 34 40 64 33 45 0 99 75 84 99 99 97 99 99 81 99 99 
75 99 99 99 96 99 99 99 94 99 99 99 99 99 93 99 99 99 99 99 93 99 99 78 99 99 76 82 97 99 99 99 99 99 99 99 99 99 87 93 0 52 54 58 61 44 54 33 35 65 99 
99 76 81 99 99 99 99 99 99 99 94 99 99 81 99 76 99 99 99 99 99 78 99 99 96 99 99 99 99 99 75 99 91 99 99 75 76 99 99 99 50 0 38 58 56 47 38 33 47 41 99 
99 75 99 99 79 93 99 97 99 99 99 99 99 99 99 99 99 99 82 99 78 99 99 99 99 91 99 99 99 99 90 82 99 99 99 99 99 99 99 99 57 60 0 62 56 64 34 33 37 34 99 
99 99 99 99 99 82 99 99 97 85 99 99 99 91 79 99 75 99 99 88 99 99 99 91 97 99 88 96 99 94 99 96 78 99 99 99 99 96 99 99 53 45 64 0 58 51 46 33 40 40 84 
99 99 99 76 99 99 90 91 88 99 84 99 99 87 99 76 99 75 99 99 99 91 84 88 87 99 99 99 91 99 99 87 85 99 99 99 99 79 99 87 42 44 48 35 0 36 40 60 63 56 87 
82 99 99 99 94 99 79 99 99 99 99 99 99 99 99 99 75 99 87 82 96 99 99 99 91 99 99 97 99 99 99 99 99 99 84 99 99 99 99 99 44 58 61 34 63 0 47 50 37 57 99 
99 96 99 99 99 90 94 99 99 93 99 78 99 79 99 99 99 94 99 99 99 99 99 99 99 99 99 99 99 99 99 99 99 99 85 99 99 96 99 99 66 40 43 39 42 38 0 46 59 34 97 
99 99 75 99 99 99 88 99 99 99 99 99 99 99 93 99 99 99 99 99 99 99 82 99 82 99 99 99 99 99 99 99 78 93 99 84 99 87 78 99 66 38 44 60 58 43 43 0 50 46 81 
97 94 78 99 99 99 99 99 99 99 99 99 99 99 99 94 99 96 99 94 99 99 88 76 79 78 79 99 75 99 99 99 99 99 99 99 94 85 79 99 60 64 62 52 38 62 63 58 0 62 87 
99 94 99 88 99 99 99 99 99 99 99 99 93 99 99 99 99 99 99 99 99 99 99 81 81 99 78 99 99 81 99 99 99 88 85 99 99 99 99 99 42 62 41 53 51 47 45 62 62 0 97 
99 99 99 99 99 99 93 91 99 94 87 99 78 99 99 99 88 91 87 99 91 99 99 99 99 99 81 99 99 99 99 99 99 99 99 94 78 99 99 99 99 93 93 99 82 99 97 96 99 79 0 
