n: 50
m: 8
Pi:U[1-99] 51 21 87 47 89 66 21 53 48 9 89 12 77 70 3 89 29 41 8 74 81 70 5 95 48 87 70 23 83 32 61 81 9 42 75 62 25 51 8 90 97 20 35 19 17 41 77 26 28 46 
Si:U[1-99]
0 16 5 4 41 40 5 32 4 25 99 99 3 87 57 24 57 99 99 99 13 99 54 7 76 99 61 67 99 72 30 63 99 63 63 1 70 24 19 28 3 99 99 79 37 99 63 34 57 99 99 
5 0 11 40 10 30 49 8 20 48 1 52 99 78 4 99 99 66 13 99 72 99 72 99 52 67 99 78 30 57 63 99 31 36 45 12 76 75 99 99 9 33 94 99 99 99 99 12 84 40 36 
65 24 0 57 48 47 7 13 65 23 99 42 99 99 99 60 99 40 99 51 39 18 78 60 25 30 99 16 33 7 99 54 99 15 25 7 99 19 99 94 61 99 99 75 10 73 61 99 99 9 73 
61 30 58 0 18 52 53 48 44 33 30 6 99 99 57 85 3 51 96 3 22 36 55 46 9 3 49 94 7 22 6 42 40 99 99 22 99 99 12 16 54 1 99 31 79 99 7 61 99 99 90 
38 59 28 5 0 22 46 34 51 9 87 7 99 99 43 18 99 99 52 97 66 70 7 36 90 99 63 60 42 70 64 49 7 99 34 21 99 99 81 99 99 99 90 57 58 78 33 99 7 73 25 
30 62 21 36 39 0 61 45 50 52 30 99 60 99 99 67 57 60 99 57 25 99 10 16 99 28 75 99 15 99 90 96 99 99 79 99 1 18 99 82 99 99 63 45 34 78 61 99 31 93 99 
22 21 21 10 22 50 0 17 14 40 99 46 24 99 99 67 42 99 84 21 99 15 18 99 99 9 87 82 19 21 63 99 99 91 75 99 99 31 1 99 54 99 99 91 99 6 45 99 27 82 99 
64 50 38 16 5 62 40 0 38 34 1 99 99 37 99 75 25 78 75 99 64 51 99 61 24 99 15 99 97 99 21 99 93 69 99 24 85 99 78 99 99 99 22 81 4 84 3 37 40 19 88 
36 22 50 16 51 58 36 64 0 29 54 7 82 99 90 99 28 99 58 64 99 3 99 76 4 15 99 1 99 99 99 99 99 22 99 93 25 45 99 99 3 99 99 97 19 1 54 48 99 39 22 
40 22 42 38 56 40 47 36 54 0 55 78 99 13 99 46 1 21 76 22 51 97 99 43 4 84 99 70 99 99 99 30 28 99 12 99 19 12 43 84 99 42 99 73 93 87 69 99 87 84 9 
99 99 42 99 99 91 6 81 99 99 0 6 39 45 16 65 20 47 36 64 46 58 91 99 4 99 16 99 85 3 99 99 42 99 72 18 43 34 67 30 55 87 99 70 54 99 85 99 88 18 99 
99 25 63 70 60 93 99 99 69 58 4 0 28 6 40 24 6 25 45 58 99 21 99 1 84 99 99 63 46 43 63 57 94 88 51 99 73 37 99 4 13 9 30 21 79 99 99 7 52 99 99 
69 99 99 99 75 1 84 52 21 99 35 51 0 18 60 45 62 48 2 24 99 12 54 24 99 99 99 99 39 64 99 39 15 91 99 99 21 46 99 51 34 48 99 99 31 99 46 99 39 7 43 
99 52 99 99 54 85 99 36 79 70 34 6 35 0 32 32 6 22 4 21 99 84 76 99 99 99 99 45 99 40 46 58 46 52 66 31 78 99 84 16 28 76 90 99 13 9 75 34 75 67 49 
64 99 70 76 9 51 99 58 99 30 24 38 35 12 0 12 57 14 65 40 1 24 33 33 42 57 31 1 99 99 87 39 39 99 28 99 90 99 99 69 40 1 43 58 99 4 69 97 99 36 58 
54 27 99 85 22 49 63 91 99 99 21 14 39 37 49 0 64 18 46 42 28 61 99 31 33 99 87 97 78 48 13 25 99 13 87 36 37 99 72 99 75 42 4 99 90 63 99 78 4 37 99 
99 99 81 55 61 99 49 99 99 25 13 7 49 14 43 56 0 58 11 36 22 99 91 4 99 87 84 25 99 9 16 87 70 81 85 61 99 99 58 99 34 24 69 99 42 97 99 99 99 99 6 
16 39 24 48 81 85 82 99 88 46 37 26 32 9 18 48 50 0 28 51 96 55 78 78 94 99 18 99 69 99 45 52 99 99 39 99 99 37 52 46 7 15 42 82 10 99 99 85 99 90 99 
27 99 46 99 19 79 4 82 61 16 66 42 66 29 12 62 19 56 0 9 99 99 28 99 43 99 93 34 99 70 91 99 99 94 21 3 99 99 7 9 79 1 99 79 30 57 28 99 1 43 99 
99 7 99 79 40 99 1 60 73 27 39 44 61 46 48 48 16 56 6 0 55 82 52 96 91 55 66 45 55 99 46 45 18 99 58 84 75 99 34 58 49 57 99 25 99 9 15 99 72 99 54 
42 99 85 93 21 87 99 61 94 85 99 40 30 99 55 21 87 57 99 57 0 33 27 12 58 29 60 4 51 27 30 99 99 99 1 43 99 99 58 52 99 45 21 99 79 99 91 63 45 99 99 
99 30 87 12 76 99 13 21 16 40 66 51 18 99 45 99 72 99 84 97 50 0 38 34 1 8 44 61 59 17 54 93 93 81 40 24 46 52 85 19 99 72 99 48 99 25 63 18 24 99 63 
61 99 64 31 99 84 96 60 99 99 9 54 99 99 25 21 36 99 52 99 40 62 0 56 29 64 40 0 20 48 43 64 99 67 99 39 84 99 39 99 30 99 34 99 99 21 99 64 55 99 67 
99 37 31 52 99 99 25 36 51 37 99 57 79 99 99 31 73 67 99 99 28 30 20 0 2 15 20 62 2 52 9 99 42 99 96 99 96 99 99 99 87 66 93 99 99 45 99 99 99 99 85 
69 36 79 22 99 99 33 13 10 49 34 99 40 37 99 37 31 81 99 55 65 50 64 65 0 38 20 18 2 41 69 99 99 72 24 45 99 99 28 99 21 99 16 63 42 99 99 99 99 97 30 
99 39 55 99 84 64 99 99 99 34 33 99 99 1 12 99 99 99 31 99 54 7 10 6 8 0 35 4 4 47 7 99 52 99 99 75 79 24 18 97 99 13 43 99 24 4 45 99 30 99 73 
99 60 99 22 99 99 76 54 37 99 79 88 99 69 63 54 28 27 78 99 52 35 30 11 0 38 0 22 21 16 60 40 76 43 12 48 63 99 58 99 79 82 99 99 67 99 25 99 39 82 58 
57 51 48 24 96 99 72 15 36 22 87 33 30 31 87 82 49 99 99 1 53 13 41 14 54 24 36 0 60 34 33 99 9 66 33 22 4 99 33 99 99 99 75 75 99 99 15 6 99 72 49 
99 99 28 12 64 99 73 99 12 51 72 99 75 99 99 48 57 13 40 78 38 43 60 20 65 51 66 44 0 60 66 99 52 3 99 99 33 99 22 40 21 4 99 99 58 67 25 7 49 99 64 
99 48 51 67 45 99 99 15 15 82 16 15 99 99 10 99 45 61 97 45 52 20 43 56 46 28 64 3 65 0 15 99 93 19 99 99 73 82 54 75 69 63 91 30 96 55 84 72 99 87 28 
19 76 99 42 46 99 90 10 99 46 99 99 99 45 99 97 99 70 10 67 99 99 24 99 99 99 18 48 12 60 0 13 37 52 55 40 12 36 7 66 99 6 99 99 42 9 37 99 91 94 75 
99 99 99 99 42 21 99 72 99 18 99 46 99 7 81 75 28 48 99 21 88 99 99 99 99 87 4 46 99 6 38 0 64 46 43 50 20 43 19 14 12 99 3 46 99 99 9 39 73 99 30 
73 99 52 99 84 99 48 99 42 34 81 75 55 12 39 42 64 99 30 87 39 99 28 40 7 99 99 99 27 52 66 34 0 17 34 47 8 54 40 46 99 7 99 18 39 69 70 99 94 58 51 
99 99 99 81 67 46 99 99 99 99 87 21 99 99 69 99 27 99 99 66 61 13 60 10 3 13 99 55 10 18 46 23 28 0 48 2 60 14 13 38 99 40 99 7 18 12 84 61 58 79 99 
69 99 70 81 99 60 69 99 40 99 52 94 99 69 99 43 69 9 99 75 84 99 1 94 24 30 58 79 99 99 20 17 19 14 0 29 35 58 18 51 76 67 99 39 48 90 99 99 99 99 85 
85 99 99 24 99 1 15 75 63 99 51 4 16 63 99 73 99 72 7 99 81 7 81 99 93 16 99 4 61 99 38 6 10 18 44 0 16 26 58 11 60 45 82 99 99 99 55 99 30 99 67 
99 81 84 33 25 16 49 99 90 99 46 58 99 69 99 99 99 33 99 70 93 67 99 46 16 6 99 90 99 99 61 49 57 12 6 46 0 65 11 3 78 70 60 99 99 48 99 45 99 18 97 
45 7 82 45 45 99 79 54 99 31 43 21 99 99 73 79 24 46 99 99 99 76 69 99 64 99 99 3 49 93 30 64 38 16 18 50 64 0 23 14 36 99 1 13 13 99 54 37 99 45 22 
99 33 99 99 99 75 22 57 21 99 16 99 42 99 99 48 99 99 19 85 13 36 55 99 90 51 45 99 99 99 18 28 32 55 58 30 28 64 0 26 97 99 99 64 10 3 91 99 99 99 99 
75 24 96 99 3 37 3 55 45 51 49 99 87 9 99 34 99 75 99 1 99 12 18 46 61 31 4 99 99 51 58 54 40 18 15 63 36 20 31 0 55 99 99 96 91 94 99 60 99 99 84 
99 43 21 82 16 87 10 72 99 18 34 22 87 73 34 22 99 90 10 73 43 99 99 58 99 99 99 99 99 19 99 99 27 99 99 99 45 99 16 22 0 54 53 23 65 36 59 12 54 6 99 
78 25 78 51 93 99 99 12 64 78 99 60 52 99 99 3 40 76 57 99 12 25 99 64 99 99 15 78 28 33 30 33 99 7 9 60 99 21 16 99 21 0 14 10 44 40 50 24 40 32 18 
99 99 30 73 70 13 66 99 99 99 99 54 45 78 61 37 45 31 52 96 60 99 12 40 99 15 99 99 99 99 99 61 96 51 99 99 99 31 88 99 42 43 0 28 61 64 48 64 27 65 33 
43 99 99 39 16 99 63 58 99 28 97 99 15 25 99 10 31 99 27 13 13 39 7 84 13 99 28 57 99 45 93 16 99 94 34 67 55 79 99 57 54 54 15 0 24 33 30 61 62 43 91 
45 81 99 99 99 84 18 22 99 79 64 3 36 10 99 99 67 9 99 61 87 84 96 99 45 16 63 96 97 21 99 12 72 57 33 97 99 36 61 43 17 43 27 16 0 32 48 61 6 36 99 
51 58 60 99 40 1 3 22 99 99 31 67 99 54 39 66 57 24 99 16 99 7 88 99 12 93 18 6 25 99 99 19 99 42 72 58 99 40 34 48 38 12 16 20 30 0 1 37 50 40 99 
61 24 81 49 75 9 7 18 27 54 99 90 82 99 99 25 99 99 99 25 85 22 99 48 99 54 19 43 46 76 99 18 99 25 55 33 73 72 55 99 50 62 54 50 54 22 0 11 22 3 63 
99 7 66 76 99 28 75 79 99 99 90 67 99 99 99 99 27 13 1 58 99 99 99 7 84 54 42 18 99 9 30 66 30 94 49 99 64 3 69 15 63 10 34 8 48 1 20 0 10 28 63 
4 78 25 99 1 99 81 54 97 7 45 94 72 99 16 99 99 49 48 99 13 99 99 99 99 57 99 21 99 99 45 99 4 40 99 61 27 99 78 99 28 53 41 32 55 46 58 1 0 39 99 
16 58 76 84 99 76 37 99 18 22 99 99 97 99 9 99 99 97 99 91 99 61 54 87 91 21 34 1 31 13 99 94 93 7 96 99 58 99 51 27 60 8 52 52 10 5 7 66 52 0 60 
54 99 91 99 99 46 33 99 52 4 87 70 99 31 6 99 99 99 99 99 64 99 49 99 6 79 99 69 7 85 48 99 19 99 99 69 99 90 51 99 99 6 7 99 99 15 78 13 93 99 0 
