n: 50
m: 6
Pi:U[1-99] 70 5 42 83 43 93 56 93 33 29 45 72 11 86 90 31 67 24 73 70 48 52 94 83 22 86 13 7 74 62 74 24 90 89 49 23 90 83 54 63 61 75 53 23 24 80 26 31 46 44 
Si:U[1-49]
0 4 33 45 22 20 44 33 1 3 15 23 7 9 15 25 22 17 8 43 36 16 6 45 7 28 14 39 29 15 38 39 26 17 17 6 37 30 39 15 27 37 29 20 9 11 2 48 39 44 35 
16 0 45 9 27 23 29 30 5 39 11 16 37 35 14 4 7 10 41 1 34 32 3 43 11 25 4 24 29 43 19 7 34 44 40 31 26 4 43 20 29 2 7 16 21 40 31 14 5 32 45 
28 32 0 29 43 45 18 31 38 38 31 49 7 23 12 25 39 10 35 38 26 23 37 16 39 11 47 49 26 30 17 16 38 32 21 14 21 5 38 14 28 20 14 49 30 36 31 9 39 2 13 
32 27 11 0 44 48 37 43 20 7 32 14 32 23 32 37 28 24 12 46 43 1 27 44 4 35 25 7 48 18 33 11 31 41 11 35 21 45 42 27 13 19 12 3 25 25 25 37 30 36 32 
41 25 24 30 0 46 20 25 39 44 41 40 41 25 39 9 41 5 47 43 9 46 45 12 24 29 11 20 2 46 37 1 5 13 33 11 17 3 14 15 47 6 30 36 33 34 44 27 6 16 5 
13 46 29 21 35 0 6 19 14 29 48 12 46 9 36 5 27 28 25 14 28 41 26 2 19 25 41 39 17 4 35 41 2 23 31 19 22 33 34 17 40 2 45 48 27 35 3 23 40 7 41 
7 35 10 20 26 37 0 36 5 45 32 18 3 22 18 27 37 46 43 18 29 16 42 48 33 35 13 45 36 38 8 41 27 20 30 7 22 9 29 22 2 11 23 16 14 28 4 44 21 28 31 
39 27 38 48 36 29 29 0 18 30 34 21 41 29 11 43 2 30 10 17 8 7 46 29 38 8 2 9 48 16 10 32 12 22 21 47 43 38 37 27 4 15 32 35 33 8 14 11 14 40 34 
39 9 22 18 9 7 3 3 0 40 49 27 29 24 39 17 42 3 20 33 26 33 28 34 31 13 14 22 28 16 8 23 10 34 47 29 7 12 17 25 2 8 36 34 24 28 9 33 11 24 29 
9 45 30 13 13 47 9 14 44 0 15 49 20 4 19 29 36 26 46 9 12 36 43 23 15 28 48 38 41 33 11 20 39 41 46 40 7 33 24 43 43 48 41 15 7 29 8 5 30 11 19 
42 16 22 41 43 20 44 18 41 4 0 3 18 4 9 36 40 6 43 7 44 36 45 35 48 36 4 26 6 44 15 6 2 17 33 7 34 12 11 5 1 6 3 4 6 15 15 27 25 11 38 
2 40 31 37 16 23 1 30 18 4 6 0 28 6 24 47 34 43 1 17 34 5 28 37 7 37 37 1 43 43 4 2 20 19 45 25 9 30 20 37 44 49 20 15 1 11 4 27 41 9 12 
11 10 48 19 6 31 23 5 1 17 3 2 0 29 33 4 8 47 16 47 22 11 47 25 27 18 19 5 15 32 7 40 8 27 24 41 30 13 20 45 3 35 43 36 33 26 36 43 25 2 45 
18 12 47 19 39 4 28 45 19 37 18 4 42 0 16 2 32 40 7 4 45 2 48 22 31 20 14 35 39 2 10 25 39 44 25 4 43 9 20 40 9 29 29 23 5 16 16 41 32 11 22 
15 23 42 32 33 16 33 21 42 5 25 39 7 35 0 2 47 46 40 12 16 21 5 20 47 8 23 43 42 7 21 1 40 11 37 33 43 15 49 34 2 5 20 6 9 43 29 18 22 47 33 
23 6 22 9 27 13 22 43 28 10 49 13 15 8 48 0 34 29 36 24 41 14 14 47 18 26 23 16 23 40 24 5 3 10 20 39 2 6 43 24 45 24 22 18 5 29 14 26 20 10 49 
39 11 38 35 10 22 38 22 13 31 22 33 47 39 19 38 0 28 35 44 3 22 34 27 8 22 48 38 2 33 31 49 7 34 38 35 40 32 23 37 47 20 9 7 21 12 15 29 48 35 26 
16 27 21 43 46 1 2 16 34 2 47 24 29 22 46 43 2 0 15 25 49 36 19 43 47 25 19 27 36 21 45 27 29 38 16 21 31 6 2 2 47 37 25 10 14 28 42 11 23 39 45 
17 49 10 11 19 45 4 35 4 16 36 37 24 29 32 45 3 33 0 32 6 3 38 36 36 37 4 21 31 30 19 41 26 37 9 38 22 4 5 19 46 9 48 36 28 32 41 35 44 2 5 
21 31 24 27 33 8 23 13 7 26 40 21 6 27 49 31 7 23 28 0 45 18 15 33 9 37 8 18 22 14 33 26 48 12 36 21 4 7 20 32 49 21 27 31 16 5 12 38 8 35 4 
9 17 10 47 40 45 32 27 32 37 26 43 48 17 21 46 43 16 9 10 0 5 29 4 27 20 14 17 14 10 29 27 35 23 1 9 44 41 12 32 17 9 18 34 5 24 48 32 2 35 27 
9 4 35 37 16 35 22 7 6 21 21 47 3 37 36 36 41 43 25 39 42 0 15 12 6 16 41 4 20 26 1 27 48 44 27 32 4 28 21 42 35 42 18 10 37 2 38 30 47 15 23 
24 46 43 46 46 5 40 10 35 8 47 11 22 40 9 3 7 7 30 20 39 20 0 44 27 28 17 13 4 8 47 19 48 21 23 45 13 5 3 38 2 33 46 22 10 13 48 45 19 41 15 
10 42 48 3 3 49 23 19 5 13 20 35 7 19 49 7 35 6 7 33 11 48 27 0 34 12 22 30 11 31 32 46 47 2 7 24 42 40 19 37 46 30 38 28 46 29 18 21 38 12 27 
8 18 7 23 28 25 43 33 12 24 6 12 40 3 43 16 27 5 11 47 31 32 21 3 0 13 17 11 13 30 46 24 38 31 34 24 43 2 19 22 32 35 13 33 13 30 5 10 20 3 19 
49 1 49 7 8 41 11 45 23 45 20 21 49 27 37 34 36 1 33 23 42 19 38 44 42 0 42 26 32 2 6 17 15 35 47 31 39 3 41 8 35 8 23 12 16 12 13 20 33 7 46 
4 6 31 42 9 10 14 36 27 15 15 2 46 40 11 6 42 19 7 47 37 35 2 26 34 20 0 9 28 25 19 46 43 36 32 35 30 16 25 46 44 20 36 40 11 17 32 26 32 26 47 
6 32 33 38 1 12 3 25 40 22 49 24 6 4 14 4 45 43 30 47 2 41 21 13 30 30 38 0 44 44 19 49 4 24 6 16 14 15 34 34 6 26 39 11 4 4 20 4 16 1 27 
7 16 41 32 43 43 22 49 49 17 12 38 33 38 16 8 33 15 34 2 5 38 23 45 44 24 33 27 0 20 34 2 40 27 42 37 37 3 4 10 14 9 8 19 42 26 12 41 12 9 20 
37 12 22 15 7 29 5 23 34 11 32 9 38 42 24 44 48 2 10 7 5 42 23 20 23 29 7 34 4 0 48 47 34 23 29 37 41 24 27 19 43 43 21 28 36 38 21 13 31 9 26 
40 46 49 21 40 21 10 12 5 9 8 13 9 40 18 48 41 24 27 48 3 46 32 32 37 41 6 5 23 7 0 36 8 32 15 33 31 25 36 44 4 11 36 20 41 41 11 48 46 23 7 
32 5 41 49 47 7 30 33 37 23 45 22 13 48 12 1 37 25 5 10 1 32 43 13 19 1 41 41 41 42 8 0 43 14 33 15 2 6 33 15 48 10 10 22 48 23 46 5 22 30 39 
28 28 47 33 28 29 26 26 28 41 3 23 4 16 16 31 41 33 19 38 29 46 17 22 30 23 19 12 43 9 15 39 0 17 14 46 21 5 22 28 3 14 21 1 11 30 10 36 27 12 43 
45 10 34 46 11 16 22 48 17 8 10 17 30 25 31 9 26 11 18 35 13 1 26 9 13 6 17 48 30 46 1 34 46 0 24 13 3 5 23 21 47 47 7 7 3 26 21 12 3 46 18 
10 17 28 44 8 5 49 9 2 21 9 48 18 12 47 34 9 33 40 4 41 17 33 18 29 40 10 39 16 35 45 27 1 49 0 22 20 32 24 41 35 4 20 3 28 49 36 34 10 20 42 
31 23 3 38 26 17 4 2 20 14 36 31 17 5 45 20 3 28 7 41 39 14 30 2 35 7 29 38 19 18 43 44 9 47 47 0 45 27 33 5 16 48 34 12 26 44 24 48 29 36 14 
28 19 26 48 28 29 4 43 9 32 32 26 20 26 9 43 38 23 48 9 33 7 19 46 43 21 47 34 18 2 15 20 20 36 44 15 0 44 43 45 49 48 4 24 40 21 7 18 34 37 37 
18 14 27 13 21 9 39 12 27 20 29 37 6 12 29 41 49 49 45 29 2 34 33 46 26 43 39 16 38 39 1 15 2 24 12 21 46 0 5 33 40 6 36 21 13 23 48 1 2 32 4 
3 20 8 46 35 39 32 28 42 49 22 37 17 7 48 14 22 33 3 47 15 46 9 14 46 1 8 24 14 33 48 40 10 4 21 47 12 45 0 47 26 8 5 41 2 4 25 35 32 20 7 
10 36 43 29 27 34 13 32 12 17 31 20 2 6 17 3 5 5 22 36 18 6 31 47 9 4 18 43 12 49 27 20 26 5 27 35 43 31 33 0 23 22 18 36 31 18 3 38 31 18 36 
24 23 49 19 10 11 15 30 42 27 11 28 26 2 21 2 16 38 6 27 29 18 6 22 39 27 7 25 7 1 21 30 39 44 5 1 46 43 34 37 0 38 14 23 28 2 9 31 13 16 44 
9 38 45 40 31 24 42 5 11 37 40 27 31 42 35 43 4 11 17 9 6 41 18 28 49 45 20 10 30 42 48 10 20 22 40 15 13 39 8 16 43 0 3 44 1 26 21 15 48 5 10 
43 38 49 26 12 17 18 40 32 15 12 12 5 49 9 16 3 6 44 8 40 35 13 35 3 44 49 17 31 19 31 17 21 7 3 36 17 43 17 14 4 18 0 6 37 32 11 6 11 3 18 
32 45 39 42 3 4 8 16 19 12 4 40 19 12 29 36 21 16 13 8 6 13 47 3 47 16 33 48 45 35 37 14 1 17 46 8 22 39 44 9 26 28 7 0 9 10 8 33 12 23 18 
38 14 45 19 9 23 34 49 15 27 17 43 15 17 14 39 17 46 44 42 17 10 35 40 45 27 10 5 41 8 39 26 4 20 21 19 33 1 15 45 17 4 42 46 0 13 5 8 44 8 18 
29 18 10 5 32 14 16 5 26 22 3 18 38 19 25 3 26 9 5 39 48 13 5 18 11 12 38 18 12 40 29 37 2 16 36 24 6 48 23 3 31 20 25 23 45 0 18 34 15 46 42 
17 44 14 12 29 19 26 47 13 17 33 2 2 21 9 23 27 46 13 30 35 38 15 16 7 21 49 34 23 36 15 12 2 46 20 10 35 15 17 48 37 44 30 47 40 37 0 3 7 4 41 
17 37 49 26 36 13 40 47 46 15 28 14 48 31 41 33 38 9 9 1 27 37 26 37 2 38 32 16 7 37 48 7 33 23 39 12 25 45 24 8 37 13 14 21 2 30 24 0 17 27 30 
48 49 32 13 4 11 37 24 36 33 13 46 10 48 23 1 48 49 40 11 44 12 22 15 13 6 44 2 10 44 2 25 14 26 11 35 15 23 20 24 17 31 31 46 32 27 1 38 0 18 33 
37 14 45 15 24 6 20 19 10 36 22 32 41 23 27 8 47 33 2 27 12 22 40 48 37 44 16 25 43 47 35 35 25 4 6 4 19 5 18 9 34 38 4 19 44 5 31 2 21 0 29 
6 13 41 19 24 13 24 6 47 18 19 13 4 27 37 48 8 14 48 43 10 19 20 41 27 9 37 41 10 29 34 29 47 38 12 29 5 48 44 23 23 14 9 9 3 1 28 3 22 16 0 
