n: 50
m: 10
Pi:U[1-99] 13 61 34 15 80 22 69 31 99 77 91 92 88 21 83 66 73 21 89 82 15 27 76 15 84 27 5 77 15 36 25 90 27 35 72 6 40 72 38 19 72 16 50 54 59 11 67 50 31 88 
Si:U[1-49]
0 22 24 2 0 11 20 22 8 22 49 49 1 49 1 49 3 34 34 16 49 45 36 49 28 49 28 33 21 49 22 49 46 7 42 3 1 49 49 6 49 1 49 49 49 49 49 49 40 49 49 
8 0 24 10 15 4 30 0 29 9 30 28 48 31 49 18 39 31 36 33 43 9 7 49 49 10 15 49 49 25 33 15 48 3 18 34 49 49 49 21 49 15 12 4 22 42 42 49 49 10 40 
25 23 0 4 10 4 20 17 3 15 18 16 21 4 49 22 31 37 49 33 48 25 7 49 49 42 49 4 49 49 34 49 22 49 12 39 15 36 39 49 49 33 19 42 49 27 27 49 49 49 21 
7 27 6 0 0 14 16 32 8 22 39 49 12 48 49 49 49 49 25 49 24 10 22 34 49 27 21 22 9 49 49 13 36 49 28 49 22 12 49 49 30 43 28 3 13 13 49 49 49 49 21 
28 13 4 12 0 28 4 2 10 10 43 6 16 49 49 49 7 49 6 46 19 3 13 31 33 37 49 49 12 21 49 25 49 21 6 3 49 49 4 45 49 34 6 49 49 13 12 34 37 24 49 
2 16 2 0 16 0 14 4 2 9 39 4 49 25 28 49 40 16 37 22 10 28 46 49 42 31 49 25 49 49 49 13 22 49 49 34 16 16 42 42 7 4 22 33 49 3 46 16 22 33 31 
15 0 14 26 31 12 0 20 30 6 49 43 49 49 49 7 31 10 28 15 10 34 12 28 19 49 43 30 49 49 46 1 4 49 49 27 33 22 45 49 18 7 49 49 18 36 27 4 7 49 49 
29 22 24 18 16 19 17 0 2 26 49 34 49 15 6 49 13 48 22 10 1 4 30 13 21 45 37 49 49 43 22 6 49 27 22 18 49 46 25 49 49 49 49 49 6 4 40 3 22 18 16 
20 20 1 32 23 16 26 8 0 3 36 9 49 49 49 18 49 49 49 21 6 16 43 6 24 49 49 49 39 49 49 37 16 13 10 49 1 9 49 1 49 30 36 1 21 49 49 12 46 46 49 
8 17 23 27 24 14 10 11 10 0 4 43 42 49 27 49 7 25 49 24 49 10 28 33 49 25 43 49 49 30 48 49 36 42 49 31 49 45 49 12 49 31 49 49 22 6 49 34 49 49 33 
43 18 49 33 42 15 49 49 21 13 0 5 14 25 0 5 30 2 32 30 49 46 37 49 7 37 1 49 49 10 37 28 43 18 45 49 49 36 43 40 49 40 49 43 28 48 42 30 49 6 7 
49 43 13 12 49 49 49 39 4 40 2 0 19 22 30 16 19 32 17 2 49 33 46 4 7 24 16 49 18 49 43 3 42 27 6 49 49 24 49 48 21 36 21 25 24 40 15 49 27 3 16 
28 6 22 33 15 6 42 48 49 21 13 16 0 7 28 16 16 22 6 10 31 12 49 49 18 3 49 49 30 37 12 49 49 6 21 49 16 49 48 39 33 37 28 4 46 36 28 49 49 40 49 
28 33 49 31 33 6 19 16 27 49 32 16 20 0 1 22 1 14 8 14 49 15 49 6 12 45 46 34 49 7 27 49 49 7 10 24 49 16 49 7 12 37 3 49 39 46 39 49 3 37 45 
49 16 30 39 36 49 37 45 9 42 5 13 0 27 0 6 7 16 6 23 13 36 46 28 42 49 43 33 31 12 49 19 49 37 30 49 16 39 13 49 40 49 30 1 40 49 49 3 27 33 49 
3 49 49 49 49 10 3 46 49 31 23 22 32 17 10 0 30 31 13 19 49 49 37 49 12 45 49 48 25 49 6 39 27 49 4 49 28 31 49 46 46 34 4 40 31 13 19 49 1 34 49 
22 45 24 49 46 22 49 42 13 49 4 14 2 0 23 1 0 24 23 2 15 49 7 22 49 33 43 12 49 49 6 49 1 49 27 49 9 42 28 13 48 49 40 40 36 49 49 49 49 49 49 
49 25 15 1 18 12 49 49 49 49 20 14 18 24 32 2 23 0 12 16 28 49 49 15 30 18 37 12 31 49 49 40 37 25 49 49 49 25 49 18 49 25 24 49 39 49 18 37 49 49 12 
48 21 1 28 16 36 36 49 49 27 16 10 19 14 30 26 26 18 0 29 24 42 49 43 34 49 49 6 49 31 24 49 3 13 48 49 49 49 49 49 13 6 49 1 13 45 25 42 9 46 7 
49 49 22 49 12 24 31 49 49 16 8 6 31 32 4 19 23 14 14 0 49 1 49 49 49 9 9 37 49 15 49 9 49 21 6 31 12 49 49 49 22 39 37 48 22 49 7 49 28 49 33 
49 49 49 49 4 48 28 1 39 18 46 49 49 49 10 49 9 49 49 12 0 11 22 2 15 14 5 32 25 5 16 28 21 37 49 13 48 49 12 13 9 49 49 49 49 10 25 49 49 19 1 
1 49 49 13 49 49 49 49 49 43 49 31 40 7 6 6 49 49 36 34 0 0 4 23 26 10 16 10 20 11 49 22 49 49 49 12 48 7 7 10 33 13 49 18 49 48 21 21 3 28 25 
10 42 9 25 49 49 27 49 45 30 1 19 43 12 18 42 40 49 18 39 22 4 0 28 24 2 1 24 23 4 49 18 34 46 21 22 9 3 39 49 30 25 37 49 49 25 31 45 13 4 49 
49 49 7 49 3 27 24 34 49 4 49 21 10 10 46 30 40 19 48 39 15 23 14 0 18 23 8 22 14 28 49 18 13 49 49 49 21 49 10 49 7 49 49 49 42 21 18 37 3 42 49 
49 49 42 49 49 34 49 43 49 33 13 49 49 49 24 25 10 27 48 18 28 32 31 10 0 24 8 3 10 1 49 49 4 16 6 49 49 21 21 49 39 49 49 49 31 49 6 15 49 10 49 
49 31 12 4 49 49 49 9 33 24 49 45 6 4 49 46 39 22 49 9 30 16 4 28 16 0 9 24 21 16 33 25 28 49 30 21 10 45 31 9 25 12 21 42 15 43 49 13 49 33 27 
49 49 21 49 46 49 49 12 49 49 6 25 49 49 46 49 49 12 22 21 1 21 32 26 26 20 0 8 12 1 43 10 13 22 49 48 49 6 49 28 49 6 6 19 49 25 10 22 49 21 24 
19 49 42 18 49 49 30 43 7 19 9 31 49 49 49 49 39 13 49 4 19 32 26 24 18 4 12 0 30 20 34 45 45 49 49 13 49 12 49 49 36 30 13 46 21 37 25 15 49 3 7 
12 46 33 49 3 13 36 15 3 39 49 28 49 12 3 21 49 4 49 36 7 32 16 2 10 27 9 12 0 3 49 9 3 48 45 48 7 49 25 49 9 25 46 49 12 49 49 49 49 21 49 
49 49 13 49 49 39 49 40 49 19 34 49 34 49 31 33 42 3 45 49 25 4 5 28 23 12 6 17 22 0 34 21 49 49 49 49 7 27 19 25 48 28 45 24 34 12 1 42 49 46 49 
49 15 9 21 49 24 49 49 34 45 7 34 9 18 27 25 46 1 49 43 49 27 39 10 49 22 49 34 48 12 0 16 18 9 27 4 2 32 9 26 49 43 37 27 46 43 4 49 4 49 1 
49 45 28 18 49 48 16 7 49 36 31 10 45 45 49 13 49 49 31 9 12 6 49 13 18 49 37 6 3 49 10 0 21 12 6 19 17 12 26 32 37 49 12 6 22 37 9 49 24 49 7 
49 18 49 6 13 43 48 49 6 49 13 33 49 49 49 49 10 7 22 6 48 42 16 10 46 9 9 9 43 7 14 2 0 17 22 6 12 28 16 22 13 49 49 37 28 37 39 27 40 13 30 
43 27 49 27 12 49 19 36 27 49 49 49 12 6 12 49 27 25 3 49 37 40 30 48 49 4 28 13 49 13 24 20 32 0 29 24 19 25 6 30 48 49 46 49 28 42 49 49 49 19 31 
49 45 49 12 4 49 45 49 19 49 1 49 49 19 27 30 22 49 49 48 49 31 33 49 49 49 49 49 49 49 11 28 1 19 0 20 7 2 15 30 30 25 49 46 25 49 31 49 49 6 49 
49 7 49 33 36 18 49 48 28 49 10 49 42 49 40 24 49 6 34 33 49 36 49 13 49 10 21 45 15 43 0 7 14 18 20 0 30 28 25 17 3 19 40 21 40 30 49 7 1 49 1 
49 49 49 15 30 22 49 24 7 46 49 49 49 19 13 19 34 27 4 15 37 49 43 10 4 37 12 12 6 49 20 32 2 6 2 30 0 14 23 14 18 30 15 42 49 49 39 10 49 34 6 
49 49 43 22 49 49 21 3 4 45 9 22 9 1 46 24 45 49 49 40 4 49 19 49 1 31 49 10 40 49 2 16 24 22 12 9 22 0 30 12 49 49 16 28 37 31 13 39 3 36 19 
49 48 49 49 49 3 30 21 49 49 49 46 48 49 15 15 49 49 15 49 49 36 1 36 45 33 28 49 6 49 20 16 26 30 19 10 8 32 0 6 27 13 34 25 18 49 40 18 48 42 6 
46 25 18 39 13 49 22 22 49 49 49 12 49 18 13 49 19 39 49 37 37 49 16 27 49 48 4 36 27 49 7 12 12 26 4 28 2 3 2 0 49 25 19 45 28 16 27 28 36 22 46 
49 45 15 3 42 49 33 15 40 49 49 9 49 46 34 49 49 40 49 49 12 31 49 49 33 7 49 49 36 46 24 28 1 49 49 28 49 48 18 49 0 30 32 32 21 8 8 11 1 20 43 
21 49 3 1 37 49 49 24 49 1 48 49 28 49 49 39 19 21 19 27 31 49 6 34 15 49 19 18 43 48 9 49 7 49 27 49 49 40 15 49 16 0 10 32 26 23 20 16 7 23 10 
31 24 10 49 9 31 36 36 33 49 49 49 49 49 31 31 9 37 49 6 21 42 12 45 34 39 18 49 34 1 49 49 36 37 1 40 6 42 27 40 17 18 0 4 14 5 11 8 6 0 42 
49 49 15 49 49 49 31 15 24 15 49 12 49 49 48 13 25 40 40 49 49 25 36 22 16 3 49 39 49 18 49 45 49 49 49 49 37 49 28 49 21 22 25 0 24 4 12 27 12 20 49 
15 27 39 46 27 36 28 30 49 49 13 34 49 49 36 4 18 25 49 42 16 49 49 49 36 36 6 30 15 49 40 49 49 49 7 49 6 3 25 49 4 13 2 6 0 15 26 22 26 4 10 
49 42 34 42 42 49 22 49 31 19 36 39 49 13 49 4 49 49 9 49 49 49 13 24 40 19 10 10 49 49 49 25 13 9 25 7 49 18 49 49 27 12 16 28 2 0 4 3 30 3 42 
37 34 6 48 45 49 42 21 49 46 49 6 49 49 4 39 49 49 49 27 3 31 46 15 15 12 15 36 7 12 36 49 18 33 31 39 15 43 49 42 23 19 30 32 10 5 0 4 12 29 12 
49 49 49 3 49 49 13 28 9 49 45 49 49 28 33 49 15 49 49 49 49 18 33 45 22 46 24 6 46 27 18 49 34 49 45 42 1 12 49 49 30 23 1 12 3 28 9 0 32 4 49 
49 49 30 7 45 22 49 9 49 39 24 37 18 18 25 49 6 1 9 24 3 49 36 45 18 49 24 25 3 25 42 12 36 49 13 48 48 49 33 37 2 13 5 20 26 8 18 14 0 18 22 
18 31 7 49 49 19 6 33 7 49 39 39 40 40 12 34 24 49 37 42 31 49 48 40 24 40 49 9 21 49 6 49 48 49 21 49 31 49 33 49 16 24 8 27 26 22 12 12 8 0 6 
34 31 42 27 37 21 49 39 24 10 40 42 28 21 15 49 19 16 43 49 49 22 31 33 49 49 10 21 7 49 28 10 25 25 49 43 31 49 25 42 49 15 49 33 48 49 43 30 21 49 0 
