n: 50
m: 2
Pi:U[1-99] 18 75 94 11 32 5 11 59 82 58 23 7 66 85 89 48 46 34 83 94 41 25 79 73 30 41 96 59 20 36 94 78 73 97 82 74 90 92 59 37 7 38 56 66 78 36 24 62 4 53 
Si:U[1-99]
0 74 70 24 18 72 63 2 47 57 43 59 70 16 20 57 69 83 11 26 66 45 83 29 23 66 28 34 7 11 98 50 61 23 72 23 70 4 75 16 67 49 3 79 79 10 86 69 60 66 69 
91 0 55 67 71 75 52 64 30 87 48 13 95 13 42 13 20 43 51 70 44 13 57 69 29 46 41 97 55 6 54 58 4 32 33 21 65 36 16 31 61 91 78 58 7 35 10 69 55 90 82 
58 5 0 97 84 64 90 87 67 43 6 1 19 35 54 58 1 75 41 2 11 44 97 18 86 33 68 93 13 80 17 71 63 50 10 5 93 30 1 53 63 52 91 3 41 93 66 72 74 86 13 
10 68 32 0 2 40 49 69 82 97 84 39 48 61 45 89 12 16 86 55 21 84 73 6 88 35 29 46 9 21 39 76 11 24 31 51 32 44 16 69 85 91 25 53 41 9 94 95 89 70 44 
12 75 52 18 0 76 42 29 82 33 60 98 74 76 37 89 58 82 96 44 62 27 97 84 80 93 5 10 81 59 79 26 10 14 84 35 84 18 18 89 35 6 6 80 34 69 89 1 88 1 1 
63 12 40 47 12 0 12 87 45 32 96 13 15 42 26 40 98 1 11 47 11 21 23 44 47 71 49 37 5 25 51 24 44 82 94 21 44 74 72 65 53 96 89 94 26 83 64 34 61 66 92 
75 73 21 18 28 94 0 88 24 43 76 31 54 8 53 92 6 29 45 36 92 7 72 53 11 92 37 96 4 11 80 38 10 51 25 10 60 97 42 15 84 78 23 28 54 59 58 21 29 8 11 
87 39 65 78 55 10 98 0 65 46 60 69 16 84 17 31 57 85 58 73 2 93 1 80 55 17 43 18 47 8 21 25 70 4 63 9 56 41 55 58 67 65 43 86 36 20 93 21 26 28 20 
8 77 51 55 47 23 34 18 0 96 42 14 73 80 10 60 56 38 42 77 41 79 27 64 30 3 7 29 38 86 94 36 44 63 66 86 97 92 8 49 93 7 52 58 91 54 36 25 94 81 14 
42 16 78 30 46 46 85 34 2 0 7 22 36 97 79 58 45 75 99 77 85 41 61 30 63 84 6 9 35 95 85 1 60 48 16 33 61 41 52 85 81 86 21 59 6 15 15 74 38 66 60 
34 28 37 23 64 58 9 62 92 30 0 60 5 51 51 47 87 48 85 31 43 43 42 77 65 26 70 18 10 11 5 39 44 70 76 78 30 4 52 30 54 59 2 8 75 90 55 64 3 31 1 
83 38 51 48 95 58 75 74 58 36 65 0 37 43 37 6 72 97 35 13 95 43 87 43 22 98 47 87 49 58 79 33 5 55 42 75 64 81 7 82 85 38 99 96 50 5 73 40 60 77 87 
69 57 74 38 64 2 6 49 88 86 20 46 0 65 34 26 7 98 1 48 90 74 76 32 11 39 59 38 39 35 93 83 86 93 78 55 4 1 21 33 1 12 4 40 58 20 40 8 46 75 8 
16 36 43 57 3 33 46 74 35 92 20 98 34 0 40 21 9 29 68 43 18 30 12 57 60 66 94 17 98 73 70 89 82 52 56 72 96 12 79 73 24 66 43 6 96 2 56 86 49 98 81 
15 98 82 77 53 67 41 98 40 55 57 95 58 1 0 69 75 58 69 10 51 76 20 59 64 16 3 33 20 59 7 56 84 4 5 62 20 95 93 95 93 43 42 46 36 32 19 28 50 81 4 
36 54 3 46 39 44 83 15 43 21 35 68 4 37 48 0 82 78 98 53 2 91 95 25 98 74 22 90 35 28 20 97 34 31 9 11 61 90 74 69 13 32 42 91 16 46 97 40 6 32 85 
54 43 93 50 72 35 38 16 1 68 29 23 96 8 3 51 0 83 2 33 40 64 5 23 52 2 29 7 21 85 82 78 80 30 62 16 79 5 11 65 45 77 59 50 9 79 5 28 37 72 16 
8 44 79 76 72 3 39 84 38 76 13 46 95 80 77 3 60 0 84 15 50 39 7 29 73 50 41 33 67 12 37 34 4 57 76 74 7 31 16 80 7 10 35 9 81 23 43 84 57 42 16 
73 80 7 92 79 26 71 89 41 7 80 49 59 50 81 62 16 64 0 70 79 74 86 99 65 51 8 63 95 9 9 21 51 38 62 5 74 84 6 43 23 4 38 45 62 98 95 71 28 58 75 
87 80 87 66 73 52 64 8 48 85 19 43 84 6 49 27 73 83 23 0 37 69 95 22 31 90 50 35 11 65 95 4 3 99 1 75 99 8 46 15 77 14 2 15 94 22 61 63 24 83 26 
23 89 22 54 4 31 14 13 99 67 78 15 98 65 23 97 94 86 5 71 0 15 86 73 16 39 59 93 44 4 79 84 26 54 41 54 27 84 86 45 94 81 38 95 92 84 37 66 92 10 40 
94 57 9 64 96 45 5 80 51 7 82 51 92 1 22 55 10 98 66 87 1 0 3 72 63 65 98 17 32 50 1 2 62 64 30 75 40 15 50 65 4 81 84 36 33 23 49 9 52 25 91 
50 2 25 64 27 60 64 63 62 2 28 58 38 66 97 52 26 52 4 10 15 44 0 27 21 34 51 20 37 27 76 69 87 74 59 61 26 93 52 33 8 9 36 64 74 69 62 93 24 87 87 
47 37 62 26 78 98 80 68 57 70 17 1 50 21 43 69 16 86 28 1 86 64 71 0 83 96 74 59 69 38 66 65 14 20 49 39 98 44 98 58 22 58 4 74 92 81 22 30 93 6 13 
20 42 50 57 39 68 6 91 82 82 75 33 62 66 32 14 50 19 11 59 78 52 11 49 0 48 32 35 93 23 52 29 68 88 76 36 29 38 23 64 87 20 8 90 19 72 1 2 22 25 25 
44 68 52 90 68 78 3 55 5 63 57 4 3 33 82 83 37 22 26 59 2 8 99 85 69 0 65 12 54 79 39 95 21 97 14 70 24 13 2 53 37 14 30 67 94 5 88 31 9 85 80 
19 57 87 63 34 60 31 34 45 49 29 20 59 52 93 99 30 13 57 56 33 75 48 10 1 54 0 33 89 73 57 19 14 35 49 56 21 48 98 79 29 68 64 5 68 90 9 17 15 93 10 
76 86 20 43 33 86 3 46 14 73 26 33 45 43 9 96 50 9 75 35 50 86 67 6 5 47 15 0 1 66 96 2 14 49 34 25 64 63 87 21 63 22 14 15 25 57 63 40 38 29 69 
81 74 87 4 18 98 41 38 27 66 73 28 84 59 86 57 74 54 8 76 67 26 85 40 23 36 21 2 0 38 70 38 89 90 78 90 77 43 81 4 73 92 3 71 80 21 12 48 34 34 47 
84 56 9 97 8 12 10 22 6 24 96 50 56 90 86 63 87 6 84 69 4 58 51 34 36 69 92 44 67 0 35 59 24 2 56 45 90 38 54 71 66 18 34 73 23 98 9 27 23 67 93 
59 22 72 11 58 25 91 87 64 89 24 21 57 42 37 94 3 41 49 7 46 62 38 85 40 68 45 93 11 85 0 96 42 9 60 54 91 77 67 22 4 25 27 22 73 17 62 3 77 51 23 
99 90 46 39 21 64 56 88 18 44 85 72 72 2 2 23 26 4 80 11 35 43 5 9 90 69 95 75 18 57 61 0 14 19 52 7 86 61 84 56 43 35 22 46 31 18 93 31 42 5 51 
87 75 91 65 64 60 98 37 33 64 63 49 17 22 98 53 21 25 54 51 8 75 81 17 65 58 94 34 99 93 45 35 0 86 52 69 26 64 84 53 96 53 99 5 63 54 63 76 65 17 45 
33 80 61 70 40 22 29 7 77 5 10 76 4 42 91 44 74 45 70 19 80 19 28 29 25 71 42 11 94 92 30 65 2 0 86 67 53 13 70 62 19 10 91 22 54 17 71 24 19 6 20 
7 53 67 46 91 55 26 69 90 61 85 94 14 58 29 44 30 62 21 87 27 31 21 51 23 85 48 96 3 4 26 45 25 51 0 63 53 89 91 46 16 86 78 76 48 45 27 41 3 14 22 
2 43 24 78 91 90 49 38 38 7 3 11 47 6 80 75 47 8 9 45 92 68 60 77 94 28 14 58 90 95 32 92 22 70 36 0 86 32 11 50 65 9 92 29 25 68 60 64 78 8 33 
21 16 65 91 92 99 15 6 91 34 15 6 37 66 36 48 39 24 40 75 57 74 97 44 84 4 5 80 81 61 45 6 82 65 3 4 0 12 14 13 5 63 25 59 34 81 82 64 45 47 79 
93 97 79 54 7 43 11 75 18 93 55 66 97 60 41 88 76 11 91 24 6 11 15 22 75 26 77 38 31 14 90 62 38 96 83 96 97 0 1 80 7 13 50 30 82 65 42 65 72 67 48 
55 40 82 22 87 11 8 18 7 22 55 64 8 3 62 69 97 52 34 57 45 23 6 80 61 71 91 59 21 11 73 91 17 58 15 79 67 9 0 78 16 92 74 23 76 56 92 14 71 73 36 
66 10 73 44 45 98 38 95 44 86 35 96 60 26 58 98 80 6 10 67 36 2 19 89 33 5 39 48 18 39 65 42 23 11 60 5 11 89 51 0 44 7 36 54 1 33 62 62 14 29 89 
29 88 98 55 73 39 13 69 20 35 70 45 59 87 28 16 54 78 82 99 12 19 56 42 62 42 83 55 76 45 54 59 60 72 53 82 30 56 29 92 0 9 29 91 63 36 13 45 74 13 70 
19 10 56 16 12 3 25 30 61 13 10 12 12 25 4 32 44 69 75 90 93 32 7 96 30 67 67 9 67 61 70 11 82 91 93 65 49 21 3 75 48 0 98 82 73 4 62 53 16 13 73 
79 10 32 61 98 92 52 42 2 32 13 66 51 32 55 95 64 1 91 58 5 49 34 28 99 50 18 12 94 57 31 51 56 2 31 96 1 35 1 30 26 55 0 27 35 8 44 97 43 12 95 
95 52 52 83 17 37 63 17 94 56 9 62 10 2 65 56 63 48 43 69 6 69 71 55 84 33 79 69 40 25 33 4 62 17 16 93 53 74 61 42 40 91 36 0 36 94 48 22 71 67 84 
63 58 6 28 94 60 40 54 58 5 62 36 4 37 67 99 45 17 11 66 3 71 11 11 73 91 52 57 36 36 71 71 45 43 18 84 90 83 36 15 86 82 49 94 0 84 1 56 22 4 73 
89 67 55 86 50 49 80 87 80 84 55 87 49 55 85 23 75 99 91 66 72 5 86 7 59 26 66 47 97 70 41 28 32 46 50 47 14 15 39 43 10 16 66 35 96 0 36 12 55 41 32 
20 35 2 30 15 60 21 45 4 62 23 25 62 75 61 56 94 41 5 94 89 31 68 64 35 70 68 3 12 18 86 10 42 10 69 41 9 84 33 30 95 44 82 9 80 23 0 51 60 19 50 
45 37 85 89 26 30 95 10 60 12 62 21 55 88 43 1 87 26 55 60 71 39 20 42 50 6 58 74 1 35 98 14 91 79 11 23 41 85 69 3 43 6 6 81 82 28 7 0 25 29 45 
25 7 44 54 78 38 56 52 48 19 35 54 87 12 75 39 54 22 97 69 46 75 91 60 98 28 18 6 77 40 71 66 35 46 11 47 29 9 23 71 11 81 71 41 70 31 80 50 0 79 92 
28 41 18 39 93 53 74 74 16 87 11 85 22 82 41 5 51 79 24 99 63 9 29 16 55 37 49 88 57 56 22 57 86 39 1 99 90 76 16 22 65 28 67 49 76 10 9 58 27 0 71 
73 19 92 17 1 5 82 4 86 26 59 39 29 13 69 12 83 39 17 90 20 2 19 59 96 69 42 80 2 48 51 3 67 54 2 79 4 51 49 48 26 55 76 51 36 85 84 58 69 16 0 
