n: 50
m: 10
Pi:U[1-99] 9 32 85 55 1 23 81 82 14 28 58 29 71 37 84 84 74 71 10 25 43 7 53 10 46 92 41 92 71 28 73 3 12 28 76 15 96 98 38 48 39 65 26 32 21 33 92 58 68 86 
Si:U[50-99]
0 52 43 36 40 58 46 34 36 58 99 91 90 99 82 99 85 99 81 99 99 99 99 99 93 79 99 75 88 99 90 99 99 99 79 94 99 99 99 99 75 99 87 99 88 99 75 99 99 99 99 
59 0 66 53 61 61 44 63 50 59 99 99 87 99 84 99 99 99 99 79 99 99 81 99 97 99 99 99 87 87 82 99 90 99 99 99 99 99 99 79 99 84 99 79 99 99 99 99 99 99 99 
36 38 0 38 38 44 44 44 52 36 99 99 75 79 97 99 99 99 99 79 99 97 99 99 94 97 99 99 79 99 99 82 75 99 99 76 99 99 99 99 99 93 99 99 99 99 99 78 99 85 90 
40 51 33 0 54 40 41 33 36 48 91 75 99 99 99 99 99 99 97 84 99 99 99 99 82 93 99 76 99 99 99 99 99 99 88 99 99 84 99 99 99 99 99 99 93 99 99 97 96 99 93 
49 50 49 50 0 35 52 55 48 56 99 99 99 99 81 88 99 99 99 87 99 99 99 99 99 90 75 82 90 99 81 99 99 85 96 76 88 96 99 87 99 99 81 99 99 99 99 75 99 99 99 
52 53 46 33 47 0 48 40 33 58 79 88 99 99 99 99 99 91 99 99 99 97 99 99 99 99 93 99 79 99 99 99 91 99 99 78 76 76 99 99 99 99 79 79 99 99 76 99 99 99 99 
42 47 66 42 37 48 0 46 38 43 99 79 99 88 99 78 99 78 87 99 99 99 99 99 96 99 99 99 99 99 99 99 99 99 99 99 99 82 99 93 99 76 99 99 94 99 99 99 88 88 99 
57 48 53 36 61 54 36 0 36 33 99 99 99 84 90 99 99 99 99 99 99 99 75 99 75 99 99 99 99 85 99 91 99 87 76 87 99 99 99 99 99 99 99 99 99 97 99 94 99 99 99 
40 56 52 65 59 50 49 42 0 52 94 76 99 99 99 99 99 99 99 97 99 99 99 93 99 81 99 76 99 99 99 99 99 79 99 99 88 99 78 99 91 99 97 99 94 91 85 88 99 96 99 
58 46 48 60 62 36 43 65 39 0 99 99 99 99 94 99 84 99 99 99 87 99 78 99 82 99 90 99 99 99 99 99 82 90 99 99 99 99 99 99 99 82 78 99 87 99 93 99 99 81 99 
96 99 75 84 99 88 99 85 90 99 0 37 60 35 65 63 38 40 34 46 99 99 97 76 84 99 99 96 84 78 99 99 99 99 99 99 99 82 90 81 99 85 99 99 99 99 99 99 99 78 99 
99 94 99 99 99 91 81 99 99 87 42 0 62 48 47 48 36 45 56 64 99 99 99 81 99 94 99 99 99 99 82 99 99 99 99 99 99 99 96 99 99 99 87 75 99 87 99 88 99 81 99 
99 99 99 99 99 99 81 99 99 99 53 64 0 36 52 50 56 47 42 46 99 99 75 91 99 99 85 99 94 99 99 75 90 91 99 99 99 99 84 99 81 94 99 99 82 78 99 99 90 99 75 
99 99 99 99 99 78 94 99 99 99 44 61 54 0 58 56 64 54 38 34 99 99 85 96 90 99 99 99 99 87 99 93 99 99 94 99 99 99 85 82 99 99 99 99 99 99 99 81 99 99 84 
88 97 84 99 99 99 85 99 91 99 56 40 36 49 0 65 56 58 48 44 94 99 99 99 99 97 99 99 90 94 79 99 99 93 99 82 99 99 99 99 99 99 99 99 99 99 94 99 99 99 99 
99 84 99 99 99 99 78 97 99 99 34 41 52 48 54 0 46 54 40 36 93 99 99 99 99 99 99 90 99 88 81 99 99 99 94 94 99 99 99 96 99 99 99 99 99 91 99 99 99 99 88 
99 99 99 99 99 99 99 99 99 99 54 50 59 56 53 60 0 58 58 37 81 99 99 99 99 99 99 99 99 99 99 99 99 75 87 96 96 76 99 99 78 99 97 99 99 99 99 99 99 99 99 
99 99 99 99 99 85 99 99 99 99 52 33 60 34 56 62 45 0 48 40 99 79 99 79 99 99 99 82 76 99 99 90 99 97 85 93 99 84 99 99 99 99 99 88 99 99 99 99 99 90 99 
97 99 99 79 99 99 99 99 75 99 60 63 52 47 34 40 61 51 0 40 99 97 99 84 99 99 85 99 91 99 99 99 99 79 99 99 99 99 99 94 99 99 81 99 99 99 99 99 90 99 99 
82 87 79 94 96 84 99 99 75 78 65 60 64 62 44 48 61 35 56 0 99 99 99 99 87 99 81 99 99 93 99 99 90 99 99 78 93 81 99 99 88 99 99 75 99 99 96 99 99 99 99 
99 99 99 99 91 78 99 99 82 99 99 99 90 85 99 79 84 84 99 94 0 40 62 56 48 56 45 34 41 33 79 97 87 99 99 99 93 99 78 79 99 81 99 78 81 99 99 99 96 82 99 
99 99 87 85 99 99 99 99 99 94 99 99 84 82 99 99 84 81 99 99 33 0 62 42 54 48 64 56 34 64 99 99 78 99 76 93 97 99 84 99 85 99 99 99 99 81 99 99 93 99 99 
79 93 87 99 99 99 99 99 99 78 84 99 99 85 99 99 99 99 99 99 33 65 0 42 47 40 38 62 35 50 76 99 88 99 99 99 78 99 99 99 99 84 99 99 93 99 99 99 99 99 76 
99 99 94 85 99 99 99 84 97 96 99 76 78 99 99 99 79 99 97 99 63 44 50 0 62 48 64 45 34 61 88 85 99 90 99 82 99 99 99 99 99 85 99 99 97 99 99 99 99 94 99 
99 99 81 87 99 99 81 93 97 87 99 82 99 99 99 99 99 99 99 99 34 39 66 44 0 36 46 50 43 60 90 76 99 99 87 79 94 75 99 99 99 87 79 99 91 82 99 99 99 99 99 
75 88 99 99 99 91 99 97 99 99 99 99 99 99 99 99 85 85 99 81 59 53 48 57 54 0 66 56 56 50 99 99 87 99 99 99 99 99 99 99 88 99 91 99 84 99 99 99 99 99 97 
76 99 87 99 99 99 76 99 93 85 99 99 87 99 99 99 99 99 99 75 44 62 62 50 53 48 0 61 36 36 99 87 82 79 99 99 99 99 99 99 99 94 81 78 99 99 99 99 99 85 99 
99 99 99 99 99 99 99 79 99 99 99 99 99 99 99 99 91 99 99 81 54 56 33 62 50 46 51 0 62 42 99 97 78 99 99 99 99 76 99 99 75 99 99 99 90 99 97 99 99 99 99 
78 99 99 96 99 78 96 99 99 99 99 93 99 85 99 97 76 99 79 75 42 52 38 40 52 50 37 40 0 66 99 99 99 99 99 99 99 82 99 99 99 99 99 76 84 82 99 99 99 99 99 
97 81 99 99 99 75 99 99 94 99 99 99 82 99 91 87 84 85 99 99 55 36 61 48 63 63 52 65 34 0 99 99 99 81 99 76 81 78 99 91 99 81 99 99 88 75 88 99 97 99 85 
99 99 99 99 96 99 96 90 99 99 79 99 99 99 91 99 99 99 78 99 99 90 99 97 88 87 99 99 76 99 0 60 38 42 40 42 42 42 49 50 99 99 99 99 93 99 99 99 99 99 90 
99 99 99 99 99 79 99 96 82 84 94 99 99 82 91 84 99 93 90 99 97 99 99 99 99 99 99 88 99 99 59 0 36 37 45 62 59 62 58 50 99 99 99 87 99 99 84 99 99 88 87 
99 99 99 93 99 81 78 99 99 82 99 99 96 99 99 99 99 99 99 81 90 99 99 99 96 99 91 99 99 99 58 59 0 65 46 60 40 56 64 65 88 99 99 99 78 99 99 99 99 88 99 
99 99 99 99 99 99 91 93 99 99 99 99 75 99 76 99 99 99 99 99 99 99 93 99 99 99 99 93 99 99 42 58 49 0 42 49 44 43 46 44 99 99 99 90 99 99 99 99 99 99 99 
94 99 97 99 99 75 99 90 99 81 88 99 99 99 99 75 99 84 99 99 99 99 85 94 87 79 76 90 99 99 34 38 47 34 0 64 60 36 44 37 99 87 99 99 99 90 96 84 99 99 99 
78 90 82 99 99 99 99 99 99 99 99 99 99 99 90 99 99 85 99 99 99 99 99 97 99 99 99 99 99 99 50 33 55 54 45 0 65 56 58 65 99 99 99 99 99 90 99 79 76 99 85 
99 99 99 99 99 99 99 93 99 99 76 99 99 99 93 87 99 99 99 75 99 94 99 99 99 99 99 79 99 99 62 64 38 64 66 42 0 44 56 40 94 99 82 96 99 97 99 99 79 76 99 
99 99 93 81 85 99 75 84 99 82 93 99 99 99 99 99 99 99 99 90 99 99 99 99 99 76 99 99 99 93 63 34 45 58 38 35 55 0 36 50 99 94 81 99 99 99 99 99 97 87 99 
76 99 99 99 84 99 99 82 99 99 99 99 93 99 99 99 99 99 99 76 78 99 99 99 76 99 99 99 99 99 58 34 65 59 52 45 46 45 0 38 99 99 94 99 76 99 94 99 99 99 99 
99 99 99 99 99 96 99 99 93 99 99 99 94 96 99 85 91 99 99 99 97 94 91 99 99 99 99 99 99 99 43 49 40 64 44 66 51 59 52 0 99 99 99 75 99 99 99 97 99 96 99 
99 99 88 99 96 99 99 99 99 99 93 99 99 93 87 78 90 99 99 99 99 99 99 81 99 88 78 99 99 79 99 97 78 99 79 99 87 99 87 85 0 47 34 34 44 36 66 50 48 56 99 
99 99 84 99 99 99 99 99 99 99 99 76 94 99 76 99 99 93 96 99 99 99 99 79 99 99 99 99 99 99 99 99 99 99 99 99 85 81 79 99 52 0 54 34 45 56 33 40 59 54 99 
99 90 99 99 99 99 99 99 99 79 99 91 99 99 99 99 99 99 79 99 99 75 99 75 91 82 99 85 91 81 97 91 99 99 91 84 99 99 99 90 36 64 0 51 60 51 37 47 55 62 99 
99 88 87 99 99 90 99 84 99 99 81 99 81 75 84 82 99 81 99 94 99 99 85 99 99 99 94 99 99 99 99 99 99 87 99 99 99 88 99 99 50 63 66 0 42 49 35 43 62 64 94 
99 78 97 75 99 99 99 99 99 75 88 99 97 99 99 99 96 99 84 99 84 99 81 99 99 99 99 99 99 99 85 99 99 76 76 99 99 99 99 99 63 51 46 48 0 46 58 38 64 62 99 
99 81 93 99 99 75 82 99 99 99 99 82 78 99 99 99 99 94 79 88 99 99 85 99 99 99 91 99 99 99 94 99 84 99 99 99 99 90 99 99 53 39 62 55 59 0 52 57 66 57 99 
99 75 82 99 99 99 85 79 99 99 99 82 76 99 85 99 99 78 99 99 99 99 99 99 99 99 99 99 99 76 99 91 99 99 90 99 99 99 99 99 41 44 43 46 54 47 0 58 34 45 99 
90 99 99 99 99 94 90 99 87 99 91 99 99 99 99 99 99 99 99 99 99 81 75 99 91 99 99 76 99 99 99 93 82 99 93 85 94 99 82 75 51 62 65 64 33 39 36 0 40 46 99 
93 99 99 99 82 99 99 81 94 88 81 99 99 99 84 99 99 99 99 99 99 99 99 99 99 99 99 84 99 99 84 99 99 99 99 99 99 94 99 99 42 33 64 48 44 53 34 63 0 34 99 
84 99 99 99 79 99 99 99 99 75 99 94 99 76 99 99 99 99 84 88 97 99 99 99 99 88 99 99 85 76 99 99 99 97 99 99 99 84 99 99 60 65 38 58 62 58 57 51 39 0 99 
99 75 99 99 99 99 91 99 99 99 99 99 96 76 99 76 87 99 88 84 75 79 99 99 99 99 99 93 99 99 99 99 82 99 99 82 99 94 99 99 90 99 99 82 99 99 99 99 94 99 0 
