n: 50
m: 2
Pi:U[1-99] 88 34 10 38 35 6 52 65 58 58 86 47 66 37 19 48 42 50 58 39 85 28 22 84 51 96 11 34 59 28 24 30 53 99 25 55 54 30 65 31 16 54 14 71 8 41 58 5 9 81 
Si:U[1-99]
0 46 78 60 96 2 34 74 42 86 81 10 52 88 81 90 45 82 83 83 66 72 37 99 62 25 57 44 95 35 53 81 14 98 5 28 79 72 95 77 93 85 82 11 61 89 22 54 34 49 74 
99 0 5 76 16 7 92 53 47 50 4 31 73 22 82 52 40 83 50 81 96 7 55 46 51 67 61 3 83 43 12 36 37 81 29 80 51 30 84 2 12 64 9 11 53 94 77 69 94 6 46 
13 22 0 62 98 4 80 63 62 79 83 67 36 13 39 99 97 17 31 88 4 39 52 58 35 13 75 99 63 37 19 4 13 51 78 40 38 4 7 45 91 66 30 96 43 21 45 91 4 20 45 
83 9 93 0 99 43 81 41 77 64 6 20 67 13 23 88 9 64 43 67 98 20 89 86 13 74 86 46 35 25 69 80 55 3 98 67 43 16 91 61 32 32 80 14 80 42 7 12 44 44 8 
25 98 26 82 0 75 27 16 77 30 36 34 17 75 28 82 52 97 10 85 83 84 99 3 16 85 93 42 76 19 2 74 13 47 40 92 51 23 64 56 96 32 42 85 98 83 89 32 91 93 92 
95 75 48 33 49 0 41 56 93 24 91 19 86 60 82 98 75 84 93 14 46 83 42 75 66 99 89 29 7 11 19 65 9 19 31 86 78 39 71 47 84 73 64 19 26 57 40 57 81 74 65 
1 95 89 30 94 60 0 36 47 84 30 16 30 13 93 27 70 1 90 68 67 97 39 77 72 44 20 73 16 21 91 53 34 84 35 32 38 95 93 97 41 69 61 28 38 99 81 68 81 57 15 
25 50 40 90 74 76 88 0 63 82 18 19 95 35 10 9 97 40 29 13 83 40 34 97 60 21 49 69 47 53 9 48 25 30 37 76 35 84 62 84 94 4 99 55 48 52 18 71 29 28 39 
7 80 92 27 95 33 40 52 0 73 50 7 70 24 35 44 86 60 72 98 57 23 83 54 98 37 88 43 59 92 68 7 18 3 99 58 45 28 38 41 20 44 71 55 10 56 38 52 84 86 55 
45 7 39 45 63 8 35 64 77 0 82 22 58 76 84 58 38 21 9 76 18 59 41 23 67 87 55 89 8 50 95 28 87 83 37 32 12 25 24 98 8 35 12 20 86 70 22 81 7 19 32 
89 70 11 31 58 50 68 56 76 39 0 58 98 74 48 70 91 94 12 12 15 11 44 28 51 41 89 94 93 65 4 64 71 10 92 66 60 73 63 63 56 44 78 64 41 20 76 76 76 89 19 
21 41 16 74 41 40 92 10 58 10 39 0 80 99 96 12 92 5 55 10 86 11 48 64 27 69 68 50 86 1 29 34 76 26 40 65 55 86 64 95 56 10 9 34 35 79 55 17 47 20 19 
87 23 51 76 92 35 77 29 67 8 43 52 0 16 25 93 65 71 31 4 55 78 35 78 67 20 1 75 42 90 57 94 11 64 44 87 96 69 21 38 78 31 22 49 16 7 91 87 87 5 88 
92 72 52 37 84 60 93 48 63 61 25 2 33 0 85 82 40 55 46 21 69 75 78 94 14 50 95 73 15 14 82 97 30 21 48 4 60 49 32 95 66 28 83 7 64 60 34 17 9 55 4 
3 48 25 53 70 95 88 17 16 42 52 99 14 43 0 42 88 56 43 79 12 47 24 87 18 39 99 67 55 59 74 62 97 45 85 70 86 68 16 87 1 44 90 7 39 14 87 96 86 31 66 
63 75 75 99 22 17 89 36 47 91 45 83 16 51 20 0 8 12 86 10 57 14 55 71 57 79 40 51 94 24 76 26 87 42 78 52 20 27 88 38 34 54 5 43 50 30 17 70 4 55 20 
6 40 66 49 63 30 3 59 39 66 59 79 7 48 7 96 0 83 66 42 95 75 84 28 50 16 13 44 42 63 58 13 45 12 65 98 69 73 22 70 18 69 71 92 82 61 19 17 60 23 84 
23 14 18 37 99 61 4 96 44 42 98 23 66 93 49 66 57 0 73 41 56 78 31 14 69 62 36 44 59 67 51 23 85 3 23 44 74 28 13 82 24 65 91 15 23 31 12 1 93 15 10 
41 51 80 19 1 16 17 36 17 66 59 95 80 18 76 78 57 33 0 75 51 45 84 50 70 21 71 26 7 30 41 19 70 35 57 17 51 89 8 14 94 6 57 71 77 6 75 4 31 78 81 
89 72 97 92 97 50 41 63 23 17 29 94 66 6 41 25 56 29 16 0 28 41 46 55 28 12 90 46 36 92 37 47 45 92 18 24 34 13 97 70 84 34 67 82 60 31 91 21 34 16 81 
46 91 8 29 39 80 34 71 45 16 87 52 7 65 61 34 56 33 73 13 0 52 26 70 7 86 92 68 42 74 60 5 25 75 28 85 27 86 92 19 66 39 83 35 71 76 85 22 8 75 45 
97 27 42 61 39 96 16 36 51 88 2 79 50 23 83 44 34 13 14 52 93 0 62 20 24 40 13 34 88 49 9 61 70 79 50 16 2 25 65 4 68 57 54 94 72 16 96 40 89 90 50 
49 99 56 77 20 57 18 50 26 36 66 89 44 59 3 43 37 52 83 29 1 37 0 2 33 81 17 68 3 88 9 97 61 63 75 38 45 17 46 60 27 39 97 31 22 9 62 84 85 22 70 
48 64 62 18 13 84 24 48 14 4 15 98 61 39 52 30 37 35 24 7 16 70 99 0 16 96 87 44 99 53 43 89 84 88 87 45 74 82 78 20 67 18 73 9 82 53 2 94 5 26 31 
69 31 17 31 15 63 27 68 4 61 27 95 92 43 28 5 21 99 1 77 99 85 25 43 0 57 79 92 54 87 89 29 29 13 68 97 65 74 49 17 50 14 30 40 44 52 49 31 92 75 14 
87 53 54 86 77 13 82 30 61 76 28 45 98 98 29 71 48 46 14 38 4 93 92 50 50 0 59 29 26 19 13 15 78 2 72 70 43 41 16 62 17 56 61 40 86 28 62 36 46 55 53 
36 30 22 95 82 49 68 41 55 4 98 55 65 62 52 19 51 18 1 37 40 39 34 46 39 74 0 47 68 59 13 22 16 17 18 62 81 46 8 47 42 93 74 56 83 16 55 94 98 12 53 
19 17 40 16 63 5 80 17 85 79 7 2 95 38 80 12 99 77 97 2 91 14 16 2 13 77 51 0 63 87 11 33 7 82 18 18 86 91 18 37 32 89 33 95 43 3 1 53 58 56 81 
13 21 99 92 43 72 77 31 25 55 59 87 37 39 58 35 75 36 24 15 99 83 21 41 60 26 72 31 0 42 73 65 69 56 27 57 63 52 96 33 85 29 7 49 14 15 69 35 85 82 97 
31 26 25 24 55 37 26 95 93 18 82 78 17 8 84 42 28 60 69 99 26 52 24 52 83 32 16 83 58 0 34 41 35 40 26 61 80 1 34 74 24 99 56 68 99 13 31 41 79 23 3 
36 30 54 69 10 41 6 88 57 82 88 50 52 87 82 39 7 91 36 22 22 27 15 9 75 47 24 55 20 5 0 42 36 54 72 36 75 69 36 64 14 82 56 94 41 89 54 44 99 82 36 
65 40 56 5 82 72 53 53 42 24 50 57 30 4 79 50 32 80 65 75 4 15 49 33 72 66 18 14 60 81 21 0 53 54 29 65 93 71 10 54 25 34 75 6 1 77 22 31 46 64 74 
22 9 63 93 91 72 44 23 87 45 35 17 32 54 78 80 10 1 26 64 27 68 88 21 28 3 93 96 17 30 80 88 0 5 11 29 43 93 83 91 26 25 27 7 15 68 81 96 82 67 79 
11 23 19 2 15 46 71 47 79 24 49 71 25 55 57 28 94 89 74 5 39 94 87 96 33 11 81 82 22 22 93 61 24 0 50 33 41 28 81 89 34 4 82 77 18 61 70 28 47 98 98 
5 91 32 24 40 4 20 2 86 94 2 27 10 5 87 84 1 89 44 85 35 38 75 81 95 43 4 96 94 13 24 87 71 18 0 67 90 76 21 81 18 73 56 45 8 89 73 91 6 15 50 
37 44 98 52 13 72 89 83 89 66 57 39 44 19 79 16 68 39 89 10 88 53 99 14 75 8 52 32 24 40 12 25 91 72 74 0 48 54 49 36 82 94 59 90 29 53 18 55 23 43 78 
96 84 30 74 62 77 98 95 96 49 61 46 31 50 1 96 88 57 74 72 48 5 29 96 82 72 75 53 72 53 28 92 64 47 10 34 0 16 10 83 32 35 27 11 52 7 89 78 34 82 3 
6 29 38 49 85 40 82 6 38 79 27 18 54 56 67 72 99 14 2 25 68 39 58 98 96 76 20 30 15 18 99 14 13 69 34 18 50 0 76 92 63 28 36 90 47 21 8 77 47 87 63 
74 68 37 49 25 30 79 22 86 5 75 20 60 26 57 7 28 67 4 80 77 15 17 66 32 47 14 4 91 73 99 21 64 87 3 66 71 90 0 60 59 14 39 31 69 56 40 86 26 77 77 
57 55 9 41 11 15 54 35 71 57 12 71 86 37 69 75 10 26 35 80 30 87 21 58 37 58 8 35 41 23 42 79 20 96 71 57 39 69 87 0 45 11 24 98 36 96 26 86 12 15 78 
48 27 84 48 90 13 74 17 5 43 68 48 68 57 30 53 32 28 7 83 96 65 39 49 8 93 19 37 82 58 45 47 55 69 6 83 89 71 96 8 0 93 70 72 89 7 51 58 68 28 57 
64 13 75 51 59 51 82 9 45 30 46 65 13 57 14 84 4 72 68 44 60 57 96 78 36 46 92 23 22 35 16 97 76 3 21 79 39 91 35 4 9 0 73 79 23 97 48 11 86 36 14 
2 96 88 6 63 46 70 90 40 86 63 49 79 34 97 94 98 69 41 48 64 24 12 25 49 87 57 78 74 11 75 1 79 43 45 70 57 94 34 89 35 63 0 29 16 89 37 6 30 22 16 
96 2 89 6 14 25 61 80 60 72 3 22 29 48 12 1 95 33 7 40 95 73 47 67 71 41 96 67 18 55 12 46 87 47 81 55 48 36 18 60 43 79 93 0 46 97 72 84 70 91 35 
34 79 34 51 3 1 87 85 25 56 12 65 99 5 89 40 30 81 37 35 17 57 31 79 77 6 89 50 42 30 21 67 43 4 48 55 84 13 99 84 28 47 84 2 0 51 18 58 55 60 31 
52 79 34 14 77 68 61 25 31 33 3 10 22 2 8 76 63 44 12 2 72 51 68 52 82 92 17 69 80 22 38 59 72 44 41 58 94 63 5 76 77 49 26 29 86 0 74 79 28 11 1 
65 65 69 73 25 65 25 26 69 55 66 66 47 37 75 19 25 10 45 45 93 12 92 11 15 10 46 75 58 25 33 57 92 72 18 49 88 40 54 98 78 99 38 64 55 26 0 52 52 17 87 
73 3 29 43 21 38 36 19 25 39 8 91 51 92 12 87 82 40 10 82 17 5 86 23 65 30 37 25 71 38 32 10 45 25 79 86 42 7 98 85 54 98 24 61 25 73 68 0 23 53 2 
16 97 72 29 69 33 81 44 12 62 6 67 62 99 76 38 92 71 82 45 21 88 92 65 61 27 9 32 63 64 34 68 25 48 25 73 65 16 22 15 27 68 32 78 8 87 1 17 0 9 97 
98 35 42 39 92 24 76 65 41 90 3 17 99 64 56 21 46 62 40 51 63 19 87 67 6 46 69 5 83 23 62 58 41 51 13 21 68 9 62 7 73 30 52 41 38 86 47 77 45 0 70 
68 36 90 8 7 85 87 79 50 92 79 93 31 67 55 46 20 66 94 20 32 3 10 20 56 59 93 42 43 15 67 10 66 22 24 83 83 20 50 90 70 20 15 9 25 36 54 1 77 16 0 
