n: 50
m: 8
Pi:U[1-99] 26 48 14 99 8 82 28 37 97 29 1 28 18 86 85 14 92 23 13 32 14 64 95 64 77 1 11 40 72 80 39 89 70 92 29 52 95 59 50 57 57 81 39 91 29 57 5 8 61 43 
Si:U[1-99]
0 50 33 50 7 21 18 33 7 11 48 99 99 66 13 10 99 99 25 13 10 22 67 69 54 88 99 58 39 46 99 88 99 87 18 51 7 72 45 99 51 33 45 99 99 37 33 75 16 73 10 
17 0 12 58 2 25 40 44 42 56 28 99 99 4 37 99 76 10 99 96 27 45 99 99 25 66 6 99 88 85 42 99 58 99 70 87 99 99 99 99 99 99 54 99 99 67 99 99 18 99 40 
62 57 0 61 62 22 30 46 19 40 99 60 79 58 58 49 99 52 99 99 99 10 12 18 99 69 31 99 19 40 12 7 1 51 21 99 39 99 7 99 91 91 46 6 21 30 6 18 99 99 99 
1 60 56 0 15 31 26 8 64 16 39 99 61 99 99 3 24 43 99 24 99 54 99 61 40 48 37 9 99 24 70 99 99 84 67 31 99 91 87 99 49 27 33 72 99 90 99 72 99 99 16 
23 49 7 54 0 58 1 8 49 22 30 99 99 99 90 84 55 28 3 87 99 99 96 82 76 99 84 25 99 61 51 99 60 3 19 99 36 34 99 99 78 99 33 58 61 64 57 39 46 64 55 
20 27 25 44 42 0 50 62 12 21 45 58 88 39 90 22 99 99 78 4 10 99 99 99 55 67 87 99 9 55 24 99 42 99 99 9 99 99 99 85 99 10 97 64 90 72 76 40 46 76 99 
12 10 56 45 60 16 0 24 2 49 84 36 99 90 30 55 99 99 84 99 99 70 19 27 99 99 28 99 79 25 55 40 46 31 48 54 6 99 33 99 90 81 85 99 54 76 37 63 97 99 99 
16 8 22 60 22 33 49 0 34 56 90 99 37 66 24 99 16 99 48 37 99 96 69 57 93 46 99 99 99 99 6 58 78 82 99 79 28 21 51 99 99 99 93 99 6 49 99 85 99 99 90 
10 14 40 0 60 54 15 16 0 64 73 99 99 99 21 60 4 69 40 99 13 99 99 79 99 87 99 94 51 51 15 49 99 85 34 19 60 72 1 72 22 69 78 63 99 42 99 99 94 73 48 
19 8 59 33 62 63 45 36 4 0 1 99 16 51 51 90 87 22 94 4 99 4 94 34 99 78 99 99 64 66 16 99 85 84 99 43 99 21 85 76 99 49 30 99 99 52 99 1 99 39 15 
99 99 99 78 99 99 85 16 99 49 0 31 55 20 11 60 57 22 3 26 22 67 37 28 99 39 99 79 76 99 42 64 33 66 67 85 99 99 99 99 57 10 55 99 99 48 60 99 99 91 99 
99 93 31 24 55 72 6 12 75 12 6 0 65 25 61 22 62 6 13 36 67 22 99 60 99 99 46 73 99 72 43 87 99 99 55 99 88 99 21 19 10 49 16 99 10 99 40 99 99 69 99 
69 99 52 18 99 99 55 99 79 87 49 11 0 40 0 43 26 7 54 7 87 54 15 88 78 81 9 27 51 99 42 75 99 7 42 51 99 46 60 99 4 99 99 99 99 99 24 99 99 64 99 
13 61 4 75 76 99 72 99 84 46 20 16 39 0 2 18 46 10 31 61 93 99 96 79 99 54 57 19 7 99 46 7 55 99 99 42 18 43 18 39 99 99 1 72 27 27 19 99 54 88 99 
1 99 39 15 91 30 99 99 93 78 58 56 0 38 0 6 27 3 20 42 40 58 24 99 58 99 43 33 93 99 63 54 99 75 52 99 18 78 99 99 21 75 60 52 88 69 52 91 13 99 18 
99 99 82 63 72 46 99 52 48 10 11 45 15 40 30 0 32 3 3 14 6 7 97 3 10 82 9 70 87 61 97 16 99 99 16 99 99 36 99 81 90 36 99 10 42 97 3 27 10 75 99 
22 99 34 81 97 61 66 91 25 99 18 13 15 52 32 6 0 35 30 26 99 87 99 72 58 99 99 99 40 99 52 34 99 99 99 99 13 99 90 55 31 52 94 25 99 55 99 18 70 99 15 
84 79 27 67 82 64 99 99 1 36 7 14 66 12 57 30 8 0 6 14 51 45 60 99 18 55 99 76 54 16 61 55 99 46 13 99 57 69 48 79 42 99 52 4 6 78 99 99 99 70 42 
42 12 61 16 22 54 91 58 58 99 64 6 13 24 49 19 44 58 0 60 15 72 99 78 34 24 99 54 4 63 85 28 55 64 13 94 99 99 28 42 93 52 99 99 63 99 42 99 99 22 99 
3 99 99 51 6 99 42 99 99 15 34 9 39 16 38 60 28 47 22 0 36 99 99 99 69 67 51 99 99 42 78 87 99 97 21 36 43 70 99 36 88 99 99 99 6 33 42 13 99 64 99 
99 19 43 64 48 24 84 99 1 46 22 4 99 24 99 61 36 4 4 57 0 56 19 28 38 50 23 36 40 37 99 22 99 90 99 76 31 69 99 49 61 12 34 36 7 99 99 36 76 99 19 
60 85 99 57 55 99 81 99 99 99 64 91 81 99 99 99 21 93 99 99 40 0 31 21 14 6 46 29 40 52 48 49 54 99 54 99 22 75 94 99 99 99 1 58 31 90 99 81 99 88 21 
33 16 24 51 51 54 99 27 99 51 99 99 99 99 99 99 79 94 82 63 41 43 0 64 62 42 47 63 38 62 99 1 99 72 99 25 99 70 90 81 6 99 19 36 76 99 82 13 21 84 78 
18 99 15 99 97 97 3 99 3 39 75 82 33 82 99 49 84 18 94 3 44 30 21 0 49 23 8 18 21 50 28 99 82 96 19 24 79 99 63 67 99 37 72 99 57 60 99 15 96 1 99 
45 16 99 63 55 25 9 84 93 99 21 99 49 9 99 34 18 78 28 99 27 46 26 61 0 20 27 22 56 10 99 58 91 99 99 18 93 99 99 70 57 13 12 64 99 99 27 96 99 91 99 
99 66 43 67 33 18 87 88 22 99 45 99 99 99 33 45 99 4 40 69 45 60 37 35 58 0 4 37 56 56 49 45 99 1 24 99 27 19 99 79 76 99 19 99 73 99 75 15 3 42 66 
18 76 79 25 99 88 99 99 31 18 99 67 34 60 93 9 6 57 33 99 56 2 50 40 65 54 0 51 30 61 94 99 42 58 1 39 99 15 99 31 51 30 99 6 6 81 55 36 12 7 24 
99 99 12 99 31 51 99 78 48 99 99 99 99 27 4 49 99 99 49 99 34 48 33 60 12 18 52 0 28 58 16 99 99 99 99 99 16 60 99 94 39 37 21 99 19 99 99 99 63 99 99 
70 99 3 99 31 12 99 99 76 49 99 99 28 99 99 99 99 90 99 13 15 20 25 28 16 29 52 8 0 66 99 99 25 46 99 69 67 94 99 37 99 93 9 19 90 22 48 82 45 76 36 
45 66 72 63 99 99 78 58 60 12 34 99 87 6 96 78 73 21 9 3 6 56 8 51 11 26 64 12 15 0 70 81 4 70 70 67 31 18 99 99 99 19 99 87 94 79 16 12 99 99 43 
33 3 36 75 19 61 85 7 99 27 19 37 9 99 99 12 96 58 81 6 84 94 12 99 78 9 99 30 13 90 0 45 11 4 3 13 30 32 52 10 61 28 91 99 99 67 73 99 99 99 82 
99 64 99 78 99 99 99 82 78 66 99 82 99 3 40 72 27 87 63 99 99 84 33 99 99 27 99 4 99 27 39 0 44 4 22 19 7 64 34 38 12 97 30 58 78 99 34 99 99 28 88 
99 99 51 97 99 1 49 99 99 99 55 66 45 39 55 99 99 22 66 70 72 7 34 94 99 90 67 79 99 52 17 48 0 0 2 57 2 15 61 12 99 52 99 99 64 99 75 42 24 93 43 
40 49 99 97 99 34 99 88 99 72 99 1 99 31 58 49 87 99 96 64 99 21 99 49 6 37 70 31 82 88 13 14 9 0 52 8 18 40 26 30 99 58 78 48 45 99 94 3 99 24 99 
99 94 52 73 99 99 99 99 9 46 63 99 85 99 99 94 19 36 34 99 76 99 48 99 99 99 36 99 24 99 42 33 45 22 0 21 31 49 26 12 99 70 96 43 60 6 99 10 99 31 24 
21 28 37 99 22 52 72 24 13 99 97 58 16 99 88 48 22 75 99 97 63 3 99 12 99 99 99 28 33 54 34 31 58 22 46 0 43 26 17 36 16 99 16 84 34 78 3 27 42 22 25 
39 82 99 40 99 49 73 60 57 99 99 60 30 24 99 1 99 30 99 69 27 22 99 79 40 42 15 84 10 99 62 66 20 26 6 22 0 11 56 23 57 88 99 79 99 79 45 39 55 99 30 
81 72 99 99 6 99 99 99 51 10 18 6 25 99 84 96 99 13 85 25 57 99 99 18 85 99 40 70 79 6 62 58 19 44 62 46 26 0 23 2 85 75 90 43 15 79 27 93 15 99 99 
96 99 93 45 69 15 69 22 99 70 76 93 99 3 99 99 57 1 52 93 60 93 51 99 99 99 99 15 4 99 44 20 64 31 33 63 29 32 0 30 99 1 45 99 99 90 31 99 99 79 49 
82 57 27 99 99 99 99 72 99 99 28 99 91 99 99 39 19 18 87 99 87 99 99 99 99 31 99 10 82 39 36 61 28 4 35 24 5 19 32 0 99 82 49 43 51 75 85 99 85 75 90 
43 99 75 48 57 99 28 99 99 82 99 99 33 43 33 99 81 46 49 12 25 15 99 99 99 43 99 28 99 84 31 75 43 99 99 57 99 33 66 99 0 42 10 27 51 50 18 16 58 58 37 
99 58 58 13 81 52 99 99 78 22 87 81 99 99 99 99 6 99 76 82 99 99 88 99 16 87 99 73 7 93 13 99 6 64 51 58 99 99 33 48 61 0 41 50 16 44 26 4 20 34 55 
99 39 55 99 12 96 39 99 40 63 4 97 82 45 99 91 49 99 99 99 91 57 6 10 15 91 30 96 10 1 57 99 99 22 3 99 99 49 21 99 42 18 0 7 42 10 30 18 64 15 99 
99 99 99 99 99 22 99 3 64 87 99 99 4 1 61 69 30 16 99 99 99 99 69 39 9 99 58 99 99 99 10 73 99 88 99 99 37 25 19 99 16 24 60 0 37 11 19 36 46 10 64 
46 64 69 66 42 42 85 64 99 39 54 18 73 43 6 99 52 78 99 99 99 75 99 31 61 57 99 49 1 43 99 99 54 90 55 10 99 99 99 10 42 17 36 52 0 8 21 36 42 51 90 
12 99 94 94 99 99 93 94 58 48 12 34 3 30 99 99 99 7 76 57 34 39 19 48 3 52 97 85 99 52 40 7 84 99 70 31 99 81 34 99 13 38 14 60 43 0 34 1 62 29 99 
99 36 99 30 39 99 22 7 90 94 30 99 99 3 72 91 99 19 61 82 99 82 94 99 99 99 66 99 66 31 99 64 31 61 57 10 43 34 99 99 10 28 64 42 48 24 0 42 50 50 9 
31 99 99 99 37 51 99 76 99 79 99 73 36 94 99 99 63 79 99 57 99 66 81 99 99 99 1 99 99 99 42 78 31 99 99 46 99 99 76 99 44 26 55 41 58 56 8 0 15 2 13 
93 1 99 99 66 67 39 54 10 1 3 19 97 99 90 99 25 22 99 64 99 63 63 99 15 82 99 33 99 93 60 66 12 90 36 87 99 24 97 99 3 12 40 14 8 10 65 50 0 8 18 
99 78 99 19 4 28 79 33 99 99 51 21 39 48 99 21 99 33 99 75 69 39 37 12 49 84 61 76 99 15 40 18 99 9 99 99 42 40 15 99 5 14 48 66 14 58 59 57 22 0 99 
15 87 21 61 99 99 99 99 99 96 96 94 21 99 9 78 63 49 99 25 12 19 99 10 99 91 99 39 82 7 42 99 99 99 99 76 99 79 99 39 9 3 99 51 46 64 55 99 58 79 0 
