n: 50
m: 2
Pi:U[1-99] 66 50 66 48 40 43 47 48 75 24 92 54 59 15 16 39 76 26 48 48 24 76 14 18 91 51 1 89 44 27 1 54 57 81 98 2 73 77 80 63 79 20 19 28 69 95 78 31 61 77 
Si:U[1-49]
0 42 13 42 1 12 28 18 15 24 48 47 8 12 17 38 38 12 8 6 4 17 41 2 31 2 17 6 7 11 24 15 44 42 32 41 2 36 23 21 43 8 41 17 7 49 39 30 20 42 4 
41 0 21 11 26 7 42 27 48 6 6 38 36 33 12 26 2 26 1 43 19 24 49 11 19 28 32 16 12 31 27 5 35 37 21 49 45 37 26 26 9 43 20 14 8 11 15 26 8 8 43 
26 32 0 37 41 48 9 33 12 15 14 43 48 11 35 16 3 25 30 38 10 6 43 16 11 25 13 39 29 40 48 20 16 38 25 18 16 33 14 15 2 4 33 42 25 20 40 18 19 4 7 
1 32 21 0 41 5 42 33 26 22 38 38 39 4 41 39 40 15 7 9 26 33 6 4 26 23 36 7 14 24 37 36 17 3 19 24 3 25 29 39 21 27 21 15 22 9 41 41 7 16 39 
39 3 49 5 0 20 46 28 46 43 45 9 26 49 11 4 16 37 33 37 44 48 47 37 29 29 16 30 44 9 33 36 26 32 36 18 25 20 28 36 13 31 6 43 24 19 20 39 2 17 3 
12 26 20 28 48 0 30 5 40 36 34 21 47 45 23 11 36 6 48 14 19 18 47 31 7 24 17 40 3 11 6 37 7 4 18 39 2 48 8 49 39 13 21 32 14 41 4 6 44 1 4 
41 36 2 1 12 1 0 4 8 1 48 14 45 23 42 3 48 24 36 47 36 18 45 2 18 35 28 24 31 34 24 29 22 46 41 39 36 48 15 19 12 9 12 6 49 10 47 24 19 32 26 
8 48 23 39 2 33 35 0 45 10 36 42 7 15 11 6 18 17 35 19 22 12 27 20 30 40 20 25 37 37 28 21 32 35 14 13 8 37 12 3 7 40 18 4 44 35 48 31 46 24 45 
43 13 41 5 22 21 6 46 0 39 20 28 1 23 35 22 22 8 2 20 12 13 17 12 40 26 33 23 24 27 30 3 8 42 33 19 28 6 40 4 20 34 3 4 9 45 6 36 23 38 33 
29 43 28 39 25 13 23 6 1 0 33 19 45 25 42 45 46 5 20 17 18 6 42 3 13 36 7 7 7 23 45 10 27 14 38 42 13 34 20 21 3 23 27 19 8 45 17 24 28 1 2 
18 26 27 13 34 19 21 18 16 41 0 13 30 19 2 36 44 49 8 33 17 24 12 32 23 27 30 5 8 39 29 15 31 39 16 26 32 6 16 24 36 19 1 45 37 5 38 16 39 47 39 
24 29 34 49 17 4 24 22 41 17 36 0 17 41 2 24 38 7 8 18 22 3 3 16 36 29 13 10 33 36 4 3 32 20 18 34 14 5 1 33 4 5 36 24 27 23 3 22 16 1 28 
33 21 32 2 16 46 1 36 22 48 25 1 0 41 12 19 2 19 22 8 5 26 4 39 34 21 22 36 1 12 41 35 43 49 18 10 30 26 32 24 24 17 45 20 8 29 41 29 28 24 41 
10 16 23 8 11 24 25 12 10 44 24 42 28 0 39 27 33 27 6 27 43 4 12 26 10 41 1 14 49 27 42 39 8 7 37 10 48 9 13 1 33 27 20 13 48 27 29 29 4 19 19 
41 34 35 34 29 31 2 26 8 13 45 21 22 42 0 18 45 15 36 3 35 34 11 19 25 22 4 13 23 2 1 11 21 6 8 31 36 6 12 42 17 41 39 33 9 22 39 36 29 48 35 
46 47 42 47 42 32 37 36 15 41 8 19 46 35 36 0 23 16 43 35 28 5 48 42 37 11 47 47 13 36 19 19 5 1 23 30 23 3 21 15 3 13 48 41 47 3 27 23 37 16 1 
26 5 35 42 49 16 20 24 1 12 5 26 33 19 15 4 0 38 41 33 37 38 42 12 15 25 22 13 37 14 46 1 46 31 1 43 17 4 37 37 20 39 10 38 44 16 19 38 49 15 20 
33 41 31 8 30 30 35 16 14 35 22 48 5 16 31 42 19 0 39 31 4 1 1 44 48 2 17 29 35 25 48 45 39 46 35 38 46 18 33 16 18 19 42 35 22 18 34 6 3 47 23 
33 17 7 12 43 48 37 38 40 37 11 9 44 5 28 47 43 25 0 18 12 41 25 41 7 40 49 22 26 13 35 23 34 4 34 36 41 3 38 9 3 10 25 42 39 13 5 25 38 2 18 
29 13 42 5 20 13 1 15 27 7 9 17 22 12 35 30 45 33 39 0 7 9 32 6 40 34 18 45 20 25 15 23 24 5 7 45 23 49 41 13 35 19 6 21 35 22 39 24 22 27 44 
26 46 28 30 4 8 24 27 5 6 14 31 47 18 19 45 11 35 24 1 0 30 44 40 47 9 24 6 5 25 41 13 35 2 32 37 29 49 24 16 19 48 41 14 12 14 30 12 31 25 49 
20 38 7 32 8 1 24 22 35 26 20 43 28 13 49 29 15 25 33 14 48 0 3 12 44 17 45 32 21 37 29 29 27 2 18 17 3 37 3 40 21 43 38 41 2 47 31 37 3 4 21 
31 29 10 26 31 39 39 1 22 10 1 1 25 9 48 12 16 30 26 7 4 35 0 6 30 49 45 38 24 36 7 42 34 10 24 44 49 5 37 26 10 31 32 5 15 30 14 30 1 1 23 
38 3 14 9 39 21 11 16 30 3 13 40 10 43 12 7 13 31 22 30 3 41 48 0 48 26 23 31 36 17 42 11 21 49 6 46 48 41 23 35 13 34 30 5 17 23 17 44 17 32 19 
1 9 41 44 15 18 37 28 49 49 20 46 18 23 44 43 48 46 13 16 14 18 40 18 0 34 23 49 3 12 48 16 12 17 13 14 26 9 44 25 9 44 34 49 44 16 17 40 13 31 36 
37 37 49 8 40 38 10 15 23 6 37 20 16 3 17 18 34 34 9 43 24 44 16 3 44 0 6 5 42 21 43 28 27 8 3 36 12 23 47 23 23 42 40 22 1 39 13 4 2 42 36 
15 19 16 10 24 40 48 47 38 38 17 7 28 34 9 46 6 31 15 39 3 27 23 10 2 32 0 5 18 24 48 49 3 6 3 7 24 48 2 43 19 27 38 41 4 44 34 13 46 11 40 
15 38 30 20 46 36 20 47 12 19 25 7 27 26 45 23 47 49 10 32 43 46 28 2 28 7 47 0 13 48 22 48 6 16 26 32 8 47 38 6 34 31 37 25 30 1 41 43 33 41 18 
3 30 4 22 23 38 7 49 47 30 3 4 35 7 11 40 39 4 25 40 27 11 46 46 45 23 38 39 0 8 44 2 23 44 30 24 48 20 25 15 24 46 25 7 7 19 27 39 23 34 16 
26 40 33 4 31 39 40 30 49 24 24 5 35 26 6 44 44 18 42 20 32 21 9 12 16 5 17 41 45 0 34 8 28 7 37 15 38 17 46 46 28 49 45 1 19 25 49 35 16 33 42 
40 3 22 12 42 7 24 33 3 14 48 20 33 49 6 7 49 22 41 36 38 23 41 27 19 31 43 44 9 36 0 12 43 47 20 47 24 11 6 45 43 16 20 2 14 7 17 30 6 40 5 
48 25 23 12 11 29 23 19 25 21 41 26 21 15 2 29 27 1 12 19 30 21 34 17 44 3 29 21 38 37 47 0 43 18 39 48 11 13 43 21 29 41 40 1 19 46 10 2 3 37 37 
4 4 17 39 26 4 24 48 10 35 18 11 22 43 49 17 34 37 17 22 5 10 13 31 40 41 21 5 30 1 37 24 0 20 21 43 40 26 36 39 1 21 15 1 24 36 1 36 30 16 15 
30 31 26 7 49 41 36 1 48 13 8 48 15 7 6 36 15 7 43 47 30 29 6 40 26 21 31 31 39 5 47 44 7 0 21 5 26 2 22 16 17 49 35 22 32 21 41 22 40 43 9 
26 6 43 35 43 5 13 24 40 7 28 47 41 42 12 45 14 21 42 2 10 11 28 8 43 28 20 27 38 46 6 27 8 20 0 24 9 41 47 12 48 17 26 44 11 39 10 3 26 12 14 
4 20 6 20 20 34 34 24 3 1 21 15 33 39 29 29 15 4 25 31 35 12 46 41 26 1 31 5 14 32 4 42 22 2 5 0 34 23 9 40 12 21 27 41 37 8 42 28 25 3 46 
35 20 14 48 23 5 42 30 29 23 20 45 25 32 21 26 6 44 19 1 19 31 19 44 24 10 18 25 10 18 15 40 3 34 49 30 0 22 6 27 24 4 40 11 18 34 19 6 40 33 41 
36 15 12 20 32 3 39 8 7 47 21 15 3 23 37 47 8 28 30 5 44 41 41 39 31 14 36 32 47 33 30 43 10 25 3 14 23 0 29 29 23 12 34 39 21 24 46 38 43 30 30 
22 5 36 9 27 11 35 4 31 25 4 41 12 31 36 25 9 17 30 29 49 5 44 36 15 23 18 28 9 23 4 33 43 37 42 44 9 34 0 23 33 14 37 49 39 12 30 33 41 45 46 
45 28 38 40 40 9 37 21 41 15 16 12 31 23 46 17 17 21 2 33 30 38 10 37 28 21 22 42 25 33 38 16 20 25 47 18 1 5 17 0 35 7 4 35 41 28 3 7 32 47 29 
16 19 18 19 27 22 48 17 7 17 48 33 8 49 5 19 13 19 45 46 48 26 22 39 1 15 36 33 35 9 29 1 48 12 5 1 38 15 29 3 0 45 37 25 18 14 41 33 47 42 15 
22 16 17 42 47 34 8 29 16 43 45 43 16 44 29 43 35 1 46 36 42 26 44 9 38 20 3 26 46 34 36 29 9 10 22 10 15 41 34 25 44 0 22 46 39 44 36 1 11 40 46 
17 20 27 35 21 31 37 3 15 32 36 44 42 29 16 35 20 15 41 8 39 4 16 13 20 45 15 1 27 2 11 21 32 24 17 16 49 26 23 18 29 1 0 30 34 7 43 1 24 38 25 
23 48 27 10 13 21 46 47 25 17 12 34 2 48 8 40 11 31 11 20 25 9 26 4 29 15 10 9 34 42 22 18 32 43 14 28 4 11 6 19 27 39 47 0 18 32 16 4 38 25 1 
44 20 40 32 25 33 33 21 19 27 34 13 29 24 40 35 45 5 33 24 1 14 49 48 49 21 18 18 26 21 26 5 45 40 12 9 43 26 34 27 2 19 25 31 0 27 40 12 4 48 16 
43 12 49 13 37 38 40 10 10 26 33 37 47 22 34 1 34 29 10 44 34 38 41 38 29 22 37 16 48 46 34 48 20 37 15 10 39 35 28 23 43 5 44 33 8 0 43 18 42 5 36 
8 22 25 19 40 27 49 1 17 7 43 28 13 24 36 15 23 35 39 26 45 42 32 49 35 4 9 27 8 47 15 11 5 43 14 9 28 34 42 37 4 41 45 46 28 26 0 29 4 34 40 
2 36 17 34 44 16 2 45 3 25 13 35 28 17 20 4 37 30 23 22 25 47 45 32 20 47 27 21 20 4 13 26 30 39 5 32 11 36 19 7 2 17 33 42 40 18 33 0 36 19 48 
31 14 44 14 24 41 28 14 40 34 40 33 22 6 17 32 11 16 40 43 17 47 5 17 13 24 19 47 7 7 47 6 18 4 27 29 26 38 10 18 22 20 4 47 16 44 34 34 0 29 29 
4 7 5 10 20 9 21 45 32 38 6 44 7 48 16 35 18 6 11 3 6 19 41 33 28 39 44 12 17 22 19 7 17 39 48 23 35 38 14 16 44 43 37 47 29 28 30 2 44 0 15 
46 46 42 19 49 1 24 47 33 13 27 9 44 44 43 15 11 40 17 38 19 41 36 32 2 23 13 40 12 25 2 22 21 27 15 13 7 5 42 15 17 10 27 45 20 1 49 11 12 8 0 
