n: 50
m: 4
Pi:U[1-99] 37 98 50 85 56 90 62 67 41 52 55 21 29 59 51 83 45 78 73 11 76 30 7 57 32 61 92 81 44 39 38 56 59 1 24 36 88 48 83 5 97 75 32 14 11 12 94 59 39 60 
Si:U[1-49]
0 14 9 10 10 17 4 32 26 12 33 43 10 49 36 31 49 6 49 42 34 40 28 49 27 9 40 37 49 42 43 37 40 49 49 49 19 48 34 40 49 24 21 36 34 25 49 27 10 30 45 
14 0 15 16 14 21 29 16 18 6 49 40 49 49 28 13 7 30 49 22 16 25 12 3 25 49 49 49 49 10 28 10 4 21 33 49 49 24 49 49 18 4 1 49 31 49 49 33 7 7 24 
22 2 0 18 26 6 18 18 28 4 16 49 9 49 34 27 49 45 24 42 33 40 9 49 3 49 49 49 49 16 49 49 49 49 1 36 49 49 49 3 16 9 19 45 24 27 49 1 49 49 49 
28 30 29 0 27 19 0 24 7 18 1 46 49 18 49 49 49 49 48 49 31 34 21 42 10 21 39 36 10 49 48 49 1 49 49 21 34 45 49 49 49 49 12 49 49 6 49 37 49 49 9 
4 10 13 25 0 16 3 14 22 14 36 49 7 49 49 49 34 49 27 36 43 13 49 49 49 16 24 12 46 49 49 6 13 49 49 49 45 6 49 18 25 45 33 6 45 19 49 49 49 13 49 
22 16 19 28 4 0 20 10 11 16 49 49 6 9 24 6 13 34 27 30 46 49 49 34 15 15 18 33 49 16 6 49 24 28 25 46 49 45 16 19 49 4 49 49 49 12 49 12 49 49 49 
13 1 29 5 21 2 0 2 14 24 22 49 49 49 21 1 34 49 46 37 49 49 15 49 9 13 4 34 49 46 49 49 3 3 16 49 30 36 22 49 1 30 25 49 22 39 16 49 48 9 19 
26 22 32 26 18 3 8 0 18 0 34 34 7 39 3 28 49 49 6 49 49 49 1 49 31 10 39 49 36 49 36 13 27 46 3 30 43 46 6 9 49 49 21 49 16 45 42 12 34 28 28 
12 14 0 4 10 32 31 3 0 11 49 27 10 10 39 49 40 31 12 12 49 24 24 49 19 31 45 30 36 18 4 21 46 49 49 13 37 24 34 33 49 49 6 21 1 49 4 42 13 49 1 
2 11 32 28 26 19 23 32 32 0 12 34 49 49 49 49 28 36 36 18 18 28 16 7 25 49 49 36 37 28 45 6 49 9 42 49 46 19 1 39 27 49 25 1 6 21 1 48 7 40 4 
49 3 49 34 48 49 33 3 43 49 0 0 14 23 20 14 32 4 3 19 49 40 12 46 27 49 43 27 45 49 25 39 48 15 1 7 49 45 49 13 49 16 49 16 13 37 3 31 49 21 40 
49 1 49 40 18 13 49 49 49 49 2 0 26 12 9 20 22 10 22 32 49 15 49 13 49 43 48 49 45 49 49 36 33 30 24 25 48 1 24 3 12 49 34 27 34 49 31 15 43 16 49 
49 24 49 45 48 49 25 49 49 49 7 30 0 2 19 22 26 26 0 27 49 49 15 48 13 4 49 33 40 15 46 48 12 13 48 49 40 28 49 33 49 4 46 49 46 37 49 13 7 45 43 
19 49 49 34 49 49 49 13 25 49 31 18 14 0 23 18 32 11 11 18 49 49 36 49 24 6 30 43 49 16 42 31 15 49 15 21 12 18 37 16 10 49 49 45 12 46 15 39 27 6 43 
4 4 49 19 49 49 49 31 45 3 19 12 26 9 0 24 10 16 24 9 49 49 49 7 16 49 28 4 1 7 22 1 49 49 25 49 43 49 48 25 15 45 48 49 3 25 34 22 49 49 27 
1 7 42 49 49 3 49 27 24 49 12 25 3 26 19 0 8 32 26 16 49 49 10 49 42 49 49 9 40 49 49 18 4 49 37 49 1 6 34 15 19 3 18 49 49 10 36 49 49 16 34 
49 49 49 28 48 46 31 18 30 1 22 26 2 10 32 3 0 8 12 4 4 49 1 24 18 22 49 4 4 49 30 40 49 49 43 28 15 46 49 10 49 49 22 12 49 9 22 49 49 30 9 
31 9 10 40 4 4 49 49 48 15 6 19 21 32 31 26 32 0 14 5 28 7 30 34 49 49 25 4 45 48 49 43 27 49 49 49 39 49 12 28 49 12 12 45 9 39 7 13 10 10 46 
31 49 49 49 42 27 39 33 45 42 8 12 24 24 6 29 26 2 0 2 48 13 49 22 6 31 25 49 37 7 33 10 13 7 1 39 28 42 49 39 34 4 49 18 49 19 49 15 49 31 3 
13 15 49 22 49 49 37 1 21 49 3 32 16 22 8 12 26 25 17 0 49 37 49 49 7 24 42 49 21 13 45 24 49 7 30 13 49 4 36 49 49 46 49 39 49 24 3 6 49 24 49 
49 49 10 49 49 48 49 27 49 6 28 45 49 6 21 24 15 49 49 49 0 32 23 11 16 6 30 30 21 23 49 33 19 49 46 33 49 49 24 49 49 10 49 49 10 16 16 22 19 7 49 
3 21 49 22 27 28 43 27 46 39 49 30 43 43 40 25 49 49 48 49 0 0 7 3 18 14 28 20 21 12 6 4 46 49 13 33 49 15 37 40 7 21 25 6 49 34 49 30 37 9 37 
43 49 16 36 1 6 10 49 49 6 27 48 36 49 33 49 49 42 16 49 32 26 0 19 3 20 12 13 29 15 21 49 49 9 49 1 28 3 49 49 49 25 7 39 49 7 27 13 49 36 31 
49 49 12 13 49 43 49 7 49 30 49 49 49 36 49 45 25 49 33 19 14 16 32 0 16 16 17 10 9 6 49 34 19 6 1 28 45 33 39 13 36 40 49 49 24 45 13 49 43 49 31 
49 10 49 12 10 16 49 49 37 49 45 25 49 3 13 43 49 49 49 42 0 17 30 6 0 13 13 18 28 23 6 49 4 22 49 36 39 39 42 4 49 49 49 1 49 40 12 49 7 49 7 
49 49 21 49 49 45 49 49 15 49 12 49 34 10 1 49 46 49 1 49 26 6 4 23 32 0 17 9 23 9 21 39 10 49 13 49 22 9 49 49 49 43 33 49 15 49 4 6 18 25 49 
43 48 45 42 45 30 21 49 27 25 49 46 49 46 4 49 49 45 48 3 22 32 13 19 10 28 0 13 16 29 7 49 4 49 12 45 25 49 31 36 3 36 49 40 43 49 27 21 40 6 16 
37 49 49 49 49 48 3 10 37 48 34 49 19 34 49 49 48 1 33 49 13 27 24 32 30 8 19 0 30 2 49 49 49 16 36 49 33 49 49 49 7 46 48 45 18 1 49 43 49 46 31 
30 37 27 7 27 39 7 16 18 46 24 49 49 12 40 34 22 39 49 49 9 22 32 24 21 22 32 10 0 11 49 49 49 49 28 3 37 1 16 36 46 40 6 49 6 49 27 49 22 49 33 
49 3 16 49 19 6 34 30 10 49 45 19 49 9 49 4 3 25 7 49 2 5 23 21 7 19 6 24 3 0 49 49 49 49 49 40 49 18 49 49 13 49 16 33 1 33 24 49 34 45 24 
1 28 6 45 49 49 49 48 45 43 49 18 36 37 49 15 49 3 49 49 36 49 13 13 19 33 49 49 49 49 0 17 2 4 4 26 23 16 14 4 18 36 37 48 12 10 48 36 49 48 13 
49 15 30 49 33 3 49 13 4 49 18 48 24 49 1 18 25 18 21 27 49 34 49 49 4 18 22 49 49 43 26 0 7 18 24 10 17 12 4 25 49 13 27 49 1 49 9 49 40 4 6 
27 49 24 49 21 49 25 39 46 49 37 16 33 27 49 13 49 13 49 42 45 43 49 49 1 15 49 4 28 27 4 16 0 8 24 28 4 18 28 8 49 49 49 48 13 24 49 49 31 6 49 
18 6 49 31 22 7 36 36 49 49 49 49 22 6 36 21 21 34 27 16 49 49 15 27 13 49 25 49 24 10 17 7 16 0 2 2 26 12 8 2 33 40 34 15 31 12 49 1 16 27 49 
33 49 45 30 40 10 15 6 15 49 22 4 45 49 49 49 49 37 34 49 25 39 18 46 16 43 27 13 15 40 13 10 11 20 0 15 28 27 2 18 49 49 4 31 49 40 43 40 9 16 49 
9 49 40 49 42 42 49 4 18 42 46 30 49 28 49 1 49 49 30 43 13 21 6 49 49 9 49 49 27 49 4 10 24 21 3 0 2 8 23 15 31 4 49 1 49 28 49 34 49 19 4 
49 49 36 49 18 39 12 15 3 49 22 49 15 45 49 49 12 12 25 25 33 49 34 34 49 30 46 9 39 19 5 22 26 8 10 13 0 17 13 0 4 49 49 49 49 7 49 49 45 49 40 
18 4 30 49 12 1 27 49 49 30 21 48 49 49 49 10 18 13 49 49 49 43 45 49 28 13 21 1 31 25 21 20 0 8 22 3 2 0 25 8 46 49 49 49 19 31 19 4 49 49 28 
39 4 37 18 4 34 16 18 33 49 28 49 28 46 7 49 49 49 49 49 46 42 49 22 9 36 49 13 49 49 13 5 12 25 13 12 5 13 0 18 46 49 34 18 49 7 33 49 49 4 49 
43 22 9 18 15 49 46 40 7 30 49 46 49 33 21 33 37 9 49 25 28 36 46 49 12 33 7 49 48 12 16 10 26 30 21 31 12 18 25 0 39 19 30 18 28 34 49 25 49 49 1 
49 9 43 12 49 49 3 9 49 49 10 1 24 33 49 34 49 49 9 15 19 1 27 9 25 39 7 33 48 49 6 13 7 49 30 46 4 49 48 49 0 9 20 29 4 1 32 10 30 6 10 
24 30 1 10 49 49 49 27 49 48 49 37 42 25 15 49 48 27 49 12 39 49 42 39 42 49 7 48 49 49 31 15 25 22 18 42 48 49 19 49 26 0 6 9 15 22 22 3 16 20 45 
3 19 24 36 28 31 31 13 21 12 16 45 31 37 21 49 18 24 34 49 49 49 22 19 49 4 49 27 39 27 21 49 45 49 49 28 45 34 39 6 29 32 0 11 1 2 14 22 12 32 49 
25 49 49 49 49 42 49 21 46 21 49 49 27 49 37 49 22 49 49 36 49 48 49 24 12 21 49 49 12 28 49 43 10 49 49 19 49 48 4 6 20 27 18 0 18 30 9 28 9 22 13 
49 36 49 31 13 49 13 18 36 3 49 49 46 49 25 49 15 49 40 37 42 45 49 24 49 13 37 1 9 49 49 49 49 49 33 49 30 30 12 40 2 20 11 15 0 10 19 11 28 9 31 
49 49 49 49 40 49 49 49 49 42 27 49 49 4 49 49 49 49 10 15 33 49 30 13 49 46 49 49 4 28 12 24 4 36 13 49 49 39 7 18 0 14 29 16 4 0 26 8 25 23 49 
43 22 4 30 49 49 49 7 49 49 22 1 49 13 49 9 16 49 12 1 40 49 49 3 49 49 30 49 31 30 3 40 49 49 49 28 13 49 30 49 24 24 4 6 12 15 0 20 2 13 49 
37 25 37 49 15 40 24 49 19 49 49 3 25 18 4 49 15 1 49 40 49 1 40 1 1 27 6 49 7 49 22 49 13 16 49 30 49 48 49 39 26 6 2 17 4 27 5 0 16 24 43 
19 42 40 15 49 43 28 49 49 9 49 49 49 49 49 49 9 49 4 10 45 49 49 48 49 40 27 31 46 49 31 49 49 19 9 49 49 15 39 6 10 30 14 10 25 31 22 12 0 12 7 
42 18 18 15 49 36 7 39 49 49 34 49 49 28 49 24 18 40 12 40 21 49 49 49 48 36 49 27 49 45 49 33 12 7 49 10 49 4 25 9 25 14 15 2 18 4 17 10 0 0 49 
49 19 49 18 36 49 30 49 49 49 31 10 18 49 28 49 40 33 3 6 16 49 21 49 7 24 49 49 1 16 33 36 10 49 49 49 13 1 12 19 49 3 42 25 24 49 49 24 25 49 0 
