n: 50
m: 10
Pi:U[1-99] 83 19 31 65 93 51 35 87 67 56 13 96 11 9 27 86 68 70 53 38 68 9 68 24 4 70 93 33 1 82 91 21 64 44 33 36 77 99 8 35 22 4 84 17 90 55 34 17 37 5 
Si:U[1-49]
0 26 20 26 8 4 29 20 12 4 49 7 16 49 15 49 30 49 43 6 18 49 36 49 49 49 21 49 49 49 33 12 49 39 13 49 49 42 37 4 9 42 1 49 7 19 13 49 42 49 21 
26 0 12 20 6 22 31 18 1 18 34 49 49 7 6 24 36 9 49 34 10 21 25 43 49 6 48 4 40 49 49 49 49 22 9 30 49 48 10 13 24 30 49 7 9 21 45 49 24 1 49 
10 8 0 27 12 18 4 0 14 9 49 49 49 19 15 25 49 46 49 16 49 39 12 31 25 37 3 49 25 7 19 49 49 49 43 7 49 49 45 49 46 49 49 9 49 39 36 10 40 1 12 
28 4 29 0 16 14 16 11 29 2 34 13 27 21 49 49 49 7 49 13 18 49 30 28 49 49 49 4 49 19 31 13 49 49 49 49 22 49 42 22 49 1 49 31 16 49 28 49 4 49 49 
12 32 31 14 0 3 30 26 16 28 7 18 49 49 7 49 49 49 49 46 24 49 49 28 7 25 15 28 18 13 13 49 31 30 19 40 49 49 49 36 28 18 49 7 42 4 49 21 24 49 1 
26 14 31 29 8 0 28 5 18 8 10 28 1 49 19 49 37 49 42 49 1 46 49 48 43 13 49 21 49 49 46 49 30 27 6 49 49 34 45 49 49 49 34 49 49 18 49 34 34 24 48 
32 0 4 31 19 32 0 24 6 19 49 49 4 49 49 49 13 31 24 49 28 49 49 49 10 3 28 39 36 37 49 12 34 40 18 12 1 31 25 46 48 7 49 30 25 49 42 45 49 36 31 
15 26 2 6 24 25 31 0 14 32 43 15 25 6 49 49 49 28 24 1 45 30 27 49 49 21 49 49 33 39 42 49 49 27 49 49 49 12 46 49 7 19 30 49 15 49 49 49 12 49 49 
26 17 26 7 32 1 31 32 0 6 49 49 49 39 1 46 49 42 49 43 21 22 49 48 49 3 9 49 22 49 49 49 24 16 49 16 27 46 40 30 39 18 45 49 34 1 6 27 49 49 46 
1 13 16 30 5 20 24 28 28 0 24 25 36 49 22 28 1 16 49 49 40 15 24 12 49 12 1 16 3 1 46 49 22 28 49 49 21 19 9 19 49 12 49 39 24 49 43 3 30 3 49 
22 40 25 4 9 33 49 30 49 21 0 22 21 32 11 9 23 23 3 21 42 49 30 49 28 49 49 33 49 49 37 43 40 49 49 43 24 45 39 49 16 42 10 49 24 49 49 49 49 21 49 
33 19 27 49 28 43 37 49 16 22 19 0 2 24 30 27 10 28 2 0 28 19 19 3 49 49 24 46 49 49 49 48 45 6 7 3 22 1 21 1 36 49 49 31 4 49 49 49 49 36 43 
49 46 49 22 46 49 34 27 49 33 18 21 0 12 14 28 25 27 27 12 45 49 16 16 40 49 15 25 49 49 18 49 49 49 49 18 10 42 49 13 43 39 49 49 49 49 49 4 24 18 49 
43 49 49 27 30 49 49 6 12 30 28 20 30 0 21 32 4 29 28 17 46 49 15 40 49 10 49 19 49 4 30 49 49 7 49 40 49 49 49 49 3 34 25 49 49 48 49 49 49 49 45 
40 1 9 36 1 10 30 49 49 42 10 20 20 4 0 4 26 1 22 8 36 6 25 12 24 4 49 33 49 3 31 49 49 25 22 30 34 12 16 7 16 45 40 12 49 49 28 7 49 40 33 
4 6 49 1 1 28 37 49 45 49 1 15 18 19 30 0 18 18 24 20 13 31 42 49 49 13 33 45 48 12 46 22 39 15 49 49 1 49 28 34 43 16 28 49 49 49 49 10 49 49 49 
49 3 49 33 49 22 7 49 1 37 23 6 8 14 3 15 0 3 20 30 7 12 28 49 49 24 25 4 43 49 30 49 42 33 49 48 9 31 49 42 49 48 49 7 27 28 7 42 22 33 49 
49 49 49 4 16 43 45 49 40 49 9 6 20 6 32 14 4 0 10 4 49 37 4 16 49 28 45 9 3 3 27 33 10 33 9 49 6 49 45 49 28 49 49 1 49 18 40 37 28 36 40 
48 15 1 39 49 45 40 21 49 1 20 22 17 20 10 16 21 12 0 3 43 36 3 12 46 49 49 7 49 49 49 49 49 49 19 49 49 28 27 1 49 49 40 49 49 39 48 49 33 19 6 
28 49 13 49 24 27 4 13 37 37 26 22 28 11 8 19 6 18 6 0 33 9 30 39 1 48 49 49 16 18 40 27 39 49 40 45 43 49 18 3 45 30 49 49 16 49 49 27 13 22 25 
49 49 4 16 43 49 49 43 49 24 33 16 6 28 9 49 15 49 42 49 0 32 12 19 16 6 19 24 13 12 49 34 33 25 4 49 18 48 39 49 42 46 28 49 19 28 9 49 24 24 49 
43 49 1 33 49 49 49 48 49 45 30 49 49 49 3 49 6 24 49 13 12 0 31 24 4 8 22 12 28 26 16 49 33 49 49 36 49 49 13 48 49 31 40 22 1 42 49 49 36 13 37 
49 15 49 12 10 6 49 30 45 39 28 49 22 49 49 39 7 1 49 49 22 22 0 22 16 31 18 19 27 14 49 18 36 3 49 1 49 49 42 18 49 25 7 7 6 24 31 16 4 49 49 
25 49 49 28 49 40 43 49 12 49 24 10 21 49 10 49 15 16 49 49 15 18 17 0 10 4 1 18 6 32 37 49 39 7 28 39 49 22 49 49 27 13 49 22 48 31 30 43 22 39 24 
24 45 49 49 25 49 39 40 49 49 22 25 49 45 37 36 49 34 24 49 24 8 6 25 0 28 26 16 4 14 27 49 49 36 49 24 1 49 48 7 37 49 49 42 49 49 10 46 7 37 49 
49 49 9 42 22 10 42 19 49 49 18 49 15 43 49 9 33 15 30 49 18 9 0 20 1 0 12 3 11 28 28 1 13 13 42 49 49 25 49 39 22 6 18 46 49 49 30 13 46 45 49 
21 4 49 33 42 49 12 21 49 49 49 49 22 27 37 49 49 49 37 21 16 28 15 6 28 10 0 8 19 20 22 45 49 9 6 3 46 49 30 24 45 24 9 1 48 43 37 28 30 4 22 
49 4 40 49 49 49 21 18 30 24 37 7 27 49 43 9 3 43 49 42 8 27 15 18 29 16 26 0 29 26 28 46 31 49 49 49 37 49 43 49 49 7 10 30 39 40 49 36 49 27 9 
9 49 42 33 1 7 39 25 49 10 49 15 49 3 49 49 21 39 21 10 20 9 24 29 30 32 6 2 0 1 10 49 49 39 49 34 10 22 42 6 19 10 9 49 12 7 40 40 18 1 13 
43 18 49 21 49 22 10 24 13 49 4 48 49 21 33 30 13 16 24 49 6 6 13 31 18 22 23 23 26 0 48 22 9 46 49 49 27 9 13 34 49 49 39 49 49 49 27 49 42 21 30 
24 49 49 18 33 18 49 33 16 43 49 43 1 10 49 28 12 10 15 42 46 49 16 49 12 9 12 3 49 49 0 10 31 7 23 28 16 8 13 4 46 37 40 22 19 13 28 19 10 19 42 
34 6 49 49 7 45 24 40 49 40 28 39 39 25 49 43 49 42 6 9 15 31 39 42 49 49 49 36 42 49 28 0 28 21 3 30 28 26 20 18 24 37 49 7 10 42 9 16 45 43 15 
49 10 49 46 49 49 7 30 10 33 13 49 49 4 45 43 16 49 13 49 42 12 49 28 49 48 42 18 1 37 2 14 0 14 28 17 21 8 28 20 28 3 40 49 6 39 49 21 49 19 49 
42 39 49 49 21 13 49 49 49 7 46 13 49 3 13 31 39 49 49 13 49 49 31 6 49 37 49 39 40 28 2 9 10 0 10 22 11 29 14 8 19 33 49 15 45 10 49 48 3 49 49 
9 6 31 25 40 49 49 49 3 49 28 49 40 18 49 4 49 49 49 27 49 49 49 49 7 49 27 13 49 1 20 6 29 23 0 18 10 2 10 19 49 49 6 18 49 25 15 31 49 49 49 
9 10 49 49 12 33 49 12 49 49 46 34 3 49 49 46 10 18 9 45 39 46 49 49 49 42 24 49 45 49 32 20 26 24 24 0 9 16 17 2 33 43 49 40 31 25 30 30 49 28 4 
4 49 49 42 39 27 7 28 39 49 49 10 6 49 46 49 15 49 27 16 1 43 3 15 1 24 6 30 49 49 30 13 15 31 16 7 0 6 2 13 30 31 48 13 49 49 9 16 49 45 27 
4 4 4 49 4 48 49 48 49 49 45 28 18 30 15 9 15 49 21 49 49 49 45 13 37 49 27 7 31 49 18 18 24 4 14 10 8 0 31 20 48 30 49 6 49 49 43 49 9 46 3 
22 3 49 49 22 30 13 49 49 7 46 9 24 13 27 49 49 28 21 45 28 15 25 39 49 49 49 49 21 49 24 5 15 17 28 19 28 32 0 5 49 7 49 34 4 27 49 48 49 15 34 
22 15 49 36 49 34 49 42 1 49 19 49 28 49 13 46 49 19 31 48 15 49 49 6 49 39 42 49 28 36 2 12 20 12 11 19 30 5 17 0 18 46 49 49 25 49 10 28 15 46 16 
3 19 9 12 6 49 1 12 49 46 6 16 49 49 49 6 19 49 49 49 49 18 49 22 49 15 40 45 36 34 4 49 48 16 9 33 40 30 42 49 0 20 1 19 16 28 4 2 20 30 37 
49 49 19 24 13 49 7 45 27 49 36 6 13 49 49 49 49 33 49 49 1 19 49 49 49 34 6 28 49 10 49 7 3 28 45 27 49 19 49 49 2 0 32 18 30 20 30 10 29 16 49 
3 3 49 42 46 18 13 4 46 36 31 49 9 49 49 49 1 49 49 27 49 49 49 49 25 49 49 12 33 3 49 31 1 6 49 43 6 46 7 49 14 6 0 7 12 8 4 24 12 2 18 
4 49 10 9 13 22 9 31 12 22 33 13 49 31 24 49 7 37 37 40 49 49 42 43 49 45 48 18 28 34 4 22 3 49 43 49 46 15 49 18 20 18 16 0 13 17 22 6 2 3 49 
12 49 37 49 49 49 39 49 33 49 49 45 27 49 49 12 49 16 1 49 49 49 49 33 49 9 12 49 31 49 28 1 42 31 49 48 16 22 13 49 24 16 24 20 0 20 2 1 28 30 24 
49 18 49 19 49 7 49 21 49 49 39 40 49 46 33 25 3 31 12 3 49 40 6 21 31 33 49 46 49 28 21 46 7 6 49 45 1 43 43 22 13 2 0 32 18 0 21 8 12 28 25 
46 49 42 49 39 4 16 49 49 34 40 33 15 48 12 49 22 49 1 24 43 34 49 33 30 49 9 3 33 49 49 4 16 37 10 6 49 1 42 40 15 20 11 20 3 32 0 0 3 5 30 
49 43 6 6 36 4 12 49 49 49 4 49 49 48 49 49 49 25 48 49 22 37 49 49 19 24 15 12 18 49 40 49 9 6 33 37 43 49 7 24 19 6 27 28 22 28 31 0 12 16 4 
10 30 37 24 39 49 49 49 4 13 7 4 49 49 21 36 33 25 34 49 49 49 6 33 9 49 34 49 49 40 3 46 13 16 39 27 49 1 49 33 12 20 7 24 8 12 5 26 0 32 49 
43 6 1 49 3 49 45 42 49 4 6 49 49 13 12 49 19 31 49 19 49 49 49 40 36 49 46 49 37 4 18 49 16 49 22 30 49 31 16 49 30 5 18 16 12 7 19 18 30 0 49 
49 39 49 4 27 30 6 27 49 49 48 49 21 49 49 15 34 1 21 43 48 7 25 49 7 49 34 42 40 7 30 27 49 4 16 27 49 42 12 49 49 10 49 16 30 45 18 49 49 39 0 
