n: 50
m: 6
Pi:U[1-99] 57 63 51 31 60 12 16 62 38 89 93 36 84 55 10 59 39 68 72 54 80 3 41 42 49 86 32 76 76 59 9 66 96 82 83 51 54 52 35 32 77 60 62 64 32 53 93 50 69 1 
Si:U[1-49]
0 24 18 16 0 22 8 9 28 10 49 36 49 7 49 42 49 48 49 30 21 49 49 12 34 49 49 49 25 18 49 15 7 40 43 45 6 34 45 49 49 39 49 49 46 9 49 4 49 12 49 
8 0 3 22 26 1 0 25 27 27 34 15 49 24 49 25 49 12 22 49 49 21 49 49 7 43 31 4 24 49 42 48 49 27 33 1 15 10 49 49 36 6 49 34 49 10 39 34 31 9 31 
21 12 0 15 2 6 11 19 24 32 49 1 49 49 33 49 12 34 21 49 49 9 7 21 49 1 49 16 22 49 49 49 46 49 49 45 12 49 45 1 24 13 9 16 43 37 49 49 49 10 49 
32 27 12 0 6 4 32 4 7 4 10 49 45 49 49 34 49 16 49 49 27 6 40 6 49 16 34 9 21 3 13 12 33 24 49 49 49 49 4 10 42 49 49 1 25 6 6 31 49 49 4 
2 30 13 4 0 7 27 0 10 20 49 27 49 10 33 42 9 4 25 18 49 45 12 30 18 46 49 13 7 36 36 18 42 19 49 49 49 30 19 49 18 7 49 43 49 49 25 39 49 34 13 
23 24 20 1 26 0 28 27 20 10 40 3 13 46 49 49 49 49 49 28 24 49 16 9 18 49 45 49 49 18 49 12 49 34 10 45 49 49 49 1 49 42 49 49 10 43 4 48 37 9 45 
18 6 21 32 16 9 0 30 26 25 49 40 34 27 46 49 6 49 30 10 22 40 49 49 49 49 36 49 49 34 19 24 9 33 30 43 49 49 49 49 21 30 37 49 49 39 49 49 49 49 18 
12 15 11 10 2 10 14 0 12 2 9 27 40 48 49 12 3 12 49 30 12 25 49 3 48 36 49 49 43 49 40 49 49 49 49 12 19 45 49 10 6 49 7 15 40 30 49 12 25 31 12 
2 27 28 3 16 23 24 18 0 25 4 49 49 46 49 28 49 49 37 22 49 13 31 49 30 49 43 43 49 1 42 27 49 49 24 49 19 49 49 34 43 18 15 40 16 42 24 40 36 49 39 
24 30 3 25 27 25 24 31 32 0 25 43 9 16 49 4 49 22 22 36 33 37 49 16 37 49 49 16 34 16 18 49 3 49 9 28 49 27 49 49 19 34 27 18 49 49 34 31 37 43 49 
10 33 40 6 6 49 49 10 6 9 0 2 10 21 0 28 12 28 2 10 49 49 45 49 40 34 49 39 33 48 49 49 49 49 33 49 49 7 7 27 40 43 45 12 25 49 49 49 9 30 49 
19 49 13 49 3 1 34 19 45 16 27 0 0 5 21 28 8 17 20 15 42 49 49 19 36 49 3 48 3 49 49 49 49 6 45 33 3 49 48 15 49 1 1 3 49 15 12 6 12 27 49 
33 46 43 45 18 28 49 49 22 25 10 32 0 22 12 7 10 5 24 18 49 7 49 49 10 37 49 49 19 49 21 49 28 49 42 9 49 49 49 6 7 49 39 6 21 13 12 1 34 30 40 
18 33 49 37 37 49 49 13 49 18 14 23 13 0 22 23 27 10 19 16 27 6 4 49 49 27 30 33 49 27 49 49 37 49 28 31 49 49 49 31 49 49 49 49 31 18 49 10 36 33 6 
36 46 49 27 34 42 7 49 1 33 23 3 6 16 0 31 10 24 24 0 49 33 40 49 28 18 34 31 30 49 45 49 13 49 49 31 6 12 30 36 12 10 4 48 43 39 10 49 49 16 49 
25 22 49 49 49 4 15 13 42 36 31 6 22 31 12 0 28 22 4 16 46 49 49 49 34 34 49 27 49 49 36 49 49 49 31 49 6 21 49 49 31 9 7 33 34 49 43 49 49 49 49 
49 6 21 27 30 25 46 3 18 49 14 18 7 16 14 32 0 4 4 16 30 48 1 16 42 49 49 43 37 49 49 18 1 48 49 34 40 49 49 28 49 25 42 1 24 49 49 36 33 25 49 
48 49 49 1 4 49 42 49 49 18 2 7 4 20 23 4 28 0 30 20 43 49 18 49 21 49 3 19 49 49 49 49 16 49 45 15 49 49 45 39 24 16 31 31 49 34 7 49 49 37 49 
33 25 19 40 24 4 46 19 33 49 22 20 20 28 30 14 22 15 0 3 49 49 16 4 30 33 22 49 28 49 49 3 49 28 27 18 49 48 49 49 43 16 49 49 10 6 45 18 25 49 27 
34 28 13 7 4 49 45 49 22 22 13 21 26 5 16 15 29 3 6 0 49 31 49 49 25 49 27 13 49 37 49 19 3 49 49 13 15 3 27 3 40 27 49 49 49 30 49 24 13 27 49 
33 49 45 49 49 15 48 13 49 28 10 4 49 43 25 22 39 49 39 27 0 2 28 1 6 21 26 22 16 32 19 36 27 49 42 16 15 22 28 18 22 21 19 6 22 49 30 49 3 49 46 
36 18 49 3 16 27 15 42 3 33 49 36 49 28 12 49 30 40 49 49 2 0 4 5 16 28 18 24 2 24 43 19 6 49 49 39 1 49 43 49 49 6 49 3 49 4 49 34 49 49 49 
49 18 49 24 39 9 36 49 46 30 49 39 49 13 49 6 42 37 30 49 6 32 0 20 4 6 10 6 21 13 13 22 25 37 45 49 31 49 30 49 46 18 16 7 4 49 49 28 22 33 6 
30 49 12 31 13 27 49 1 49 46 49 16 28 45 30 43 49 48 18 49 24 2 23 0 28 18 14 8 28 32 34 49 43 25 21 33 49 40 49 9 28 49 3 30 42 13 34 49 34 49 1 
49 49 15 40 1 16 1 9 13 49 16 21 34 7 13 3 4 31 37 19 14 32 27 30 0 2 31 18 4 2 22 33 16 30 49 39 49 18 4 28 43 36 43 31 12 4 30 49 46 15 36 
9 49 1 49 49 22 49 27 49 49 49 36 49 21 45 18 15 42 49 10 4 26 19 7 6 0 14 2 17 20 19 13 34 12 49 10 34 19 49 3 16 42 49 49 33 45 1 31 49 7 49 
31 40 7 49 49 30 49 25 49 18 9 48 49 4 16 13 10 28 49 27 9 20 21 25 1 20 0 10 25 14 37 3 49 49 19 9 49 19 34 42 31 49 7 43 9 45 19 49 28 31 36 
27 49 49 16 3 37 4 49 16 49 9 30 40 9 22 37 33 3 25 19 27 16 4 6 15 19 27 0 13 25 49 45 4 49 49 24 6 7 49 9 9 3 3 49 49 49 39 49 10 40 6 
24 4 49 49 42 13 19 10 12 49 34 1 48 30 49 49 49 36 40 37 30 24 27 14 8 16 22 0 0 10 49 19 49 49 49 49 22 42 33 10 43 46 18 16 43 42 24 22 16 27 46 
24 49 31 49 31 9 49 40 49 24 49 49 49 49 28 49 49 36 1 31 8 2 26 30 26 26 0 7 6 0 49 22 30 13 39 43 3 49 16 24 46 49 49 49 46 49 3 28 42 28 49 
49 27 46 37 4 49 49 49 49 13 40 4 49 12 49 40 28 49 49 37 49 49 49 19 18 49 12 6 30 30 0 6 24 14 6 14 22 30 26 4 6 9 27 1 46 49 48 49 36 21 48 
49 49 49 3 49 21 42 13 49 16 19 9 4 49 49 1 6 21 10 28 27 49 49 34 24 21 27 49 21 33 32 0 22 8 3 22 18 9 10 28 49 25 31 43 28 49 15 34 49 7 3 
21 49 15 49 1 39 49 33 45 49 6 31 49 48 45 25 25 3 48 49 28 10 46 24 30 49 39 37 39 13 11 8 0 24 31 10 17 0 12 22 49 12 43 49 10 49 49 49 31 40 12 
49 49 21 49 18 48 49 42 22 27 49 18 18 40 36 49 49 49 49 16 6 49 22 37 49 49 1 22 6 49 12 2 2 0 2 6 5 26 14 11 46 39 49 30 18 49 39 21 49 49 36 
49 28 49 49 15 48 4 46 43 19 37 25 15 49 49 49 49 49 49 48 27 28 36 31 15 22 37 49 9 49 22 17 29 30 0 17 30 12 27 22 49 39 30 16 13 49 42 49 49 28 49 
4 4 6 22 34 13 42 25 16 15 49 34 49 49 49 22 49 49 40 39 10 27 27 43 6 34 40 3 27 28 17 26 2 25 8 0 18 17 15 11 49 16 49 49 18 49 49 25 1 15 49 
49 7 1 12 19 10 49 36 33 15 49 40 28 6 24 49 9 49 15 3 48 12 39 34 13 30 19 22 31 49 32 32 8 29 12 1 0 4 4 14 49 10 49 33 49 16 22 28 1 18 13 
49 49 42 49 49 31 12 33 18 49 49 3 36 31 18 46 49 30 49 49 7 12 9 21 4 3 19 49 27 30 8 19 19 29 28 28 17 0 24 16 42 3 21 49 12 49 7 43 39 49 21 
49 4 34 12 49 49 48 49 49 39 49 40 18 49 16 49 45 49 27 34 49 18 49 49 49 49 1 36 49 49 22 15 24 14 20 24 30 30 0 30 16 33 3 4 48 25 49 49 40 30 49 
6 42 15 21 49 1 46 37 49 36 22 13 19 40 42 42 49 24 49 43 49 43 46 36 33 36 16 22 49 46 14 6 30 23 11 20 30 21 18 0 18 30 22 49 49 43 13 49 30 49 49 
31 42 49 49 22 49 27 12 49 49 19 49 28 28 49 7 43 19 49 45 49 7 12 10 49 19 13 37 49 42 49 49 15 49 46 49 7 7 1 6 0 15 1 10 7 14 18 26 32 13 45 
46 7 13 49 43 49 49 49 37 49 39 22 12 27 46 36 24 22 49 10 6 42 27 1 12 49 36 19 21 46 21 49 49 28 34 42 13 30 31 49 25 0 32 5 18 29 29 10 11 27 46 
45 27 49 49 49 25 49 9 49 49 49 49 3 49 19 24 18 49 31 34 37 36 49 7 12 49 39 33 49 16 28 7 28 39 39 34 37 18 49 30 21 26 0 21 20 32 4 25 13 10 31 
49 49 49 49 27 49 49 49 49 28 49 33 18 4 15 46 48 13 31 49 18 9 15 34 28 49 39 34 49 49 49 49 37 49 49 49 1 39 9 19 26 8 23 0 18 14 6 2 11 10 16 
49 16 43 4 49 49 7 27 42 49 45 22 49 49 18 46 49 10 15 49 27 39 22 1 1 30 21 27 27 9 49 9 49 49 6 49 49 39 10 46 22 12 12 9 0 29 32 6 8 12 3 
36 27 15 10 49 33 49 49 27 3 49 4 48 3 27 24 49 3 49 49 31 49 34 37 48 12 49 37 49 49 49 30 49 3 49 49 49 49 49 49 16 12 24 32 25 0 18 23 8 29 36 
25 33 25 18 40 39 33 22 33 18 49 25 49 49 49 12 49 49 49 16 21 39 49 42 30 40 49 49 49 49 49 13 16 37 37 31 9 49 7 49 14 2 2 4 10 13 0 7 21 30 48 
49 46 40 37 31 30 36 18 49 9 12 24 49 49 16 9 39 36 37 49 10 37 49 49 34 22 30 39 49 10 15 49 4 16 49 49 49 27 49 27 17 22 30 20 0 22 30 0 4 3 49 
27 34 3 45 25 22 49 34 42 18 49 36 48 49 49 49 49 49 27 49 49 49 40 3 7 49 49 49 16 10 7 39 48 12 49 42 42 40 13 24 9 25 11 6 4 14 30 31 0 24 49 
49 1 1 4 9 1 49 49 49 37 22 28 37 36 22 12 49 12 24 49 42 27 49 49 40 18 34 49 19 49 40 49 34 22 49 49 34 13 24 48 30 13 13 16 24 6 22 22 14 0 28 
49 49 49 16 15 12 31 49 12 34 49 48 49 49 12 27 16 7 42 49 13 12 49 21 36 19 12 3 12 18 49 49 24 33 27 9 49 49 33 21 24 28 49 19 22 48 15 31 10 4 0 
