n: 50
m: 6
Pi:U[1-99] 70 37 83 68 82 64 17 53 58 17 67 65 74 27 61 91 87 90 99 82 93 46 45 98 52 40 38 57 43 42 95 49 94 62 11 40 43 90 69 55 2 17 40 16 28 31 59 50 38 65 
Si:U[50-99]
0 36 50 52 46 54 64 44 39 41 81 99 99 76 99 82 82 99 99 99 99 99 99 78 99 99 79 99 99 99 99 93 99 99 75 87 99 84 99 99 99 99 99 82 99 99 99 99 99 99 75 
44 0 36 64 34 40 54 56 45 42 82 79 99 99 99 99 99 99 99 99 99 99 75 85 99 75 99 97 99 99 99 99 82 99 99 99 91 79 81 99 76 99 99 99 99 90 90 99 99 91 99 
50 45 0 41 34 46 48 36 51 58 75 99 99 76 99 90 96 99 97 99 99 99 85 79 99 78 99 75 99 99 99 99 99 99 99 99 99 99 99 99 78 99 99 99 99 99 99 99 81 99 81 
48 66 33 0 65 50 49 53 42 64 78 94 99 99 99 99 99 82 99 99 99 99 99 99 96 78 99 78 99 87 99 94 87 99 99 99 99 78 78 99 97 93 87 99 94 91 99 99 99 99 99 
47 44 62 51 0 38 40 54 49 48 78 99 94 81 76 99 99 81 99 91 76 90 99 99 99 99 99 99 99 99 99 96 93 99 97 99 99 99 87 99 99 99 99 85 99 99 99 99 99 79 91 
53 55 42 36 66 0 40 63 37 65 97 99 99 97 97 91 99 94 93 99 99 99 82 99 97 99 99 87 90 79 99 81 99 99 99 99 99 99 79 82 75 78 99 79 99 97 76 87 96 99 99 
55 58 52 59 48 55 0 40 62 38 99 85 99 99 85 99 99 99 99 99 99 93 99 99 76 99 99 76 97 88 99 99 88 82 99 99 99 99 99 79 99 85 99 99 99 99 75 99 99 87 75 
34 37 36 34 56 39 38 0 55 36 99 99 96 99 82 99 99 81 99 99 99 96 99 85 99 96 93 99 99 99 75 99 94 99 99 99 99 99 99 99 99 99 99 90 81 99 99 99 99 99 97 
52 64 46 37 53 57 55 52 0 48 99 99 99 78 90 96 99 88 99 90 99 87 99 99 99 99 99 93 82 99 99 99 99 99 99 99 99 99 99 99 99 99 99 99 99 99 96 99 99 79 99 
57 60 62 58 49 50 53 49 50 0 79 84 99 87 99 90 93 97 99 99 99 99 87 99 99 99 76 76 75 99 93 99 81 99 99 99 99 99 99 99 99 99 90 99 99 99 99 99 99 99 99 
99 97 81 99 99 99 99 96 99 99 0 56 49 64 63 48 49 51 46 60 99 93 96 99 99 99 76 79 96 82 88 99 99 99 99 99 99 90 99 99 99 99 99 99 99 99 99 76 99 93 99 
94 97 87 99 93 99 99 99 75 96 64 0 35 38 50 53 59 46 58 34 90 84 99 99 99 99 79 99 99 76 99 99 99 99 99 88 85 97 99 99 99 78 93 99 99 99 87 99 99 85 90 
99 81 99 99 99 85 99 84 76 99 58 50 0 53 57 48 34 65 61 60 99 99 99 99 99 99 99 99 99 99 99 99 99 99 79 79 87 99 97 99 99 99 99 91 87 90 85 99 99 99 99 
99 94 99 99 99 99 99 99 99 90 42 58 53 0 46 59 60 52 42 46 90 99 99 88 84 99 97 85 78 99 87 82 99 99 99 99 99 88 99 99 79 99 99 99 99 93 99 99 99 87 99 
82 99 99 99 87 81 93 82 99 99 59 40 49 64 0 48 54 62 50 56 99 99 99 99 99 99 99 99 99 99 93 99 99 99 79 84 76 96 99 99 91 99 99 99 99 99 87 94 99 99 81 
79 93 99 99 99 99 99 76 99 99 40 42 65 48 42 0 60 48 55 57 99 97 76 82 99 99 93 99 99 99 99 99 87 99 88 99 99 88 85 99 99 99 93 99 99 99 99 96 99 99 90 
99 99 99 99 99 99 99 76 99 99 38 54 54 53 36 62 0 37 36 49 99 99 99 99 99 79 75 99 99 99 91 99 99 99 99 99 99 99 99 99 84 84 93 93 99 78 99 99 99 99 99 
99 87 99 75 99 99 99 78 99 99 44 48 58 57 36 38 56 0 48 49 99 99 99 75 99 75 99 99 99 99 99 79 99 99 99 99 85 93 99 99 96 99 99 96 99 99 99 99 99 76 84 
99 99 99 99 99 99 82 99 99 99 38 57 65 34 37 42 50 37 0 46 99 99 99 99 99 99 99 94 84 99 96 99 99 99 99 99 99 99 84 99 99 99 99 99 96 99 99 99 84 76 99 
99 99 99 99 79 99 99 99 99 99 35 43 63 43 57 55 44 64 53 0 99 99 99 99 87 85 99 99 87 99 99 99 99 99 97 99 78 99 87 99 99 99 90 99 99 99 99 99 99 91 82 
99 99 75 85 99 82 99 99 99 99 99 78 99 99 99 99 87 99 79 82 0 36 48 53 60 35 38 56 42 40 99 99 99 99 99 96 99 84 99 84 99 90 99 97 99 96 79 79 99 99 99 
99 79 99 99 87 99 76 99 99 99 91 99 99 82 99 99 99 82 99 84 33 0 37 60 42 55 64 34 39 35 99 85 99 99 99 75 99 99 82 94 96 81 99 99 99 99 96 99 99 99 99 
99 99 82 99 99 99 96 99 99 99 91 99 99 99 99 99 99 99 99 99 45 34 0 36 35 35 56 56 58 52 82 99 87 90 84 99 99 99 99 99 99 84 79 99 99 99 99 99 99 99 78 
99 99 84 81 82 99 84 99 99 99 87 99 99 81 99 84 75 75 94 99 46 58 56 0 34 33 39 60 60 48 99 99 99 99 84 99 94 99 84 88 99 99 99 75 85 99 90 99 85 97 82 
84 99 90 99 99 99 99 93 99 96 96 99 82 81 76 91 99 99 99 99 65 41 56 40 0 46 42 46 48 40 88 99 88 78 99 87 81 99 79 99 99 99 99 76 99 99 82 99 93 99 99 
99 75 99 99 99 99 91 99 99 99 99 99 99 99 99 99 88 99 94 78 35 63 39 56 46 0 36 36 51 52 99 99 96 99 99 79 76 76 84 99 99 99 76 91 99 96 78 99 99 99 99 
99 99 99 79 99 99 99 96 99 99 75 99 97 99 99 85 99 99 99 99 54 33 60 34 56 63 0 35 45 52 99 99 99 99 84 99 79 85 99 99 91 99 84 94 99 75 99 99 90 97 99 
96 93 99 99 96 99 78 99 99 99 99 76 94 99 99 94 78 82 91 99 50 44 42 46 58 40 58 0 46 62 97 88 99 85 99 99 88 99 99 88 99 99 99 99 99 99 79 99 99 99 99 
99 99 84 99 99 99 99 99 99 99 82 99 99 99 99 76 75 99 99 99 54 52 41 63 42 48 48 36 0 43 99 99 99 88 99 93 97 99 85 99 99 82 96 78 99 99 99 87 99 81 99 
99 99 99 88 99 79 99 99 90 99 99 75 75 99 99 90 99 99 99 96 60 60 62 49 48 56 39 64 48 0 99 99 99 99 99 91 93 99 99 99 76 99 97 76 85 99 99 99 99 99 97 
91 99 81 99 75 99 99 99 99 84 96 96 99 99 99 99 81 99 99 99 99 99 99 99 99 75 99 99 99 99 0 54 53 56 47 64 58 48 62 60 75 82 99 99 99 75 99 99 99 99 84 
99 99 99 99 99 99 99 91 99 99 97 99 99 99 84 99 99 99 81 99 75 99 99 87 99 99 99 96 84 81 44 0 52 58 36 46 52 39 40 46 75 99 99 99 99 99 99 78 99 78 99 
84 99 99 99 94 99 99 82 96 99 75 82 78 99 99 96 90 99 99 99 76 99 99 94 97 76 99 99 97 99 41 49 0 43 39 50 47 54 65 50 79 99 99 99 99 99 79 81 99 96 79 
94 99 94 99 75 99 99 90 99 99 99 99 99 99 88 99 81 79 84 99 99 99 91 99 97 99 99 78 99 99 40 51 43 0 38 59 37 60 49 55 99 99 99 99 94 99 91 99 99 99 99 
84 99 99 99 75 99 99 99 99 99 99 99 82 99 99 99 99 79 99 99 99 84 99 99 78 99 99 99 99 93 37 51 44 57 0 36 45 48 44 36 99 99 99 99 99 99 85 99 99 84 87 
99 99 82 99 99 99 99 99 99 99 99 88 99 99 99 75 93 99 99 99 99 99 88 99 99 99 99 87 88 79 58 52 64 54 59 0 48 40 44 54 99 99 99 99 78 99 99 99 94 99 94 
99 91 99 99 94 75 99 99 99 99 96 99 99 99 99 99 99 99 99 99 99 91 90 96 99 85 99 90 99 87 50 56 59 55 47 40 0 55 38 46 99 81 97 82 99 87 91 99 88 99 99 
99 99 99 94 81 94 99 99 99 94 99 99 91 82 99 99 94 99 99 99 94 99 99 99 88 99 99 99 81 99 64 40 44 66 48 60 42 0 42 34 99 99 99 99 99 81 76 99 99 99 85 
99 99 81 99 94 81 99 99 97 91 78 99 99 99 97 99 99 99 87 99 99 99 87 90 84 99 99 99 99 99 54 59 42 62 54 56 58 58 0 63 93 96 99 99 99 99 78 99 99 99 90 
99 99 99 96 78 84 99 99 99 78 99 99 91 90 79 99 75 79 99 99 99 99 99 99 93 99 99 99 99 84 44 54 36 54 61 56 52 66 42 0 79 81 82 99 90 82 99 99 99 99 81 
99 85 79 99 96 99 81 85 99 97 99 84 97 88 99 99 87 99 99 99 99 75 88 99 99 99 99 97 99 90 99 99 99 81 99 78 99 99 99 93 0 66 33 48 60 58 52 34 44 36 88 
99 82 99 82 99 99 99 99 99 99 99 90 99 78 99 99 99 90 99 99 99 99 99 99 99 99 99 82 99 99 99 99 78 85 99 99 99 97 99 99 60 0 55 64 34 41 40 40 44 42 99 
81 99 99 76 99 76 79 79 81 99 99 99 99 99 76 99 94 87 99 99 99 90 88 99 99 99 99 99 99 99 99 75 97 75 99 99 99 99 99 91 61 66 0 64 64 63 34 50 39 49 99 
99 82 99 99 99 99 99 96 99 99 99 99 99 99 99 99 82 87 99 99 94 99 85 99 93 76 90 99 99 99 99 87 88 99 99 99 88 99 99 99 47 45 64 0 45 42 33 42 46 40 99 
99 99 99 79 78 99 99 87 81 87 99 94 99 99 99 84 99 99 99 99 99 99 78 99 99 99 99 99 99 93 81 99 82 99 99 99 90 99 99 99 56 38 43 56 0 35 62 48 40 54 88 
99 99 88 76 99 99 99 99 99 99 97 99 99 99 79 90 99 99 99 99 99 79 99 96 99 85 99 96 91 99 99 78 91 88 93 87 94 84 99 85 55 64 60 59 53 0 42 64 55 36 99 
99 99 94 78 99 99 97 79 99 99 99 99 99 99 99 99 99 99 99 99 99 96 99 99 94 99 99 99 99 99 99 99 97 99 99 87 99 99 85 99 40 63 56 45 52 43 0 54 38 36 99 
99 99 96 99 99 99 99 99 99 99 99 90 90 99 93 96 99 99 94 99 99 93 99 96 99 85 99 81 88 99 90 99 99 84 99 82 81 87 99 99 44 55 64 50 60 46 42 0 39 65 99 
99 91 99 99 87 91 99 76 96 99 85 76 76 99 87 97 81 99 99 76 99 81 99 99 99 97 99 97 97 99 76 87 99 79 99 99 87 99 87 91 45 43 58 58 63 62 44 49 0 47 99 
82 91 90 99 99 99 99 85 82 99 99 99 99 76 99 97 99 99 99 99 99 99 99 99 99 94 99 91 99 87 99 99 91 82 99 99 99 99 99 99 48 39 52 41 62 54 42 48 63 0 97 
99 99 99 99 99 99 99 97 99 90 99 99 99 99 99 96 99 79 99 99 99 76 78 99 84 99 99 85 99 97 76 99 82 99 99 99 87 96 99 99 99 99 99 99 99 99 99 85 99 99 0 
