n: 50
m: 2
Pi:U[1-99] 35 70 76 92 94 24 70 85 71 35 51 50 48 46 92 84 33 45 94 27 7 38 38 75 43 60 96 27 99 30 32 27 45 17 6 55 14 8 38 28 25 97 80 52 87 91 33 34 40 18 
Si:U[1-99]
0 15 46 62 8 58 41 74 29 67 32 70 72 7 31 21 91 6 65 37 11 72 72 71 67 36 12 71 79 90 86 84 75 97 45 21 82 19 80 84 53 62 52 4 6 80 18 81 14 16 45 
93 0 76 74 84 8 81 43 5 56 7 49 60 18 61 17 65 77 93 17 21 11 41 92 69 95 80 5 81 90 51 90 48 92 15 12 74 47 80 60 3 35 40 40 32 93 11 42 36 80 69 
12 45 0 2 79 9 67 7 85 50 52 45 79 41 48 11 60 60 13 75 84 28 12 40 47 51 10 43 18 13 34 64 54 42 85 33 56 77 63 22 15 92 89 14 61 12 1 54 83 15 11 
83 78 30 0 56 82 11 76 43 20 1 74 88 20 77 78 44 83 21 73 55 79 75 77 82 84 66 42 39 80 55 13 15 2 76 72 37 9 63 87 66 12 22 78 57 85 73 51 24 87 65 
80 61 43 53 0 60 54 8 54 60 17 58 36 98 33 99 48 73 34 30 10 94 53 51 91 25 87 10 83 84 4 83 14 21 99 13 59 23 85 98 58 74 93 24 47 19 99 74 80 32 33 
64 88 36 23 37 0 49 50 46 34 39 89 3 63 85 1 48 97 8 79 50 28 51 58 97 88 37 72 77 33 7 39 73 30 41 37 71 81 72 30 81 35 22 73 91 76 22 32 97 59 77 
73 1 64 13 50 43 0 71 2 27 86 97 26 4 59 49 3 60 99 94 97 77 21 62 37 89 59 27 95 78 30 76 49 88 20 29 6 5 5 45 60 76 2 67 15 98 5 84 31 72 73 
82 19 76 91 96 61 70 0 84 60 34 72 8 13 33 32 68 10 32 19 28 32 87 45 8 19 82 99 7 33 92 10 38 35 65 15 18 76 98 11 37 56 50 41 2 98 34 95 93 84 33 
87 60 55 50 2 59 20 38 0 14 81 28 51 95 65 67 99 52 9 91 8 32 74 23 14 41 86 3 95 38 58 62 79 52 5 27 60 41 45 30 76 15 37 18 71 43 69 80 81 68 38 
25 64 49 91 98 94 35 75 60 0 79 7 19 49 10 99 69 24 84 44 10 2 59 98 33 92 72 88 26 40 17 73 44 40 29 57 91 57 29 6 68 49 75 34 43 22 95 83 3 61 27 
81 45 57 57 15 4 62 6 90 73 0 27 37 57 3 57 1 93 76 73 19 28 24 2 87 44 71 96 15 42 29 28 64 66 91 54 70 56 83 54 32 30 51 37 50 87 52 35 51 34 3 
96 72 63 11 60 10 98 52 79 87 33 0 78 48 14 59 81 30 27 28 51 34 30 95 30 89 52 49 64 33 29 62 15 86 96 66 21 71 69 35 68 15 5 64 32 19 19 68 57 36 78 
15 23 45 21 42 80 33 20 89 74 65 48 0 88 73 4 47 18 82 17 30 67 10 92 76 45 43 15 90 69 36 62 39 35 64 98 79 20 20 61 64 40 86 27 47 70 63 9 87 44 95 
37 78 79 95 3 5 42 73 34 3 86 21 31 0 27 85 70 68 5 73 26 98 78 28 63 66 81 49 31 96 47 69 54 21 72 42 24 62 64 10 57 70 58 14 14 6 41 68 29 60 98 
61 74 36 12 58 7 62 51 6 69 94 51 25 2 0 34 16 10 2 59 95 59 76 9 46 88 7 10 68 26 46 79 11 81 93 95 58 2 42 80 42 56 12 85 88 11 22 69 58 11 58 
29 13 93 12 78 54 83 55 79 36 40 40 78 20 79 0 51 2 71 93 34 18 27 81 3 94 81 48 28 51 49 38 35 75 35 78 88 55 37 95 26 26 56 31 52 31 42 45 92 82 88 
42 28 97 62 87 85 34 36 71 18 95 38 56 92 75 61 0 44 59 23 35 88 77 33 76 55 79 33 29 70 9 57 4 43 59 87 82 11 31 19 4 68 52 34 21 86 27 65 60 11 62 
45 42 42 84 6 99 7 40 59 35 84 63 18 95 70 33 70 0 82 11 46 38 32 32 53 40 15 73 46 28 86 12 24 17 57 42 82 66 15 87 63 33 45 25 82 3 91 97 17 10 33 
69 89 65 78 46 52 70 85 50 56 93 31 7 87 55 22 13 26 0 73 59 51 29 65 69 57 5 80 53 88 23 74 78 96 48 12 28 2 99 22 70 87 35 54 46 41 68 74 86 36 25 
80 53 87 84 47 64 74 49 90 60 3 15 18 21 65 69 30 44 48 0 90 79 97 42 75 45 26 12 80 34 1 59 51 45 95 9 91 55 22 78 39 73 45 56 53 2 62 46 37 51 89 
64 86 60 79 35 12 49 93 56 47 80 81 64 44 79 88 31 71 7 51 0 29 47 53 94 39 82 77 76 94 63 60 18 84 38 27 55 22 58 46 91 50 77 62 97 79 91 86 15 64 37 
9 8 32 98 3 79 25 68 71 34 41 13 96 15 43 36 60 39 19 54 4 0 22 38 26 89 67 95 65 4 90 12 93 30 37 84 3 66 40 7 35 43 62 95 8 10 65 49 79 72 35 
33 33 70 10 9 95 16 22 3 28 98 3 27 64 27 11 61 12 64 65 82 87 0 78 52 72 96 42 13 84 26 78 81 19 79 81 24 82 61 25 95 34 13 29 4 73 46 97 17 24 48 
56 64 25 95 90 69 50 61 75 5 74 85 30 44 95 40 4 27 97 97 27 73 6 0 39 1 86 25 5 64 5 72 13 29 29 47 36 89 62 17 2 5 20 49 7 12 99 63 18 49 87 
10 24 78 91 81 34 52 46 32 74 14 27 13 17 65 89 37 67 8 74 61 94 99 31 0 98 55 34 9 1 39 33 41 6 76 42 9 77 17 93 41 78 61 34 47 1 80 52 91 10 63 
38 82 58 22 87 13 32 24 82 87 65 97 82 33 58 88 40 70 57 26 58 93 20 34 33 0 79 28 8 48 2 2 90 5 67 13 1 41 82 72 44 58 40 64 94 92 94 22 81 67 61 
88 42 46 77 39 12 44 2 90 78 4 46 53 22 12 72 18 42 10 3 99 54 25 68 35 88 0 29 78 62 80 61 67 15 99 38 48 47 84 76 55 79 78 75 8 42 67 41 43 81 70 
85 8 10 67 83 46 77 28 24 91 24 17 89 13 81 66 39 74 43 65 3 71 37 96 74 18 9 0 12 76 46 67 14 34 84 35 19 29 97 66 50 95 37 25 60 10 7 20 47 49 89 
78 77 73 46 33 78 42 52 52 96 45 60 81 69 54 26 44 79 60 32 64 33 2 94 4 50 45 40 0 2 51 75 18 11 67 40 49 52 12 45 66 18 23 48 76 20 7 89 84 89 41 
22 73 2 23 64 78 34 24 73 23 71 40 80 42 96 18 6 99 65 22 27 34 57 45 20 71 52 30 38 0 46 2 86 95 16 3 43 18 73 2 30 83 93 71 41 98 3 49 47 42 71 
99 42 32 28 3 20 93 89 17 59 87 92 5 84 53 93 9 94 13 97 98 41 66 69 97 76 53 96 41 59 0 34 36 47 11 72 56 68 15 74 15 71 38 46 23 98 80 96 90 23 68 
50 39 46 38 29 87 3 2 62 58 58 80 81 33 10 56 22 80 43 55 31 82 20 43 10 35 14 87 37 29 45 0 89 23 70 85 60 81 98 93 54 65 31 96 64 64 53 8 37 79 24 
42 61 21 75 22 92 56 78 77 62 88 26 17 91 34 58 82 88 66 11 18 37 78 20 20 63 11 93 45 73 28 56 0 92 93 88 6 23 71 33 84 10 49 90 14 98 7 48 18 17 29 
76 48 25 99 54 27 85 86 36 78 21 78 23 95 79 83 98 89 70 19 16 63 30 71 26 3 15 92 75 68 51 34 44 0 79 92 83 8 60 91 26 63 20 66 99 59 51 59 62 15 53 
48 39 3 89 27 23 66 3 28 32 27 62 66 19 45 80 57 11 41 90 63 80 11 23 97 64 88 84 61 70 73 88 28 55 0 69 96 50 52 12 45 82 25 55 49 39 84 77 45 37 49 
4 73 49 95 48 86 56 29 51 50 67 77 55 89 32 57 46 64 87 52 51 26 10 15 59 44 22 6 71 71 56 3 44 4 51 0 93 86 48 70 90 79 2 51 51 35 58 20 44 50 59 
94 16 80 34 18 69 16 90 94 69 31 63 92 84 26 90 75 23 29 6 68 76 48 99 89 30 68 54 25 26 88 47 62 45 1 42 0 58 9 45 17 19 30 24 50 76 34 1 35 37 2 
12 21 24 54 31 69 72 15 16 16 48 13 84 8 53 20 28 93 21 73 34 85 22 52 83 66 92 66 50 30 58 64 9 36 76 47 98 0 84 82 95 18 94 18 14 30 38 3 48 26 27 
62 83 27 60 90 75 36 94 46 75 77 20 52 98 53 67 98 86 29 89 98 7 82 29 22 11 88 14 49 31 49 37 19 6 69 17 62 16 0 14 28 17 27 19 21 70 37 90 10 30 77 
37 65 99 70 71 42 21 94 26 56 87 75 5 85 67 8 98 54 61 47 72 7 32 16 35 99 41 43 73 16 17 47 30 31 29 38 87 9 75 0 37 98 31 64 95 13 34 25 14 35 83 
88 53 39 47 94 18 83 55 51 74 2 52 69 59 73 2 74 66 19 56 50 29 13 19 90 67 57 80 94 30 99 26 36 24 94 84 83 9 91 5 0 74 74 93 10 51 62 49 10 11 88 
5 56 51 15 99 91 91 40 63 67 67 83 44 32 14 33 73 7 24 55 18 78 21 1 20 41 30 90 8 67 84 37 87 23 35 54 23 54 73 61 76 0 20 96 65 65 74 99 87 14 27 
38 91 43 45 41 76 70 37 83 94 34 93 18 68 96 83 24 43 87 42 70 5 99 89 68 82 90 69 10 76 73 75 77 67 87 66 96 21 97 92 91 79 0 75 92 69 39 9 93 21 20 
83 88 35 47 92 64 41 94 98 29 68 19 80 18 10 33 13 24 80 39 53 32 35 24 89 48 68 10 11 62 41 16 47 96 88 13 11 87 99 14 72 5 66 0 67 12 27 69 71 3 1 
10 55 43 10 76 31 25 52 28 79 69 93 25 86 46 49 38 90 82 47 96 70 43 35 27 11 63 64 98 64 95 11 81 61 19 30 21 81 64 49 83 51 43 82 0 68 19 44 69 3 39 
67 73 44 92 76 19 64 59 31 72 57 63 5 36 80 4 41 15 97 35 50 47 65 60 80 84 8 38 21 63 12 67 61 95 62 48 79 70 50 74 98 11 71 90 95 0 1 15 7 75 48 
87 13 7 81 55 74 24 2 9 48 89 59 79 72 28 25 8 76 19 27 68 98 9 73 13 12 82 86 35 51 30 14 6 89 29 89 87 98 24 23 49 13 44 20 78 84 0 99 51 22 4 
71 64 42 96 24 71 63 42 40 10 93 10 17 30 93 43 44 32 36 55 19 24 16 2 91 24 39 39 98 75 53 78 87 41 75 55 80 2 89 71 77 3 29 30 8 51 37 0 57 45 41 
55 27 46 96 24 19 61 26 32 64 93 79 62 66 21 1 67 37 39 39 30 31 29 86 31 49 64 88 33 74 41 79 5 63 59 36 14 42 55 22 10 96 96 28 94 28 39 3 0 18 94 
70 69 48 69 77 77 7 47 22 81 11 10 55 88 36 77 87 88 23 73 9 84 59 84 28 71 83 67 27 80 51 32 63 40 28 86 88 84 10 88 69 43 13 2 10 11 79 39 73 0 28 
87 11 72 29 65 3 66 46 80 20 12 42 13 96 63 1 48 37 98 52 20 47 26 5 36 67 42 8 23 54 98 66 88 66 37 23 5 53 19 71 45 10 67 19 48 96 59 61 95 99 0 
