n: 50
m: 2
Pi:U[1-99] 39 62 19 37 84 41 61 22 19 40 12 16 93 91 56 69 66 87 22 55 7 31 88 20 20 1 92 61 88 30 86 96 50 38 47 52 57 85 48 71 40 8 41 69 59 7 27 88 34 11 
Si:U[1-124]
0 51 67 67 60 75 66 78 47 33 99 6 124 124 124 13 28 25 78 109 97 124 70 112 124 43 58 124 73 22 88 124 84 79 124 9 124 93 88 124 124 31 76 39 58 124 12 124 109 124 40 
32 0 72 62 50 52 77 4 75 73 124 124 124 99 15 124 114 124 103 99 6 124 124 52 124 12 78 88 124 124 124 87 124 55 1 37 4 82 4 124 121 124 124 118 124 85 9 124 9 120 25 
70 49 0 13 63 13 63 70 60 24 124 27 124 124 67 124 79 91 124 124 124 66 85 97 124 84 37 97 124 52 124 73 124 117 64 82 13 124 124 88 24 93 124 102 22 42 90 36 124 1 72 
76 76 38 0 55 11 76 50 33 26 58 67 124 118 16 124 9 82 102 18 76 124 19 28 25 7 124 61 124 28 124 124 42 31 124 87 124 13 97 87 99 21 33 24 45 40 55 21 85 46 45 
11 40 80 52 0 10 18 23 25 25 10 124 4 85 42 124 52 4 66 124 57 16 106 99 124 124 85 94 43 117 60 93 3 18 114 33 93 28 124 124 13 121 93 13 124 63 78 28 72 79 124 
58 78 48 38 9 0 30 72 44 13 93 39 124 124 112 124 124 12 22 22 124 43 124 19 117 111 18 102 124 13 46 112 79 88 124 105 67 124 96 106 21 81 52 39 85 105 88 124 37 124 117 
71 42 34 14 14 48 0 53 81 0 76 124 48 6 124 52 72 124 7 120 100 124 72 123 3 124 124 34 99 99 67 124 85 63 46 43 123 124 43 124 51 103 60 34 42 94 64 121 7 70 49 
12 33 5 41 34 28 10 0 41 21 124 124 97 97 87 111 124 84 37 124 60 10 3 19 34 55 111 124 124 121 3 106 49 48 99 124 124 42 75 33 24 93 48 120 69 109 73 87 124 123 124 
76 62 38 28 20 78 42 5 0 22 124 31 124 57 48 124 48 46 124 124 37 124 124 55 124 124 61 36 124 124 97 13 124 76 109 124 76 78 124 109 18 124 45 124 124 52 76 97 84 69 34 
51 32 10 39 77 31 80 48 4 0 51 124 93 19 124 118 82 49 85 37 109 34 66 121 54 1 124 124 97 124 42 124 43 9 70 49 124 124 73 88 124 93 76 16 108 94 115 124 124 85 124 
106 60 33 37 69 36 21 124 106 124 0 80 51 26 35 31 60 16 13 17 39 124 124 55 124 9 124 99 84 45 124 84 124 124 36 124 42 124 124 124 124 88 84 118 124 12 124 40 66 9 25 
94 87 121 124 16 124 124 114 124 27 0 0 12 28 0 25 23 67 8 57 124 84 100 39 85 19 124 124 18 106 67 84 1 124 87 63 78 82 115 124 124 34 112 90 120 124 22 4 106 6 15 
67 42 124 13 124 16 124 60 124 124 82 59 0 50 63 82 22 50 17 6 3 48 90 124 124 49 42 115 33 97 76 124 109 103 34 124 46 9 1 9 124 124 37 34 121 31 70 114 124 60 124 
33 58 124 46 124 63 124 124 6 82 67 22 64 0 77 70 47 78 52 74 31 82 124 124 76 37 124 81 51 124 124 43 124 19 64 124 30 124 64 94 39 39 90 27 36 78 48 22 124 124 94 
105 58 33 69 124 124 106 106 67 124 28 50 45 30 0 71 27 72 36 40 22 124 34 124 124 114 60 4 66 45 124 120 24 7 36 117 124 124 96 97 118 106 124 37 124 124 51 124 4 51 123 
114 124 81 10 4 96 112 13 124 30 33 42 58 17 46 0 46 46 20 67 124 124 124 118 109 12 124 93 1 124 106 31 43 124 61 72 75 124 124 106 22 85 124 124 70 120 124 18 93 124 120 
69 115 124 54 10 37 21 124 124 25 66 36 8 79 27 50 0 72 72 75 120 31 67 39 124 43 124 22 124 52 124 115 124 124 19 54 121 105 124 39 124 117 124 75 124 124 63 124 124 124 72 
31 124 117 99 124 124 28 88 124 111 3 62 26 40 50 31 17 0 34 69 108 61 123 15 124 124 4 72 4 4 60 67 85 111 66 124 124 49 124 109 124 40 124 124 124 100 72 67 124 34 117 
37 124 4 82 124 43 124 124 67 79 42 65 38 62 78 58 10 10 0 71 124 124 84 120 3 124 124 93 67 111 124 81 124 16 55 124 10 28 124 70 124 76 124 90 96 114 70 124 124 124 27 
124 124 124 37 13 30 124 120 75 120 35 76 76 48 60 8 24 76 58 0 124 124 93 124 120 31 10 9 57 96 124 33 112 124 105 124 51 48 21 33 57 27 13 124 88 42 124 94 112 28 57 
124 124 124 57 108 15 124 124 124 48 9 118 124 124 100 37 76 88 36 82 0 29 2 48 38 51 80 74 6 80 124 124 118 12 124 88 13 93 124 66 13 124 117 124 94 96 124 123 39 102 69 
124 124 124 124 52 7 124 124 63 124 93 4 124 124 124 78 109 45 124 123 29 0 75 75 67 47 69 15 35 36 124 124 22 124 58 27 87 124 13 124 52 111 124 1 124 84 124 69 124 3 123 
39 115 36 13 124 40 124 1 90 58 58 121 109 124 124 78 82 87 15 124 40 51 0 52 32 70 58 54 66 81 124 88 124 124 57 82 9 18 7 30 81 21 45 99 78 63 121 124 124 97 124 
124 43 15 124 16 120 124 124 93 100 124 124 124 124 111 12 124 39 64 49 46 47 16 0 54 4 21 59 4 21 19 124 124 19 124 115 40 48 15 81 42 63 57 124 3 124 40 6 10 100 66 
100 37 124 124 66 124 105 55 51 87 124 54 63 124 3 124 124 124 25 124 50 52 22 80 0 54 76 11 36 12 115 124 111 19 25 124 124 111 75 36 31 70 124 124 28 7 124 19 55 6 124 
67 124 124 121 25 124 1 108 55 9 52 124 124 18 75 1 123 91 124 124 31 34 33 68 28 0 4 58 0 58 22 33 124 79 124 124 57 102 124 58 118 124 1 81 61 1 124 4 124 3 72 
55 54 102 124 60 4 30 117 118 42 70 124 124 73 45 102 124 124 33 85 75 28 14 16 22 80 0 50 78 33 124 82 46 124 124 4 66 88 124 124 34 37 124 124 103 124 84 87 70 84 124 
124 31 60 54 61 124 124 4 124 123 4 78 28 124 124 96 46 124 100 63 72 51 56 18 51 40 66 0 20 53 115 109 124 124 124 124 124 37 7 124 30 124 124 27 73 124 12 87 22 28 73 
90 19 19 4 54 61 84 58 78 93 108 124 124 90 124 124 124 10 76 124 0 8 78 38 27 44 41 26 0 40 123 124 112 4 12 13 100 124 57 124 120 124 124 124 124 46 52 124 124 124 43 
117 90 124 18 115 124 124 124 103 84 124 63 124 66 124 124 16 124 69 124 78 77 32 20 74 68 62 4 58 0 54 42 54 124 93 6 73 15 31 105 106 121 1 27 124 25 100 6 28 87 1 
124 12 27 124 76 60 54 78 63 88 124 31 114 124 124 22 124 124 115 124 124 97 33 124 87 22 7 124 66 4 0 44 53 80 68 81 0 31 22 34 94 19 124 124 6 61 13 124 100 54 52 
27 58 9 124 124 76 124 124 109 121 124 124 124 9 3 99 124 63 124 124 124 73 124 99 28 124 46 64 13 124 59 0 26 50 35 10 4 33 45 5 112 10 9 124 124 111 124 21 124 115 124 
124 115 124 54 1 45 124 10 46 67 124 121 51 12 78 82 6 93 67 87 112 124 121 124 124 4 124 124 67 82 22 7 0 66 49 48 36 26 42 36 124 99 124 99 124 54 6 27 124 67 124 
124 124 121 75 124 57 85 12 118 103 124 108 124 124 21 111 124 124 72 124 121 124 91 124 124 124 82 45 34 42 80 70 24 0 47 41 74 48 70 56 51 124 73 124 124 24 124 124 124 108 124 
124 111 13 3 51 124 124 124 27 114 124 124 48 112 91 6 28 124 45 124 105 124 124 37 16 124 102 124 124 124 39 78 72 18 0 81 44 4 64 66 43 39 84 124 58 51 30 49 124 97 4 
16 124 85 16 100 91 120 87 16 118 112 124 106 34 124 124 115 76 10 124 123 66 70 39 27 84 1 124 28 124 3 72 70 62 42 0 9 50 41 39 124 30 124 61 43 124 52 124 124 43 75 
70 124 22 124 124 39 85 7 114 64 76 91 45 27 81 124 15 100 84 124 124 93 124 124 124 39 124 91 124 102 75 39 66 60 4 50 0 80 28 52 124 106 96 18 18 124 118 51 124 94 96 
102 42 57 124 79 81 124 108 124 115 18 97 124 124 124 12 103 124 124 97 124 105 111 102 124 124 55 21 36 124 24 8 38 51 13 24 48 0 46 6 114 9 96 124 93 90 124 124 124 81 15 
124 124 120 124 124 66 103 124 124 112 115 87 16 18 48 124 57 124 13 34 82 81 78 13 124 124 15 124 40 124 49 14 64 13 64 28 62 21 0 12 25 75 33 124 97 88 124 7 97 90 124 
124 81 114 124 6 106 21 1 34 13 124 28 78 30 124 69 90 48 82 88 124 90 40 124 67 124 124 124 123 124 77 41 58 18 50 35 45 37 63 0 124 124 3 13 124 124 70 124 124 109 25 
16 103 124 124 49 70 115 124 124 124 124 12 123 73 9 108 124 100 33 124 124 124 124 63 108 15 40 25 6 124 124 60 49 124 19 124 124 54 120 124 0 80 27 51 28 39 37 62 14 23 30 
16 1 124 124 106 124 13 124 124 124 12 124 85 54 54 52 34 43 22 4 3 49 37 61 124 124 124 3 124 18 124 34 36 75 124 124 124 87 40 124 17 0 16 37 5 35 65 6 60 73 31 
124 124 124 7 124 79 124 118 16 117 111 124 124 7 124 69 124 124 124 120 102 124 93 124 16 78 27 124 60 124 7 15 124 15 9 118 123 109 78 67 36 56 0 16 45 27 60 12 80 40 46 
124 40 93 124 124 124 124 124 124 16 124 6 124 48 99 118 36 27 124 67 124 25 1 39 124 57 124 52 76 124 48 67 124 124 102 124 84 73 124 45 62 33 66 0 4 22 41 14 20 3 82 
46 7 124 124 124 16 124 114 124 81 34 63 124 40 90 124 16 124 124 69 124 100 63 124 58 124 117 124 117 124 46 124 99 67 63 39 124 109 48 49 77 78 12 70 0 60 10 11 53 40 46 
124 124 124 73 4 124 118 124 19 63 55 46 124 24 103 58 34 31 111 93 124 30 124 15 24 115 124 16 115 18 30 96 111 93 124 76 114 82 124 70 60 50 3 24 44 0 59 44 7 4 124 
67 124 51 106 13 49 124 6 79 123 81 124 3 114 52 124 66 91 90 124 124 112 91 124 64 25 105 124 124 40 27 124 117 124 123 124 54 45 57 85 42 54 13 80 60 63 0 4 16 46 85 
24 124 16 39 51 60 124 85 16 27 124 87 124 52 124 124 36 66 55 114 55 91 15 48 27 91 124 124 37 97 55 124 69 109 114 87 124 124 124 61 32 61 10 44 48 21 1 0 36 81 85 
81 51 75 90 124 3 124 87 106 36 84 79 90 117 124 117 124 70 72 124 112 124 33 55 124 111 87 124 78 28 87 96 124 124 87 28 54 124 124 91 28 40 82 0 35 20 6 74 0 70 54 
88 45 124 124 61 82 123 118 97 70 124 79 75 57 81 18 96 93 40 124 96 54 60 58 124 124 75 15 124 124 79 124 94 115 78 124 118 25 124 66 15 56 9 28 7 16 25 47 58 0 60 
124 124 108 124 124 51 24 124 87 124 124 51 90 78 124 124 67 124 124 21 124 124 124 124 55 55 123 117 82 28 124 19 124 51 114 52 124 97 30 124 94 124 117 46 60 49 124 109 111 49 0 
