n: 50
m: 8
Pi:U[1-99] 35 27 98 52 23 27 35 50 60 75 22 10 77 71 32 23 74 61 23 23 98 85 83 40 47 89 73 9 90 42 41 95 76 38 93 91 53 74 21 9 56 59 83 72 82 65 18 40 84 29 
Si:U[50-99]
0 60 52 59 48 60 33 40 57 59 99 76 99 81 87 76 99 99 99 99 99 99 90 78 99 88 99 90 99 99 99 90 99 99 99 96 88 99 88 99 99 91 99 99 99 93 96 94 82 99 99 
62 0 47 34 40 42 42 56 44 35 99 99 99 99 91 99 79 99 79 99 99 99 99 99 99 99 99 76 90 99 99 99 99 99 99 94 90 99 99 99 97 99 82 78 87 99 84 99 99 99 99 
60 58 0 56 40 38 64 44 55 56 90 99 99 99 99 81 85 99 99 99 99 99 99 99 99 93 85 99 99 99 99 76 76 99 99 99 88 99 99 99 99 76 99 99 79 99 99 99 79 87 99 
46 55 47 0 46 34 34 63 64 65 99 85 75 99 99 99 99 88 99 96 90 96 91 75 88 76 78 99 85 99 99 99 93 96 81 99 99 82 99 90 82 91 81 99 85 82 99 99 99 99 99 
48 60 52 36 0 57 44 64 58 54 94 79 99 99 76 99 99 99 96 99 99 85 99 76 99 99 99 99 96 99 99 99 99 76 99 99 99 97 91 99 99 99 99 99 99 81 79 99 97 99 99 
48 34 58 38 39 0 48 35 58 46 99 99 99 99 99 99 87 99 79 93 99 87 99 99 99 99 99 84 93 99 99 99 84 99 81 99 84 93 87 99 88 99 99 99 84 82 99 79 97 75 99 
53 40 48 51 46 52 0 48 50 50 99 99 99 79 84 81 99 99 78 99 99 99 99 99 99 99 99 99 99 88 99 78 79 99 82 96 79 99 99 99 82 99 87 99 99 99 76 99 99 99 97 
38 56 60 54 57 53 42 0 35 62 84 99 81 99 99 99 99 96 99 99 90 99 99 99 99 99 75 99 91 99 99 99 99 99 99 96 88 81 99 99 99 99 97 99 99 99 79 99 85 99 81 
42 59 33 62 44 66 44 38 0 66 99 99 99 78 99 99 99 99 99 99 85 85 99 99 99 99 91 99 99 82 99 90 99 99 99 99 99 79 99 99 99 99 84 75 99 99 99 99 76 99 97 
60 52 35 64 59 59 44 50 46 0 99 99 99 99 99 99 99 99 99 99 99 99 76 99 87 79 99 99 99 99 99 99 99 99 99 99 90 93 93 78 99 99 93 99 99 99 99 85 84 99 88 
99 99 99 99 99 99 88 78 99 99 0 64 54 44 56 40 47 36 44 65 99 75 99 99 99 99 99 99 87 99 99 97 97 84 99 99 99 99 99 99 99 75 99 99 99 99 99 99 99 99 99 
99 99 99 99 99 84 91 99 81 99 57 0 46 57 42 35 58 55 49 40 99 99 79 99 84 99 88 97 99 99 75 99 84 76 87 99 99 90 99 99 99 91 91 99 99 99 84 99 99 99 99 
75 99 99 99 82 99 99 99 99 90 40 54 0 50 56 47 64 62 48 36 99 99 99 79 99 99 99 99 93 99 94 79 99 99 96 79 99 99 90 99 99 99 99 79 99 88 99 97 99 99 99 
85 99 99 88 75 97 96 91 99 94 56 60 58 0 46 62 55 36 57 42 99 99 99 99 99 88 99 99 99 99 99 99 99 99 99 99 99 99 82 99 99 99 96 99 99 99 99 99 99 99 84 
99 99 99 99 99 99 99 99 99 99 44 56 58 51 0 52 60 40 38 42 85 78 78 85 99 85 84 94 99 99 99 87 76 91 82 99 99 99 99 99 99 99 99 99 99 99 99 99 93 99 99 
99 99 99 99 99 99 99 99 99 99 46 42 56 40 59 0 58 39 52 49 85 99 99 81 99 99 99 85 76 99 99 99 87 99 93 99 79 93 99 99 99 99 81 78 99 99 75 99 99 99 99 
99 99 75 78 99 82 99 99 97 99 44 44 52 38 39 44 0 42 47 41 75 99 99 81 99 84 91 99 99 82 99 87 99 87 99 99 99 90 81 99 99 99 99 99 99 96 99 75 99 75 99 
99 99 85 99 99 99 85 96 99 99 64 49 52 38 44 64 44 0 46 64 97 79 90 99 99 99 99 82 99 99 87 99 99 99 79 99 99 99 90 90 99 99 99 99 99 99 82 99 90 99 99 
99 87 99 76 99 99 99 88 99 99 34 34 52 66 45 52 58 40 0 52 99 99 84 99 99 90 99 99 99 81 99 97 99 93 82 99 76 99 99 99 79 99 99 79 99 99 99 99 99 99 99 
93 99 99 99 97 99 99 75 99 99 43 43 52 66 34 34 62 60 64 0 99 99 99 99 93 99 78 99 79 87 99 99 99 90 94 99 79 88 75 99 87 99 99 99 99 97 99 99 99 99 99 
99 85 99 87 81 99 75 99 97 99 99 88 99 99 91 99 99 99 93 97 0 64 34 66 66 60 48 49 56 52 85 99 99 97 82 99 99 79 78 99 99 99 99 99 99 99 99 97 99 78 99 
93 99 99 99 85 99 99 76 99 85 99 99 99 99 99 99 99 99 99 99 36 0 52 63 59 61 36 53 55 62 96 99 99 99 99 91 99 99 99 99 99 99 99 78 99 90 99 99 93 99 99 
99 99 87 79 84 99 99 99 99 75 96 87 99 93 99 99 94 93 99 99 35 33 0 57 55 62 50 56 39 64 93 99 99 99 99 99 99 82 90 84 99 99 94 99 99 76 81 78 99 99 99 
99 99 94 99 99 99 99 99 99 99 88 85 99 99 99 82 99 99 99 97 39 39 36 0 55 38 57 52 64 39 99 99 99 99 99 99 97 99 99 99 99 75 99 75 76 82 99 99 96 99 84 
99 96 99 97 99 99 90 99 85 99 99 99 82 78 75 99 99 99 78 99 42 62 64 49 0 42 64 37 34 34 99 84 99 99 88 99 99 99 82 93 99 99 76 79 79 99 93 99 93 99 99 
99 78 99 85 99 85 99 99 88 79 96 99 99 91 99 75 99 99 99 99 63 51 35 59 53 0 42 57 34 44 91 90 99 99 99 99 99 99 99 99 96 99 75 85 99 79 99 99 84 88 99 
99 88 99 99 99 99 99 99 99 99 99 99 99 99 99 99 99 99 99 99 34 40 42 37 53 48 0 46 57 52 99 99 99 99 99 85 75 81 99 99 99 99 99 99 99 99 99 99 91 99 88 
99 94 84 99 99 96 99 84 99 84 99 84 99 99 99 99 99 99 99 99 59 40 33 53 61 43 62 0 34 40 99 99 99 99 99 84 85 99 99 81 99 99 99 78 99 99 99 75 99 99 79 
99 99 99 99 76 99 99 99 97 99 99 97 99 99 99 99 85 99 99 99 39 45 42 49 36 45 54 63 0 40 75 99 76 99 99 99 85 99 99 99 99 84 99 99 99 99 81 99 99 99 96 
99 99 97 99 99 84 99 91 99 99 99 99 75 99 99 99 99 99 99 84 48 38 58 39 36 42 50 44 60 0 99 99 99 99 99 75 99 99 99 99 99 99 99 99 75 75 99 99 81 90 82 
99 99 99 99 99 99 99 99 99 76 99 75 99 76 88 99 99 99 93 99 99 99 99 99 99 99 99 97 99 99 0 39 64 48 38 36 42 52 46 50 93 94 99 99 79 99 99 99 99 76 81 
99 99 75 87 81 82 85 79 99 99 87 85 99 99 99 99 99 99 99 99 90 99 82 99 90 99 78 99 99 99 56 0 34 54 44 42 48 64 47 63 99 76 99 99 99 99 99 99 78 99 99 
99 82 79 87 99 94 99 93 91 99 99 99 97 96 99 79 94 99 90 99 99 99 99 99 99 93 99 78 99 79 50 64 0 47 62 42 40 56 57 44 99 87 99 99 99 87 99 85 99 99 99 
99 76 99 93 99 75 99 85 99 99 99 99 93 99 99 99 99 96 90 99 99 99 94 99 99 99 99 99 81 99 41 41 45 0 42 48 46 48 43 58 99 99 90 99 99 99 78 99 76 99 99 
99 99 99 99 99 91 99 99 99 75 88 88 99 99 99 99 99 99 99 99 75 79 99 99 88 99 79 99 88 99 33 44 62 34 0 57 62 44 35 54 76 99 91 78 79 99 75 99 99 99 99 
97 85 99 99 99 99 85 99 99 99 99 79 94 99 99 99 99 99 99 99 99 85 99 99 99 99 99 81 94 97 40 46 39 45 61 0 48 56 66 54 99 99 99 99 99 99 75 78 99 81 99 
87 82 99 99 75 99 88 99 99 96 97 99 75 94 91 99 79 79 99 99 99 99 91 94 99 75 78 99 99 93 62 40 42 58 41 34 0 58 61 44 99 99 99 94 99 99 99 99 88 99 99 
99 99 99 82 99 96 99 99 99 99 94 99 99 88 99 99 99 99 75 99 99 99 90 99 76 99 93 99 99 99 50 58 64 42 52 51 33 0 46 51 99 99 75 81 99 99 99 99 99 99 99 
99 91 94 81 99 76 94 99 99 99 99 99 94 99 99 99 99 81 99 96 90 81 91 99 99 99 91 99 99 87 35 62 62 63 49 66 39 39 0 46 99 99 91 99 99 99 76 93 99 88 99 
99 99 81 93 99 87 99 97 99 99 99 99 99 87 99 75 91 99 97 99 99 99 99 99 99 99 84 94 84 99 47 41 58 37 61 42 39 48 62 0 99 82 99 99 99 94 99 99 99 78 99 
99 85 99 99 90 93 81 99 78 91 99 99 76 99 99 99 99 78 99 99 99 99 99 99 99 96 87 99 99 76 94 99 99 94 99 99 79 99 99 99 0 63 36 52 51 63 53 35 39 50 91 
99 99 82 99 99 99 99 99 99 99 99 99 99 99 96 93 76 99 99 88 99 99 99 99 99 99 99 99 99 99 75 91 99 99 99 99 99 93 84 99 36 0 54 54 60 63 46 43 49 65 99 
99 99 99 96 99 99 99 99 99 94 99 99 93 99 99 99 79 99 99 99 91 76 99 99 99 79 96 99 99 93 87 99 99 99 88 99 78 94 99 99 56 54 0 56 34 55 39 50 60 51 99 
99 84 87 99 90 99 99 99 99 99 79 99 99 90 99 99 99 79 99 99 87 99 99 99 99 99 79 76 79 99 99 88 99 99 82 99 88 99 97 99 59 42 60 0 40 48 57 57 55 52 99 
99 99 99 99 99 94 99 76 99 99 99 99 99 97 99 99 99 99 91 99 99 99 99 99 99 99 99 99 90 99 90 99 99 85 99 99 99 99 99 82 64 34 63 44 0 50 44 49 46 62 99 
99 75 88 96 99 99 99 99 99 99 85 99 99 99 99 99 81 81 99 99 99 99 75 85 99 99 99 78 99 99 84 94 99 93 99 99 76 99 84 94 44 40 60 46 51 0 61 52 56 43 99 
99 99 75 99 99 99 76 94 99 99 99 85 99 99 94 96 78 99 99 94 99 99 99 78 85 99 87 82 99 99 99 99 99 97 93 99 99 99 94 99 43 36 52 60 39 46 0 36 62 48 99 
99 99 85 81 99 99 99 99 99 99 85 99 96 99 99 99 99 99 90 99 99 99 99 79 99 99 85 82 99 96 91 99 79 78 99 99 85 99 94 79 49 40 44 44 38 40 52 0 64 40 99 
99 99 99 96 76 99 75 99 99 99 78 99 81 96 81 99 99 99 85 84 99 99 99 99 99 88 99 99 99 78 99 99 82 99 91 99 76 99 99 99 66 60 33 62 57 46 55 38 0 48 99 
99 94 93 99 99 90 90 99 99 99 99 90 99 99 99 87 99 99 99 99 99 99 99 99 99 99 99 99 75 99 88 87 99 78 99 99 99 93 99 99 60 38 60 42 43 46 39 53 50 0 96 
99 75 97 99 99 99 99 99 81 99 99 79 87 99 99 99 99 75 75 87 99 99 99 99 90 99 99 97 99 99 78 76 99 82 85 91 99 91 99 99 79 76 99 79 99 79 76 96 99 76 0 
