n: 50
m: 10
Pi:U[1-99] 34 21 82 8 88 69 35 37 36 35 97 58 5 25 92 95 1 57 18 28 63 80 11 89 17 42 8 44 48 36 87 98 31 38 43 18 27 3 26 41 79 24 77 38 61 23 69 26 83 21 
Si:U[1-99]
0 3 14 45 10 60 63 62 42 24 94 99 30 97 69 30 15 99 70 99 30 69 99 27 46 18 99 6 99 91 99 99 57 19 48 42 12 46 67 31 1 99 24 45 99 3 70 28 31 69 73 
46 0 43 24 60 14 22 3 35 61 24 99 99 22 34 45 61 27 99 99 75 6 99 96 99 12 99 93 39 88 7 55 33 99 99 10 99 99 99 57 1 96 75 40 99 51 99 70 93 48 99 
8 54 0 29 61 34 14 8 48 10 99 64 24 27 99 39 64 30 99 22 84 45 75 90 66 93 37 99 99 99 99 63 52 99 99 39 94 99 93 99 63 99 99 90 99 73 43 99 88 99 55 
16 11 20 0 29 22 7 64 50 36 99 99 99 79 28 45 61 70 28 18 75 13 88 27 99 99 22 99 99 7 51 99 99 87 16 18 7 99 93 99 39 25 99 49 42 87 99 99 28 72 91 
9 40 14 24 0 37 52 41 46 53 99 18 42 99 18 99 99 16 75 25 33 39 99 52 99 99 99 99 46 99 25 63 94 61 64 99 97 99 25 48 99 99 99 90 39 76 99 28 9 99 69 
46 28 18 16 4 0 21 48 26 36 79 63 99 13 99 99 99 60 21 58 84 22 99 99 9 45 70 46 61 15 57 45 97 99 91 99 99 70 73 90 99 99 55 99 70 6 82 99 99 30 99 
53 64 5 62 48 26 0 5 18 42 78 99 24 99 43 51 31 99 55 7 72 87 88 99 55 88 57 99 15 42 99 99 99 81 99 99 61 99 45 85 7 19 57 85 67 99 1 55 96 99 99 
18 0 26 20 40 28 0 0 64 22 99 58 99 93 30 85 87 63 99 7 51 99 10 6 24 99 99 49 37 99 84 79 94 93 45 13 99 9 12 99 99 87 4 99 60 37 99 99 99 99 13 
24 56 39 56 25 51 5 61 0 55 99 99 99 52 87 30 42 75 4 99 99 49 91 7 45 94 70 76 99 1 87 67 3 81 16 99 1 99 79 99 96 99 99 39 99 67 99 87 99 1 70 
49 54 30 42 49 32 8 58 8 0 99 1 99 51 13 15 90 63 60 48 99 54 57 99 99 25 42 58 99 91 49 36 3 99 99 19 99 99 51 15 49 84 99 19 99 45 13 78 34 99 57 
99 6 60 99 79 99 69 94 76 55 0 2 5 36 43 47 43 20 4 44 96 99 99 7 12 90 99 99 49 99 85 99 99 99 61 13 78 34 99 99 31 52 66 94 67 18 99 63 99 99 39 
99 99 99 37 39 99 7 34 6 99 28 0 66 7 48 42 22 5 18 5 60 99 99 40 37 45 18 15 99 99 1 99 99 82 4 79 21 99 99 60 22 90 94 52 99 99 49 49 28 90 99 
67 72 97 99 70 96 91 76 99 84 32 52 0 60 28 63 44 24 35 14 61 16 99 7 91 9 10 81 43 49 51 76 25 37 99 24 27 27 99 99 99 63 45 85 99 99 4 28 87 57 3 
49 39 99 99 7 61 99 24 99 67 39 62 66 0 40 30 62 11 32 28 99 97 70 99 12 9 88 87 75 55 99 99 99 99 13 34 99 75 24 6 10 90 24 99 43 99 18 99 99 42 99 
40 99 99 70 79 61 99 13 84 63 47 40 4 22 0 22 26 56 0 26 75 31 39 99 39 99 22 90 3 99 99 51 25 99 99 54 99 99 46 28 30 10 99 78 75 18 99 9 81 9 99 
99 42 46 99 93 69 39 36 88 99 51 41 4 44 65 0 6 10 49 8 40 99 16 70 99 45 27 99 96 99 99 99 84 99 60 99 13 99 99 82 85 67 25 99 40 99 67 99 1 76 99 
67 99 99 99 90 52 99 76 99 78 62 13 16 29 50 10 0 26 16 16 43 4 79 97 99 99 25 76 49 99 58 69 18 10 99 12 99 99 99 39 4 99 48 58 40 15 99 60 99 40 9 
15 84 99 1 69 99 99 40 75 39 66 38 46 54 40 26 49 0 26 5 81 99 99 69 88 99 43 99 99 99 99 36 51 63 82 99 99 30 99 21 99 30 99 49 99 99 37 64 54 99 63 
99 48 99 84 99 4 90 99 21 99 38 20 8 33 31 26 51 4 0 34 24 34 22 46 45 99 91 99 79 30 31 63 24 99 99 3 99 99 48 99 60 99 99 99 99 99 99 99 61 99 99 
99 75 99 99 24 79 76 51 99 99 36 30 48 59 46 15 14 40 50 0 31 12 72 99 67 99 99 78 28 82 61 99 69 1 48 99 1 49 72 3 54 19 88 99 58 99 54 99 99 99 99 
12 15 51 99 91 75 4 7 46 99 52 99 70 99 30 99 18 96 99 99 0 32 33 39 45 2 8 4 58 11 18 78 66 36 58 99 99 9 64 99 99 63 69 57 94 22 99 15 22 57 1 
63 96 88 90 54 36 99 45 99 99 30 99 46 99 99 97 99 99 78 97 5 0 43 32 9 22 60 46 56 59 63 99 99 34 99 13 10 45 99 49 99 33 99 99 99 81 99 99 69 10 99 
16 40 76 63 96 99 64 99 81 99 99 99 81 28 99 37 51 88 42 99 52 28 0 36 24 9 12 44 2 12 99 99 82 94 72 61 64 22 99 99 87 34 99 67 99 81 99 39 99 99 58 
99 99 99 46 55 13 81 34 99 88 99 39 3 33 93 99 12 99 22 99 50 40 36 0 44 15 27 56 20 64 45 9 7 78 73 99 99 82 99 54 75 45 99 4 91 67 70 90 15 99 57 
55 25 72 99 34 99 99 87 13 22 25 91 78 18 30 99 99 54 39 21 33 63 39 4 0 29 58 56 38 41 27 99 99 34 99 99 34 88 90 51 6 48 60 93 76 99 99 99 99 99 42 
12 51 88 99 70 64 99 1 99 99 64 52 99 19 96 28 99 4 22 99 52 38 10 60 38 0 9 33 27 30 37 4 27 81 99 52 30 99 67 91 99 81 99 10 55 79 22 6 94 34 87 
22 99 99 99 99 78 31 99 46 91 93 69 9 72 99 99 99 3 99 99 66 20 46 62 24 52 0 10 49 18 85 99 99 54 48 99 97 99 57 60 54 99 82 88 6 88 99 4 99 58 15 
6 99 99 99 49 90 40 81 99 99 99 27 99 87 99 3 27 1 39 4 1 29 40 21 50 33 39 0 56 16 63 64 99 99 91 88 99 21 99 67 99 99 36 99 66 99 99 4 15 99 99 
99 61 73 99 57 99 21 67 99 99 7 96 9 91 99 99 99 61 99 99 33 46 26 15 42 41 11 29 0 44 12 87 99 91 94 12 99 43 66 75 99 76 99 99 99 99 37 12 7 4 51 
82 63 45 9 10 99 25 99 25 69 99 99 99 43 22 99 69 97 79 6 33 46 4 2 54 57 58 42 6 0 99 63 25 19 99 99 91 27 99 63 3 81 99 28 25 25 79 13 18 24 99 
99 99 99 78 94 61 99 49 99 48 75 78 99 99 99 67 93 79 7 66 99 9 99 78 82 75 73 99 45 6 0 49 16 6 9 34 17 60 45 12 87 99 99 48 15 97 99 99 81 61 37 
49 49 25 87 64 52 99 16 90 99 34 99 10 99 16 70 48 10 99 99 90 15 93 99 31 93 82 18 12 81 12 0 24 3 6 44 3 43 10 64 30 99 33 99 6 54 99 99 9 61 99 
99 99 99 69 25 13 46 6 97 4 99 70 99 3 81 99 78 57 31 63 39 37 18 99 99 1 33 99 9 15 51 62 0 41 18 26 32 12 54 9 99 81 81 76 99 72 99 99 69 99 99 
99 48 99 99 99 22 66 6 36 99 97 87 99 24 99 52 9 91 99 78 99 99 57 76 99 30 16 99 99 24 24 62 59 0 11 16 36 60 64 15 99 19 99 99 4 99 99 28 99 72 64 
49 73 99 99 99 99 85 97 58 48 39 58 99 99 81 99 39 1 94 99 99 9 99 7 75 81 97 97 75 36 18 56 50 20 0 59 53 30 22 30 99 57 58 48 99 99 3 93 42 99 99 
78 34 49 99 99 94 99 99 69 48 70 99 99 99 52 88 36 99 99 99 99 99 99 40 24 36 37 96 99 66 35 56 35 42 47 0 28 60 26 62 99 6 51 43 99 99 99 33 78 30 10 
39 6 13 57 99 51 99 73 1 99 87 76 99 99 36 99 75 46 99 85 99 76 69 46 51 7 99 84 19 87 59 17 53 45 13 7 0 34 5 51 99 93 72 84 69 69 55 99 99 99 99 
37 76 34 60 63 27 84 99 84 7 21 42 99 13 99 99 40 43 99 70 15 18 15 7 99 16 54 45 82 99 34 45 57 35 30 26 29 0 56 64 99 28 88 99 15 99 90 1 22 94 63 
64 58 99 99 31 99 99 99 67 19 48 40 4 99 58 21 99 52 99 57 51 99 60 96 19 91 45 66 99 99 3 38 41 2 28 40 45 2 0 49 12 78 88 99 45 99 67 99 46 99 99 
99 99 99 97 99 54 99 99 99 99 99 24 99 22 75 99 34 99 99 66 30 90 85 31 13 99 1 93 24 99 18 44 12 51 22 39 32 54 9 0 72 99 99 70 99 87 99 94 99 99 82 
99 22 27 99 22 54 28 94 99 99 21 84 51 67 99 99 99 57 99 24 70 39 1 81 78 97 99 30 37 57 49 1 6 48 99 99 99 99 93 87 0 2 65 47 24 26 22 53 19 44 66 
81 55 30 99 99 81 91 99 66 6 99 99 55 99 99 75 3 15 60 99 22 99 24 6 76 99 99 31 54 94 15 70 99 99 99 19 70 99 16 99 39 0 8 4 25 42 26 48 18 39 99 
12 99 99 99 76 99 37 22 70 99 99 7 91 21 84 57 99 1 99 99 16 99 99 22 33 99 48 55 99 72 90 99 99 99 54 99 4 24 9 99 11 6 0 52 51 30 50 48 50 16 99 
99 99 75 31 99 60 79 4 9 1 40 28 31 12 99 34 40 99 99 24 64 91 99 82 97 88 99 55 76 40 55 99 99 72 15 66 18 43 94 40 33 31 12 0 27 42 1 62 66 30 84 
21 94 94 37 16 76 99 76 42 25 61 45 97 99 99 24 58 75 3 25 99 99 40 63 99 93 37 99 87 46 99 99 70 69 43 79 99 67 33 39 20 30 18 56 0 9 4 38 9 30 99 
6 37 30 99 99 30 93 49 30 99 91 19 99 76 4 10 99 81 99 15 99 99 12 99 99 99 45 42 6 69 40 60 99 99 36 25 99 25 43 91 2 44 9 4 65 0 26 2 12 52 52 
61 99 99 16 99 51 45 13 70 99 99 30 93 33 99 30 73 34 63 99 99 75 99 40 16 1 99 99 40 30 7 52 78 22 49 73 27 49 99 72 40 56 4 17 26 31 0 49 39 29 99 
67 99 66 99 97 99 40 63 66 51 15 96 99 99 79 40 9 66 99 70 16 22 76 72 99 94 45 99 73 54 99 99 99 99 72 27 7 94 99 13 51 37 54 39 23 51 60 0 62 46 99 
43 87 99 12 99 40 49 70 1 16 78 72 79 34 27 99 15 99 22 61 52 25 99 99 39 16 24 99 9 99 99 25 96 40 16 43 99 67 99 33 28 28 62 63 7 40 61 44 0 64 99 
34 19 30 99 99 99 99 99 51 64 84 97 34 91 93 55 99 87 99 99 99 76 99 7 91 99 13 81 28 99 99 42 99 99 99 99 9 99 99 19 58 50 24 30 44 52 15 36 43 0 63 
49 60 99 99 99 84 99 99 3 25 16 75 99 18 51 87 75 39 19 7 43 52 88 99 99 10 1 24 43 99 99 99 99 67 3 99 73 45 96 91 34 24 48 99 99 66 81 87 82 48 0 
