n: 50
m: 4
Pi:U[1-99] 25 14 58 38 88 77 68 27 34 20 43 49 3 66 64 71 36 88 56 3 40 2 58 53 70 67 34 33 67 78 17 69 83 96 24 73 37 64 9 82 93 12 62 72 52 61 93 53 29 29 
Si:U[1-99]
0 54 12 50 8 28 13 49 4 18 99 99 12 43 99 85 93 99 99 99 31 99 99 88 99 90 33 99 21 39 88 7 25 99 9 6 10 93 99 84 15 72 91 99 87 10 99 82 99 88 97 
64 0 60 39 27 9 44 18 30 3 52 39 99 99 66 99 99 99 19 9 99 81 88 99 99 33 99 1 99 3 99 99 60 99 21 90 69 99 3 15 10 93 93 99 27 3 99 19 9 99 99 
55 63 0 58 0 64 16 38 22 46 99 69 15 57 1 99 99 70 97 99 93 37 21 99 91 79 61 51 99 75 94 22 99 78 46 99 91 76 85 79 25 99 66 76 99 99 79 99 28 99 99 
58 46 17 0 10 10 10 28 16 13 99 88 96 99 99 49 90 24 99 24 99 99 99 3 99 99 24 21 99 13 99 99 18 99 99 61 64 37 93 1 39 52 6 4 87 96 87 99 28 99 94 
62 61 38 40 0 13 22 1 48 17 30 31 99 99 81 99 99 99 99 99 99 27 87 93 19 99 91 69 79 43 96 51 70 81 48 51 90 99 85 99 91 3 84 72 99 1 15 99 99 60 88 
52 52 58 12 5 0 1 13 20 10 99 99 99 1 51 69 99 16 99 21 99 34 4 18 21 97 99 97 43 24 42 73 93 6 85 1 91 88 58 84 19 94 99 34 88 40 88 1 43 42 99 
41 62 48 8 34 35 0 64 46 57 96 49 42 42 28 81 40 30 78 99 36 99 93 39 84 99 7 99 55 52 40 99 99 30 18 99 78 79 70 99 54 94 79 99 1 63 99 99 19 72 99 
50 45 18 51 2 8 22 0 57 27 37 58 99 99 60 64 25 55 79 99 78 18 58 81 99 99 37 99 99 12 49 99 99 6 78 99 40 16 24 99 57 25 57 66 46 94 99 99 67 67 78 
22 66 34 54 20 37 38 39 0 44 64 99 99 36 99 99 19 99 99 3 82 3 99 94 73 99 15 42 85 63 1 40 42 99 48 96 96 81 99 99 30 99 9 99 51 99 40 25 99 40 39 
12 5 50 36 1 40 64 30 2 0 90 99 27 16 66 72 51 21 99 54 9 54 99 46 79 34 99 49 99 96 79 73 99 91 99 99 30 39 88 69 3 49 84 45 48 42 88 85 75 99 99 
99 6 99 67 43 76 37 91 39 88 0 66 16 6 38 17 24 45 61 54 40 99 43 99 99 99 99 99 78 57 75 72 82 64 78 99 99 94 40 88 93 87 99 99 43 67 46 99 99 99 87 
99 22 70 3 99 99 60 91 18 99 16 0 60 14 18 52 0 42 34 27 99 87 73 99 16 88 31 54 18 91 99 99 99 99 90 28 99 54 57 66 22 99 99 99 49 99 99 30 88 97 48 
99 99 99 51 21 25 61 79 72 99 29 39 0 42 15 33 57 46 65 30 99 99 64 99 81 99 99 51 91 91 25 46 99 40 99 99 58 60 45 57 58 79 67 33 99 73 21 99 91 99 18 
60 81 25 99 93 19 61 99 22 99 21 27 12 0 20 42 0 30 15 62 22 97 87 99 99 30 99 99 37 99 61 1 99 81 82 67 75 84 34 55 99 9 54 27 28 81 99 84 99 99 63 
75 33 64 18 99 10 25 99 99 42 23 63 11 10 0 9 61 0 32 38 24 69 66 49 85 99 94 99 90 37 48 99 99 15 6 45 69 99 99 72 99 84 30 55 63 34 99 99 99 99 36 
85 31 99 99 64 43 99 82 66 99 1 60 54 34 61 0 61 24 13 16 25 99 52 88 99 82 66 99 13 10 88 51 72 99 18 99 94 10 84 55 99 10 93 22 54 99 99 99 46 33 99 
99 99 60 99 63 99 33 3 99 57 62 62 42 8 55 11 0 62 34 36 60 4 18 96 99 99 21 34 34 67 96 99 99 73 66 51 42 97 12 7 99 27 46 99 12 94 15 27 28 45 99 
6 99 96 27 85 54 27 85 34 69 56 8 39 48 38 54 48 0 39 18 4 99 4 21 36 43 91 9 82 99 99 63 6 46 99 99 94 99 99 55 99 45 55 99 99 99 96 99 67 99 55 
75 34 61 48 58 99 28 40 99 99 50 49 12 5 50 46 46 20 0 33 63 21 99 88 99 99 99 99 99 34 99 99 94 99 87 78 73 36 87 30 64 73 48 18 52 99 45 18 99 73 45 
94 82 99 99 73 33 99 99 25 99 54 34 47 59 8 44 38 15 32 0 99 10 54 57 99 49 60 96 24 19 61 18 73 1 52 51 99 34 99 99 99 99 93 81 99 85 97 93 22 99 64 
25 18 33 4 99 99 88 99 82 28 36 99 99 99 60 75 99 58 21 61 0 57 40 56 40 51 40 3 19 2 57 96 18 79 52 99 18 45 12 99 31 79 15 12 97 49 99 21 19 99 42 
84 94 39 16 54 99 99 78 4 42 97 99 99 90 40 99 84 72 93 54 1 0 50 57 4 48 30 32 30 21 91 99 99 28 91 55 99 99 99 99 6 10 78 99 24 99 88 60 34 16 99 
73 34 99 25 57 99 40 78 51 99 99 88 99 21 99 99 99 96 99 57 53 29 0 33 49 26 62 4 52 17 42 81 99 99 99 91 75 22 99 27 81 58 19 99 40 99 99 13 39 99 60 
63 75 87 84 99 99 96 55 39 79 99 90 7 18 99 94 43 99 81 55 12 30 8 0 10 16 52 2 29 14 18 78 99 99 64 99 31 69 18 99 63 51 13 99 46 81 78 6 99 99 67 
99 9 84 99 16 3 54 99 99 60 66 99 54 42 99 69 1 33 42 82 49 27 33 53 0 12 58 50 58 46 34 99 49 39 99 58 99 1 40 21 49 99 73 42 99 73 99 43 99 24 36 
37 91 99 7 70 99 4 10 7 99 13 45 34 21 58 67 99 99 31 99 49 30 64 5 16 0 58 38 49 19 45 88 55 78 99 99 19 99 99 22 99 66 75 25 39 76 16 15 99 99 10 
81 43 93 99 33 3 36 49 12 99 19 67 19 45 36 99 16 3 42 99 37 59 52 43 44 61 0 47 4 20 36 99 37 28 64 99 43 99 99 99 99 99 94 78 39 57 94 99 43 22 57 
82 66 99 84 63 28 85 90 7 99 99 82 19 10 9 87 99 99 63 99 40 5 54 61 18 58 9 0 50 6 33 45 99 81 42 99 34 34 49 28 7 99 46 52 54 99 94 99 99 3 70 
81 51 30 79 7 57 99 99 96 46 99 9 30 57 64 78 34 3 99 60 38 54 15 18 10 6 10 65 0 30 99 99 24 4 99 99 99 97 99 99 99 4 51 99 18 15 28 99 18 46 27 
75 63 48 99 99 64 88 27 22 60 4 3 78 58 9 22 87 31 16 12 62 58 54 19 31 18 31 17 15 0 45 99 48 69 40 3 37 31 99 16 99 99 99 99 52 37 69 22 9 99 75 
73 55 21 12 49 99 63 72 13 31 99 24 15 99 99 99 99 75 99 55 9 99 57 72 97 82 66 67 94 49 0 34 54 10 65 21 18 24 36 40 9 22 18 12 99 99 30 67 58 69 67 
99 16 99 54 99 55 7 99 99 97 99 19 99 73 66 96 21 76 18 99 58 99 60 42 43 21 99 54 99 99 13 0 62 30 62 49 19 58 43 56 3 1 37 48 22 13 51 99 81 99 3 
3 16 99 67 31 21 99 78 9 99 6 48 99 15 99 72 13 27 58 12 96 99 48 52 33 96 43 1 99 13 10 4 0 12 16 54 13 43 55 58 27 48 99 22 99 94 99 21 76 99 46 
12 99 61 34 99 99 99 22 90 54 61 99 58 52 72 48 6 99 99 99 70 21 97 34 99 58 90 57 99 99 18 40 26 0 61 8 52 0 62 22 13 39 99 9 51 99 99 87 22 99 49 
99 78 99 12 99 31 37 99 30 99 36 99 1 1 46 99 60 99 19 22 3 42 99 9 99 51 99 30 49 12 31 7 50 5 0 26 40 64 54 30 99 99 51 34 99 1 99 66 99 13 79 
55 97 97 46 99 99 99 42 12 96 99 76 43 3 30 91 76 39 99 27 99 54 13 18 40 73 22 87 99 99 32 54 60 34 57 0 57 43 50 62 99 99 9 99 99 19 99 75 19 99 99 
96 99 82 57 13 42 81 76 91 91 93 13 18 22 99 99 99 99 70 33 99 12 99 84 18 99 12 15 78 84 6 20 4 59 49 55 0 10 33 44 91 99 7 99 52 99 96 99 99 99 10 
82 64 28 18 99 97 99 16 51 99 99 25 81 58 96 51 9 9 79 63 13 4 97 24 72 16 21 69 10 99 56 4 36 31 63 65 48 0 31 66 99 55 37 27 99 60 73 64 21 34 99 
82 42 31 99 46 81 99 99 99 42 58 99 99 99 15 99 55 1 40 88 60 85 99 82 40 91 22 39 99 7 44 26 22 22 37 8 6 61 0 60 99 99 45 52 99 63 99 84 84 73 12 
69 70 99 99 69 69 99 6 87 21 99 54 99 30 19 39 66 99 55 87 51 99 85 10 87 91 28 88 78 37 18 64 42 26 33 5 44 54 57 0 99 66 40 9 81 85 31 99 27 91 22 
99 72 22 66 34 61 99 9 99 93 33 16 99 99 55 1 70 99 19 40 99 99 99 57 96 30 99 99 7 99 39 99 43 28 25 3 97 46 99 61 0 62 10 0 60 26 14 39 50 4 88 
3 99 87 99 45 60 10 90 61 45 13 99 46 99 1 25 99 24 99 49 61 99 6 40 79 99 40 87 99 27 21 99 85 97 99 99 67 99 16 48 42 0 27 43 46 28 38 10 37 63 73 
99 99 45 99 99 69 13 42 54 99 99 99 99 67 99 46 25 24 6 99 60 51 66 93 99 99 67 1 99 99 99 6 66 90 76 39 60 25 99 99 62 30 0 7 51 28 9 17 12 8 28 
7 72 97 72 99 99 57 34 90 48 99 91 93 3 99 99 99 19 21 99 99 99 28 99 49 15 99 6 31 61 99 25 28 93 37 15 61 25 42 87 50 34 60 0 40 56 49 18 56 16 3 
99 54 58 40 25 24 43 70 97 57 73 22 54 25 30 15 94 75 22 21 85 99 63 76 60 99 69 58 94 97 99 39 49 57 55 99 93 72 78 1 44 60 18 8 0 14 53 16 28 22 99 
99 99 69 21 76 76 52 78 55 36 73 99 99 48 34 99 37 13 94 99 16 75 4 94 34 99 24 99 91 36 52 22 75 28 81 18 13 40 61 99 52 60 4 8 40 0 60 66 10 18 31 
34 99 99 57 61 18 18 99 93 99 51 7 6 60 4 91 73 36 42 25 99 84 90 90 79 99 93 99 99 99 85 99 99 99 12 90 52 99 99 99 46 20 33 13 20 54 0 28 35 0 84 
72 99 75 37 27 34 99 99 1 99 9 60 4 52 4 99 99 99 99 28 63 49 88 67 99 25 99 97 99 81 34 60 85 99 99 87 22 46 99 7 63 20 25 24 10 44 44 0 65 8 97 
13 99 99 99 82 99 49 99 45 54 66 13 36 99 99 99 99 49 10 4 61 12 40 99 42 99 99 66 18 99 54 39 45 99 99 99 99 93 19 4 8 36 32 16 18 42 66 42 0 6 67 
99 69 99 34 66 24 19 99 99 99 42 43 57 64 69 42 52 99 57 99 75 18 99 15 90 99 70 99 55 99 99 99 28 99 61 48 46 99 12 99 26 52 24 4 26 38 32 11 5 0 61 
66 87 55 45 99 85 99 60 22 46 6 99 15 82 21 25 37 99 94 99 99 94 69 99 99 24 99 46 93 31 99 25 45 18 99 63 58 88 99 99 85 63 69 99 21 39 30 99 99 67 0 
