n: 50
m: 4
Pi:U[1-99] 61 9 98 47 16 15 28 36 88 22 8 54 72 8 84 88 50 13 64 35 74 14 89 11 81 1 92 26 9 38 91 35 97 21 59 6 38 73 86 12 92 25 61 95 36 28 28 98 70 78 
Si:U[1-49]
0 6 10 7 24 18 30 26 20 21 49 28 49 49 49 18 1 48 22 49 49 42 16 13 36 4 49 43 49 49 27 49 42 43 28 43 49 31 25 43 27 49 9 49 27 1 48 3 25 10 22 
14 0 5 18 23 30 2 4 7 17 16 49 42 49 49 49 49 49 22 49 18 25 49 6 49 19 49 7 27 4 13 30 19 15 49 33 42 36 27 49 49 34 49 27 19 28 36 49 49 6 42 
24 25 0 14 6 9 24 32 6 11 49 49 4 18 48 24 49 49 45 15 30 49 49 49 9 33 24 49 49 4 13 49 49 49 25 13 49 49 49 7 36 34 49 34 18 45 39 46 49 40 10 
14 20 11 0 28 9 20 3 26 30 49 49 4 15 28 31 33 31 42 49 49 34 3 49 33 49 27 49 48 43 49 49 48 48 19 49 6 40 49 19 4 27 49 7 3 39 6 48 19 18 42 
23 0 16 1 0 20 0 1 2 17 49 10 15 4 49 40 49 31 48 4 25 9 42 12 19 49 6 49 49 49 19 49 19 49 10 25 34 37 49 49 49 49 12 16 49 36 49 37 13 3 49 
5 24 12 24 20 0 28 2 14 26 9 22 49 7 39 45 49 22 10 49 13 9 30 10 12 49 49 6 19 6 6 46 18 49 49 16 24 49 49 7 45 49 31 49 49 49 49 49 34 40 36 
26 7 3 32 20 0 0 21 18 3 43 24 49 13 43 43 49 46 40 46 49 49 49 49 1 49 27 31 3 49 49 18 15 37 45 31 40 19 16 22 9 49 49 10 27 9 25 12 16 27 4 
18 8 23 10 9 7 22 0 20 12 21 49 18 42 46 49 49 49 43 40 9 49 30 49 34 49 49 49 1 49 49 49 15 42 4 37 31 49 49 49 25 49 49 28 22 28 9 49 33 49 21 
9 8 16 19 19 28 18 3 0 2 49 49 24 49 21 49 4 15 34 9 33 49 36 7 16 21 9 49 21 12 49 48 49 43 12 15 18 49 42 45 45 18 12 4 4 49 34 42 49 27 28 
10 29 29 32 6 8 30 21 20 0 39 49 49 27 27 15 36 48 30 48 3 49 13 10 45 49 49 45 6 7 30 27 49 24 49 49 49 21 9 10 49 49 33 49 48 21 49 39 49 33 49 
1 49 49 16 6 36 49 9 34 43 0 31 1 24 30 8 6 12 7 26 13 21 49 49 49 9 18 36 28 49 24 9 21 48 49 49 49 48 27 49 25 13 49 37 48 34 49 48 36 49 31 
49 24 22 49 49 12 49 30 49 18 24 0 4 32 0 6 32 2 14 24 49 49 39 13 49 34 25 42 15 49 39 49 4 39 9 19 49 10 1 36 45 24 33 37 18 4 49 37 37 46 34 
42 31 40 12 25 49 49 43 6 49 11 24 0 6 19 8 2 12 30 15 45 49 36 49 7 16 49 16 48 48 45 22 49 16 6 49 16 30 10 49 25 18 49 13 40 49 10 49 49 43 18 
49 33 16 49 48 49 25 13 4 49 8 12 13 0 11 22 0 18 3 13 40 19 40 39 19 28 6 34 49 6 39 19 49 49 7 43 4 13 21 49 31 1 1 49 49 49 45 45 49 49 49 
45 15 49 27 12 49 49 24 48 31 22 14 27 2 0 18 26 16 12 20 24 39 15 34 30 13 49 25 49 19 18 49 7 6 46 30 4 18 49 49 49 18 49 43 49 34 25 49 49 21 40 
19 49 45 21 40 49 7 33 10 9 21 26 4 22 18 0 12 4 22 8 49 13 43 42 22 49 49 33 49 31 40 49 33 49 46 31 24 1 42 22 49 45 30 4 49 31 48 48 37 18 49 
28 43 15 22 39 48 49 49 7 49 10 7 0 12 27 15 0 30 7 11 30 25 39 13 30 10 19 49 46 42 45 40 16 15 25 12 49 49 28 36 19 49 42 28 49 49 49 46 49 49 24 
18 49 34 37 4 49 49 49 49 7 12 24 10 3 11 11 16 0 20 4 45 46 39 33 48 49 27 49 22 19 3 43 27 30 10 49 49 49 39 49 25 30 49 21 22 49 36 45 43 12 30 
18 13 49 31 49 49 34 42 6 15 28 24 13 28 4 26 5 6 0 29 36 21 45 6 49 28 31 49 6 1 49 49 15 45 7 49 49 25 49 18 7 49 24 49 16 49 27 18 28 40 27 
6 19 49 49 22 16 49 7 25 12 24 10 18 20 20 23 30 23 6 0 3 18 49 13 18 49 49 3 9 49 16 9 6 36 49 28 28 33 3 19 13 30 15 46 49 46 48 21 22 49 49 
49 45 27 4 16 30 40 24 28 49 49 30 49 6 49 49 49 49 45 49 0 28 14 12 28 32 29 28 13 16 46 18 27 31 10 49 40 30 33 34 21 4 49 49 39 12 49 45 39 37 49 
33 24 31 18 22 9 49 15 12 15 4 49 34 48 42 1 21 49 18 49 30 0 7 3 26 14 12 1 25 2 16 10 49 45 28 12 9 21 40 43 34 49 1 27 49 6 34 39 46 13 24 
49 33 49 10 30 46 49 22 49 49 49 49 12 49 9 49 42 33 3 31 21 8 0 13 28 26 25 4 8 16 49 28 28 49 49 21 49 49 3 49 30 42 24 49 36 42 49 7 1 22 48 
49 4 49 1 42 9 15 49 9 7 15 49 30 10 39 1 18 49 49 49 26 25 19 0 30 10 30 25 12 26 1 24 49 24 4 49 49 49 22 49 28 12 18 49 49 49 49 49 25 24 49 
49 21 49 34 49 16 34 49 27 49 49 21 30 49 25 49 49 4 49 36 10 26 16 32 0 17 6 26 10 4 49 12 49 49 7 40 28 49 49 28 48 30 49 9 19 21 28 49 46 10 49 
31 33 42 28 13 49 10 49 49 30 49 49 16 21 40 49 7 3 49 37 18 19 16 8 14 0 12 21 10 8 6 6 45 21 18 28 22 27 4 1 46 33 12 43 49 49 49 21 49 12 49 
49 49 49 49 9 49 49 3 49 10 46 13 37 12 22 49 4 25 49 49 13 20 10 2 17 26 0 20 22 31 13 49 6 49 49 49 18 36 49 33 49 49 25 45 49 49 49 22 16 49 49 
49 49 1 21 19 49 25 40 15 4 49 10 37 36 40 49 45 33 49 3 21 2 0 2 20 13 12 0 1 6 45 21 49 34 49 13 31 9 49 45 48 49 49 42 49 4 49 45 49 49 3 
30 49 27 45 36 49 6 43 15 49 39 31 49 49 49 49 12 10 27 49 18 5 32 18 18 9 6 6 0 27 4 27 48 49 31 27 4 15 49 49 15 10 49 40 49 18 49 10 18 49 49 
10 6 10 34 49 49 33 9 12 18 3 19 49 49 28 24 49 16 27 49 6 3 30 25 15 2 5 28 18 0 49 16 7 19 48 49 49 49 49 49 49 45 36 10 49 49 36 49 22 49 49 
46 16 24 49 49 36 34 49 48 49 7 9 49 43 6 7 49 49 49 45 49 48 12 22 49 24 49 49 22 40 0 14 22 1 18 1 4 9 18 14 49 49 9 49 9 49 40 49 37 4 48 
9 49 33 49 19 27 49 36 49 21 18 4 21 34 6 19 18 45 6 49 34 9 19 33 3 49 39 43 49 6 25 0 14 2 1 14 12 26 29 8 49 25 49 49 31 30 7 28 49 49 48 
49 49 22 10 12 1 39 33 49 30 16 3 39 10 49 6 49 6 48 28 6 36 49 28 25 3 49 46 49 49 18 4 0 4 4 28 24 20 21 11 46 46 33 39 9 36 49 22 30 24 49 
19 36 45 18 49 12 30 46 49 48 6 18 36 49 43 16 42 12 49 49 18 27 49 18 21 22 15 6 9 28 16 12 4 0 26 24 4 32 8 20 34 49 25 28 49 6 49 6 15 49 49 
42 27 49 19 37 37 37 24 18 49 49 46 12 49 21 49 33 7 49 45 21 30 49 34 43 49 36 45 42 49 13 2 23 28 0 18 15 23 22 2 3 49 40 49 40 7 49 24 49 4 49 
39 49 48 24 49 49 49 39 12 16 27 6 4 49 18 22 4 9 18 24 3 27 4 49 49 19 13 49 49 1 32 19 32 24 13 0 2 21 6 15 49 12 3 9 25 6 30 24 49 28 49 
7 49 49 48 21 25 49 12 18 4 4 6 49 49 37 49 49 34 49 49 49 16 49 22 9 49 27 48 12 7 22 24 3 0 10 5 0 32 18 19 12 49 6 3 15 49 4 49 15 1 45 
43 9 15 43 19 4 16 49 18 49 31 13 49 49 49 49 49 1 49 16 49 3 3 48 33 33 24 46 49 49 9 26 6 23 12 23 32 0 22 4 49 3 49 24 30 36 31 1 49 49 21 
36 46 49 27 21 25 12 12 6 49 48 46 49 18 16 13 21 49 49 7 10 43 49 33 18 49 7 34 39 49 19 5 7 10 29 10 30 7 0 3 49 1 27 31 43 9 19 49 49 40 49 
30 49 16 13 9 33 49 49 10 12 49 39 43 18 49 49 49 40 49 34 49 13 25 49 45 10 49 1 31 15 17 4 19 15 4 18 18 23 24 0 49 21 49 36 40 45 24 39 30 49 49 
48 42 31 49 45 13 42 24 33 49 3 30 21 10 24 6 49 49 49 49 16 46 36 24 49 24 22 40 16 27 28 49 3 48 4 34 49 49 33 49 0 22 24 30 7 1 19 17 18 22 4 
49 48 28 49 49 34 22 10 13 46 49 49 7 28 49 49 24 49 34 31 49 28 49 49 13 49 49 22 49 37 42 18 15 9 43 49 33 48 25 45 4 0 0 23 2 8 18 23 28 30 49 
49 21 24 4 49 45 28 49 9 33 49 49 9 15 34 49 49 9 7 49 6 49 39 42 37 21 33 12 49 49 27 40 49 48 7 18 13 12 49 36 28 2 0 18 29 9 20 23 4 16 48 
33 13 49 49 4 37 30 49 33 22 6 4 40 49 49 49 36 37 12 42 7 49 48 7 33 49 9 49 13 18 49 49 49 31 40 49 10 49 15 34 8 6 1 0 28 0 8 2 16 4 37 
22 49 6 19 15 18 49 49 31 39 9 36 19 28 19 31 19 49 40 49 21 45 1 3 3 21 43 49 7 42 22 10 36 6 46 21 4 16 24 49 2 26 4 12 0 21 11 14 6 29 4 
43 49 27 22 18 9 18 46 46 28 34 9 49 48 31 49 49 28 18 48 36 9 49 49 49 24 34 28 16 49 49 49 49 4 16 49 24 27 22 9 14 8 14 26 26 0 16 12 10 28 49 
18 21 37 49 28 13 7 49 4 49 49 19 49 31 10 6 16 43 49 30 42 18 45 49 34 49 49 49 49 36 36 24 3 31 43 15 49 13 49 4 1 5 8 18 22 22 0 4 23 16 10 
34 49 21 21 36 6 42 7 34 49 1 12 4 42 49 33 31 49 37 42 49 6 10 39 49 34 12 21 49 46 49 18 3 49 49 6 16 49 49 39 19 12 22 11 10 26 6 0 29 30 4 
7 49 22 31 34 49 49 25 30 49 9 49 49 42 49 49 49 37 49 49 13 30 30 9 27 13 21 49 39 18 28 13 40 49 49 30 15 43 49 48 18 8 29 0 9 13 1 12 0 7 24 
49 31 39 10 45 49 39 49 49 42 18 49 42 39 49 25 34 49 1 25 18 49 40 18 1 45 49 28 1 46 49 12 13 40 36 7 12 49 10 49 20 4 30 10 3 8 9 6 13 0 18 
15 12 28 21 1 33 49 16 49 49 42 31 46 49 39 33 49 49 7 3 40 36 10 10 3 10 30 15 49 49 1 49 21 15 49 6 49 24 15 7 49 42 24 49 28 33 49 49 25 49 0 
