n: 50
m: 2
Pi:U[1-99] 44 18 17 65 63 17 20 24 43 35 51 72 35 30 70 39 89 15 81 98 50 25 44 87 26 73 20 54 88 59 83 36 17 28 90 97 50 64 22 38 23 79 93 90 68 4 63 37 76 46 
Si:U[1-99]
0 25 56 48 53 18 34 17 59 2 79 84 97 96 7 10 42 43 54 15 4 15 99 58 18 99 99 3 94 52 99 64 19 99 96 99 18 99 69 87 99 82 30 87 13 49 15 99 42 99 99 
28 0 36 29 26 31 35 40 15 60 84 84 99 99 48 58 4 30 88 49 57 25 99 99 60 66 99 96 99 13 28 73 73 81 34 15 99 76 34 99 99 99 99 52 19 99 88 57 10 82 37 
62 21 0 34 12 25 62 36 38 17 91 99 67 70 75 99 99 99 22 99 18 54 61 66 99 99 19 78 99 99 4 99 51 46 99 99 99 39 81 25 99 7 9 94 99 69 91 46 27 99 18 
43 8 14 0 5 48 30 64 22 35 99 55 58 18 15 99 27 99 97 81 99 3 99 16 39 46 54 99 57 39 88 99 88 99 99 28 99 99 22 36 99 15 60 79 76 99 16 70 99 34 3 
59 14 0 24 0 16 48 40 45 62 15 99 18 12 25 84 3 99 82 7 3 39 18 36 57 82 99 99 72 9 99 99 87 99 10 99 99 82 36 60 37 69 28 81 72 31 10 85 21 99 43 
40 30 28 52 12 0 36 42 20 24 87 99 19 99 33 99 45 25 75 99 93 61 52 99 34 97 99 99 99 99 12 99 99 28 58 91 67 12 99 60 78 94 12 99 48 40 48 99 48 93 64 
45 20 45 40 16 12 0 32 34 44 99 27 99 99 99 73 99 46 61 75 97 21 60 99 46 39 67 82 99 1 33 42 99 99 99 6 87 99 85 99 99 58 76 97 10 99 61 55 52 43 88 
19 18 62 18 40 62 10 0 52 1 99 64 58 99 7 99 60 60 99 52 54 91 99 97 97 99 90 99 99 99 40 91 75 99 25 99 19 39 70 39 99 66 21 99 79 15 39 99 49 78 99 
8 54 33 57 46 46 55 46 0 0 76 99 96 99 99 70 6 99 99 91 24 31 79 52 78 25 22 10 1 46 22 73 90 99 88 84 46 60 91 99 88 84 33 15 48 99 78 99 99 99 33 
15 7 42 42 17 21 14 36 14 0 99 58 99 81 99 36 31 57 75 99 58 37 99 99 39 7 73 99 99 99 10 99 99 99 73 96 69 48 45 99 88 70 6 49 60 4 99 4 99 57 76 
99 64 21 24 99 99 99 27 28 99 0 8 53 48 40 50 61 59 26 52 99 37 99 99 99 99 40 58 84 12 27 51 99 81 99 79 99 99 99 10 42 57 4 4 99 73 91 99 21 99 16 
51 54 99 45 99 99 99 99 24 99 8 0 7 42 4 64 64 2 58 8 84 99 84 70 42 52 99 27 99 91 72 15 82 18 52 12 84 25 57 99 12 99 31 99 99 99 94 99 91 39 69 
99 48 99 99 10 31 99 99 97 99 14 50 0 38 16 6 27 6 43 14 99 54 99 70 60 16 31 90 99 99 99 96 69 99 3 99 99 49 15 51 3 99 30 37 21 99 49 99 55 99 99 
1 51 99 99 36 13 99 99 99 34 30 25 46 0 12 29 46 14 64 35 78 13 52 81 25 99 73 84 99 15 57 99 54 99 99 31 13 52 99 3 40 54 22 34 96 6 12 58 99 99 22 
99 99 49 60 34 99 34 79 93 16 63 10 28 10 0 54 2 14 9 64 31 16 99 87 18 99 24 43 97 99 99 99 99 1 78 60 99 99 49 4 28 88 12 31 99 64 91 99 31 7 99 
55 99 51 99 70 57 21 99 99 99 36 16 63 26 64 0 20 14 58 65 99 78 58 99 99 6 99 6 99 21 16 99 34 76 81 82 3 90 13 99 33 40 99 19 24 79 99 85 99 99 22 
58 69 51 63 6 81 99 99 99 72 44 31 9 18 5 9 0 30 48 56 4 96 16 99 99 82 99 1 6 28 37 30 99 81 99 99 33 99 94 99 33 90 10 99 99 34 76 96 99 84 99 
24 99 99 33 99 54 99 99 22 99 42 3 57 66 16 46 64 0 24 0 22 64 28 91 88 99 66 57 99 99 19 54 75 99 55 72 99 99 99 1 99 48 42 40 46 21 84 54 99 60 48 
99 40 99 4 25 58 99 84 60 99 4 26 37 58 58 34 2 32 0 39 6 27 4 99 37 52 99 66 99 93 10 16 90 25 76 52 99 99 99 99 99 19 52 25 99 99 48 10 99 96 91 
48 99 24 43 99 28 52 99 63 99 4 42 53 16 44 12 59 21 12 0 7 13 81 99 96 37 6 64 99 85 58 99 31 99 97 3 45 99 99 88 67 81 99 79 24 99 99 54 40 99 99 
72 10 99 6 16 91 81 99 49 99 99 60 70 99 49 99 1 84 1 16 0 20 60 51 3 12 34 22 15 65 90 66 99 99 19 99 58 40 60 57 99 99 13 99 3 99 99 63 76 99 13 
96 99 54 66 13 58 19 75 96 99 18 99 81 52 99 37 99 70 99 27 8 0 9 8 51 64 47 66 36 2 6 15 99 82 46 19 3 99 99 51 99 34 69 99 99 99 96 99 99 91 99 
90 10 99 54 94 99 99 45 19 3 36 97 99 55 64 99 99 99 49 24 23 19 0 22 32 23 9 42 6 38 99 51 36 58 69 52 99 88 10 45 99 99 99 99 61 97 99 40 36 99 78 
10 57 93 6 15 99 45 54 43 91 36 37 48 99 99 24 99 51 99 70 8 9 42 0 25 8 39 11 48 8 99 40 7 99 99 61 55 25 99 13 75 99 45 99 7 85 99 99 46 21 69 
99 52 97 82 99 99 99 52 94 48 21 84 12 99 12 31 93 99 99 88 1 43 12 33 0 54 22 20 26 57 21 13 99 99 19 36 70 64 90 42 46 21 49 81 15 51 58 99 99 90 58 
57 16 19 99 99 49 90 91 13 99 4 97 99 99 36 36 99 28 99 88 22 10 56 7 22 0 24 38 57 55 99 99 36 66 19 25 40 85 99 85 99 99 10 90 99 25 76 99 82 79 55 
97 99 58 99 36 61 99 84 34 99 99 15 99 30 66 67 28 16 6 91 14 25 54 30 17 56 0 38 46 46 36 46 54 48 67 19 19 99 24 48 13 99 99 21 63 30 67 99 67 4 37 
40 99 25 3 7 49 85 7 99 99 31 52 99 85 52 16 99 45 24 21 23 54 58 18 32 21 40 0 9 25 10 99 72 97 13 73 96 10 67 81 99 63 99 34 99 9 1 99 99 99 6 
24 31 99 99 18 55 37 99 57 93 45 99 10 99 31 16 22 49 99 4 18 12 42 31 20 13 5 11 0 16 99 34 58 4 76 57 28 31 94 27 3 21 99 99 85 3 90 9 99 39 99 
84 21 99 99 15 31 97 42 42 99 97 10 99 99 99 99 24 49 27 57 50 19 51 2 43 56 44 60 12 0 63 57 99 99 99 99 55 99 73 99 42 99 34 90 22 99 34 99 99 99 70 
90 99 99 91 75 48 97 64 70 99 75 99 99 16 15 19 6 21 99 45 18 52 58 99 96 55 40 99 13 25 0 14 61 64 61 10 15 52 12 27 18 3 57 6 34 99 99 99 99 70 97 
45 72 93 36 28 99 70 58 91 57 76 99 30 58 21 73 67 48 99 99 37 82 99 99 85 93 99 99 99 96 51 0 44 9 56 61 39 33 66 26 99 99 99 7 99 99 99 99 99 52 99 
99 12 99 18 33 15 33 57 67 55 99 10 54 63 97 16 99 72 28 9 76 99 57 52 7 49 52 99 51 82 26 28 0 51 6 40 64 2 48 36 69 60 45 25 99 52 16 24 99 99 37 
99 99 99 27 99 99 99 10 99 79 9 61 34 99 99 3 63 49 63 81 58 70 22 64 12 99 99 1 67 99 43 59 21 0 19 42 0 58 64 44 99 67 27 99 99 28 73 25 99 72 99 
54 99 48 48 99 91 15 19 27 88 34 82 16 99 99 6 6 3 93 10 49 99 96 99 99 60 99 99 39 79 62 32 15 32 0 30 37 49 2 15 99 99 21 99 4 16 99 78 87 64 91 
19 99 52 90 42 54 19 31 99 91 34 99 99 73 85 4 93 76 6 67 99 52 85 57 99 97 25 63 99 54 32 56 37 62 0 0 56 36 13 45 99 9 78 99 91 6 54 76 99 7 76 
51 55 16 36 69 73 34 99 99 37 57 39 91 15 69 30 99 81 99 99 7 99 99 1 67 99 99 51 99 30 3 30 10 21 4 25 0 2 54 35 99 84 99 21 45 7 21 87 22 39 75 
81 76 99 99 57 99 22 99 99 78 70 99 99 84 61 99 76 99 99 18 67 66 72 33 75 6 99 12 3 64 61 36 20 1 12 40 66 0 44 41 57 58 99 9 55 99 30 75 55 99 97 
15 24 13 12 13 33 39 99 88 9 60 99 37 99 99 99 99 99 10 58 13 25 33 91 10 30 18 78 73 99 4 47 62 28 50 60 54 25 0 56 4 24 69 78 76 39 94 99 99 99 39 
55 46 4 99 46 99 12 22 33 43 99 94 19 79 90 99 99 49 99 70 19 24 66 52 99 57 60 63 99 99 6 13 22 55 7 44 56 39 35 0 9 99 46 78 99 28 85 99 88 39 99 
82 70 99 25 22 88 22 69 70 99 16 78 15 99 90 82 99 99 73 69 99 48 4 39 99 60 99 99 30 99 49 39 99 94 16 99 25 99 99 45 0 42 6 6 28 24 12 60 55 6 24 
99 99 99 48 27 99 99 78 31 99 87 57 99 7 99 24 36 84 99 97 99 99 1 99 81 52 99 9 87 30 99 1 24 99 99 16 54 91 81 99 48 0 51 42 22 0 53 37 16 20 18 
28 91 99 4 42 99 1 99 48 99 30 21 69 55 21 99 99 99 99 75 63 99 99 99 93 99 3 99 30 24 99 91 99 6 99 99 42 99 99 99 31 41 0 61 54 58 45 39 53 3 99 
25 99 52 18 28 25 12 27 61 42 99 99 57 15 84 99 70 99 28 99 99 99 69 70 99 99 99 42 60 57 99 99 94 99 99 99 25 19 99 33 27 44 22 0 18 8 32 48 26 25 69 
90 34 1 99 3 21 99 10 46 99 51 70 99 94 90 79 99 69 99 52 99 99 90 52 30 54 99 55 60 12 45 64 99 3 99 99 81 99 79 99 40 10 61 20 0 12 33 60 10 14 99 
15 6 21 31 99 40 3 18 37 70 72 27 73 99 81 25 15 99 67 24 99 48 28 99 99 16 60 99 75 48 4 34 99 99 96 99 73 94 75 99 14 62 55 62 22 0 26 8 38 8 45 
99 99 55 18 96 99 76 78 99 99 22 43 39 21 25 25 99 46 99 87 97 99 73 67 99 99 27 99 99 99 99 6 94 48 7 99 76 99 40 90 47 39 12 50 48 36 0 52 5 42 1 
28 7 75 99 99 99 99 99 99 46 88 99 39 82 33 99 61 99 99 67 99 99 87 12 57 90 99 49 45 99 1 85 99 99 99 90 99 99 75 88 13 1 58 38 17 29 60 0 35 48 99 
12 46 99 93 34 85 88 34 99 46 63 43 88 49 78 52 19 28 99 63 22 99 99 99 99 36 99 79 99 99 99 15 99 99 69 18 4 97 99 72 39 28 38 12 38 32 24 32 0 34 79 
37 99 28 99 6 99 40 75 22 13 19 99 12 99 99 99 99 96 63 91 60 99 70 97 72 99 88 93 99 76 15 4 58 88 88 93 39 48 85 27 5 10 18 24 10 41 22 1 22 0 99 
99 99 99 99 31 37 99 99 75 99 99 99 99 99 94 60 99 3 57 13 84 99 18 90 42 99 36 57 18 85 39 1 99 94 90 13 99 99 99 4 99 12 27 99 40 82 55 79 25 99 0 
