n: 50
m: 4
Pi:U[1-99] 24 92 97 10 48 51 75 47 13 45 48 40 11 94 62 87 87 51 49 32 16 35 88 57 97 35 62 6 50 91 77 18 6 92 64 79 27 52 3 1 2 41 90 95 63 62 18 59 45 68 
Si:U[1-49]
0 16 49 10 24 9 39 42 49 13 42 21 6 27 39 32 32 36 12 2 6 18 21 13 6 44 21 38 42 41 5 18 35 31 12 48 3 26 31 5 41 44 13 36 41 41 15 5 25 1 9 
39 0 44 31 41 41 18 47 20 35 26 34 13 27 13 4 8 20 4 33 2 44 23 26 15 45 38 49 8 16 2 43 23 41 37 14 14 36 48 1 11 4 13 7 17 48 30 48 19 49 3 
13 28 0 22 23 12 23 11 48 29 39 42 13 38 11 40 41 13 17 32 33 27 22 24 22 5 21 7 12 12 44 14 34 38 23 6 9 39 28 12 30 7 41 18 41 22 39 32 16 37 21 
7 11 34 0 43 11 6 1 39 24 27 27 8 7 46 1 29 2 37 36 13 44 43 23 36 39 1 39 24 47 7 32 4 21 3 43 14 25 43 14 31 38 42 2 5 14 11 37 29 11 19 
12 4 27 30 0 29 45 3 27 28 46 35 20 20 9 29 23 6 39 42 14 38 40 4 39 29 46 39 24 35 2 44 46 38 35 22 8 48 32 18 3 2 37 5 49 17 11 5 38 41 6 
10 33 9 8 13 0 42 25 1 9 32 14 22 4 37 17 47 44 11 30 42 46 15 38 40 3 4 27 16 46 19 15 38 17 8 18 22 31 6 36 40 40 24 34 42 45 42 4 1 38 24 
5 38 20 37 28 29 0 47 13 48 4 42 17 35 29 4 43 32 48 33 45 32 30 4 16 8 31 35 15 33 34 34 34 43 5 20 35 16 23 49 30 20 44 41 20 48 25 13 32 23 40 
27 45 11 10 26 38 22 0 11 6 18 40 35 20 22 40 10 30 23 29 41 4 32 26 10 32 5 14 17 17 37 41 24 44 12 1 32 18 4 6 43 20 9 33 2 29 43 48 43 11 13 
1 4 29 46 17 13 37 35 0 17 48 40 21 3 12 37 12 32 17 7 36 29 20 19 45 39 33 38 49 36 43 2 36 44 20 43 13 40 30 8 46 27 36 38 24 36 44 1 17 43 27 
46 39 18 7 35 25 17 19 16 0 27 27 49 39 8 37 46 49 7 39 41 9 19 5 9 43 18 3 16 4 7 27 45 12 9 3 38 41 41 25 41 17 28 42 30 47 2 25 13 42 25 
46 19 27 18 17 49 7 11 37 42 0 27 39 25 7 15 47 2 38 45 18 16 4 25 46 8 24 32 26 22 38 39 43 8 44 24 10 34 41 7 1 39 25 2 11 6 45 2 41 41 21 
38 6 18 24 47 16 47 40 45 10 32 0 21 1 49 18 28 49 21 10 47 4 30 36 34 7 44 18 44 9 3 26 44 18 4 28 33 3 44 34 4 17 45 23 42 6 18 37 4 41 32 
24 34 49 47 15 37 38 31 7 47 28 32 0 24 12 30 40 5 26 20 20 40 49 12 33 9 20 32 43 46 23 12 12 12 36 29 22 17 8 28 43 17 48 12 25 6 48 48 11 27 14 
21 2 38 8 39 28 3 42 10 41 45 9 42 0 25 26 11 41 42 38 16 44 37 23 35 4 20 25 1 28 29 11 1 22 44 4 19 49 23 36 21 32 31 45 30 15 18 48 18 2 32 
35 33 18 49 24 1 39 34 27 18 25 39 30 31 0 6 25 30 4 11 14 6 11 4 32 49 13 32 31 16 17 46 15 42 9 45 27 21 39 33 13 42 17 10 40 35 32 29 15 40 8 
6 21 14 27 21 48 15 28 30 43 28 11 9 35 40 0 20 21 2 23 20 44 47 47 36 9 34 17 32 44 10 13 29 47 16 4 3 23 45 38 24 24 20 33 14 15 31 39 44 14 12 
6 16 26 14 2 47 40 21 6 23 2 48 41 31 33 14 0 16 27 39 6 19 39 12 36 25 40 16 3 6 45 49 40 20 30 31 39 10 36 12 35 8 28 17 7 15 47 32 41 35 25 
16 35 11 9 40 42 12 48 45 3 21 45 43 27 47 17 8 0 14 37 37 4 6 13 5 20 12 31 13 1 32 34 46 12 19 14 42 21 14 42 1 2 7 35 16 48 11 48 46 16 48 
1 48 15 32 12 5 46 1 9 46 19 40 29 36 36 25 41 47 0 4 34 29 35 41 7 20 5 22 21 34 2 17 8 26 46 2 5 47 23 23 36 35 17 39 20 14 34 46 37 45 16 
36 28 20 24 9 6 37 41 25 9 28 41 41 47 5 32 34 40 17 0 6 28 17 23 41 23 46 34 29 41 33 29 21 39 19 6 18 25 20 3 16 5 17 29 2 25 17 42 28 12 31 
23 15 42 31 18 44 31 37 31 21 39 28 31 34 36 3 40 17 25 8 0 6 46 7 31 20 17 28 37 18 9 13 9 47 20 39 26 5 20 2 36 46 47 40 18 40 34 44 15 26 28 
47 15 16 16 35 19 27 28 12 43 36 35 40 9 24 5 28 17 37 46 36 0 1 36 10 30 34 25 4 41 36 23 38 34 17 37 8 19 37 37 39 5 39 17 7 33 29 18 19 47 20 
23 42 47 36 24 18 47 17 45 36 8 28 14 43 45 12 39 29 24 14 19 38 0 3 40 33 49 30 30 23 49 29 6 27 19 11 2 7 10 12 22 10 7 35 43 31 2 27 25 38 29 
41 40 36 16 33 43 15 15 19 41 36 38 2 40 48 5 17 49 22 48 28 28 18 0 6 1 12 7 32 6 30 23 48 45 2 5 37 49 25 40 14 2 48 48 37 6 31 3 14 7 15 
25 8 37 32 18 3 39 16 48 9 23 7 34 18 22 9 4 32 36 21 12 14 47 17 0 18 5 19 22 45 22 16 7 49 47 17 17 27 40 19 11 23 12 1 39 28 21 21 9 17 35 
34 42 25 26 29 33 35 33 18 11 45 41 36 41 18 26 29 45 14 35 22 44 32 21 44 0 19 49 17 7 31 37 44 47 13 3 15 34 46 3 35 9 37 19 12 41 13 6 7 3 28 
43 16 38 4 36 18 32 31 4 14 21 2 25 39 18 36 45 14 27 45 1 47 11 31 43 33 0 21 18 42 2 7 26 43 44 47 30 48 10 10 7 9 13 24 41 21 24 45 44 6 49 
20 4 29 25 32 37 42 14 41 30 29 11 46 15 7 17 25 35 30 45 9 41 39 48 5 18 14 0 46 30 5 10 16 28 33 1 6 35 29 44 32 22 1 30 42 16 6 29 24 2 17 
40 16 21 26 42 35 34 19 44 10 36 2 1 10 5 9 33 9 47 17 3 38 43 19 33 22 42 8 0 28 27 27 2 23 11 29 23 44 38 48 20 45 4 27 6 10 8 20 11 24 43 
47 47 38 41 16 27 9 30 33 11 26 15 1 37 45 21 25 43 22 38 14 40 42 41 31 41 31 28 36 0 30 8 37 14 3 29 41 27 7 41 8 16 46 48 31 40 6 6 28 24 41 
16 21 16 3 27 16 37 19 26 2 20 31 41 29 48 14 29 17 39 30 36 10 49 34 48 23 43 49 37 23 0 44 23 22 47 30 5 34 40 35 44 42 42 18 2 49 1 5 16 30 35 
41 25 21 33 48 49 4 27 12 35 29 6 21 29 36 29 3 38 22 38 5 41 33 7 14 11 43 10 32 36 7 0 39 7 36 41 48 30 23 9 20 28 19 19 25 24 18 4 46 20 45 
8 1 33 27 10 39 44 42 9 25 47 10 36 17 14 17 27 29 30 48 1 20 27 36 3 20 7 43 8 2 21 33 0 11 29 14 1 38 6 49 27 22 24 1 46 29 21 39 30 19 35 
10 48 20 2 7 1 19 5 31 9 43 48 43 25 11 39 6 49 24 19 36 37 42 5 7 24 15 37 34 16 17 26 22 0 3 13 6 31 7 12 32 3 22 41 23 7 21 35 27 10 35 
26 2 47 37 20 44 42 30 24 10 32 46 30 29 24 15 15 20 39 1 27 41 29 39 13 44 39 28 43 28 48 28 10 21 0 29 2 7 3 8 32 34 22 1 7 33 15 24 46 4 33 
30 28 22 34 3 8 24 12 35 44 23 43 38 28 10 39 43 23 47 30 40 22 8 33 21 14 30 12 27 30 47 44 5 38 24 0 15 35 35 5 48 38 32 46 4 23 27 6 14 22 41 
20 27 17 38 27 3 29 29 11 17 47 44 27 30 49 24 1 18 7 41 23 16 7 29 45 9 48 22 22 49 32 2 42 5 39 29 0 39 7 26 1 1 28 7 39 39 37 8 24 11 30 
26 10 30 10 28 13 29 42 13 20 41 10 13 16 38 47 45 9 48 21 1 7 37 15 9 4 36 33 27 8 36 16 44 30 29 27 34 0 28 11 32 10 5 25 35 15 3 22 20 47 9 
43 16 35 22 35 7 5 20 38 13 31 10 9 41 26 4 45 7 35 29 27 12 28 5 41 19 18 23 34 15 44 8 47 12 2 8 1 1 0 11 44 40 12 10 44 4 30 6 40 38 48 
16 45 3 1 4 43 5 25 12 27 7 46 43 6 48 20 20 29 38 45 35 13 36 43 18 18 20 2 24 7 27 23 39 4 32 30 1 28 3 0 46 25 7 19 4 29 36 20 49 3 33 
15 32 17 47 41 15 42 42 38 11 17 35 48 40 10 7 4 9 48 3 12 32 44 25 37 37 24 48 14 43 5 12 47 7 45 16 31 44 40 7 0 18 47 25 4 42 4 49 15 47 40 
36 37 12 20 46 10 48 32 30 10 29 44 24 11 30 12 48 40 41 48 8 21 1 39 18 15 6 35 30 41 1 42 48 49 31 19 28 18 14 9 36 0 28 3 42 19 30 23 39 16 26 
10 14 43 12 15 44 30 28 1 17 3 36 40 14 21 42 13 17 32 35 32 49 25 1 29 14 21 6 37 34 21 30 10 47 39 11 5 29 1 34 1 22 0 49 23 45 19 42 6 25 41 
20 49 37 25 11 7 14 22 6 21 20 34 10 12 32 10 23 31 39 28 14 10 16 31 33 1 36 33 25 6 38 41 5 5 1 18 2 15 13 34 16 6 35 0 3 28 14 2 24 4 32 
14 45 31 27 48 10 43 28 48 11 19 45 35 37 44 44 24 11 26 17 13 34 22 34 42 38 20 23 6 2 31 41 3 47 6 12 22 47 35 27 11 15 25 5 0 21 24 22 37 4 34 
19 5 23 45 23 20 48 15 36 36 12 18 30 14 34 19 25 29 46 25 32 39 44 16 20 48 12 29 3 4 24 25 7 8 18 34 21 19 34 21 14 45 21 37 12 0 45 20 44 30 21 
46 12 30 20 25 9 38 49 3 47 21 29 11 24 26 34 15 40 19 17 15 6 10 27 11 47 29 3 46 32 40 26 11 33 34 7 24 20 19 33 1 11 46 33 22 23 0 48 34 15 43 
47 34 14 2 22 39 7 2 46 36 6 15 9 6 37 8 47 14 27 3 34 1 7 25 42 36 28 38 20 29 43 9 20 11 9 2 6 33 17 9 27 6 1 19 33 29 20 0 13 4 38 
16 4 8 20 8 41 15 12 10 47 13 12 3 37 44 28 41 49 31 10 46 14 40 16 16 7 17 40 42 40 1 1 39 28 39 30 29 22 4 9 7 10 12 33 10 41 7 49 0 12 1 
20 27 12 10 21 34 14 12 34 37 25 30 16 40 4 48 35 33 29 8 42 32 18 34 25 9 36 12 31 31 22 15 48 44 39 26 12 44 35 45 16 21 3 38 11 19 17 49 41 0 24 
41 32 9 19 16 26 40 8 4 49 18 28 18 39 16 46 12 41 4 24 3 22 49 26 6 21 4 18 26 9 5 30 41 41 36 11 48 11 48 48 2 29 21 32 34 9 24 37 3 18 0 
