n: 50
m: 10
Pi:U[1-99] 10 44 40 55 5 32 57 36 42 63 19 9 85 37 15 61 84 47 85 85 75 11 51 7 69 83 4 9 11 43 11 91 12 62 64 16 19 50 32 87 34 4 97 88 66 99 40 52 61 39 
Si:U[1-99]
0 44 92 76 27 89 70 93 14 34 37 73 38 43 71 32 4 90 72 82 53 34 47 6 2 66 51 74 59 46 66 50 18 3 64 96 20 51 11 88 58 81 90 70 80 84 81 21 16 76 67 
61 0 22 38 75 42 34 62 79 93 73 38 57 94 23 71 9 87 83 38 95 36 86 64 35 26 41 56 20 65 19 88 57 58 30 23 9 87 90 91 4 12 33 73 79 88 9 78 45 83 72 
37 17 0 49 81 86 39 24 14 22 88 10 53 80 68 57 2 21 35 95 20 86 75 42 74 85 61 56 4 86 58 66 1 57 84 37 96 58 33 10 6 58 62 95 58 90 33 39 29 91 22 
90 18 23 0 19 25 44 12 3 10 67 43 90 57 36 7 78 45 22 63 57 60 9 76 82 60 92 63 76 81 52 14 67 19 63 64 86 92 79 76 12 51 75 19 82 14 87 21 1 12 88 
16 7 47 20 0 89 90 94 7 82 72 36 4 77 48 87 10 99 44 17 94 30 19 97 17 17 82 63 68 69 91 49 17 38 65 36 9 28 9 56 15 47 17 60 7 99 1 85 68 23 16 
76 57 83 99 57 0 17 54 29 29 25 36 5 97 8 32 42 68 82 98 88 23 86 49 87 73 72 33 19 6 70 65 44 66 34 83 69 16 34 86 4 7 62 26 9 49 98 9 18 23 55 
59 79 1 86 23 69 0 51 17 72 43 88 55 20 87 48 50 80 81 94 80 5 98 71 64 29 67 57 32 71 37 71 14 85 96 56 10 52 97 13 73 28 62 75 26 98 10 75 96 50 89 
30 74 2 24 64 40 15 0 61 77 30 31 75 79 5 32 33 10 5 57 21 63 80 42 76 89 42 58 64 9 48 54 50 75 18 64 38 79 26 13 76 91 54 21 59 88 16 52 45 87 14 
74 91 55 18 67 84 39 69 0 54 79 46 18 95 83 81 67 6 67 10 27 16 6 58 90 48 54 59 64 70 35 54 2 76 83 24 7 35 90 45 47 37 20 63 3 43 92 12 65 39 17 
41 26 11 73 58 56 21 3 6 0 30 88 26 46 41 60 10 3 35 29 70 45 99 20 98 99 48 1 17 69 65 43 59 34 54 51 57 28 58 44 30 5 99 60 36 37 77 79 59 45 39 
75 10 51 17 56 73 86 68 23 39 0 68 7 47 54 95 62 43 67 20 25 90 70 20 21 53 5 2 72 23 31 65 84 68 74 43 93 82 41 77 28 18 61 13 41 96 43 40 83 14 16 
61 47 47 88 60 37 58 91 42 43 44 0 10 68 15 44 51 4 91 71 62 66 33 7 88 67 40 96 46 52 79 45 60 46 96 8 6 78 77 22 69 18 67 78 80 2 98 78 77 49 27 
12 49 9 76 56 46 98 4 59 62 56 99 0 90 72 97 3 15 23 27 25 58 19 10 6 92 12 61 26 9 84 37 39 91 28 77 42 48 85 46 66 48 92 97 79 42 99 85 97 35 51 
53 11 5 13 22 42 33 95 30 87 59 41 54 0 62 42 55 79 69 93 36 70 49 14 16 84 35 34 3 12 72 2 65 23 52 29 2 1 37 72 15 58 92 20 81 93 54 91 64 84 47 
20 14 46 46 98 60 8 66 42 74 84 24 72 47 0 90 85 39 74 4 95 21 12 49 3 57 80 32 98 64 22 30 37 35 22 95 13 85 67 28 46 97 59 68 74 19 97 73 5 41 72 
60 68 81 51 22 97 14 11 48 40 33 91 42 91 18 0 77 8 12 16 1 55 50 8 73 78 11 16 16 20 24 76 46 42 64 57 5 78 5 28 52 9 44 47 25 82 3 27 26 59 49 
39 27 47 71 26 7 5 96 3 41 46 38 98 79 37 38 0 8 86 61 53 23 92 98 54 26 34 16 4 15 97 51 76 18 25 3 4 31 9 81 22 68 45 9 74 66 19 23 51 79 60 
22 88 64 94 65 98 20 61 20 31 12 63 98 9 93 6 88 0 33 81 11 24 76 15 82 65 60 5 18 9 6 85 20 11 31 8 57 65 71 59 37 97 9 84 76 30 92 64 26 31 55 
37 15 21 73 24 68 74 37 17 8 47 32 43 56 75 42 51 56 0 78 39 92 93 30 95 20 88 27 93 86 8 18 24 59 90 85 42 99 56 26 86 58 38 31 80 18 44 44 73 7 24 
51 56 10 36 64 16 96 34 53 39 59 44 26 81 42 7 61 88 25 0 95 61 56 40 57 53 98 74 74 64 39 38 21 76 17 47 8 33 60 4 65 13 77 20 52 12 42 84 78 17 48 
66 71 1 5 91 95 23 95 71 86 10 14 61 16 83 85 60 5 22 85 0 16 81 31 89 81 95 18 70 8 47 24 9 77 88 43 77 82 39 82 28 30 79 25 6 62 67 5 1 12 76 
48 49 56 89 11 20 66 82 32 86 34 69 61 97 74 87 34 77 27 40 35 0 75 72 37 58 33 33 24 43 64 68 32 4 91 94 56 23 52 33 52 77 18 31 93 22 97 94 6 37 25 
93 53 24 83 5 44 87 41 67 33 5 13 5 29 74 85 11 82 63 40 54 11 0 99 69 9 93 44 55 55 75 16 88 79 4 81 52 65 1 95 12 94 65 24 14 9 81 35 69 87 48 
13 43 13 31 33 52 39 40 15 53 66 27 45 18 37 79 95 63 47 44 8 75 45 0 24 59 63 94 35 61 82 28 27 98 87 4 52 88 3 37 10 73 84 14 78 16 1 12 77 94 65 
99 96 47 57 26 88 2 61 8 63 18 62 13 4 93 17 40 60 90 27 53 74 54 2 0 60 14 53 4 17 86 3 2 15 60 56 29 95 47 77 23 77 55 50 91 58 46 61 56 94 41 
26 79 34 27 52 49 9 70 53 16 53 49 22 11 98 14 43 55 22 75 81 37 98 63 39 0 43 14 16 90 88 62 53 12 63 36 65 65 55 78 85 77 49 26 25 35 85 6 39 7 34 
29 7 2 14 40 90 34 13 50 24 25 27 21 20 66 11 43 11 25 70 18 50 51 82 98 82 0 78 17 29 59 5 49 15 65 9 69 99 20 48 56 29 45 14 74 50 7 5 96 60 3 
6 23 66 25 70 2 18 73 51 96 53 53 64 91 42 80 94 41 23 1 84 80 50 9 84 79 58 0 10 99 28 23 89 79 41 91 94 33 71 43 1 89 4 86 37 49 96 3 60 70 27 
58 5 11 59 11 28 23 54 90 39 92 6 90 34 94 33 15 70 80 65 84 55 66 59 76 69 57 7 0 99 36 91 31 37 41 44 11 10 97 64 98 78 75 76 63 87 84 9 63 26 13 
79 68 38 86 62 41 70 54 78 25 65 46 28 71 64 51 47 95 84 54 89 49 30 84 12 97 44 74 87 0 99 59 30 85 28 92 14 25 83 46 99 92 81 42 33 60 80 61 95 98 25 
45 83 95 80 28 27 94 79 29 65 36 79 29 96 28 34 51 70 51 15 55 13 9 7 62 1 20 56 91 78 0 60 48 80 75 93 2 26 76 69 37 59 50 52 38 17 91 6 42 77 44 
60 66 45 58 34 38 45 57 34 94 74 11 89 14 58 68 3 57 26 80 41 33 61 91 76 67 90 26 98 67 76 0 11 24 78 47 46 16 44 70 70 66 29 60 40 85 82 29 69 66 72 
20 24 76 86 86 53 82 33 38 77 61 15 9 49 3 3 75 8 95 36 14 17 93 24 15 99 88 12 99 77 28 89 0 47 88 66 11 53 44 4 28 82 55 87 82 20 63 65 20 31 86 
99 65 69 34 37 84 12 42 67 94 98 93 20 93 1 94 4 67 50 85 72 5 41 55 82 4 65 26 21 93 33 14 48 0 38 51 68 63 9 65 64 82 62 10 50 83 24 34 53 80 51 
57 41 29 79 85 81 34 16 78 65 48 56 78 16 53 41 78 2 85 19 21 84 39 52 13 56 43 35 16 92 36 88 68 82 0 78 56 24 94 96 31 6 56 98 92 35 16 11 30 48 26 
91 35 61 12 73 79 37 75 8 82 6 38 89 94 73 86 82 39 61 63 76 80 49 90 23 87 79 71 50 52 49 76 74 61 85 0 16 70 1 74 7 37 26 43 67 68 53 6 1 68 79 
95 78 10 95 13 56 72 23 52 17 43 86 27 45 86 44 63 14 2 84 37 94 41 17 89 9 78 46 99 22 86 32 27 43 71 80 0 62 81 93 23 55 78 23 59 20 17 94 17 72 53 
96 16 89 13 6 62 51 22 8 34 41 72 43 57 52 10 14 58 68 17 99 72 23 91 57 1 69 23 76 5 87 92 17 35 11 10 38 0 73 3 47 50 55 5 19 78 97 1 45 1 49 
13 70 81 27 79 20 91 50 97 42 57 70 27 23 11 63 33 56 20 8 47 34 79 2 70 23 21 61 26 74 2 13 46 61 45 88 50 14 0 61 84 17 51 52 28 17 67 15 40 40 65 
88 56 59 58 5 20 22 19 35 94 36 32 26 23 27 45 48 37 94 80 98 75 60 67 30 58 24 47 15 78 18 40 46 73 22 47 61 18 62 0 60 32 20 51 87 78 23 94 77 47 41 
72 49 60 21 32 8 35 47 21 71 66 48 13 65 91 53 87 68 19 39 31 47 31 36 32 79 61 97 60 44 54 48 8 18 74 18 81 46 36 30 0 14 32 47 39 63 84 43 74 28 80 
36 77 63 94 61 77 28 18 35 52 24 60 72 85 35 84 75 50 39 96 4 35 38 88 89 90 74 17 98 39 61 70 71 43 94 31 67 37 43 20 36 0 77 84 3 66 47 11 49 18 59 
50 54 2 30 95 37 21 65 5 79 43 99 63 59 71 38 40 87 93 48 6 74 19 30 34 62 99 90 91 25 24 38 15 79 76 66 23 30 51 15 65 78 0 7 68 96 41 33 99 39 31 
61 20 98 68 11 91 10 82 5 8 51 37 61 69 96 12 92 89 43 4 77 25 30 23 12 45 58 21 90 46 33 24 32 82 89 62 72 34 35 96 6 84 45 0 82 68 62 28 93 90 3 
41 36 73 55 59 50 31 97 11 48 2 82 38 40 55 41 39 84 40 29 69 83 91 37 74 97 59 74 99 20 53 28 59 22 12 41 30 12 81 26 87 70 85 80 0 27 5 80 61 66 76 
15 20 45 13 14 58 12 64 46 88 16 57 63 92 21 2 49 32 47 32 41 17 31 26 42 67 99 22 38 77 34 83 71 31 61 18 51 60 23 73 95 89 37 10 81 0 94 77 49 47 65 
72 28 10 67 98 58 61 53 66 48 87 84 61 50 30 78 50 12 76 53 98 10 96 97 86 10 61 89 29 93 81 8 85 73 66 7 50 65 40 86 93 20 49 74 21 14 0 38 62 31 72 
59 21 59 31 83 87 11 76 26 33 70 31 93 48 12 16 51 83 39 75 18 21 72 78 54 78 26 70 69 32 42 96 34 87 8 17 42 23 35 85 72 86 10 18 34 11 86 0 98 73 96 
35 69 82 73 29 47 77 63 55 88 21 35 37 85 68 14 29 18 88 27 40 88 32 39 35 16 72 87 91 18 8 28 50 8 85 72 22 83 37 40 98 4 45 85 92 27 85 92 0 5 67 
26 86 71 44 30 48 91 96 19 8 48 17 68 25 46 77 13 69 65 92 86 59 19 20 46 62 30 64 35 85 51 59 99 96 49 65 47 73 28 79 31 85 56 57 61 6 32 56 77 0 86 
54 14 12 19 90 75 2 39 22 14 99 2 15 3 99 25 12 85 44 76 12 59 90 51 7 93 91 34 59 9 74 53 90 55 19 99 7 11 9 10 90 60 39 32 53 17 83 74 81 73 0 
