n: 50
m: 4
Pi:U[1-99] 87 12 50 8 14 34 83 5 69 29 54 97 56 28 47 52 22 34 12 99 66 18 5 56 61 14 95 88 45 37 50 4 78 75 59 63 19 35 16 34 4 2 28 72 80 47 45 29 70 32 
Si:U[1-124]
0 7 34 37 31 11 21 36 47 37 124 99 30 39 111 124 85 18 105 73 124 52 27 24 124 24 30 124 109 36 100 72 124 13 16 49 124 84 54 81 37 58 124 63 36 94 111 114 6 4 124 
48 0 20 80 55 50 19 60 41 69 7 124 124 49 64 124 124 10 31 124 18 124 39 6 124 124 27 124 121 37 63 124 31 3 99 31 19 24 13 40 114 31 4 73 85 124 124 124 124 109 124 
15 4 0 56 19 26 9 19 52 16 22 63 123 28 51 70 21 124 67 124 61 72 115 124 78 124 102 6 60 94 67 124 96 112 124 61 60 115 124 6 36 102 124 109 124 24 124 91 106 124 124 
49 67 21 0 10 19 56 46 19 56 124 124 93 124 60 58 33 27 82 3 106 124 124 79 111 103 46 124 103 13 123 60 124 54 34 79 99 12 124 123 124 72 124 118 109 18 124 124 99 124 54 
18 40 22 8 0 67 31 60 54 6 18 124 66 19 55 31 124 25 93 124 124 21 31 124 124 124 78 24 81 57 60 4 124 96 4 63 37 7 25 7 94 97 91 18 118 40 124 106 78 102 124 
36 14 74 33 38 0 70 4 72 26 96 48 124 103 19 124 124 69 75 103 96 42 82 33 124 85 88 124 18 124 27 97 124 124 124 70 79 40 91 124 60 99 39 124 124 81 40 61 9 124 124 
47 73 78 4 14 35 0 45 52 82 87 30 60 124 124 124 54 63 61 124 117 45 73 124 124 15 10 54 124 40 73 124 88 24 124 4 79 84 124 124 124 48 124 66 12 75 124 124 85 124 96 
71 42 63 74 6 56 1 0 2 24 87 13 124 99 28 49 39 124 124 100 73 13 99 124 85 78 124 124 117 124 124 124 76 36 36 124 91 79 79 124 124 124 4 25 57 124 124 78 124 42 103 
45 22 11 26 74 3 35 70 0 67 73 55 40 118 124 124 124 1 54 40 69 67 52 40 124 121 117 124 34 118 124 6 124 124 124 124 124 124 96 124 13 124 124 102 24 124 33 6 27 124 91 
56 65 6 3 13 21 4 62 7 0 94 48 18 31 75 1 108 99 111 46 84 42 28 124 28 108 57 55 124 12 99 40 124 91 124 124 36 124 124 73 124 105 52 85 124 124 42 124 10 54 124 
124 124 124 18 115 15 63 124 105 124 0 52 76 60 31 63 62 67 37 54 60 1 70 105 1 109 33 52 37 124 49 40 70 30 24 102 24 124 124 114 31 63 87 42 124 81 61 124 90 124 69 
75 85 63 124 124 61 124 27 105 124 39 0 44 40 4 80 17 23 77 12 52 124 102 124 121 112 16 124 124 124 124 124 34 79 124 3 43 112 124 3 96 36 114 124 21 103 21 124 124 124 87 
81 73 82 18 100 4 124 19 42 124 78 76 0 46 54 28 71 33 20 30 124 124 90 36 6 124 51 124 91 118 124 94 48 111 61 124 58 82 124 88 124 39 99 124 58 4 97 43 124 55 124 
54 124 79 42 22 90 124 124 124 93 73 2 45 0 9 73 38 50 28 4 87 106 25 124 4 79 106 40 99 109 88 13 103 42 124 12 25 88 42 102 4 124 36 7 124 124 81 102 78 1 96 
124 22 60 73 117 90 124 124 13 33 82 63 66 18 0 62 47 80 12 56 124 124 18 124 85 124 118 124 124 124 105 124 124 54 12 124 124 124 124 124 124 109 124 81 117 124 42 99 49 91 40 
124 114 124 124 72 124 100 124 124 9 46 68 52 76 70 0 80 63 29 7 124 16 124 93 64 109 46 40 76 48 124 88 70 37 106 19 123 112 49 124 66 43 99 121 124 124 94 124 84 124 124 
124 36 100 124 96 124 48 124 117 124 40 12 70 36 46 64 0 31 82 63 90 124 54 63 58 64 124 124 40 124 67 124 24 123 96 124 82 88 93 124 105 30 124 33 124 124 114 9 85 102 16 
124 124 124 96 91 28 112 1 124 22 20 50 14 30 0 36 25 0 40 52 124 124 75 55 124 124 124 124 42 40 42 45 60 49 124 36 55 33 111 73 48 34 106 63 111 124 75 25 31 24 124 
124 72 96 84 124 124 39 46 105 45 40 6 68 37 12 5 60 1 0 0 54 51 15 124 93 66 70 124 93 124 12 46 124 22 55 124 124 76 118 81 124 124 124 111 124 124 124 124 124 4 124 
123 124 124 87 124 39 27 10 124 124 38 27 52 64 45 46 60 75 44 0 124 124 109 40 88 88 105 124 124 7 124 124 103 124 124 124 70 85 1 66 79 105 100 124 91 51 124 13 64 55 124 
124 40 61 36 16 76 124 82 34 72 121 124 124 124 30 49 124 34 27 124 0 21 2 42 18 78 70 0 64 53 124 124 124 111 96 124 124 1 61 124 57 46 124 124 9 16 40 54 124 48 81 
61 43 124 46 124 60 76 27 109 94 99 120 124 19 75 108 124 48 25 124 68 0 41 60 30 28 56 64 58 72 82 103 100 112 75 25 58 55 88 34 124 124 124 124 63 45 124 124 124 93 43 
6 99 18 84 124 120 40 124 7 57 1 16 90 123 124 1 124 124 19 124 21 72 0 15 11 70 80 68 20 46 124 124 105 25 76 124 112 124 6 45 124 1 7 124 102 40 124 121 21 42 124 
60 111 22 124 70 97 96 112 9 97 124 30 3 124 124 1 43 94 54 124 57 20 76 0 58 76 59 12 10 31 124 124 105 124 93 72 124 100 9 105 90 76 124 124 76 109 60 100 124 16 39 
21 78 27 124 10 124 123 108 12 124 103 121 88 88 111 3 124 73 13 124 70 36 32 50 0 16 66 70 74 44 7 63 49 1 124 33 124 58 124 25 124 88 9 46 102 16 102 124 28 124 124 
112 120 46 64 124 106 124 124 108 99 79 58 10 115 100 73 31 124 124 85 70 39 46 20 31 0 70 75 52 68 66 124 103 70 7 103 24 123 124 124 37 124 124 124 124 124 63 85 99 27 40 
117 124 124 124 16 34 79 10 124 105 12 105 124 124 30 124 60 124 109 120 17 18 80 80 75 43 0 12 60 49 13 124 27 70 105 90 63 87 93 99 91 70 124 78 24 7 124 124 18 61 96 
54 42 102 51 55 6 87 108 124 124 124 85 37 52 90 88 66 72 124 120 12 76 58 16 44 75 40 0 79 40 108 124 124 124 67 1 124 124 45 51 124 51 40 37 34 34 112 105 45 99 99 
103 124 73 124 88 91 124 87 96 61 124 16 85 124 124 12 124 96 61 103 9 19 45 1 8 79 16 12 0 56 91 16 93 111 72 10 124 106 124 124 93 18 105 9 73 124 40 54 7 94 124 
61 124 108 124 79 75 31 124 30 124 124 108 94 96 124 36 88 90 40 100 32 40 3 5 34 8 63 24 0 0 112 87 27 124 28 96 124 7 9 103 124 102 24 85 79 124 105 60 12 6 67 
94 79 93 40 115 124 24 121 12 124 100 13 124 124 64 61 22 96 124 124 124 124 124 124 13 124 124 37 36 33 0 24 26 38 52 18 68 74 55 31 123 94 7 57 10 124 57 12 124 84 124 
10 75 48 121 93 124 37 102 93 91 114 18 108 36 87 84 124 43 124 81 73 124 124 16 124 18 39 124 49 27 16 0 45 1 32 33 27 49 24 26 124 124 117 37 18 40 124 124 19 99 124 
124 124 60 51 48 12 91 117 42 43 99 61 39 124 124 34 81 87 78 124 55 76 1 36 124 124 124 124 19 69 56 53 0 24 76 56 67 2 10 60 66 93 99 124 124 42 30 36 15 124 18 
121 3 42 78 124 99 124 124 88 91 112 25 51 111 28 75 1 124 124 124 21 124 22 61 124 15 63 124 34 124 18 77 70 0 38 66 1 4 53 25 124 82 118 124 115 124 66 124 124 7 9 
124 76 123 124 124 51 63 18 124 124 124 124 124 124 73 63 124 90 111 124 73 117 39 124 112 76 117 124 103 46 6 36 77 58 0 82 46 37 75 60 48 40 124 52 54 27 124 58 124 3 124 
36 124 43 1 124 124 121 124 66 48 30 42 124 124 124 91 49 99 114 124 25 124 124 111 124 124 4 100 124 124 43 56 1 23 44 0 3 39 22 57 51 15 75 115 12 114 60 76 39 30 123 
28 105 76 58 124 124 15 37 63 21 124 124 87 124 124 61 88 85 124 28 7 18 33 69 124 79 34 87 4 33 44 20 12 77 28 27 0 35 38 34 97 124 52 73 124 117 63 3 124 63 61 
124 124 78 124 124 93 90 124 124 124 112 75 45 112 124 52 73 64 124 124 67 118 75 124 124 124 124 124 124 69 45 81 4 20 2 40 55 0 58 73 33 124 85 124 24 7 42 121 13 124 85 
124 69 36 124 87 40 124 48 124 99 87 124 58 124 106 124 118 124 87 63 9 91 25 124 43 84 66 124 124 124 56 42 65 7 80 37 72 8 0 24 124 124 97 124 55 82 18 124 3 79 36 
40 124 112 3 19 124 67 124 79 34 124 124 94 4 34 124 73 79 63 88 112 66 124 124 22 28 46 76 49 51 45 70 12 2 0 50 68 76 42 0 124 124 124 15 22 16 124 124 124 124 124 
7 15 36 124 3 124 123 88 124 46 97 117 16 108 24 121 124 30 27 108 49 124 33 90 109 124 102 124 97 22 33 121 120 9 118 118 124 22 9 124 0 39 0 10 12 50 2 50 14 40 13 
103 97 124 64 63 115 124 54 124 33 69 100 39 69 84 124 7 124 9 82 109 46 55 7 40 114 94 121 75 124 124 58 124 106 33 100 10 124 10 124 10 0 32 17 14 14 68 56 7 72 124 
124 124 75 124 75 25 96 84 16 124 109 124 124 3 49 55 91 27 124 90 124 124 124 124 124 124 93 106 112 124 16 124 112 124 72 124 124 22 124 124 34 38 0 50 38 54 42 62 76 64 46 
123 120 109 112 124 36 51 16 60 124 102 27 124 73 64 82 118 124 61 124 124 124 112 124 124 69 60 91 61 10 36 124 124 124 27 60 76 24 124 124 81 35 14 0 14 68 39 40 77 82 124 
124 105 124 123 99 40 45 70 124 124 124 7 57 120 124 54 54 36 124 90 114 124 124 78 124 51 124 22 99 124 58 40 124 106 96 55 124 97 124 124 51 47 43 1 0 28 76 25 68 36 121 
120 33 124 124 124 25 124 6 124 105 102 39 67 117 27 48 118 64 7 124 124 19 124 117 39 121 100 124 36 87 40 81 19 64 27 99 94 124 124 124 33 57 44 60 77 0 79 68 16 30 100 
88 124 124 64 124 117 27 97 124 40 124 124 124 48 111 124 52 85 70 124 124 61 75 75 124 124 124 112 82 49 97 94 55 96 124 124 124 90 124 124 82 24 70 53 2 58 0 58 2 23 27 
60 124 21 124 48 124 57 124 81 43 118 124 124 70 3 124 10 120 124 10 3 109 67 124 124 12 124 124 12 21 21 124 49 12 31 121 124 9 96 124 1 21 67 44 75 80 41 0 5 74 124 
124 124 3 124 52 57 124 124 82 111 25 36 99 124 37 18 114 48 124 96 124 69 124 124 124 124 111 15 124 46 102 124 124 91 106 124 111 85 112 105 0 20 35 65 32 79 2 45 0 66 70 
124 39 99 61 124 124 78 100 94 124 28 124 109 124 22 54 124 72 55 64 114 33 46 10 39 124 99 124 115 124 105 12 43 124 54 7 66 124 99 61 65 8 78 24 70 12 3 42 46 0 21 
30 48 102 124 115 106 124 105 124 124 103 87 124 61 124 124 99 6 124 124 36 124 124 55 33 124 39 124 42 12 115 124 100 124 111 124 124 82 112 66 124 123 102 124 124 96 39 27 112 124 0 
