n: 50
m: 8
Pi:U[1-99] 54 60 73 96 70 57 82 75 32 16 65 32 27 29 97 54 64 10 57 91 92 11 14 61 93 9 92 46 99 10 53 17 10 43 77 26 5 38 82 64 45 41 55 2 89 53 67 32 36 31 
Si:U[1-99]
0 29 10 18 38 38 48 6 58 48 27 63 28 99 52 99 25 6 45 7 99 90 40 49 99 99 43 66 99 42 36 82 91 3 91 33 40 99 99 99 99 67 1 40 99 99 78 22 69 99 99 
21 0 10 16 11 44 64 44 3 61 49 27 99 99 99 33 99 99 21 3 31 99 22 9 31 99 87 99 79 60 25 55 99 99 27 99 55 97 99 40 99 78 78 36 55 97 99 99 99 82 22 
34 40 0 51 5 26 33 51 54 62 99 99 61 52 72 93 39 99 64 79 99 88 81 99 33 96 16 69 27 22 9 55 91 21 34 99 6 45 25 3 99 18 3 99 25 99 19 96 99 42 99 
66 32 53 0 0 31 62 54 38 35 99 99 24 57 42 99 91 12 94 99 76 58 48 99 4 99 58 25 67 1 85 64 99 67 27 37 28 37 39 99 55 64 99 3 99 21 61 99 16 99 99 
7 8 20 19 0 36 29 45 15 3 46 88 30 99 99 84 3 60 22 33 99 99 22 99 24 99 52 99 48 99 42 15 99 51 99 36 99 13 4 60 99 97 96 24 99 94 76 99 99 24 99 
64 16 42 39 34 0 24 8 63 45 99 48 88 66 90 99 67 99 99 78 72 45 6 97 81 37 12 55 82 24 1 99 48 54 99 99 19 99 63 99 75 99 15 99 99 75 19 45 61 60 99 
43 37 48 19 6 2 0 58 47 16 99 33 34 99 9 99 57 34 87 57 12 66 99 99 45 99 87 13 99 1 22 58 16 79 36 48 90 39 99 90 63 91 99 64 99 99 99 15 99 6 51 
2 64 4 53 24 30 40 0 64 18 79 99 99 24 72 99 99 99 99 10 25 99 99 9 22 18 55 99 24 60 12 12 31 66 9 94 75 99 55 99 13 99 96 39 78 13 76 25 3 9 99 
9 12 40 43 61 9 62 9 0 20 99 22 99 94 6 84 31 43 99 22 57 99 60 27 99 99 10 63 82 58 99 99 94 99 69 99 67 88 99 13 99 99 15 99 99 34 99 99 3 99 99 
56 56 37 31 28 32 36 27 50 0 54 99 31 73 30 99 70 99 99 99 99 69 99 96 45 54 99 27 76 99 58 84 43 99 33 16 99 67 30 57 99 37 34 99 85 18 49 69 31 58 36 
99 99 99 43 85 82 99 49 16 49 0 4 9 62 52 51 4 14 28 48 3 99 97 99 99 99 99 99 16 84 88 40 46 21 99 99 64 13 99 30 12 99 70 99 54 76 22 49 99 99 99 
99 1 84 99 99 25 55 84 69 73 40 0 46 6 46 20 59 31 6 38 99 72 99 99 57 13 99 49 99 31 90 90 55 99 99 99 99 87 99 99 99 72 88 78 99 75 99 99 27 99 76 
75 66 25 6 3 13 99 49 99 85 35 45 0 65 2 53 54 18 56 3 99 24 99 54 64 99 4 99 82 90 52 25 6 24 43 13 54 99 99 84 40 99 99 31 46 63 25 99 99 75 99 
99 99 99 43 76 39 9 94 19 75 40 15 62 0 55 40 60 66 49 66 82 16 99 10 99 99 39 99 99 54 73 88 99 72 12 73 61 51 81 85 99 48 97 99 75 46 36 69 7 51 66 
73 99 99 43 39 99 28 99 58 34 63 9 62 30 0 46 46 24 22 9 25 87 85 36 21 99 99 33 66 99 99 52 3 72 90 99 99 99 40 99 99 43 99 39 64 99 85 24 85 6 72 
99 99 99 99 21 66 99 76 99 63 8 24 24 8 7 0 50 29 64 42 82 87 99 46 99 12 46 99 99 37 99 13 99 66 93 99 84 81 52 43 30 99 49 6 94 99 99 46 52 24 9 
42 99 37 22 99 82 69 12 76 72 10 25 65 54 40 55 0 26 29 18 79 49 99 49 3 82 99 40 30 21 15 99 99 37 64 99 99 99 31 10 27 99 36 45 40 54 18 54 31 99 87 
66 1 99 6 54 27 69 99 76 99 38 26 20 36 61 42 2 0 36 1 33 99 42 79 22 88 99 99 4 27 99 52 61 60 43 7 99 99 63 99 52 99 13 99 99 99 99 9 90 15 99 
46 99 96 81 73 51 34 12 99 73 52 10 14 13 14 2 16 16 0 1 79 99 48 22 7 99 99 49 99 99 99 7 75 45 64 99 99 99 99 60 99 99 19 67 30 18 99 99 78 4 99 
67 69 27 40 99 37 85 49 64 78 65 17 45 29 43 57 54 18 44 0 28 58 25 99 99 99 99 39 69 99 67 69 28 45 99 82 54 10 99 40 10 99 76 99 79 39 13 1 99 73 94 
9 66 54 99 15 36 78 99 99 99 18 99 60 91 19 99 6 99 13 99 0 12 59 28 9 54 4 13 25 16 99 99 4 97 99 99 97 99 99 37 99 66 93 81 99 37 37 93 87 99 67 
57 99 99 99 75 24 99 99 16 18 7 99 99 99 51 46 34 93 99 64 26 0 40 61 34 55 32 10 21 13 46 51 27 43 84 31 45 61 99 73 79 10 28 9 12 99 30 43 15 94 99 
99 99 22 99 99 78 16 52 61 7 91 87 73 99 72 99 99 48 57 3 28 22 0 28 10 10 30 38 34 27 15 54 3 36 55 48 9 84 99 88 48 27 99 39 52 99 39 46 99 18 99 
99 39 27 99 99 18 61 70 99 54 96 46 46 99 75 31 1 66 99 16 33 42 24 0 65 54 20 58 16 22 6 99 33 21 57 22 37 99 42 51 25 63 6 57 99 88 61 24 19 99 99 
99 27 99 36 48 90 99 99 99 63 99 69 99 46 99 99 97 93 99 55 2 13 11 19 0 46 58 31 38 55 99 99 46 34 99 61 91 79 48 1 99 96 99 70 66 1 33 3 99 48 3 
9 36 99 99 51 99 93 79 99 54 21 99 22 36 99 99 99 94 99 10 25 64 50 18 21 0 24 0 56 65 99 43 84 64 81 19 64 99 88 99 48 37 25 99 60 91 99 39 99 54 99 
99 39 99 99 76 99 45 19 18 99 75 43 96 75 64 1 87 96 57 99 34 22 41 43 25 54 0 34 44 52 10 99 66 40 18 54 99 87 99 39 99 99 15 16 52 31 99 99 36 7 33 
1 99 94 46 99 99 99 72 52 69 99 99 99 85 76 99 25 79 99 16 5 46 6 28 46 31 4 0 4 19 45 93 70 88 97 88 99 99 25 99 79 66 97 99 54 99 6 99 99 87 99 
93 18 34 33 99 94 99 49 1 99 58 87 96 99 4 99 70 16 52 57 8 45 19 47 52 32 52 31 0 44 88 93 3 99 99 94 99 99 13 73 36 99 52 7 79 99 99 15 57 81 99 
99 99 79 64 99 82 99 99 91 43 21 99 18 99 15 9 18 99 49 99 35 20 47 57 52 1 15 64 3 0 6 40 63 24 99 99 15 60 99 85 48 31 49 99 24 34 94 84 99 64 6 
34 34 99 99 79 99 99 99 43 43 24 37 21 99 60 99 46 99 67 87 6 99 69 48 48 99 48 54 99 99 0 26 9 0 62 42 24 38 32 8 37 42 99 82 99 99 52 40 99 15 72 
99 99 99 99 99 93 99 93 10 99 12 3 79 97 99 58 99 99 99 16 10 22 4 97 99 34 79 51 99 99 34 0 32 55 66 54 29 29 30 8 66 99 99 99 99 99 39 99 99 37 54 
82 82 99 21 33 51 99 4 21 36 85 10 99 1 99 37 99 99 99 58 31 97 99 99 39 55 18 22 55 61 34 30 0 6 38 16 12 7 20 36 99 79 30 99 73 99 96 99 10 91 99 
76 99 60 99 48 67 25 42 58 57 99 52 55 39 15 91 52 99 63 72 16 91 99 99 24 99 99 94 6 16 55 32 64 0 55 60 26 33 35 16 19 7 16 67 99 99 54 33 72 99 16 
36 99 21 15 9 93 64 60 10 88 52 16 99 99 30 81 99 51 34 91 99 99 99 54 54 61 84 70 1 76 26 25 2 21 0 66 10 50 36 40 55 54 55 24 99 34 99 45 31 99 85 
64 73 99 99 99 97 70 81 99 30 64 34 66 97 61 31 27 99 96 99 99 4 97 99 30 45 31 13 37 9 2 29 2 47 50 0 17 26 55 16 99 97 99 1 99 99 99 81 67 43 21 
63 33 13 93 99 72 90 99 64 73 99 9 97 90 99 99 28 64 99 94 51 51 7 22 24 15 99 82 93 91 18 60 2 6 60 6 0 21 9 21 85 99 85 18 15 63 75 57 99 99 75 
51 54 52 1 99 99 91 76 6 37 10 21 3 99 99 75 61 84 99 63 46 99 99 90 99 28 73 21 85 52 44 11 42 56 14 58 0 0 44 17 58 18 99 99 45 28 18 99 99 99 51 
84 99 94 52 99 22 99 52 93 99 99 12 27 76 96 99 84 78 96 99 21 75 36 12 99 31 99 99 85 99 41 24 0 66 22 54 52 33 0 61 6 97 39 99 99 54 3 70 48 99 94 
99 27 69 63 94 85 82 15 15 28 99 34 79 63 99 61 58 84 18 81 10 45 99 73 3 99 99 19 99 76 22 40 53 27 43 13 38 25 20 0 82 99 69 99 81 1 99 58 99 99 55 
87 37 99 19 99 94 48 43 70 99 99 63 24 21 91 99 82 93 99 34 75 40 99 99 22 99 99 24 75 79 73 31 99 45 96 40 99 1 49 93 0 62 10 10 64 6 22 22 9 18 99 
99 91 93 21 87 22 76 99 4 99 99 93 99 90 72 99 3 27 91 30 99 1 7 7 96 36 99 99 94 99 99 55 99 24 99 99 43 87 75 99 35 0 11 14 26 66 0 61 50 38 99 
31 99 99 24 93 99 78 99 78 99 99 31 7 31 99 19 3 97 6 99 85 99 9 73 91 63 7 85 99 99 90 99 51 99 13 57 78 99 99 91 28 11 0 9 16 20 37 44 12 44 99 
99 12 99 70 39 99 99 52 94 99 30 37 16 78 28 99 3 99 72 67 15 99 94 30 81 30 78 99 16 99 99 19 72 30 64 52 99 42 99 99 44 27 32 0 22 40 34 8 41 59 3 
27 91 36 51 31 25 66 99 99 99 99 99 12 99 99 87 99 96 85 31 4 99 4 66 99 99 31 99 84 99 99 19 99 97 99 43 66 4 99 40 38 60 46 16 0 38 24 7 30 26 33 
99 99 67 99 99 84 85 30 75 9 52 34 58 99 30 4 99 46 99 34 79 60 36 99 16 99 99 57 99 18 99 78 81 46 42 99 46 79 99 16 8 53 34 1 10 0 9 32 21 34 99 
70 58 22 24 85 70 99 99 33 99 99 99 64 12 99 99 39 36 52 1 99 31 99 64 84 64 33 99 1 91 15 90 99 99 45 24 73 99 99 99 45 44 62 56 31 41 0 23 58 13 99 
99 9 99 43 70 79 99 18 99 64 76 52 99 1 99 66 99 57 99 27 54 99 72 99 43 99 99 99 99 19 72 99 42 27 99 85 96 76 91 64 12 46 14 45 9 46 59 0 61 7 99 
9 91 99 91 63 99 63 48 97 58 99 94 84 46 46 90 49 51 76 99 58 31 81 99 1 99 99 6 93 99 99 60 60 21 40 99 30 85 60 91 62 12 58 64 21 66 14 3 0 10 39 
12 87 99 13 99 99 82 79 99 94 99 99 19 99 99 66 28 40 81 46 25 99 37 99 51 22 24 21 39 4 99 99 99 99 99 99 99 87 99 49 12 36 57 15 6 53 20 47 40 0 55 
37 99 1 99 99 99 10 51 46 76 99 93 43 61 99 18 10 63 42 22 84 99 99 79 81 12 99 99 99 30 99 69 66 42 63 48 99 22 33 79 4 40 43 7 76 54 99 31 7 52 0 
