n: 50
m: 2
Pi:U[1-99] 47 61 25 45 80 65 55 47 65 74 35 41 66 25 42 96 39 95 78 46 64 37 42 78 57 57 38 79 6 4 6 92 43 29 52 7 39 39 90 2 39 86 88 10 56 50 67 94 8 90 
Si:U[1-99]
0 61 94 15 63 44 86 41 62 85 55 85 96 89 17 17 26 54 89 61 62 59 63 55 14 4 79 10 37 8 4 97 92 23 70 37 8 31 41 63 72 20 72 90 43 13 20 28 19 40 50 
15 0 18 77 75 88 18 3 69 72 16 92 46 11 15 89 11 38 10 79 82 31 46 99 25 29 45 38 70 78 35 14 89 64 92 72 35 82 66 12 49 76 48 14 1 15 42 7 43 31 48 
13 88 0 42 2 28 74 49 64 1 16 80 95 44 8 48 52 48 51 96 40 36 36 86 78 31 18 31 66 72 55 86 26 3 82 93 49 46 80 39 95 58 70 6 53 22 74 55 62 99 89 
17 53 58 0 4 92 11 38 13 67 9 84 80 55 32 60 58 6 58 6 30 69 59 82 96 10 59 61 49 28 56 45 26 38 23 80 87 34 26 14 31 3 36 89 31 51 80 14 39 99 62 
7 81 79 16 0 27 8 30 79 89 97 73 31 22 53 99 70 5 23 91 89 43 23 37 77 93 4 79 85 65 50 81 35 52 67 28 48 10 48 61 15 82 68 85 18 49 94 96 40 92 25 
70 21 3 23 83 0 43 84 19 6 86 70 18 9 73 77 5 22 65 84 95 76 15 86 92 15 35 22 66 60 88 58 17 58 15 60 36 34 94 28 35 5 8 23 11 90 61 63 78 81 23 
49 61 77 61 41 22 0 56 3 44 46 72 25 56 67 69 2 57 89 30 51 34 54 34 40 10 59 86 87 1 13 34 27 57 10 50 42 6 30 13 94 45 45 71 19 84 11 11 92 23 40 
90 96 18 87 65 70 28 0 3 90 37 66 50 54 67 28 7 76 17 42 21 75 93 67 65 16 63 2 57 89 62 22 87 35 71 70 40 86 90 49 97 58 9 24 83 97 11 45 60 97 23 
88 88 13 99 9 50 49 43 0 81 24 12 40 50 91 65 24 10 44 95 54 39 88 34 67 76 88 42 28 45 16 72 10 62 17 88 44 81 65 29 3 90 70 35 52 59 58 37 74 82 77 
70 36 84 49 32 19 80 34 27 0 75 23 22 65 55 53 49 50 80 28 67 45 80 57 81 38 27 42 73 76 12 95 58 32 97 63 14 29 9 48 44 70 65 53 1 84 41 98 31 36 89 
99 25 23 74 42 7 1 24 79 66 0 95 28 12 87 36 90 50 83 96 40 65 19 59 89 43 30 21 35 5 12 72 62 1 97 45 56 87 30 3 9 36 47 28 60 18 22 49 36 76 56 
45 31 24 3 55 76 33 5 32 72 91 0 49 6 87 57 79 87 29 59 32 76 55 13 60 57 39 39 97 45 13 8 69 68 4 77 98 45 38 81 9 69 1 64 22 59 65 15 78 98 53 
31 35 57 89 60 62 46 28 84 59 36 24 0 13 80 45 60 21 56 55 68 29 46 73 99 79 81 93 58 2 52 24 24 2 24 68 57 77 99 33 72 5 55 89 65 85 74 63 20 87 36 
64 82 95 23 27 98 45 51 61 52 38 38 97 0 15 75 87 6 69 2 47 86 9 38 50 18 43 86 58 54 17 43 8 51 6 98 16 21 5 31 70 90 76 89 10 57 71 50 28 90 69 
52 51 98 55 77 92 32 95 71 87 19 99 99 5 0 50 32 91 61 8 35 19 6 28 5 54 39 30 33 13 40 39 23 79 66 13 54 38 55 66 59 13 88 56 20 84 67 91 37 16 5 
56 95 59 93 6 28 62 51 16 23 7 30 50 72 46 0 9 31 36 27 13 89 45 70 24 18 12 20 3 93 76 45 92 22 25 67 78 7 47 20 21 5 94 14 8 15 26 8 63 75 64 
81 25 20 37 35 28 41 30 71 89 33 3 17 99 59 27 0 65 29 86 96 65 28 44 93 48 26 47 45 12 23 5 66 23 49 25 58 72 3 75 70 32 83 2 95 86 39 73 64 72 45 
86 45 74 77 89 54 51 52 57 17 38 29 48 69 95 14 75 0 37 97 37 6 3 28 80 82 32 34 59 87 16 12 81 63 34 14 99 23 52 58 94 54 29 40 27 90 49 34 39 37 83 
7 60 71 69 83 40 90 67 73 25 97 61 33 69 64 53 10 34 0 24 53 47 47 51 6 28 73 88 43 98 70 57 25 47 99 73 26 85 93 76 86 86 2 27 24 76 97 68 17 21 44 
79 99 19 12 55 75 99 26 86 7 28 25 98 12 64 21 41 68 55 0 85 36 99 61 74 43 50 42 13 61 8 47 30 7 99 50 40 95 94 21 8 89 79 25 84 43 25 64 57 3 99 
59 1 88 42 1 35 43 72 32 63 28 27 44 22 62 30 13 72 70 62 0 29 60 28 95 64 86 58 26 9 98 92 34 23 27 70 98 27 66 62 37 75 10 69 74 84 33 59 76 9 77 
24 88 20 15 45 27 28 53 47 48 66 1 61 18 7 48 32 52 21 44 41 0 4 13 37 12 9 39 45 92 22 91 97 19 84 55 45 43 58 57 82 16 61 45 97 59 59 78 79 12 99 
56 83 56 68 48 81 45 39 77 67 18 52 2 10 47 71 10 43 38 90 83 24 0 65 21 55 74 10 10 33 8 77 62 81 26 25 85 92 7 80 14 42 17 13 68 34 50 24 48 41 4 
49 18 35 7 98 92 10 63 35 34 95 17 96 41 60 76 82 26 65 84 97 99 75 0 37 36 39 71 92 64 93 81 93 1 40 36 42 93 7 1 38 82 97 37 97 82 12 21 39 78 12 
13 74 31 88 44 17 56 3 22 46 38 15 33 20 81 46 82 33 49 86 23 76 35 41 0 37 45 25 2 86 65 46 31 49 62 10 62 18 46 80 82 69 65 42 49 92 79 22 16 65 67 
32 88 38 66 74 23 9 91 10 34 99 86 93 25 41 51 49 24 48 55 29 65 13 33 99 0 33 65 25 55 69 42 99 44 86 75 80 13 23 38 49 86 76 72 2 75 7 50 83 29 40 
66 3 88 93 56 76 97 59 98 1 20 75 42 80 63 99 27 13 34 38 92 87 52 14 45 4 0 79 92 40 13 54 99 80 59 41 23 76 62 26 58 93 7 10 45 30 24 54 22 60 86 
12 25 65 74 61 62 67 12 79 96 3 83 16 73 81 81 8 39 56 10 99 91 45 50 86 67 26 0 29 83 7 53 66 42 76 2 12 55 31 54 59 96 61 79 16 43 25 66 63 14 36 
61 94 95 68 74 77 46 40 12 71 16 70 55 52 33 36 37 46 8 57 98 10 88 3 24 65 36 2 0 94 55 3 18 94 36 96 99 66 81 11 90 62 5 15 89 85 52 13 44 95 50 
39 55 93 76 19 3 93 13 42 46 89 3 57 59 82 64 18 62 24 74 37 99 69 91 85 58 81 2 71 0 34 48 26 4 43 34 14 69 64 25 38 73 55 71 83 67 18 64 15 31 69 
64 77 43 33 5 99 82 94 29 80 75 97 20 10 24 50 49 20 7 17 93 51 97 28 31 14 19 63 95 45 0 61 94 85 96 82 94 4 48 47 75 13 81 97 23 19 49 36 63 39 25 
47 80 61 46 50 98 77 54 80 33 94 56 56 36 20 53 52 95 27 62 41 98 24 80 97 64 24 61 98 78 59 0 89 35 71 92 60 32 76 40 35 88 2 91 75 45 47 8 89 31 50 
57 42 23 97 73 49 30 77 48 81 69 66 45 69 74 29 14 57 61 17 46 64 46 61 44 15 5 38 56 33 79 60 0 40 70 40 14 8 94 7 77 45 91 40 81 62 16 70 95 59 19 
20 99 42 11 91 50 24 56 68 60 35 25 51 64 6 2 14 33 21 41 43 24 90 32 77 53 7 20 67 32 77 81 2 0 82 69 98 52 20 86 11 18 56 51 52 72 1 91 43 10 22 
88 96 84 60 70 94 41 49 18 74 7 65 11 80 15 61 77 62 95 75 47 5 8 93 87 38 68 57 79 36 84 84 43 92 0 6 9 71 35 33 83 80 3 43 63 30 69 36 95 44 64 
8 91 67 40 64 64 98 56 79 61 9 34 48 19 10 57 84 22 87 79 69 55 5 49 33 63 48 89 70 1 36 16 50 79 71 0 20 30 31 3 15 42 39 57 51 75 74 36 36 21 78 
16 41 11 88 35 39 73 14 39 5 32 19 94 78 99 96 23 50 20 79 26 12 94 55 34 75 64 21 72 45 10 49 64 42 73 31 0 99 85 51 96 74 52 37 42 91 50 5 23 8 11 
70 67 96 45 2 73 19 41 28 47 73 54 20 85 10 25 16 83 42 67 75 44 9 6 20 60 60 22 14 8 83 20 98 98 10 37 26 0 22 70 87 75 46 33 94 26 60 18 92 13 68 
11 66 91 58 53 26 97 14 73 82 17 58 22 9 89 25 87 13 56 88 36 15 73 62 40 73 98 95 13 64 8 98 2 32 96 8 63 33 0 24 2 25 75 56 34 35 53 29 98 47 97 
19 46 61 62 80 87 55 84 32 66 97 78 26 2 54 17 9 14 12 56 53 51 28 52 86 3 88 87 60 91 14 25 21 34 57 61 18 47 11 0 13 23 80 66 20 38 82 61 84 58 50 
33 29 66 83 55 2 68 86 90 89 72 52 80 93 11 16 89 76 49 64 41 29 33 48 22 27 92 30 30 59 91 54 5 71 70 39 94 12 68 57 0 24 16 60 93 84 67 31 23 39 34 
71 65 79 25 6 74 59 15 15 54 25 74 93 94 52 96 27 80 48 54 41 79 51 23 37 25 58 59 62 90 43 70 91 63 51 26 46 55 36 2 89 0 73 86 71 1 17 88 7 35 13 
81 5 32 49 22 12 62 26 41 66 55 76 49 73 5 83 74 97 16 36 32 63 52 26 48 83 24 59 68 21 1 46 76 25 47 86 42 29 83 67 2 50 0 59 85 14 95 68 99 67 56 
29 10 19 50 72 27 50 16 15 76 84 54 28 41 48 24 33 21 3 10 65 61 30 49 77 59 74 59 32 73 26 7 70 74 2 53 34 7 21 20 34 92 46 0 5 34 66 10 50 73 92 
46 18 85 5 24 26 57 22 88 60 51 99 65 14 31 91 97 33 18 3 19 51 48 56 79 89 66 21 61 27 16 83 28 82 4 29 96 3 95 95 66 94 14 31 0 57 34 20 32 38 56 
22 40 81 82 89 96 94 74 75 89 16 77 98 37 64 82 24 58 46 37 4 35 12 11 99 46 4 12 75 44 6 52 27 21 66 17 12 32 3 90 63 65 69 9 83 0 86 63 62 84 80 
95 2 27 33 30 51 94 91 94 3 26 9 67 20 17 16 76 17 56 52 24 33 51 29 91 98 1 52 82 91 52 92 71 70 87 34 96 85 21 36 53 37 12 59 75 26 0 24 32 72 47 
86 36 89 45 97 89 89 34 22 40 77 77 16 37 86 12 83 10 14 70 16 92 62 90 90 77 94 85 10 67 94 98 40 99 15 26 30 81 79 68 61 10 47 73 80 84 94 0 61 53 10 
90 22 74 50 88 18 85 97 46 80 19 29 42 7 79 64 20 28 26 69 38 17 75 75 78 89 83 12 2 1 29 4 48 56 33 34 56 26 63 64 50 90 65 33 72 44 62 19 0 14 8 
12 34 8 59 6 75 93 57 1 36 65 90 77 44 96 31 27 92 15 51 60 17 57 32 51 90 80 53 79 40 37 36 57 21 87 50 58 63 6 45 57 67 78 97 72 25 85 40 19 0 91 
73 11 72 17 44 92 59 9 78 17 44 8 94 22 30 28 28 2 19 48 12 90 58 84 89 93 19 55 79 94 29 32 12 58 18 32 3 81 70 13 37 38 66 60 75 7 86 18 51 63 0 
