n: 50
m: 10
Pi:U[1-99] 40 60 38 80 80 31 36 29 85 1 94 41 11 63 38 28 92 77 51 94 35 21 25 51 17 89 51 13 89 94 94 40 41 47 23 53 68 32 14 59 80 35 14 46 8 94 90 47 5 26 
Si:U[1-49]
0 30 11 15 32 1 2 42 34 27 44 6 14 17 21 14 14 1 21 28 48 31 49 15 26 24 2 18 37 1 7 27 31 3 10 14 24 41 32 34 6 8 15 48 31 29 46 14 30 6 11 
9 0 7 28 19 22 13 35 6 35 34 1 29 40 46 30 27 44 3 14 44 14 10 49 20 3 2 17 49 24 28 48 2 5 18 48 35 3 48 41 39 1 18 35 8 40 10 17 13 18 47 
48 33 0 26 16 35 24 24 46 5 34 13 49 30 10 34 41 25 34 24 36 24 48 15 42 29 7 48 20 6 41 27 7 26 17 12 4 10 39 17 5 48 39 1 6 9 9 28 4 17 34 
3 24 42 0 32 24 8 40 13 22 42 36 44 6 47 27 43 20 5 25 37 14 33 41 35 23 2 18 27 17 36 1 27 20 39 25 28 10 35 8 39 21 18 22 42 13 47 3 49 16 6 
8 23 18 43 0 26 40 2 6 44 44 34 27 29 13 31 6 34 36 47 17 33 6 48 27 31 46 21 7 15 27 41 10 14 30 32 42 22 48 44 18 8 27 1 46 46 1 23 5 27 25 
40 13 44 13 24 0 12 5 19 45 20 23 30 19 43 18 30 36 49 32 28 3 5 45 13 5 39 8 45 44 45 47 26 48 32 35 1 29 49 27 22 27 44 48 20 20 20 45 23 8 35 
19 8 21 30 31 24 0 27 48 23 34 10 2 47 3 21 12 7 17 7 45 31 22 29 4 12 32 28 26 8 24 16 13 4 11 42 42 7 32 46 37 47 7 7 12 1 22 37 12 39 8 
8 16 14 12 26 47 19 0 5 6 29 37 42 47 11 26 32 39 32 24 19 15 17 40 37 33 26 32 30 43 8 13 6 44 3 27 7 47 4 13 33 27 17 6 37 32 4 32 40 19 5 
39 20 9 37 22 5 17 4 0 49 21 16 37 44 16 19 25 27 30 46 6 19 18 34 38 23 23 3 18 9 7 35 14 44 11 41 27 31 24 33 49 8 25 18 11 45 15 6 40 19 8 
4 35 43 4 12 11 41 2 23 0 27 35 8 31 20 48 39 18 2 43 35 5 5 9 30 42 42 33 41 5 49 48 6 25 35 26 1 7 35 15 45 46 7 39 49 41 34 44 11 43 44 
19 21 12 45 35 22 4 22 36 38 0 21 26 34 41 25 40 47 37 45 35 27 42 20 5 49 44 22 39 42 29 12 4 17 1 12 3 9 10 8 23 1 42 46 16 3 20 35 22 9 12 
5 17 3 25 48 40 17 11 24 27 22 0 17 38 2 28 24 35 30 10 5 49 32 37 18 11 26 43 44 36 30 20 3 20 20 45 40 5 7 28 15 12 6 40 37 13 23 24 30 9 12 
19 21 32 49 1 11 40 45 44 34 39 48 0 6 15 40 20 3 34 18 8 19 13 33 5 25 35 19 32 4 35 12 17 16 2 32 19 33 49 49 2 26 13 41 5 17 8 32 36 17 12 
24 14 48 47 24 12 41 4 3 47 47 47 7 0 10 44 1 27 22 12 9 33 24 24 26 24 7 11 19 23 32 24 18 13 44 11 3 42 48 49 6 16 47 19 19 11 4 33 32 12 22 
30 16 20 14 31 49 28 46 46 9 24 11 19 10 0 26 29 10 24 15 26 11 7 2 35 41 15 3 10 12 39 35 14 21 14 39 12 38 20 18 27 41 28 21 19 33 43 3 6 25 11 
31 48 1 30 35 38 17 24 24 29 47 3 1 44 37 0 10 47 9 25 32 40 39 25 23 8 25 36 46 4 7 31 14 18 21 45 34 23 5 29 4 43 42 25 49 43 14 10 18 15 43 
20 46 38 35 16 11 49 25 7 26 41 36 48 40 1 26 0 41 30 31 41 17 38 43 28 6 6 6 36 24 28 9 45 17 34 37 42 47 16 29 28 19 17 41 26 47 13 28 35 22 13 
15 21 25 16 36 8 41 25 13 25 5 45 40 6 35 47 33 0 1 19 15 20 2 21 40 41 1 32 44 9 27 36 48 40 12 23 13 32 37 42 4 21 43 31 11 32 45 17 9 36 33 
48 19 31 31 48 38 27 15 19 46 42 24 26 13 11 3 41 44 0 39 44 48 19 4 3 17 27 35 35 12 9 30 23 18 5 15 24 41 31 4 45 2 10 42 34 22 22 12 29 16 21 
32 29 42 32 2 36 17 32 37 14 3 31 48 7 22 30 41 43 6 0 39 47 3 14 24 28 36 38 45 25 49 49 5 27 23 11 26 8 22 1 26 22 46 22 45 42 13 16 42 17 18 
19 18 1 3 6 19 37 19 15 12 36 31 49 23 35 41 14 46 37 12 0 36 36 34 19 11 24 38 25 41 8 17 6 3 23 39 23 22 39 42 44 38 28 12 46 42 2 40 30 22 43 
9 23 38 38 24 12 3 37 15 1 39 6 17 16 38 37 46 20 11 14 30 0 22 49 30 30 17 11 14 48 16 20 11 14 11 22 6 3 24 33 31 11 34 2 44 33 5 6 41 45 31 
26 22 47 13 7 47 38 34 45 9 17 5 11 16 47 9 14 13 2 3 1 26 0 41 26 22 11 24 35 27 48 1 49 9 15 32 44 17 36 3 33 38 43 10 45 30 6 29 47 8 22 
43 7 29 24 8 35 29 34 2 44 5 36 45 25 3 6 3 39 19 19 47 3 4 0 41 7 34 7 42 4 46 49 7 37 11 27 22 32 37 7 22 22 15 12 25 22 19 30 29 4 9 
14 28 43 1 2 16 19 9 23 33 26 25 37 8 1 46 29 3 9 3 25 46 37 19 0 26 44 32 21 11 9 40 28 20 2 4 16 8 11 20 9 19 14 49 29 2 42 11 9 38 2 
31 28 2 49 44 48 28 9 35 23 7 22 27 32 31 48 20 15 37 33 41 30 20 30 19 0 48 33 37 10 14 48 49 31 26 3 2 6 49 38 16 9 37 35 19 25 6 33 37 2 34 
8 9 26 46 2 15 24 4 38 11 32 41 22 3 5 33 36 19 11 17 2 48 17 14 6 19 0 32 18 21 35 48 30 15 1 16 48 9 15 26 15 3 28 15 5 38 21 36 4 17 5 
16 49 14 25 1 24 14 32 18 13 17 46 38 45 22 13 45 24 5 14 16 38 2 13 35 16 45 0 38 2 4 21 32 38 18 23 38 38 4 38 49 29 41 29 30 38 24 31 25 24 39 
8 43 47 19 43 40 4 28 5 28 3 9 25 40 32 6 44 6 9 16 9 27 40 8 1 32 29 19 0 33 47 37 37 16 3 20 29 20 43 13 15 17 29 7 40 38 30 21 28 44 25 
33 36 43 35 18 4 39 5 1 40 35 30 20 39 34 11 16 8 37 39 10 15 27 2 28 49 23 11 42 0 27 14 40 5 41 20 36 49 39 2 19 24 14 39 3 39 19 42 13 48 4 
25 34 1 13 24 10 27 1 3 12 12 25 13 25 8 6 43 18 27 36 2 28 25 36 18 13 5 8 3 46 0 38 27 47 6 48 19 27 43 35 22 41 33 20 25 40 38 34 41 1 45 
19 42 35 24 39 23 22 36 14 4 26 17 46 37 13 22 37 49 26 36 45 46 15 27 35 28 13 31 46 26 9 0 26 22 42 24 9 42 44 35 22 7 45 21 2 18 36 3 13 3 30 
2 40 18 19 25 20 45 38 13 21 32 36 49 41 40 44 41 31 5 33 11 35 15 5 11 19 27 20 37 44 4 4 0 1 37 41 8 47 16 32 41 9 32 49 6 39 22 45 29 48 37 
31 49 49 4 13 20 44 26 1 32 28 49 7 40 14 18 44 36 5 8 32 23 36 27 19 12 34 26 3 2 46 34 4 0 38 2 19 3 37 36 23 39 44 45 12 35 5 46 33 11 12 
16 8 38 38 43 10 15 33 42 21 41 46 19 15 47 48 32 19 7 42 19 40 19 1 4 30 1 8 42 38 2 2 48 43 0 43 3 19 6 17 14 25 48 34 31 8 34 23 4 18 8 
22 22 45 25 40 15 35 44 31 6 26 48 11 3 6 48 32 15 26 16 43 16 28 30 5 36 28 31 9 32 33 46 33 11 47 0 39 7 25 18 46 4 34 8 22 26 7 13 48 21 44 
23 48 25 16 38 15 13 3 34 13 48 13 40 9 31 27 44 29 33 31 9 18 34 34 43 48 15 40 25 21 6 21 37 15 40 20 0 41 34 4 36 22 34 23 42 30 45 18 26 43 22 
23 37 32 32 7 40 19 49 46 17 1 39 24 33 42 11 35 37 44 48 37 43 6 9 33 19 24 41 36 30 1 45 17 36 34 21 44 0 13 25 11 11 20 48 9 15 39 8 14 26 21 
6 5 13 11 45 31 36 17 13 49 37 49 25 44 10 2 15 31 24 11 18 3 23 36 11 49 22 26 20 23 41 37 9 26 32 21 28 29 0 8 13 21 31 24 41 46 20 30 15 33 36 
8 10 37 27 43 46 23 6 39 46 10 8 32 36 45 45 33 27 49 13 39 7 44 20 21 23 30 23 22 40 49 31 6 2 30 24 3 24 32 0 22 13 4 18 11 48 27 42 5 4 27 
42 20 30 29 47 3 14 31 12 23 33 38 45 17 23 8 19 39 37 4 17 24 35 44 28 35 24 27 23 9 12 15 21 46 32 33 46 38 8 2 0 27 43 34 35 6 41 19 9 11 47 
36 5 13 35 40 3 28 22 2 29 30 48 39 48 29 46 5 12 44 10 33 4 46 17 45 13 16 34 22 27 7 9 43 11 15 14 33 30 16 27 3 0 27 20 31 23 33 44 6 15 14 
31 20 47 10 1 21 49 43 2 1 36 38 22 15 27 12 6 28 31 6 17 46 35 14 41 24 28 44 34 27 45 41 28 21 37 23 48 14 23 21 8 33 0 7 49 23 23 6 23 3 42 
31 16 28 25 39 22 40 36 30 46 40 48 23 4 35 42 30 27 8 19 36 9 46 49 29 29 6 25 19 11 46 2 22 46 40 22 42 28 34 4 29 9 27 0 19 18 46 25 17 26 44 
41 35 10 1 33 19 45 12 21 10 33 16 15 43 26 3 6 39 46 38 26 30 15 38 1 6 42 17 36 2 8 20 16 9 13 15 20 3 7 9 21 42 42 48 0 23 11 29 20 46 7 
23 48 20 30 49 2 1 27 46 47 39 15 30 37 22 41 14 9 46 2 21 48 26 49 31 42 23 29 35 18 36 37 8 16 22 42 12 4 44 45 5 7 25 47 45 0 10 11 18 27 12 
22 22 24 15 12 42 36 9 30 10 32 21 9 8 7 14 48 23 30 39 34 40 22 13 16 19 18 28 20 45 15 49 22 40 2 40 41 43 36 31 9 15 8 17 10 49 0 29 46 44 18 
47 31 25 16 44 1 36 14 38 43 15 9 5 24 12 34 4 3 16 41 48 25 8 29 26 14 36 21 29 16 24 31 23 14 15 37 19 36 31 32 30 42 42 14 24 33 44 0 7 4 6 
33 49 38 46 17 4 38 6 30 44 41 34 31 38 14 23 35 20 24 5 46 30 34 38 39 40 44 3 12 17 4 30 13 29 23 40 49 34 5 17 49 32 49 41 1 2 48 21 0 41 15 
33 20 7 36 32 40 36 31 19 43 6 22 31 9 24 39 13 34 24 29 33 19 25 13 20 38 35 41 43 15 44 29 48 41 46 39 37 30 13 37 12 2 31 1 1 30 36 40 13 0 9 
11 35 3 22 8 39 44 26 10 38 30 21 39 33 22 18 1 36 35 34 15 48 12 41 23 17 49 16 8 14 42 12 26 21 7 43 45 41 19 39 33 16 17 30 2 3 13 46 39 11 0 
