n: 50
m: 6
Pi:U[1-99] 76 33 19 76 61 90 34 59 43 66 78 10 17 77 37 86 76 43 89 74 93 12 23 48 18 49 40 55 80 74 21 65 4 4 12 83 7 34 80 76 3 28 64 91 40 91 45 88 4 14 
Si:U[1-99]
0 46 54 28 24 66 34 40 28 50 99 51 57 87 37 94 51 91 24 6 99 72 99 33 45 4 24 99 99 28 45 99 91 46 99 99 99 99 73 57 10 46 6 99 94 99 99 99 66 22 27 
43 0 55 20 48 28 37 1 56 17 73 99 43 22 76 99 6 91 48 19 67 52 70 99 60 25 99 99 87 99 34 69 99 31 67 39 16 99 55 58 43 99 99 7 36 21 87 72 36 70 4 
58 36 0 24 57 6 63 43 43 50 70 99 18 13 99 82 7 12 99 4 99 73 99 99 25 99 76 99 99 42 43 69 40 99 99 49 99 88 64 33 58 99 70 34 82 99 12 49 99 40 72 
14 27 24 0 35 34 28 11 48 49 99 99 61 99 39 72 39 99 30 99 66 39 4 30 82 99 46 99 7 4 73 90 61 52 91 76 99 24 99 99 94 93 21 99 63 73 99 18 99 3 99 
19 50 40 28 0 64 46 15 38 28 19 42 60 33 79 51 75 99 4 99 64 67 12 9 51 99 99 69 99 97 90 91 94 99 78 57 31 99 49 91 79 99 22 40 40 99 85 24 99 91 99 
36 15 30 6 8 0 32 26 56 23 99 60 27 99 34 94 99 99 70 99 91 70 99 99 63 31 99 99 99 99 31 97 22 18 99 24 87 99 49 79 52 30 52 55 99 99 76 87 99 99 96 
25 35 8 24 42 62 0 27 50 65 18 99 52 78 63 31 93 99 99 82 13 40 73 99 64 55 22 99 37 16 99 99 34 99 99 90 55 75 99 18 39 99 82 42 25 99 66 99 70 30 99 
32 5 14 36 1 64 64 0 25 12 9 4 99 99 3 69 30 67 27 36 42 61 64 88 34 16 99 13 6 84 99 55 99 99 18 7 66 24 96 99 7 99 73 55 16 46 18 28 99 99 61 
59 62 24 54 50 45 44 52 0 49 66 18 82 4 82 16 16 64 99 18 19 88 70 61 63 99 7 66 96 99 99 99 30 1 13 67 97 99 99 21 99 94 78 99 39 99 67 13 31 88 60 
28 17 65 28 44 36 38 15 24 0 99 99 21 99 22 39 45 99 15 99 99 16 9 55 81 91 34 64 99 45 99 99 55 45 99 82 16 60 99 88 88 97 87 33 3 99 7 73 96 24 99 
99 79 99 49 30 99 27 42 52 96 0 66 24 50 1 58 14 15 19 12 31 30 46 96 60 37 9 66 99 54 27 30 69 4 28 42 10 78 78 99 4 99 99 97 58 99 39 99 99 81 99 
99 69 99 99 57 10 66 49 99 99 37 0 62 18 33 65 6 24 39 36 99 99 9 99 42 67 7 24 70 37 96 99 99 99 42 37 13 81 57 51 99 99 31 99 91 99 30 79 6 19 39 
99 3 13 99 69 67 19 99 87 39 2 12 0 56 36 12 20 62 4 5 84 46 33 81 76 78 66 52 4 99 66 81 48 99 36 12 76 13 99 87 43 51 99 60 69 99 81 64 22 99 54 
99 99 99 31 10 40 75 30 76 58 31 8 6 0 12 5 12 58 25 35 12 93 99 94 79 99 33 99 99 96 99 78 18 70 55 99 28 63 1 13 9 99 57 13 25 99 99 39 72 99 9 
78 91 99 82 1 46 6 99 85 99 20 23 8 40 0 13 26 10 41 52 54 67 18 99 99 52 85 42 43 7 99 57 30 67 31 3 10 13 33 67 76 36 99 63 91 85 99 70 22 22 87 
91 9 82 99 66 73 33 21 99 75 41 14 32 9 38 0 60 38 38 34 85 36 99 75 37 99 64 99 24 99 78 99 99 91 84 27 60 1 97 99 51 18 99 58 99 51 99 33 99 28 99 
76 85 99 99 99 99 99 12 63 99 55 52 63 2 42 31 0 48 44 61 73 66 99 39 99 22 24 99 94 36 19 99 99 10 99 99 19 63 6 49 16 6 49 21 58 1 42 99 99 99 99 
99 24 99 66 18 75 99 13 99 94 14 48 46 33 48 52 1 0 64 18 99 60 63 57 99 99 91 13 61 99 91 67 67 72 28 70 99 99 28 99 99 25 31 76 99 91 51 99 64 99 99 
67 16 99 99 48 48 61 39 73 99 3 52 52 28 47 64 33 12 0 23 79 85 99 85 15 61 99 99 99 3 6 99 93 58 48 99 99 40 61 99 16 64 99 93 4 52 64 36 16 99 12 
72 12 25 99 25 75 82 51 99 99 12 66 64 38 39 32 65 50 26 0 6 55 15 45 27 33 39 96 10 99 61 24 48 1 72 93 69 99 99 82 60 96 39 96 54 46 6 99 99 48 79 
99 67 99 51 72 55 99 24 24 81 13 99 76 40 18 63 27 18 99 99 0 4 14 29 26 36 6 41 32 34 99 99 52 99 82 99 45 75 6 99 99 52 43 33 99 1 22 57 99 84 3 
94 42 34 45 25 9 94 72 58 36 46 22 22 42 10 36 99 40 81 99 60 0 34 60 59 33 11 30 12 43 22 99 99 99 87 99 99 99 18 93 25 99 99 30 82 87 96 51 99 99 85 
99 85 30 99 81 69 22 99 66 6 99 70 99 27 99 99 99 99 51 57 56 20 0 30 41 20 22 8 62 63 22 84 81 21 88 99 1 76 6 67 99 15 99 42 99 48 45 1 21 12 99 
60 3 60 21 99 72 52 57 99 45 99 73 99 27 99 21 99 22 88 6 62 57 8 0 25 6 26 16 2 50 75 25 25 99 60 99 99 43 99 33 45 99 99 54 87 25 99 22 12 85 85 
96 49 99 79 75 39 99 46 99 16 99 30 1 76 99 99 72 78 99 69 59 7 54 46 0 28 48 18 50 60 70 24 99 66 46 81 76 12 99 9 45 93 63 25 99 13 70 99 99 30 64 
78 40 99 12 99 99 99 99 54 99 42 90 99 81 7 76 58 99 99 1 12 26 46 4 48 0 52 11 64 38 63 99 21 67 99 10 99 99 40 49 99 27 16 36 51 37 78 33 91 99 60 
91 37 99 9 99 30 99 55 67 51 49 7 67 85 18 99 45 99 73 18 23 40 29 41 15 40 0 16 62 9 99 64 46 54 99 90 99 99 97 99 37 99 99 45 99 99 39 21 45 91 99 
85 57 10 99 99 99 1 72 45 99 16 61 99 66 45 99 99 99 9 33 22 64 22 28 40 57 23 0 17 19 61 30 30 99 99 99 99 67 1 16 37 90 81 93 4 73 10 99 99 99 99 
99 15 99 24 99 91 22 79 45 60 19 99 58 94 79 99 70 99 99 54 4 13 49 22 23 44 40 44 0 22 99 99 63 99 57 99 40 54 99 67 99 36 99 99 42 99 96 57 37 88 99 
99 25 93 99 69 82 28 99 54 15 99 51 61 99 99 9 99 99 99 99 60 6 47 9 10 58 8 2 25 0 76 99 1 42 24 12 99 91 87 99 99 99 81 99 16 99 12 99 99 37 48 
13 99 85 91 15 36 42 87 99 19 99 10 99 99 21 34 48 99 57 76 24 99 82 99 99 99 99 42 99 99 0 52 56 16 0 26 44 2 48 60 69 99 99 99 24 58 99 82 67 39 55 
61 99 64 34 96 7 99 45 39 99 73 90 48 13 99 99 58 64 84 43 75 99 99 99 28 99 99 99 81 63 36 0 17 42 36 9 24 46 17 7 99 78 25 99 99 46 87 99 10 99 15 
63 4 24 4 73 78 24 99 33 66 99 99 34 99 40 72 99 99 72 99 99 6 25 22 57 46 99 16 99 76 20 9 0 48 46 36 22 13 52 36 22 28 99 81 57 99 45 99 7 66 7 
39 93 99 33 99 99 55 99 99 64 93 34 99 69 43 63 99 57 31 24 52 22 96 45 97 73 19 43 12 99 60 48 28 0 38 33 43 10 14 42 19 15 78 69 99 46 93 73 48 99 99 
42 19 13 99 22 75 55 99 46 88 99 99 24 99 85 78 79 18 99 99 99 66 18 58 64 93 69 99 49 40 1 62 14 7 0 51 64 9 17 58 99 99 67 99 99 99 84 34 99 13 48 
67 99 99 22 93 99 99 99 19 99 9 99 76 58 99 36 24 99 1 55 99 99 25 61 13 99 99 4 99 87 3 18 24 59 38 0 58 31 52 37 57 22 99 39 66 87 22 91 99 99 28 
81 51 55 69 99 75 99 39 69 99 99 99 99 99 99 87 61 99 16 99 85 99 99 85 78 9 99 24 70 19 53 42 47 50 54 0 0 23 22 7 48 99 99 99 99 99 33 79 99 99 28 
16 84 34 99 51 22 99 13 37 9 1 99 63 81 73 81 99 61 57 87 94 60 64 99 52 3 70 40 99 99 13 26 35 36 38 23 51 0 40 26 45 99 36 99 69 21 99 93 10 99 99 
31 99 99 88 99 21 76 94 28 99 99 6 9 97 39 55 19 88 73 48 99 10 93 79 31 99 19 6 55 61 34 20 16 24 10 55 45 27 0 8 6 99 97 97 99 99 72 91 6 46 99 
99 99 78 57 99 99 99 78 99 3 99 99 27 79 25 99 99 99 19 69 99 99 99 69 99 99 85 90 25 78 24 46 6 12 34 54 12 24 12 0 55 87 42 51 16 79 99 99 54 78 54 
48 99 10 67 40 25 99 42 99 25 81 99 6 99 99 99 99 96 99 99 46 40 99 64 99 84 93 15 64 99 43 93 52 99 99 99 90 27 61 81 0 11 6 26 16 47 16 58 50 23 60 
99 99 51 99 40 36 99 33 99 99 99 99 99 42 99 99 88 99 45 99 24 19 76 30 25 21 99 48 57 3 70 81 99 99 99 93 99 19 99 99 20 0 62 1 11 36 48 15 29 44 99 
96 99 99 99 96 99 22 97 67 28 15 87 99 99 64 99 99 99 79 99 99 13 33 45 99 58 21 40 19 99 27 96 76 49 42 99 63 51 99 49 36 65 0 5 4 46 54 45 4 4 99 
49 1 99 99 58 27 99 75 54 52 70 93 33 57 51 99 49 58 97 15 99 85 78 1 99 73 99 46 79 16 99 93 7 99 99 21 34 97 31 69 10 38 37 0 2 62 46 65 43 62 99 
99 99 99 43 30 99 52 99 30 52 13 54 96 81 93 99 63 46 99 7 99 52 22 55 27 64 7 24 52 99 25 99 19 81 99 85 97 99 99 39 22 46 36 57 0 40 28 48 26 14 61 
78 25 33 99 48 12 76 99 9 84 33 60 64 27 22 99 99 91 1 96 99 99 91 99 99 99 99 52 40 19 3 97 22 99 3 4 99 22 99 93 42 2 37 33 30 0 1 2 23 29 16 
13 30 69 3 54 52 49 96 27 9 30 22 15 69 99 46 54 6 99 45 67 99 3 84 96 52 90 99 99 63 99 88 55 25 45 64 99 76 79 90 1 28 18 60 56 27 0 54 24 6 7 
99 99 99 51 79 76 99 97 99 15 99 87 75 99 39 99 51 6 1 99 48 46 93 72 21 99 21 99 99 42 84 25 60 99 46 87 96 99 27 18 63 20 10 28 21 48 61 0 23 41 99 
85 36 25 51 99 61 16 22 99 99 93 63 3 99 39 78 99 99 9 96 81 97 37 48 99 70 25 76 37 94 99 99 81 99 49 45 90 63 99 99 12 5 7 46 48 48 8 36 0 26 99 
25 99 99 99 22 99 69 84 58 99 99 37 99 51 43 70 75 33 90 99 99 99 40 10 30 99 93 70 25 63 99 97 81 1 99 79 99 99 7 70 18 27 58 27 5 22 62 61 34 0 99 
99 70 99 33 73 99 63 99 33 99 70 99 15 54 73 99 63 61 3 99 99 91 99 58 84 64 99 16 4 37 99 87 78 4 43 91 99 94 58 88 99 96 99 31 99 43 9 63 54 34 0 
