n: 60
m: 2
Pi:U[1-99] 89 9 28 49 50 73 5 90 28 89 75 99 45 31 35 58 28 44 65 79 6 6 81 2 40 13 97 69 67 8 58 15 8 1 20 15 45 95 61 57 96 47 99 83 25 28 4 19 97 72 89 22 89 41 28 91 46 49 11 9 
Si:U[50-99]
0 58 95 87 76 98 99 62 85 94 65 53 67 63 80 70 89 52 59 68 95 67 57 66 67 92 94 60 70 64 51 98 65 60 98 79 69 75 86 94 50 94 85 51 83 50 86 66 53 76 76 93 54 72 50 53 61 91 88 72 54 
57 0 85 65 90 84 80 78 77 76 77 81 59 78 72 55 71 53 65 56 96 77 66 68 71 80 62 75 68 65 61 60 70 94 64 74 53 80 75 73 85 56 52 77 60 78 74 55 93 76 59 53 76 94 93 82 82 63 84 57 82 
62 95 0 89 55 54 76 97 81 72 77 57 62 72 96 71 64 97 65 73 79 66 95 56 84 63 83 86 90 81 63 81 82 50 96 58 98 72 76 92 86 51 67 53 76 88 55 61 93 91 65 79 95 96 71 66 55 96 98 61 72 
90 92 83 0 92 68 64 77 95 54 56 61 64 59 97 65 95 72 93 60 59 59 79 97 83 64 79 81 67 57 67 65 70 52 77 91 99 64 64 59 52 71 58 72 90 95 95 95 52 85 72 79 98 99 84 85 86 56 62 52 80 
61 75 76 87 0 90 92 63 63 99 62 73 73 90 76 77 98 81 61 66 68 98 90 51 68 60 76 57 74 78 83 98 67 84 56 66 92 63 59 52 89 50 55 60 96 89 76 78 54 79 69 62 51 81 65 66 97 64 83 80 83 
58 54 53 99 66 0 65 99 88 70 50 68 53 76 94 93 57 78 67 61 55 87 80 91 76 52 66 55 95 55 99 78 66 78 94 57 55 91 93 61 68 93 90 81 77 88 87 87 98 81 76 98 73 75 83 71 92 97 80 67 99 
83 64 66 55 87 80 0 60 85 95 85 92 75 75 82 96 67 56 53 58 60 77 82 71 56 63 51 50 87 56 94 70 95 85 98 74 74 74 71 74 80 51 94 81 72 95 73 97 77 66 51 86 86 85 80 59 99 77 81 68 98 
68 50 75 99 56 74 90 0 71 86 54 98 89 85 95 59 86 65 70 87 75 96 63 54 64 88 81 66 68 72 68 73 70 96 89 81 69 98 54 83 77 72 56 51 88 70 59 78 54 70 55 60 86 59 72 89 64 61 60 54 95 
66 87 80 98 75 88 64 91 0 82 88 92 72 59 71 80 75 74 84 93 58 69 63 83 58 84 83 62 50 81 81 63 62 93 51 55 93 81 98 81 62 87 93 74 93 89 67 64 87 66 70 52 54 74 66 61 88 76 59 53 54 
75 87 75 55 55 64 66 66 79 0 83 57 77 71 55 92 74 96 67 57 88 61 82 66 50 97 58 66 61 98 99 85 73 82 66 62 80 71 78 64 53 53 67 90 84 70 66 75 86 97 54 70 90 92 80 79 73 91 81 87 83 
63 89 50 52 75 62 94 96 67 50 0 93 50 54 94 60 94 58 87 66 73 70 50 90 97 76 92 69 90 99 69 80 69 58 78 86 60 75 85 99 88 61 88 62 90 79 64 73 88 62 91 76 81 56 66 78 83 80 56 57 66 
52 51 80 99 68 76 52 51 87 69 53 0 92 88 75 53 51 75 66 91 57 89 81 99 52 89 71 82 96 94 78 55 72 77 95 65 94 66 57 58 97 51 59 57 97 57 53 73 62 75 55 72 94 64 90 89 86 60 75 89 93 
53 68 58 96 72 85 84 99 63 67 70 74 0 78 54 96 57 87 52 51 72 99 68 69 94 94 83 94 84 88 81 67 60 79 86 90 95 68 97 55 57 75 62 73 65 69 85 58 71 92 53 70 83 77 90 90 91 95 78 99 94 
63 87 64 97 53 85 94 76 69 83 68 97 67 0 73 64 80 83 83 87 84 73 68 81 53 56 99 58 69 77 90 74 52 51 53 59 96 73 80 62 53 74 64 57 93 90 82 81 66 78 78 68 89 83 69 61 51 59 89 92 95 
67 81 60 85 60 69 91 62 61 93 84 54 73 66 0 57 71 86 66 57 82 51 66 57 76 89 76 66 61 66 89 61 60 77 95 57 62 72 72 51 59 83 62 95 51 60 80 82 88 83 67 51 58 79 60 60 53 55 80 68 65 
90 87 90 82 56 52 99 68 77 74 81 80 54 59 96 0 78 97 50 69 78 91 86 80 93 64 90 93 75 69 56 70 75 70 65 67 90 74 63 72 88 78 73 77 69 51 96 53 88 51 54 60 78 51 66 58 62 97 84 64 97 
87 91 91 85 98 66 91 95 51 68 55 67 96 56 67 78 0 69 83 95 89 86 86 88 84 87 96 59 84 73 64 52 66 63 98 65 53 81 94 57 62 85 81 86 92 93 75 50 93 57 92 80 53 71 59 81 55 61 70 79 79 
96 55 66 69 72 86 60 74 57 79 92 66 72 73 91 74 99 0 90 76 91 64 79 76 74 96 59 52 84 75 78 69 56 58 89 86 89 73 85 59 73 98 72 74 91 67 52 57 66 67 74 85 92 65 50 55 83 87 87 50 71 
82 65 50 73 80 75 71 94 91 86 51 68 66 91 78 88 88 57 0 80 59 54 96 50 51 68 88 81 59 79 98 75 80 87 87 80 91 60 99 76 53 63 80 68 89 81 79 60 94 52 81 87 91 91 53 76 95 62 95 53 77 
58 53 77 96 50 64 80 96 65 59 94 76 94 78 85 99 50 85 93 0 80 65 67 77 98 83 68 99 74 61 69 53 71 67 86 87 58 62 55 73 72 86 97 57 56 76 52 97 79 90 89 81 62 62 82 51 93 69 74 60 77 
55 54 76 82 82 88 95 80 99 63 99 75 87 63 66 90 55 76 60 99 0 96 88 87 87 79 89 77 90 78 63 77 76 88 96 83 78 50 60 55 76 94 67 88 51 87 58 78 73 84 90 55 89 61 70 95 91 57 54 69 68 
80 61 91 90 59 81 94 97 65 64 71 80 74 69 74 74 97 98 95 52 93 0 68 94 67 72 81 95 76 97 99 64 75 64 94 87 92 91 97 51 70 89 99 99 90 86 89 98 60 85 75 81 87 53 78 58 74 77 91 94 69 
83 77 64 77 93 50 98 73 56 87 68 93 84 78 95 82 80 86 95 61 92 57 0 52 57 71 64 74 63 59 98 70 84 52 67 74 87 77 62 69 50 75 58 86 65 67 79 90 59 73 72 96 65 59 86 76 53 58 83 67 95 
95 72 86 56 68 96 69 99 50 68 94 71 65 71 51 65 93 76 65 76 66 93 65 0 99 50 84 82 90 81 79 93 63 91 99 65 61 63 55 97 74 88 69 91 82 97 50 50 54 76 66 83 59 98 74 87 72 65 50 86 59 
72 98 94 89 89 57 84 98 78 68 57 65 74 67 68 89 85 78 85 84 68 86 62 76 0 79 51 80 50 59 99 67 68 85 98 95 84 77 80 68 74 95 61 97 86 67 77 89 91 58 56 58 60 81 61 81 86 69 94 96 63 
51 65 63 51 86 85 72 55 94 87 73 88 92 51 76 98 58 95 97 92 91 62 92 66 88 0 79 64 52 70 54 87 96 70 88 99 67 79 90 67 79 81 80 55 76 72 58 54 55 91 70 56 53 71 87 79 78 53 57 63 57 
74 80 99 72 52 80 95 82 67 90 88 90 63 76 54 79 95 58 91 57 81 67 57 96 98 82 0 52 61 80 69 74 80 83 50 70 50 65 85 90 84 98 67 63 65 99 60 68 65 72 94 94 68 78 90 88 51 69 54 56 94 
93 61 95 97 64 86 83 98 66 57 99 98 86 82 51 96 92 74 68 79 83 71 70 53 54 74 75 0 94 58 84 59 69 77 97 64 54 93 96 83 61 53 74 63 65 96 91 99 66 54 80 82 50 68 56 58 95 74 72 71 96 
67 55 84 84 60 60 95 54 52 84 98 79 84 84 59 57 60 90 97 87 93 88 70 54 91 73 93 55 0 59 50 96 65 59 54 92 64 54 62 79 96 54 52 64 79 95 76 65 69 64 61 85 75 98 63 90 72 77 87 79 81 
93 60 73 69 58 94 76 60 92 86 89 67 59 73 66 57 53 61 90 82 90 50 55 70 87 81 82 70 85 0 59 61 73 99 53 95 60 55 90 96 81 90 50 72 77 95 99 74 51 69 62 57 80 88 77 80 62 70 54 69 96 
64 59 71 84 82 68 95 83 79 79 78 68 57 59 72 70 89 75 66 55 76 69 84 86 74 57 95 89 56 76 0 61 61 74 93 91 55 60 94 51 85 69 65 92 92 90 52 71 85 64 77 58 70 97 53 84 52 69 99 79 74 
67 57 50 78 51 71 84 98 58 92 95 90 89 63 86 66 88 96 57 79 82 64 71 72 70 81 85 53 83 86 69 0 54 88 54 57 67 61 99 68 63 80 97 77 99 80 64 64 56 91 79 61 85 89 82 71 91 59 85 76 71 
83 75 87 89 80 84 53 58 70 52 94 86 67 58 84 77 94 99 81 90 78 88 74 96 56 54 65 52 82 71 54 69 0 61 61 97 77 69 88 95 62 76 72 63 58 71 98 79 76 63 77 66 54 92 84 61 91 57 87 52 51 
69 50 88 56 60 80 56 64 57 99 83 90 62 67 71 89 60 77 73 92 71 81 53 77 76 93 87 70 63 90 62 63 66 0 69 68 94 73 50 88 97 77 58 64 82 55 91 81 82 72 67 50 70 75 86 91 71 61 92 73 55 
91 64 74 61 62 82 57 70 52 61 83 91 59 97 84 87 56 71 62 77 58 90 95 63 86 90 94 82 63 56 56 74 68 60 0 97 63 95 96 73 61 82 79 54 65 91 53 73 70 86 90 66 97 96 95 83 77 81 91 55 70 
88 88 85 69 95 80 59 74 57 76 99 94 78 55 50 55 65 68 65 70 52 70 72 95 52 88 93 75 90 53 54 60 88 71 91 0 88 83 84 93 98 82 99 65 66 74 62 51 80 92 53 89 53 95 62 61 83 90 57 89 66 
69 71 55 76 80 72 59 84 54 90 65 96 76 53 56 50 52 61 83 88 97 67 82 84 69 74 80 69 67 50 72 67 85 77 98 72 0 60 62 77 68 55 69 56 51 74 88 57 78 96 65 99 63 97 50 89 79 66 77 66 76 
63 75 74 76 50 70 93 55 53 57 69 95 98 56 84 63 98 98 74 93 63 53 67 61 68 95 77 58 98 71 58 61 64 55 69 66 70 0 59 51 82 95 88 83 86 51 97 73 71 92 86 64 78 89 96 93 83 55 52 95 52 
65 92 55 71 56 96 82 80 89 80 97 50 54 65 68 54 72 67 83 50 64 87 81 56 80 50 67 78 99 98 64 88 72 81 77 91 84 86 0 86 54 82 55 80 73 51 54 81 50 65 96 65 70 89 67 90 92 75 96 81 68 
50 96 92 96 90 58 76 82 50 62 70 62 95 85 62 91 70 53 95 85 61 75 99 69 72 64 66 85 94 60 55 93 50 87 64 87 92 70 63 0 84 71 74 99 72 92 51 68 54 81 68 55 84 88 87 90 91 71 60 68 74 
54 94 72 64 94 84 91 79 74 54 92 65 55 88 98 78 87 50 78 50 93 61 74 62 82 64 80 55 99 95 69 73 93 84 55 93 64 67 92 87 0 61 55 51 59 97 82 54 62 75 57 95 56 92 73 51 54 89 60 76 65 
57 76 68 81 63 65 91 56 96 99 62 92 51 73 76 94 78 92 66 79 70 56 70 55 61 92 76 75 87 57 87 57 53 78 73 93 68 83 78 90 50 0 56 76 93 74 60 73 96 73 65 59 67 76 50 97 96 88 83 95 77 
92 86 97 67 67 74 64 91 62 72 80 87 71 56 54 59 72 64 72 50 90 55 51 74 97 90 62 75 59 56 79 71 65 91 74 84 83 73 83 91 63 63 0 91 56 92 72 95 90 83 85 87 76 65 62 79 89 73 84 72 76 
97 78 60 77 85 84 81 78 89 96 65 71 73 72 56 77 93 74 83 63 81 94 51 68 96 52 87 58 79 66 99 96 75 87 51 89 57 70 62 87 65 96 96 0 57 59 82 88 92 89 52 69 52 92 52 81 78 85 94 60 64 
92 65 66 71 96 75 66 53 71 87 72 72 69 77 52 67 91 80 91 59 93 79 95 91 94 99 83 58 79 89 99 61 94 89 81 85 59 76 72 87 51 55 71 93 0 75 89 76 65 80 92 81 68 70 72 79 55 70 67 59 92 
56 85 64 71 79 56 58 61 71 51 88 67 73 71 96 64 75 93 82 87 75 97 86 69 64 63 91 58 98 65 50 58 89 78 59 53 77 51 52 71 93 97 72 91 82 0 93 57 59 68 89 72 61 68 50 66 86 96 97 90 70 
84 94 66 51 56 77 82 99 82 79 55 57 82 62 89 53 64 67 91 88 90 68 96 59 52 50 69 58 52 63 80 73 98 71 81 98 83 54 69 72 96 56 58 65 76 72 0 61 56 64 93 90 51 74 56 70 92 85 73 78 98 
84 63 79 67 52 66 97 74 88 65 81 73 65 86 73 79 82 78 52 71 78 58 84 63 50 95 77 75 51 54 93 91 64 90 64 91 69 71 55 71 79 97 55 54 53 59 71 0 61 66 98 85 62 86 75 80 73 94 79 62 77 
67 91 74 72 60 78 68 65 89 60 52 94 92 89 95 95 97 94 77 68 95 52 99 94 67 77 96 64 79 94 91 50 69 73 64 71 62 55 73 84 55 80 75 97 62 77 96 78 0 89 53 80 79 71 66 58 54 50 77 90 50 
79 54 50 99 77 81 99 79 74 88 90 92 88 84 57 54 75 86 87 80 61 62 70 70 73 84 64 64 53 64 74 59 64 90 55 86 75 53 53 96 62 52 85 63 73 95 91 61 77 0 55 93 62 62 88 79 56 79 87 57 70 
58 94 84 77 53 78 65 95 94 82 84 87 70 95 85 55 81 81 88 80 79 74 99 84 65 57 97 85 63 72 51 98 96 88 67 71 83 72 81 65 97 87 83 61 63 69 83 52 78 60 0 93 81 99 68 94 60 60 95 70 87 
90 94 63 52 71 60 66 80 88 74 85 73 59 96 78 61 90 52 58 62 65 74 61 82 57 91 81 72 63 93 99 61 78 75 81 65 81 68 72 64 51 85 51 87 82 79 92 56 67 65 63 0 69 65 89 95 67 86 53 57 52 
89 72 91 53 83 67 64 94 91 54 76 81 89 66 81 55 64 71 74 94 95 93 71 86 58 81 91 76 62 55 58 67 65 71 80 89 64 61 52 99 98 67 67 87 66 64 57 95 94 60 70 75 0 50 96 94 81 94 79 57 92 
89 53 68 59 58 92 95 89 76 76 68 56 82 72 88 62 85 95 82 79 51 76 84 71 59 84 76 74 59 80 93 67 71 77 58 51 83 70 74 55 84 83 54 60 93 82 96 57 94 80 63 63 50 0 71 84 72 94 67 78 50 
66 51 50 88 98 69 98 69 50 67 80 79 87 69 54 87 53 80 77 95 92 83 84 53 54 63 54 84 95 58 62 92 68 67 99 76 96 56 88 94 52 93 66 89 99 56 93 64 79 79 84 82 86 91 0 65 56 57 63 65 52 
55 84 54 69 90 76 93 65 94 89 58 97 65 85 81 79 99 88 82 98 73 98 55 80 76 65 61 59 89 66 98 82 71 84 73 52 85 85 93 64 57 73 99 81 83 84 99 90 86 55 72 74 51 69 91 0 58 69 66 83 57 
75 84 58 54 92 82 90 82 86 96 88 51 52 53 80 70 84 92 58 51 68 93 79 52 72 68 71 70 82 58 64 60 90 95 84 66 50 75 70 51 62 52 99 51 94 80 74 50 68 75 55 78 51 98 52 77 0 54 98 69 82 
81 88 80 80 83 85 56 71 57 94 76 67 66 54 86 80 66 78 72 97 54 70 94 62 83 68 80 80 76 60 59 56 68 98 75 75 69 68 53 51 54 67 88 92 50 77 74 83 67 91 52 57 96 83 77 81 69 0 73 74 86 
52 51 62 89 63 85 53 81 87 82 69 54 63 96 87 96 69 92 56 81 91 74 72 61 66 85 89 54 61 70 57 90 86 72 50 90 52 56 89 62 77 50 54 54 54 91 98 58 64 51 84 79 97 56 83 99 55 97 0 99 75 
92 97 83 77 73 93 55 64 89 86 61 88 60 62 76 84 82 88 88 97 93 71 51 75 97 64 65 90 97 81 57 97 54 99 54 53 65 84 72 64 96 92 63 79 56 54 91 52 50 84 96 68 74 63 99 56 69 64 73 0 65 
63 87 71 59 60 88 78 60 57 53 60 86 93 88 97 73 56 54 64 68 65 87 62 85 70 57 87 80 55 52 93 80 58 87 77 61 81 88 80 86 76 90 92 89 65 94 61 71 90 67 56 56 60 60 67 94 65 76 51 90 0 
