n: 60
m: 10
Pi:U[1-99] 49 97 2 93 80 85 37 41 79 62 5 52 11 86 33 90 28 94 4 44 34 72 81 61 86 58 36 22 16 59 69 90 58 48 4 61 19 67 53 61 68 86 39 34 29 15 7 66 77 65 57 77 32 77 8 18 58 68 64 61 
Si:U[50-99]
0 85 64 73 79 82 68 90 80 64 72 80 58 94 61 53 88 71 69 52 71 50 66 58 80 64 98 81 77 89 81 68 62 73 64 92 97 99 88 65 80 82 77 94 84 65 98 83 86 55 72 57 62 60 82 51 54 60 53 91 89 
72 0 96 78 60 75 57 54 53 86 69 83 96 94 58 89 72 85 60 88 75 68 92 57 61 63 54 56 96 62 59 54 63 81 92 78 94 50 55 64 96 61 97 71 65 65 68 61 67 98 92 84 58 75 72 73 72 54 55 53 96 
67 63 0 56 64 71 57 63 91 68 94 97 83 92 86 69 86 98 66 59 63 53 96 68 92 68 78 81 80 61 78 59 88 50 88 56 66 69 88 51 59 54 61 52 94 66 66 78 88 84 91 90 76 69 59 95 64 54 78 79 52 
53 65 99 0 51 84 71 58 99 91 75 67 53 53 67 68 50 71 52 63 66 76 50 72 55 69 74 98 64 52 69 65 93 72 80 51 98 70 91 54 76 61 67 63 84 75 52 53 74 86 61 81 75 63 50 57 73 78 76 55 63 
59 53 76 96 0 82 97 97 83 58 78 61 65 92 65 74 63 87 73 72 60 83 51 73 83 98 64 95 83 94 88 80 81 98 62 56 56 81 93 80 66 65 53 92 85 86 56 71 85 83 67 50 85 57 59 97 77 67 69 59 82 
98 66 97 77 52 0 80 90 57 84 94 89 86 88 86 82 85 92 88 64 58 77 77 93 68 67 81 85 64 88 76 56 84 72 77 73 65 86 98 94 77 71 87 93 98 54 86 55 58 57 75 66 65 88 69 76 70 67 67 67 94 
91 73 88 60 58 79 0 75 54 85 60 56 56 73 81 51 71 87 66 65 85 91 71 58 77 55 75 54 78 87 77 95 96 95 63 57 68 52 64 98 98 77 83 83 70 53 91 58 56 80 74 97 53 63 94 64 89 54 94 93 65 
52 89 92 95 98 62 98 0 89 71 77 54 77 92 64 77 60 51 91 87 90 70 84 60 89 70 81 94 80 62 74 58 65 66 66 96 75 69 50 50 85 57 68 97 73 76 84 71 94 72 89 99 96 58 97 72 86 88 70 81 56 
77 90 68 56 60 52 81 61 0 78 68 75 86 53 87 80 81 80 64 78 78 89 57 94 62 65 92 57 51 66 80 82 70 81 81 72 96 92 72 90 87 58 68 57 99 53 66 77 52 97 67 83 66 67 58 62 51 62 86 99 80 
58 74 88 81 74 64 91 91 82 0 81 90 94 89 55 93 73 96 50 57 92 61 89 53 86 57 73 74 74 86 92 67 56 77 97 80 76 73 85 57 53 80 50 79 64 93 87 53 59 79 92 91 53 77 74 83 90 56 63 98 50 
82 89 82 98 59 66 73 56 84 54 0 93 64 91 98 62 78 57 69 85 95 61 80 65 65 60 78 71 70 56 71 73 73 83 73 58 80 77 87 52 74 91 71 63 50 85 96 92 97 84 98 61 57 66 60 71 63 97 76 69 69 
62 78 51 58 84 95 71 84 73 65 81 0 79 90 99 93 73 56 58 94 95 79 89 75 65 67 76 81 95 73 95 86 62 61 95 66 98 73 92 68 92 68 66 98 61 54 76 69 73 52 80 75 87 69 93 85 72 86 68 89 93 
96 65 60 91 96 66 57 55 83 64 88 56 0 92 77 86 69 77 81 70 85 69 84 95 93 81 54 59 61 79 91 87 99 50 51 94 75 61 81 53 52 64 70 55 50 88 54 88 55 79 87 90 53 81 57 68 94 62 64 92 95 
88 54 73 78 79 50 74 68 76 69 56 72 74 0 77 80 56 90 99 80 69 84 96 81 87 65 58 82 61 68 88 86 61 93 51 65 90 57 70 77 79 55 85 87 64 60 95 95 51 80 60 67 98 68 52 92 98 69 52 69 84 
78 52 74 86 99 99 83 70 71 81 70 70 55 97 0 74 82 94 93 79 89 77 86 96 83 86 93 53 78 68 87 55 99 63 54 80 99 78 65 73 75 62 94 99 74 61 82 83 66 78 61 87 79 56 95 90 55 79 99 78 66 
93 94 98 85 61 95 74 99 89 81 53 51 67 97 52 0 69 97 61 91 56 76 60 56 88 86 93 56 71 52 52 73 96 72 57 96 61 76 56 61 61 98 75 96 77 80 69 75 85 55 73 64 55 98 59 69 62 84 55 80 98 
72 57 91 78 50 80 78 92 76 70 54 57 52 91 86 83 0 90 56 83 60 68 67 80 80 71 69 86 83 88 77 86 53 79 69 93 76 77 57 80 55 70 94 71 81 77 97 93 95 69 77 70 70 99 66 64 53 56 75 97 75 
54 63 83 87 98 75 76 57 71 92 55 76 66 71 64 72 89 0 69 72 64 73 57 76 73 95 79 94 80 72 53 95 85 59 76 93 64 96 92 77 70 93 77 92 69 80 93 65 66 84 92 80 53 85 73 78 77 57 60 58 66 
82 78 63 68 63 79 92 74 98 60 99 75 80 63 66 52 89 67 0 78 60 92 60 62 52 92 57 82 72 50 89 84 54 81 88 60 99 78 51 58 54 77 73 74 78 96 60 81 75 69 95 54 58 72 61 60 68 94 81 53 56 
80 78 62 65 58 88 55 94 64 85 67 89 91 52 60 95 89 64 96 0 80 56 57 59 50 58 52 56 63 56 70 63 79 75 53 54 68 54 87 94 83 81 82 51 78 53 54 88 66 72 80 90 51 71 56 83 62 94 73 84 73 
97 76 89 59 84 63 84 92 63 96 64 79 78 64 87 53 52 98 88 72 0 92 96 86 54 56 70 56 91 90 80 91 68 62 69 90 97 52 82 75 96 93 68 62 93 78 57 85 98 79 92 69 63 73 80 69 86 95 66 55 51 
81 71 85 75 54 70 99 81 89 54 76 83 80 76 56 91 92 87 54 91 67 0 91 51 64 76 56 96 89 67 63 53 61 75 99 93 79 91 85 50 97 60 78 81 57 59 72 90 89 72 67 70 86 94 60 55 90 87 81 69 73 
65 58 90 68 99 67 55 76 73 66 60 93 57 93 51 65 78 70 83 68 92 94 0 85 98 85 62 80 54 57 65 84 55 70 63 72 64 69 74 85 71 93 92 82 81 54 95 56 70 77 98 94 99 97 69 78 59 98 88 51 53 
53 81 61 57 94 59 68 79 52 58 77 97 79 91 81 97 65 60 92 84 73 57 75 0 55 86 96 98 83 90 79 74 50 65 97 95 77 64 57 90 80 83 70 52 58 95 81 88 65 75 68 56 60 60 80 88 89 97 62 98 88 
81 86 91 78 70 84 71 87 88 93 59 62 57 56 93 66 72 64 64 74 58 89 61 61 0 76 51 79 61 76 73 65 94 60 90 83 84 58 53 61 97 56 85 58 73 84 71 80 50 96 64 75 91 95 96 92 50 80 54 90 83 
66 70 69 62 92 71 75 61 71 88 79 57 68 67 97 60 52 98 84 64 91 74 97 75 99 0 71 65 82 59 58 57 68 80 88 93 73 77 63 91 55 93 63 71 99 52 70 59 67 53 70 83 70 82 76 87 89 67 68 79 55 
70 72 62 88 84 74 73 78 62 51 65 61 56 88 70 92 79 72 76 61 59 51 73 83 53 96 0 75 65 75 77 55 71 79 52 88 64 79 68 85 91 99 53 95 74 53 68 94 70 64 63 90 92 85 59 55 75 52 89 68 82 
56 76 93 84 97 52 73 98 51 58 73 77 69 64 87 57 86 68 69 61 68 78 69 93 96 59 92 0 64 75 53 62 55 73 70 77 71 61 84 88 62 97 84 61 96 90 84 56 69 71 64 81 57 56 66 52 98 50 68 98 74 
58 59 65 87 77 59 80 66 91 56 77 56 53 67 74 67 87 84 75 94 55 96 81 67 77 97 56 93 0 55 84 75 72 93 87 75 51 78 96 78 88 61 94 63 96 95 96 99 76 54 75 77 75 79 59 66 99 67 98 77 78 
52 69 81 97 77 99 68 71 73 99 98 79 99 50 59 98 96 98 70 53 52 98 76 90 63 67 56 81 55 0 72 75 68 51 91 95 96 56 52 69 64 62 54 67 92 76 52 66 98 63 64 88 95 73 83 64 91 51 91 87 60 
54 80 70 84 63 78 91 62 66 70 81 70 82 76 87 90 90 64 52 75 84 98 98 75 54 87 85 64 84 85 0 78 54 90 98 50 57 77 88 56 77 83 75 65 56 70 99 90 82 97 67 82 67 54 57 54 61 56 79 63 65 
97 56 73 79 74 66 53 87 91 54 84 95 95 95 85 92 87 65 65 91 51 59 88 53 54 72 59 55 60 61 87 0 77 81 99 78 69 97 88 52 77 88 61 77 50 57 83 93 91 88 93 57 54 53 77 61 92 69 85 86 84 
73 68 73 78 92 79 73 54 95 71 83 74 75 76 70 95 57 78 52 51 58 55 54 88 69 57 85 93 70 54 53 68 0 93 63 55 76 90 69 57 90 77 88 58 61 51 77 50 79 95 61 51 74 55 84 54 53 89 80 92 73 
80 54 95 90 80 72 81 50 81 57 98 69 74 80 63 75 52 89 63 68 84 81 80 53 55 54 83 57 99 97 54 74 77 0 97 94 77 94 77 71 50 92 65 97 65 56 98 70 63 55 74 94 73 55 50 54 56 96 78 77 74 
84 98 54 97 76 84 95 85 67 52 89 70 60 86 77 93 76 79 99 96 97 98 69 91 95 88 69 77 55 58 92 83 79 71 0 83 97 90 84 85 80 69 76 65 62 73 95 65 88 97 90 87 55 70 57 74 70 76 91 53 69 
94 69 80 99 87 61 52 96 85 53 55 64 74 79 78 65 53 83 62 82 55 88 87 86 96 50 70 66 86 72 89 82 77 83 77 0 86 60 77 64 53 85 95 74 84 94 58 62 82 88 93 64 70 53 51 69 89 98 94 90 75 
85 86 68 99 99 92 85 67 79 90 97 77 99 52 85 65 90 78 58 79 70 89 68 71 88 90 92 93 52 51 77 89 64 62 57 58 0 93 61 51 95 63 68 89 73 66 63 75 66 97 88 96 71 67 76 66 55 65 65 87 88 
65 98 68 90 94 60 70 82 88 87 94 70 70 67 53 83 64 76 54 50 57 74 79 55 75 52 98 82 97 94 73 84 83 90 50 82 61 0 86 79 58 57 55 93 73 56 96 67 53 92 74 74 73 51 70 72 76 91 80 54 78 
57 53 93 53 53 60 99 69 97 92 81 63 57 59 60 60 66 92 75 98 78 82 96 88 84 82 68 50 60 85 77 56 87 87 86 68 88 67 0 66 95 69 66 73 67 74 55 89 57 91 74 69 93 57 60 81 87 92 51 61 95 
71 58 61 95 70 74 69 85 56 59 53 98 61 51 65 61 69 59 58 62 81 56 87 73 89 75 73 85 93 82 76 59 79 51 63 56 67 90 98 0 52 54 72 75 57 52 86 76 57 98 73 69 52 73 71 88 82 87 76 76 67 
52 99 70 81 70 68 90 76 96 69 51 81 83 77 73 85 97 63 75 74 93 64 81 87 92 60 71 73 54 92 93 54 98 83 98 69 70 53 59 68 0 80 98 93 55 71 65 80 84 88 86 96 60 67 79 89 68 77 74 53 84 
55 84 77 93 98 51 82 71 65 86 56 87 99 99 75 94 70 64 90 53 56 88 92 94 85 68 98 53 82 86 64 71 86 52 63 71 84 84 50 57 98 0 58 84 52 80 51 68 99 63 61 74 97 74 98 94 69 78 50 98 96 
55 82 55 94 77 87 54 78 55 59 81 98 82 82 61 56 78 58 57 91 57 96 97 93 82 83 70 63 75 83 93 50 74 82 69 95 89 95 88 53 68 85 0 97 52 74 62 67 91 65 69 62 88 56 96 69 62 61 55 69 75 
81 96 66 87 65 75 70 59 66 71 88 69 61 86 74 92 93 70 57 83 57 57 81 83 52 81 76 80 60 71 82 68 77 58 75 58 60 78 93 87 63 94 56 0 52 59 56 59 57 58 93 97 79 55 92 83 62 90 98 96 92 
50 95 98 88 74 88 59 55 68 57 68 69 50 59 72 66 53 65 54 54 56 98 63 85 78 58 76 53 76 79 87 85 92 73 67 92 87 96 71 87 87 52 85 89 0 90 85 61 84 51 51 85 60 91 62 58 71 68 84 61 94 
90 85 57 75 68 73 68 65 59 80 64 97 72 60 92 52 78 57 84 53 94 53 92 62 87 64 57 84 55 75 71 83 56 93 51 74 90 76 55 55 60 80 71 83 79 0 96 90 92 84 93 68 50 93 50 73 89 77 51 66 65 
74 94 94 96 71 65 52 64 96 56 71 80 92 87 87 97 89 80 55 85 76 89 57 97 68 51 65 80 71 95 54 92 91 92 99 63 95 62 98 60 51 95 55 79 81 58 0 89 61 81 55 60 87 54 95 90 60 78 82 63 69 
92 51 89 94 96 99 95 66 66 61 64 54 62 87 55 59 85 74 99 83 99 94 63 57 69 90 54 81 54 98 92 81 88 72 99 87 59 51 68 84 93 78 51 77 90 90 53 0 76 51 82 99 59 53 69 64 60 65 73 81 63 
59 91 59 64 92 61 96 76 90 89 51 56 68 83 56 98 87 56 96 86 77 64 95 55 92 51 80 81 68 69 71 74 63 94 91 75 64 98 58 82 62 76 81 79 68 74 87 62 0 94 77 92 89 98 77 61 69 79 79 72 92 
86 65 99 87 54 84 61 73 77 53 68 50 84 83 59 68 85 70 64 89 67 57 70 96 58 88 80 94 68 89 82 75 79 67 53 69 98 68 68 75 55 95 66 68 57 54 99 72 82 0 74 66 78 71 98 99 90 92 98 56 50 
65 52 98 99 55 70 52 58 72 74 56 77 55 78 53 75 92 89 87 74 77 60 93 53 57 87 63 88 51 76 95 64 82 71 61 77 93 76 66 87 51 57 88 60 76 90 60 78 61 87 0 70 69 61 98 95 63 91 75 80 74 
86 70 57 98 63 53 63 76 81 52 55 58 92 79 52 74 61 97 56 71 81 65 86 66 93 62 69 56 65 78 65 76 82 92 53 87 94 71 90 99 78 98 71 70 92 78 79 76 79 68 94 0 95 63 83 57 86 77 65 84 56 
65 80 85 52 51 88 73 67 71 58 58 63 64 92 62 55 96 97 53 57 54 78 86 51 91 69 58 82 68 91 75 95 78 91 53 53 60 96 95 65 69 67 57 54 54 68 65 86 92 94 95 98 0 90 58 51 88 61 73 67 67 
57 79 63 93 54 92 94 66 60 99 88 54 64 76 58 73 79 70 67 98 82 71 85 65 77 79 54 90 69 94 82 80 71 66 80 77 51 96 74 91 66 64 94 58 85 66 92 83 56 59 57 58 51 0 68 82 64 87 64 68 94 
70 71 50 64 81 72 84 62 70 66 69 65 63 87 53 73 54 52 77 92 89 94 89 92 73 96 51 59 66 62 54 62 71 51 66 72 56 79 95 95 84 72 91 60 89 84 70 71 76 93 95 97 68 67 0 70 86 81 60 92 52 
87 83 60 77 85 75 81 58 84 86 93 93 83 86 51 93 83 95 54 96 78 86 79 97 95 82 66 73 95 63 70 58 60 72 96 80 50 70 93 64 52 60 64 73 75 95 50 95 62 51 55 72 82 95 95 0 70 76 79 91 84 
77 57 76 91 53 82 52 92 90 72 69 52 57 85 84 58 89 64 63 55 88 87 95 51 70 53 95 88 76 88 64 71 91 74 94 95 95 95 96 72 54 72 58 98 95 90 80 92 52 71 76 51 55 83 79 86 0 50 54 77 63 
71 66 54 86 77 78 86 82 87 75 87 51 92 92 98 65 63 89 59 50 80 87 81 59 52 66 68 65 96 86 61 80 62 63 70 50 74 67 96 82 81 60 80 58 73 93 93 84 56 58 57 54 85 71 86 89 77 0 68 81 91 
52 92 89 56 52 63 82 67 64 88 99 78 68 60 81 78 90 53 63 74 59 54 86 69 58 54 91 72 95 64 88 68 67 71 59 72 96 54 95 78 61 90 61 73 73 66 78 53 55 65 68 85 61 64 62 59 69 76 0 77 85 
96 89 51 93 67 55 66 72 52 83 80 89 67 95 55 65 56 97 62 99 84 62 66 93 61 86 69 75 52 70 81 99 60 99 98 90 82 82 88 79 82 60 65 92 90 71 54 95 80 64 76 99 52 87 96 69 98 99 57 0 72 
98 83 87 61 52 78 71 72 67 81 54 59 94 69 66 83 70 70 90 68 74 59 74 51 59 58 66 86 76 85 68 54 78 96 91 60 62 74 85 78 84 90 84 50 55 81 54 98 58 52 70 87 68 73 97 97 51 80 69 50 0 
