n: 60
m: 4
Pi:U[1-99] 54 87 49 26 22 39 48 90 70 14 70 77 9 58 48 2 15 45 56 50 43 53 17 74 48 77 17 25 26 8 83 51 7 61 14 51 47 60 15 88 76 3 36 73 94 64 85 25 52 42 45 80 59 49 94 41 24 49 22 2 
Si:U[50-99]
0 39 53 54 54 38 57 64 44 55 99 91 82 99 99 99 99 99 99 99 99 99 99 99 78 99 88 99 97 82 99 99 99 94 91 99 99 99 99 99 88 93 99 76 99 99 82 99 85 99 94 99 99 99 99 91 85 90 99 99 99 
60 0 58 35 46 48 61 46 65 36 81 91 99 99 99 99 81 99 99 91 99 99 99 94 99 99 99 99 99 96 99 91 99 82 99 99 82 99 99 93 99 76 97 99 93 99 99 97 99 99 99 99 99 76 99 99 99 99 85 99 99 
64 64 0 60 54 36 56 50 51 36 99 78 84 79 99 99 99 85 99 99 99 99 99 94 99 99 99 99 99 99 99 99 99 99 99 75 99 99 99 84 99 99 99 88 99 99 99 99 79 99 99 93 99 99 75 99 99 99 99 99 99 
56 41 44 0 50 34 42 46 40 43 99 99 87 99 99 99 99 96 99 99 99 99 99 99 99 75 99 84 99 99 99 99 99 99 99 85 99 87 99 99 99 99 91 99 79 87 81 99 88 82 87 99 99 99 99 99 99 99 88 99 81 
40 36 38 64 0 54 45 36 62 49 99 99 99 88 99 99 99 94 99 90 99 99 99 99 96 99 99 99 76 99 99 99 99 93 99 99 99 99 99 99 99 99 99 99 94 99 96 99 99 99 99 99 99 99 84 91 99 99 99 88 99 
38 47 64 50 56 0 56 58 54 64 91 99 99 87 99 99 81 99 99 99 99 99 90 93 99 82 99 99 99 99 99 99 99 84 99 99 99 99 99 99 91 99 94 94 99 82 99 99 99 99 99 99 99 84 99 99 99 96 99 99 99 
64 40 38 56 38 50 0 58 58 36 99 99 99 76 79 90 99 79 84 99 99 99 99 78 99 99 99 99 99 99 99 99 91 88 99 99 84 99 99 94 84 79 85 84 99 99 99 99 99 87 97 99 99 99 79 75 99 99 88 87 99 
45 42 36 46 41 39 64 0 63 37 99 75 99 75 99 99 99 99 85 93 99 99 99 93 99 99 82 76 99 99 84 99 76 88 99 99 97 75 99 75 99 99 99 85 99 93 99 99 96 75 99 99 82 90 79 99 99 79 99 99 99 
50 41 48 35 47 43 65 40 0 48 81 99 99 91 99 99 99 79 79 99 99 99 99 99 79 87 99 99 76 99 99 99 78 99 99 94 99 93 96 76 91 99 76 99 75 99 99 99 99 99 96 97 99 99 99 99 99 99 93 99 99 
38 58 59 34 60 50 48 48 42 0 99 99 99 99 99 76 99 99 99 99 99 99 91 99 78 99 99 87 99 99 91 99 99 88 93 99 78 99 99 99 87 99 99 99 99 99 99 99 99 99 93 88 88 99 99 99 87 99 99 87 94 
99 79 82 99 99 99 93 87 99 99 0 64 34 39 35 61 39 50 61 51 99 99 99 81 99 84 87 99 99 99 99 94 99 99 76 81 99 99 82 90 99 99 81 99 99 99 99 91 99 99 99 99 99 99 99 82 87 99 87 88 85 
90 99 99 99 84 99 99 97 79 99 62 0 46 54 60 38 52 42 48 51 99 99 99 99 99 99 99 99 99 99 99 93 99 96 99 93 99 90 99 90 82 99 99 99 99 99 99 99 99 81 99 91 85 96 99 99 82 99 75 99 99 
99 84 99 99 88 99 99 99 99 99 36 46 0 55 48 64 59 65 53 42 78 93 82 82 78 99 99 99 99 82 85 99 99 99 78 99 99 85 99 99 99 99 85 99 82 99 99 99 99 99 90 99 81 99 99 99 81 99 99 99 97 
99 99 99 84 99 99 99 84 99 99 38 62 46 0 37 53 63 54 35 41 99 99 99 99 99 76 99 99 99 99 99 90 96 87 99 99 85 75 94 99 99 99 85 99 91 99 99 99 99 81 88 99 76 99 99 76 99 99 99 81 99 
99 90 85 99 99 99 94 94 99 99 44 50 61 54 0 39 58 47 45 55 90 99 94 99 99 99 99 99 87 99 99 79 99 99 99 79 99 99 99 99 99 88 99 99 99 99 99 99 99 78 75 99 79 78 99 99 99 99 99 99 99 
99 99 99 99 99 99 99 97 76 99 64 54 38 43 64 0 54 52 63 61 87 99 91 99 99 90 99 76 99 85 99 79 99 99 93 99 79 99 99 87 99 99 99 76 99 78 99 90 99 97 97 99 99 90 94 94 99 81 99 99 96 
99 99 79 99 99 99 90 87 99 99 40 38 51 65 64 36 0 58 34 54 84 93 87 94 99 79 84 99 82 99 99 99 99 97 99 99 99 99 94 99 99 99 78 79 99 94 99 99 99 99 81 99 99 82 99 94 99 99 99 91 99 
85 99 99 99 99 99 84 99 99 90 62 36 66 58 47 62 38 0 38 56 85 99 99 81 99 93 99 99 99 88 99 99 99 99 85 75 99 99 99 99 96 99 99 99 97 75 94 99 81 99 97 99 93 99 99 99 99 99 99 99 91 
91 79 99 99 99 88 91 99 84 90 57 44 59 55 40 40 59 49 0 50 76 87 85 99 99 85 90 99 99 75 90 99 79 99 99 81 99 99 99 99 99 99 91 99 99 93 99 90 99 99 78 84 99 99 99 87 99 99 79 85 84 
82 99 99 99 99 99 99 99 99 81 44 46 46 50 39 46 56 64 55 0 99 99 81 85 99 99 99 75 99 99 99 99 99 99 99 99 82 79 99 88 88 99 99 99 79 99 79 99 99 99 87 99 99 99 99 94 99 99 76 75 99 
76 99 99 99 99 81 78 99 81 85 99 99 99 81 99 99 99 99 99 99 0 62 58 41 60 62 56 36 48 48 84 96 99 99 99 87 76 99 99 76 75 91 99 79 99 99 99 99 87 99 90 85 99 99 99 75 99 99 99 76 99 
82 97 99 99 82 99 99 99 87 81 99 99 99 99 99 99 82 99 99 99 56 0 66 64 51 40 46 44 46 51 99 99 99 81 99 96 99 99 87 99 99 99 99 99 99 99 99 99 99 90 99 99 85 99 99 99 99 99 76 99 99 
99 96 99 99 99 99 99 88 99 82 99 99 90 96 99 99 91 78 99 76 44 41 0 48 44 51 54 65 64 42 99 87 99 99 99 99 99 99 99 99 99 99 99 99 99 90 99 76 99 85 99 99 99 99 99 99 88 79 99 99 85 
99 78 99 99 99 99 82 99 99 99 99 93 99 99 88 99 79 99 99 99 63 47 38 0 52 51 58 49 61 48 75 99 99 78 94 99 99 99 82 99 99 99 99 99 99 99 99 99 99 97 99 99 76 79 99 87 99 91 99 99 99 
99 99 79 99 88 99 99 82 99 99 99 99 99 99 76 99 85 96 96 99 44 46 46 38 0 63 48 61 40 39 84 99 99 99 99 99 99 99 99 99 99 99 81 99 99 79 99 94 99 81 99 78 99 99 79 76 99 99 99 99 99 
97 99 99 79 91 99 99 99 90 99 91 99 99 99 99 76 99 99 99 99 42 54 44 49 54 0 38 48 51 62 97 75 90 99 99 96 99 99 99 88 99 99 99 99 99 99 87 99 94 99 99 99 99 99 96 99 99 99 99 99 99 
81 99 99 99 99 99 78 81 81 99 99 99 99 99 99 99 78 99 99 99 40 43 36 36 37 54 0 33 55 62 81 99 99 97 75 99 99 99 99 99 99 99 97 99 79 99 99 75 99 99 81 99 99 97 99 99 99 99 99 79 87 
91 97 79 99 94 99 99 79 99 84 99 99 79 99 97 76 99 99 99 90 64 54 66 62 40 36 64 0 56 36 99 99 81 99 99 99 99 85 99 99 99 99 99 99 76 75 99 99 99 99 99 99 93 87 99 82 99 99 99 99 99 
99 99 99 99 99 78 87 94 99 75 87 99 76 94 99 84 99 99 90 99 48 65 52 53 48 41 48 46 0 38 78 99 99 99 99 81 99 99 91 99 97 99 99 99 99 99 99 90 76 99 91 99 99 99 99 93 96 75 99 99 99 
81 90 99 85 99 99 99 99 99 96 99 99 81 99 99 99 96 99 99 79 43 58 48 63 38 59 56 42 63 0 82 94 99 90 99 99 93 97 99 99 78 99 99 84 99 99 99 99 99 99 99 90 99 84 99 87 90 94 76 99 99 
99 99 99 99 99 97 75 99 90 99 90 99 99 99 99 99 99 99 96 99 99 87 99 99 99 87 99 99 99 99 0 53 37 57 63 40 65 35 46 39 81 99 91 99 90 99 99 91 99 99 79 87 99 87 99 99 99 99 99 99 99 
79 99 99 99 94 99 99 99 91 99 99 79 99 99 99 99 99 99 99 99 99 96 85 99 99 99 99 99 99 96 52 0 43 64 45 56 33 60 44 59 99 99 96 99 96 94 99 99 87 99 99 99 99 99 99 88 76 91 99 99 82 
99 99 99 99 99 99 99 99 99 99 99 99 79 99 99 99 99 99 99 99 99 99 99 93 99 99 99 99 97 75 50 52 0 56 54 54 47 40 54 60 94 99 99 81 99 79 99 99 90 99 99 99 99 99 99 99 99 99 94 99 87 
99 99 99 99 99 99 85 99 78 76 99 99 99 99 99 99 99 99 78 99 99 99 99 99 99 99 99 99 99 82 40 34 46 0 54 40 38 56 46 66 99 94 96 75 99 78 82 99 99 88 97 94 99 97 87 99 99 99 99 99 84 
99 82 99 99 88 99 99 99 94 99 99 99 99 81 75 88 84 82 99 99 99 76 99 99 99 99 99 79 82 99 55 33 47 60 0 48 66 56 42 62 99 81 99 99 96 88 90 99 99 99 99 99 99 85 99 99 78 84 99 99 99 
99 99 99 99 99 99 99 88 99 99 76 85 97 99 97 81 99 99 79 99 79 99 90 99 85 99 99 85 97 97 58 38 38 38 59 0 42 61 45 36 99 99 87 99 99 99 93 81 99 99 99 99 99 85 99 81 99 81 99 82 87 
99 99 82 99 79 99 99 99 99 99 99 99 99 85 99 99 75 82 81 76 81 87 99 78 99 99 99 99 99 75 48 65 64 35 38 49 0 44 46 55 99 79 99 99 99 97 99 99 99 99 99 99 88 99 84 81 99 99 91 84 99 
84 85 99 96 93 78 87 90 76 99 99 99 99 99 79 99 88 99 99 99 93 91 78 99 99 99 99 99 99 99 35 48 54 66 44 40 54 0 38 36 99 96 99 99 99 99 99 93 99 99 99 99 99 99 84 99 99 99 99 99 99 
99 81 99 99 85 85 99 99 99 99 81 99 82 82 99 88 99 99 99 76 94 99 76 78 99 99 99 99 99 99 46 52 51 55 41 60 41 54 0 50 99 99 99 99 96 99 88 99 99 99 99 99 78 99 76 99 99 99 99 99 84 
99 99 88 82 99 99 99 97 87 99 99 99 99 88 76 88 99 94 99 81 99 76 99 99 99 99 99 99 91 90 44 48 60 38 48 64 54 45 44 0 85 99 78 99 99 99 85 85 99 99 99 90 99 99 85 99 96 81 93 82 99 
99 99 99 91 99 99 99 85 99 99 82 85 99 76 99 91 99 99 99 94 99 99 99 93 75 99 90 99 99 99 99 99 99 90 82 99 99 99 99 99 0 46 62 44 45 36 58 44 50 51 99 81 99 99 99 99 94 99 99 99 99 
87 87 99 96 99 99 76 99 99 76 99 99 91 78 78 93 99 99 99 99 96 82 99 99 99 99 99 81 99 99 99 84 99 99 99 99 99 99 99 99 42 0 46 52 61 42 62 44 46 65 75 99 99 99 78 96 90 99 99 99 99 
99 94 99 99 99 99 99 81 84 99 91 78 82 84 99 85 97 99 79 99 99 99 75 97 81 99 99 99 99 85 85 99 99 99 99 99 99 99 90 99 44 43 0 64 38 60 64 48 54 38 99 99 99 99 75 99 99 99 99 75 91 
99 97 99 99 99 99 88 99 75 99 90 99 99 99 99 99 99 99 99 84 99 99 99 99 99 78 99 99 99 99 99 93 99 99 99 99 99 99 79 99 36 41 52 0 41 58 58 62 40 44 85 99 76 99 99 99 97 99 99 99 87 
99 78 82 99 99 99 99 85 90 99 99 99 99 99 82 99 97 94 90 99 76 99 99 99 99 99 99 99 99 99 99 93 99 99 99 99 99 99 99 99 64 39 46 65 0 46 58 47 62 51 93 99 99 99 99 99 99 99 99 93 99 
85 99 99 76 99 99 76 99 99 81 91 82 99 94 99 99 99 99 99 99 99 99 99 99 82 99 97 99 79 99 96 99 82 99 99 90 99 99 99 99 41 62 61 55 64 0 41 45 47 40 99 99 99 82 88 99 99 99 99 93 99 
99 99 82 99 99 84 94 84 79 99 99 99 99 99 99 99 99 99 99 85 99 99 81 99 99 99 88 99 99 99 99 78 99 99 78 99 99 90 87 99 38 34 47 57 48 63 0 64 50 46 99 99 99 99 82 99 99 99 91 94 99 
99 99 87 99 99 99 99 99 84 93 99 90 96 99 99 76 99 99 94 99 99 99 99 99 99 99 99 81 99 96 96 81 87 99 96 96 99 79 99 81 47 59 47 59 66 58 43 0 54 54 99 99 97 99 79 82 99 99 99 99 99 
99 81 99 99 94 76 99 79 99 76 99 81 76 99 99 99 99 82 88 99 99 88 76 96 99 99 99 99 91 79 94 87 99 99 99 99 99 99 88 78 66 44 54 48 42 47 35 34 0 44 99 79 79 96 99 88 99 99 99 99 99 
87 97 99 85 99 93 99 99 79 99 91 99 81 99 97 99 99 99 91 99 76 99 99 99 99 84 99 99 91 99 99 99 87 99 79 99 99 99 99 99 36 57 58 40 58 52 39 56 44 0 90 94 99 99 99 88 85 99 99 79 79 
97 99 87 99 99 97 99 75 99 99 99 81 99 99 94 99 99 99 96 99 99 99 99 99 76 99 79 84 99 99 99 99 99 99 99 99 99 75 78 99 78 90 99 99 99 99 97 85 79 99 0 47 52 47 45 42 55 36 40 40 99 
76 99 76 76 99 99 99 93 99 99 99 99 85 78 75 79 96 99 76 75 78 99 99 99 99 97 99 99 99 99 99 99 90 93 91 99 87 99 99 99 99 75 99 97 90 99 94 99 90 88 51 0 58 47 52 56 64 52 35 40 97 
99 99 99 99 99 99 99 75 99 99 99 99 76 88 99 93 99 99 99 99 99 99 99 99 87 99 87 99 99 93 99 88 99 99 94 99 99 82 99 99 99 99 91 99 99 99 99 99 99 99 51 65 0 64 58 42 38 38 47 49 97 
99 99 99 84 99 99 75 99 99 99 88 99 99 99 99 99 99 90 99 99 91 93 87 99 99 99 76 90 84 99 99 99 81 75 99 94 99 99 93 99 99 87 99 93 99 75 96 99 99 99 44 43 64 0 59 48 38 37 53 60 84 
99 88 99 99 91 99 99 99 94 88 81 76 99 96 85 99 99 99 99 93 99 75 99 99 99 75 99 99 99 99 85 99 99 76 99 99 99 75 99 76 99 99 99 91 99 99 99 99 99 99 52 42 43 43 0 54 35 37 56 34 75 
78 99 78 79 99 99 90 97 99 99 99 79 99 94 99 99 99 90 99 99 99 88 99 99 99 99 96 99 94 85 99 90 99 84 99 99 79 78 99 90 99 99 75 79 99 99 99 99 99 78 64 64 65 62 52 0 50 56 39 43 99 
99 99 84 99 84 88 90 99 99 99 99 78 99 76 99 99 99 78 99 99 99 99 99 90 99 96 99 99 99 99 99 99 99 99 79 84 79 99 99 99 84 99 99 88 99 99 99 99 84 99 61 37 40 60 38 40 0 38 38 49 99 
75 84 99 85 85 99 99 99 99 99 99 99 99 99 79 99 99 75 99 87 99 99 99 99 85 99 99 99 99 90 78 99 99 90 99 91 99 81 76 99 91 99 99 99 78 99 85 99 99 99 38 62 38 56 52 60 45 0 33 50 97 
99 94 99 99 99 99 87 99 99 81 79 85 99 99 99 99 99 99 99 99 99 99 88 79 99 99 82 99 99 99 99 99 99 99 99 91 99 99 78 97 84 99 99 99 99 99 85 87 99 99 47 38 46 40 52 37 34 52 0 36 99 
99 99 99 93 99 81 99 99 99 78 81 84 99 99 79 82 99 99 97 99 88 99 99 99 79 99 85 99 97 81 97 99 94 81 85 78 99 99 97 85 76 99 94 99 99 93 99 99 81 99 40 44 47 60 56 44 49 64 54 0 99 
78 99 79 99 99 99 99 99 79 82 99 97 99 97 99 99 99 82 99 99 99 99 99 99 99 99 85 99 99 99 99 99 81 97 99 99 82 90 99 75 99 99 99 96 99 82 99 99 99 99 99 99 99 99 99 99 99 99 91 99 0 
