n: 60
m: 6
Pi:U[1-99] 11 38 10 1 36 54 40 32 48 99 87 58 22 41 93 72 50 11 51 95 48 38 75 61 85 94 30 4 63 66 94 37 79 31 98 82 1 80 96 51 65 69 30 77 14 20 49 14 84 77 20 61 90 64 39 82 29 79 49 10 
Si:U[50-99]
0 87 96 96 57 67 74 68 97 76 74 53 81 58 92 77 96 74 58 87 64 52 76 73 53 78 80 71 80 76 78 51 77 83 68 55 90 93 83 70 95 65 70 97 50 60 58 73 81 51 55 81 98 78 76 57 71 85 96 83 59 
61 0 60 77 85 85 71 61 99 75 89 61 79 80 76 70 72 71 68 65 71 60 86 91 69 90 52 56 95 56 55 75 92 89 94 64 54 93 95 93 92 80 90 64 50 70 51 90 83 71 96 57 88 68 95 78 53 82 95 85 86 
69 73 0 85 93 96 73 59 62 97 67 65 54 96 57 55 87 84 60 94 63 85 85 71 94 59 70 72 80 53 64 88 51 80 66 90 79 96 57 93 97 55 68 50 65 63 58 51 59 78 97 74 74 84 91 91 89 94 89 90 94 
78 63 96 0 85 58 60 81 57 93 80 92 77 65 92 86 65 79 51 56 68 58 85 80 64 88 93 70 51 97 66 57 77 64 66 99 55 93 79 99 86 63 77 54 75 68 57 57 50 82 91 62 95 53 96 69 93 93 70 68 65 
84 64 72 74 0 55 86 95 77 83 90 79 65 54 54 74 95 84 99 89 97 85 64 88 82 50 60 69 59 84 91 59 72 82 63 99 90 71 74 67 66 50 70 63 86 73 93 83 88 74 68 66 54 83 87 96 60 89 55 50 82 
88 92 81 64 54 0 62 58 82 88 78 94 94 55 61 67 58 51 77 91 77 56 83 72 87 93 59 96 98 60 80 82 75 84 51 67 72 79 67 91 62 94 70 85 61 51 67 88 80 73 95 84 63 70 64 57 99 63 97 82 51 
71 98 90 67 52 73 0 70 74 72 80 91 71 71 62 98 72 81 94 74 63 59 79 56 68 94 74 64 73 97 62 55 97 74 57 91 58 76 61 66 60 82 73 63 97 91 74 59 89 56 72 51 91 81 98 83 98 60 52 81 98 
70 72 78 54 59 82 50 0 96 86 83 84 61 82 78 75 98 82 89 75 93 68 97 74 88 83 62 76 90 59 52 97 62 88 99 82 70 89 82 97 71 57 66 98 66 70 61 91 64 56 94 76 66 90 71 87 96 94 72 75 52 
99 82 55 76 92 75 93 83 0 88 70 69 65 58 91 88 53 51 57 96 59 96 50 62 63 99 77 76 64 81 82 82 90 52 98 54 95 55 63 77 61 61 50 88 63 97 88 84 65 73 57 53 54 83 64 84 97 53 62 53 99 
81 68 59 85 87 73 85 72 51 0 87 78 96 79 64 89 62 66 87 65 75 76 90 82 99 65 81 57 64 67 99 63 91 66 78 50 61 57 88 56 52 83 68 73 74 74 69 85 90 99 52 93 89 80 78 78 62 65 54 82 70 
75 83 61 75 53 97 92 80 69 87 0 74 79 53 94 52 51 53 63 99 59 51 52 65 99 88 94 93 73 71 64 82 75 87 67 73 85 71 64 67 69 67 50 70 94 69 73 99 80 79 69 99 60 86 97 61 77 69 72 54 66 
75 86 86 80 80 53 86 75 70 96 92 0 94 82 67 67 94 97 80 86 96 80 65 83 69 70 83 67 61 66 85 99 86 73 94 69 77 59 84 61 80 70 67 71 77 87 92 69 99 93 51 89 79 65 50 60 72 79 60 90 94 
63 68 62 56 61 91 86 75 73 50 64 85 0 80 99 60 71 91 82 59 71 93 95 78 75 54 67 99 61 51 79 86 70 64 84 70 66 57 58 92 92 77 57 87 72 89 97 60 95 57 70 83 92 89 70 58 59 72 53 77 67 
72 80 89 96 63 58 84 96 61 83 51 57 94 0 73 62 83 65 98 59 61 93 74 59 81 59 67 94 83 96 82 92 54 55 83 61 85 75 93 74 69 67 56 91 67 77 65 58 97 53 91 69 54 55 74 53 94 84 85 52 52 
91 83 99 77 89 58 80 68 53 81 70 95 76 81 0 94 97 92 99 77 88 89 62 80 75 67 92 91 82 77 82 82 87 74 65 72 87 90 56 64 98 68 84 51 61 97 82 95 54 79 50 98 68 56 81 89 77 81 69 50 62 
71 94 83 64 59 98 84 57 73 87 92 75 79 84 95 0 96 84 67 66 83 92 52 77 78 91 80 74 63 54 96 55 61 79 51 93 68 58 79 62 91 59 96 60 76 56 50 68 68 78 89 74 84 88 71 54 55 63 83 62 91 
97 50 83 50 63 95 77 76 81 64 50 96 71 54 78 97 0 57 97 88 60 77 58 63 67 51 60 69 89 73 52 52 81 60 66 59 50 59 98 87 66 62 56 52 59 78 53 98 55 52 70 69 95 86 71 56 52 60 51 90 95 
59 70 73 81 95 51 94 83 78 68 65 50 64 62 62 90 70 0 68 75 56 99 65 65 66 98 86 99 88 59 89 54 79 52 77 76 98 87 74 61 57 90 82 62 94 90 78 79 87 79 53 87 91 96 70 56 93 76 54 73 93 
82 82 65 75 82 76 99 76 84 96 82 71 66 72 68 98 50 57 0 89 52 97 87 93 67 90 95 53 51 86 96 89 65 87 52 63 54 90 87 75 98 97 63 82 61 73 99 75 78 64 52 70 76 79 95 55 95 76 57 69 94 
61 76 65 80 56 72 56 79 97 62 67 53 98 99 65 72 64 87 63 0 93 94 52 61 99 82 97 60 72 74 59 74 86 54 72 66 89 56 68 57 80 82 96 62 82 59 65 66 98 92 58 93 64 57 96 84 79 91 66 87 89 
96 64 79 60 98 92 78 51 74 57 88 62 60 65 77 54 89 68 59 65 0 75 84 84 59 79 65 93 96 65 87 96 92 70 66 52 68 79 92 52 75 95 88 81 51 77 88 75 50 99 63 55 66 57 91 53 73 99 95 61 90 
97 53 64 91 81 57 72 64 63 88 53 87 91 69 93 86 84 70 79 77 67 0 79 82 69 78 86 50 58 94 52 87 97 87 90 81 77 95 60 96 92 93 59 93 77 91 87 69 67 78 76 99 81 60 56 74 83 79 75 91 67 
58 66 84 75 52 88 53 75 93 88 50 98 83 58 56 59 55 90 89 51 93 76 0 93 84 65 92 80 54 81 64 72 62 81 85 82 82 78 77 64 59 82 97 77 69 79 71 74 65 53 98 56 76 97 75 86 60 82 66 62 73 
84 84 60 76 73 90 53 82 64 93 69 83 60 78 51 86 64 59 77 66 57 58 72 0 88 85 87 98 91 76 55 96 55 69 67 82 95 76 51 89 76 71 59 78 70 69 91 96 92 68 67 67 61 60 74 67 51 51 58 67 59 
55 52 98 80 63 84 95 95 58 69 93 61 66 81 61 59 80 81 93 53 87 91 96 81 0 84 84 64 68 56 99 83 96 93 81 65 84 60 62 55 80 77 56 74 66 66 61 94 86 94 70 60 82 54 69 85 80 99 74 59 59 
97 66 59 67 58 94 87 65 56 87 76 96 86 50 79 98 67 73 89 51 75 66 80 70 65 0 99 96 59 55 57 57 84 67 83 52 70 67 94 77 66 71 76 59 92 68 53 56 98 84 97 76 81 83 97 80 62 80 67 83 79 
73 55 57 92 62 69 60 76 52 64 61 63 54 78 69 81 80 97 85 59 71 73 71 86 66 52 0 89 84 82 80 64 68 60 70 66 86 61 81 76 65 72 65 80 55 74 64 80 94 85 53 92 92 86 96 55 96 76 87 53 66 
72 64 61 95 89 81 96 93 59 56 51 99 93 75 54 62 79 72 53 64 87 79 72 91 99 81 57 0 62 58 76 81 70 78 50 69 56 86 66 89 75 86 59 97 64 89 59 74 76 96 90 64 75 73 93 93 78 99 85 50 93 
93 63 75 76 52 70 97 94 99 70 87 85 54 81 88 81 63 58 85 83 70 81 63 73 97 65 83 96 0 60 51 80 67 65 91 78 67 87 97 75 77 88 75 60 78 99 57 86 89 58 57 89 96 67 61 81 70 52 72 82 66 
98 75 77 89 53 81 68 89 71 82 79 54 63 59 83 86 92 85 53 70 91 75 99 87 75 85 51 77 63 0 59 53 99 91 50 64 57 70 50 97 67 72 98 85 85 82 97 67 87 78 99 77 67 98 69 80 89 97 85 57 71 
98 63 53 74 99 60 70 95 52 58 53 88 92 53 88 92 55 98 67 65 62 72 77 55 50 65 60 73 76 78 0 81 80 67 60 56 96 86 60 67 70 68 76 81 55 54 79 53 72 79 97 79 55 51 73 66 58 98 85 61 56 
56 68 51 51 65 91 61 58 72 93 61 91 72 52 87 80 62 68 58 58 75 53 91 80 63 78 63 75 84 65 90 0 93 63 82 98 83 67 96 65 99 63 88 68 73 53 52 73 68 56 92 65 63 57 81 85 60 99 58 89 79 
93 95 76 90 69 65 86 61 69 78 54 93 95 50 81 67 62 91 97 91 88 88 71 58 91 70 65 92 52 96 54 65 0 58 86 83 53 50 54 91 59 90 58 79 76 87 67 50 54 82 57 83 96 65 70 91 51 65 79 89 56 
70 53 72 86 81 72 75 65 73 96 78 52 52 87 92 52 81 53 57 51 59 50 56 78 70 50 63 95 99 87 79 69 68 0 51 98 68 87 59 61 52 64 66 88 75 61 87 58 83 83 64 50 66 88 53 83 74 90 95 78 57 
79 89 51 82 89 57 52 72 52 97 88 89 65 79 85 51 72 75 77 62 81 53 89 61 83 57 51 88 64 82 53 95 98 70 0 70 67 54 85 52 78 50 80 66 63 53 66 53 62 92 52 86 68 99 61 59 68 77 92 58 54 
50 92 63 56 95 89 98 74 89 52 91 73 77 54 61 87 80 56 55 64 83 79 90 53 78 64 90 87 60 64 87 62 87 53 52 0 68 65 83 92 54 50 51 99 66 56 57 82 50 57 78 79 97 94 67 70 52 63 90 61 83 
57 50 99 93 92 89 54 61 60 60 73 82 90 71 53 57 83 96 69 71 80 90 98 74 59 91 68 65 88 69 53 58 53 57 67 54 0 51 83 78 89 61 59 95 71 98 58 94 64 98 73 70 95 60 78 71 72 60 67 52 74 
58 89 76 78 96 64 98 83 91 85 92 70 72 60 59 68 97 73 87 97 79 75 51 92 91 71 86 99 65 82 81 65 78 52 94 61 92 0 81 69 54 52 96 81 65 66 54 90 71 66 97 69 98 88 51 67 77 54 91 76 84 
74 96 76 66 60 99 97 98 90 97 74 55 91 81 87 54 84 65 94 98 91 61 71 52 74 93 88 69 82 63 64 76 60 58 69 67 81 98 0 68 89 64 50 53 82 65 89 55 91 90 61 50 51 81 78 95 70 57 51 74 70 
63 69 54 86 79 58 96 82 61 83 73 85 73 98 61 55 93 57 72 72 86 87 72 65 83 93 56 70 67 79 88 89 84 68 62 56 86 79 57 0 53 54 66 76 89 94 68 97 93 96 84 84 77 98 89 59 60 52 90 56 99 
88 55 70 65 85 93 81 68 56 52 69 86 52 65 75 71 91 96 99 94 94 64 57 58 91 63 52 81 51 64 93 83 53 64 91 80 69 76 70 62 0 88 50 95 71 76 70 56 78 74 71 70 94 54 66 67 74 87 83 50 51 
92 68 77 78 56 84 60 71 53 51 78 86 55 66 98 66 94 68 61 70 58 73 52 77 66 75 65 67 91 92 62 52 61 94 61 59 68 98 94 84 58 0 83 85 53 57 92 65 80 53 88 81 83 85 52 88 90 79 82 58 57 
64 91 56 68 84 97 57 72 53 58 81 86 77 81 83 54 91 56 55 75 56 67 98 54 85 72 89 79 56 69 90 81 60 69 85 73 80 59 79 81 99 70 0 69 52 53 66 91 98 75 79 64 85 70 94 54 60 72 67 85 97 
98 80 73 52 73 63 55 53 62 59 90 78 73 88 78 90 52 81 97 64 66 69 65 52 72 85 92 75 66 82 54 50 84 58 52 79 74 67 56 55 91 66 98 0 88 61 88 65 66 70 60 65 89 57 72 70 93 73 58 88 53 
96 66 62 75 54 82 66 65 82 80 82 71 65 61 89 98 50 73 60 87 61 58 70 66 83 77 71 57 78 82 96 85 50 72 92 79 74 58 89 88 84 51 55 73 0 98 92 59 71 73 92 79 79 68 89 82 96 57 78 66 83 
60 81 57 69 60 72 51 93 96 54 98 65 79 61 74 79 84 50 70 57 74 64 53 66 73 95 60 82 82 75 66 55 87 89 90 95 55 96 81 92 96 97 87 62 58 0 94 76 57 97 85 61 50 81 88 97 51 96 74 96 59 
98 58 64 97 52 60 98 76 99 71 61 71 95 93 65 53 92 80 64 88 84 79 70 74 69 53 79 62 53 62 82 80 54 97 50 53 56 98 81 59 79 51 95 68 93 85 0 99 56 60 84 79 75 78 61 79 82 56 78 92 98 
67 71 69 72 98 55 60 90 90 52 56 61 81 70 71 50 86 67 88 84 89 72 91 97 70 52 54 69 71 75 88 90 92 87 66 63 83 56 67 63 70 98 99 73 60 65 65 0 52 73 57 71 91 98 80 86 64 86 64 53 83 
97 73 50 92 84 89 77 78 76 90 59 79 72 95 57 51 70 87 81 73 90 73 99 91 53 81 58 72 65 87 68 71 67 75 73 89 77 89 57 91 72 59 96 88 78 80 52 63 0 65 72 78 64 68 85 55 76 53 76 70 64 
92 81 84 63 83 69 91 86 51 63 58 97 60 57 50 89 51 56 51 95 73 56 87 50 52 89 91 92 66 53 74 58 75 98 97 81 98 50 53 71 66 73 84 55 50 72 78 66 51 0 74 96 85 77 89 63 76 89 90 51 55 
98 87 64 69 92 74 70 94 60 69 60 75 76 68 51 50 80 79 54 83 74 64 64 98 59 60 58 83 69 74 65 78 65 95 97 86 99 50 86 82 79 59 64 80 89 84 89 58 76 55 0 79 66 71 75 72 52 98 89 95 75 
55 86 61 81 91 91 91 57 59 64 55 63 87 73 95 78 58 78 68 94 85 69 72 57 57 66 76 82 63 75 74 90 65 66 56 59 73 91 72 59 66 85 73 53 64 60 82 58 97 94 70 0 69 66 87 62 76 62 56 52 55 
89 99 55 65 83 84 59 99 96 97 79 57 99 68 64 89 92 54 70 72 55 68 71 99 96 69 77 72 65 70 56 61 97 97 96 67 96 92 91 64 67 63 86 50 78 84 57 86 64 82 66 94 0 62 56 63 86 98 63 95 88 
64 99 84 90 86 67 87 55 78 84 76 78 96 85 93 97 74 59 58 92 55 61 83 52 50 59 74 83 73 57 68 75 84 87 83 51 82 70 85 96 54 61 97 64 82 70 56 90 67 55 76 74 55 0 87 74 68 94 65 86 65 
58 76 55 87 68 51 56 82 68 80 80 95 71 85 84 73 69 58 58 54 50 81 61 50 77 87 52 89 92 97 58 92 66 59 83 83 82 95 76 96 64 72 91 97 58 64 83 86 96 54 57 88 93 95 0 93 99 76 91 67 60 
83 89 97 50 79 68 52 69 53 89 98 56 77 61 68 62 95 77 61 89 79 96 98 82 67 65 85 81 91 99 61 68 64 66 96 56 94 96 50 95 88 95 86 58 65 82 51 68 84 88 78 83 62 75 99 0 86 89 75 71 80 
51 78 65 86 91 59 81 51 85 88 93 82 93 81 55 66 70 93 93 95 89 84 99 51 63 74 60 70 89 96 59 77 73 85 76 50 88 86 95 86 62 99 69 84 86 72 54 79 65 52 77 81 60 64 80 71 0 74 87 59 64 
75 96 65 99 54 93 84 60 58 67 61 62 53 71 65 77 89 95 89 90 52 71 68 66 86 96 57 84 57 94 64 71 77 55 59 97 83 99 95 91 61 69 69 87 55 81 58 71 96 96 54 94 54 64 80 78 82 0 91 84 86 
93 92 83 77 63 73 55 94 97 95 90 88 72 99 73 57 83 50 62 55 79 54 57 52 59 93 83 79 94 63 53 53 61 76 57 62 67 55 97 92 52 51 55 64 86 78 62 92 77 56 52 79 50 85 90 76 76 77 0 93 87 
72 92 68 94 99 95 79 66 89 77 85 55 51 53 65 53 66 67 65 72 95 58 98 62 65 70 77 92 99 94 50 68 70 51 83 54 55 74 80 63 68 78 94 96 52 72 55 72 59 58 82 56 91 66 59 66 93 56 95 0 86 
78 91 85 76 66 94 71 77 64 79 85 72 72 91 97 52 51 89 51 63 53 73 74 64 86 68 88 92 74 78 93 50 95 75 59 50 60 92 56 86 60 71 84 80 94 74 52 76 63 80 68 68 90 59 87 84 96 78 91 99 0 
