n: 60
m: 6
Pi:U[1-99] 78 37 16 84 91 73 14 85 52 68 23 13 17 50 12 49 46 39 87 59 29 53 97 36 3 20 18 93 53 44 40 64 59 20 4 31 37 90 57 29 99 47 89 36 31 33 85 31 39 52 62 11 38 78 96 20 6 3 98 9 
Si:U[1-49]
0 22 6 48 35 38 23 33 28 16 18 45 48 11 22 24 19 2 5 36 31 35 7 33 36 40 41 33 12 26 1 18 11 11 34 11 20 27 26 20 48 27 26 37 37 34 39 15 49 32 39 13 29 6 24 16 22 19 29 25 6 
9 0 11 1 38 11 43 2 42 41 37 42 36 18 35 14 27 32 10 32 12 12 47 9 11 19 10 47 15 32 20 3 4 9 39 17 45 11 21 20 2 17 31 47 45 38 14 35 16 49 6 35 42 23 22 2 1 41 38 23 39 
11 42 0 29 42 5 15 41 20 24 6 27 12 48 34 32 13 15 47 3 3 8 44 45 17 31 5 33 41 32 15 26 25 29 48 23 43 48 38 40 46 45 34 44 7 39 1 48 25 36 32 37 4 40 38 21 46 24 34 5 31 
21 32 33 0 29 25 46 8 13 3 19 49 13 25 10 8 17 31 38 9 48 39 34 4 7 4 32 27 6 16 28 44 42 4 21 14 46 43 38 17 42 6 45 37 10 28 16 30 33 9 43 39 5 30 40 4 19 47 38 30 11 
41 19 13 24 0 28 48 6 43 6 41 26 2 7 25 49 18 9 46 6 33 31 22 35 26 42 2 47 3 14 38 19 39 14 14 15 27 22 34 46 1 15 3 39 41 29 43 49 4 5 28 18 25 31 23 49 46 9 43 25 15 
16 49 26 40 23 0 3 21 48 45 22 6 31 36 28 30 5 11 8 45 43 29 36 4 33 45 47 4 42 23 3 22 3 38 7 45 23 27 17 24 7 41 47 32 7 14 36 31 5 28 8 47 13 14 28 13 26 24 11 7 36 
13 11 37 11 17 49 0 47 26 17 8 46 45 34 15 48 29 20 47 10 1 39 18 33 11 1 18 38 45 18 11 47 47 27 24 18 24 41 41 41 1 18 35 7 7 42 20 19 5 33 18 28 25 2 31 32 47 29 41 18 11 
7 37 19 5 9 30 22 0 21 8 31 2 38 1 5 7 46 22 4 27 41 27 44 47 30 21 27 24 46 45 17 20 25 28 14 10 6 27 40 38 34 41 46 36 1 48 45 3 14 32 27 22 30 17 35 28 34 24 3 27 48 
38 47 34 12 34 4 7 21 0 12 25 25 46 36 11 13 26 20 2 36 44 33 18 31 37 7 49 19 38 19 41 23 16 35 49 39 26 17 9 13 18 36 29 32 38 18 13 28 23 1 36 5 5 16 49 20 3 36 25 37 48 
46 30 8 3 27 41 34 33 9 0 21 20 21 25 22 6 37 25 18 37 17 40 26 49 31 40 35 46 26 43 28 23 18 29 44 28 43 36 31 48 40 10 19 47 38 42 46 2 21 31 19 18 26 47 27 38 34 32 23 38 9 
40 4 21 29 29 7 38 15 10 15 0 48 36 6 25 32 32 2 32 16 37 24 28 35 20 27 41 27 19 48 21 18 49 22 31 34 10 39 48 4 7 42 12 32 24 2 32 38 21 29 14 3 23 10 16 6 26 27 40 38 1 
42 18 39 33 37 29 35 29 13 33 44 0 37 17 43 30 15 38 29 48 40 18 32 8 44 18 44 6 27 17 49 49 24 42 27 46 43 45 40 20 14 28 7 19 37 16 22 10 28 25 18 39 27 8 13 45 1 27 37 29 18 
3 8 36 36 19 21 46 4 44 7 2 31 0 18 47 40 33 9 5 24 45 12 24 34 27 17 38 29 15 11 21 11 43 8 35 13 42 6 30 19 12 22 48 22 5 30 6 1 41 45 33 25 1 27 31 24 48 47 21 27 37 
8 39 2 41 36 12 22 42 4 18 25 45 46 0 3 45 25 45 49 21 9 10 8 10 39 19 39 3 21 21 3 42 23 32 6 7 19 40 28 2 22 37 7 17 21 4 39 24 41 18 20 34 49 4 14 25 6 34 14 29 19 
17 42 13 7 30 3 17 21 39 47 14 20 16 20 0 34 44 5 29 46 14 20 24 40 40 40 26 2 25 38 33 21 13 40 34 49 40 47 19 10 19 46 1 6 45 28 13 23 10 38 24 10 49 28 11 5 41 22 33 40 16 
30 29 44 18 1 13 32 6 13 29 13 8 32 1 5 0 6 12 37 10 13 25 25 30 42 3 20 47 15 15 32 45 42 16 1 14 44 49 20 7 12 16 39 42 40 43 14 16 4 21 40 29 49 26 19 27 43 20 10 43 39 
14 1 19 47 36 24 5 7 32 45 7 41 3 35 11 26 0 17 34 36 25 29 26 24 3 4 10 15 37 32 48 32 47 31 9 17 49 41 13 6 34 24 47 3 47 3 34 22 44 35 8 27 37 46 21 16 25 42 48 27 35 
48 9 4 25 32 33 47 1 49 43 40 33 4 17 28 15 32 0 18 1 46 38 7 11 33 9 11 44 22 27 16 3 9 32 13 15 11 30 19 41 49 49 32 43 15 12 36 22 13 8 21 48 12 4 4 26 28 7 34 10 29 
34 23 45 12 41 4 45 35 30 38 42 16 21 45 43 39 39 37 0 2 10 39 19 11 47 21 47 10 2 24 45 13 21 12 18 45 24 40 18 26 39 6 26 23 22 18 24 29 29 13 24 24 33 5 9 33 27 28 17 3 1 
39 30 34 22 24 1 24 47 16 39 3 17 39 17 8 12 33 19 43 0 1 37 27 14 45 3 22 37 5 11 44 49 38 11 43 16 23 23 11 13 39 12 41 45 46 37 11 32 47 35 25 49 15 17 8 28 44 14 30 25 5 
7 27 31 11 6 17 49 37 24 1 13 32 28 16 41 12 4 23 3 13 0 31 36 4 1 22 5 39 29 15 6 20 49 7 47 3 36 36 41 36 24 25 36 36 8 31 37 18 5 40 9 46 45 15 19 42 34 48 12 4 12 
8 16 30 4 21 34 41 23 20 1 43 43 41 46 26 35 35 16 32 8 38 0 7 16 34 44 9 18 49 20 3 20 41 47 7 44 24 2 18 31 43 19 17 16 39 33 29 4 1 44 17 30 6 41 36 36 10 18 13 35 10 
6 38 45 47 37 13 49 35 30 5 17 43 39 38 45 17 37 34 29 33 25 32 0 16 1 17 28 48 31 26 41 15 45 42 13 47 12 12 26 13 6 18 13 5 24 10 14 24 22 17 44 4 10 12 44 30 14 5 39 49 18 
33 35 44 5 44 43 43 30 31 12 29 17 46 30 11 11 28 40 30 15 32 7 24 0 22 19 46 6 27 9 29 26 18 29 47 15 12 5 24 40 7 3 24 2 39 3 12 42 11 30 49 17 15 6 41 29 4 48 21 47 19 
15 20 25 10 36 23 37 48 27 1 46 32 37 26 17 1 8 43 7 37 40 44 2 48 0 41 37 15 21 15 16 16 21 48 14 13 8 9 34 34 43 48 46 24 44 34 30 33 12 31 15 40 15 33 23 41 24 38 43 49 34 
12 35 41 36 7 4 1 38 38 39 43 32 6 39 26 29 41 39 47 37 30 45 14 37 2 0 43 21 17 36 40 43 28 2 14 32 21 32 10 16 25 49 46 11 29 47 33 17 3 38 40 22 19 41 48 7 8 24 46 38 46 
14 20 28 1 26 37 47 15 18 47 16 27 9 27 37 37 19 20 3 45 27 33 26 49 44 40 0 2 40 29 36 44 18 23 27 37 40 1 19 24 13 4 17 10 48 36 15 40 41 6 26 1 42 44 23 10 20 32 3 3 28 
21 27 14 47 32 31 35 16 17 6 30 45 47 42 34 31 47 24 16 20 29 21 16 8 16 37 4 0 44 47 29 9 41 42 35 23 15 1 41 43 25 12 4 9 14 2 42 24 18 34 5 11 31 40 19 12 37 8 7 26 48 
42 13 31 1 32 30 40 12 48 11 46 26 12 25 27 38 24 19 46 42 48 31 47 45 37 6 36 34 0 16 5 40 49 4 30 36 1 26 20 46 4 4 49 32 28 8 49 45 38 1 34 38 18 6 15 30 30 4 29 27 12 
15 18 24 35 17 27 37 14 16 16 32 44 28 2 41 7 31 42 22 21 7 4 12 8 27 29 5 5 46 0 7 21 43 12 8 42 13 34 25 17 2 43 2 4 4 12 6 45 39 16 30 7 45 44 30 2 7 48 26 34 44 
44 14 30 11 29 5 29 9 22 36 20 3 46 30 28 20 36 44 16 6 25 44 36 13 43 37 42 42 5 27 0 47 39 11 47 30 22 11 4 24 16 38 22 17 32 34 48 13 43 26 17 20 33 43 36 47 44 43 23 34 24 
49 18 32 28 28 4 18 24 32 31 20 48 1 7 8 38 29 42 24 28 29 21 35 48 12 16 19 4 24 32 35 0 11 45 36 30 25 42 16 42 43 23 49 45 29 35 32 8 1 10 21 36 25 27 43 18 11 20 3 34 45 
7 13 39 21 30 28 23 13 45 41 29 30 35 2 23 31 47 21 29 15 14 27 45 11 31 10 13 15 6 30 17 32 0 22 14 8 37 17 23 15 44 12 41 21 33 38 20 40 27 44 36 41 23 5 33 20 33 1 5 26 16 
11 46 19 5 49 14 30 42 1 6 34 3 18 29 18 36 17 42 20 44 38 17 41 44 1 13 9 25 14 42 2 45 16 0 33 21 30 39 3 21 9 17 10 45 26 38 10 17 49 17 48 2 33 25 26 26 16 40 48 37 17 
22 41 12 30 48 39 13 33 17 37 34 19 38 23 28 26 14 12 1 4 18 1 40 9 10 24 5 39 18 10 11 21 12 47 0 32 36 29 10 38 12 43 22 22 28 28 43 34 17 7 32 5 6 41 18 35 45 16 34 40 32 
28 17 10 20 7 49 26 22 35 44 6 22 42 18 40 37 15 26 14 46 34 14 26 5 40 11 21 8 11 45 35 47 24 30 37 0 9 42 39 4 40 4 29 47 7 40 36 31 12 20 26 30 18 26 20 36 1 42 43 33 5 
25 43 22 38 18 6 46 20 33 23 6 32 18 31 48 24 16 35 21 20 21 39 48 21 34 2 49 16 39 1 12 45 30 31 38 11 0 45 20 21 10 10 30 18 14 38 39 45 12 2 40 6 14 15 1 34 46 29 4 20 6 
8 40 11 17 45 6 11 46 3 25 29 29 45 24 7 18 22 35 16 14 34 44 12 24 1 26 40 20 11 22 16 25 8 21 48 41 20 0 19 36 7 17 34 30 35 7 17 12 30 37 41 14 46 44 26 48 4 47 33 30 38 
15 30 27 26 23 11 48 3 20 12 43 21 13 3 26 47 42 2 1 34 5 11 28 19 7 36 30 22 47 7 43 30 33 1 8 41 2 27 0 39 7 43 29 47 22 44 42 40 9 46 21 8 35 37 37 8 26 49 33 40 48 
8 37 36 35 28 48 39 48 23 5 42 29 14 24 3 17 36 47 20 29 46 30 16 9 22 37 19 27 6 10 40 44 42 44 46 36 46 9 42 0 40 27 36 18 9 21 1 43 36 26 40 9 23 5 41 47 29 33 22 3 9 
26 20 5 36 49 8 8 1 45 14 13 44 30 32 47 5 37 3 8 37 45 43 26 45 43 18 25 21 44 26 25 25 35 25 42 41 20 5 38 4 0 37 31 8 8 39 2 24 36 21 12 32 17 33 49 29 37 28 38 10 23 
14 5 46 31 31 43 10 24 26 27 23 30 17 40 32 22 41 18 46 44 28 4 7 24 44 22 27 2 7 36 21 7 39 36 36 24 11 27 33 37 46 0 5 12 1 44 13 46 22 6 14 36 20 4 23 45 5 7 37 16 47 
1 21 40 20 14 33 5 36 6 40 15 9 27 29 37 22 9 23 12 23 39 14 40 23 7 26 41 13 40 24 49 4 7 20 26 15 1 47 10 7 12 27 0 30 7 26 10 33 1 30 7 10 14 40 49 15 5 14 24 7 47 
32 41 12 42 2 39 17 6 16 9 33 36 35 44 14 19 19 28 6 20 32 7 5 30 7 34 2 39 37 43 26 24 34 28 41 38 34 29 10 4 27 24 47 0 31 13 45 31 23 4 39 21 49 10 28 22 40 39 47 42 15 
48 11 44 14 7 3 11 33 13 34 30 3 8 35 26 41 23 14 32 36 16 21 5 37 43 27 33 40 13 42 10 15 41 16 18 30 13 42 30 3 26 27 9 2 0 22 46 44 12 12 28 10 37 22 45 5 25 31 19 4 42 
11 33 34 36 43 42 37 7 41 25 43 38 25 32 25 30 25 12 28 46 46 4 47 33 11 29 3 23 12 15 44 3 28 30 16 26 31 20 25 26 42 2 14 12 14 0 48 25 8 14 36 9 9 49 17 39 47 17 46 40 49 
6 29 14 22 18 45 38 34 4 46 8 17 37 20 43 23 20 39 38 49 8 34 36 40 34 37 18 2 39 4 8 43 31 26 2 13 38 49 39 37 19 32 33 49 46 45 0 45 1 47 39 24 47 7 9 20 24 37 35 41 42 
37 37 33 15 8 1 29 26 49 39 2 22 22 35 31 4 9 21 37 6 46 27 6 33 47 22 28 1 23 29 43 45 48 5 39 36 20 25 12 21 45 31 33 17 31 23 48 0 27 33 26 16 38 6 32 20 34 14 13 44 33 
5 31 26 19 38 41 37 4 34 33 47 2 25 21 40 7 48 42 44 47 36 22 30 6 49 40 14 46 48 8 32 31 13 7 4 13 47 13 1 19 44 21 23 17 46 21 42 9 0 4 2 10 6 42 47 7 36 2 5 20 42 
2 11 14 19 37 23 46 16 49 23 26 42 17 34 9 27 44 11 3 18 8 6 7 8 41 22 35 5 22 20 49 20 13 28 40 18 40 21 1 5 20 6 42 3 36 47 40 2 14 0 45 12 27 22 20 3 31 18 26 38 20 
46 19 17 15 43 17 16 39 42 6 43 4 6 42 28 20 34 45 36 21 19 6 44 34 43 45 14 30 7 29 23 31 26 12 5 34 14 39 30 35 31 28 17 26 43 3 16 35 34 11 0 27 17 40 11 37 8 44 34 29 9 
11 16 40 21 21 29 8 28 22 28 18 46 8 26 11 9 21 46 14 47 42 31 19 34 13 37 25 7 12 48 49 9 11 28 16 25 41 45 6 21 11 25 27 41 34 23 28 4 17 3 13 0 17 26 5 17 37 44 47 9 11 
48 2 15 43 17 36 41 13 27 1 31 16 33 49 11 40 31 40 23 27 39 28 36 6 41 9 30 28 7 37 20 1 45 28 8 44 14 24 49 4 47 43 1 21 40 19 12 15 38 44 20 28 0 47 30 2 41 15 19 29 21 
42 12 36 3 5 44 11 24 9 36 41 1 33 17 30 14 36 42 12 49 20 47 7 11 16 5 36 43 17 49 8 23 23 39 14 36 20 46 47 41 7 39 34 4 43 25 28 29 36 24 24 45 23 0 44 11 32 46 31 13 37 
16 34 9 16 14 37 28 8 5 48 12 3 18 27 45 30 19 14 42 26 31 20 40 38 27 24 30 41 36 24 48 18 34 2 42 44 1 22 30 48 40 22 8 29 41 16 14 11 47 28 13 39 7 23 0 10 10 4 41 18 3 
8 24 9 49 19 23 1 8 4 4 37 40 23 42 21 46 9 49 15 4 49 22 29 21 3 39 17 25 27 3 8 23 36 43 40 30 41 42 25 4 44 33 42 26 25 23 35 30 4 18 2 9 45 9 28 0 39 25 20 46 40 
44 5 1 20 9 43 18 16 41 33 44 4 38 30 20 22 49 6 46 8 13 15 31 1 49 9 14 12 6 9 20 3 5 12 1 1 26 21 41 7 14 9 32 4 29 26 20 44 20 33 4 10 6 20 8 8 0 9 29 49 27 
44 6 22 42 36 21 3 10 21 35 14 10 35 29 7 49 44 46 42 19 49 19 27 10 4 2 8 36 9 5 17 26 30 6 42 13 28 13 46 15 33 11 7 15 34 32 4 33 29 14 34 9 41 31 46 20 23 0 44 25 44 
49 5 27 13 45 16 1 30 12 33 22 42 40 25 49 3 6 18 38 39 42 45 1 48 2 12 41 36 16 16 49 6 10 24 42 22 45 21 21 41 30 1 33 17 20 37 31 28 2 11 36 25 18 33 32 7 3 41 0 8 11 
6 5 44 37 36 28 40 14 17 34 31 44 13 45 6 25 3 7 40 28 46 25 18 31 19 3 2 13 10 12 31 27 11 4 48 4 19 30 44 43 7 40 3 32 42 40 31 8 34 37 4 29 27 2 34 6 39 44 13 0 11 
5 49 38 29 22 5 35 36 24 47 30 4 4 43 48 43 11 22 20 24 11 24 42 4 16 15 6 28 40 30 46 27 17 21 37 44 10 41 33 36 30 13 47 6 46 45 16 16 25 25 43 16 4 9 32 27 1 34 42 42 0 
