n: 60
m: 10
Pi:U[1-99] 72 22 35 95 95 48 91 55 35 68 83 18 23 54 97 31 99 55 59 44 66 12 67 12 24 71 71 46 18 34 9 83 66 83 30 49 96 29 84 30 10 45 97 27 56 56 71 26 36 60 27 5 89 60 40 30 50 59 18 59 
Si:U[1-49]
0 24 22 12 28 2 12 26 26 13 49 36 13 4 49 49 43 39 49 12 49 31 49 30 49 33 24 49 49 13 1 49 39 27 49 18 7 3 46 48 49 21 45 21 43 15 48 27 49 49 12 49 27 49 7 43 49 46 40 27 49 
20 0 2 8 32 30 24 12 6 28 49 49 49 49 49 49 10 36 16 49 39 49 46 48 10 4 49 49 6 45 49 16 1 49 36 28 34 49 36 49 49 6 21 40 18 21 36 49 18 42 18 13 49 10 49 43 49 49 34 21 3 
31 12 0 3 14 5 25 10 22 8 31 49 24 49 45 16 3 49 28 49 7 10 39 31 49 42 49 15 49 34 49 4 49 33 9 1 28 15 30 3 36 16 6 31 10 49 49 10 34 49 10 49 1 49 12 39 49 45 4 3 30 
7 23 16 0 19 13 14 19 11 15 48 42 45 25 45 22 12 49 49 46 45 49 21 25 46 40 49 36 37 42 15 49 49 49 21 25 24 40 10 31 40 49 39 49 10 27 22 18 15 49 40 37 49 25 46 49 34 49 48 31 37 
18 7 29 4 0 15 17 28 29 30 48 46 49 49 42 49 18 24 1 10 39 49 49 33 28 27 9 22 49 16 49 33 4 49 40 31 49 49 43 49 1 31 36 49 49 45 19 40 49 49 12 28 33 48 12 24 3 46 48 39 1 
20 16 14 30 6 0 25 22 22 7 43 49 49 49 4 49 43 15 18 28 31 37 48 24 25 6 49 12 15 37 15 49 34 40 34 28 30 16 4 49 49 49 18 13 49 49 49 49 1 1 49 49 1 39 49 25 49 25 49 24 49 
8 28 26 22 5 20 0 14 30 20 48 42 49 49 28 49 16 33 34 25 42 21 10 49 31 49 43 22 25 49 3 19 49 49 19 22 25 49 49 49 49 22 49 22 10 40 49 49 6 49 12 18 49 49 49 49 49 16 49 19 46 
24 29 14 4 20 12 20 0 18 10 49 27 49 49 49 49 49 43 46 27 31 36 31 27 9 3 24 49 49 45 49 39 49 4 43 49 22 19 49 31 40 1 45 10 42 46 25 3 49 9 40 49 34 46 9 49 42 34 49 49 49 
4 30 2 4 27 8 32 1 0 4 40 40 19 46 49 43 49 49 19 49 46 19 31 22 49 16 49 30 1 49 49 22 3 49 25 34 16 28 19 24 15 10 30 49 19 39 7 7 7 36 27 49 43 49 49 34 15 49 49 40 42 
2 26 2 15 29 18 14 4 4 0 49 4 49 4 49 13 19 49 48 34 3 1 42 24 46 12 49 49 49 7 49 33 49 40 49 3 46 43 42 49 16 42 9 7 49 19 9 49 24 49 49 3 46 49 49 49 19 37 4 49 15 
24 49 1 49 48 24 21 30 24 24 0 15 24 9 19 13 25 26 18 4 10 42 49 10 46 46 19 49 46 12 42 13 43 33 31 49 18 49 22 39 49 15 13 10 46 15 45 24 49 49 49 40 10 49 49 49 18 7 31 27 49 
49 49 46 34 37 6 30 42 49 12 18 0 26 26 7 26 24 28 9 24 49 4 6 21 19 40 45 48 16 3 7 36 18 49 49 49 49 49 49 12 33 49 49 28 13 49 49 21 37 16 15 49 1 49 49 31 49 40 16 39 49 
21 49 7 36 25 21 49 49 13 19 18 20 0 26 15 25 12 8 12 12 33 45 49 22 37 45 37 49 1 19 49 40 49 49 49 12 33 49 1 34 19 27 43 49 49 49 36 49 15 18 13 49 49 49 36 49 45 33 18 31 24 
49 34 12 48 49 37 37 40 13 49 19 8 8 0 26 6 29 12 18 22 31 15 48 33 6 12 22 12 49 16 18 12 49 40 10 40 1 18 49 36 22 49 25 21 27 49 43 39 49 49 39 21 19 13 46 49 30 48 49 49 49 
37 6 43 49 15 49 1 49 49 31 13 17 32 31 0 24 23 29 31 30 49 49 22 49 49 49 27 33 31 24 49 12 3 7 49 7 43 15 24 33 49 18 49 10 12 1 49 18 34 49 10 48 24 1 30 49 36 6 49 28 34 
49 25 49 18 45 6 15 36 1 49 26 10 26 2 16 0 4 11 6 8 28 46 39 6 49 49 49 43 49 9 45 49 13 45 49 45 3 49 49 49 46 31 49 25 7 6 42 49 49 49 46 15 49 36 49 22 15 40 49 49 9 
1 12 49 49 49 15 27 33 49 37 16 5 8 20 7 16 0 14 2 16 30 46 49 9 42 49 15 37 49 49 10 34 1 49 9 31 49 49 36 49 49 12 49 49 39 49 37 4 22 25 3 1 37 12 33 30 40 43 43 25 40 
19 49 31 3 31 49 49 49 12 49 12 4 20 16 8 24 8 0 24 22 37 49 39 49 49 49 49 49 18 12 45 37 49 49 49 22 49 7 49 49 49 43 49 49 48 49 49 42 49 7 12 33 13 49 45 49 39 49 49 9 49 
49 18 45 49 21 37 49 25 49 1 3 14 14 15 30 7 21 4 0 23 49 49 49 19 49 25 49 40 9 22 36 10 49 49 49 34 9 49 16 1 49 49 49 49 16 43 49 12 37 19 49 3 30 15 42 43 36 49 6 27 19 
46 49 6 49 36 7 6 49 49 31 31 31 16 20 0 8 4 28 8 0 49 28 40 39 33 13 45 46 42 39 45 49 31 49 30 3 49 49 49 1 30 49 49 19 3 22 22 49 48 49 48 49 3 49 49 37 49 9 15 39 4 
21 49 42 46 15 12 24 49 49 15 31 49 27 12 7 24 43 19 49 16 0 21 1 2 20 25 26 30 14 9 49 15 6 49 21 22 49 15 49 49 49 31 49 25 3 49 49 34 49 13 49 49 49 49 45 10 25 49 48 33 43 
15 9 49 30 49 33 19 16 49 48 49 49 49 49 25 40 40 49 16 49 26 0 5 14 17 18 32 26 12 26 43 15 36 49 45 49 49 43 49 48 1 49 6 43 16 15 49 34 9 6 31 49 49 49 34 46 10 3 49 49 46 
15 19 49 49 34 30 36 18 37 1 6 49 16 49 49 22 49 49 49 15 10 23 0 20 3 7 3 22 12 22 18 25 25 49 30 22 49 49 36 27 49 9 49 18 49 31 49 15 16 49 36 49 37 12 33 49 45 34 49 18 49 
21 10 22 49 49 49 12 49 18 12 16 25 1 10 49 4 33 3 49 49 10 18 8 0 20 3 24 9 2 2 42 7 36 49 49 34 48 49 49 34 6 7 4 19 31 13 16 21 39 34 49 49 24 49 49 34 49 42 9 25 49 
19 49 49 33 28 12 49 13 49 40 49 33 39 36 13 33 18 30 39 49 24 23 14 29 0 31 14 2 8 14 49 40 25 46 22 18 33 49 49 19 36 27 49 40 22 42 28 33 49 18 36 19 49 19 49 49 49 49 4 36 31 
27 49 40 12 49 37 49 3 49 25 18 13 42 19 28 12 31 10 30 16 20 18 22 22 28 0 17 28 0 21 45 48 49 12 6 49 40 49 49 49 49 45 49 49 28 49 49 7 18 49 6 49 21 28 27 48 49 42 49 1 43 
49 39 49 43 9 48 49 49 3 4 34 1 49 24 15 6 7 30 49 10 16 25 8 26 21 7 0 22 18 20 28 31 49 49 49 28 31 49 6 49 16 49 39 49 18 49 34 7 43 3 36 49 49 18 42 49 9 49 22 49 49 
15 49 33 49 31 21 49 10 39 37 49 15 49 33 49 49 49 49 12 31 14 3 2 14 30 25 26 0 18 18 10 6 49 34 12 28 40 6 49 12 49 7 49 43 49 48 25 49 46 49 49 25 49 12 16 27 43 46 25 21 49 
42 49 16 19 33 49 6 36 40 28 21 49 39 46 49 49 36 30 16 6 9 2 9 10 19 24 10 20 0 25 49 25 33 1 49 3 49 49 13 27 45 49 15 49 49 49 49 49 49 49 19 42 39 49 39 31 18 40 36 49 49 
3 49 49 49 49 40 49 34 49 49 46 15 31 49 37 31 16 4 30 37 17 12 24 14 17 14 20 30 26 0 48 49 19 25 49 49 33 49 49 49 49 46 27 37 1 49 7 43 34 49 48 19 13 27 1 49 12 28 34 30 19 
49 49 46 24 49 37 19 36 33 45 45 19 6 40 49 31 49 30 49 21 24 40 48 49 9 49 7 12 49 21 0 19 5 19 32 28 27 22 20 22 15 25 36 49 49 49 21 15 24 37 30 24 12 49 49 28 43 25 19 49 21 
36 39 49 49 4 28 9 7 49 48 49 6 49 49 45 18 42 15 18 34 12 25 27 7 3 9 49 49 49 49 22 0 12 30 24 26 24 17 21 16 43 33 10 49 1 49 16 13 49 49 9 13 42 21 22 12 49 46 37 49 19 
30 19 46 49 1 48 49 9 49 1 19 49 12 49 4 45 27 49 37 49 39 49 34 49 36 49 49 3 43 48 32 9 0 32 20 13 23 26 13 31 40 40 37 49 36 1 18 31 42 12 27 6 31 49 24 34 34 21 19 42 49 
24 7 25 49 49 31 49 13 39 34 49 12 49 45 1 36 10 49 24 49 6 21 49 49 49 49 45 28 48 49 30 26 30 0 9 29 4 14 28 3 18 39 49 42 49 33 49 36 49 12 49 39 49 36 45 22 31 27 7 1 39 
46 48 28 13 33 37 49 21 49 46 25 42 27 39 25 30 30 21 3 18 39 43 42 33 49 49 49 48 49 19 32 26 26 18 0 14 15 4 0 30 6 10 19 49 18 49 48 40 49 42 49 34 21 49 7 34 16 49 36 12 4 
16 49 49 37 49 49 22 49 16 4 45 13 42 49 49 31 12 49 10 9 25 10 25 49 9 49 7 13 42 49 12 1 3 28 18 0 32 26 19 24 21 4 49 34 33 33 39 24 12 12 9 49 45 15 22 36 49 48 43 19 39 
49 39 49 25 49 49 10 37 49 49 42 27 13 43 36 49 49 49 49 48 27 49 30 39 22 36 33 49 15 49 21 2 22 32 32 23 0 9 30 8 33 49 39 49 33 45 49 49 7 49 42 49 39 19 33 49 49 42 33 9 49 
49 6 33 7 49 9 22 15 49 49 49 49 49 1 49 25 49 9 24 49 48 49 6 49 49 31 27 49 49 49 2 19 16 17 27 22 3 0 4 18 24 22 49 1 49 15 49 25 49 49 49 6 36 12 27 49 49 49 33 21 15 
30 21 42 1 21 49 49 13 49 49 49 21 33 40 13 36 49 49 49 43 48 49 49 6 13 49 3 33 18 49 14 26 8 5 15 27 10 19 0 14 49 7 4 49 49 34 49 49 1 49 28 18 31 12 4 49 49 25 45 22 49 
3 49 15 37 1 42 49 49 28 49 22 49 18 36 33 49 12 49 9 36 49 42 37 42 49 28 1 24 34 37 6 9 22 6 4 8 15 2 12 0 34 49 15 49 39 34 49 49 21 27 46 49 36 49 13 42 6 49 43 49 39 
28 4 36 48 49 9 19 25 1 49 4 25 49 49 49 37 21 31 49 19 49 49 33 49 6 49 43 49 49 13 34 49 15 49 49 49 28 49 49 33 0 10 28 24 22 17 12 4 9 6 36 49 16 36 4 46 1 45 49 24 19 
49 46 21 40 10 49 9 13 49 18 42 49 30 6 49 7 49 49 49 39 42 49 49 45 49 49 43 33 37 21 3 40 49 4 13 31 12 49 49 31 1 0 4 7 31 26 26 4 21 15 36 3 9 39 49 19 1 49 6 49 13 
45 49 33 49 4 22 10 49 31 33 49 45 31 30 49 49 49 48 49 49 40 49 42 46 25 3 49 22 49 49 49 34 43 49 45 48 34 28 3 30 14 6 0 5 24 3 4 18 9 4 31 49 4 16 16 15 49 49 49 12 6 
10 49 49 21 21 49 49 10 49 10 1 9 16 1 42 18 27 16 49 27 46 3 49 12 45 49 19 30 46 4 49 49 4 16 1 49 43 45 33 24 27 0 28 0 20 22 4 24 24 26 22 49 40 46 36 19 21 9 39 1 49 
39 36 49 25 31 28 49 16 24 39 16 49 6 49 49 49 15 19 28 13 34 49 34 3 49 49 30 40 49 15 49 33 1 49 7 24 19 28 49 49 22 20 15 6 0 24 29 30 1 8 30 3 42 9 9 49 19 49 49 3 12 
13 49 18 4 21 37 49 43 6 49 49 49 30 27 49 49 49 37 49 49 31 49 13 34 7 37 24 4 9 49 27 9 10 49 49 30 34 48 12 34 5 26 6 8 19 0 11 12 14 16 31 49 49 46 4 49 49 6 21 24 12 
18 6 3 25 4 49 6 49 49 39 49 1 36 49 49 16 6 49 49 15 49 49 49 49 3 19 39 49 49 49 3 18 18 6 7 1 49 15 3 22 6 12 18 10 13 7 0 13 4 17 16 19 12 49 12 42 34 49 37 49 12 
28 46 37 36 49 13 49 30 27 49 49 49 49 49 31 49 49 45 25 49 3 15 6 34 22 39 49 4 39 34 36 49 49 16 36 21 49 25 49 24 4 30 30 0 3 10 26 0 20 32 49 30 3 49 49 49 4 49 21 49 30 
40 49 34 42 15 15 31 24 12 49 9 49 4 49 12 49 36 49 27 10 49 49 18 9 15 24 39 12 46 12 7 49 49 46 4 42 49 45 49 36 24 0 0 18 4 14 12 3 0 28 33 39 49 49 45 25 33 49 49 46 31 
10 49 16 21 49 4 9 4 15 49 40 12 49 25 42 49 4 49 13 49 12 49 49 24 49 42 39 49 46 13 36 28 46 49 49 49 49 18 49 19 22 24 9 13 4 9 14 20 32 0 49 3 3 49 49 39 21 21 49 49 24 
30 27 36 24 49 40 49 48 49 10 49 1 28 18 49 49 46 33 37 7 18 21 49 22 37 49 49 9 46 49 49 24 49 49 33 49 49 31 18 49 49 33 49 34 25 33 36 39 36 18 0 32 2 4 19 8 13 2 15 16 34 
40 49 36 16 3 49 7 40 49 28 4 49 42 4 34 49 49 45 49 45 31 19 49 33 7 40 1 3 49 25 6 15 42 40 42 15 49 49 46 46 49 34 49 49 40 48 22 4 39 18 12 0 18 12 19 6 22 18 30 10 49 
49 4 49 21 12 9 30 49 49 49 13 27 28 6 15 3 3 37 49 19 49 27 49 46 4 49 46 22 49 31 49 39 36 28 37 12 49 43 49 39 25 48 27 36 37 33 49 31 39 24 22 2 0 12 10 17 11 16 32 0 13 
16 49 49 49 39 49 33 49 37 28 3 4 16 43 1 49 49 1 33 49 49 49 6 31 10 7 7 22 49 33 10 6 12 49 49 3 49 49 13 19 22 49 48 49 49 36 43 43 13 49 20 22 22 0 28 13 30 18 11 6 49 
25 49 6 49 22 49 31 25 43 19 27 10 12 33 46 22 49 46 48 49 37 25 40 4 33 33 49 30 1 49 49 49 30 3 49 46 49 42 49 33 49 3 4 49 12 49 49 49 27 16 16 18 4 19 0 22 2 2 26 29 46 
25 28 49 13 30 49 18 36 36 30 13 40 49 49 49 39 1 19 49 16 34 48 34 10 49 49 7 24 28 49 49 21 46 21 49 49 49 19 49 28 48 49 49 49 49 49 49 45 49 37 30 16 2 8 30 0 10 15 14 11 1 
37 42 3 1 42 33 46 18 39 49 49 49 49 40 49 49 49 49 6 49 24 49 15 49 37 22 49 49 49 21 39 42 49 49 49 45 49 49 42 24 49 46 42 30 49 3 49 49 28 3 30 14 26 2 23 16 0 28 21 4 49 
3 42 49 16 46 49 49 49 43 46 12 24 40 49 1 42 49 49 49 42 49 46 49 49 49 16 49 49 49 3 46 40 49 15 21 43 1 49 49 48 4 31 49 6 10 30 6 46 18 31 2 16 6 27 18 6 6 0 10 28 49 
9 49 19 4 49 16 36 49 49 40 6 43 49 33 42 49 22 49 49 10 9 1 22 9 16 49 18 12 49 4 49 12 4 37 46 9 12 49 28 3 49 49 49 49 30 49 37 30 49 12 6 18 26 5 25 12 32 7 0 18 49 
49 27 3 13 36 12 49 49 49 49 40 40 19 49 6 1 46 45 49 37 12 49 49 18 6 49 24 49 49 42 22 15 49 49 3 49 34 36 10 49 19 31 49 49 34 4 40 1 13 46 22 23 28 26 23 18 8 30 32 0 46 
45 45 49 48 7 33 49 46 49 3 21 31 48 40 1 33 49 30 1 49 39 49 49 10 49 49 24 40 27 1 49 49 49 13 43 16 49 27 37 37 7 49 24 49 49 43 49 15 15 16 49 49 46 49 49 49 16 40 15 4 0 
