n: 60
m: 6
Pi:U[1-99] 27 31 80 13 84 10 10 51 45 89 73 87 2 56 59 47 53 2 34 61 30 18 8 42 48 74 41 2 90 43 35 11 36 78 46 69 5 85 97 57 95 24 38 42 69 87 94 71 85 81 13 63 89 42 42 11 4 92 76 24 
Si:U[1-49]
0 4 31 32 11 10 22 22 14 27 1 13 22 49 49 3 19 49 49 4 49 15 43 30 42 24 36 49 34 33 49 48 27 33 24 9 12 1 25 37 49 49 6 49 18 34 49 21 25 43 49 36 49 27 49 49 42 27 28 30 10 
18 0 15 3 18 12 22 4 32 6 28 49 42 40 49 7 46 15 40 6 3 49 27 49 49 6 49 27 39 49 36 16 1 49 43 3 49 49 49 18 12 3 49 37 16 49 49 49 49 43 10 18 49 13 45 49 49 49 49 9 49 
4 8 0 4 12 21 3 1 22 14 7 31 48 43 30 49 22 7 37 21 21 49 49 49 39 6 21 34 49 46 39 45 37 49 40 24 39 49 16 43 16 16 49 49 28 49 7 49 33 49 37 21 49 25 46 49 42 37 49 21 33 
20 18 1 0 26 24 3 30 32 20 49 18 49 7 19 42 28 7 13 49 49 6 10 36 46 13 40 45 34 48 40 49 21 10 43 6 24 36 10 49 39 24 49 49 25 19 49 49 37 34 49 22 21 49 49 49 42 25 49 25 30 
27 7 8 6 0 14 24 6 12 31 10 49 49 49 7 37 42 34 49 3 25 33 18 49 49 37 24 9 49 49 46 19 6 39 36 49 27 49 24 16 18 1 46 49 12 49 9 25 49 49 49 6 49 34 9 49 49 4 49 40 10 
17 17 9 15 23 0 1 18 22 6 9 27 3 10 6 27 49 49 25 49 49 25 49 19 3 30 13 27 49 25 28 49 28 13 43 49 3 49 4 18 24 25 45 49 33 18 45 49 49 39 7 49 28 49 27 28 39 49 24 40 33 
27 2 31 23 10 22 0 4 24 22 48 16 48 49 13 49 49 16 45 15 49 12 49 49 37 6 49 49 9 49 22 36 43 31 49 9 33 49 49 27 25 1 22 7 31 4 49 31 49 31 21 24 49 49 24 49 49 12 48 39 49 
15 6 14 26 32 4 18 0 18 5 18 24 39 49 6 49 48 16 49 10 36 48 4 27 39 49 12 49 40 9 39 48 49 49 31 4 18 49 49 45 12 7 49 49 24 49 27 31 49 9 49 49 49 31 7 37 34 49 49 49 43 
28 6 19 25 6 17 10 18 0 9 10 12 39 24 49 16 49 49 24 10 49 33 49 42 10 49 13 49 40 43 33 49 49 30 31 49 42 18 49 49 49 49 49 49 39 49 28 18 9 49 31 9 49 3 49 49 16 28 45 49 49 
17 32 21 25 30 10 16 0 30 0 46 30 21 40 30 49 49 43 1 37 49 49 39 49 28 21 49 25 31 6 46 27 16 10 27 27 27 49 27 49 48 46 46 49 39 49 16 49 49 19 7 28 13 39 33 39 25 7 28 6 13 
12 40 49 9 49 46 49 6 49 45 0 17 14 16 16 5 21 11 31 18 39 49 12 16 4 13 46 49 3 36 19 49 7 45 1 49 18 4 16 49 12 27 42 15 49 49 49 49 15 49 49 37 49 22 49 15 21 39 30 27 6 
49 1 37 39 48 39 40 39 45 49 26 0 0 23 27 23 16 28 5 32 31 49 33 28 49 4 12 49 27 12 40 15 36 27 1 31 37 49 18 40 40 48 46 10 49 1 49 24 13 49 18 4 19 49 21 46 31 49 16 36 40 
49 1 37 39 39 12 28 16 49 49 3 14 0 9 30 16 7 14 32 31 49 16 15 49 49 28 43 24 27 18 40 15 49 27 16 49 19 19 49 49 49 33 28 39 49 21 1 49 36 43 42 49 4 43 15 3 9 18 49 36 33 
49 28 9 12 49 49 49 42 27 13 10 1 18 0 16 10 27 22 16 13 49 49 12 34 49 42 15 49 49 45 34 21 49 49 37 36 36 49 31 49 13 9 34 31 49 49 28 9 30 9 13 49 21 49 49 43 49 34 16 9 49 
49 10 49 15 49 49 42 30 37 30 12 14 25 2 0 2 32 0 8 5 34 16 27 49 22 39 28 49 1 49 42 49 49 25 33 48 49 48 22 24 25 49 27 49 39 49 7 49 6 24 49 49 33 43 13 49 22 49 49 30 10 
45 49 22 7 49 49 34 49 49 49 20 32 17 5 8 0 15 12 2 16 48 49 40 49 13 31 49 49 49 16 49 16 9 37 49 49 30 49 28 49 49 33 1 25 49 24 49 49 49 21 49 30 49 15 9 46 40 10 46 49 27 
46 49 42 49 43 7 30 49 46 21 5 14 23 30 30 28 0 25 1 28 10 49 27 27 49 7 7 43 49 49 49 49 48 28 49 42 10 49 49 49 49 49 49 19 7 49 1 36 49 49 49 49 21 13 16 9 34 25 1 45 49 
30 15 45 43 36 49 40 16 18 24 7 3 10 22 20 24 20 0 31 20 49 12 13 39 49 31 39 13 49 45 49 45 49 49 13 9 34 6 49 13 9 4 31 25 10 49 46 34 7 49 49 49 49 39 48 49 49 49 33 49 49 
16 28 25 49 49 49 48 15 37 40 8 6 10 17 2 18 31 18 0 14 46 49 43 22 18 3 49 49 36 49 28 34 19 49 48 30 49 21 10 12 49 49 25 18 48 22 49 39 48 49 19 4 18 37 24 49 49 49 28 49 49 
25 49 24 19 36 42 49 10 7 49 20 16 3 24 9 28 31 10 8 0 49 12 33 49 4 4 42 21 49 4 48 49 49 15 37 49 28 33 19 49 31 30 12 49 49 49 7 7 21 42 49 33 19 1 39 30 49 49 9 4 49 
49 49 49 37 45 36 15 49 18 12 49 36 49 43 46 40 25 39 49 49 0 19 30 1 16 22 29 26 18 6 49 18 18 18 40 31 24 30 9 30 1 3 49 49 49 28 4 27 28 24 40 30 27 49 30 46 49 12 37 46 30 
4 12 49 49 49 27 34 16 6 45 49 49 7 13 49 49 49 39 43 7 30 0 29 29 16 16 24 18 21 19 49 49 43 49 25 34 49 24 33 49 34 33 22 49 49 6 49 25 10 49 10 4 49 13 27 13 49 49 34 37 13 
49 3 27 31 49 34 25 40 49 49 9 30 49 22 49 15 36 49 45 18 28 12 0 20 12 18 28 4 26 14 49 49 49 34 49 10 40 39 49 49 15 40 36 34 28 49 10 49 49 10 18 49 49 18 10 49 42 31 33 9 49 
49 3 10 39 49 34 10 43 49 49 49 49 12 49 13 48 49 16 49 15 14 14 17 0 24 14 10 3 8 8 25 49 9 28 31 49 49 4 27 39 37 46 22 49 28 25 42 4 49 19 6 49 49 49 30 39 18 27 36 49 49 
49 33 12 27 15 49 49 48 28 1 49 45 36 19 19 22 15 21 30 27 21 31 12 7 0 12 21 26 3 8 49 33 9 9 18 34 34 13 15 42 15 49 49 16 25 37 31 36 40 22 36 24 40 39 31 49 49 36 49 46 30 
49 49 49 15 31 49 49 27 49 34 15 39 3 10 49 25 33 39 49 18 24 30 12 5 2 0 19 32 10 11 16 27 30 22 6 49 49 33 34 49 16 36 36 49 12 39 12 24 49 16 16 31 24 49 49 46 27 48 48 42 10 
12 25 49 40 48 49 19 49 33 48 33 49 34 3 33 49 49 49 34 43 10 10 12 0 6 19 0 25 10 24 49 49 49 49 27 18 49 40 43 40 33 49 33 21 18 49 49 49 49 40 49 49 49 49 46 13 49 42 49 31 49 
46 1 30 22 49 18 49 49 42 49 24 49 25 49 40 39 49 12 34 16 22 24 0 13 23 19 28 0 22 13 49 48 49 40 49 18 3 28 3 30 3 12 49 49 46 30 4 24 49 34 45 34 16 1 27 49 33 34 49 22 7 
13 9 49 12 19 19 16 49 27 49 31 49 4 49 49 27 49 49 49 24 5 15 2 22 24 24 6 2 0 16 40 33 30 39 37 15 27 27 49 49 15 49 49 49 49 42 49 25 25 49 49 15 36 28 42 13 39 49 46 9 24 
27 49 12 49 33 49 49 3 46 49 49 18 6 27 45 49 30 15 49 49 20 20 5 18 28 14 25 26 12 0 24 1 49 12 25 40 49 10 33 36 49 36 49 42 49 19 49 28 49 49 49 9 37 49 37 45 10 16 9 42 18 
49 6 15 6 33 42 49 49 22 28 30 49 49 27 49 49 39 22 49 49 49 18 49 49 18 49 49 16 43 49 0 1 28 28 22 27 31 29 0 17 49 49 49 49 13 49 45 12 30 49 49 6 21 45 49 19 36 13 45 6 37 
48 9 37 6 25 4 6 15 18 48 42 24 1 49 1 49 49 24 30 13 49 49 46 27 49 24 46 46 30 27 28 0 10 11 20 24 27 15 19 24 37 21 49 49 22 3 49 15 1 16 36 13 27 3 19 43 49 49 30 49 49 
34 49 31 49 13 30 49 43 49 40 49 49 21 27 49 33 49 49 1 39 24 43 12 21 24 15 49 34 49 7 23 18 0 4 17 31 24 32 21 6 49 49 16 12 30 37 34 33 4 34 6 30 34 46 27 43 12 37 37 49 9 
34 9 42 22 37 49 28 6 4 49 12 49 39 49 49 31 6 48 33 18 7 27 48 19 49 43 49 31 49 49 20 0 18 0 8 4 3 18 25 7 13 10 49 46 49 49 24 4 1 49 34 49 24 6 28 48 49 46 9 19 16 
10 49 18 39 43 30 49 49 49 43 48 49 37 46 46 49 9 4 21 43 22 12 49 49 13 21 28 30 7 43 21 31 22 3 0 15 25 24 14 13 30 49 13 30 49 12 31 49 6 49 49 49 49 9 49 49 49 49 34 7 49 
46 49 49 3 1 46 49 45 49 7 49 49 49 15 7 10 12 21 49 18 43 15 48 49 49 18 49 49 39 49 24 16 30 22 24 0 4 16 8 13 42 18 21 49 49 49 3 13 49 49 3 49 49 12 39 36 16 30 33 48 4 
43 43 30 22 3 1 10 25 16 7 7 21 49 40 42 49 4 7 12 49 1 43 22 49 36 49 49 28 3 49 31 19 14 30 4 22 0 22 4 28 49 49 49 49 24 49 13 40 49 42 31 49 33 49 7 49 49 21 49 49 30 
27 34 49 1 49 49 49 21 49 49 28 49 49 49 10 49 34 13 22 46 25 37 49 49 49 4 4 49 3 1 15 3 30 22 32 23 16 0 21 6 37 43 3 7 49 49 49 49 6 49 49 12 49 49 12 30 49 1 49 10 21 
49 48 13 49 49 49 46 49 49 49 39 49 49 4 7 43 39 49 7 27 12 48 49 49 39 12 3 49 16 9 22 6 17 14 15 2 10 2 0 4 49 39 34 49 31 45 16 6 7 49 6 30 27 36 43 7 49 33 42 49 49 
49 28 49 42 22 3 1 49 16 6 33 28 15 27 48 49 49 16 3 49 39 39 18 27 1 42 12 49 49 4 10 17 22 7 2 16 30 21 13 0 37 21 49 31 31 49 37 39 49 37 6 24 15 49 34 25 34 12 49 1 6 
48 22 12 48 16 42 45 18 30 30 30 31 49 36 49 19 49 45 46 49 12 10 18 49 39 40 49 6 6 49 49 21 42 46 49 49 49 49 21 19 0 28 21 25 10 20 31 4 18 19 25 36 19 16 39 15 49 49 27 42 19 
9 34 49 48 49 13 49 4 34 39 42 49 49 36 49 36 40 46 49 33 45 49 36 25 43 34 19 49 42 48 33 45 4 49 49 49 13 49 49 15 26 0 20 4 32 24 9 4 5 6 49 3 1 49 12 49 49 22 49 24 43 
49 45 49 7 46 49 13 49 49 49 49 42 27 15 30 10 45 49 49 34 13 40 49 49 27 22 46 7 49 19 49 13 49 49 9 49 31 49 33 49 21 13 0 0 10 8 25 20 0 12 49 49 19 7 40 46 24 49 1 49 45 
36 12 49 13 49 33 49 49 15 49 49 30 49 49 36 34 49 49 3 4 22 43 19 22 13 37 49 1 49 9 49 13 40 27 49 49 21 49 34 24 0 14 13 0 26 10 9 24 0 10 27 22 49 3 49 49 49 49 34 49 25 
49 48 12 21 16 24 49 49 28 37 43 43 37 49 48 49 49 46 16 19 49 6 49 3 49 49 22 49 10 19 45 1 34 49 49 49 49 49 45 34 32 8 15 16 0 22 18 28 15 9 28 25 22 16 6 42 45 37 49 49 42 
49 49 3 15 49 49 1 28 6 49 30 49 49 10 28 10 49 46 28 45 39 40 12 43 49 31 48 42 28 45 48 49 27 13 49 49 4 45 28 7 5 26 25 22 6 0 19 13 24 28 49 37 1 49 15 48 49 43 30 49 49 
18 42 49 25 49 43 42 30 36 13 49 33 49 31 15 9 22 9 49 45 40 18 43 31 27 46 4 4 13 36 45 49 33 10 13 49 34 31 49 34 18 2 25 31 15 31 0 20 15 14 36 37 13 25 16 21 43 49 49 10 7 
31 49 40 36 49 19 13 43 12 25 49 49 45 10 49 49 15 36 49 7 49 49 1 27 31 16 9 49 31 7 30 24 4 30 40 49 43 36 49 3 24 25 22 1 2 30 30 0 10 20 49 18 49 49 33 49 9 48 28 12 49 
48 49 1 19 49 49 36 49 16 25 49 48 1 49 16 33 3 34 39 49 49 48 10 18 1 36 49 45 49 10 49 3 39 49 49 49 49 49 21 22 24 0 18 16 0 4 4 30 0 4 19 49 13 49 33 25 39 49 49 49 15 
49 49 49 49 25 37 49 49 16 24 30 49 9 10 7 15 39 13 33 46 49 49 49 36 16 49 13 25 45 46 49 49 6 21 42 6 49 49 49 49 2 26 2 4 12 16 29 26 1 0 49 49 37 49 49 48 33 3 49 49 49 
13 18 49 49 49 1 37 22 3 42 49 49 16 49 6 9 28 15 49 49 49 21 6 4 49 10 43 9 49 22 49 27 49 21 30 31 13 24 25 49 9 49 33 6 19 28 34 49 16 49 0 32 8 12 2 14 9 6 30 21 48 
22 49 24 49 34 49 30 22 31 18 12 46 34 49 34 49 49 49 10 49 49 36 1 6 49 9 49 45 43 49 15 49 42 39 43 48 37 49 3 49 22 36 4 49 49 49 33 4 30 13 32 0 24 28 32 10 4 24 14 11 25 
28 21 42 34 49 9 49 46 46 12 33 36 49 49 18 25 15 31 9 49 4 24 42 37 4 25 42 49 49 49 34 16 24 49 7 18 49 18 28 3 49 49 3 34 46 30 4 27 49 25 6 2 0 24 30 31 3 32 13 18 19 
43 28 25 36 15 1 49 16 49 13 18 34 49 49 15 1 4 6 49 49 43 3 10 37 3 28 49 49 49 45 49 49 19 16 4 27 30 46 19 49 49 49 7 49 49 39 49 3 49 49 24 0 0 0 28 10 8 23 32 26 49 
34 49 6 49 39 3 49 40 49 7 28 13 25 33 42 49 49 4 46 49 1 36 45 49 49 45 39 42 9 49 49 39 48 28 30 25 36 49 25 49 42 48 33 43 31 9 42 19 22 7 28 14 12 8 0 16 20 10 0 19 9 
25 48 13 37 45 15 25 49 10 49 45 49 40 49 4 43 40 49 49 12 49 15 28 49 49 36 49 28 45 7 4 12 49 46 27 39 46 22 21 49 13 49 39 40 49 49 15 43 49 3 2 4 22 12 14 0 2 22 15 30 6 
42 12 3 45 43 49 6 27 28 1 4 21 33 39 49 49 25 37 9 49 28 28 36 49 13 7 49 36 31 37 49 49 3 21 43 18 15 30 1 34 49 37 42 49 39 49 7 18 49 49 9 27 16 18 18 29 0 16 25 22 31 
18 3 49 43 34 49 43 48 49 4 49 22 49 6 28 24 49 22 12 49 33 49 39 40 4 18 46 6 19 49 34 24 27 21 30 21 19 39 46 3 43 42 6 48 28 30 6 27 49 34 18 3 22 32 9 20 10 0 2 16 43 
49 49 6 49 49 49 49 40 30 34 43 6 42 12 49 7 25 9 33 49 6 46 1 49 49 13 10 7 49 43 49 49 6 49 49 16 15 12 49 3 19 25 33 15 22 18 7 12 49 40 18 10 32 21 26 10 29 8 0 28 6 
3 16 33 10 49 48 12 49 31 12 37 49 49 42 36 19 13 7 49 49 49 6 30 49 16 33 36 49 31 43 25 49 49 21 13 43 49 16 1 18 39 7 49 3 49 49 10 49 49 34 2 24 12 21 28 18 26 25 19 0 49 
13 27 9 39 18 49 49 3 49 49 42 10 31 28 28 42 10 34 49 49 49 43 19 49 49 3 10 49 42 3 45 30 49 22 49 36 40 49 49 46 43 49 9 1 13 45 1 24 19 49 36 22 1 22 22 46 1 33 4 4 0 
