n: 60
m: 6
Pi:U[1-99] 38 89 77 10 4 97 58 74 2 22 91 93 32 71 77 27 19 71 82 29 39 52 48 75 9 93 93 3 94 15 61 79 64 50 2 47 47 87 30 45 60 33 63 37 47 93 57 38 96 15 61 62 6 57 41 57 53 14 82 28 
Si:U[1-99]
0 21 66 8 22 52 54 20 43 48 48 85 70 99 24 25 99 99 99 99 36 99 96 99 99 63 99 9 99 58 93 10 15 33 33 99 12 90 16 21 33 99 99 13 28 54 94 99 51 99 99 16 99 99 16 43 24 99 99 7 99 
26 0 25 37 24 52 6 29 30 53 37 69 9 6 99 84 9 49 81 42 99 37 99 75 4 1 99 1 24 99 9 18 99 91 93 21 99 76 97 99 60 75 64 21 79 99 99 75 78 67 99 88 91 90 99 37 30 73 99 99 87 
18 42 0 53 47 65 48 18 14 36 99 99 19 93 99 67 99 99 78 99 99 36 99 15 75 99 99 31 36 99 99 1 27 99 12 69 36 9 40 4 46 18 66 48 99 40 99 94 24 94 54 27 70 43 99 45 99 34 49 25 99 
30 21 66 0 21 64 16 21 27 27 99 3 85 99 13 99 58 69 60 99 88 58 33 22 60 99 1 99 67 63 99 48 55 1 93 99 33 84 99 69 99 99 66 24 72 97 13 61 37 72 93 36 87 48 72 45 15 99 45 99 85 
24 39 23 34 0 30 25 14 59 66 61 87 54 99 81 6 90 84 13 52 37 99 19 99 99 51 99 63 37 1 99 99 93 99 48 51 36 1 57 1 99 96 27 57 39 99 31 31 15 90 99 99 99 99 9 99 12 16 99 54 36 
36 19 27 6 27 0 66 65 50 0 33 28 7 22 16 64 4 30 90 36 34 90 40 99 39 60 99 99 79 99 30 22 10 58 46 6 15 6 99 93 99 33 99 67 45 99 81 99 37 99 99 46 7 99 58 28 72 99 99 13 99 
30 36 34 28 37 3 0 62 46 28 7 99 58 39 49 99 51 73 66 54 61 34 57 6 28 99 64 99 99 37 39 6 39 48 39 19 99 99 3 94 99 99 99 99 18 99 7 13 64 99 99 43 84 99 67 99 45 13 58 99 99 
29 53 25 60 22 20 9 0 65 54 78 99 27 94 45 60 99 99 37 99 99 99 63 21 99 72 51 13 33 54 3 99 99 43 18 99 16 58 88 70 58 3 39 60 1 99 66 9 99 99 54 27 10 30 82 99 43 25 99 99 75 
45 6 36 40 20 36 6 50 0 22 99 33 99 54 99 66 99 63 99 13 87 88 84 78 36 99 33 36 99 42 84 99 99 1 82 99 51 99 34 36 91 45 91 99 99 55 99 28 99 51 99 55 99 73 27 42 99 46 60 66 1 
10 34 10 53 62 58 62 41 8 0 99 39 99 96 54 99 85 52 13 99 99 42 7 61 18 34 31 52 10 63 48 21 99 99 99 97 42 87 99 67 99 10 69 99 99 16 99 37 51 19 99 43 46 27 46 99 96 72 61 94 99 
61 99 66 10 55 19 19 12 58 61 0 12 2 63 6 28 59 19 20 4 7 99 93 73 99 99 99 9 51 99 13 99 25 3 60 96 88 99 99 10 24 99 37 60 82 3 99 25 37 60 99 99 99 7 67 99 21 10 99 99 99 
99 87 99 15 99 15 52 13 1 7 26 0 6 42 64 14 51 56 39 5 81 99 88 76 36 73 93 16 99 16 42 54 87 73 99 7 85 36 99 1 78 51 99 93 84 12 12 99 40 99 99 42 99 63 49 15 30 46 91 24 43 
40 57 45 24 99 99 1 64 36 99 55 41 0 56 60 34 62 10 61 21 24 99 99 54 34 99 99 22 85 52 99 45 99 99 18 9 99 99 42 99 93 99 15 49 54 82 19 99 54 42 46 33 36 97 99 40 30 99 34 99 36 
7 99 39 1 90 70 99 99 1 51 63 16 24 0 30 43 52 44 14 66 1 42 99 99 99 4 99 33 39 22 99 99 49 60 54 70 81 69 36 85 94 82 99 99 33 13 33 99 73 99 76 40 27 13 21 18 64 99 97 99 99 
70 72 27 58 10 99 10 54 61 84 44 1 64 52 0 10 28 9 1 48 46 99 40 99 24 99 25 12 13 66 97 99 43 40 99 61 12 99 91 99 63 99 99 51 61 99 70 73 75 16 37 99 40 31 99 99 79 37 25 99 54 
64 7 21 42 31 66 99 99 99 99 17 29 62 42 58 0 52 36 32 25 99 99 97 3 27 99 99 88 16 72 99 54 99 99 63 51 99 73 99 7 15 99 4 70 99 99 52 49 99 99 87 4 99 99 99 16 10 10 27 33 84 
76 97 7 12 37 94 78 40 99 99 7 4 64 30 12 15 0 28 65 27 19 13 99 66 13 84 33 72 93 73 85 1 99 99 99 99 99 57 22 52 94 6 48 99 99 22 99 99 18 39 78 99 16 99 99 43 99 99 99 1 3 
81 22 99 99 99 99 99 81 99 49 20 33 27 27 10 18 12 0 12 54 76 91 24 99 99 99 73 99 87 1 33 99 52 12 96 99 82 24 34 78 93 6 99 30 97 24 93 1 7 91 99 48 88 19 99 76 99 99 73 99 63 
13 99 99 61 82 99 99 99 34 67 64 46 45 20 17 14 25 66 0 54 81 61 99 27 96 99 99 61 58 51 10 46 3 46 30 73 99 28 99 58 91 9 61 3 40 97 85 52 99 85 99 99 99 40 49 99 6 99 70 75 82 
99 97 99 15 99 37 7 99 99 64 29 56 43 35 5 55 49 50 33 0 34 27 75 21 96 60 99 88 72 99 76 16 99 76 81 81 67 99 28 43 31 96 43 79 99 99 99 99 34 75 52 54 34 73 90 48 78 60 99 37 99 
64 99 84 7 21 91 39 46 76 13 99 76 99 93 84 13 46 99 97 7 0 46 35 44 9 46 36 33 34 17 63 58 99 55 19 85 15 99 30 99 10 39 61 30 16 99 28 79 30 51 55 99 7 16 94 3 58 82 99 99 78 
84 99 63 21 75 87 45 63 99 27 55 67 13 33 54 84 78 99 12 91 38 0 14 65 16 31 24 52 33 0 99 48 76 72 28 18 79 84 99 99 33 99 73 7 55 40 3 36 36 66 12 99 45 52 81 99 99 99 99 19 97 
64 18 61 75 99 1 24 99 60 36 57 45 54 6 99 99 78 66 91 99 16 5 0 6 10 50 18 51 46 20 6 94 84 6 10 99 70 99 97 69 19 6 99 88 49 28 9 33 99 61 6 46 82 99 70 99 99 99 25 99 1 
3 30 94 99 97 99 24 94 13 54 31 69 99 99 94 66 36 10 97 99 22 4 30 0 18 53 11 32 56 39 52 49 99 96 99 99 88 16 99 18 96 85 36 99 99 99 99 75 99 19 91 84 99 67 82 99 10 27 19 64 99 
90 4 99 21 72 79 57 49 99 58 99 39 99 99 33 70 58 76 54 99 2 45 17 12 0 6 65 58 30 26 51 82 67 13 99 99 12 82 99 99 99 3 78 40 99 99 54 99 99 99 64 79 21 99 24 99 7 6 79 78 64 
46 48 76 64 79 99 99 99 99 10 99 30 52 99 99 64 76 46 99 99 21 60 42 46 65 0 54 27 39 38 99 99 87 45 99 30 51 99 99 64 99 36 96 99 15 99 39 39 94 79 51 99 57 99 99 99 99 84 67 57 57 
94 91 75 99 99 99 76 99 33 99 6 84 67 64 84 99 99 28 99 51 40 8 22 4 62 42 0 23 34 39 99 24 99 99 30 31 60 99 99 34 55 96 66 97 9 97 99 49 99 15 22 46 99 22 22 99 70 78 6 99 52 
69 33 64 22 51 99 99 46 73 25 19 99 49 4 94 40 99 54 99 22 13 1 16 37 65 1 60 0 38 30 9 99 99 99 10 99 99 22 51 81 91 33 18 63 87 97 99 99 42 99 67 1 75 66 99 16 99 10 22 31 10 
81 10 99 99 99 51 57 78 99 99 24 99 34 99 36 10 54 99 85 6 13 38 16 0 18 62 17 40 0 16 66 43 99 13 99 99 25 55 99 58 97 27 67 99 99 63 78 15 79 15 66 99 99 27 61 88 84 82 12 76 66 
39 99 34 24 93 99 33 37 75 99 66 99 10 99 99 99 99 7 99 99 52 64 57 4 36 11 60 24 59 0 37 66 99 99 18 99 99 73 51 1 99 12 55 30 85 99 22 79 99 99 49 99 60 19 67 30 28 99 99 99 99 
91 82 45 9 99 99 46 99 99 24 48 99 99 42 18 19 66 99 99 69 94 99 67 15 99 43 84 51 66 72 0 62 18 57 7 29 18 28 26 40 99 99 93 99 48 60 75 18 72 52 99 99 21 99 87 99 99 66 99 4 99 
99 99 85 15 99 42 99 54 43 99 73 99 4 51 25 99 34 79 99 19 31 93 99 99 99 25 22 51 55 99 52 0 24 34 44 56 36 22 11 24 94 16 99 55 99 84 66 84 30 99 99 9 94 97 4 75 10 93 99 33 99 
99 28 99 30 46 54 49 84 9 78 34 99 99 76 34 99 99 99 31 99 4 19 87 52 55 31 48 7 99 4 49 46 0 34 22 66 32 54 40 35 46 7 99 64 15 66 99 40 96 10 99 61 15 99 55 99 91 99 99 99 99 
27 31 93 99 99 99 33 99 99 75 99 99 99 99 69 99 21 33 99 46 18 99 40 37 84 69 85 66 66 6 50 8 46 0 13 26 27 7 63 4 99 12 99 79 40 99 81 70 7 3 76 99 93 61 99 99 46 21 6 99 13 
3 51 93 99 55 99 55 99 48 99 99 34 22 81 31 87 84 85 34 58 82 69 99 99 22 7 99 31 85 97 56 17 51 18 0 14 16 37 54 64 76 99 99 9 73 4 34 73 40 7 97 39 99 61 18 93 34 18 22 55 99 
99 27 99 99 1 49 69 67 9 99 73 21 99 78 16 88 99 99 24 19 4 72 94 52 43 34 60 99 10 99 65 46 32 6 56 0 40 46 47 2 13 61 12 85 16 37 49 99 24 57 43 33 63 99 43 99 99 99 99 99 84 
22 66 25 99 78 43 99 99 6 99 58 33 99 99 6 27 82 4 58 99 36 82 69 99 99 99 91 36 99 25 64 4 63 39 57 49 0 19 54 51 39 27 96 33 13 25 30 70 18 4 28 99 25 78 88 99 64 99 63 3 57 
99 34 99 64 10 4 99 99 49 64 31 3 99 52 91 99 9 99 63 30 99 72 99 99 99 99 99 42 75 87 10 28 51 62 6 13 30 0 59 62 60 97 91 28 22 85 79 99 66 99 33 57 99 99 99 94 99 82 39 72 99 
18 16 99 9 55 27 96 24 99 48 18 99 3 22 58 99 99 9 16 4 37 88 99 27 22 39 99 40 70 58 42 37 64 56 44 27 20 27 0 13 99 7 31 90 99 72 22 9 57 82 33 66 99 25 88 99 99 99 99 99 70 
13 99 99 4 51 99 99 61 64 64 4 91 85 27 57 99 99 1 87 63 51 10 99 94 12 90 73 87 99 7 14 40 54 4 30 25 41 38 11 0 99 99 75 42 99 76 1 15 99 46 69 99 9 73 40 99 25 99 61 24 85 
99 66 48 94 49 94 99 85 67 72 37 99 99 13 42 99 99 30 99 31 84 99 96 73 99 82 99 82 97 99 6 4 99 27 78 99 40 99 84 22 0 4 33 49 0 32 31 18 44 46 13 91 28 99 99 39 99 99 93 54 99 
54 30 51 99 99 99 10 99 40 15 70 16 87 15 37 75 99 73 39 49 94 93 34 73 1 60 42 99 99 99 99 49 99 99 99 51 46 7 96 99 60 0 12 23 15 23 66 64 56 41 99 36 49 87 30 99 9 42 52 10 21 
81 28 99 99 99 24 9 99 84 99 28 99 94 33 99 93 79 51 94 10 19 42 72 99 7 97 13 97 63 99 51 78 58 99 49 91 99 37 6 46 32 45 0 19 65 52 13 49 38 46 28 25 99 7 99 76 99 70 99 55 99 
70 72 64 99 40 99 81 42 12 66 99 30 70 57 79 58 76 70 31 24 99 96 99 16 4 30 99 24 99 6 99 13 99 67 34 69 99 96 45 99 46 30 57 0 46 7 40 50 6 10 63 99 28 99 55 52 99 46 36 43 21 
55 75 46 19 99 99 99 13 18 9 4 99 90 43 99 99 42 31 73 99 87 52 33 18 97 21 72 87 55 99 99 99 99 99 99 30 87 94 72 52 28 57 32 40 0 13 40 49 60 56 96 79 99 87 3 39 99 76 1 99 93 
94 99 21 3 99 63 51 90 54 4 99 10 1 10 13 16 30 33 28 99 16 18 39 99 90 21 99 66 46 78 99 99 99 15 24 99 21 55 70 99 39 4 23 54 35 0 43 60 54 49 40 99 99 72 66 21 25 66 99 99 97 
82 99 99 99 63 99 7 99 99 99 64 99 49 7 99 99 99 97 99 54 96 73 82 78 91 99 99 99 79 24 34 99 99 51 54 27 34 99 25 22 32 41 42 36 24 28 0 65 64 35 12 12 99 12 79 1 99 99 99 45 69 
99 99 91 3 36 27 99 18 31 88 99 85 55 34 99 54 99 94 18 99 91 81 1 99 99 69 60 66 16 66 85 99 36 39 60 22 4 7 18 99 30 12 28 42 31 44 26 0 14 43 99 99 70 99 51 99 99 99 99 99 99 
15 87 69 69 99 81 97 10 75 45 75 21 18 39 99 99 99 58 24 99 55 91 78 46 99 69 99 37 66 99 18 99 99 34 48 3 99 73 63 94 26 6 12 64 35 56 57 53 0 55 43 99 99 28 99 58 34 73 55 61 10 
91 99 99 61 99 46 64 3 99 6 85 54 85 25 88 99 99 99 99 79 99 49 6 88 42 99 25 99 99 79 99 57 99 99 3 6 33 99 99 36 36 15 48 38 38 23 44 55 50 0 99 82 70 70 99 39 99 21 99 6 99 
99 58 51 36 46 42 99 31 16 99 4 55 99 97 36 99 10 99 99 22 99 99 54 49 99 6 19 99 25 42 99 31 88 99 99 33 85 7 99 94 60 40 51 66 99 99 99 99 1 18 0 16 64 66 5 25 26 2 31 65 39 
81 43 78 99 87 25 36 10 60 99 27 18 99 49 99 58 91 18 48 99 79 15 60 40 99 54 34 97 19 34 81 97 51 90 99 69 24 99 99 99 84 6 39 99 93 33 99 99 69 78 64 0 38 20 16 65 38 56 28 8 70 
63 99 99 90 99 99 24 33 75 99 24 81 91 63 84 76 85 72 24 16 99 99 99 49 99 96 25 36 66 15 1 99 99 7 42 28 84 91 7 99 19 99 13 99 31 99 21 99 34 13 38 46 0 25 54 48 36 9 31 16 78 
43 99 30 99 12 99 93 61 78 64 99 99 43 91 45 99 49 99 99 99 22 70 99 99 99 22 99 46 99 30 85 49 49 73 99 64 34 99 99 99 99 99 99 99 84 84 49 94 99 99 36 56 6 0 64 23 18 24 2 40 19 
99 21 99 3 88 79 99 67 99 22 99 25 99 99 99 99 99 55 40 90 99 99 24 99 31 61 96 31 99 48 99 96 99 82 99 99 37 18 99 52 79 88 4 52 43 99 99 57 93 94 30 50 17 11 0 15 21 66 43 10 93 
55 36 99 4 63 7 90 82 22 13 64 31 4 99 99 99 24 28 63 96 18 93 19 28 40 99 87 19 52 99 75 67 1 36 82 27 64 99 84 84 99 99 99 52 25 46 69 60 99 46 62 13 4 45 32 0 35 26 62 4 99 
99 49 99 99 99 99 81 52 99 99 93 16 19 99 13 15 87 16 66 72 51 99 87 39 99 16 99 12 99 52 54 96 1 99 96 52 85 78 10 88 4 27 42 79 72 99 99 70 99 99 44 46 12 14 65 65 0 31 28 3 99 
30 39 66 40 99 99 93 99 99 16 55 99 9 81 93 45 25 88 21 18 64 99 27 94 69 78 97 79 82 27 12 99 99 1 51 48 87 99 72 91 99 60 99 34 37 99 99 99 22 99 26 10 10 49 58 22 7 0 47 64 45 
9 85 99 94 84 99 46 60 21 22 76 30 99 36 33 60 76 85 24 45 99 99 60 93 51 40 42 87 99 37 85 6 46 46 99 1 99 42 82 99 15 99 25 99 93 99 88 30 18 99 17 64 55 0 62 5 4 22 0 20 78 
99 72 49 54 39 90 16 99 15 85 55 28 99 93 99 30 10 19 78 99 88 45 73 34 90 43 31 66 51 28 70 99 99 99 99 55 99 7 99 42 82 99 85 10 66 99 99 99 16 10 22 10 0 28 12 65 36 56 20 0 69 
55 87 72 99 52 97 81 51 85 99 49 78 99 99 33 99 64 28 99 36 84 88 91 57 99 10 99 99 81 99 49 96 99 70 16 99 19 81 90 99 88 99 99 52 99 99 57 4 97 85 21 99 15 99 66 97 75 99 84 99 0 
