n: 60
m: 8
Pi:U[1-99] 5 5 44 27 52 95 79 70 46 4 47 58 51 77 55 57 57 25 68 86 16 52 25 90 24 40 6 50 85 58 30 7 40 83 94 14 60 58 75 90 55 14 81 99 85 22 7 42 99 90 62 40 77 88 6 3 18 60 73 95 
Si:U[50-99]
0 88 91 56 82 79 50 55 81 99 51 84 58 57 97 94 76 74 73 95 89 67 86 88 50 77 71 99 98 69 55 95 76 51 50 96 52 86 54 80 71 95 54 74 73 54 69 86 98 51 74 99 52 96 66 74 59 57 99 92 70 
58 0 80 97 95 77 76 56 54 61 58 68 73 78 89 95 97 56 54 76 54 60 75 68 58 84 81 64 63 53 71 64 89 58 89 95 59 75 85 95 85 65 73 54 71 90 83 59 56 94 74 88 78 75 91 84 73 52 52 78 97 
66 59 0 54 72 54 51 83 51 80 88 79 87 87 81 57 54 69 50 71 62 78 58 79 61 81 72 92 99 60 68 97 96 83 81 69 63 74 53 73 95 97 52 51 92 89 59 96 94 95 91 53 99 84 50 50 99 82 98 99 68 
62 95 82 0 74 73 92 59 67 70 58 98 55 90 90 88 84 68 94 51 79 56 90 90 73 53 67 64 91 84 81 56 82 50 70 81 95 84 59 67 70 61 56 79 70 68 61 74 57 64 79 70 96 64 91 87 58 67 81 96 65 
68 69 97 99 0 82 64 64 98 85 81 73 57 90 86 64 58 74 56 52 51 95 55 85 59 99 76 96 62 77 95 57 56 66 95 99 92 66 67 68 61 50 61 91 77 84 84 67 51 78 63 62 50 78 72 62 81 99 93 78 59 
54 91 60 87 72 0 57 70 56 66 63 51 52 86 79 97 64 52 92 99 66 89 54 81 83 82 72 70 56 66 71 77 99 88 54 80 71 60 53 70 53 96 59 93 63 90 73 83 95 69 85 79 81 66 73 76 52 78 56 82 50 
79 52 57 83 88 72 0 83 55 73 73 64 62 50 52 84 63 83 60 93 70 92 77 78 63 78 89 72 94 79 87 58 86 97 87 83 76 80 73 92 86 75 55 87 64 77 62 76 75 61 65 90 99 77 71 81 90 60 63 63 79 
68 56 95 58 70 50 78 0 63 57 63 84 96 58 68 91 74 55 81 84 90 68 88 71 50 72 99 62 80 62 87 54 88 72 62 66 89 68 78 79 53 91 77 89 58 50 73 72 57 62 77 54 56 73 69 55 63 76 96 59 60 
53 93 51 85 71 51 81 72 0 90 95 93 62 75 55 85 97 84 92 71 76 62 57 50 98 77 95 62 89 52 68 54 66 91 74 80 54 70 64 58 60 81 81 60 75 66 70 91 94 75 57 83 52 68 63 82 55 89 70 52 60 
71 84 60 86 73 60 70 54 63 0 76 57 89 83 89 92 96 70 64 62 66 92 97 57 92 97 64 67 93 87 93 50 86 93 51 83 54 50 53 51 61 58 56 50 81 94 59 95 81 96 88 74 55 79 52 80 83 62 84 58 65 
86 61 52 53 78 71 65 80 90 75 0 72 75 69 81 69 84 70 92 57 99 84 63 63 72 72 86 95 90 71 67 74 90 80 66 55 56 62 65 78 76 99 90 88 64 58 53 90 52 65 74 58 62 70 90 91 58 99 69 73 61 
86 50 77 65 80 68 66 88 96 93 90 0 82 90 72 98 88 79 63 80 95 78 73 65 81 73 67 70 81 57 88 62 52 68 75 57 87 88 55 76 82 88 83 97 80 81 63 54 84 71 98 99 91 82 95 95 61 81 99 88 50 
78 73 68 95 82 64 65 55 76 61 77 67 0 57 68 67 74 91 80 85 61 60 64 97 59 65 66 91 60 84 58 56 54 85 61 68 51 71 83 68 92 89 96 92 60 63 84 81 70 53 82 72 95 89 54 73 51 61 92 79 67 
83 52 59 50 76 57 73 64 82 82 56 99 74 0 88 66 99 75 54 68 66 59 61 95 67 91 78 85 54 82 95 77 89 76 71 78 79 90 58 76 80 65 89 81 89 98 93 85 80 68 68 85 84 83 76 70 83 69 50 66 74 
72 60 61 53 58 70 62 85 56 97 75 73 97 92 0 60 56 97 77 53 98 61 65 78 68 53 71 69 66 50 56 65 76 64 65 70 74 85 82 79 67 86 91 71 66 55 54 90 63 57 79 84 78 77 98 93 66 56 61 58 50 
68 56 96 83 76 85 84 62 76 74 76 92 99 90 64 0 73 96 62 54 80 96 66 73 86 50 74 91 56 99 87 88 58 69 57 88 74 92 68 66 59 99 50 76 52 69 54 62 60 70 72 94 59 68 87 54 97 79 51 88 88 
52 68 88 65 97 94 78 71 92 65 75 83 80 94 83 56 0 68 97 54 51 66 96 63 54 62 63 65 79 82 73 51 96 52 69 73 56 83 55 87 76 67 98 58 74 82 99 74 50 94 80 71 60 56 62 77 93 58 88 70 88 
51 61 56 91 85 86 88 60 97 65 88 77 99 73 61 90 62 0 98 80 71 89 89 63 95 60 94 71 78 83 63 64 71 85 78 89 82 82 80 93 82 81 55 74 60 87 95 59 54 55 65 50 95 91 89 71 92 55 96 89 87 
63 95 99 70 73 51 76 94 88 79 69 96 77 67 73 63 52 58 0 83 56 57 52 71 97 74 59 66 52 75 68 70 60 64 85 87 61 96 55 67 91 89 78 88 99 53 94 76 77 70 81 71 58 52 77 88 80 92 94 81 74 
58 77 70 66 73 53 79 61 89 91 75 92 87 88 75 63 83 79 56 0 98 74 63 98 78 58 53 92 69 55 93 79 75 71 70 67 98 84 81 74 70 71 95 79 68 65 87 88 87 97 80 89 54 67 82 50 54 69 55 51 85 
83 82 56 63 50 64 57 62 96 53 60 98 59 94 62 97 60 86 53 93 0 63 72 89 58 96 82 97 52 90 90 75 68 83 83 56 85 91 84 50 83 97 54 81 61 80 54 69 91 89 67 84 52 96 54 96 68 78 82 67 74 
59 93 94 75 87 86 99 99 94 61 71 91 50 76 78 89 55 50 67 78 59 0 88 93 56 91 69 94 54 79 61 65 75 61 94 99 71 57 88 93 94 82 62 50 67 88 89 79 71 93 74 67 77 63 87 96 54 64 66 89 52 
52 66 58 52 59 53 82 81 84 89 93 55 64 87 65 61 61 66 98 71 87 60 0 60 78 85 66 82 87 67 71 85 78 68 97 64 94 90 81 69 62 70 59 51 87 96 72 97 64 90 57 55 67 64 72 70 64 52 70 74 93 
51 77 68 95 95 94 72 67 93 53 90 79 90 76 55 85 52 69 94 65 86 91 92 0 79 85 57 95 69 62 98 52 78 77 81 96 64 59 85 73 59 68 87 88 77 52 53 79 68 70 88 82 93 83 84 88 60 76 77 99 71 
70 88 59 91 94 95 99 92 97 55 64 74 71 62 89 85 84 77 86 99 93 99 97 97 0 92 51 57 87 50 82 99 79 78 73 59 98 92 73 64 88 62 61 73 58 50 85 56 70 78 58 64 92 99 82 73 53 55 75 72 56 
50 65 96 70 73 59 99 55 99 50 80 87 83 72 56 89 59 79 51 98 86 94 73 89 90 0 90 50 97 74 72 71 51 89 59 95 72 96 95 73 78 96 80 91 61 85 95 67 68 80 72 93 92 53 91 93 91 90 94 53 69 
82 74 83 64 99 67 95 67 66 75 55 71 50 51 55 90 80 55 82 69 79 59 77 71 92 54 0 95 75 97 63 53 96 50 94 92 71 93 51 67 99 50 84 50 94 59 71 51 88 65 65 56 86 94 61 65 88 94 52 67 80 
93 60 96 57 71 77 68 60 85 98 87 62 61 60 81 85 88 87 86 59 86 85 69 62 72 69 77 0 66 99 85 67 79 71 68 54 81 82 90 51 93 97 99 84 93 50 90 83 97 70 53 92 55 69 74 91 95 86 92 69 77 
56 77 61 76 65 77 70 60 59 71 71 66 89 96 90 79 58 74 82 54 71 58 68 56 69 73 72 92 0 92 52 61 91 50 56 80 60 80 66 59 73 58 93 83 67 87 50 75 54 73 81 54 96 84 74 50 89 65 91 92 73 
56 92 88 83 71 57 73 69 83 65 53 52 72 55 85 58 91 88 53 99 65 90 92 53 68 83 72 69 72 0 51 67 67 88 87 70 63 74 87 54 50 68 53 53 95 77 73 80 76 81 70 69 61 79 93 59 76 99 68 96 89 
50 98 57 56 93 81 86 63 81 66 80 77 53 60 77 95 70 70 59 84 76 89 74 88 93 80 79 80 83 62 0 59 68 58 74 60 97 75 96 56 61 97 79 96 55 73 76 89 51 76 69 71 54 63 71 53 59 90 93 69 94 
98 78 95 73 98 85 99 79 70 85 75 70 93 59 91 67 50 83 63 86 57 92 87 85 70 72 76 61 98 85 93 0 97 77 85 64 93 64 54 75 72 85 71 58 76 78 65 89 50 71 95 95 50 54 98 83 64 52 81 97 79 
90 74 75 76 52 79 90 73 50 90 92 51 56 83 54 50 73 98 77 54 93 54 70 83 91 51 98 81 56 73 66 95 0 92 64 93 68 64 84 83 87 59 98 98 62 89 90 54 59 83 72 89 61 84 80 99 82 58 92 87 87 
74 84 78 83 78 80 71 51 87 88 97 58 50 66 96 75 69 67 81 88 93 91 97 50 73 82 69 71 65 83 60 98 55 0 87 53 70 96 62 50 81 73 56 65 87 75 75 54 83 62 82 97 56 68 92 66 67 68 68 79 74 
65 63 79 65 89 68 62 60 73 68 58 54 72 96 87 51 98 56 54 62 57 91 86 92 88 52 76 83 66 62 80 59 64 94 0 70 90 94 65 93 68 89 92 82 85 90 74 59 95 85 93 69 84 99 88 74 55 77 72 97 58 
55 65 90 77 77 76 71 80 74 67 91 72 72 94 74 77 92 69 83 93 68 68 83 66 77 84 72 56 63 87 82 74 51 81 63 0 89 53 60 82 57 52 80 57 77 54 61 87 74 77 57 81 91 81 78 65 74 51 78 52 65 
97 55 99 90 78 65 90 59 55 76 95 50 91 77 60 61 90 74 76 95 85 64 50 73 91 95 95 96 77 86 84 60 85 83 82 81 0 83 53 92 60 87 68 71 53 84 99 87 86 93 99 71 92 91 59 80 84 94 93 94 91 
67 72 66 98 74 60 89 93 60 94 73 53 68 57 80 82 64 61 51 90 90 54 82 95 94 78 56 85 65 81 98 76 63 77 54 82 52 0 79 74 56 65 66 65 76 99 77 72 79 88 82 78 56 72 65 85 84 75 66 57 83 
98 86 76 95 54 50 87 53 96 78 97 50 53 84 53 98 95 99 80 98 62 97 98 72 99 80 99 55 99 80 78 54 66 62 73 54 96 97 0 95 82 90 72 65 92 80 98 57 79 61 82 77 52 73 61 88 58 85 82 55 86 
89 74 56 89 63 58 61 69 58 65 64 80 73 81 73 71 86 78 98 56 85 56 99 98 92 78 53 77 89 73 95 79 83 73 56 56 76 76 87 0 62 71 96 99 55 81 56 72 88 60 72 88 76 90 99 73 52 83 60 73 56 
85 58 98 79 50 86 88 58 60 59 86 90 91 62 66 78 69 82 63 50 78 76 54 62 52 94 54 80 72 82 54 61 50 95 67 58 75 71 70 80 0 86 80 70 52 62 96 71 84 89 60 50 76 61 69 75 93 90 66 54 79 
60 72 89 62 95 57 93 58 78 52 67 89 80 80 82 88 75 88 66 81 58 74 95 74 64 76 89 54 52 75 87 59 59 97 53 86 83 76 69 77 85 0 83 77 59 98 87 85 60 75 94 74 59 63 73 60 76 51 97 51 59 
81 70 59 64 84 93 83 65 80 74 84 86 61 82 78 76 72 70 69 88 97 63 89 54 84 50 62 56 74 62 70 64 53 68 84 95 97 94 60 67 66 65 0 84 64 76 87 78 81 61 95 64 72 63 51 69 99 64 59 75 95 
55 98 82 64 84 91 66 77 60 91 83 72 93 75 85 99 66 50 77 76 69 79 69 90 88 51 97 82 52 52 81 80 66 53 88 73 88 60 81 71 56 74 65 0 67 62 60 62 91 87 64 72 73 58 54 92 55 72 98 52 68 
91 73 91 64 97 74 91 93 93 84 60 51 84 87 74 99 71 65 80 81 85 91 72 91 77 90 57 86 61 70 71 52 79 70 65 80 52 72 56 73 72 79 56 62 0 72 59 57 92 71 56 82 92 72 68 63 65 70 65 72 84 
54 94 61 60 70 59 75 51 80 90 80 76 84 94 58 71 90 90 99 88 61 61 86 50 71 53 85 88 90 85 52 76 50 88 77 75 78 86 64 80 90 67 71 91 95 0 78 89 74 78 89 57 57 74 89 52 79 76 91 95 77 
62 60 70 94 66 62 66 82 51 64 85 60 61 60 86 83 85 71 72 80 81 75 63 54 67 55 60 86 67 95 58 60 60 70 86 70 84 89 64 85 78 65 59 72 76 74 0 98 70 90 61 76 63 90 78 68 61 80 81 97 88 
98 63 81 96 94 93 54 92 68 50 66 87 75 80 99 86 56 83 88 60 65 74 68 52 71 90 51 86 95 76 96 53 99 80 85 78 73 72 57 92 87 96 68 89 90 68 78 0 94 61 99 77 60 83 73 87 74 57 78 62 61 
86 89 54 90 83 93 85 72 84 78 50 67 51 66 67 52 99 75 70 87 50 53 94 92 71 82 98 73 57 80 65 90 55 69 69 73 87 91 65 89 68 72 65 96 50 55 92 82 0 99 50 94 93 83 96 88 79 68 52 62 53 
63 93 71 69 91 92 55 99 57 63 54 85 54 59 51 79 81 55 54 95 56 73 51 74 91 77 55 54 74 78 50 96 50 94 68 85 51 74 62 60 76 76 90 50 75 56 78 60 85 0 79 67 68 52 91 73 83 75 79 77 91 
98 98 60 97 60 55 63 56 92 54 76 71 62 67 76 86 71 82 83 72 59 51 89 98 99 97 61 88 77 51 96 87 66 64 68 60 94 55 92 79 91 77 51 58 61 70 85 74 61 88 0 51 98 81 76 65 91 86 92 81 92 
81 73 52 98 91 61 83 97 84 52 56 61 90 69 88 57 97 55 73 96 54 94 66 68 88 52 58 74 68 75 50 65 65 84 98 85 56 98 93 61 83 94 67 51 74 57 83 74 89 87 90 0 79 60 88 86 64 81 97 59 68 
87 62 99 55 75 70 88 51 61 60 76 57 73 88 71 86 54 90 50 88 85 67 78 70 89 59 65 87 75 61 68 82 81 82 88 87 58 59 93 87 89 51 79 96 83 77 77 92 69 82 87 59 0 87 86 80 67 69 77 57 65 
87 68 60 73 76 66 79 95 99 67 87 91 97 55 71 79 92 51 73 67 64 94 90 97 91 69 52 60 81 85 53 93 61 65 92 72 69 77 94 90 83 57 62 78 61 76 74 81 60 86 60 94 55 0 80 62 57 70 71 82 92 
64 61 69 92 66 54 99 87 51 80 91 92 74 53 51 61 50 99 89 70 59 63 91 52 85 93 78 96 96 98 94 73 75 93 68 52 94 78 90 87 68 83 79 96 59 56 76 72 99 73 97 96 87 96 0 96 79 78 50 87 95 
86 55 91 77 82 56 86 56 85 78 75 95 89 60 80 84 86 66 74 73 86 63 57 80 67 80 87 74 75 73 73 70 80 67 88 60 82 83 54 51 99 70 58 69 63 97 79 61 57 60 51 55 50 67 95 0 51 71 55 75 91 
65 64 57 71 75 72 96 83 87 66 58 80 54 82 70 82 50 88 88 58 65 95 74 94 84 85 94 96 69 77 85 61 79 51 59 65 55 69 68 57 89 76 80 74 97 69 83 66 68 89 78 79 66 92 76 55 0 70 62 66 91 
79 71 58 52 65 55 78 79 73 51 87 80 88 74 77 75 64 87 89 51 88 91 50 72 81 56 72 66 90 59 66 52 50 92 56 82 98 57 58 51 75 60 50 63 80 99 68 58 98 61 82 88 66 66 93 62 78 0 97 82 93 
54 68 51 57 79 92 69 50 54 68 95 81 62 52 66 73 98 71 76 79 83 75 95 99 63 69 56 70 56 73 95 54 96 98 93 75 84 92 62 56 87 65 61 87 83 55 86 55 98 72 80 82 86 75 75 74 86 92 0 78 82 
70 64 77 54 65 56 78 93 83 65 60 65 91 55 63 52 72 96 86 66 97 69 59 63 73 92 89 82 62 78 52 86 97 55 54 61 80 63 95 93 64 97 79 59 78 98 56 89 57 66 69 70 54 84 69 94 57 92 91 0 58 
72 74 58 91 63 99 97 98 74 89 53 51 59 83 63 74 94 87 69 83 86 83 75 96 83 56 65 76 50 60 53 65 68 60 86 96 85 79 70 84 72 86 81 64 94 73 85 60 77 62 52 71 74 85 96 50 64 79 50 81 0 
