n: 60
m: 2
Pi:U[1-99] 30 79 76 27 18 40 78 49 78 68 36 56 15 50 85 82 86 54 65 88 76 85 37 24 31 87 21 27 65 5 74 83 39 38 10 34 63 69 22 52 58 62 11 7 38 50 52 15 45 24 43 52 76 52 96 22 75 87 20 5 
Si:U[1-99]
0 49 99 91 29 89 84 66 13 91 91 42 58 89 29 64 96 54 2 46 48 52 49 55 30 80 61 7 50 84 75 4 77 84 11 16 2 6 27 30 27 35 96 93 89 98 91 7 62 62 87 85 33 89 48 94 11 65 32 81 97 
51 0 58 66 76 60 26 59 53 97 57 58 83 45 97 53 96 40 72 90 79 20 48 12 92 45 16 8 43 59 41 32 52 41 10 32 71 21 37 50 70 38 58 92 4 87 43 67 22 68 21 50 65 84 7 14 76 83 13 76 17 
28 80 0 8 62 96 65 3 71 89 62 27 72 91 37 98 4 10 28 89 60 16 35 41 29 58 3 91 67 57 10 21 53 1 27 18 99 88 88 36 53 40 92 67 35 81 96 45 54 7 97 66 75 36 99 30 57 1 73 43 4 
14 89 72 0 65 68 70 38 49 41 75 32 70 9 94 61 11 27 60 63 19 82 93 83 52 40 11 23 47 48 19 15 65 16 82 24 49 75 15 32 79 91 85 89 27 1 95 47 56 6 58 7 37 63 34 25 44 57 89 46 64 
71 99 97 24 0 82 51 71 82 10 6 60 65 3 84 46 75 82 53 57 60 54 80 97 10 87 52 81 40 39 49 7 89 2 4 14 32 8 10 94 91 56 52 26 60 63 15 97 43 50 67 42 29 62 95 26 49 95 46 61 82 
3 49 26 36 48 0 89 4 14 90 78 24 1 37 44 85 34 23 48 62 27 47 13 93 72 12 82 52 9 65 25 26 92 58 35 83 80 12 44 78 53 82 33 55 33 75 29 8 50 62 30 61 24 31 93 65 53 44 43 90 25 
30 5 82 81 71 87 0 7 44 71 82 85 86 60 46 92 19 72 47 92 65 38 6 47 50 62 39 20 8 91 34 24 82 58 97 55 3 7 35 97 95 1 30 55 94 81 47 29 85 93 99 52 28 20 17 35 34 51 59 44 65 
96 34 57 85 53 55 7 0 36 67 11 41 32 84 90 73 11 83 54 92 74 53 97 38 72 21 51 72 86 81 14 33 32 81 28 21 16 4 26 71 46 42 79 47 44 70 18 77 83 81 4 67 48 84 29 49 93 79 92 10 11 
15 17 25 84 36 67 28 8 0 14 88 1 96 21 71 56 5 64 14 6 17 12 66 81 30 60 5 16 6 52 88 59 52 29 20 15 68 56 70 61 76 35 34 76 28 32 30 36 86 91 25 13 63 97 93 12 65 76 81 55 40 
55 94 11 42 44 77 51 50 60 0 24 14 94 58 4 92 15 54 39 68 84 31 14 19 4 40 61 54 85 45 85 98 62 73 89 21 70 14 23 29 31 90 76 6 32 80 31 70 28 12 31 32 37 28 23 38 73 17 97 6 69 
91 10 72 58 94 63 30 46 59 68 0 25 45 32 80 83 86 9 33 28 5 9 83 71 73 49 11 31 65 83 57 54 30 64 36 17 76 22 60 66 22 93 45 57 25 27 35 36 18 66 25 5 89 59 69 5 60 33 21 96 91 
66 92 81 91 36 81 40 89 29 76 6 0 41 25 67 52 91 79 58 87 53 37 90 61 93 93 44 26 4 33 51 95 60 65 64 27 97 59 44 9 74 22 26 89 68 17 38 1 48 60 94 21 34 91 47 16 71 10 49 66 2 
26 93 47 14 9 78 25 73 56 38 50 32 0 10 62 63 86 83 39 97 52 24 86 20 89 12 21 13 87 6 38 16 39 91 62 98 65 71 18 26 90 21 79 11 39 1 58 18 47 99 43 63 96 68 18 21 35 78 23 62 55 
55 23 58 10 82 76 87 39 46 9 36 89 64 0 96 7 26 8 5 22 59 55 55 95 32 17 60 80 59 11 23 9 49 30 86 86 31 79 98 47 36 78 47 18 98 73 37 46 66 41 40 47 83 7 27 24 60 42 88 32 26 
41 9 24 23 37 10 23 29 17 15 91 99 74 41 0 4 69 48 40 13 29 15 31 26 37 2 15 59 66 24 84 72 28 90 56 60 92 26 79 78 69 62 89 15 79 34 13 51 26 10 49 30 60 57 16 87 40 47 47 72 23 
60 63 39 45 47 96 59 85 14 72 72 47 7 72 92 0 25 86 73 32 25 97 42 23 40 72 26 99 49 57 29 88 88 60 93 20 58 23 13 71 45 61 18 21 56 2 32 23 1 3 66 54 9 34 80 41 35 16 76 70 59 
73 5 76 97 86 77 46 65 11 93 44 86 86 74 53 77 0 38 25 57 55 57 9 39 99 17 93 72 59 88 3 81 26 80 60 53 48 62 60 65 84 77 65 80 47 53 89 34 16 99 21 74 82 96 25 5 48 51 83 88 11 
2 89 43 8 61 94 99 65 28 95 88 80 47 65 24 98 12 0 19 69 72 96 47 26 44 71 98 36 68 98 68 92 69 98 47 14 19 51 98 84 13 83 75 81 2 45 17 64 69 85 61 68 57 1 37 85 80 84 78 12 64 
58 93 55 20 24 98 31 82 3 27 86 4 10 90 95 23 73 65 0 78 14 38 88 39 89 30 2 75 25 82 65 59 5 65 81 27 44 50 89 25 9 48 31 84 18 71 22 36 52 85 99 5 23 91 88 95 38 73 8 25 99 
73 21 71 51 65 73 98 75 45 69 64 90 61 97 58 19 74 1 23 0 3 79 66 67 60 47 65 11 7 53 73 78 21 52 82 73 79 3 67 86 45 73 79 82 8 88 51 84 60 25 40 16 10 26 54 67 81 3 32 16 51 
3 78 79 65 6 98 6 81 39 7 37 86 82 35 71 23 98 34 41 55 0 27 51 16 19 64 20 10 20 96 89 10 70 40 54 23 24 14 72 58 64 22 70 85 84 90 55 15 43 28 33 91 49 69 45 1 27 48 65 41 93 
37 87 72 40 32 58 53 86 28 53 16 9 37 4 14 88 17 38 35 11 18 0 17 83 82 99 79 72 44 82 33 97 25 31 36 10 1 97 62 20 54 19 46 30 59 38 61 76 13 61 35 44 56 47 16 55 95 43 59 73 12 
55 37 12 16 98 89 51 65 7 36 10 47 63 34 6 3 32 11 56 2 52 5 0 47 59 45 43 61 33 89 43 14 8 62 95 58 54 53 30 6 71 93 44 83 70 79 1 17 63 87 92 58 77 73 79 22 30 29 94 80 71 
30 18 74 56 44 44 54 66 71 59 47 82 51 27 35 48 98 89 57 72 36 39 3 0 79 93 90 3 45 14 93 80 19 59 71 55 43 19 25 43 35 54 14 7 4 46 48 57 42 30 74 82 28 69 84 53 73 26 99 86 87 
47 10 17 39 25 45 96 49 75 31 95 35 74 18 42 57 19 21 10 76 21 71 67 66 0 16 1 4 95 63 25 88 47 14 25 36 74 23 61 89 94 66 32 66 91 84 42 94 6 81 16 79 65 34 38 51 92 63 46 33 45 
1 81 77 55 89 96 49 80 38 21 68 82 59 5 21 24 18 26 71 25 65 8 34 28 24 0 94 65 58 81 11 64 43 50 61 46 86 47 87 46 40 75 60 59 60 42 69 81 76 47 28 86 21 15 1 2 85 2 46 43 51 
98 86 94 71 86 31 64 73 56 85 61 9 44 53 74 7 89 78 84 10 12 32 44 98 59 99 0 43 77 94 89 63 60 32 59 59 74 92 19 35 94 4 16 12 21 46 69 93 21 4 30 90 92 62 18 33 20 19 71 78 79 
68 23 70 9 24 95 67 19 80 76 75 20 18 79 23 7 94 97 46 17 8 61 32 89 72 82 96 0 46 5 32 17 40 65 20 45 99 25 75 54 50 95 75 26 40 31 53 25 78 1 65 74 80 16 61 64 33 31 88 69 55 
88 73 51 73 47 51 92 2 51 42 94 43 57 51 89 23 89 81 84 49 20 73 77 60 46 98 96 83 0 47 13 21 54 17 26 96 38 30 92 72 5 19 30 98 53 39 1 28 54 39 69 81 34 73 56 80 5 12 92 25 84 
82 34 92 71 41 56 84 90 29 64 33 75 5 78 38 11 10 77 74 71 28 29 68 69 63 65 94 29 88 0 2 77 32 3 76 94 59 11 96 30 70 15 52 65 12 97 57 17 36 99 17 35 74 39 87 32 18 30 17 84 81 
46 51 90 27 8 9 84 39 62 93 47 51 40 65 75 70 85 97 54 45 26 24 62 35 72 84 90 35 86 39 0 23 72 6 41 97 33 78 35 70 84 26 11 1 35 43 19 92 61 47 32 54 47 41 77 72 90 35 96 4 29 
11 68 13 58 69 45 91 41 67 63 51 76 35 23 94 26 83 33 85 52 79 83 16 97 60 37 96 32 61 94 86 0 48 95 52 81 23 80 29 49 17 55 44 77 50 63 9 32 45 18 25 75 43 44 81 62 40 4 77 44 61 
75 21 6 27 94 63 4 21 78 69 82 87 92 63 95 44 38 48 2 10 64 30 10 57 49 98 7 50 49 96 29 72 0 77 97 18 92 10 25 40 17 58 86 98 46 7 46 74 87 9 87 14 48 77 50 3 19 34 43 14 78 
47 98 22 96 2 37 55 29 29 1 81 37 12 89 12 20 33 80 27 30 9 97 79 44 57 49 33 51 3 27 30 26 14 0 3 27 79 36 88 38 32 79 43 4 71 42 53 55 49 99 37 53 47 71 43 61 1 5 18 95 27 
43 69 39 64 63 48 76 16 77 83 93 54 24 94 3 15 95 97 45 34 12 99 79 25 30 13 5 73 1 79 21 18 89 39 0 46 96 30 99 95 38 28 96 4 49 50 71 14 77 16 53 40 23 3 54 55 29 47 70 41 4 
34 22 9 53 85 99 33 4 91 92 56 4 52 90 55 7 11 97 85 62 74 55 80 67 69 72 84 77 54 41 38 19 82 62 81 0 4 65 15 78 71 38 87 66 59 82 3 74 61 2 18 70 48 88 3 53 88 58 3 76 85 
45 44 76 8 20 36 70 59 37 72 99 8 10 25 48 58 6 23 44 74 49 12 32 96 9 17 87 1 26 88 8 9 24 17 53 85 0 53 23 93 26 38 23 40 68 32 93 79 44 19 46 71 93 22 78 6 70 77 7 4 56 
37 48 84 1 45 49 57 14 91 22 14 26 4 15 81 27 51 10 26 81 24 10 67 21 57 38 78 16 60 1 89 45 8 16 78 62 59 0 46 9 84 63 18 26 66 53 42 76 56 12 89 49 63 37 36 59 41 51 7 83 55 
52 94 28 3 86 57 80 94 64 10 46 2 76 66 81 77 55 90 79 54 17 52 66 31 57 5 34 7 84 33 91 66 43 41 87 99 38 50 0 10 69 71 42 22 68 9 21 41 17 47 59 12 39 1 43 56 90 15 71 40 80 
83 37 70 64 45 26 26 39 96 92 54 7 10 63 48 28 29 17 19 93 93 43 39 32 7 77 59 36 46 55 29 39 81 33 75 4 89 64 60 0 90 19 7 74 22 56 24 55 81 99 2 13 96 26 19 89 93 93 56 51 68 
23 19 57 36 94 49 43 97 42 13 23 91 90 73 20 98 4 95 65 99 51 7 6 34 57 94 7 68 81 75 11 72 91 5 59 85 67 12 67 54 0 88 49 53 12 8 9 8 81 14 58 70 19 51 1 59 97 80 45 38 58 
27 93 68 54 9 22 53 74 82 23 67 35 50 22 26 52 36 30 81 12 94 26 6 89 91 32 19 92 71 42 31 8 15 86 86 87 23 35 77 23 15 0 34 63 49 56 53 98 11 53 2 46 82 52 17 38 44 61 31 95 68 
38 17 32 52 84 20 43 68 78 38 18 2 87 58 36 76 97 63 50 54 2 29 5 88 56 54 19 10 85 79 59 36 11 82 99 32 58 68 52 31 57 18 0 82 8 44 13 58 30 85 68 23 40 67 79 21 98 80 91 28 49 
46 65 35 93 6 22 41 48 85 44 94 58 36 39 23 55 52 58 59 35 93 12 69 23 25 38 40 33 70 43 93 27 47 72 71 31 12 77 77 98 4 28 11 0 38 57 91 47 35 79 60 19 64 82 25 16 4 20 95 74 12 
21 79 44 84 56 36 41 84 13 39 4 49 53 13 64 80 50 74 17 71 52 47 64 73 22 48 56 63 68 73 95 66 16 21 58 73 47 77 96 17 80 81 79 87 0 68 6 79 29 29 39 83 39 24 77 19 7 45 15 22 49 
46 88 33 12 64 99 57 10 61 24 89 31 18 90 80 44 50 82 39 46 95 36 20 95 82 32 83 2 34 53 54 30 50 1 52 41 76 18 20 80 82 32 60 86 53 0 58 7 72 85 50 36 30 60 12 2 8 95 35 42 87 
74 88 64 90 6 51 20 5 98 60 49 43 68 91 91 11 22 66 58 34 18 48 50 59 81 76 91 89 63 63 85 7 35 35 52 89 77 8 30 92 94 35 83 46 20 22 0 44 43 48 84 27 97 68 2 91 41 67 86 87 80 
42 77 74 47 71 62 93 77 7 31 72 28 32 36 98 69 45 62 32 99 74 93 66 9 98 89 58 45 8 85 48 3 36 20 65 55 61 63 46 65 85 34 31 39 35 14 36 0 59 25 11 70 59 64 99 77 55 21 3 96 16 
9 99 72 5 89 24 61 8 31 42 94 51 22 83 83 55 83 70 89 21 10 98 31 59 68 45 64 85 17 23 31 49 52 45 99 84 32 94 56 41 29 37 33 10 39 63 41 18 0 67 87 79 3 63 22 81 46 56 27 6 4 
92 2 43 75 27 50 12 70 75 18 90 63 20 84 90 8 9 83 19 4 1 15 11 43 16 51 34 33 79 4 88 30 57 31 44 49 38 86 11 26 34 82 76 44 44 41 31 12 29 0 9 84 14 3 38 51 60 74 80 85 65 
26 11 11 7 59 43 4 54 45 59 3 92 17 27 11 86 68 54 18 92 75 61 27 30 56 76 89 79 72 85 19 1 5 83 53 61 39 53 15 5 72 1 81 8 82 12 69 45 88 18 0 39 99 3 62 26 19 81 42 35 45 
67 63 85 79 27 68 93 4 66 58 14 59 5 79 25 72 67 94 40 38 99 48 46 97 12 30 22 86 78 98 5 18 8 31 29 38 73 6 83 41 66 95 5 15 58 19 21 7 39 78 80 0 93 79 57 42 28 41 88 21 90 
51 6 29 90 5 65 84 84 68 27 41 47 16 78 98 74 67 18 86 43 35 15 73 76 50 57 35 47 56 94 15 72 58 34 79 37 61 37 7 76 18 65 50 52 11 26 79 67 59 24 23 41 0 22 97 92 64 37 40 57 7 
22 93 50 13 42 54 11 26 45 36 87 30 51 98 83 84 35 53 82 85 51 82 96 70 18 7 66 27 4 97 84 13 93 74 51 21 73 63 97 89 29 95 14 54 29 23 78 68 36 7 45 15 86 0 8 22 28 14 20 83 46 
53 86 94 79 92 89 42 34 44 61 23 17 91 17 24 15 26 30 75 42 73 83 19 86 91 2 65 66 82 84 42 94 20 31 57 46 72 48 37 10 61 50 14 26 45 14 14 87 16 24 16 9 56 85 0 69 83 62 72 4 72 
82 67 36 8 13 13 57 96 23 45 32 71 15 29 94 85 33 43 13 81 3 7 55 35 86 3 14 22 75 22 9 99 44 34 68 75 88 76 30 77 32 25 76 25 98 50 80 97 47 85 19 96 90 88 54 0 21 82 90 16 83 
99 28 14 32 62 63 3 77 88 36 52 69 81 8 41 65 39 97 24 14 3 7 96 69 10 37 93 79 1 44 2 23 10 48 17 23 23 83 50 60 76 33 59 3 3 30 75 68 73 52 69 94 27 75 57 98 0 66 77 10 73 
34 34 72 38 38 63 56 65 54 33 56 40 31 4 43 20 31 60 85 20 94 95 49 31 66 88 89 73 55 71 45 97 56 25 75 55 3 2 48 33 43 63 43 59 55 3 90 90 99 41 50 24 99 11 64 3 57 0 20 5 67 
19 9 60 1 10 55 73 3 87 31 83 34 65 34 65 34 36 61 98 31 61 97 84 24 53 37 87 50 82 44 27 37 49 90 58 44 19 95 20 72 58 28 7 77 22 48 84 84 43 72 9 80 9 81 23 11 1 20 0 84 63 
95 61 63 68 25 32 9 52 47 41 32 42 38 22 54 68 15 55 32 5 69 83 78 47 80 28 84 63 90 34 68 4 45 25 64 5 61 8 74 98 7 44 18 71 68 16 43 73 68 28 5 75 32 15 47 29 61 17 79 0 46 
80 9 37 72 27 82 61 55 54 15 7 19 68 62 68 53 96 85 76 31 83 61 91 17 77 68 43 90 33 50 92 58 82 36 70 69 62 22 80 46 38 75 47 4 70 85 31 78 40 67 11 30 46 76 71 64 40 88 55 97 0 
