n: 60
m: 10
Pi:U[1-99] 69 15 20 97 38 33 36 7 42 66 92 28 25 4 44 31 54 39 54 99 65 3 53 92 67 60 76 13 48 64 7 87 21 6 53 6 86 83 49 25 47 58 41 45 59 78 1 31 41 23 17 59 11 13 2 49 30 21 62 97 
Si:U[1-49]
0 21 2 30 10 27 2 12 10 21 9 49 37 24 49 28 19 7 40 9 49 10 10 10 42 49 22 27 21 49 28 1 12 49 13 39 49 49 9 49 9 13 19 49 40 49 18 4 22 49 31 36 31 21 49 43 49 10 25 25 27 
16 0 28 20 14 15 20 18 5 10 13 24 49 36 49 33 9 12 16 48 49 28 49 49 30 18 49 48 27 49 49 21 45 49 49 16 16 49 33 49 16 27 49 1 49 10 12 49 18 49 39 34 12 49 15 49 1 49 21 49 49 
0 13 0 14 10 28 19 8 0 11 4 21 49 21 49 19 49 12 49 39 49 33 49 49 4 49 49 31 43 25 30 39 49 49 28 49 49 6 22 34 49 49 49 24 48 6 49 40 49 16 24 49 49 4 28 45 3 43 27 12 49 
6 5 18 0 27 22 18 14 8 15 49 3 30 28 49 46 49 37 49 7 31 18 49 24 42 34 49 30 49 49 12 7 7 49 49 12 49 40 36 49 45 12 40 19 1 49 49 31 13 49 42 42 49 49 7 40 6 31 49 28 28 
4 30 9 16 0 2 10 32 32 32 49 49 49 13 49 3 24 49 24 49 49 48 49 16 49 31 49 10 49 28 22 49 21 24 49 30 49 49 15 34 33 49 49 27 49 16 49 16 49 49 49 28 36 19 37 18 49 42 49 24 21 
2 18 10 10 25 0 24 20 29 24 49 49 18 49 49 49 33 25 49 39 12 42 49 22 34 36 16 49 42 49 49 49 34 34 46 36 49 49 28 24 27 30 49 49 33 4 39 49 48 48 49 49 40 49 31 31 49 19 9 48 28 
21 28 22 16 30 24 0 2 12 13 42 40 49 49 3 49 49 49 34 49 13 33 43 6 3 49 24 49 40 33 49 49 49 13 7 49 49 49 39 49 9 49 49 36 10 49 24 18 9 39 46 49 49 49 49 6 43 49 34 49 19 
31 14 8 24 19 22 32 0 20 11 45 16 7 49 49 22 49 3 49 24 21 36 40 13 21 36 49 49 49 49 45 49 1 28 42 49 19 39 49 49 1 33 24 40 13 43 49 30 49 40 40 24 39 31 49 49 49 48 28 49 42 
0 10 2 6 18 11 13 17 0 16 49 9 49 49 49 37 13 30 49 4 36 49 10 36 36 49 39 36 49 19 28 49 28 49 1 25 10 49 45 49 4 18 49 49 49 49 49 19 46 25 42 34 36 6 25 6 49 34 3 10 49 
20 25 13 3 26 30 32 26 24 0 49 12 45 48 49 49 25 24 30 49 49 49 31 24 24 49 21 49 9 49 48 27 27 9 49 7 37 49 18 24 49 49 43 12 7 43 43 4 34 25 24 10 19 49 4 21 39 22 49 4 49 
15 31 1 49 49 49 21 49 49 49 0 23 28 26 8 26 24 2 10 23 10 34 49 9 39 49 49 49 48 19 49 39 49 12 4 33 36 18 21 7 33 49 49 21 18 28 33 49 15 49 30 28 49 42 43 33 49 49 49 18 3 
49 49 18 33 31 49 28 49 15 42 11 0 12 26 6 2 13 21 29 15 16 19 36 48 45 42 33 15 25 6 28 49 49 30 49 1 34 49 45 6 15 30 43 3 49 10 36 33 49 1 40 49 40 49 21 34 33 40 18 49 37 
49 10 16 48 49 15 49 49 30 1 24 24 0 2 19 26 18 23 27 22 24 15 43 49 12 43 21 45 9 49 49 49 30 39 3 40 45 3 24 30 40 27 28 49 37 7 49 22 27 49 33 49 3 10 34 28 45 45 34 39 49 
42 49 49 49 49 49 49 49 36 6 30 21 2 0 21 26 19 12 3 18 13 49 49 37 19 21 46 24 49 4 19 43 10 27 1 33 6 49 43 49 49 49 24 45 30 28 31 31 49 21 43 49 24 15 39 49 15 49 10 49 39 
46 42 49 36 49 16 21 12 49 48 24 30 6 20 0 4 19 5 4 31 3 49 40 33 13 45 49 49 40 6 49 12 4 49 49 40 9 49 49 49 49 10 12 19 31 39 49 21 49 48 49 22 24 22 24 49 21 33 33 42 22 
49 49 16 49 48 21 49 13 49 49 27 6 15 2 16 0 6 19 4 4 7 30 49 28 25 9 43 49 24 34 13 49 6 22 18 21 49 36 12 49 49 1 49 7 49 22 19 15 15 49 46 18 13 49 13 43 39 49 15 49 12 
7 22 27 25 28 49 15 49 6 49 6 14 1 2 26 15 0 20 16 6 49 10 49 22 1 49 22 49 49 31 1 22 9 39 28 49 4 31 49 46 49 42 49 30 49 49 43 21 28 4 28 42 36 49 16 49 13 49 49 37 43 
6 6 37 40 19 49 13 49 49 3 9 20 7 17 22 6 32 0 30 12 24 39 34 7 18 49 36 49 49 49 49 33 19 22 19 1 49 49 24 16 36 15 22 49 49 13 9 19 49 36 21 31 49 18 49 49 27 49 48 49 48 
48 28 19 49 49 49 49 6 13 28 2 32 4 20 8 28 22 25 0 28 6 10 28 49 49 49 48 45 49 18 49 46 3 37 49 43 36 49 43 49 49 49 16 49 37 40 49 49 27 49 49 31 31 30 36 24 48 1 1 39 49 
22 49 49 24 49 49 49 7 18 7 26 30 4 32 17 22 14 5 30 0 39 49 49 49 49 22 49 46 33 48 4 49 25 6 40 3 12 49 15 22 27 27 49 13 36 16 3 15 49 49 19 3 49 36 39 49 4 49 46 49 49 
49 18 49 49 24 18 33 49 49 46 10 31 48 18 49 9 16 10 9 48 0 22 4 10 6 10 21 1 13 29 34 28 49 49 49 49 21 25 49 39 49 49 19 37 25 46 46 49 19 10 49 22 13 49 43 3 49 40 25 49 49 
49 4 16 43 24 40 49 42 36 39 49 49 49 34 28 10 7 40 34 49 18 0 6 15 6 5 4 0 16 1 49 40 33 31 6 49 31 40 43 49 48 16 49 16 49 25 34 10 37 27 34 43 49 49 37 49 22 4 24 3 6 
4 49 1 46 21 33 12 36 12 33 21 37 49 43 49 49 49 27 1 49 32 21 0 14 0 4 10 28 4 24 15 48 9 49 12 39 49 1 49 36 13 25 4 49 7 43 13 49 16 33 33 33 19 9 16 40 49 37 21 49 43 
24 33 48 49 30 6 22 19 24 46 49 49 6 49 49 15 16 37 6 37 22 26 19 0 24 12 5 2 29 31 49 40 15 49 22 6 4 33 49 13 49 49 49 15 7 42 1 42 9 24 30 49 49 22 15 24 7 42 31 37 16 
31 10 49 49 40 49 34 24 46 9 49 49 3 39 7 49 48 10 42 49 7 21 6 13 0 4 5 30 1 26 30 9 21 24 30 49 43 7 16 49 34 48 43 40 3 49 30 49 36 16 13 25 42 31 9 21 49 1 49 28 28 
48 49 49 46 9 4 49 43 49 22 4 49 49 25 19 27 4 49 18 7 7 27 18 28 30 0 2 30 26 16 6 49 36 49 49 19 49 30 49 40 15 49 43 3 49 49 49 49 27 49 15 36 37 21 15 49 18 49 19 49 49 
49 48 49 12 49 39 15 49 33 36 49 49 42 49 16 28 24 49 49 49 6 31 15 2 26 8 0 4 24 4 49 24 49 49 6 16 49 49 10 43 33 42 49 24 49 36 37 49 9 46 40 9 10 49 34 49 37 49 3 31 40 
46 49 49 19 21 49 3 22 49 21 31 30 6 24 27 31 49 1 4 37 30 26 28 22 17 32 10 0 9 21 37 21 49 49 22 49 19 49 39 45 12 7 49 39 7 49 49 42 49 25 36 12 39 6 28 39 28 34 30 9 34 
40 4 49 49 30 49 15 1 49 49 40 49 16 36 13 36 45 4 24 49 13 14 6 18 21 12 12 24 0 13 24 12 25 4 45 27 16 22 18 25 4 49 49 25 49 15 13 49 19 49 49 31 49 37 49 25 36 48 48 43 19 
49 49 49 49 19 16 19 27 13 40 49 18 16 49 31 12 49 24 12 13 1 26 28 4 22 26 20 27 4 0 1 49 30 9 49 49 48 6 49 49 9 49 49 49 4 34 18 49 48 49 24 31 49 49 49 49 21 7 22 33 49 
24 31 49 6 37 49 31 49 33 49 49 10 18 16 30 22 49 45 49 25 6 42 45 49 49 4 49 49 21 28 0 30 23 26 4 30 16 1 8 4 46 49 18 6 49 36 40 49 49 49 18 46 48 3 24 43 9 49 49 49 1 
6 15 45 30 7 12 13 6 49 49 49 49 12 39 30 7 49 34 49 49 6 31 16 40 49 49 9 6 49 46 26 0 26 0 13 24 10 15 22 28 25 9 36 22 18 49 19 16 34 49 39 18 27 49 48 13 43 49 19 49 12 
49 18 49 3 15 3 21 31 45 21 25 16 15 12 49 30 33 49 40 40 13 40 6 49 49 49 49 49 49 49 1 28 0 30 21 14 20 6 10 6 49 49 33 22 30 39 24 49 7 49 13 40 46 49 39 49 31 24 49 27 42 
43 49 49 48 7 25 10 40 7 49 6 49 48 28 33 49 49 49 10 49 6 10 9 48 10 15 6 49 6 49 1 32 15 0 6 4 18 14 22 14 37 7 6 34 12 49 13 49 30 49 22 49 46 49 49 6 49 3 13 49 30 
24 40 49 9 21 49 49 49 19 49 45 27 49 49 49 10 49 45 49 49 49 43 15 24 18 31 4 43 49 49 1 17 12 29 0 22 26 9 24 30 49 49 49 49 1 36 49 30 49 19 49 49 48 49 49 49 13 37 49 46 40 
39 37 31 27 16 48 34 49 49 46 25 49 49 49 21 30 24 49 6 49 36 49 49 6 39 49 21 13 37 43 26 12 30 32 30 0 10 1 14 22 10 49 49 49 49 3 4 24 6 12 12 43 49 39 49 49 28 15 39 25 49 
7 10 49 28 42 49 15 49 43 27 9 49 49 49 49 43 49 22 30 49 49 4 49 34 49 30 22 39 24 49 32 22 22 25 32 30 0 15 24 11 10 43 33 12 49 46 46 7 22 49 6 9 25 49 3 12 49 40 43 49 49 
12 6 22 49 49 10 49 6 39 42 19 49 33 49 10 49 28 49 22 49 30 49 45 39 49 45 42 27 7 49 22 9 10 27 30 25 6 0 20 12 49 24 42 48 49 31 49 45 9 49 49 49 49 24 49 49 25 34 49 42 48 
12 21 6 49 49 48 4 49 45 49 49 49 49 49 49 6 15 19 49 30 49 36 7 15 49 16 49 49 10 49 17 26 15 22 0 2 18 8 0 2 6 27 33 49 49 4 45 10 49 24 49 7 36 13 37 37 49 49 49 49 13 
19 36 12 27 10 39 12 42 36 49 28 24 3 49 10 37 22 49 40 49 49 49 49 30 18 49 22 30 1 49 11 28 32 25 26 20 7 27 14 0 49 49 49 49 49 6 7 45 49 49 19 6 39 15 49 49 13 49 25 49 25 
49 6 46 9 49 28 36 49 43 46 19 28 15 45 27 21 31 9 33 49 45 49 33 24 9 49 49 43 30 48 49 12 49 49 49 49 36 13 49 39 0 27 1 27 12 11 31 18 6 30 49 49 1 33 30 1 19 49 49 49 49 
49 21 49 40 31 43 49 45 49 3 31 30 10 16 12 1 9 49 6 33 27 49 49 28 28 40 18 36 37 34 15 49 49 49 49 31 9 49 49 30 5 0 8 12 2 30 32 22 32 10 49 49 31 39 49 24 12 49 49 1 27 
48 42 9 49 36 21 34 22 34 36 22 13 28 25 1 49 49 45 30 28 1 15 49 49 49 49 10 49 22 39 39 18 13 49 10 49 28 49 49 49 0 20 0 20 4 9 10 31 4 23 49 49 49 28 49 30 1 48 46 49 13 
33 19 49 45 6 4 49 12 22 1 34 49 16 9 3 49 49 49 43 33 4 49 34 49 34 48 22 42 31 28 49 49 15 48 45 33 27 49 13 15 3 10 7 0 0 15 6 11 8 10 28 10 7 33 49 10 25 24 25 13 46 
49 6 49 9 18 13 27 40 27 34 36 7 49 6 49 22 49 49 49 13 43 49 49 4 49 49 36 30 18 6 1 7 28 49 9 3 45 49 24 49 22 11 5 11 0 25 6 18 9 10 3 3 49 16 49 24 12 49 36 49 33 
43 10 12 49 40 39 28 49 6 49 49 49 49 43 33 49 12 49 49 27 37 30 45 12 49 37 49 6 49 49 24 31 1 25 49 49 49 9 27 49 14 24 8 30 0 0 7 18 4 23 21 3 1 49 49 31 49 49 40 46 16 
49 49 49 49 49 21 49 49 49 39 22 40 25 34 10 49 43 24 49 34 4 46 16 37 16 49 18 15 40 49 48 45 45 49 30 49 36 49 13 49 6 25 5 3 32 26 0 9 3 18 45 7 40 19 18 12 49 49 46 49 4 
49 28 49 10 49 39 37 21 49 49 49 49 49 1 28 9 49 3 13 49 49 31 6 49 49 49 6 49 16 9 34 49 36 33 12 28 49 45 27 49 3 22 20 18 14 14 2 0 2 24 45 43 49 24 49 49 16 10 4 4 34 
43 45 16 9 6 10 40 9 49 18 49 27 16 49 39 19 40 4 7 31 4 49 19 42 49 37 49 49 49 9 49 15 48 9 37 10 36 40 49 49 6 21 3 10 28 11 6 18 0 2 49 49 46 19 36 45 37 22 49 1 49 
49 49 15 1 49 28 18 21 49 19 49 49 24 12 49 24 9 36 49 19 10 19 27 43 49 18 49 1 13 49 40 6 33 31 49 22 12 49 40 49 26 9 5 18 18 32 11 29 2 0 24 49 49 49 49 49 49 28 49 6 49 
1 37 46 9 49 15 49 37 49 3 42 39 49 40 33 40 13 49 15 36 19 31 13 15 13 30 49 9 18 42 13 49 19 19 49 24 12 49 33 6 48 16 16 49 49 49 22 30 39 22 0 10 5 32 28 4 6 21 22 12 49 
28 39 49 4 33 43 36 49 9 12 25 3 22 3 49 19 16 10 49 34 40 3 49 22 45 3 49 12 3 48 31 49 45 49 18 49 49 39 49 49 6 3 9 45 30 43 49 18 24 1 6 0 6 4 26 14 8 28 24 25 39 
49 33 6 3 33 34 10 49 49 49 15 49 49 22 46 49 24 24 49 33 49 49 46 34 36 24 42 4 22 42 1 37 39 49 4 30 15 16 19 16 49 13 49 49 33 49 18 36 49 49 10 6 0 12 16 14 8 10 25 7 30 
49 49 9 4 37 36 13 15 49 33 49 39 34 37 13 31 49 19 36 37 49 49 1 37 37 49 10 33 25 49 31 49 13 39 30 49 46 27 49 25 7 1 39 43 6 34 13 43 45 9 18 20 6 0 17 20 16 20 32 32 49 
3 28 49 49 24 43 22 49 31 1 25 22 49 49 48 15 4 30 33 15 4 45 3 45 22 49 12 6 39 37 15 46 49 49 49 27 31 49 40 18 49 49 31 45 49 28 49 4 48 37 4 2 23 8 0 14 23 13 18 32 49 
7 49 10 40 4 49 27 7 49 10 49 24 42 34 12 19 48 28 30 49 49 48 27 22 10 6 49 49 6 10 24 25 45 28 49 48 49 49 49 4 10 49 43 49 9 49 30 7 24 12 9 30 6 22 16 0 6 17 8 2 49 
39 49 1 21 10 40 49 49 24 4 49 21 10 1 43 30 6 36 24 6 43 4 49 36 46 49 16 30 46 46 21 48 49 1 31 49 22 45 6 12 42 46 33 49 27 49 3 49 49 9 0 6 12 12 26 32 0 31 3 21 27 
49 49 37 49 49 49 1 12 1 27 33 49 1 3 4 49 36 40 16 49 48 34 1 49 49 3 12 49 49 46 15 28 4 12 49 34 13 42 12 49 30 34 21 49 19 49 36 34 7 39 20 8 28 17 4 0 28 0 25 10 49 
9 49 43 49 49 49 49 36 36 46 18 7 49 10 40 1 49 49 25 24 49 10 46 15 43 49 49 10 48 49 49 12 27 12 18 28 10 1 49 9 18 15 6 49 19 6 7 40 12 49 10 22 2 16 18 25 24 3 0 16 10 
42 36 7 49 22 31 21 9 49 49 22 28 49 10 49 1 49 4 49 6 49 49 45 13 16 49 27 49 6 49 49 37 34 27 49 33 9 49 43 49 46 4 6 49 37 45 49 1 6 49 23 23 14 29 28 6 26 2 31 0 6 
13 49 13 19 49 46 18 43 49 22 10 42 49 19 33 18 49 19 49 28 49 6 16 49 49 49 15 49 34 13 48 49 7 1 3 48 49 49 49 7 27 27 3 34 13 34 39 49 37 34 49 49 1 40 49 49 10 22 19 33 0 
