n: 60
m: 10
Pi:U[1-99] 24 45 69 68 72 84 18 48 32 73 23 72 61 71 93 35 94 13 4 88 82 52 88 20 90 74 49 59 73 85 96 70 37 88 46 63 73 30 84 14 81 86 73 31 68 10 54 63 20 39 19 54 34 23 6 46 29 30 11 55 
Si:U[50-99]
0 56 58 35 45 38 64 40 33 62 99 99 99 99 90 88 99 99 99 99 94 99 99 78 99 85 99 99 81 99 99 99 90 99 91 99 99 99 79 99 99 99 99 99 99 99 99 76 99 99 99 99 99 87 91 99 76 82 99 85 99 
60 0 52 42 33 64 63 34 48 61 99 99 99 99 99 99 75 99 84 99 99 99 99 87 99 99 99 99 76 99 99 99 99 97 84 91 99 88 99 82 99 99 99 99 78 99 84 99 99 99 91 84 99 99 84 96 79 99 99 88 91 
61 35 0 48 36 48 38 53 36 47 99 84 99 99 99 99 82 99 99 82 82 99 82 91 99 99 99 99 99 90 99 99 94 99 99 81 99 99 99 99 96 81 85 76 99 94 99 99 99 99 97 84 94 99 99 99 91 99 75 99 99 
53 53 50 0 33 58 50 60 48 44 99 99 99 99 99 76 99 99 99 99 87 93 93 99 99 99 91 99 99 99 81 99 99 84 90 99 99 99 99 91 96 99 85 99 87 94 99 99 99 99 88 99 99 99 99 96 99 84 84 96 99 
57 37 43 33 0 43 39 50 40 62 99 84 99 82 99 96 99 99 94 99 85 99 99 99 99 79 99 96 99 78 99 99 88 96 79 99 99 99 94 99 75 99 99 99 99 78 99 99 99 99 99 84 82 99 99 99 99 97 96 93 94 
35 35 63 64 64 0 52 38 64 54 99 79 99 99 99 99 90 99 97 99 76 99 99 78 99 99 99 99 76 75 99 99 99 99 78 99 99 87 99 99 99 99 84 99 99 99 99 99 88 99 99 99 93 99 99 99 99 99 99 91 79 
56 61 36 64 49 59 0 50 52 50 99 99 99 91 81 99 99 99 99 99 99 99 99 99 99 99 99 87 96 99 76 99 85 99 91 99 97 99 99 99 90 96 99 99 99 99 99 96 78 99 99 99 99 81 94 99 85 97 99 99 99 
53 36 46 48 61 39 40 0 54 42 79 99 99 81 99 99 81 99 99 99 99 88 78 97 99 99 75 87 99 90 99 97 75 99 75 91 99 99 81 90 99 99 99 81 99 99 99 97 99 99 99 97 99 84 94 99 99 93 99 99 99 
46 62 49 60 43 64 60 63 0 40 99 85 99 82 81 99 99 88 88 96 91 99 99 81 99 99 99 99 97 97 93 88 99 99 99 99 99 99 99 99 99 75 99 75 99 99 90 99 99 91 99 99 78 88 96 99 76 78 99 82 79 
46 55 33 56 64 45 64 46 53 0 75 99 76 99 99 97 99 99 99 90 99 99 79 99 90 99 99 99 88 99 84 76 99 99 79 99 84 84 78 99 99 99 79 99 99 99 85 99 99 99 99 87 99 99 99 99 85 93 97 99 94 
99 99 99 81 81 99 99 99 99 99 0 58 40 60 52 59 37 36 62 59 85 99 99 79 96 75 85 88 99 94 99 79 99 97 99 85 99 99 99 97 99 99 87 99 99 99 99 99 99 99 93 99 99 99 99 99 99 99 99 99 99 
99 99 99 99 76 99 76 99 99 90 62 0 34 36 56 44 33 42 54 47 96 99 99 75 99 99 99 96 99 99 99 94 99 94 99 99 87 87 99 97 97 99 99 99 99 97 94 84 79 88 75 99 96 99 99 99 99 84 84 99 82 
99 99 75 99 78 85 99 99 99 99 57 53 0 43 40 37 40 54 38 49 99 96 88 99 84 99 93 99 99 99 76 99 99 99 99 99 99 99 99 84 90 99 99 99 94 99 93 99 99 99 99 84 99 99 99 99 99 99 99 99 99 
91 97 82 99 99 99 99 99 85 75 47 43 55 0 42 46 36 56 34 50 84 99 99 99 99 91 99 96 82 99 75 99 90 76 99 93 99 87 99 75 99 81 99 84 99 99 93 99 82 99 99 78 99 99 99 97 99 99 99 85 99 
78 99 99 81 99 99 99 99 99 99 55 47 65 49 0 62 56 41 52 34 99 99 99 99 99 99 99 99 97 99 99 93 82 99 99 75 99 99 99 99 99 99 99 99 81 99 94 99 81 99 82 91 99 99 99 99 99 99 99 99 99 
99 99 99 99 99 82 99 99 99 99 64 37 57 43 40 0 64 42 54 49 82 99 99 99 96 99 99 99 99 99 91 99 99 99 99 94 99 99 99 99 99 94 93 99 87 99 99 99 99 99 99 99 81 99 99 99 97 99 99 99 99 
99 79 99 99 90 99 99 99 93 99 44 46 41 34 41 66 0 34 63 38 93 99 88 99 99 99 79 96 99 99 99 79 99 82 87 99 78 99 90 78 94 99 99 99 88 81 99 82 99 76 84 99 99 99 99 99 99 97 99 99 99 
99 99 97 99 99 84 91 90 88 99 54 43 51 65 41 44 54 0 54 50 91 96 99 99 99 99 99 94 97 99 99 99 78 99 94 99 99 84 99 99 99 99 99 99 99 76 99 99 97 99 79 99 99 99 97 99 87 93 99 99 79 
99 99 87 93 99 99 87 99 99 99 33 36 58 54 39 42 64 63 0 66 99 99 79 99 99 99 96 88 99 99 99 99 99 76 99 99 84 94 99 99 91 82 78 99 99 88 81 97 99 81 99 99 79 99 99 99 99 99 85 93 99 
99 81 99 99 99 99 99 99 99 99 42 33 38 45 46 38 50 47 35 0 94 99 94 99 91 99 78 99 99 99 99 99 87 99 99 99 99 99 99 78 82 99 99 99 99 99 99 75 94 88 99 76 82 99 99 99 99 99 99 99 85 
99 99 79 99 96 97 97 99 99 99 99 91 99 99 99 99 99 76 99 75 0 60 48 49 61 42 45 46 58 66 99 99 99 87 99 76 99 79 99 81 99 99 99 99 99 99 99 99 99 99 99 99 94 99 87 99 99 88 99 99 82 
85 90 94 99 93 99 99 99 79 99 84 97 99 99 99 99 99 99 75 99 62 0 56 61 44 56 45 52 34 50 99 99 99 99 99 87 82 84 99 99 99 96 99 99 99 99 99 99 84 99 99 99 82 99 91 99 99 99 99 99 99 
99 99 99 96 99 82 82 99 87 76 99 76 96 99 99 99 87 82 94 99 56 66 0 43 48 36 53 48 53 40 99 78 99 99 81 81 84 94 99 99 99 88 99 99 99 99 76 99 99 99 99 99 99 84 99 90 99 99 99 99 99 
88 99 82 96 99 99 99 99 99 87 99 99 99 99 99 79 99 99 99 99 38 53 34 0 65 52 43 47 60 56 99 96 76 99 99 76 81 99 99 99 93 99 84 99 99 99 99 99 99 81 82 99 99 99 99 99 99 99 99 99 99 
79 79 99 76 82 99 99 99 99 99 99 75 99 87 93 99 99 99 99 99 41 49 54 45 0 47 44 36 42 38 91 75 99 85 91 85 99 99 99 76 99 99 99 81 99 99 97 99 99 99 99 90 99 99 99 99 99 99 99 99 99 
82 99 99 99 99 88 99 99 99 99 91 99 99 99 99 99 99 99 99 99 62 56 33 47 34 0 66 46 64 54 99 99 99 99 99 99 99 96 99 99 93 94 99 99 99 99 99 99 99 76 84 99 99 91 99 99 99 99 99 96 81 
99 99 78 99 99 99 81 97 99 99 99 75 75 99 87 99 99 99 99 78 36 44 54 39 39 58 0 61 60 52 93 99 99 99 99 99 99 99 78 99 99 99 75 99 99 91 99 99 90 93 88 81 99 79 84 90 97 99 99 88 99 
99 85 99 99 78 99 99 99 99 82 85 99 93 99 99 99 87 99 85 99 37 40 50 55 57 54 34 0 50 59 99 97 99 94 99 79 76 99 99 99 99 99 99 99 99 99 99 99 99 99 99 99 99 99 90 99 99 99 81 97 99 
99 99 78 87 99 99 78 97 76 99 99 99 81 99 78 97 99 99 76 75 61 46 37 33 44 34 58 42 0 48 99 94 99 99 99 99 99 99 96 99 99 96 88 84 99 99 99 99 99 79 90 94 99 99 78 84 99 93 88 76 99 
99 85 99 99 96 99 94 90 99 94 79 99 96 99 93 99 99 99 81 99 61 58 46 63 40 64 44 52 48 0 99 82 75 88 99 99 99 99 99 99 79 99 99 99 99 87 99 99 99 99 99 99 90 91 99 99 94 99 99 99 99 
82 99 82 99 79 99 78 99 99 99 99 76 84 99 99 99 87 99 99 99 99 99 99 99 99 90 78 99 84 99 0 66 51 59 39 34 43 50 39 44 78 99 99 99 99 99 99 99 99 99 99 99 94 99 99 99 94 99 93 79 99 
99 94 99 99 99 99 99 99 82 99 99 99 99 94 99 97 82 85 97 85 84 99 91 87 99 99 99 99 99 99 63 0 55 50 59 58 65 60 48 64 99 99 76 85 90 99 99 88 99 90 94 99 97 84 99 94 97 90 99 99 99 
82 99 99 99 97 99 99 93 85 99 99 85 99 99 99 99 91 99 99 99 99 85 99 99 93 76 99 99 99 99 54 56 0 34 52 50 54 56 56 52 99 99 99 99 99 99 96 99 99 99 99 99 99 79 99 99 99 90 88 88 99 
99 99 79 99 99 78 99 76 99 99 99 99 99 87 99 90 99 99 99 99 99 99 99 99 81 87 90 99 99 99 43 62 40 0 52 39 34 42 49 39 99 85 99 99 99 99 75 93 99 97 99 75 99 78 99 99 99 88 99 94 99 
82 99 87 97 76 99 97 87 93 88 91 99 99 99 99 99 96 99 99 99 99 94 99 99 99 99 99 79 99 99 65 33 35 38 0 52 64 43 47 52 99 99 99 99 87 87 99 99 85 99 99 96 99 79 99 99 90 91 99 79 93 
99 99 99 99 99 99 99 84 79 99 99 93 99 78 79 97 99 99 99 87 99 81 79 85 99 99 97 99 99 90 57 35 38 39 66 0 35 61 61 44 99 78 99 75 99 99 99 99 99 99 99 99 99 99 99 99 99 97 96 75 91 
99 91 99 76 76 99 99 99 76 99 99 91 99 85 99 99 99 76 99 82 99 99 78 99 99 99 99 85 99 99 39 38 33 39 42 48 0 40 44 38 99 87 88 99 75 81 99 99 97 99 99 99 81 99 81 79 99 99 82 99 84 
99 99 96 99 88 76 90 99 79 96 87 99 99 99 75 99 91 99 99 99 99 84 87 99 99 99 75 78 99 99 64 47 53 44 63 63 34 0 62 63 84 99 81 99 99 99 99 96 99 99 99 99 99 99 82 99 90 84 99 99 88 
99 79 99 99 99 99 99 99 99 88 99 99 99 81 99 99 99 99 99 99 99 99 96 90 99 99 88 99 76 99 38 46 50 45 40 63 66 33 0 61 85 82 99 94 99 99 99 99 99 99 99 99 99 84 99 99 99 99 99 99 99 
99 99 99 99 96 99 85 99 99 99 76 99 99 99 99 78 99 99 99 99 99 99 99 99 99 99 99 87 99 99 40 42 60 54 61 42 48 48 61 0 99 99 91 99 99 88 99 84 93 99 96 99 96 84 99 94 99 88 99 78 75 
99 82 99 78 99 99 99 87 93 99 99 99 75 99 97 88 99 81 99 99 99 99 99 99 79 99 99 76 99 94 84 99 85 85 99 99 99 99 99 99 0 36 56 45 51 45 46 34 40 47 78 99 99 99 99 99 99 75 96 99 99 
99 97 99 78 82 93 78 99 99 88 99 81 99 84 90 78 99 91 78 99 75 99 99 99 97 99 93 87 99 99 99 99 99 96 81 97 99 99 99 99 34 0 47 36 56 63 36 55 54 45 85 94 99 99 99 99 99 99 99 99 94 
81 91 99 99 94 99 91 99 96 99 81 99 99 99 99 99 78 99 88 84 93 99 99 81 99 99 99 99 99 99 82 99 96 99 99 99 93 76 99 99 43 45 0 62 36 37 64 58 62 34 99 99 99 99 85 76 84 99 99 99 99 
82 99 99 85 99 99 99 99 99 99 99 99 99 99 99 99 99 99 99 91 99 79 99 99 99 84 99 79 99 87 99 99 99 78 99 99 99 99 99 99 39 48 36 0 57 60 34 64 34 66 90 91 99 99 91 99 99 99 99 99 99 
99 99 99 99 99 99 82 96 99 99 99 99 99 79 81 99 87 99 75 96 85 87 99 99 99 82 99 99 93 99 99 75 90 79 99 99 99 99 99 78 66 47 50 46 0 52 60 34 34 37 99 99 99 99 88 79 99 99 99 99 99 
99 99 87 79 75 99 99 96 99 81 99 99 99 99 85 99 99 99 99 99 78 99 81 78 99 79 85 99 88 99 99 99 99 99 79 99 99 99 99 75 33 56 35 52 59 0 36 62 60 43 87 99 99 99 82 99 99 76 99 88 99 
99 99 99 76 78 97 99 99 79 99 99 88 99 91 88 99 99 99 99 96 99 99 99 99 99 99 99 99 99 99 94 99 99 99 99 94 81 99 99 99 44 62 53 35 45 44 0 63 34 36 99 87 99 99 99 99 99 99 99 99 99 
78 99 99 99 94 99 99 76 99 75 90 93 85 99 99 87 76 75 99 97 75 99 75 99 99 90 99 79 99 99 99 78 99 99 99 99 90 97 87 99 56 35 50 57 39 54 48 0 51 41 99 96 87 99 84 81 99 79 99 99 79 
99 99 99 99 99 99 99 85 99 99 82 99 99 79 99 81 99 99 99 97 99 99 88 99 99 99 99 93 99 99 99 99 91 99 99 99 99 99 78 91 40 55 50 66 41 64 59 51 0 54 90 99 99 85 99 99 96 99 99 99 99 
99 99 96 99 84 75 96 99 94 97 99 99 75 75 99 99 99 99 96 76 99 99 82 99 99 99 87 99 78 99 93 82 99 99 99 99 99 99 99 99 65 64 35 56 62 42 60 40 42 0 99 88 99 96 93 99 79 99 99 93 99 
99 99 99 99 99 76 99 99 79 99 99 99 99 99 99 90 99 91 99 93 99 99 97 99 99 99 99 88 99 91 99 78 99 99 96 81 99 99 99 76 99 99 79 99 84 99 99 99 99 85 0 36 38 38 56 56 60 38 64 48 99 
81 99 99 99 99 93 78 93 99 78 99 99 99 81 99 99 99 99 99 78 76 81 99 82 99 99 99 78 84 79 99 84 99 85 99 82 88 99 99 99 99 99 99 99 96 99 91 99 82 99 66 0 50 64 62 34 35 59 66 40 99 
99 76 99 87 99 99 93 84 99 76 94 99 99 99 99 84 99 99 99 75 99 99 99 91 99 81 85 88 90 81 82 81 99 84 99 99 99 97 99 99 79 99 99 96 90 88 93 88 99 99 62 35 0 56 57 62 60 42 38 47 99 
84 76 99 99 99 99 84 99 99 99 99 99 99 99 99 99 99 93 94 99 99 78 88 99 99 85 99 99 97 97 99 87 82 91 99 99 99 99 99 99 94 99 97 99 99 99 93 99 76 79 34 36 47 0 36 34 62 42 52 34 99 
97 94 99 99 78 99 99 91 99 99 97 99 99 99 99 99 93 97 81 99 99 78 99 99 90 99 99 79 99 99 91 99 99 99 99 96 90 99 91 79 99 99 94 82 99 99 99 99 90 99 42 39 45 59 0 42 58 38 56 47 76 
99 99 99 99 87 94 99 87 99 99 75 99 94 99 90 99 79 99 99 99 79 79 99 99 99 99 99 94 97 99 99 99 99 94 99 99 99 99 75 99 99 99 88 99 75 99 99 99 99 82 58 64 40 38 49 0 62 61 59 34 99 
99 99 99 75 96 99 76 99 79 99 99 99 99 91 84 99 90 84 99 76 97 99 84 99 87 91 96 94 88 99 84 81 93 97 99 99 99 99 99 93 87 99 99 99 79 99 99 82 99 99 64 62 55 35 46 33 0 34 48 60 99 
87 84 99 99 94 93 99 93 76 88 99 79 99 99 93 99 85 99 99 88 90 90 81 99 99 99 99 99 99 75 99 99 99 96 75 99 82 99 75 99 96 97 75 96 99 90 99 94 99 76 64 56 58 38 40 54 44 0 34 33 99 
85 99 99 90 79 99 99 90 99 99 76 97 99 81 99 99 99 91 99 99 99 99 99 99 99 97 99 85 99 99 99 99 99 84 99 90 99 99 99 78 96 82 99 99 99 99 82 99 88 99 48 66 44 62 52 48 34 44 0 57 99 
99 99 90 79 99 90 99 87 99 97 93 94 99 99 99 99 87 85 99 75 99 99 88 99 99 99 76 99 99 99 99 84 99 99 99 99 99 99 99 99 75 99 99 99 85 99 99 99 99 99 41 43 54 39 49 54 48 42 49 0 99 
99 99 99 85 99 99 99 99 99 99 97 99 87 85 99 99 79 88 76 99 99 96 99 99 78 99 99 99 99 99 96 99 99 99 75 99 93 79 99 99 99 84 99 99 99 99 99 99 99 82 99 93 99 99 91 85 99 99 99 93 0 
