n: 60
m: 6
Pi:U[1-99] 59 94 37 51 69 17 62 85 86 66 51 63 33 97 55 65 77 50 75 18 86 58 51 97 79 14 39 75 85 89 53 4 45 19 84 92 71 32 68 91 28 29 67 61 84 91 34 51 58 99 67 96 65 66 33 28 2 50 38 62 
Si:U[50-99]
0 61 61 60 59 70 99 55 97 97 63 77 82 88 90 74 75 83 62 58 92 79 88 98 72 96 63 95 57 60 94 65 89 65 59 58 60 92 79 52 62 67 84 59 72 90 83 62 52 88 78 66 70 63 76 90 54 98 51 62 79 
67 0 84 76 51 83 95 64 86 60 85 76 79 52 64 69 83 76 75 68 56 61 54 80 54 52 86 84 98 52 66 78 98 58 71 51 85 51 67 82 57 74 58 84 98 75 84 94 81 79 80 72 95 58 79 94 93 65 66 62 76 
53 60 0 80 58 69 69 50 56 71 77 97 96 77 93 67 76 90 54 96 50 88 63 80 72 59 68 61 52 57 74 69 97 51 72 96 66 87 92 98 65 56 86 73 56 91 74 72 93 73 87 76 58 86 55 59 76 57 50 67 59 
50 97 93 0 65 67 98 90 50 69 84 76 92 58 63 63 53 69 88 72 68 96 59 59 90 83 89 51 84 91 52 90 92 97 90 75 56 68 71 70 71 57 72 53 82 67 92 67 67 63 89 62 75 85 51 56 50 79 82 82 75 
90 66 60 84 0 86 97 99 73 84 91 53 99 64 99 74 91 68 88 86 64 53 87 64 80 76 95 80 68 65 51 93 62 73 82 57 84 59 60 85 75 77 82 88 61 95 62 81 83 82 78 72 58 75 80 82 63 93 99 76 85 
57 75 95 88 73 0 74 57 73 53 96 71 99 88 75 79 53 68 75 64 97 75 79 60 56 87 77 81 81 67 89 66 76 96 54 99 75 69 64 75 52 95 63 59 87 60 56 61 86 79 62 60 86 85 71 50 73 70 60 95 95 
97 76 51 80 84 87 0 93 59 53 61 70 59 68 83 90 90 92 96 73 83 51 61 92 69 77 86 64 56 77 55 83 98 72 67 90 88 52 85 82 76 64 54 54 59 80 59 59 68 69 74 82 72 73 71 87 71 65 74 62 53 
81 80 50 71 75 58 68 0 82 84 89 51 80 73 57 69 66 63 60 83 75 69 95 82 75 65 71 82 62 53 69 79 54 63 81 64 76 83 77 80 66 74 89 87 91 80 77 80 70 68 65 82 93 95 92 51 55 97 52 70 91 
88 75 61 75 84 62 58 84 0 99 74 76 51 58 67 52 56 86 89 70 67 62 50 76 94 86 62 63 51 87 61 93 75 81 67 66 55 91 51 86 65 54 61 79 61 97 59 65 94 89 77 74 56 53 90 55 63 53 67 69 58 
85 74 62 88 67 96 72 79 88 0 65 52 94 65 82 99 79 97 62 67 62 79 87 54 69 88 70 91 70 84 50 79 67 55 89 97 86 72 73 56 56 59 91 82 53 56 52 57 71 84 50 95 92 72 92 62 57 72 57 57 70 
87 80 88 54 96 96 60 86 64 88 0 69 57 65 59 70 90 67 72 58 75 79 95 86 50 54 87 77 68 73 54 89 91 97 82 91 50 70 62 51 56 77 52 72 90 90 61 64 72 50 74 71 52 83 99 50 93 58 76 95 89 
70 84 88 78 64 59 70 63 60 79 81 0 93 88 88 75 63 94 54 60 65 77 71 61 77 51 80 83 63 75 54 60 84 92 64 57 92 71 55 76 89 52 51 66 55 55 59 74 69 93 60 94 69 78 65 95 83 77 82 62 78 
84 58 53 87 87 66 91 58 82 68 77 76 0 86 67 73 98 79 56 80 53 61 79 55 68 55 98 83 73 77 69 58 51 98 67 51 94 71 71 96 93 74 86 58 85 62 78 81 85 74 87 78 72 76 54 90 59 80 78 78 97 
59 79 87 51 50 93 90 77 50 66 59 65 84 0 64 74 57 93 98 78 87 78 73 59 59 70 73 73 69 68 99 91 72 50 79 71 54 93 79 94 60 73 92 68 58 53 96 71 97 66 76 64 56 65 81 91 52 77 93 66 97 
59 51 56 56 81 98 94 89 51 90 74 79 98 71 0 90 99 60 75 72 81 85 61 61 50 83 70 98 64 63 85 88 67 78 77 63 72 70 86 71 89 87 94 84 51 90 82 70 87 70 87 84 82 52 75 58 94 95 62 92 62 
78 54 95 99 58 82 87 91 58 87 96 63 73 87 91 0 68 88 70 86 66 53 95 76 64 77 76 56 77 55 53 91 65 65 81 60 75 77 71 55 69 81 53 61 93 58 65 92 54 78 69 62 68 61 77 69 84 95 73 99 72 
66 97 63 68 57 98 70 97 96 64 88 93 87 77 54 93 0 90 61 79 82 94 91 75 65 73 70 89 72 62 85 79 78 90 65 91 60 68 89 87 56 66 89 53 71 69 82 99 51 54 93 62 68 68 72 87 62 90 77 96 97 
67 77 81 88 75 79 76 94 67 53 57 81 57 93 65 86 94 0 97 61 95 79 64 77 73 92 81 65 81 59 65 63 69 81 83 78 76 66 84 52 85 78 57 60 99 63 72 90 77 90 79 81 98 98 82 72 89 74 72 94 54 
90 95 56 58 69 65 55 99 79 91 87 74 58 64 72 89 97 69 0 70 84 60 67 97 79 57 61 82 82 96 61 83 63 73 85 65 53 64 59 97 70 54 94 59 89 93 55 70 97 62 91 52 58 76 54 54 64 55 61 74 99 
91 94 83 96 69 70 65 70 54 79 96 93 92 73 55 77 87 94 90 0 95 74 94 94 98 73 96 63 89 80 86 54 87 51 65 88 61 91 61 65 88 79 74 76 92 90 59 99 84 98 94 87 57 73 99 97 71 61 88 76 87 
97 99 88 75 66 77 89 65 63 75 64 88 71 96 80 57 92 54 50 99 0 63 71 80 77 70 89 75 74 72 55 65 83 95 89 60 52 69 82 84 70 97 52 73 67 50 75 79 80 50 73 82 94 72 77 52 64 83 53 93 86 
83 64 75 63 88 91 61 91 55 51 59 59 86 67 88 90 52 87 82 94 75 0 78 53 59 87 69 63 55 51 78 53 75 99 63 81 52 61 60 70 70 51 88 57 91 73 78 66 68 54 53 60 69 91 80 82 57 74 59 97 50 
64 65 93 76 86 65 95 69 94 90 55 93 95 53 84 65 97 65 81 83 75 54 0 63 90 95 60 77 68 51 81 73 56 63 79 82 85 64 65 94 56 81 51 99 55 53 58 82 90 59 93 71 65 89 59 74 51 50 57 61 86 
78 94 75 75 69 90 59 66 98 67 72 85 55 68 60 50 50 75 81 91 68 94 79 0 96 52 77 59 73 72 71 86 99 55 60 99 72 76 66 91 94 92 79 90 70 61 90 51 78 54 59 94 74 73 80 95 92 60 91 72 80 
94 56 69 85 96 94 53 65 81 77 71 99 94 77 88 89 85 62 75 68 90 94 96 73 0 70 95 60 96 76 73 63 89 67 94 72 51 82 63 63 74 60 60 85 88 93 50 71 93 56 61 80 93 83 78 62 90 97 55 55 54 
69 54 55 71 65 91 87 95 56 86 96 55 99 67 83 89 77 80 78 61 78 55 93 69 50 0 81 68 99 66 62 57 73 77 86 95 85 86 83 99 52 76 95 56 52 75 79 56 58 57 64 83 74 65 85 82 79 87 66 91 79 
51 68 57 54 60 66 88 91 64 66 81 92 96 98 84 70 65 55 62 90 67 88 63 76 61 91 0 84 66 79 65 53 57 86 72 81 98 89 53 85 78 70 56 69 87 72 53 54 94 90 90 96 85 73 50 73 67 86 52 75 99 
74 78 91 83 99 90 57 55 51 52 53 76 73 82 98 68 74 65 97 60 90 76 51 84 95 85 82 0 79 68 98 86 63 81 99 95 74 87 55 93 72 51 55 64 62 83 75 69 61 98 73 54 75 60 82 81 84 82 86 53 62 
93 85 69 53 86 72 67 95 69 75 94 58 74 50 93 55 70 72 81 94 96 68 94 60 82 68 68 90 0 64 91 79 85 73 73 66 69 68 82 73 56 64 56 95 65 93 99 53 55 65 54 50 50 92 51 73 90 53 53 78 86 
72 67 94 64 61 98 78 85 62 57 69 59 71 93 64 53 66 99 82 92 88 64 97 62 78 62 69 93 65 0 51 76 92 90 52 60 90 60 96 92 87 99 73 67 79 82 81 56 91 67 55 93 86 65 71 54 63 64 87 82 82 
50 51 62 96 93 81 66 74 90 84 87 77 56 55 57 65 81 68 56 54 52 62 69 74 66 91 91 83 76 71 0 67 85 83 95 74 64 55 66 86 86 65 54 52 93 61 89 82 71 82 50 65 60 54 72 83 65 56 79 55 96 
74 94 88 56 90 98 69 83 83 92 93 52 89 59 87 97 78 62 96 89 72 67 58 75 65 66 57 96 59 84 91 0 51 58 60 76 98 72 93 57 87 73 88 64 59 67 75 71 57 51 73 72 71 99 92 61 56 88 69 66 78 
73 52 88 53 59 76 84 98 99 68 63 53 63 55 55 66 93 94 78 96 68 51 99 97 55 54 72 96 73 78 97 50 0 68 77 71 71 78 98 75 97 50 58 84 72 78 78 73 96 61 83 95 68 61 90 85 77 75 75 62 77 
93 94 86 76 97 51 72 94 78 98 58 83 57 93 79 89 50 77 88 86 65 83 60 62 73 92 89 70 69 52 75 71 69 0 77 58 51 84 93 53 67 91 57 51 79 72 97 84 50 82 79 52 97 78 92 95 95 84 93 58 54 
82 84 68 80 81 66 70 90 86 84 70 50 63 69 68 54 51 84 57 69 74 78 58 84 88 63 56 81 70 97 92 76 75 81 0 77 91 89 95 72 78 84 62 58 70 75 51 70 70 59 81 65 54 91 77 74 76 87 66 88 76 
95 97 89 61 98 93 82 82 77 80 60 64 54 96 50 98 63 67 90 99 67 98 61 81 69 97 94 71 94 56 97 92 82 68 56 0 51 51 68 85 89 59 73 58 64 65 62 53 77 98 97 77 69 57 84 80 79 65 81 52 62 
70 51 81 76 83 68 69 62 61 74 96 89 50 94 82 56 74 80 66 92 77 67 85 81 96 92 91 85 74 67 97 87 78 67 80 77 0 76 90 90 76 75 86 62 68 50 96 96 65 62 70 97 56 75 61 75 65 68 54 87 74 
90 90 75 83 90 69 71 94 79 53 81 50 94 93 58 85 98 71 71 54 97 90 50 82 97 73 66 97 71 56 92 74 70 97 78 72 87 0 98 93 62 69 69 50 71 75 58 96 59 86 67 58 50 63 84 76 56 81 92 53 72 
90 67 85 89 68 69 74 93 78 91 52 92 84 71 54 96 79 80 65 55 95 67 84 62 54 85 95 78 59 94 60 86 91 60 69 83 82 91 0 52 92 74 96 88 94 93 95 51 75 53 81 71 64 74 80 83 94 92 80 69 74 
73 88 56 60 81 86 60 75 63 58 95 60 55 76 87 98 92 67 60 72 90 77 84 68 50 57 79 88 98 78 59 73 85 62 67 79 83 57 53 0 73 60 87 79 73 58 66 85 94 81 93 62 55 61 66 61 96 58 98 64 87 
99 99 94 76 75 52 89 83 91 67 51 97 65 91 77 83 56 51 87 54 69 82 68 96 90 64 58 89 95 65 69 76 53 72 54 79 91 99 65 56 0 80 54 67 79 99 80 77 59 99 57 55 99 94 82 73 82 73 53 67 83 
82 74 84 86 53 64 51 69 83 59 96 95 80 78 64 63 57 57 80 53 74 54 98 53 92 99 83 81 51 93 60 66 55 98 75 87 64 78 56 72 52 0 70 84 50 84 89 79 92 68 50 52 87 78 64 88 92 61 69 77 95 
58 51 61 74 70 63 75 71 55 60 96 60 57 73 77 67 85 71 65 55 50 88 52 52 77 74 78 99 71 54 72 88 98 63 81 87 67 56 93 63 58 56 0 95 87 71 61 97 55 91 87 65 95 67 63 68 77 59 86 61 80 
61 61 93 57 69 89 88 62 71 54 89 61 59 89 79 84 80 93 83 90 82 69 50 68 91 70 77 79 52 88 51 66 83 97 82 99 76 69 84 87 70 87 82 0 86 58 82 56 96 75 50 52 83 70 79 82 91 98 52 71 68 
81 85 51 56 54 94 51 93 83 66 77 69 70 85 97 69 69 85 73 82 97 71 59 71 83 71 86 66 81 76 71 72 63 88 61 50 71 89 85 83 94 56 62 70 0 84 93 63 89 63 76 62 51 96 67 98 85 54 66 62 55 
83 62 69 59 57 80 83 92 50 57 90 51 76 51 60 88 56 70 59 80 75 59 93 95 92 86 84 68 50 65 68 81 60 78 94 90 89 77 71 94 82 76 83 67 96 0 52 60 83 60 81 69 70 64 60 51 95 52 73 80 89 
79 93 87 84 53 87 83 80 65 62 74 59 84 84 92 63 70 87 57 90 86 97 77 84 61 67 86 62 73 70 77 55 51 89 86 52 86 76 94 59 61 72 87 54 93 73 0 56 64 50 59 78 79 89 69 96 79 88 79 83 96 
69 80 87 55 71 62 60 61 83 60 95 65 73 83 85 67 80 82 80 88 76 52 82 64 52 85 52 57 75 96 73 85 70 51 80 62 87 89 63 84 98 65 61 55 69 91 62 0 97 84 61 82 71 99 62 79 95 99 96 79 73 
88 91 78 54 55 96 52 82 71 91 67 50 72 71 55 96 57 55 62 95 89 75 78 97 54 57 93 72 98 71 58 94 95 62 63 75 71 75 98 87 60 82 98 97 60 65 51 52 0 52 99 57 63 80 53 64 98 89 83 87 56 
71 70 55 50 87 95 70 98 55 76 67 95 95 51 94 70 51 70 95 67 68 64 68 69 54 70 78 56 76 94 92 61 74 67 52 81 97 51 69 71 58 77 60 50 91 86 87 63 74 0 81 67 77 54 61 60 58 97 71 98 68 
55 76 55 96 68 60 89 86 95 51 93 99 96 70 96 72 60 52 59 70 93 95 62 52 96 90 57 79 74 78 93 85 63 78 84 66 96 66 64 83 67 88 98 98 83 89 53 90 99 84 0 90 86 88 68 82 94 72 67 96 70 
76 86 95 80 78 96 75 70 88 86 76 50 75 62 95 58 56 50 79 57 50 51 62 79 55 79 90 77 96 51 50 78 70 84 68 88 70 97 50 86 72 57 67 87 50 96 80 51 67 86 82 0 74 59 62 73 91 87 79 53 67 
90 99 78 68 51 64 56 90 65 58 89 98 90 97 75 66 52 70 58 87 64 64 52 65 67 94 94 70 69 50 83 50 75 64 58 88 83 70 89 95 65 80 50 92 62 80 77 62 83 85 82 92 0 75 95 87 85 57 52 86 79 
64 95 65 69 94 70 93 56 82 85 55 69 85 77 87 86 64 61 62 99 87 51 87 59 96 77 81 90 57 66 97 65 51 53 84 57 83 96 62 99 98 53 52 54 65 72 63 83 98 96 64 78 97 0 83 70 62 80 99 63 59 
70 50 70 79 88 75 88 58 69 59 51 63 71 85 81 67 77 92 52 77 57 83 51 55 53 92 81 94 64 54 51 83 90 90 53 63 77 58 64 98 98 97 68 90 50 72 79 67 96 74 51 91 69 61 0 59 98 74 55 62 94 
77 85 84 87 93 95 65 84 89 51 84 91 52 87 59 70 84 69 50 86 79 78 54 89 59 59 65 55 67 61 93 88 98 62 53 76 52 73 93 58 62 76 77 59 61 55 95 57 89 73 51 74 69 88 95 0 85 57 85 89 54 
92 58 61 53 58 77 67 75 59 61 89 99 71 75 99 66 86 56 55 72 80 61 64 55 68 50 97 58 72 60 55 87 80 83 55 93 90 58 91 91 74 96 60 59 94 97 76 55 64 94 85 71 91 90 83 84 0 76 93 80 90 
56 60 95 57 72 50 69 66 87 81 50 95 57 79 52 56 98 93 52 74 82 52 86 91 91 93 88 50 77 88 84 66 66 79 63 50 86 97 58 50 53 73 72 62 51 58 55 59 61 88 57 94 65 80 87 92 72 0 98 96 82 
73 66 69 99 87 62 58 51 57 58 84 82 60 51 70 78 61 85 91 98 96 59 70 80 87 97 76 66 99 81 96 67 53 58 55 72 58 95 78 63 61 51 91 93 72 52 80 82 91 70 81 82 79 72 83 70 80 99 0 89 71 
71 68 91 56 50 53 81 59 53 69 56 86 92 52 98 87 50 84 51 94 64 99 77 96 66 98 76 96 88 87 84 76 72 77 98 94 85 66 64 51 51 69 57 80 71 97 73 50 69 90 98 83 64 50 98 88 99 69 79 0 97 
87 78 63 87 72 73 67 99 51 59 59 59 60 60 97 72 89 80 82 54 93 82 62 64 65 85 95 74 81 92 66 71 66 92 86 57 60 81 57 53 96 95 92 58 59 76 59 82 55 84 67 82 67 92 62 51 60 50 69 63 0 
