n: 60
m: 10
Pi:U[1-99] 54 33 23 58 98 11 26 48 66 30 72 99 17 15 21 55 9 48 77 43 19 80 63 40 61 87 72 44 33 24 98 60 68 89 26 97 59 58 35 96 23 40 11 64 23 26 19 21 51 89 62 55 70 93 40 60 44 54 89 25 
Si:U[50-99]
0 45 40 50 50 34 58 64 64 41 99 99 85 99 99 99 79 78 81 75 87 99 88 99 90 99 93 99 99 88 99 99 81 94 99 99 91 99 99 99 99 97 99 99 99 99 97 76 99 99 99 99 99 79 85 76 99 99 99 99 99 
46 0 50 34 66 44 64 42 44 63 99 90 96 99 81 99 85 99 99 94 97 99 99 99 99 99 99 99 90 99 99 99 99 99 99 99 99 91 99 99 99 99 99 99 99 99 96 94 99 99 99 99 99 99 82 99 99 99 79 99 88 
59 49 0 42 34 59 37 46 40 38 87 97 79 99 78 99 99 82 99 75 99 99 99 97 99 87 99 99 99 96 84 99 79 99 99 78 99 76 81 99 90 99 99 99 82 99 99 91 99 99 99 99 99 99 99 99 99 79 99 99 75 
33 36 33 0 47 58 44 35 57 58 99 99 99 78 99 99 97 99 96 99 99 99 99 82 99 99 99 99 99 93 99 99 88 76 84 99 99 99 99 97 99 99 99 76 99 96 81 99 96 99 99 99 88 93 99 84 99 76 99 99 99 
60 48 47 35 0 50 41 54 33 61 99 75 99 99 99 99 82 99 99 81 99 85 99 91 94 84 99 99 99 99 99 99 81 81 99 99 99 99 84 99 99 99 99 91 99 99 85 99 99 99 99 99 75 99 99 93 99 99 96 76 97 
62 50 60 44 38 0 61 39 36 61 99 90 99 99 99 79 99 91 87 99 99 99 99 99 99 99 99 81 99 78 85 79 99 88 82 99 82 99 99 99 79 99 99 99 99 99 99 84 75 99 99 99 99 93 99 99 99 79 76 99 99 
51 35 54 51 63 54 0 60 62 57 99 99 81 99 82 88 99 93 96 99 99 99 99 84 88 99 99 99 99 99 99 99 99 99 99 99 99 75 99 91 99 99 99 99 99 99 99 81 99 85 78 84 99 99 87 93 79 99 93 99 75 
56 33 54 54 54 38 46 0 61 36 94 99 99 99 99 99 99 81 94 99 99 99 76 85 99 99 99 99 99 85 99 99 99 93 84 99 88 99 96 81 99 81 99 99 90 99 99 99 99 99 91 99 87 99 99 79 99 81 99 99 85 
38 64 37 56 35 42 50 45 0 40 81 99 84 93 79 85 82 96 99 99 99 87 99 75 99 99 99 81 99 82 99 99 85 99 79 99 90 99 99 76 99 99 99 99 96 99 99 93 99 99 99 99 99 99 99 99 99 99 87 99 99 
64 51 35 59 52 40 42 61 41 0 93 99 99 99 99 99 99 99 99 99 99 90 99 76 99 99 99 99 99 93 99 99 99 99 99 99 99 99 99 91 99 99 76 93 99 96 99 99 99 99 99 99 99 82 96 99 99 94 93 96 96 
99 99 99 99 99 79 84 99 99 99 0 62 36 34 60 52 48 51 49 48 99 99 99 99 99 94 99 99 99 75 99 99 93 82 76 99 87 99 99 99 99 99 99 99 99 99 99 99 99 99 99 99 91 99 78 90 99 99 99 99 99 
99 99 99 76 99 79 99 99 99 99 53 0 55 36 58 33 52 33 52 40 91 99 94 93 78 90 99 99 99 99 84 99 99 99 99 99 99 94 84 99 99 99 97 82 99 99 99 99 99 99 99 93 99 88 99 99 99 75 99 99 99 
99 99 99 99 82 99 99 99 99 99 44 64 0 37 44 61 51 38 62 64 99 99 88 99 99 99 99 99 84 99 99 99 99 91 99 91 91 99 82 99 99 99 97 93 99 99 99 99 76 99 76 99 99 96 99 99 99 99 93 96 88 
99 97 99 78 76 99 99 99 81 87 46 34 40 0 39 42 35 38 38 36 96 99 97 84 99 99 99 99 82 75 99 99 87 99 99 99 84 99 96 99 93 75 99 88 76 99 79 99 99 99 99 99 93 99 90 99 91 99 99 99 99 
99 99 99 99 99 99 97 99 99 99 58 46 52 38 0 63 44 40 39 49 99 99 97 99 99 99 94 99 99 99 78 99 99 99 96 99 99 97 96 81 76 99 99 84 99 99 88 97 99 99 90 99 99 85 99 99 99 99 99 99 99 
99 97 99 91 84 84 79 99 99 99 56 38 43 35 62 0 42 44 34 44 99 99 99 99 99 82 99 99 99 99 99 76 99 99 99 91 93 82 99 99 99 96 91 99 97 99 76 99 99 99 99 99 99 99 99 99 99 75 99 99 76 
99 99 78 99 99 99 99 99 99 78 42 48 48 40 56 36 0 37 36 56 96 99 99 88 84 99 99 99 99 99 84 99 99 99 99 99 88 84 99 87 99 79 99 99 99 99 99 85 81 99 99 99 99 99 84 99 84 94 94 99 99 
99 99 99 94 93 99 82 88 99 99 60 36 46 59 60 60 46 0 58 55 97 99 99 99 93 99 99 99 99 99 99 79 84 99 99 91 88 99 99 99 78 75 99 85 99 99 99 99 99 99 99 90 99 99 87 82 99 99 78 99 96 
99 99 99 99 99 97 99 81 99 99 52 64 39 35 61 43 47 57 0 46 99 94 96 99 75 75 99 78 99 99 99 99 84 99 99 99 99 99 99 99 99 82 99 99 99 97 99 99 99 99 93 99 99 99 99 84 99 81 99 84 99 
99 99 99 99 79 99 99 99 82 99 58 40 42 62 47 64 60 56 38 0 99 99 99 99 99 99 99 99 96 79 75 99 99 99 91 99 99 78 97 99 99 99 99 99 99 99 99 99 87 99 99 99 99 99 99 93 99 99 99 99 99 
91 99 99 99 99 90 99 99 90 91 99 99 99 99 99 90 88 99 85 99 0 42 49 38 36 38 61 60 49 63 99 99 75 85 99 99 99 99 99 99 99 99 99 99 87 99 99 99 84 99 99 94 99 99 99 99 94 99 84 99 99 
78 99 99 79 99 99 88 76 99 99 90 99 99 79 99 99 87 99 85 99 40 0 51 54 37 51 41 35 47 57 76 97 99 99 79 99 99 96 99 93 99 99 91 97 84 99 99 87 99 87 97 99 99 99 76 99 79 84 91 99 88 
88 99 99 85 99 90 79 99 99 88 99 99 94 75 99 94 99 93 87 99 36 36 0 58 33 64 54 63 42 48 99 99 99 99 99 99 96 99 99 99 99 99 99 99 99 99 99 99 96 91 78 99 99 99 76 99 99 79 78 99 99 
99 94 99 99 99 99 99 99 76 99 87 99 87 93 99 82 99 99 78 96 65 60 50 0 44 58 48 61 37 43 79 99 76 99 99 99 75 91 91 91 94 99 93 99 99 99 99 99 94 99 99 85 97 99 99 99 99 99 97 99 88 
99 82 82 99 99 99 99 99 99 79 99 99 99 99 99 99 99 96 99 88 40 35 40 50 0 44 53 62 38 35 99 99 99 99 78 99 99 99 99 99 99 99 99 99 84 76 99 99 99 81 94 99 99 99 99 99 99 99 99 75 81 
99 99 87 99 93 78 87 99 99 78 79 88 99 99 97 93 99 99 78 87 41 62 50 43 42 0 34 58 48 40 99 99 99 99 99 76 87 76 99 99 99 99 99 99 99 99 85 99 97 94 94 94 97 82 99 99 99 99 99 97 79 
99 94 99 99 99 99 99 99 99 99 97 85 99 99 99 99 99 99 94 79 40 55 58 42 40 57 0 63 46 52 94 99 99 99 99 99 99 78 88 91 91 90 88 84 99 97 99 99 99 99 99 99 85 99 76 99 99 93 99 99 99 
88 99 99 82 75 99 78 99 99 99 99 99 99 91 99 99 99 88 99 88 40 62 60 44 64 46 44 0 33 33 99 99 99 99 99 99 99 99 99 99 99 99 82 99 82 76 99 99 99 99 99 99 99 99 75 99 99 84 85 84 99 
84 90 99 99 99 99 88 99 85 99 99 88 99 93 99 99 99 79 99 94 60 54 34 42 62 39 57 34 0 58 99 99 99 90 99 99 99 90 91 99 93 99 99 99 78 93 79 99 97 84 99 99 76 99 91 99 99 99 75 99 99 
97 99 84 99 99 99 99 99 99 90 99 99 78 99 82 99 99 99 99 99 62 55 63 36 39 43 46 65 42 0 99 99 99 99 99 99 99 99 99 99 99 99 99 81 85 99 99 99 99 96 99 99 93 93 99 99 99 99 99 87 90 
99 99 99 99 93 99 99 82 99 99 93 99 94 99 99 99 99 99 99 99 99 99 91 99 99 99 99 99 81 99 0 63 61 50 40 39 65 53 53 48 91 75 97 99 84 99 76 84 99 99 81 81 81 78 99 99 99 99 99 99 99 
97 84 99 99 99 93 93 99 76 88 99 99 99 99 99 99 99 91 91 99 99 99 99 99 94 97 88 78 99 87 38 0 59 34 45 40 54 60 62 52 97 99 99 99 99 88 85 99 99 84 99 99 82 99 99 79 99 99 75 96 99 
99 93 99 99 99 84 99 85 96 99 93 99 99 90 99 99 99 99 99 99 96 99 99 99 99 99 99 99 99 99 49 33 0 49 42 57 58 50 62 46 78 99 99 99 78 99 99 99 75 90 99 99 99 96 99 88 99 99 99 99 75 
93 99 99 99 99 99 99 82 99 88 99 99 99 91 99 81 82 99 88 94 99 99 99 99 81 99 99 99 99 99 60 38 64 0 50 35 38 64 48 47 99 99 99 99 99 88 99 75 99 99 99 93 99 99 99 79 87 84 99 79 99 
88 99 76 99 75 99 99 81 88 99 99 99 78 99 84 99 75 97 96 99 99 99 75 99 99 82 99 99 99 81 54 42 49 51 0 54 58 62 66 52 99 99 99 99 75 87 90 81 99 85 99 84 99 99 99 99 96 99 84 99 99 
99 90 78 81 99 93 99 79 99 81 99 99 99 99 99 99 99 93 82 96 99 99 99 85 99 99 99 99 99 99 60 58 43 40 39 0 34 41 66 64 93 99 99 99 99 99 78 99 93 99 99 99 82 84 99 96 87 99 76 99 84 
99 99 85 99 99 85 99 99 99 99 94 99 75 99 99 99 99 85 99 99 90 82 94 99 79 99 99 76 99 99 54 49 54 49 50 62 0 63 52 38 99 99 99 79 81 99 99 99 97 99 87 99 99 99 99 96 90 99 99 99 99 
94 99 99 99 82 99 99 99 85 99 99 90 88 87 99 99 99 99 99 99 99 99 97 99 87 99 85 99 99 75 35 50 64 53 51 48 44 0 36 46 97 99 99 99 99 99 79 99 99 99 91 99 99 75 99 99 99 84 99 99 81 
99 93 99 99 99 99 75 99 99 99 99 97 84 99 99 99 99 99 99 99 99 90 99 99 99 99 99 99 84 79 56 38 60 58 62 50 44 37 0 47 99 99 99 99 99 87 84 96 99 99 99 99 99 99 82 99 79 99 90 99 99 
99 99 99 85 99 99 82 75 99 99 99 99 78 99 99 90 93 75 87 99 90 99 99 91 99 99 99 76 99 99 36 60 63 35 52 48 56 35 60 0 79 88 99 76 99 99 99 99 99 81 99 85 99 88 99 94 99 79 96 99 99 
99 99 99 99 99 99 76 99 82 88 99 99 99 99 99 96 82 99 94 99 99 99 99 99 99 99 99 99 85 99 88 99 90 99 99 87 81 99 99 85 0 62 41 64 52 54 44 61 63 63 75 99 91 99 91 99 99 99 99 99 90 
99 97 99 99 99 85 99 99 99 99 99 99 90 99 99 99 93 99 99 99 90 99 99 99 94 99 99 99 99 99 99 99 82 99 99 99 99 99 99 99 44 0 41 51 58 65 55 42 41 60 99 97 79 99 99 99 99 99 99 91 99 
99 99 97 99 99 99 99 99 78 99 99 99 99 88 99 99 82 76 99 82 99 99 99 99 99 99 99 99 75 99 99 97 99 93 78 99 99 99 99 99 65 40 0 46 40 42 61 52 44 57 99 88 99 99 81 99 94 99 99 99 99 
99 97 99 99 99 99 99 99 99 81 78 99 99 99 96 76 99 99 99 99 99 99 99 99 93 78 96 87 85 99 81 93 99 99 99 99 99 78 78 99 50 46 35 0 48 58 34 54 50 46 75 99 99 79 99 99 91 87 99 99 79 
99 99 99 99 87 99 99 99 99 78 99 81 79 82 99 99 99 84 99 91 99 99 99 99 99 99 90 85 99 90 99 99 75 84 87 99 99 99 82 99 65 54 58 53 0 41 58 64 34 49 99 76 84 84 99 99 99 99 99 99 82 
99 99 99 99 81 99 91 99 99 99 99 81 78 85 99 99 99 82 99 99 81 85 99 81 99 99 90 99 99 99 99 75 93 99 91 99 97 99 82 99 44 36 64 49 60 0 53 46 65 45 99 99 99 75 99 99 81 75 99 76 75 
99 99 99 99 99 99 99 93 93 99 87 91 81 76 99 99 99 99 99 99 75 87 91 99 99 99 79 94 99 99 85 78 99 99 88 99 99 99 99 99 40 38 61 56 66 45 0 66 46 58 90 82 99 99 99 99 99 79 75 99 76 
82 99 99 99 99 99 99 99 99 90 76 99 85 99 88 99 78 99 99 99 99 99 93 99 99 75 99 99 99 99 99 96 99 99 93 88 99 99 99 99 54 46 48 45 64 54 34 0 61 49 99 99 81 99 99 87 99 99 96 99 88 
75 99 78 99 99 94 76 99 87 99 96 79 99 99 96 85 81 99 85 75 99 96 79 99 82 99 97 82 91 99 99 81 94 78 99 99 79 99 85 75 49 36 58 64 46 64 56 44 0 54 99 99 85 99 99 99 99 99 99 99 99 
99 87 99 99 99 99 99 99 97 81 99 78 96 87 99 99 79 99 87 99 99 99 81 87 99 99 87 99 85 96 91 99 99 99 99 85 99 84 99 99 36 64 52 57 51 41 44 40 33 0 96 99 99 99 99 81 99 99 99 99 99 
99 81 87 99 90 99 81 99 96 99 90 99 99 99 99 81 99 99 99 99 99 79 99 99 99 99 99 99 99 99 91 99 85 99 94 99 99 96 81 99 99 99 99 99 85 99 99 99 99 99 0 62 64 35 53 58 64 52 58 42 91 
99 97 97 99 99 99 99 81 99 85 99 99 87 78 99 99 99 87 87 84 99 99 99 99 99 99 99 99 99 99 99 99 99 99 99 99 90 99 81 99 99 99 85 79 99 79 99 99 99 99 53 0 61 40 46 50 44 56 62 46 99 
91 82 99 99 79 99 93 99 99 99 90 99 99 99 99 99 78 99 99 99 99 85 78 99 99 78 99 99 99 99 99 76 99 76 99 96 87 96 93 99 99 99 99 99 88 99 82 99 99 99 50 37 0 50 54 44 53 56 60 57 99 
99 99 99 78 99 99 99 75 91 75 99 99 99 99 99 99 84 99 99 99 99 87 99 99 99 87 82 99 99 99 99 96 88 85 99 99 99 96 96 99 76 99 99 87 99 99 99 99 78 78 57 61 63 0 50 34 40 48 43 57 99 
99 99 99 99 99 85 99 96 96 99 99 87 99 78 99 99 99 79 99 99 99 87 94 99 81 76 99 94 99 99 94 99 78 87 99 99 84 88 99 99 99 99 99 99 88 99 99 99 99 99 38 44 62 38 0 42 42 40 56 38 84 
78 88 99 99 91 99 82 99 99 99 99 99 79 99 99 99 99 97 99 99 81 99 99 84 99 75 99 99 99 90 99 99 99 99 99 99 99 99 75 82 99 99 91 99 99 90 99 99 99 99 38 50 35 58 50 0 56 39 47 38 99 
99 99 75 99 99 99 99 94 99 99 90 87 94 99 99 99 91 87 84 99 97 99 99 99 99 99 99 90 99 99 99 90 78 99 99 99 82 78 99 85 97 99 85 99 81 97 99 82 99 99 38 37 46 52 46 38 0 50 54 43 99 
99 99 90 99 99 99 91 99 79 99 99 88 99 99 87 75 99 94 99 97 99 76 99 99 99 99 90 87 99 85 97 82 93 90 94 88 99 82 79 99 99 99 78 99 99 99 99 99 99 87 59 52 56 58 52 51 64 0 59 44 99 
96 99 99 99 99 99 99 99 85 99 99 90 99 99 99 99 79 99 99 82 99 99 99 99 78 99 99 99 99 99 99 99 97 99 99 85 75 78 99 99 99 99 99 99 99 99 93 99 81 99 38 64 40 55 41 47 53 57 0 64 99 
99 99 75 99 97 99 99 99 99 78 97 99 99 85 99 87 99 99 99 99 85 99 99 99 99 99 94 99 99 99 99 78 94 81 99 93 99 99 99 99 99 84 85 99 81 99 99 99 99 99 44 44 56 48 58 48 46 61 57 0 94 
99 91 93 99 99 99 84 79 99 91 99 99 99 99 84 99 99 82 81 85 96 99 99 75 87 99 99 96 99 75 76 99 79 82 99 99 99 99 99 99 99 99 99 99 99 99 99 99 99 99 99 99 96 99 99 99 76 99 99 88 0 
