n: 60
m: 8
Pi:U[1-99] 50 21 26 98 94 52 48 73 90 98 21 23 72 25 26 45 56 50 6 71 75 72 18 18 69 98 12 38 5 12 32 26 26 80 9 2 67 74 34 47 67 75 34 35 16 91 39 98 44 16 90 77 53 88 38 56 56 47 3 77 
Si:U[1-49]
0 9 2 27 23 22 29 12 21 12 42 49 33 39 49 10 9 36 49 19 34 49 49 49 6 49 28 13 25 19 49 19 36 13 15 49 49 30 48 49 49 19 49 30 28 9 49 16 49 46 18 49 12 49 49 12 49 45 4 27 4 
23 0 31 2 16 3 31 18 4 31 42 36 36 49 49 49 49 9 49 49 46 49 49 49 18 49 49 22 49 37 49 49 49 36 33 7 49 33 42 49 16 36 10 34 42 28 49 49 49 49 49 6 27 37 25 40 24 24 37 49 49 
30 1 0 22 5 17 4 32 26 1 10 49 12 28 24 39 1 7 49 6 42 45 49 49 49 49 22 33 39 31 12 25 49 49 37 36 37 37 49 49 49 3 31 49 21 1 7 28 13 49 27 25 49 7 42 15 25 49 45 49 49 
1 26 28 0 6 10 21 8 29 6 45 16 39 49 45 42 49 6 27 27 49 49 18 4 6 4 39 16 30 31 42 49 49 49 4 49 49 24 40 33 37 25 24 49 42 37 49 10 22 49 25 21 28 49 15 10 40 10 36 28 16 
25 29 31 30 0 17 22 14 6 0 49 24 49 21 49 9 21 28 42 49 18 25 13 36 34 30 10 42 49 49 45 37 37 22 40 49 33 49 10 49 49 49 30 16 27 16 16 40 31 40 46 15 1 49 49 49 49 49 3 15 7 
17 10 32 0 30 0 3 10 18 14 13 39 49 49 4 31 1 10 48 49 49 49 37 49 1 16 37 21 46 10 49 36 48 22 6 43 42 19 49 24 34 49 22 46 33 49 30 16 49 49 33 49 6 49 49 18 18 12 7 49 49 
0 28 30 30 20 14 0 8 32 22 49 45 3 49 7 49 12 4 15 49 9 21 49 22 1 49 40 19 22 49 49 49 33 40 3 19 49 10 4 18 13 49 49 7 49 43 9 10 43 43 3 7 15 12 49 49 30 27 27 13 22 
4 10 26 4 14 4 16 0 16 5 13 49 27 31 45 25 34 49 6 7 4 34 39 49 49 7 30 34 49 49 19 40 49 42 33 28 21 27 45 6 49 49 36 49 40 45 49 13 4 7 13 6 15 49 28 7 49 49 25 46 45 
2 28 18 31 20 22 14 4 0 24 15 7 6 49 49 49 34 9 3 49 12 9 43 3 49 49 28 27 15 4 37 37 30 10 21 9 4 7 27 49 7 49 18 6 37 31 9 45 30 43 39 18 45 49 49 49 33 49 49 49 42 
2 7 22 27 14 1 14 5 19 0 37 33 1 15 49 18 40 33 49 49 34 31 10 6 3 49 36 12 49 25 33 3 25 36 49 24 49 31 48 49 12 1 4 18 16 16 10 1 31 16 31 39 1 31 37 3 1 49 48 10 46 
12 42 49 45 34 40 31 9 40 7 0 7 12 28 24 12 9 28 17 25 12 49 3 49 21 24 30 49 21 7 46 30 36 25 49 27 49 18 40 13 30 49 3 49 31 49 1 42 42 25 4 49 30 49 28 6 19 49 6 7 49 
15 49 49 39 9 49 49 48 18 33 18 0 12 19 24 1 4 32 31 25 49 4 49 49 49 49 49 10 36 45 49 9 48 39 25 13 18 49 19 1 15 45 6 36 39 49 49 42 13 22 49 28 28 33 21 49 3 49 49 34 49 
25 1 45 13 49 49 36 49 22 33 26 26 0 9 23 8 13 24 11 6 3 1 34 24 21 34 43 49 27 31 6 31 48 25 39 49 49 42 31 36 49 10 10 33 49 49 49 21 49 22 49 13 49 40 25 49 28 28 49 4 12 
49 28 42 49 45 49 16 4 49 12 2 3 17 0 16 29 17 32 24 9 25 1 42 49 49 22 49 21 34 7 49 10 7 49 18 43 27 40 45 40 39 49 28 33 37 49 27 28 49 39 30 49 46 18 43 49 46 30 49 49 49 
48 49 49 36 49 49 37 7 46 3 30 31 14 2 0 7 10 27 6 19 49 49 34 34 27 37 3 13 49 49 43 21 40 40 1 36 6 36 22 48 43 19 19 43 3 49 3 3 42 49 15 3 49 9 49 49 49 6 33 49 22 
10 42 28 22 45 49 43 49 22 27 22 12 8 16 10 0 3 28 1 1 36 49 25 49 49 49 49 22 45 48 42 33 30 49 24 49 45 49 36 49 12 49 49 49 18 36 1 49 49 13 28 10 49 21 49 49 28 7 21 36 49 
49 49 7 40 22 39 49 49 37 7 32 12 29 16 18 13 0 17 31 26 10 10 37 9 36 18 30 28 27 10 42 33 39 25 36 3 49 28 34 15 24 49 30 24 4 31 42 37 34 49 49 28 49 49 21 49 7 49 22 33 25 
12 49 16 49 13 49 48 28 24 49 26 6 26 10 25 23 22 0 12 20 31 22 49 16 49 27 49 49 25 48 49 49 9 49 49 30 15 49 48 30 31 49 3 16 40 49 10 12 19 49 39 49 49 49 9 48 49 39 28 6 48 
28 24 9 22 34 49 13 4 21 49 28 22 32 16 16 30 6 10 0 14 49 39 49 49 19 49 7 10 49 37 12 49 30 24 49 3 4 48 49 49 49 46 6 12 49 46 31 1 22 4 10 49 27 49 49 39 9 49 3 28 45 
46 30 49 3 43 28 16 49 49 43 2 30 24 13 28 2 1 24 24 0 27 49 24 10 49 33 49 12 9 49 39 24 4 1 49 18 10 34 49 49 48 37 25 37 49 49 49 37 1 49 3 30 34 49 49 33 49 1 49 49 24 
49 19 37 16 46 49 49 49 43 16 49 16 28 49 25 25 49 46 31 49 0 15 16 6 10 3 12 25 24 24 21 49 19 49 34 49 43 37 49 49 4 46 1 49 10 30 49 33 49 15 49 40 49 49 49 49 27 30 39 46 49 
49 39 22 31 39 49 36 49 30 13 49 48 49 49 24 49 49 9 19 10 12 0 2 25 18 25 30 14 12 0 49 21 18 22 49 6 9 49 21 49 27 49 4 30 24 49 19 24 49 19 49 49 49 30 49 49 10 21 46 36 33 
49 36 27 49 46 49 19 15 16 40 25 37 46 10 48 43 25 46 7 7 16 30 0 6 24 28 30 9 28 20 6 49 49 1 10 49 15 49 37 34 39 36 49 3 1 43 49 1 24 49 43 27 40 49 22 19 15 40 22 28 49 
4 46 34 21 15 45 31 49 18 10 49 49 28 33 1 28 49 49 40 49 30 12 4 0 2 8 20 6 23 28 31 25 9 3 49 46 9 48 49 49 39 49 28 15 27 49 3 49 49 49 48 49 39 13 34 40 49 49 49 33 43 
24 49 43 6 12 25 49 49 49 49 49 49 30 1 37 49 45 37 12 24 9 30 10 10 0 19 16 21 25 4 49 13 43 49 24 49 4 36 31 1 49 40 43 21 34 27 34 4 42 21 24 49 16 45 42 21 39 49 49 28 49 
48 49 18 13 34 37 39 27 49 33 4 49 30 31 28 10 34 6 49 49 17 24 19 26 18 0 14 26 5 22 49 6 12 31 12 49 49 48 9 33 49 49 42 1 49 27 42 1 22 40 3 28 49 42 33 22 4 49 15 49 18 
49 49 1 49 39 49 13 4 10 9 49 49 18 9 4 19 33 39 30 49 16 24 16 20 6 14 0 32 20 30 12 49 39 49 6 37 49 33 15 18 18 39 45 21 6 13 49 36 49 22 49 49 49 49 31 49 22 12 34 43 37 
6 49 40 49 49 27 48 18 49 43 33 9 49 49 30 46 49 10 46 49 26 23 2 5 10 13 26 0 29 20 30 49 6 46 19 40 7 7 1 28 45 16 12 49 49 19 34 49 28 33 49 49 49 34 46 16 40 10 49 49 3 
49 49 36 37 49 49 3 4 49 19 40 28 6 49 24 25 49 49 39 49 30 6 12 28 16 32 11 15 0 11 49 6 37 25 49 25 31 3 49 9 39 49 18 49 18 9 49 13 49 49 18 49 4 43 39 49 49 16 42 10 30 
49 37 43 49 49 10 40 30 7 49 16 34 49 43 33 27 27 24 30 49 23 24 20 2 0 10 26 12 30 0 6 45 4 3 49 34 49 39 49 28 49 13 9 1 9 18 19 15 49 46 49 6 12 48 40 9 49 22 49 9 3 
9 49 21 25 16 49 28 49 49 49 7 6 49 4 15 30 49 46 31 49 49 24 45 49 46 28 25 43 18 28 0 13 4 3 3 11 10 16 16 30 39 1 13 49 4 4 49 49 25 49 49 49 16 49 34 49 49 49 16 33 27 
49 49 36 49 28 10 24 13 24 46 7 49 12 49 45 37 21 9 49 1 49 36 49 9 9 34 49 18 49 43 3 0 28 21 21 12 2 15 32 16 10 10 1 40 27 16 49 49 49 25 9 19 21 15 36 7 21 49 49 49 28 
42 16 3 30 7 30 1 12 49 49 7 6 48 33 39 34 49 3 1 39 45 3 49 33 1 1 16 46 3 7 4 27 0 8 10 12 14 9 32 6 49 49 49 36 49 33 36 49 45 43 49 49 24 18 22 31 3 21 12 45 21 
24 49 48 13 49 49 49 25 49 10 12 49 13 1 49 42 4 12 40 49 49 1 48 19 3 19 12 49 49 49 8 15 16 0 22 1 13 16 22 31 34 40 49 49 34 31 43 12 42 43 49 36 45 6 30 49 31 49 49 30 6 
21 49 49 28 46 49 37 40 6 15 39 49 33 49 36 22 15 49 10 15 49 45 49 12 49 46 1 49 36 49 24 4 21 4 0 4 5 32 31 6 49 49 12 12 15 48 19 30 39 40 49 15 49 1 18 36 9 33 37 4 18 
3 43 9 33 33 30 25 36 49 22 25 49 42 3 6 24 49 49 49 49 15 7 1 45 30 28 49 49 45 1 26 5 4 24 10 0 14 12 6 21 28 42 49 49 49 10 7 49 36 49 49 49 36 21 49 49 49 49 49 21 18 
10 1 19 16 42 7 42 33 49 49 49 28 25 49 13 49 45 43 18 1 49 46 27 9 49 9 49 16 49 21 28 11 10 18 15 18 0 29 7 4 30 30 39 49 24 42 46 28 21 49 49 4 39 49 28 49 45 49 42 21 9 
49 16 39 49 31 45 49 49 10 33 27 3 33 45 24 49 49 49 43 24 49 4 49 6 49 34 49 40 36 15 27 3 4 26 6 11 21 0 7 11 49 18 49 49 43 49 9 45 49 21 40 49 49 31 49 49 49 21 25 49 9 
40 37 37 16 33 43 49 4 21 4 49 43 49 25 30 25 33 39 1 49 49 9 9 42 37 49 25 49 49 34 12 20 16 18 10 23 11 14 0 11 49 9 46 10 49 49 13 49 9 10 49 34 25 40 49 49 3 30 4 49 49 
33 43 49 19 33 49 24 34 31 18 34 49 6 15 49 12 19 16 3 49 16 49 49 49 42 21 4 37 12 42 27 22 28 21 18 32 26 12 27 0 42 49 9 36 24 49 49 49 24 33 22 49 49 25 49 7 39 49 49 45 49 
49 49 49 7 12 15 27 4 34 49 49 49 40 3 16 49 7 21 22 13 36 28 46 25 49 40 30 3 49 39 4 40 34 49 49 24 3 24 12 49 0 8 32 24 4 18 10 16 22 23 25 49 49 33 40 40 13 49 43 49 49 
13 18 49 36 45 27 40 21 18 39 49 45 49 6 27 49 12 9 10 49 49 21 6 49 6 49 9 33 49 28 49 24 21 49 40 49 49 9 3 49 7 0 29 25 4 12 20 24 32 16 49 1 39 49 28 45 49 15 19 4 49 
49 25 34 49 49 36 49 43 49 36 6 9 10 13 42 34 9 10 12 49 49 49 48 49 49 25 22 7 49 49 31 28 49 10 16 24 49 49 22 13 17 32 0 22 23 14 4 17 24 2 15 49 6 36 49 49 49 15 15 15 16 
13 49 30 46 16 49 49 12 49 10 49 3 18 7 49 3 39 21 24 49 30 6 49 49 28 45 25 49 21 49 13 49 9 49 49 49 43 22 49 12 14 8 9 0 24 6 0 30 16 13 24 49 49 34 19 4 49 49 24 49 39 
18 33 12 3 37 16 9 49 49 49 16 12 25 49 49 7 21 39 49 36 49 36 4 39 27 30 3 43 19 3 39 49 45 49 49 1 9 33 18 1 3 3 2 30 0 26 30 16 28 14 43 3 31 1 3 13 6 49 22 28 49 
49 21 1 24 49 49 27 46 34 28 48 1 49 49 40 18 49 49 49 6 49 1 49 12 49 48 49 33 49 4 28 48 49 25 49 36 49 49 46 10 12 6 3 14 30 0 10 31 6 30 49 49 49 6 18 49 25 49 16 49 1 
49 30 49 49 49 12 49 22 3 4 43 49 31 49 33 48 24 43 49 18 49 49 6 46 4 49 49 21 40 40 24 46 18 49 15 30 49 40 43 34 24 4 4 24 25 11 0 16 1 30 49 37 49 9 9 45 46 49 49 49 36 
49 25 31 46 12 31 16 37 12 28 49 46 49 49 12 19 7 15 34 34 18 25 12 49 39 40 22 28 36 37 24 25 4 9 15 9 28 49 49 49 9 18 0 13 16 24 7 0 30 19 49 15 48 49 3 4 39 15 49 42 24 
49 7 49 43 25 45 43 16 30 49 22 34 49 16 49 49 49 49 34 49 39 49 12 21 40 7 7 7 49 49 18 3 49 40 27 12 24 49 30 49 32 14 24 7 1 5 24 17 0 17 42 49 37 10 49 34 49 46 49 49 40 
49 49 49 49 48 49 49 49 49 10 43 49 4 27 10 49 37 34 19 37 12 4 49 37 46 6 49 28 13 3 24 16 49 18 49 49 13 33 49 49 13 30 32 28 8 28 30 10 18 0 43 48 19 39 16 49 25 9 1 49 15 
49 49 49 49 43 15 15 39 13 7 40 36 22 10 49 49 6 27 22 45 15 28 40 6 10 49 24 27 49 25 49 24 49 42 43 49 49 18 49 7 30 49 39 49 49 49 6 12 36 24 0 15 32 14 24 16 12 28 14 14 49 
49 49 49 34 39 49 49 48 22 33 18 39 4 45 49 49 24 49 39 27 46 49 12 48 49 49 13 19 49 25 42 28 36 15 33 49 49 49 15 43 31 28 49 34 49 49 39 49 30 12 27 0 19 32 23 24 12 27 10 24 49 
49 18 49 10 49 46 15 49 10 19 7 36 1 49 43 31 40 40 39 18 22 27 24 49 40 9 15 1 49 39 22 49 49 19 49 49 28 24 49 19 34 16 28 49 22 12 42 49 7 28 7 13 0 23 6 32 10 24 10 27 45 
49 46 9 21 48 49 27 49 7 6 49 24 49 10 49 49 28 49 27 49 45 49 25 27 36 49 49 22 42 19 27 9 49 49 34 9 31 42 22 13 49 28 39 21 21 22 28 4 19 4 21 4 32 0 28 18 6 4 30 26 49 
49 42 49 15 28 48 24 49 24 49 39 49 12 33 21 3 13 28 4 19 37 42 40 10 49 1 4 49 49 16 49 49 49 33 25 16 49 49 49 49 18 24 1 49 6 10 49 49 42 49 9 4 0 13 0 12 7 12 27 10 4 
6 33 24 40 21 3 49 49 19 49 49 49 49 12 49 49 49 15 25 45 24 46 49 49 3 10 49 6 49 49 10 13 39 34 22 19 49 25 49 45 49 13 43 49 30 10 45 18 37 30 10 4 21 20 28 0 26 30 12 2 25 
43 42 36 21 49 37 1 49 9 49 43 40 1 49 49 45 49 27 19 49 49 4 31 1 39 49 49 49 33 37 18 16 24 49 49 49 49 36 49 49 13 49 30 4 49 49 46 49 27 3 21 0 28 0 25 4 0 22 1 19 49 
18 22 49 21 3 22 49 4 49 31 21 49 48 9 49 45 49 43 1 49 28 43 49 28 27 22 19 34 49 21 31 12 12 28 49 49 45 49 28 24 7 30 28 10 16 36 31 18 34 28 20 22 23 6 24 26 28 0 2 28 36 
15 49 27 49 40 49 49 19 22 6 1 49 49 16 28 28 49 27 49 21 49 25 24 43 27 36 49 34 49 6 4 6 4 7 28 48 49 16 49 48 49 33 12 24 49 49 27 46 37 39 26 30 6 20 20 21 18 17 0 12 33 
49 10 49 7 12 22 49 12 24 6 25 42 36 22 49 15 12 15 49 21 25 10 49 28 49 22 28 4 31 3 33 37 37 49 3 21 49 48 48 22 1 49 48 10 48 3 16 49 34 49 20 4 21 2 15 14 2 3 6 0 37 
49 36 6 49 49 4 40 4 12 15 43 49 31 3 10 4 21 19 22 49 21 31 49 4 37 48 6 13 39 31 37 49 49 39 30 49 42 21 7 16 4 49 31 31 25 49 49 24 49 7 40 49 12 49 49 15 9 49 49 9 0 
