n: 60
m: 2
Pi:U[1-99] 27 98 29 21 67 84 89 32 94 47 4 66 60 73 51 92 4 77 19 25 72 86 50 83 37 23 71 94 94 67 73 75 10 59 86 75 24 77 64 56 17 75 15 8 81 30 8 98 97 52 52 99 93 36 31 57 11 18 4 67 
Si:U[50-99]
0 65 55 94 50 87 86 51 97 88 59 54 79 71 96 85 52 67 61 87 78 82 99 85 60 86 69 98 50 85 77 89 71 72 72 83 85 55 89 75 73 55 51 63 54 95 58 98 82 54 52 82 83 92 87 82 78 98 53 98 92 
70 0 81 53 67 89 72 56 62 70 92 63 53 94 96 93 92 76 71 95 65 77 57 93 51 90 55 63 79 81 73 62 92 70 68 62 59 74 50 81 86 84 88 66 92 98 66 84 74 87 76 50 87 79 56 76 97 55 83 56 91 
90 66 0 55 83 69 74 69 60 64 98 90 86 72 76 78 82 79 56 52 67 65 93 59 67 54 66 79 60 69 70 51 83 99 56 72 50 64 58 91 83 91 92 94 68 89 53 78 64 61 79 67 83 60 75 66 84 56 72 94 65 
94 91 75 0 87 61 80 98 80 62 67 53 83 79 78 84 62 88 84 80 96 54 89 71 77 94 65 91 96 82 71 81 95 51 98 88 74 94 87 76 97 70 76 97 63 92 82 52 85 58 79 56 96 62 74 76 98 89 67 60 78 
64 91 57 62 0 74 51 72 94 77 84 83 88 52 89 54 98 53 92 70 84 84 84 96 76 86 62 75 58 65 78 68 80 69 94 60 54 53 55 61 71 84 56 80 92 97 96 88 74 74 55 81 61 81 94 73 54 91 82 92 98 
99 87 91 91 73 0 52 60 60 97 98 90 92 85 52 55 87 62 91 61 62 56 78 58 96 50 62 97 74 78 54 73 83 55 65 60 82 82 91 93 84 87 58 75 81 52 61 99 79 72 89 67 93 69 68 85 69 89 64 54 91 
93 57 95 62 57 87 0 95 66 58 89 87 56 58 80 88 67 57 52 85 56 75 70 56 95 81 95 74 82 84 62 71 93 95 97 60 76 87 95 73 64 53 95 74 51 72 72 86 73 94 55 78 71 81 50 86 59 53 89 98 66 
51 67 51 65 61 82 84 0 55 76 81 78 91 76 87 82 77 66 65 75 76 98 63 65 82 76 83 87 69 51 55 93 82 90 51 81 93 60 61 86 84 90 86 87 80 62 72 60 68 55 56 90 64 71 56 84 87 51 52 52 57 
72 88 73 77 69 88 82 60 0 66 68 89 85 99 72 55 69 97 85 59 55 56 78 51 61 52 54 70 98 55 58 65 69 83 83 91 76 58 63 89 61 53 77 84 74 60 73 51 94 89 82 53 94 88 71 65 67 54 60 68 70 
94 60 67 60 98 90 92 52 87 0 53 61 66 71 84 88 94 97 73 51 76 65 55 55 93 80 96 69 84 65 75 58 74 62 87 74 87 58 80 71 67 74 85 77 86 53 87 94 90 79 57 72 95 57 72 54 82 93 53 94 62 
57 96 95 88 74 61 79 97 63 61 0 83 57 80 53 93 94 99 50 99 92 51 88 78 88 78 68 76 82 73 81 91 57 91 71 91 96 97 91 67 52 59 55 70 98 61 82 74 82 52 71 65 85 65 59 55 65 94 70 59 70 
79 62 92 98 57 54 63 85 65 52 86 0 89 84 54 86 89 90 84 82 69 72 95 69 90 68 93 55 65 90 63 72 98 58 66 67 73 66 91 59 62 87 57 87 78 85 86 81 96 72 82 62 88 62 53 86 76 66 77 60 50 
80 90 53 61 58 53 70 62 65 55 52 87 0 65 80 92 86 52 81 69 81 72 67 96 66 54 60 60 63 63 79 62 54 68 70 74 96 61 66 83 88 65 78 72 64 84 82 67 93 93 53 55 81 50 95 79 67 87 62 65 82 
70 86 62 67 96 94 96 61 55 91 76 98 88 0 54 58 85 96 80 52 83 73 70 65 95 62 75 60 82 59 78 89 68 55 80 65 53 57 64 82 53 58 74 51 98 53 80 60 87 70 90 80 53 78 53 52 63 78 57 95 89 
74 83 59 86 89 79 96 89 99 86 84 84 76 98 0 93 67 78 88 55 68 59 57 84 58 53 84 69 69 93 70 92 92 78 89 50 64 64 72 96 60 54 68 97 71 91 56 81 80 56 64 77 50 54 51 65 87 93 76 71 76 
81 99 65 68 85 50 63 95 51 89 92 96 87 76 81 0 85 58 75 55 52 61 63 70 91 78 59 96 98 74 50 81 71 64 55 91 77 73 92 69 92 53 56 69 64 69 93 68 92 82 94 90 89 58 60 69 86 99 75 98 79 
89 76 94 58 64 99 70 73 98 52 86 74 86 89 96 57 0 51 54 83 62 63 58 75 77 60 84 65 93 57 92 59 99 69 86 99 66 52 87 81 51 60 85 52 97 57 57 55 63 58 72 56 97 57 76 66 97 79 50 96 52 
75 84 85 83 58 92 92 66 93 52 97 93 71 89 80 96 73 0 99 75 72 78 60 84 79 84 67 96 76 52 60 60 70 92 52 78 56 86 71 71 79 79 73 79 88 57 65 81 66 75 79 99 87 72 99 68 88 68 85 99 72 
94 57 96 77 74 68 52 87 93 73 51 70 76 66 62 72 90 73 0 60 73 76 59 79 95 54 57 66 66 52 86 77 75 62 88 82 50 85 87 83 94 84 92 83 85 85 88 88 62 92 68 54 60 73 87 67 64 61 55 65 63 
80 75 78 71 96 85 50 80 67 93 61 74 79 66 65 82 73 64 97 0 97 88 81 81 63 53 73 81 54 72 52 56 66 95 72 65 67 97 71 57 52 65 60 91 82 58 58 99 56 97 90 97 79 77 55 74 67 67 52 84 56 
65 61 71 61 67 76 99 54 72 80 65 99 72 66 70 54 52 59 67 54 0 88 93 56 54 93 60 52 74 60 68 88 55 85 99 59 66 50 74 96 55 64 97 71 75 63 66 80 98 74 57 98 86 93 59 67 89 75 50 58 50 
66 63 90 58 89 61 90 72 91 61 61 89 73 70 99 60 98 79 68 64 74 0 58 53 94 88 86 54 93 60 72 77 97 60 94 55 87 58 91 80 99 68 69 69 88 50 85 96 78 56 71 82 97 67 98 90 99 96 94 70 64 
63 54 87 67 86 85 82 50 67 99 59 58 60 72 69 60 68 92 54 85 64 56 0 74 69 67 65 94 50 99 70 73 75 62 81 88 90 76 72 63 71 71 88 97 66 70 65 77 89 80 94 74 95 93 59 81 52 99 79 93 85 
55 95 87 83 74 91 78 52 90 79 50 98 86 73 56 71 86 73 58 99 85 93 64 0 88 69 81 72 65 62 66 63 85 76 77 82 95 69 66 79 92 89 61 76 78 72 74 79 51 84 67 52 52 58 82 60 92 81 98 67 64 
83 66 70 57 98 70 76 53 51 60 62 53 73 76 62 80 62 69 84 93 50 94 70 60 0 90 88 76 60 87 74 67 59 57 62 95 70 86 65 86 91 84 91 60 57 90 67 74 75 85 99 72 70 91 64 72 52 59 79 68 58 
88 65 59 85 66 59 71 58 56 52 71 91 53 86 67 79 50 89 85 90 77 95 55 78 84 0 51 73 87 56 67 50 86 89 68 91 79 51 84 66 83 81 55 77 79 75 66 87 66 81 57 52 72 59 52 70 78 52 82 83 87 
91 96 97 82 68 51 92 84 88 70 82 99 50 77 64 94 63 63 88 50 79 99 99 80 94 93 0 93 53 70 77 54 76 72 67 96 84 99 50 95 60 90 92 84 74 89 65 89 51 55 73 55 93 56 85 66 52 65 65 98 74 
52 80 92 89 96 85 61 91 94 82 52 70 84 61 74 51 62 52 78 62 59 70 86 78 62 51 66 0 56 52 55 72 96 78 64 78 56 81 86 92 60 81 71 60 76 72 62 66 92 95 68 50 83 98 75 72 62 67 87 77 97 
99 66 78 52 66 95 51 68 67 59 62 65 75 67 59 51 54 80 96 78 68 72 83 97 71 91 88 97 0 95 54 74 81 70 82 63 75 76 98 87 61 89 71 64 76 61 63 62 87 51 82 92 58 94 61 66 72 73 53 96 70 
86 95 53 61 85 83 69 88 65 88 57 98 67 69 76 57 54 93 75 81 56 62 71 66 56 77 91 90 54 0 88 56 54 50 62 74 67 81 78 71 95 74 81 93 62 80 98 55 63 53 94 62 77 82 88 84 73 57 76 65 84 
80 74 55 83 64 62 63 69 55 51 74 60 92 50 86 86 91 99 95 50 78 89 85 71 98 94 55 87 51 90 0 91 91 95 81 79 58 72 51 57 52 62 50 86 99 56 97 80 50 67 74 66 92 55 72 98 66 86 64 50 62 
60 92 59 54 50 81 87 61 80 91 89 97 93 98 99 63 93 64 52 86 87 81 56 74 81 65 52 96 93 76 61 0 62 70 61 82 95 60 93 67 89 91 79 62 93 67 86 54 94 89 70 51 69 52 74 69 84 64 94 79 74 
87 67 63 66 93 85 52 63 91 76 51 58 71 65 64 50 53 80 58 98 50 89 53 79 74 57 72 89 93 65 57 67 0 61 79 63 90 84 59 84 94 89 58 75 93 91 87 94 99 84 58 84 85 57 73 84 81 93 86 81 52 
85 53 81 67 95 90 73 82 57 65 91 73 72 86 71 74 63 52 61 88 66 96 97 79 80 82 61 87 70 67 91 62 51 0 67 91 65 69 55 82 70 96 56 52 53 99 68 68 71 50 94 72 75 63 76 69 70 96 90 94 71 
85 55 76 51 51 77 61 76 51 88 53 70 77 93 86 58 72 90 96 84 56 86 69 70 61 79 98 65 55 68 63 72 81 86 0 55 88 97 64 56 73 81 93 62 95 81 92 59 77 96 98 88 68 90 87 51 86 90 91 76 69 
70 84 59 83 67 66 83 80 92 73 91 77 53 99 90 97 87 75 59 74 50 56 68 59 57 58 98 75 73 95 61 64 59 92 93 0 67 78 51 78 82 79 73 85 93 97 57 99 81 95 54 92 71 69 85 81 79 93 69 77 68 
96 55 82 79 53 93 68 90 79 97 81 59 68 92 53 50 70 95 77 62 60 83 96 61 76 56 87 58 57 97 80 65 85 55 78 55 0 56 50 51 86 88 67 71 53 97 65 88 95 96 79 65 64 65 93 90 99 94 54 61 85 
82 59 64 81 68 76 54 91 60 61 61 52 60 91 99 96 53 72 75 80 75 54 65 81 67 64 76 53 73 72 86 64 94 60 90 92 50 0 93 68 66 72 56 82 66 95 92 62 60 91 55 80 83 87 89 54 74 57 72 99 81 
50 92 70 93 64 88 91 65 89 52 65 60 61 91 92 98 71 84 82 93 58 85 63 52 84 79 56 76 62 51 51 80 91 78 79 65 92 77 0 64 55 78 66 71 60 77 52 65 68 69 70 76 84 62 57 51 51 59 56 88 69 
73 79 68 61 54 75 64 86 96 83 50 73 76 78 98 90 75 92 80 62 59 76 52 84 54 53 62 88 88 57 54 51 65 58 72 68 72 76 89 0 99 80 93 97 77 78 50 55 53 65 98 50 64 88 64 67 92 86 76 63 52 
78 90 83 75 63 82 93 81 72 85 63 58 58 51 83 50 76 73 57 83 66 77 69 93 84 83 58 95 99 88 77 55 70 82 78 62 52 50 66 74 0 57 78 53 60 58 67 64 80 68 97 80 66 61 98 59 95 81 58 50 77 
69 93 62 83 60 78 74 94 53 84 62 70 63 67 74 82 83 83 73 72 61 85 64 55 94 62 97 98 50 87 92 77 69 89 74 53 56 85 51 69 96 0 68 83 51 73 53 75 66 60 76 67 77 69 78 93 83 94 77 61 87 
72 56 89 82 52 62 70 61 81 78 70 76 64 64 73 96 76 70 65 64 96 99 74 52 93 60 99 80 73 59 71 83 68 97 91 99 72 83 91 60 50 90 0 92 51 87 96 90 55 76 63 69 71 56 62 72 57 76 73 72 78 
82 58 85 95 51 62 56 69 82 94 94 61 62 58 51 53 50 89 72 57 72 91 75 95 56 62 76 55 82 71 99 90 72 79 85 55 98 85 52 95 97 95 75 0 78 61 56 98 53 90 68 86 58 63 79 76 96 60 74 76 96 
50 91 92 96 61 75 54 61 57 54 67 50 63 64 56 64 56 59 73 92 94 89 64 79 71 92 71 65 51 96 83 93 65 90 71 88 71 92 72 65 66 91 86 97 0 56 63 72 91 53 82 68 67 91 92 75 77 88 84 91 94 
71 93 67 50 85 75 86 96 68 72 91 82 64 92 64 55 89 91 54 50 68 67 87 53 86 81 72 78 83 92 93 75 66 86 68 95 72 97 57 93 97 74 84 65 91 0 98 71 64 66 64 60 71 78 54 60 78 51 53 90 96 
85 96 91 83 96 93 52 72 53 92 91 51 99 55 52 67 62 75 79 76 70 89 79 99 96 98 51 55 86 92 67 54 81 80 81 62 86 75 91 83 60 65 61 78 82 70 0 59 87 62 96 85 57 96 69 75 50 77 98 97 94 
76 75 51 95 87 83 56 81 53 61 66 66 51 82 92 62 88 72 76 97 92 93 92 91 65 65 72 74 55 94 76 77 94 90 96 88 94 91 86 83 56 83 83 86 86 52 81 0 67 81 68 85 80 59 74 59 92 62 70 70 70 
76 70 91 67 87 65 67 67 93 59 86 89 75 55 51 54 92 57 57 80 75 78 74 86 61 91 81 97 99 58 83 90 95 86 84 64 82 86 58 56 82 77 89 91 75 86 84 91 0 82 51 55 86 94 90 95 68 78 54 60 75 
70 68 59 57 78 87 96 53 78 51 59 53 78 99 74 71 72 61 86 61 88 91 51 69 74 75 54 81 60 73 80 96 85 68 85 75 80 68 83 73 61 74 54 93 67 59 63 66 63 0 57 52 93 62 78 72 86 60 65 89 94 
71 91 75 77 72 94 78 83 55 70 66 76 98 69 69 54 76 62 63 76 99 92 85 54 57 64 64 73 98 73 78 96 76 71 60 90 60 86 62 93 88 50 52 96 61 95 56 55 87 76 0 71 69 81 68 55 80 68 77 65 80 
59 63 65 92 87 97 85 51 55 69 88 77 53 69 52 70 88 68 70 95 88 50 79 59 56 81 54 63 72 93 95 65 86 50 59 82 56 75 66 55 69 89 91 62 76 80 97 58 72 78 59 0 68 76 72 59 89 55 76 59 54 
61 99 71 99 84 95 81 84 59 62 68 92 76 95 51 82 55 94 79 59 88 54 79 87 72 98 97 81 52 63 93 93 73 99 82 90 69 78 63 73 79 87 54 83 71 90 90 99 56 59 87 87 0 68 55 78 96 52 78 92 99 
79 96 62 83 59 67 61 97 53 72 62 52 60 97 78 70 69 63 88 94 65 63 93 77 99 83 68 99 92 71 97 80 90 78 82 50 76 95 92 86 87 81 65 57 65 66 98 92 53 61 98 53 79 0 56 76 54 71 52 77 93 
80 93 62 86 82 96 51 97 78 96 70 81 88 81 75 79 86 68 55 81 58 86 53 73 95 76 96 78 62 63 99 75 99 50 90 52 54 95 63 90 50 76 76 55 92 53 67 53 86 54 63 88 78 89 0 86 56 78 70 71 86 
65 64 59 50 58 73 52 78 92 67 55 95 75 70 54 82 91 92 70 55 67 53 63 71 83 79 92 73 92 98 87 63 83 72 60 53 95 69 76 61 80 60 97 82 98 73 93 84 52 70 62 75 69 87 81 0 84 76 88 50 63 
58 88 63 54 96 51 50 60 59 74 78 72 91 70 71 54 96 84 64 73 98 81 65 50 60 84 93 65 50 94 67 69 90 88 98 76 90 89 76 63 89 90 93 93 79 63 92 70 93 53 83 98 69 82 76 81 0 78 67 82 75 
90 50 75 72 66 68 90 74 96 56 80 61 86 52 91 79 73 61 72 83 87 55 84 53 68 88 69 71 50 78 58 95 81 86 74 51 60 63 65 89 73 69 99 52 72 63 93 56 52 91 59 82 51 68 74 99 71 0 70 92 99 
97 52 72 71 98 88 76 67 59 99 64 59 75 99 89 71 90 90 61 70 53 59 62 51 62 74 77 88 67 92 72 89 82 84 50 90 69 91 56 66 78 81 90 87 85 75 98 74 68 57 85 62 51 76 74 83 69 95 0 57 51 
99 50 70 54 96 84 90 61 59 73 98 79 82 81 51 82 75 52 63 73 68 92 65 63 56 65 69 86 60 76 81 97 98 88 68 77 83 74 50 89 82 75 79 72 64 71 97 95 68 53 59 66 61 56 87 65 71 64 80 0 99 
85 77 87 99 61 57 54 69 69 69 89 51 88 84 58 73 81 76 84 57 73 60 72 70 81 50 80 99 60 86 60 53 70 93 93 74 84 60 95 62 63 97 78 51 65 67 96 57 65 83 91 72 65 89 86 55 95 71 74 56 0 
