n: 60
m: 4
Pi:U[1-99] 20 91 92 41 25 12 27 74 95 46 88 69 64 29 99 69 17 56 22 59 22 90 1 60 51 23 17 41 4 97 70 81 61 45 84 47 68 56 60 37 84 81 87 75 48 4 80 67 82 13 10 23 98 51 99 40 64 72 19 66 
Si:U[50-99]
0 51 58 94 82 82 92 83 65 99 94 68 89 92 67 60 57 88 88 81 68 84 85 88 92 75 62 63 92 88 71 54 68 56 73 81 75 51 94 94 54 53 91 51 91 69 87 80 53 63 64 75 95 65 65 97 66 57 97 98 86 
99 0 56 70 52 71 50 97 73 79 97 73 80 93 51 61 58 70 65 56 72 90 70 69 87 56 52 75 90 92 87 98 73 86 98 90 84 91 93 87 64 67 97 51 78 63 74 99 69 72 81 85 58 80 73 89 64 87 74 71 99 
65 91 0 56 64 59 57 57 71 82 92 94 53 62 52 60 70 61 94 51 74 96 93 87 64 83 96 71 80 81 83 85 54 52 73 61 99 57 72 55 95 72 71 91 66 88 72 68 93 64 86 88 83 68 74 78 79 91 76 53 85 
71 87 75 0 95 78 99 78 91 98 63 64 99 78 53 91 98 80 95 55 84 84 97 74 91 65 70 98 56 70 88 89 71 72 75 88 68 82 83 89 67 70 72 72 68 66 91 93 94 91 86 58 63 81 90 82 92 58 56 73 74 
74 73 64 89 0 91 91 77 76 61 67 83 78 56 58 82 63 99 74 53 85 97 70 66 86 66 87 86 96 61 77 84 51 57 71 84 65 53 92 77 73 79 81 80 81 79 75 91 51 59 95 93 92 98 88 87 99 83 58 57 65 
90 65 77 55 80 0 82 55 99 71 76 66 95 66 62 99 71 98 91 66 76 87 60 76 89 90 73 62 97 58 68 85 97 80 50 71 57 55 53 94 90 93 76 77 92 54 54 75 82 87 57 62 64 79 69 87 97 91 87 85 96 
62 66 89 72 77 98 0 83 78 71 67 55 64 78 65 77 94 87 77 57 77 55 74 63 97 97 50 91 97 81 69 90 89 80 90 76 85 52 78 51 71 66 52 67 66 67 84 65 84 86 80 87 78 52 75 81 99 78 93 66 51 
97 97 91 60 72 50 88 0 60 75 51 65 80 70 57 98 80 99 91 65 67 57 66 73 68 98 87 82 90 81 82 82 72 86 53 98 72 67 98 75 70 72 51 78 72 62 96 70 89 96 92 91 70 70 92 73 81 88 95 87 90 
63 70 93 86 97 86 62 83 0 76 96 54 64 57 52 92 50 51 95 93 95 62 80 77 66 83 68 97 53 95 81 68 58 51 75 86 99 81 64 64 86 94 99 96 94 99 57 64 61 98 66 93 87 79 81 79 72 74 63 54 76 
74 97 99 73 96 75 81 65 65 0 57 68 75 74 80 55 66 88 76 59 80 58 63 95 86 99 57 51 55 58 55 51 78 81 95 92 98 69 79 92 83 64 90 76 56 66 64 79 51 56 93 75 92 86 73 99 91 53 63 69 99 
74 69 77 79 72 86 98 64 96 53 0 85 59 89 87 75 76 56 75 65 72 96 77 84 72 69 94 80 62 76 57 58 89 76 86 88 91 65 90 59 84 82 65 59 67 73 93 92 71 71 54 58 97 72 67 98 56 92 75 89 94 
56 50 77 74 61 74 70 73 85 89 68 0 96 82 54 60 55 65 85 93 80 84 64 92 97 52 57 94 54 67 74 74 83 69 86 71 74 87 88 62 57 70 72 55 93 96 89 84 50 65 99 68 61 87 60 97 55 57 53 73 94 
92 58 86 91 68 60 53 62 54 80 68 50 0 56 56 93 61 94 64 86 65 98 95 73 81 63 70 70 52 96 91 65 88 92 76 69 96 50 90 56 94 71 66 62 80 93 99 78 79 51 67 85 73 58 51 89 82 67 84 50 67 
73 76 58 83 78 82 84 74 96 73 80 56 68 0 76 79 54 63 56 75 55 85 75 84 65 70 68 87 82 95 66 74 54 72 53 81 74 64 77 97 86 72 95 81 96 57 58 50 95 90 85 62 51 71 90 65 54 71 50 87 59 
50 66 97 67 86 61 81 53 72 93 83 84 58 99 0 62 54 81 60 79 76 65 95 61 78 81 76 58 79 57 76 83 65 96 88 85 52 93 92 65 58 74 55 80 96 71 75 75 57 85 94 86 63 97 72 91 69 88 60 95 96 
57 80 65 56 75 56 90 68 55 93 70 58 88 84 66 0 60 88 51 97 68 69 91 79 50 96 56 96 85 97 85 90 70 51 53 89 75 84 68 89 50 78 67 88 59 51 64 95 78 72 75 76 90 63 62 52 96 75 93 74 57 
99 65 73 72 77 78 88 60 80 71 94 68 61 74 77 69 0 91 76 98 86 69 63 59 73 78 50 75 69 81 84 91 57 63 57 95 57 55 77 84 63 88 62 96 93 91 86 80 82 95 90 95 92 51 87 92 96 73 78 99 67 
67 98 91 95 61 52 63 60 70 71 89 54 55 50 94 96 59 0 95 89 51 56 98 60 96 53 95 96 99 99 70 76 61 59 99 78 99 52 74 98 94 87 59 61 59 89 67 96 64 66 92 89 81 51 60 65 74 58 66 95 90 
94 59 88 59 59 92 82 72 65 90 95 98 69 70 70 59 77 76 0 80 88 68 62 66 95 58 97 87 72 55 99 52 65 59 86 87 93 89 61 96 93 71 69 57 97 50 77 82 97 58 79 63 94 92 67 91 99 97 75 99 84 
79 83 74 54 81 65 79 89 71 78 60 97 54 73 87 67 56 80 50 0 69 77 77 98 65 85 87 75 98 87 66 85 78 73 65 65 79 90 85 92 79 50 58 85 73 68 54 57 76 51 96 74 50 57 66 62 89 74 67 53 78 
93 50 83 92 87 61 98 54 59 51 52 69 52 78 85 52 59 86 95 74 0 93 85 52 98 90 82 72 81 75 76 61 85 85 53 70 77 85 99 83 80 60 74 76 50 64 87 71 75 63 89 98 58 92 55 98 91 69 78 84 52 
58 80 71 85 71 70 86 83 68 69 59 88 73 72 66 60 98 57 55 81 76 0 99 88 64 66 62 52 55 74 55 55 89 91 70 51 99 54 72 74 56 56 78 57 89 69 82 61 78 96 91 80 96 86 86 57 88 60 94 69 82 
88 80 97 54 84 57 97 62 63 54 93 82 73 66 50 50 59 68 66 99 72 60 0 91 63 64 63 65 82 53 80 86 58 87 58 67 87 73 78 89 59 90 61 80 51 84 75 62 92 62 84 89 99 86 96 59 61 72 98 90 85 
67 86 82 57 93 60 78 84 58 56 92 83 65 86 70 88 50 58 55 54 97 79 93 0 65 98 57 77 57 65 70 55 86 67 60 77 69 84 70 81 95 67 98 96 62 86 68 56 57 55 61 82 93 81 83 68 69 88 58 88 82 
98 93 75 78 95 96 93 91 89 82 60 78 62 51 98 79 66 98 54 88 71 67 97 58 0 78 83 85 78 67 79 71 65 79 52 86 78 53 98 63 97 85 51 70 50 69 57 72 97 91 89 84 73 91 59 78 89 51 91 93 96 
74 85 64 93 78 76 72 91 73 82 99 69 76 76 82 58 58 74 75 87 63 92 87 72 51 0 65 86 87 73 79 97 52 71 63 80 53 72 91 99 57 96 94 98 53 80 73 89 73 58 97 81 52 51 96 99 67 81 68 86 94 
67 65 90 81 59 70 57 75 87 91 98 86 61 53 88 51 65 50 77 72 95 99 81 51 85 94 0 81 98 82 56 56 67 64 60 95 74 53 53 99 92 90 62 58 91 96 97 52 78 82 61 91 50 77 63 57 65 66 60 54 54 
59 67 86 85 98 95 96 75 58 88 54 50 64 60 72 89 60 60 80 84 90 91 67 64 88 60 50 0 92 52 95 83 91 79 98 82 70 64 51 70 76 60 57 83 56 66 50 99 66 81 95 68 99 75 65 57 84 92 74 75 93 
74 95 97 66 57 72 99 50 65 52 75 56 82 60 76 77 94 68 83 80 89 52 62 92 54 51 75 58 0 98 54 59 65 75 76 82 65 53 98 98 86 57 52 83 51 55 93 55 69 77 53 66 63 51 70 96 62 58 92 86 84 
51 67 53 73 97 73 51 52 68 94 73 71 98 84 62 51 97 65 58 72 96 57 55 54 98 82 93 63 92 0 98 76 81 75 86 68 55 72 86 99 71 63 61 98 78 85 53 59 91 76 94 98 73 66 76 53 53 97 76 94 76 
58 75 83 51 78 63 80 82 86 90 91 71 74 68 95 51 97 90 50 93 56 93 98 69 64 69 84 97 85 95 0 61 63 78 55 54 54 83 94 89 63 72 57 69 61 62 58 68 57 68 60 69 71 98 67 98 74 58 87 83 85 
69 80 64 67 85 51 91 91 99 81 54 79 70 53 86 99 68 57 56 58 62 98 86 76 59 77 59 95 67 54 92 0 65 52 82 70 87 74 77 62 75 78 67 96 56 62 64 51 54 57 83 53 70 77 75 65 86 53 99 79 89 
91 86 50 54 71 66 85 84 78 67 51 88 54 92 92 75 84 66 69 70 80 66 92 72 54 60 95 73 83 69 99 95 0 92 72 63 83 75 86 65 67 72 70 83 79 85 93 81 82 82 95 93 52 81 81 70 76 50 74 78 88 
91 80 70 58 93 54 89 57 63 78 81 99 87 87 66 62 66 57 70 99 82 72 74 98 79 71 61 66 75 92 82 79 98 0 85 78 72 56 52 79 75 75 83 99 92 50 65 76 84 74 88 50 53 94 65 71 71 56 81 90 80 
57 62 74 72 81 96 87 69 67 71 91 86 70 71 70 87 86 66 69 69 72 66 67 74 75 92 88 52 88 79 87 93 58 84 0 60 79 72 80 81 76 59 68 52 84 69 95 82 83 92 58 81 66 80 95 75 50 60 72 80 59 
70 52 69 90 94 81 99 69 91 92 98 70 62 90 58 63 73 67 86 75 84 70 94 94 88 87 77 75 79 58 98 66 92 67 64 0 57 62 91 71 94 81 73 81 76 60 62 55 74 51 54 88 97 85 99 92 82 69 52 53 62 
91 98 50 96 95 50 64 84 82 95 92 72 94 57 70 76 77 96 50 65 60 52 93 97 73 61 66 93 86 92 51 66 94 50 82 81 0 76 93 90 75 77 82 88 79 54 84 87 80 51 57 78 96 62 57 90 69 62 66 63 77 
51 66 76 67 71 52 88 89 76 93 80 54 91 56 70 98 71 88 76 64 80 72 94 51 78 71 82 98 60 59 61 96 71 64 86 59 69 0 53 70 87 58 75 51 61 61 58 56 90 82 77 60 60 86 70 82 71 91 62 53 94 
93 99 70 69 62 58 68 91 71 96 96 52 96 91 69 87 84 90 94 64 72 72 52 79 84 91 98 59 98 61 85 51 81 58 84 64 96 81 0 55 84 99 63 62 82 81 63 92 82 71 56 98 97 93 58 54 87 99 83 77 79 
60 51 93 68 68 66 51 70 65 82 86 98 69 90 58 80 72 53 95 52 90 69 75 96 85 53 75 65 74 63 89 91 65 90 64 55 67 99 90 0 51 82 88 90 64 97 52 57 50 54 72 70 89 68 98 89 88 66 59 82 89 
79 76 58 96 75 99 62 51 94 98 87 58 79 97 68 89 68 72 63 86 73 97 98 85 60 52 70 92 85 72 92 50 61 84 75 77 88 59 54 70 0 84 58 75 84 60 69 66 86 90 73 50 81 81 75 84 94 66 72 99 61 
74 53 64 66 84 82 97 58 94 89 96 93 84 98 84 65 98 87 54 58 70 94 97 87 68 55 76 98 81 93 94 94 70 61 56 84 89 79 96 97 73 0 58 76 89 65 71 50 60 54 76 52 50 50 66 63 91 52 95 63 53 
99 74 57 85 60 98 96 89 88 66 54 85 94 57 75 98 78 61 96 72 78 86 59 76 88 77 75 53 60 99 58 57 79 94 58 57 81 60 54 59 61 86 0 98 86 78 86 57 87 69 82 73 86 50 61 91 89 58 97 91 97 
64 81 77 76 68 57 76 78 79 51 99 60 88 59 86 87 75 63 73 60 84 77 79 56 73 58 81 84 59 65 85 61 96 76 80 87 55 61 83 54 91 60 91 0 62 90 60 77 55 66 82 62 69 87 92 95 75 60 81 59 92 
54 56 90 74 71 78 57 99 55 83 70 94 81 57 66 51 84 75 50 81 66 71 65 88 71 99 67 64 61 67 76 60 53 63 57 56 85 73 80 54 57 83 86 69 0 87 81 91 98 77 80 68 93 76 54 93 84 87 76 69 63 
95 92 92 93 76 79 60 78 91 61 72 63 89 67 88 86 67 87 58 68 82 66 80 82 76 88 71 95 81 59 54 74 53 96 65 57 88 65 77 78 70 83 62 63 77 0 72 69 58 57 64 97 53 82 82 86 63 55 51 76 88 
79 85 55 96 64 55 67 90 83 50 96 57 59 51 94 61 75 79 76 80 83 51 80 85 68 89 63 55 69 92 94 97 90 80 83 92 57 55 95 73 90 57 69 87 51 50 0 72 84 83 89 56 50 65 92 76 57 75 79 92 76 
82 78 57 89 86 70 84 75 68 50 67 52 66 72 50 91 98 66 50 66 50 89 98 61 57 62 89 96 93 55 96 85 62 92 52 55 61 57 92 68 93 65 72 52 82 58 60 0 57 96 90 84 69 78 69 93 79 67 50 51 68 
76 62 65 70 80 71 96 89 66 59 85 84 93 59 86 60 73 84 76 80 73 64 66 83 97 55 68 62 69 50 78 50 57 84 70 70 59 95 60 55 51 61 80 61 88 84 86 75 0 76 69 64 82 69 56 55 76 56 62 89 80 
73 76 93 68 85 76 90 55 72 74 62 98 82 66 75 63 74 97 99 99 84 60 64 78 69 76 51 81 78 74 84 62 88 92 89 71 87 88 67 77 62 77 60 90 99 76 52 85 68 0 88 89 58 99 84 62 71 93 93 56 83 
86 62 61 77 71 78 85 52 94 81 63 54 97 79 54 89 75 81 51 93 88 52 53 63 84 73 71 65 80 58 84 86 76 66 92 58 73 64 94 59 83 76 68 78 63 55 59 98 93 53 0 71 78 87 59 65 79 82 97 64 71 
96 87 84 51 96 83 69 58 86 70 80 85 88 93 67 77 88 65 50 67 57 96 61 91 88 59 90 79 50 84 90 56 57 66 55 98 60 65 80 50 57 64 88 98 58 55 82 99 67 59 61 0 54 68 77 80 66 89 93 97 99 
81 60 74 92 58 63 63 68 99 94 61 54 58 79 91 50 54 89 61 74 60 90 78 82 69 64 55 86 64 69 79 91 75 74 74 68 98 56 58 61 59 66 59 57 53 67 60 55 96 67 88 65 0 90 59 52 89 53 98 72 95 
70 79 83 60 79 71 92 75 64 98 85 65 64 52 78 76 60 64 82 66 78 95 75 89 85 85 94 73 85 95 97 68 65 74 62 62 86 73 85 83 61 83 59 87 53 85 72 78 58 75 76 86 81 0 57 95 65 71 94 69 67 
54 87 55 61 85 79 94 89 53 80 71 75 90 61 61 52 95 83 64 69 50 81 84 51 84 56 93 53 51 96 63 62 96 76 66 89 65 53 65 80 77 54 70 85 65 74 95 79 69 58 77 86 91 62 0 77 62 68 79 98 76 
95 50 63 62 59 93 71 84 60 90 99 63 94 57 52 71 63 64 78 57 64 84 97 79 87 62 93 84 83 81 86 55 57 74 54 94 67 73 59 90 93 66 56 56 68 99 65 88 74 92 90 61 74 75 90 0 62 83 98 74 99 
69 88 74 88 66 61 95 84 89 76 96 59 52 86 59 64 76 84 83 95 54 82 85 81 70 67 95 94 58 99 85 52 53 80 55 53 93 73 59 63 59 55 86 93 62 62 95 50 95 90 70 64 85 50 81 77 0 99 74 67 72 
82 70 74 72 96 50 56 75 55 67 76 79 82 80 77 76 88 66 82 70 92 56 90 62 61 83 87 85 59 95 60 56 50 78 87 98 61 82 60 66 84 94 98 79 60 96 78 81 69 67 91 92 57 73 67 94 70 0 74 55 87 
67 72 93 69 97 74 50 52 70 94 81 70 70 86 89 89 65 92 79 77 82 94 78 68 96 77 90 81 74 77 88 83 85 79 81 73 75 67 79 80 79 63 64 96 87 57 94 56 54 87 62 58 64 56 64 57 73 72 0 53 52 
69 72 65 97 67 69 69 77 76 85 77 89 85 56 78 80 54 79 64 51 59 58 87 72 75 78 74 99 76 76 73 54 70 68 84 81 92 79 86 50 95 89 75 90 57 71 76 92 84 55 80 62 60 68 91 90 88 64 81 0 70 
63 57 68 61 97 67 50 69 72 56 92 97 70 85 60 63 88 60 89 70 51 74 75 52 87 85 58 56 82 85 85 84 84 96 71 50 92 64 63 66 83 77 98 66 50 85 87 97 86 63 91 96 72 79 97 88 65 97 76 73 0 
