n: 60
m: 10
Pi:U[1-99] 45 12 35 58 6 18 84 9 16 35 60 5 31 71 46 82 75 38 99 18 35 31 86 86 81 1 61 88 30 1 6 44 53 57 8 84 55 77 29 26 53 37 49 99 88 3 45 33 15 8 25 25 58 40 18 88 9 39 64 69 
Si:U[1-99]
0 20 9 9 35 20 34 39 68 54 93 29 45 68 63 94 67 82 17 64 55 43 91 43 41 72 30 68 74 84 94 89 97 44 87 76 55 78 44 7 51 68 10 36 12 96 40 3 91 39 44 14 72 86 61 15 81 93 37 90 41 
58 0 99 58 34 95 41 60 17 5 47 24 77 78 63 11 91 71 57 90 65 97 95 43 22 78 44 90 64 29 59 30 92 4 83 68 34 82 13 80 39 3 80 15 13 41 62 20 19 51 63 85 92 80 27 80 26 77 22 64 77 
64 66 0 60 76 57 2 37 58 85 93 29 82 52 21 73 45 91 30 1 22 48 20 81 6 76 43 80 46 69 41 44 55 40 23 44 40 22 81 40 86 52 81 8 45 21 66 82 15 13 92 44 22 16 5 58 2 51 12 23 86 
11 36 77 0 47 70 39 83 21 88 52 69 43 71 31 34 94 14 27 5 10 52 6 41 1 37 81 52 48 19 58 87 96 68 7 75 84 50 53 20 71 49 42 84 13 44 84 93 39 8 33 63 80 84 82 86 57 94 62 88 45 
83 50 96 32 0 58 3 85 5 14 37 78 85 97 52 44 83 11 30 35 88 18 96 62 45 16 20 46 89 77 59 56 8 93 78 56 7 46 49 77 12 35 50 19 19 8 49 73 2 24 77 84 70 30 10 44 96 24 8 25 98 
39 31 45 21 22 0 33 21 75 14 97 11 23 38 58 57 53 5 81 31 43 39 66 97 21 85 84 13 49 9 41 27 4 47 4 39 97 52 6 86 84 6 18 57 22 29 71 70 9 82 19 51 5 89 33 50 54 64 8 76 9 
31 59 5 85 24 93 0 22 94 81 16 44 42 28 5 15 2 60 77 86 45 64 99 93 58 65 8 45 8 7 50 25 7 11 81 44 58 88 70 69 51 24 76 2 82 41 79 65 85 86 27 75 17 15 56 71 28 91 37 32 65 
31 47 36 67 94 80 61 0 91 99 52 31 79 64 56 70 4 17 32 20 84 33 59 56 55 82 40 15 20 12 79 11 40 71 72 17 95 18 26 84 72 97 58 99 67 34 6 12 66 43 89 63 35 93 41 53 81 29 3 76 19 
21 48 63 8 74 83 92 28 0 37 68 62 11 10 24 6 42 49 86 75 92 64 12 96 25 13 22 91 67 50 80 77 74 30 12 82 77 64 48 1 45 91 14 1 74 11 28 89 46 92 36 91 77 73 57 82 58 40 42 74 21 
99 24 76 66 18 27 13 77 96 0 68 3 74 73 78 61 82 10 82 41 91 39 94 90 93 22 44 4 43 43 65 80 70 98 36 2 53 19 57 87 35 58 38 60 73 4 84 9 17 44 66 1 23 4 15 83 28 16 29 14 37 
69 38 62 57 74 81 90 38 20 80 0 42 97 24 48 22 78 28 51 22 62 60 80 20 77 50 88 97 26 89 39 90 86 87 37 90 27 55 15 93 69 99 73 24 53 89 55 17 48 11 37 68 54 20 46 92 34 65 51 47 93 
30 70 78 52 41 62 30 90 78 8 74 0 73 53 39 87 41 61 87 38 8 5 9 91 59 42 89 98 5 78 11 94 14 79 44 72 98 76 95 18 13 78 22 20 68 92 93 76 36 47 31 45 24 40 20 87 11 50 50 12 38 
36 7 57 98 64 9 60 36 66 48 97 98 0 98 25 24 1 18 27 22 88 33 99 6 48 3 57 33 1 14 25 49 23 97 72 59 14 14 36 67 37 24 77 5 80 92 72 24 59 70 44 95 41 16 33 10 91 6 85 15 4 
29 45 4 31 38 61 68 61 37 36 24 4 35 0 22 68 17 91 63 33 96 24 10 27 25 60 37 39 88 66 39 26 90 6 86 28 95 52 96 72 9 92 6 48 73 71 55 38 65 84 53 39 67 4 38 3 28 74 8 60 39 
8 73 75 15 79 73 83 87 44 47 92 71 88 97 0 19 64 91 58 38 95 85 27 18 31 49 34 40 24 65 92 24 1 13 19 98 62 54 75 81 68 66 58 8 14 42 51 19 4 53 17 74 27 45 39 80 92 59 13 85 48 
80 49 16 80 73 66 5 48 4 26 6 39 5 3 1 0 97 90 16 65 7 1 8 89 58 99 56 43 89 10 41 2 39 13 69 93 88 74 66 17 77 45 45 44 80 91 12 1 88 98 77 98 79 36 29 56 23 25 31 33 81 
90 27 66 82 85 61 64 2 14 96 64 21 69 13 63 3 0 88 94 96 23 66 67 42 67 18 45 70 19 70 45 21 2 63 60 9 4 32 81 38 52 40 15 33 61 21 81 43 3 94 59 85 57 76 25 61 22 39 35 65 91 
4 4 58 94 82 63 88 74 49 51 19 23 43 75 14 37 53 0 21 97 52 97 64 52 50 79 75 32 43 65 98 48 75 38 23 68 24 85 8 49 44 97 27 87 83 87 54 37 13 93 34 2 78 97 71 30 74 10 59 97 87 
87 82 64 13 14 27 43 50 39 28 4 68 27 43 54 13 62 95 0 78 6 5 60 46 18 35 22 61 30 5 4 44 52 31 63 64 72 85 27 26 19 82 56 78 91 99 71 19 64 42 8 56 47 44 94 63 39 11 63 61 46 
43 93 38 66 73 90 76 34 48 71 71 2 89 22 69 87 39 24 58 0 74 4 14 33 58 69 7 62 45 70 36 41 97 7 79 58 94 82 55 94 65 27 98 67 59 46 96 92 7 26 48 10 20 89 76 98 99 54 15 47 47 
20 27 89 40 80 38 70 26 59 45 93 88 79 52 69 21 78 24 90 28 0 73 74 28 74 25 89 74 3 34 6 37 26 53 22 58 77 21 90 11 2 92 83 55 68 89 1 16 68 3 95 13 79 37 72 65 25 14 1 96 50 
68 99 35 97 5 89 73 70 58 17 74 45 99 50 10 72 20 38 49 52 67 0 45 12 50 92 73 86 85 24 75 84 50 1 52 95 27 90 82 98 90 4 96 90 13 63 30 24 18 58 97 69 36 64 75 61 96 59 81 28 1 
4 54 15 41 94 3 7 14 3 52 60 93 80 7 56 6 93 54 37 29 55 51 0 1 60 34 45 8 39 13 76 38 78 89 30 91 38 13 92 41 51 70 62 72 7 3 1 99 86 12 54 37 97 18 33 72 79 2 83 9 95 
10 19 58 39 95 75 64 25 80 62 18 36 94 45 64 35 65 25 44 91 53 66 69 0 33 88 10 34 13 84 42 55 31 92 53 65 14 4 17 80 48 18 20 66 49 44 81 15 63 78 57 90 99 83 58 14 55 33 26 98 83 
38 72 43 62 10 64 57 59 52 98 36 23 6 93 93 38 99 40 82 12 38 76 85 98 0 79 44 75 18 81 61 46 41 2 72 72 15 90 87 18 87 30 50 55 56 66 17 5 97 32 89 43 82 21 63 95 11 13 30 79 73 
80 4 65 84 33 87 33 82 32 5 63 92 26 66 30 54 37 89 60 82 41 62 4 34 22 0 80 77 46 87 43 41 8 53 6 72 96 99 94 42 18 95 58 71 25 61 93 86 18 76 89 83 84 13 14 72 60 32 52 33 18 
15 31 30 11 95 14 90 98 38 85 20 12 17 89 3 37 16 29 72 79 40 56 25 39 89 65 0 96 59 96 18 46 38 67 96 56 23 32 25 47 93 57 27 1 47 56 97 50 70 40 72 51 64 63 83 23 38 27 73 55 59 
35 51 73 55 13 87 40 12 51 88 52 26 5 19 13 96 31 65 19 16 66 17 84 80 79 33 64 0 3 84 43 56 29 97 69 65 46 56 64 7 53 98 6 65 66 61 84 64 91 27 42 84 84 5 24 29 88 63 90 47 57 
11 20 5 23 30 4 41 65 87 19 37 54 28 77 68 19 79 9 21 21 66 99 42 20 67 75 96 99 0 56 42 19 31 49 18 5 28 67 77 80 55 84 73 73 65 27 94 95 46 68 43 69 44 99 29 60 89 72 54 55 34 
96 75 84 1 44 99 78 41 95 46 77 31 6 15 77 55 16 22 91 17 52 87 37 19 14 50 75 58 40 0 84 12 17 6 85 18 60 1 38 85 66 32 13 40 84 62 7 12 39 46 36 45 55 8 74 80 39 74 74 64 32 
14 18 92 84 53 89 21 33 35 44 3 76 99 46 45 81 46 49 23 31 81 54 36 29 86 61 81 46 57 50 0 31 49 76 19 61 20 12 18 5 46 34 39 35 72 46 98 61 93 77 6 31 23 36 15 37 66 28 87 79 35 
1 21 13 19 27 87 16 80 82 65 18 56 41 93 66 58 67 23 20 57 64 37 83 4 65 70 91 90 45 8 84 0 41 82 98 17 24 58 69 68 29 45 59 8 58 93 87 37 54 54 56 20 30 74 47 47 4 95 22 44 76 
23 50 67 38 54 64 58 97 79 34 43 15 47 86 55 50 43 2 63 6 71 45 5 73 67 24 80 70 8 94 55 44 0 67 67 27 81 48 40 55 7 94 92 92 41 77 64 68 97 97 47 56 73 16 67 6 96 23 23 36 51 
94 10 60 36 76 54 51 43 44 80 78 64 9 86 28 36 97 46 12 29 19 71 39 96 64 3 28 17 99 64 69 99 60 0 85 62 42 62 53 58 19 5 45 62 40 60 57 31 72 62 12 4 44 19 33 74 39 37 60 59 11 
32 18 24 57 91 68 63 11 29 98 22 72 97 76 88 10 73 60 50 55 82 58 88 39 48 48 16 68 94 60 46 2 23 35 0 44 45 28 2 23 42 66 92 91 30 76 58 51 54 91 38 92 72 65 73 74 38 19 64 15 87 
1 73 18 83 23 81 84 45 41 20 59 84 83 20 86 58 97 51 3 60 10 70 57 93 6 22 15 60 9 45 33 88 25 2 15 0 50 77 83 90 30 50 80 8 19 67 12 62 2 70 76 96 79 32 31 26 22 53 90 90 4 
94 43 13 91 26 60 11 54 42 2 26 40 98 12 97 30 51 8 74 71 16 48 11 38 9 33 79 39 64 71 1 43 78 84 55 74 0 76 1 91 54 17 90 30 29 3 80 82 74 3 9 40 84 51 41 18 8 61 31 18 90 
7 32 37 2 46 65 97 43 2 96 1 73 53 95 8 17 10 62 26 94 43 11 60 37 94 49 14 70 17 80 54 26 44 87 67 85 77 0 4 84 88 88 2 10 45 48 31 44 22 27 49 21 66 26 19 34 25 70 70 73 96 
30 17 89 93 76 66 16 64 78 20 71 9 49 27 98 68 60 6 23 52 82 39 99 72 2 52 24 67 78 10 37 98 85 36 94 8 37 73 0 43 28 6 90 86 95 37 9 62 4 71 77 77 78 83 49 41 95 2 72 80 71 
41 77 60 61 82 46 54 86 8 43 97 38 15 13 92 67 88 80 85 53 44 49 21 19 15 80 22 68 35 10 20 96 30 8 69 30 69 53 61 0 55 11 18 85 91 32 80 23 33 65 52 64 68 54 88 15 93 80 23 98 96 
83 54 40 27 87 23 80 36 17 60 68 95 27 89 54 41 24 88 80 20 42 76 18 80 50 42 25 44 55 83 32 43 1 64 57 58 2 97 62 26 0 25 75 55 23 31 94 82 35 59 44 63 15 38 36 61 69 91 51 74 6 
56 87 82 68 83 82 54 69 44 45 96 14 21 68 84 90 6 66 74 66 19 35 35 80 56 81 41 71 80 25 22 36 6 44 44 3 12 30 70 2 58 0 34 42 85 11 53 56 68 76 87 73 50 64 16 44 18 61 31 15 65 
85 32 31 9 92 44 92 71 91 83 31 30 97 72 49 92 17 6 86 96 68 63 28 70 67 63 43 29 69 20 92 3 27 66 30 95 63 58 35 37 28 87 0 9 97 50 1 33 17 9 94 87 98 68 2 18 91 93 71 76 90 
73 19 15 55 89 81 13 67 18 42 62 56 63 70 3 31 45 64 25 65 56 8 56 42 51 57 58 71 3 69 99 67 90 23 54 54 26 56 89 21 58 6 41 0 1 27 75 49 62 42 93 48 48 66 17 69 47 77 96 17 27 
65 85 14 58 97 95 63 27 24 90 59 76 9 20 68 94 11 28 55 1 14 37 69 54 47 8 78 60 53 26 61 99 26 12 19 80 28 41 85 66 86 88 85 92 0 73 92 23 27 66 18 50 87 62 1 85 41 55 67 8 82 
68 7 23 45 69 19 93 28 13 94 32 56 89 32 62 12 12 72 47 2 63 46 41 40 99 94 23 37 47 86 90 19 99 36 77 40 19 81 23 33 7 9 28 87 16 0 93 30 30 40 73 28 59 5 66 58 47 40 68 40 60 
67 51 55 27 79 3 7 58 49 22 90 23 65 55 57 23 98 58 65 38 12 25 44 58 1 46 45 3 3 68 16 1 42 10 69 40 16 72 24 42 83 99 13 12 67 51 0 17 63 78 52 70 74 69 27 59 47 65 93 31 55 
62 14 31 16 19 27 86 11 21 80 54 26 99 95 45 42 28 63 83 77 17 51 87 43 96 20 94 77 44 12 5 78 47 89 83 78 96 84 35 27 78 25 85 96 10 22 18 0 22 69 90 26 74 18 83 36 29 45 20 79 60 
84 14 79 34 24 7 78 68 57 52 38 7 35 3 41 38 69 49 41 37 77 48 4 44 59 92 22 75 16 27 14 72 53 30 93 56 70 74 75 7 2 99 51 93 24 39 18 62 0 20 43 63 20 59 71 58 79 86 46 41 58 
14 79 52 35 39 30 76 10 20 31 37 65 67 52 54 28 35 87 92 46 11 68 59 2 93 51 77 56 13 43 63 23 86 13 94 12 8 73 32 86 14 79 71 79 18 91 32 21 4 0 18 14 9 82 33 55 37 64 17 40 51 
96 33 98 95 94 37 59 74 73 78 37 60 98 91 88 18 22 20 73 64 93 78 86 97 47 63 59 88 96 73 29 58 77 91 43 34 94 2 92 49 3 5 32 36 89 30 84 56 27 20 0 35 70 20 13 76 11 52 51 32 43 
31 60 90 90 30 85 56 71 5 64 50 1 45 59 79 36 90 75 10 79 4 37 85 8 17 52 99 99 50 99 12 55 92 4 91 57 13 16 33 49 24 68 38 57 37 24 53 39 30 12 31 0 23 58 39 65 5 55 60 70 13 
59 23 23 61 89 57 38 11 39 45 53 98 98 39 59 1 30 4 91 14 13 55 5 96 48 99 93 31 93 34 5 65 32 39 80 57 81 48 41 37 68 86 57 66 37 15 73 70 45 66 39 54 0 49 66 92 98 3 22 33 34 
41 79 29 88 14 36 44 30 92 64 48 62 48 13 20 57 33 80 95 78 10 81 22 88 50 49 27 67 35 82 63 9 65 59 5 68 35 60 8 76 85 62 94 56 30 32 5 6 97 73 45 46 98 0 27 98 51 36 74 13 91 
22 6 16 56 98 42 17 38 2 74 29 46 7 91 3 85 89 25 19 56 37 18 73 60 12 56 7 72 87 37 71 57 5 75 90 95 52 81 35 61 82 79 54 23 18 92 65 39 98 50 24 63 2 35 0 81 45 41 17 8 41 
15 34 92 99 16 84 60 37 19 51 92 26 31 4 53 61 48 95 74 79 98 9 29 88 51 65 82 83 49 95 5 1 81 53 18 34 4 60 68 1 36 24 73 19 68 76 91 51 82 52 81 13 48 27 61 0 61 11 28 70 48 
96 82 62 21 35 85 61 53 17 54 75 65 18 36 12 33 4 26 10 35 31 73 41 69 33 36 74 63 28 54 90 36 14 15 61 96 34 67 9 44 83 65 78 4 57 74 91 82 16 91 6 50 81 68 27 81 0 60 86 31 8 
23 27 46 24 53 93 55 66 46 78 15 86 31 93 13 62 16 4 14 14 71 13 23 81 2 15 28 38 77 79 34 81 30 27 92 13 66 46 89 49 65 36 74 17 11 23 84 36 60 25 62 26 7 11 10 69 50 0 8 1 91 
37 41 30 36 68 82 22 15 49 56 46 57 84 72 66 37 57 15 51 21 27 19 99 84 35 90 26 83 99 85 69 87 85 59 51 54 78 26 18 2 67 73 76 55 49 92 30 15 67 34 93 17 29 23 74 66 1 48 0 32 39 
25 14 5 97 39 77 47 80 18 16 60 21 47 94 59 12 54 96 17 16 88 55 44 66 82 74 45 86 61 13 34 40 5 54 4 58 62 62 15 61 16 22 59 15 35 65 48 20 21 87 12 10 67 67 81 32 56 23 21 0 22 
36 21 75 71 47 83 64 59 42 99 57 98 75 2 12 9 15 91 91 94 86 56 72 14 27 98 4 35 99 87 92 82 62 16 25 44 36 48 75 55 3 28 53 28 99 15 97 79 65 78 38 83 58 76 71 73 56 31 57 76 0 
