n: 60
m: 2
Pi:U[1-99] 42 49 30 41 78 5 48 86 37 65 73 7 17 23 7 1 75 76 62 21 78 84 7 80 48 14 62 67 77 56 77 27 22 76 8 88 46 64 68 33 98 94 66 31 21 54 99 60 51 66 79 25 55 84 46 48 88 65 80 35 
Si:U[1-49]
0 6 37 46 32 12 44 7 39 33 15 20 1 29 21 35 48 26 19 39 48 44 25 23 16 43 39 49 2 26 20 14 7 6 43 32 26 22 10 48 39 44 21 24 26 13 30 15 20 38 31 17 2 20 17 28 15 37 30 18 40 
37 0 16 35 18 39 13 37 11 9 4 40 44 24 33 25 37 19 1 10 20 10 6 45 12 32 23 34 21 24 2 40 10 18 6 7 4 49 34 31 41 26 36 26 44 32 7 4 1 24 23 17 37 23 27 19 8 15 26 27 45 
44 5 0 38 34 45 43 15 7 10 48 20 33 46 4 16 16 48 16 16 5 45 15 8 1 32 31 33 34 43 43 30 8 45 32 7 31 19 3 11 14 4 15 3 19 22 12 9 48 48 25 1 28 17 15 21 33 16 47 36 19 
10 6 14 0 29 3 33 22 24 42 6 3 3 9 36 38 31 49 24 12 33 23 18 46 32 3 6 38 20 45 44 14 42 16 39 9 9 17 16 5 47 20 46 10 21 18 30 4 38 35 17 42 34 24 40 32 30 11 23 2 41 
28 45 24 43 0 43 15 2 10 15 12 15 13 15 12 48 17 27 44 3 2 38 22 31 27 11 13 7 12 34 40 34 45 5 27 28 28 17 46 11 22 12 18 27 26 6 15 31 10 4 17 4 31 31 41 45 9 11 22 37 42 
15 18 29 2 41 0 23 6 13 26 18 21 38 35 39 13 42 23 2 25 34 4 49 40 26 19 43 28 41 25 38 9 13 27 35 42 1 23 36 30 35 4 13 41 34 47 26 30 41 15 10 13 2 48 15 21 22 37 22 3 44 
12 42 38 37 15 30 0 35 27 46 48 38 4 18 16 44 29 41 21 21 32 28 48 49 16 6 19 6 21 37 27 11 2 12 18 3 10 23 30 15 47 1 48 32 44 16 23 31 12 17 2 39 31 1 3 6 10 32 29 15 36 
30 20 34 32 37 28 16 0 30 46 47 49 33 22 6 39 4 14 33 49 38 31 9 27 10 4 10 46 32 12 44 21 15 9 45 34 46 9 38 2 43 39 3 16 3 4 15 8 29 24 16 15 38 28 32 25 28 25 35 41 16 
30 26 33 32 39 37 13 4 0 31 23 29 3 16 19 39 11 43 49 14 6 47 34 48 33 17 41 49 32 4 34 45 42 13 43 28 33 35 8 34 28 43 44 40 46 28 6 19 20 13 31 38 33 11 27 1 25 35 15 1 15 
13 23 40 2 22 48 48 14 10 0 3 44 10 48 43 37 27 24 32 33 24 1 30 29 32 34 11 40 27 39 27 43 16 19 38 40 39 24 25 10 47 30 21 42 47 22 7 1 1 23 13 34 14 44 45 36 39 30 40 43 12 
28 39 28 3 9 44 6 45 16 41 0 46 13 47 7 4 24 11 14 46 47 45 24 36 32 21 43 45 6 18 28 1 40 1 44 7 16 23 45 41 24 42 25 42 1 13 37 45 25 30 17 46 35 3 7 30 32 8 30 20 45 
36 27 11 46 14 11 18 44 14 21 45 0 1 33 49 16 13 24 14 7 17 15 12 9 32 33 45 18 43 13 32 35 48 26 5 22 29 15 10 26 37 23 8 39 25 6 30 31 37 38 35 40 46 17 37 37 40 23 13 25 4 
27 15 9 35 15 42 29 14 35 32 40 9 0 1 45 20 40 18 25 13 32 3 46 35 6 4 33 34 12 29 27 18 22 17 45 24 48 8 6 41 13 8 11 46 17 46 47 11 24 47 42 44 21 41 2 16 49 44 14 37 49 
27 6 46 5 25 26 1 3 19 44 29 36 29 0 15 46 38 24 43 19 38 37 11 39 46 46 23 29 3 23 34 10 12 9 43 26 47 26 31 17 24 14 27 24 46 49 21 17 4 41 45 32 43 24 46 46 18 17 30 22 31 
3 44 23 16 44 46 3 4 11 4 31 6 31 43 0 48 12 2 13 13 46 39 46 24 47 48 3 13 22 24 23 2 4 30 26 24 15 45 27 23 27 20 16 42 47 9 7 44 9 34 17 43 47 11 9 3 20 49 25 34 5 
22 32 18 30 7 19 28 26 20 5 5 47 39 18 15 0 33 9 16 23 46 36 16 30 5 44 45 17 12 44 38 11 24 15 29 6 17 46 27 48 28 28 8 14 39 33 41 22 44 18 5 15 24 18 26 32 27 5 32 43 7 
43 49 26 12 43 30 46 41 2 15 13 48 27 11 43 42 0 36 12 38 32 33 45 34 41 19 13 39 20 5 8 42 25 30 17 41 42 3 21 10 35 13 25 1 17 21 27 41 27 19 22 15 22 48 49 7 6 23 20 23 47 
42 11 28 11 44 47 10 43 45 14 34 46 16 1 31 46 22 0 20 20 15 39 39 16 1 40 25 4 2 45 27 39 34 5 47 19 4 8 17 1 38 22 40 23 19 23 23 19 25 28 45 49 43 48 34 46 44 11 36 46 45 
3 35 3 49 3 39 11 35 28 37 6 33 6 19 36 22 22 31 0 33 5 2 17 21 27 49 11 27 17 25 41 34 39 35 16 40 9 1 21 20 28 14 11 24 26 25 6 22 41 44 2 20 48 22 23 14 47 32 2 15 45 
7 23 34 49 31 36 21 48 13 1 46 35 46 33 8 15 17 37 41 0 1 22 43 12 15 20 10 8 30 41 24 4 8 7 1 28 36 37 10 24 22 14 30 40 9 25 44 36 28 15 39 32 1 47 3 40 44 36 43 28 14 
19 6 27 26 48 6 29 41 45 39 19 15 48 44 33 38 20 11 23 48 0 2 39 11 17 4 4 45 45 11 49 7 27 31 47 35 35 31 46 21 45 2 12 1 49 26 39 2 5 45 36 36 7 23 45 35 18 1 40 37 37 
12 9 4 35 20 4 25 23 18 18 15 43 13 38 14 42 10 33 49 18 6 0 13 8 22 45 42 47 2 43 49 20 3 14 20 10 49 40 28 5 28 25 42 13 29 38 30 48 47 36 23 10 26 44 9 13 47 13 28 8 45 
9 22 10 44 11 36 48 38 12 36 2 14 45 23 3 22 18 20 43 21 42 46 0 4 14 15 4 32 4 2 46 5 11 35 16 10 5 43 35 15 40 9 6 42 31 8 30 39 3 46 30 35 47 40 21 47 48 41 36 48 24 
43 19 9 21 8 37 2 34 44 22 31 14 23 45 47 44 46 9 21 28 3 4 38 0 41 12 42 9 48 29 9 38 45 27 23 17 46 44 44 2 7 45 41 10 34 1 26 36 6 33 25 37 33 6 2 44 40 33 35 33 15 
28 9 28 4 49 26 5 13 43 2 20 31 27 28 13 13 21 15 31 28 44 27 45 6 0 48 32 41 19 24 35 17 31 27 10 25 35 37 32 18 6 4 34 49 43 16 42 36 21 33 46 32 36 37 45 12 34 19 2 43 25 
29 7 33 21 44 37 40 8 26 37 35 5 5 38 15 1 41 19 43 3 35 8 41 4 35 0 14 12 31 21 49 20 11 26 26 7 5 46 1 24 21 4 27 31 13 43 27 8 48 25 37 43 31 11 15 46 4 42 31 48 5 
10 3 36 40 12 16 15 24 15 16 48 48 12 4 23 11 1 7 38 31 1 24 8 33 1 4 0 36 18 36 16 2 47 11 47 13 9 46 2 49 19 16 21 41 5 27 26 27 1 5 46 41 1 4 31 35 18 33 17 22 35 
15 36 42 42 20 9 32 21 21 44 23 36 17 8 44 47 9 9 2 32 14 3 47 30 25 3 2 0 21 5 10 1 19 23 42 39 8 48 29 23 47 29 31 31 11 20 40 46 24 12 15 8 10 45 29 34 27 42 9 37 15 
14 13 11 22 13 4 43 15 25 41 31 20 9 16 33 44 46 2 26 26 24 22 20 31 23 41 23 40 0 19 3 46 14 33 42 45 36 33 22 19 27 32 40 35 42 19 37 19 19 6 21 36 9 39 31 15 21 20 13 20 37 
39 34 1 22 15 2 8 24 4 36 19 42 35 43 32 15 30 19 6 12 7 16 38 47 14 21 21 17 49 0 23 29 23 5 33 36 15 45 14 26 12 34 5 14 16 45 34 26 8 5 28 26 30 22 22 41 49 32 40 23 16 
1 29 49 36 30 15 26 20 39 36 6 38 13 44 47 23 28 5 13 20 10 20 17 19 10 23 31 21 14 21 0 49 3 9 33 26 30 8 29 32 32 39 34 15 37 33 6 7 14 18 39 32 21 30 9 5 49 25 18 23 3 
2 43 14 1 13 11 14 25 45 36 9 46 46 24 13 16 34 7 14 11 2 48 18 30 1 17 4 21 47 45 18 0 14 8 2 46 30 2 49 28 37 36 46 49 42 24 12 28 35 38 31 31 2 23 44 33 5 41 42 16 25 
31 21 47 18 13 27 3 40 12 9 42 45 20 35 6 31 43 48 2 41 17 34 45 9 8 35 17 14 41 34 4 5 0 20 21 34 40 28 44 32 18 42 25 6 14 44 39 45 21 2 48 30 35 31 43 28 44 25 20 10 45 
41 36 6 6 47 19 10 26 2 22 15 27 19 43 41 46 32 16 21 40 1 36 18 31 38 4 35 24 14 41 8 21 25 0 6 26 7 39 23 14 2 4 16 16 6 2 20 5 27 21 16 41 45 3 44 11 41 35 48 40 38 
35 19 16 1 37 21 32 10 24 29 23 18 16 34 9 35 19 23 49 20 10 39 12 35 9 9 28 11 49 27 37 2 27 12 0 48 36 19 7 40 46 39 40 20 48 28 8 44 48 25 24 46 34 37 36 45 22 18 29 5 41 
28 37 48 20 34 41 16 20 23 7 46 8 16 4 30 24 46 48 28 7 6 31 17 9 36 30 32 27 8 1 31 10 27 48 6 0 20 39 43 41 34 40 9 21 33 25 14 4 23 47 12 38 8 1 36 19 34 22 46 33 22 
24 21 32 9 4 47 19 39 5 17 15 33 37 8 25 20 27 18 4 36 33 48 24 39 40 7 49 11 18 1 4 21 24 31 17 4 0 13 29 40 15 18 25 12 30 30 15 7 36 37 29 44 3 32 32 5 40 8 3 48 9 
37 6 25 48 9 11 6 16 3 23 24 40 18 18 36 27 36 43 17 42 14 25 20 40 32 37 48 7 14 37 31 41 44 48 13 2 23 0 27 37 6 13 16 23 28 44 41 26 14 18 31 21 47 27 44 44 2 22 8 48 2 
25 44 19 48 45 33 32 25 18 43 42 40 46 17 11 6 43 14 6 8 15 33 38 18 19 41 41 15 31 34 47 23 48 24 5 36 40 33 0 39 7 15 7 6 1 31 33 13 44 20 2 34 41 7 15 33 44 3 16 17 1 
28 10 42 38 17 46 2 20 28 43 2 30 19 36 37 2 31 44 47 47 18 10 21 21 8 42 8 43 30 36 45 4 44 12 43 20 39 30 35 0 38 46 38 4 8 3 8 18 47 46 40 48 1 4 43 17 6 46 31 5 28 
32 3 29 18 33 24 41 8 36 7 26 33 15 12 12 49 15 17 39 43 31 11 39 36 31 41 11 19 24 31 27 24 27 8 25 16 43 5 1 12 0 38 35 21 1 44 5 17 18 3 49 30 26 17 33 20 17 11 36 10 8 
2 44 27 47 47 29 5 44 44 20 48 17 46 27 39 40 1 13 12 34 31 11 13 31 17 13 19 24 29 5 10 2 34 26 41 48 24 6 43 2 19 0 29 37 40 2 1 24 24 4 1 14 25 41 13 40 44 10 32 38 6 
42 20 17 13 2 29 47 25 37 17 15 40 5 17 48 11 16 14 7 15 44 4 36 17 20 41 21 33 1 27 13 27 39 37 6 46 36 49 24 2 10 15 0 41 21 40 14 49 42 35 9 5 5 4 3 4 17 1 40 43 35 
22 1 29 42 39 3 29 46 10 4 22 46 8 1 12 46 39 27 25 3 45 4 28 6 35 22 23 6 39 10 4 7 24 32 48 18 11 4 32 5 38 15 39 0 29 44 16 14 28 49 34 28 13 17 3 42 6 9 15 46 37 
37 35 41 10 31 9 28 30 27 45 8 33 28 1 23 27 16 34 2 14 10 10 2 25 20 41 32 25 6 49 17 5 22 22 10 5 7 8 29 4 29 42 12 37 0 27 1 36 14 46 34 18 47 17 3 9 37 8 36 39 9 
30 30 14 23 41 21 38 24 8 40 29 14 16 39 13 3 7 47 30 9 22 40 30 10 41 27 46 43 35 6 19 18 32 44 27 45 17 32 14 20 36 16 43 43 49 0 18 5 1 10 27 1 46 3 21 15 38 14 33 45 49 
44 13 8 6 23 25 4 27 14 20 43 37 18 17 22 5 18 32 2 35 20 22 47 25 15 38 33 25 42 6 49 9 11 22 8 13 1 35 10 33 2 33 17 3 21 25 0 9 31 25 17 20 25 27 37 37 3 34 7 46 29 
7 36 33 17 31 5 29 11 36 40 9 40 17 5 15 45 30 19 41 43 22 11 31 24 40 32 42 6 6 9 8 6 13 45 10 8 3 8 49 26 43 47 30 28 46 12 23 0 2 29 33 1 9 40 17 1 19 34 36 33 8 
47 26 43 23 47 22 38 20 29 22 48 19 37 49 39 32 22 27 13 10 18 25 18 20 18 33 35 11 47 37 6 22 31 25 10 34 22 6 24 39 36 32 18 34 19 10 29 44 0 20 37 34 18 45 36 1 17 8 36 49 45 
1 2 37 13 38 23 34 18 6 10 13 35 19 31 27 15 39 30 24 28 39 1 35 4 22 23 39 4 19 21 3 14 21 22 33 1 33 9 16 32 46 16 3 49 17 22 12 16 25 0 30 13 9 27 43 31 13 12 4 33 23 
14 32 5 31 4 7 49 35 10 39 5 15 34 28 23 13 3 48 8 20 37 36 33 16 32 8 47 7 9 6 41 15 23 45 3 38 3 24 7 18 3 19 29 28 14 42 29 2 38 36 0 40 17 14 27 6 38 31 38 24 38 
47 28 12 10 9 35 9 37 49 24 29 42 24 19 28 9 7 22 6 18 38 27 19 22 23 42 19 39 22 37 38 26 7 2 43 21 40 21 28 30 31 45 43 5 32 30 39 46 28 12 33 0 48 4 11 15 8 31 12 27 35 
35 25 41 8 48 21 34 47 43 34 16 35 38 16 24 18 43 29 44 13 36 44 24 42 33 35 24 47 28 8 46 47 41 25 35 6 27 43 23 45 18 4 8 40 33 46 17 21 39 45 47 24 0 19 32 32 29 49 12 11 26 
18 17 41 11 1 27 4 31 9 25 35 4 17 44 41 46 43 5 47 22 34 33 6 1 49 18 40 9 16 22 46 16 22 44 28 38 3 23 5 27 44 37 3 40 37 16 36 23 14 19 31 42 46 0 41 13 22 3 19 6 8 
13 28 43 18 22 45 41 40 6 27 3 2 10 5 42 46 43 41 35 38 49 45 3 32 30 37 25 2 35 19 39 26 16 11 33 24 18 30 14 2 23 20 11 34 12 1 44 21 32 28 39 17 46 49 0 31 26 14 25 38 19 
32 35 15 37 16 30 13 41 48 3 49 4 9 38 10 38 20 36 26 8 24 14 2 22 37 11 39 33 19 46 31 37 21 23 3 39 34 32 28 6 49 46 41 49 4 21 34 11 8 43 45 35 26 15 41 0 37 11 14 43 3 
48 33 29 23 28 47 31 33 20 40 4 12 29 47 1 26 6 35 15 14 29 13 27 40 38 1 10 41 44 27 15 37 19 21 44 31 21 32 39 18 48 8 36 13 39 3 13 18 43 29 16 5 7 23 24 42 0 20 26 39 48 
11 6 23 26 26 1 19 13 46 30 39 8 48 45 23 9 15 18 43 28 31 39 15 17 24 37 30 21 33 8 5 48 9 26 18 10 25 48 42 40 9 49 42 31 34 21 42 27 2 20 34 1 11 39 41 47 31 0 44 22 41 
38 18 13 22 39 44 17 24 2 47 16 4 16 44 49 45 18 40 33 34 23 38 11 10 39 25 35 15 46 49 4 36 40 20 6 40 29 44 46 30 1 46 45 18 34 33 15 39 22 28 24 27 15 26 7 45 35 21 0 16 49 
13 22 5 3 30 38 48 13 9 4 29 37 40 32 40 12 21 3 3 30 13 22 29 25 17 48 7 8 45 29 38 18 3 30 3 25 42 1 45 27 14 24 3 45 13 28 12 2 11 37 49 4 48 7 9 6 16 22 6 0 4 
30 36 15 9 29 4 25 26 15 45 36 29 11 40 17 23 30 31 29 17 18 24 24 37 33 27 23 25 44 25 35 44 4 40 7 32 39 47 30 35 36 31 36 6 28 31 21 11 33 34 26 34 44 43 46 36 10 43 34 10 0 
