n: 60
m: 10
Pi:U[1-99] 58 19 78 4 1 71 9 71 21 1 38 18 9 80 8 37 73 77 67 77 54 45 12 23 67 43 6 39 68 91 55 4 40 29 62 82 25 41 49 74 90 33 60 92 4 42 50 98 76 4 38 30 14 99 13 90 14 45 4 25 
Si:U[1-99]
0 85 11 58 63 76 63 10 91 88 58 4 82 89 82 3 9 57 76 49 19 62 96 33 41 68 75 54 64 92 7 94 31 66 14 91 28 7 55 97 38 34 72 72 38 51 6 11 57 93 72 17 46 68 56 42 48 91 19 76 48 
39 0 22 26 70 45 88 17 89 52 16 36 62 51 46 48 82 1 37 51 94 39 50 88 59 49 73 79 84 80 74 54 64 53 96 25 80 81 49 10 56 76 7 51 78 26 36 79 77 39 11 76 88 5 94 99 89 71 57 86 52 
62 61 0 82 1 50 41 85 86 7 41 12 71 44 16 9 64 44 67 59 34 78 69 53 3 44 7 9 12 8 73 63 94 96 9 6 16 73 89 47 64 66 55 16 92 91 47 51 96 19 35 87 17 5 13 91 67 12 59 6 11 
68 96 77 0 23 77 97 42 15 76 75 65 84 66 97 37 48 24 12 46 57 47 83 30 51 1 99 4 35 70 64 30 47 38 86 92 72 33 92 4 20 53 30 81 35 61 60 57 77 95 58 90 42 31 47 74 22 77 89 28 61 
5 70 38 58 0 92 67 79 10 34 34 19 35 67 44 23 64 17 32 98 67 77 99 62 4 65 74 81 47 15 42 87 55 71 50 19 99 75 73 91 86 65 66 37 89 28 34 98 44 24 41 58 38 92 78 61 95 71 75 49 16 
13 63 82 4 55 0 96 94 42 44 14 11 19 38 76 41 47 53 20 54 90 55 94 1 40 25 34 36 77 49 29 82 14 1 93 9 67 42 42 1 94 23 23 82 39 73 68 16 75 94 25 55 58 28 49 6 70 45 59 48 95 
58 21 45 37 35 39 0 64 8 34 6 73 31 6 21 77 62 39 34 64 71 79 97 34 33 89 1 92 74 75 89 36 26 38 96 53 75 43 12 28 55 94 47 74 59 67 49 88 80 25 30 85 92 78 11 69 23 97 55 71 32 
96 79 96 66 68 7 7 0 69 79 67 81 5 84 38 57 60 42 72 75 58 46 31 99 28 48 97 46 58 83 6 74 26 86 88 60 42 3 56 31 6 40 46 46 53 23 24 2 4 42 15 75 58 42 22 94 85 38 29 70 11 
56 40 73 21 89 24 76 57 0 56 24 42 73 39 27 10 13 23 59 37 70 62 16 79 6 5 57 30 68 87 26 32 67 70 9 40 78 7 46 97 15 19 10 13 25 19 16 88 65 83 65 38 96 24 65 72 42 67 35 66 55 
68 56 50 5 53 36 18 85 32 0 46 33 49 4 94 26 20 46 9 95 70 82 41 31 34 54 12 28 76 87 18 13 94 95 90 96 42 56 4 57 60 24 92 30 58 28 73 38 52 93 28 79 46 12 51 50 43 27 12 5 24 
28 83 10 99 76 44 58 18 76 1 0 90 26 57 99 49 7 2 85 48 12 42 34 59 37 8 71 41 79 76 19 30 55 25 74 2 54 37 19 21 6 84 90 60 22 31 96 62 17 19 41 8 2 2 37 32 26 37 64 18 86 
73 59 7 69 91 78 65 42 38 51 15 0 12 39 85 92 92 36 62 41 1 59 60 5 88 19 36 72 90 16 71 16 42 79 26 41 96 12 96 30 25 20 16 53 13 36 28 34 97 72 15 68 19 92 37 31 38 29 42 96 78 
72 18 51 91 51 15 22 42 28 74 97 80 0 49 98 65 59 76 29 19 97 53 51 18 99 37 34 51 73 58 45 59 55 35 70 27 57 7 83 88 6 18 19 6 95 80 60 68 48 30 78 96 81 72 7 17 29 61 13 26 11 
16 22 4 55 16 69 10 23 61 39 58 62 82 0 68 65 59 25 64 41 19 87 49 17 89 33 83 28 36 12 6 57 71 48 22 28 52 79 69 32 26 10 77 39 91 50 13 33 17 47 46 15 86 95 36 56 10 88 95 65 79 
19 69 64 17 2 94 93 5 64 62 33 72 58 36 0 33 30 43 5 84 75 62 85 17 84 13 85 48 16 47 64 95 93 98 69 9 24 18 34 43 14 28 59 85 48 13 12 87 8 1 30 70 55 65 94 87 21 95 34 13 68 
3 12 2 44 11 69 16 59 42 44 74 46 44 62 41 0 51 15 93 31 59 49 15 27 69 86 69 77 45 56 67 37 36 79 77 9 16 89 52 43 77 89 96 48 71 56 88 7 63 33 92 87 33 52 29 64 25 68 5 86 17 
37 75 29 98 82 92 10 54 14 23 94 82 6 21 82 8 0 82 80 78 51 86 35 48 7 37 35 91 1 88 58 63 83 83 3 10 48 9 64 98 76 82 34 58 2 12 61 63 74 21 6 8 78 17 66 27 40 72 26 2 67 
13 1 9 58 6 29 43 60 38 9 75 98 3 22 1 13 6 0 78 89 58 38 70 54 93 46 80 36 45 7 8 48 72 51 40 14 84 34 86 82 42 23 77 99 91 20 37 43 33 30 69 47 68 89 87 5 46 98 30 22 46 
45 13 49 16 89 2 2 78 29 25 85 82 23 29 6 74 51 35 0 97 52 64 56 65 69 35 89 12 94 14 54 16 88 84 37 24 7 82 73 1 42 94 77 94 65 55 68 76 8 19 80 37 57 69 49 81 24 54 18 55 71 
62 88 3 91 23 28 89 16 60 57 46 68 73 9 21 23 8 89 17 0 45 31 48 95 46 62 61 58 19 88 25 14 86 68 69 85 92 70 67 68 24 34 97 38 39 66 8 27 9 20 82 13 51 17 50 92 65 78 23 59 4 
84 70 12 75 44 80 28 94 44 94 9 16 61 27 42 44 88 22 30 26 0 56 1 85 6 47 93 47 31 27 10 72 97 78 55 89 78 85 18 96 78 29 60 80 2 84 28 58 54 42 70 69 80 33 64 89 14 4 90 29 99 
40 47 8 13 64 99 76 2 83 16 88 24 8 87 22 76 28 54 14 17 24 0 41 63 23 14 21 75 37 14 27 54 60 9 53 86 11 82 64 94 88 33 62 52 42 82 38 14 61 62 12 25 70 70 22 45 43 99 24 94 26 
1 93 40 35 38 73 86 10 64 34 98 51 41 78 2 33 4 79 28 79 52 20 0 59 96 33 38 95 34 14 67 46 57 81 13 59 64 19 8 12 14 11 61 33 60 28 35 14 99 99 74 82 3 23 53 10 95 41 63 14 37 
28 13 36 94 69 5 85 34 49 52 19 52 33 83 5 13 51 92 55 24 56 34 48 0 65 26 71 66 48 74 75 90 6 86 63 41 28 62 34 40 12 21 92 70 49 65 4 86 87 25 26 24 29 83 81 50 88 29 18 77 98 
5 51 97 13 83 57 61 53 54 30 86 49 78 9 46 3 2 67 22 42 33 57 90 51 0 6 82 72 46 93 72 96 5 41 11 55 21 26 18 69 75 31 29 95 54 88 9 48 73 3 82 3 49 40 76 21 17 55 32 63 31 
70 76 50 82 9 61 61 17 64 55 43 26 42 28 6 43 43 5 55 29 39 8 18 11 3 0 10 91 51 84 75 71 43 59 27 57 41 53 67 8 6 51 30 68 27 4 70 97 63 44 21 22 64 62 37 72 59 2 11 10 83 
19 81 43 46 19 25 30 41 89 2 28 91 48 15 61 82 26 44 94 32 11 45 67 15 77 71 0 9 44 63 4 27 83 58 63 58 39 30 20 54 22 12 63 82 15 71 94 57 66 98 12 73 86 75 41 85 95 99 18 19 73 
20 69 49 10 34 84 91 44 15 15 80 89 40 45 99 70 75 72 29 77 28 79 58 64 58 94 26 0 72 94 27 61 25 49 30 83 88 6 15 52 67 37 66 22 59 1 82 49 87 6 17 69 37 90 26 48 69 14 80 89 9 
49 55 89 2 66 70 49 66 97 69 13 71 3 48 96 58 64 21 92 15 24 68 79 54 7 41 33 39 0 11 94 41 67 41 57 32 43 20 17 63 39 28 61 25 7 26 65 36 49 91 17 29 23 36 5 9 15 7 50 11 6 
14 5 51 24 17 25 31 64 88 92 17 27 27 10 34 63 72 55 17 91 53 63 5 41 23 60 69 3 22 0 26 96 45 60 9 26 87 13 96 15 61 17 79 65 64 15 47 96 69 67 95 77 1 10 5 72 42 86 2 15 19 
23 6 74 28 73 28 78 89 50 4 70 12 75 78 16 87 60 41 34 99 14 29 2 14 84 94 82 90 3 89 0 10 28 21 28 36 53 88 23 70 64 23 60 47 10 24 93 45 67 50 20 3 59 45 97 4 86 84 9 31 32 
65 31 35 50 84 78 3 13 40 10 40 30 82 76 58 30 22 36 19 8 85 85 75 31 42 72 56 16 79 4 55 0 14 69 89 26 6 52 38 75 47 79 72 74 84 41 80 58 4 65 86 65 61 9 91 28 1 22 5 69 42 
58 38 50 58 53 29 69 75 5 16 8 95 61 63 66 28 93 48 2 67 22 44 72 56 94 21 38 2 54 88 86 8 0 41 52 18 64 76 29 42 41 80 95 82 85 26 90 69 33 79 98 18 30 5 10 36 91 75 61 57 3 
84 84 80 39 28 29 35 37 4 34 51 51 26 6 49 84 32 36 87 85 58 46 32 29 69 63 53 65 60 97 41 86 53 0 15 86 57 37 37 87 71 33 27 57 13 41 77 18 71 51 69 89 63 3 66 40 15 96 50 65 91 
67 7 56 6 88 73 1 44 72 25 16 50 1 95 35 72 73 26 66 31 13 83 10 86 53 87 38 72 75 28 92 9 97 98 0 97 3 53 89 74 35 21 26 73 62 95 99 41 25 45 80 67 60 10 51 92 91 96 46 37 44 
93 26 51 24 69 42 12 4 60 43 97 80 86 10 45 28 31 84 23 7 76 25 97 57 39 41 30 32 92 54 4 61 30 87 11 0 80 47 42 8 26 76 29 28 47 10 6 10 59 9 61 19 64 25 99 68 97 63 68 31 29 
45 49 69 23 30 24 63 51 4 1 95 92 93 40 28 3 21 72 83 30 81 24 40 13 53 83 59 93 72 58 12 54 17 71 17 32 0 57 20 60 5 91 37 66 17 86 88 1 29 75 16 64 99 52 37 69 48 75 81 39 2 
55 58 29 3 77 52 69 22 21 69 46 18 21 21 76 98 4 74 47 58 90 42 30 2 53 11 66 50 43 33 92 10 71 4 29 92 29 0 32 7 6 24 32 68 67 23 70 15 50 21 72 8 79 46 65 16 70 5 42 50 63 
95 77 40 6 80 4 78 67 68 34 45 5 5 84 30 22 8 36 93 29 83 13 14 40 63 26 52 38 89 17 26 67 33 39 17 75 74 50 0 95 32 32 17 72 63 24 44 17 88 64 57 9 12 56 74 77 59 14 70 96 52 
44 12 22 61 96 89 29 41 75 51 78 89 26 99 51 23 52 1 96 91 12 97 30 31 53 26 14 84 13 82 38 77 59 87 12 56 33 59 29 0 51 22 42 67 76 32 24 28 42 8 58 29 56 29 10 38 86 56 35 15 77 
42 6 7 55 7 16 77 49 56 6 22 94 34 54 77 62 98 84 90 94 85 31 80 98 11 18 35 48 21 67 47 75 5 10 9 17 84 77 12 58 0 17 85 73 5 25 42 48 95 45 78 53 90 37 68 70 48 81 79 42 57 
57 43 41 73 93 50 26 48 70 94 31 80 4 13 46 89 13 60 8 14 24 25 46 95 66 7 60 97 75 85 56 10 53 66 33 67 56 75 13 11 49 0 32 89 82 61 97 37 31 90 23 4 9 35 91 83 1 10 38 5 25 
69 73 96 37 38 12 36 94 94 66 68 46 47 11 48 50 3 11 1 63 43 27 78 63 80 28 85 52 51 89 75 65 82 3 68 59 80 75 73 26 1 93 0 97 97 45 56 6 79 51 97 12 60 63 15 61 30 70 10 11 3 
59 43 71 62 14 30 16 91 56 59 51 98 46 18 5 67 39 5 75 5 60 61 14 30 67 10 60 12 56 84 57 26 21 73 35 22 58 66 51 71 45 76 73 0 18 65 81 69 84 85 86 91 46 48 44 45 57 64 95 55 59 
71 81 66 76 47 71 81 51 79 49 67 87 27 74 59 38 77 3 3 85 55 80 35 47 95 82 85 19 58 68 45 88 56 22 40 41 68 14 5 4 24 45 80 42 0 27 50 72 26 95 34 3 21 80 41 76 78 39 61 75 17 
77 11 20 72 29 46 18 81 73 71 7 12 30 42 41 76 62 23 86 71 17 86 81 52 48 29 27 53 90 61 81 70 76 90 14 7 25 3 54 6 99 99 43 7 24 0 26 97 92 31 25 58 42 53 9 48 87 39 77 92 92 
83 76 37 58 40 63 75 72 57 41 36 31 31 24 23 35 83 82 88 85 9 50 9 37 43 7 39 79 66 56 42 55 98 87 90 49 21 57 29 73 16 24 71 82 89 51 0 93 74 10 19 46 53 43 73 19 47 8 24 9 81 
57 23 78 53 9 38 62 28 2 77 25 75 52 82 98 67 74 85 36 44 75 62 31 41 13 54 20 48 64 78 91 69 67 94 97 18 34 81 81 25 16 95 86 10 98 11 30 0 15 39 97 67 3 34 55 78 10 99 60 2 60 
22 50 89 62 22 71 27 63 81 98 8 17 13 58 18 79 93 61 47 7 44 15 83 79 30 10 11 64 61 84 26 6 24 52 6 90 60 46 10 96 86 19 39 74 44 80 80 89 0 51 30 60 54 21 55 55 10 26 2 95 9 
80 94 37 22 31 81 16 73 7 5 72 1 6 31 34 4 70 13 52 65 33 91 43 65 94 13 26 44 54 7 35 92 14 61 64 67 30 58 14 39 55 96 26 32 98 30 92 50 18 0 43 17 89 28 47 71 75 45 46 90 39 
6 90 70 61 63 90 20 72 96 20 3 75 78 19 94 13 55 19 77 30 72 55 53 58 81 80 38 77 40 27 20 42 78 86 70 79 68 91 96 25 27 44 84 6 82 82 39 81 82 47 0 90 6 92 57 35 12 32 12 18 59 
55 53 65 85 55 33 2 1 5 57 96 50 35 73 37 66 34 91 14 23 82 80 70 35 33 57 93 62 33 93 31 13 95 78 44 68 55 57 59 72 10 23 85 35 69 79 73 28 94 97 69 0 20 10 20 38 82 85 11 88 80 
7 70 37 45 73 6 53 77 90 22 55 53 67 58 81 23 76 74 10 39 86 85 59 46 66 54 73 23 42 83 11 86 87 20 48 97 96 12 30 67 24 63 97 5 54 32 45 60 85 73 64 51 0 99 78 63 90 44 83 16 36 
92 18 30 41 10 32 38 44 66 33 17 2 75 1 59 11 69 33 69 2 66 64 41 88 56 89 80 7 10 61 61 76 98 88 9 69 60 58 35 14 56 32 76 40 17 23 95 23 28 24 95 11 98 0 87 86 3 14 62 83 50 
80 3 3 24 61 87 73 53 83 40 64 78 32 54 24 61 14 94 42 66 53 21 18 26 90 88 52 38 26 80 84 53 52 72 61 34 75 34 28 58 59 47 20 68 92 14 1 86 64 93 43 75 42 82 0 8 15 70 28 71 10 
21 20 70 76 38 52 84 32 54 71 96 19 21 37 12 89 43 91 3 97 22 77 90 42 89 26 48 71 70 72 23 65 66 5 34 47 68 10 89 90 26 8 74 23 97 92 57 89 59 51 45 66 82 11 40 0 63 85 60 98 99 
79 9 37 85 23 96 7 1 22 45 37 24 36 81 81 63 93 34 8 36 30 54 78 69 36 93 98 67 20 70 53 44 94 79 49 48 85 17 94 8 5 68 52 25 96 81 43 95 20 33 71 80 76 87 29 97 0 52 89 95 18 
86 28 17 76 88 84 38 49 69 80 17 19 36 82 63 32 85 95 18 61 56 13 34 15 60 6 91 3 21 6 79 51 70 72 74 65 37 46 60 10 22 7 36 74 10 41 22 5 71 64 96 46 13 16 4 60 96 0 42 23 3 
14 1 72 26 24 52 10 74 31 53 13 33 75 7 33 71 67 64 68 60 3 72 1 30 11 55 77 41 14 46 25 15 65 56 65 89 31 94 36 76 18 48 67 2 86 15 88 21 16 62 40 23 97 48 1 49 53 29 0 6 71 
70 30 86 43 71 99 45 97 8 40 62 74 15 23 21 1 9 80 44 96 90 67 72 24 36 98 58 7 42 54 64 44 61 6 65 46 48 41 61 79 10 43 82 1 40 77 86 22 53 48 77 94 43 40 98 58 49 61 79 0 5 
26 98 25 12 13 59 41 80 20 81 99 34 67 8 28 10 85 25 18 23 3 31 20 84 42 69 87 55 37 89 58 58 44 19 3 99 29 18 19 69 10 92 55 28 13 35 72 63 26 3 35 83 66 55 38 1 93 33 63 13 0 
