n: 60
m: 2
Pi:U[1-99] 3 9 63 27 19 34 48 78 26 47 62 10 55 98 78 96 23 64 59 32 84 42 9 83 21 53 23 63 6 38 69 67 64 41 77 67 40 65 6 69 99 90 52 95 93 53 54 8 16 47 70 98 15 18 70 95 36 18 11 77 
Si:U[1-49]
0 18 12 10 22 18 8 32 30 26 9 15 25 22 49 4 13 36 36 13 49 49 4 49 49 6 12 49 22 49 48 49 34 18 24 49 36 4 49 28 27 49 6 49 49 10 10 49 40 49 1 40 49 49 49 16 49 49 4 9 42 
7 0 13 31 25 5 12 32 0 14 28 42 36 7 36 30 49 49 49 49 48 21 37 49 48 49 49 40 39 40 28 4 49 36 49 9 4 24 27 49 22 1 3 49 34 1 49 10 49 49 3 31 21 49 7 49 49 27 49 30 13 
19 13 0 7 3 12 4 15 6 7 31 24 49 49 18 28 22 39 1 40 28 1 45 12 49 49 42 49 49 15 49 19 25 12 25 49 49 49 49 40 12 46 42 36 49 49 37 33 42 46 49 49 48 49 22 49 45 49 22 28 13 
30 5 27 0 11 14 30 24 7 1 49 33 24 31 39 49 49 24 12 13 49 49 49 9 4 22 18 6 9 48 6 46 49 25 30 1 15 43 46 10 43 13 49 45 6 24 36 31 30 36 6 33 49 49 15 22 33 49 49 42 24 
24 16 22 22 0 22 28 21 23 14 49 13 49 9 33 49 7 49 49 18 6 22 22 15 12 46 39 49 49 1 49 49 13 42 28 10 31 19 3 10 30 49 7 12 49 18 49 49 18 1 49 40 25 19 49 6 3 13 39 31 49 
7 8 9 28 28 0 28 24 20 6 49 49 4 39 45 49 31 15 12 4 1 7 30 1 49 24 49 49 46 34 21 49 31 27 34 49 36 49 49 49 49 49 13 49 46 48 13 49 7 21 49 40 33 49 19 18 49 25 15 49 24 
2 22 3 30 30 14 0 5 8 18 37 49 49 9 1 22 9 49 1 7 13 49 13 33 49 49 49 49 31 49 48 6 49 46 25 49 45 45 49 28 7 40 42 25 9 27 49 42 45 15 49 24 49 40 49 42 49 49 49 45 49 
8 1 13 24 26 11 26 0 25 4 25 25 40 6 49 49 49 49 24 49 49 49 49 49 1 49 49 25 3 18 30 19 49 15 39 12 49 36 12 3 12 30 15 13 49 49 13 49 22 12 49 24 49 16 49 42 15 49 4 6 49 
25 28 15 26 26 18 24 16 0 14 36 46 25 13 49 49 43 7 40 49 49 49 25 13 48 49 18 49 46 49 49 31 49 43 19 46 40 40 49 48 13 49 49 49 37 49 7 49 18 34 7 9 39 31 49 18 12 36 24 37 33 
5 32 15 28 32 29 18 31 26 0 49 49 19 22 31 49 34 49 49 49 40 39 49 6 37 13 31 49 22 3 49 21 15 49 42 31 22 13 33 22 39 36 49 1 3 34 18 19 21 49 49 7 3 40 7 22 7 49 16 27 19 
30 49 28 30 49 49 45 49 30 49 0 18 1 14 31 25 18 8 3 21 7 19 48 12 46 6 49 49 21 49 3 18 49 12 49 49 43 10 1 19 7 49 49 6 49 49 33 49 46 33 49 49 49 42 49 6 30 46 15 40 15 
36 49 49 36 49 39 49 45 30 49 24 0 15 10 12 28 32 22 4 30 10 4 37 36 15 28 49 43 24 49 16 18 31 7 49 49 49 40 18 49 7 28 12 22 31 33 16 24 39 28 49 48 48 21 49 15 42 18 49 9 49 
49 18 36 24 43 7 4 13 28 22 12 8 0 12 28 21 2 14 14 15 49 10 49 37 28 49 22 28 27 28 49 13 24 43 49 9 42 27 49 49 37 49 46 19 49 18 49 15 49 49 13 34 19 49 36 37 49 49 36 48 42 
33 18 19 49 49 18 31 30 18 42 22 11 31 0 8 19 24 20 29 10 10 40 49 45 49 15 13 18 49 49 49 1 21 1 49 33 49 13 39 18 49 9 6 48 19 33 34 48 49 21 19 49 7 49 37 43 4 36 7 12 13 
24 49 4 49 3 49 34 3 27 33 14 29 18 4 0 26 7 4 12 18 42 49 49 49 49 49 19 33 46 49 31 30 43 49 49 49 30 49 43 46 39 46 15 34 7 18 45 37 22 1 49 31 49 18 49 49 39 49 49 49 45 
18 13 45 27 42 1 46 49 12 30 8 24 10 23 26 0 30 27 24 22 12 1 49 49 30 6 40 46 48 49 16 49 36 24 28 6 49 19 22 25 31 12 3 25 49 40 42 6 36 49 49 49 34 4 49 49 27 7 37 49 25 
19 43 49 33 30 49 49 49 9 49 30 32 22 32 7 32 0 1 32 27 12 49 21 49 43 27 6 24 40 49 49 49 39 21 40 31 49 45 6 49 28 42 49 10 15 46 43 49 18 49 49 16 34 3 33 48 6 25 1 1 9 
46 49 3 25 13 49 46 33 49 28 10 26 3 0 7 25 2 0 20 21 49 49 45 3 28 49 25 25 12 49 49 49 49 15 42 43 22 39 49 49 37 15 4 37 10 9 30 49 49 42 3 25 49 45 6 37 37 49 49 49 19 
3 49 12 49 25 4 49 39 21 49 27 28 24 22 12 16 1 12 0 23 24 45 49 40 49 49 49 31 4 39 49 31 43 49 24 49 13 49 49 25 49 31 22 39 49 10 24 49 48 1 49 46 49 4 42 49 49 39 37 49 15 
16 16 49 40 45 21 22 30 46 49 18 5 8 16 7 18 16 3 1 0 36 49 49 12 3 19 31 4 3 37 25 10 49 25 46 7 46 49 18 21 9 49 49 3 30 33 45 12 25 25 49 13 7 28 18 49 49 45 49 15 28 
49 49 49 48 46 13 31 39 49 49 27 16 43 49 10 49 49 16 22 27 0 5 20 20 6 12 16 17 30 14 49 49 49 49 45 49 10 37 49 43 49 36 16 49 6 25 49 34 30 45 43 49 39 49 37 34 1 49 42 31 49 
49 49 49 33 7 7 49 18 49 18 7 49 46 49 48 13 49 40 49 49 22 0 5 14 30 1 11 29 29 31 40 48 43 30 45 46 49 15 49 15 7 4 49 49 49 49 49 19 45 22 15 6 24 43 36 34 49 49 36 36 22 
49 16 49 49 49 3 49 49 49 31 18 24 49 49 49 19 42 10 25 49 24 10 0 21 26 3 12 30 1 18 49 45 25 49 36 49 30 24 22 31 34 6 37 49 15 24 16 49 49 49 39 12 37 18 22 49 27 49 49 18 7 
49 18 31 15 22 49 25 1 40 3 12 36 10 22 49 49 45 18 49 19 26 28 13 0 19 17 32 20 1 13 30 49 34 46 46 24 42 37 49 48 40 25 31 9 40 49 4 28 10 36 48 13 49 49 9 49 43 1 49 48 31 
45 6 10 16 46 30 42 49 49 6 49 49 31 49 3 27 49 13 10 18 28 18 24 6 0 28 8 4 24 24 49 49 49 49 18 13 46 49 3 49 49 42 49 43 37 49 49 49 12 25 49 30 46 27 37 19 48 39 1 13 31 
1 49 43 49 49 49 21 21 49 43 49 15 49 27 31 24 49 49 40 12 24 20 10 14 17 0 1 0 18 28 16 31 49 49 9 49 49 46 46 43 9 49 1 1 48 49 18 27 4 43 18 9 49 21 49 10 49 24 30 36 49 
19 49 49 49 49 7 49 37 45 13 49 1 10 10 15 49 49 49 33 49 8 20 13 31 18 6 0 27 14 28 49 10 46 49 4 21 6 49 49 46 36 21 9 21 30 19 40 15 31 15 49 42 16 45 49 33 31 28 48 42 49 
10 49 49 49 9 36 31 12 40 49 9 27 48 33 49 30 24 48 46 33 2 24 20 14 12 16 14 0 32 23 15 37 6 15 37 24 15 21 24 19 49 13 30 49 25 43 49 40 24 49 49 49 49 49 33 48 49 30 28 49 21 
49 46 15 43 49 10 49 25 49 31 40 21 49 49 18 49 49 19 49 10 25 12 6 14 23 27 15 8 0 6 6 45 49 49 18 18 49 40 34 19 27 21 22 34 3 39 48 30 48 49 24 49 49 12 49 6 4 22 49 28 48 
49 46 18 48 49 4 18 9 49 31 33 48 12 36 15 49 39 21 49 31 10 16 2 28 5 32 26 12 6 0 30 49 49 49 24 24 27 49 49 10 10 49 37 21 15 33 19 12 30 49 10 19 49 49 7 10 12 24 49 3 22 
49 49 37 46 31 49 12 34 49 3 49 49 6 49 4 15 49 18 49 49 49 49 49 18 49 34 45 45 3 4 0 4 6 17 22 6 18 4 23 20 49 49 4 34 25 21 43 40 25 33 49 6 49 21 19 36 3 4 49 36 49 
45 49 15 49 18 40 33 49 42 49 34 36 49 33 24 49 48 6 49 40 49 49 31 49 24 49 49 49 37 33 25 0 12 27 18 6 9 7 29 14 49 6 27 49 46 1 33 39 33 3 33 4 7 49 49 49 49 49 48 49 31 
49 18 49 49 4 37 24 1 7 45 3 49 3 49 30 33 21 46 28 3 6 49 42 4 3 46 49 40 12 10 22 7 0 10 12 10 8 27 14 32 7 49 45 3 21 49 49 18 49 33 36 49 12 49 34 49 28 36 28 39 49 
36 37 49 46 18 30 18 49 49 18 42 30 15 49 49 19 49 37 27 49 37 49 49 36 15 49 16 7 49 1 0 14 14 0 8 14 22 4 30 22 3 13 49 49 19 45 45 49 22 49 49 43 3 18 10 18 49 49 49 33 16 
10 49 49 22 49 30 25 31 37 49 49 33 49 28 27 45 31 22 49 27 15 49 22 15 18 49 49 39 3 24 16 6 11 31 0 20 7 10 8 28 1 7 12 39 42 13 49 25 18 49 45 10 16 49 49 49 34 49 31 24 10 
39 25 49 49 24 7 49 19 49 40 48 13 30 25 49 34 34 10 16 22 43 18 49 33 49 39 49 49 48 49 9 23 30 5 10 0 31 28 29 26 1 49 25 49 36 10 49 48 49 12 40 28 49 49 34 49 39 49 31 49 18 
49 25 4 13 7 22 46 36 49 49 12 49 10 49 39 6 49 49 27 49 4 18 49 34 49 49 37 49 49 10 10 24 20 25 23 17 0 32 21 26 3 4 49 27 46 49 16 37 49 10 3 34 27 49 49 42 33 49 21 1 15 
15 22 30 49 42 39 49 30 49 19 36 39 3 39 18 34 49 49 46 7 12 49 49 49 21 40 24 3 33 15 14 16 22 31 23 16 15 0 11 2 49 16 49 3 24 3 49 6 16 45 22 39 49 6 1 42 28 49 49 1 22 
33 25 49 48 31 49 15 49 19 19 46 6 37 40 49 3 12 49 49 49 37 4 15 37 40 45 31 37 15 34 1 17 22 32 11 22 1 15 0 31 10 49 39 1 42 49 30 7 49 27 13 49 49 34 48 49 25 49 49 31 39 
49 49 45 49 49 9 49 49 19 49 49 49 40 49 3 31 49 49 15 49 3 49 27 42 22 49 19 49 49 1 10 12 21 8 21 24 17 20 10 0 43 6 9 49 49 49 6 48 28 18 10 9 33 40 4 36 49 48 27 49 49 
36 10 36 21 49 49 49 7 31 49 48 21 37 49 3 46 49 49 28 39 6 42 49 24 49 6 49 12 48 49 49 39 49 48 15 28 49 37 37 43 0 21 14 21 20 26 22 4 10 18 43 22 42 49 40 22 49 12 18 46 48 
49 18 49 34 49 21 21 49 22 49 33 21 34 15 49 24 49 49 49 3 49 33 46 49 36 18 33 49 49 39 45 42 18 49 22 49 31 34 49 40 18 0 31 11 21 7 28 24 24 30 30 16 49 49 49 7 13 16 16 49 36 
49 31 27 49 49 49 40 15 49 40 10 49 18 49 49 49 21 45 49 49 49 49 49 18 36 15 49 22 49 15 16 28 49 49 46 16 49 49 49 13 32 24 0 0 29 6 17 11 26 4 49 33 12 49 49 3 49 16 45 48 33 
43 39 49 40 28 49 49 30 49 24 49 4 49 22 18 19 24 3 49 49 22 49 12 9 49 49 34 24 15 42 49 22 21 6 39 9 39 6 13 9 30 29 15 0 1 21 28 32 12 12 9 49 27 9 7 12 46 49 43 49 49 
22 49 10 3 49 33 25 22 45 12 9 10 49 49 33 46 49 28 49 49 49 16 4 48 49 49 46 31 49 42 21 49 43 49 21 49 28 33 10 31 18 19 28 26 0 16 24 20 24 29 49 7 34 49 19 13 49 31 48 27 49 
3 34 40 49 25 49 13 27 46 16 49 1 49 49 49 33 49 49 49 42 1 49 10 1 42 31 49 18 49 18 49 45 49 45 39 28 49 6 21 34 24 16 24 28 30 0 10 20 26 19 21 37 9 3 3 49 49 15 36 49 3 
42 34 49 28 19 19 49 33 39 49 9 49 27 18 19 4 12 49 49 43 45 34 49 49 12 25 49 22 22 49 42 9 49 28 49 39 49 49 27 49 26 16 29 7 30 2 0 24 30 6 42 25 49 48 15 49 36 16 19 25 1 
7 39 45 30 24 1 43 49 49 28 49 27 1 21 49 49 49 33 3 49 46 10 43 49 40 30 43 28 16 37 15 1 40 49 45 49 36 24 40 49 24 12 2 28 30 12 7 0 5 4 27 49 49 10 49 48 9 4 49 49 10 
25 33 49 18 31 49 34 9 49 39 49 43 33 49 36 15 30 12 49 49 10 21 10 12 49 21 49 21 49 16 46 30 37 33 49 16 21 12 49 48 0 28 4 4 16 3 30 6 0 27 33 49 3 49 49 18 49 49 31 33 31 
45 49 33 25 49 49 46 18 49 49 49 49 39 43 1 13 3 49 16 42 49 49 49 49 49 25 49 49 1 49 7 19 21 49 49 49 31 39 49 9 10 20 29 25 16 16 23 4 18 0 39 49 3 19 49 37 49 49 33 16 31 
49 33 9 49 31 37 24 13 49 4 33 49 49 12 16 49 13 48 4 42 1 28 46 43 28 49 40 49 49 49 27 30 49 1 28 49 49 49 49 49 49 19 25 49 49 21 7 16 7 49 0 21 12 18 10 6 10 30 14 3 30 
49 12 19 45 45 49 43 12 40 49 49 49 49 39 36 3 49 34 33 33 30 28 49 49 37 48 3 49 49 4 49 49 46 49 49 16 28 9 49 49 49 49 43 49 24 9 49 49 45 49 18 0 8 27 2 16 4 18 28 2 7 
40 25 49 49 12 49 49 4 22 49 4 45 12 22 25 49 49 36 10 37 49 49 37 21 15 6 4 49 49 49 6 45 49 16 49 15 43 24 34 34 19 19 15 7 49 28 49 49 27 42 5 2 0 19 14 14 5 14 24 25 49 
9 10 49 49 49 19 33 13 43 31 33 49 9 4 46 12 31 49 21 15 42 3 22 31 22 49 25 48 49 49 31 16 49 18 21 19 7 6 49 45 49 49 45 43 33 6 28 21 48 49 20 19 21 0 30 25 0 5 16 6 49 
18 10 22 48 49 49 39 1 42 4 30 49 49 49 43 49 49 34 18 39 36 49 49 49 37 36 45 28 49 27 40 49 25 7 49 37 31 42 19 43 31 3 49 7 34 49 49 24 49 30 21 16 12 13 0 10 8 29 4 30 22 
49 24 49 1 39 49 49 46 39 45 49 40 19 6 22 24 34 49 22 4 42 19 28 49 49 49 19 45 49 21 49 28 22 42 30 49 46 49 49 49 34 28 27 49 49 49 18 49 49 13 1 12 18 8 30 0 25 18 26 9 12 
33 49 31 49 49 33 12 43 36 12 49 49 49 49 24 9 4 30 49 49 1 12 49 7 1 49 1 21 49 22 49 48 3 4 9 27 40 49 27 49 1 46 30 49 33 40 37 4 49 3 24 12 30 15 10 27 0 6 10 20 46 
4 49 3 7 28 49 18 39 30 42 22 4 43 28 49 39 49 19 15 45 46 31 49 13 49 39 49 10 36 49 40 37 6 27 49 30 43 12 7 31 49 49 49 3 34 3 40 28 49 42 0 4 14 25 28 10 1 0 32 21 27 
21 15 49 43 49 49 31 43 49 45 28 39 27 49 49 49 49 49 12 24 4 30 10 37 48 49 4 49 10 49 33 49 12 49 24 39 31 49 49 49 42 49 49 19 13 3 27 49 49 49 2 28 32 12 2 0 12 16 0 13 49 
43 22 25 49 15 49 49 25 40 49 4 25 33 49 43 49 49 33 49 42 43 42 27 45 49 40 49 10 3 16 27 49 43 22 13 37 3 22 27 4 49 27 49 10 21 37 42 49 49 43 19 14 24 26 22 9 0 7 2 0 49 
49 36 27 42 22 49 33 49 49 22 24 24 49 19 4 48 49 46 39 4 12 43 9 19 18 49 49 1 49 3 49 49 49 13 28 13 45 49 34 34 36 49 48 49 10 19 9 49 34 49 6 10 15 49 49 25 12 12 49 42 0 
