n: 60
m: 8
Pi:U[1-99] 24 64 84 92 94 11 63 80 51 4 68 63 10 2 88 46 79 82 73 2 76 58 20 16 86 34 92 51 15 81 76 68 36 1 31 54 23 98 44 9 78 54 96 76 25 54 69 12 21 90 56 49 63 21 83 93 52 46 8 53 
Si:U[50-99]
0 97 51 63 92 99 78 50 58 65 55 65 52 69 62 68 62 72 82 75 94 90 54 60 59 64 82 86 69 94 81 55 93 56 74 99 89 51 97 64 98 85 59 75 95 71 71 71 92 63 91 79 57 60 56 67 76 59 97 55 90 
57 0 93 96 96 96 95 58 74 60 75 87 82 74 91 58 94 87 78 90 67 73 77 99 82 63 89 50 82 51 78 94 75 69 89 51 60 95 59 99 72 61 68 84 63 58 93 60 92 60 80 63 51 88 81 91 55 56 62 59 50 
65 69 0 95 63 60 82 53 69 98 58 52 59 65 71 75 64 86 59 71 82 64 93 62 77 76 61 85 96 91 55 89 98 92 68 88 61 91 74 83 75 67 65 80 87 51 62 91 76 91 59 62 86 99 55 89 51 50 57 89 99 
53 89 51 0 74 82 75 60 53 79 52 76 61 94 99 80 62 99 72 67 69 83 99 60 74 53 59 74 66 70 78 89 64 82 77 62 61 51 53 70 67 91 55 56 88 68 87 66 84 55 99 70 82 72 82 65 68 78 62 50 62 
64 67 51 63 0 79 61 84 54 89 89 50 87 78 78 50 54 50 58 71 87 81 79 53 94 86 80 71 95 75 81 65 93 81 99 72 50 93 51 99 63 84 79 78 56 60 85 66 68 58 61 70 73 98 93 83 55 53 62 99 69 
74 67 91 66 87 0 89 68 90 90 94 78 72 83 88 54 82 77 71 62 96 86 97 99 60 77 76 59 55 64 61 60 91 89 92 85 92 80 70 86 54 86 80 83 75 83 52 61 54 64 81 62 52 98 57 77 81 94 95 68 90 
67 51 77 85 58 81 0 75 57 78 92 96 73 87 52 99 80 51 92 86 89 96 61 64 64 92 81 52 90 69 99 85 53 50 99 53 63 85 89 98 96 87 52 99 85 75 88 93 93 85 57 86 77 91 66 98 50 98 56 94 60 
78 84 73 70 67 87 59 0 56 53 97 71 71 66 75 66 53 97 93 90 93 97 69 62 77 53 70 51 71 94 54 70 92 88 82 56 75 99 96 66 68 79 87 57 85 93 57 62 84 50 59 81 83 98 77 89 94 98 98 55 77 
91 91 79 99 77 95 76 94 0 83 82 80 58 69 52 98 97 92 97 83 57 88 61 86 63 65 50 90 92 64 68 96 77 55 58 93 54 53 83 56 65 75 62 75 50 67 53 90 67 78 72 89 98 78 52 75 68 76 70 84 87 
75 64 77 84 50 73 87 82 55 0 79 95 99 99 63 63 71 56 96 77 85 93 59 76 71 99 78 96 63 79 73 97 72 88 66 75 73 85 57 60 59 50 61 79 92 83 56 69 54 78 59 68 90 64 78 86 62 75 65 66 98 
77 71 59 77 71 72 53 66 65 89 0 86 57 89 59 86 53 63 89 50 71 77 54 83 68 94 81 61 84 78 84 80 99 70 98 81 79 60 57 78 70 64 78 76 70 84 84 52 92 87 56 54 56 88 51 90 88 59 98 93 91 
70 85 55 52 70 93 65 95 78 51 75 0 85 71 94 71 71 80 67 91 84 80 86 74 85 62 86 51 80 86 99 68 85 67 62 95 88 54 85 59 91 58 80 98 83 79 62 78 71 60 74 70 91 85 60 62 79 58 50 56 93 
61 52 71 61 88 83 81 65 62 78 62 91 0 83 78 74 69 88 89 66 51 57 99 59 77 54 57 50 94 88 68 68 58 69 66 95 93 98 97 74 61 77 55 63 70 73 59 56 54 86 85 61 56 91 52 84 68 94 87 96 52 
62 60 53 50 68 79 50 73 56 59 69 97 60 0 88 59 97 73 70 71 80 98 77 71 61 82 66 74 82 66 68 69 60 74 60 74 71 62 64 51 73 90 65 98 64 58 66 86 99 95 83 83 85 82 54 66 66 58 85 88 72 
94 56 98 83 56 85 89 70 88 50 51 94 97 87 0 53 52 88 81 72 61 60 61 65 96 88 84 54 56 84 70 75 80 71 62 60 77 88 61 78 74 59 79 88 78 84 63 96 65 79 60 88 90 94 75 59 93 81 51 95 54 
59 91 55 84 87 52 64 85 65 61 51 68 68 65 89 0 75 99 53 92 57 69 66 84 68 57 58 64 80 81 85 70 50 91 50 97 72 62 50 67 85 59 70 62 89 91 81 89 71 86 85 85 68 54 89 57 52 67 55 60 92 
75 62 64 57 65 56 68 83 95 91 66 65 98 51 55 75 0 62 73 82 59 78 86 81 86 50 96 83 65 70 60 52 72 58 62 50 83 63 88 77 94 91 90 78 96 82 93 73 88 56 85 51 53 64 67 73 92 95 81 59 50 
94 89 88 81 50 69 86 86 53 74 80 58 55 61 52 59 50 0 84 74 89 98 72 92 83 80 68 84 97 83 79 88 97 78 69 85 97 98 98 71 64 94 77 51 63 64 54 64 96 61 75 95 95 89 99 80 64 94 92 67 59 
88 83 59 56 78 79 63 79 84 61 72 98 91 92 91 58 98 90 0 72 93 95 91 76 67 96 99 74 99 84 56 72 86 91 67 96 60 82 96 62 97 95 94 72 74 87 93 93 80 62 83 69 84 58 87 86 71 77 87 57 71 
61 92 62 91 78 99 85 91 80 54 59 89 62 68 67 70 89 59 98 0 84 99 91 56 67 54 68 86 62 63 59 56 56 51 98 92 94 84 69 75 57 87 64 57 76 59 66 69 96 88 56 72 54 96 57 67 54 51 76 51 57 
85 75 85 74 99 83 87 92 95 60 87 85 92 53 88 66 86 88 97 98 0 96 55 56 64 75 70 64 89 57 93 83 60 73 97 74 86 96 72 71 78 65 72 68 66 68 65 56 72 84 97 76 56 77 71 69 60 82 93 88 73 
67 65 53 59 54 65 73 50 63 73 99 60 70 81 77 88 67 87 88 95 72 0 95 77 75 62 68 57 71 93 89 82 87 71 89 90 59 85 74 97 95 68 64 80 89 99 83 53 59 86 87 78 84 74 51 93 68 52 81 52 70 
85 94 66 81 86 61 84 94 71 93 92 94 66 54 87 66 94 77 78 50 89 84 0 66 59 62 93 70 77 82 82 79 76 97 69 67 52 75 97 74 83 97 69 64 94 51 90 75 69 87 79 53 51 97 56 80 70 99 76 78 86 
76 53 91 61 83 91 80 94 62 56 55 98 52 90 62 79 81 85 83 68 82 96 92 0 76 74 99 54 58 68 99 50 67 85 91 71 52 98 88 98 75 87 83 90 70 92 93 94 70 70 91 97 72 60 72 67 84 73 54 73 60 
89 81 93 70 71 50 63 68 78 58 90 56 93 95 52 75 53 75 81 84 73 55 91 89 0 51 61 51 79 50 63 50 78 94 71 56 53 92 79 61 63 78 99 55 87 82 94 61 87 57 61 62 87 50 74 50 99 88 60 68 53 
91 78 69 99 99 54 97 60 50 52 80 57 66 80 91 77 61 99 79 70 50 50 57 73 66 0 93 64 91 91 59 85 60 87 54 56 73 59 65 62 70 92 80 63 85 59 85 58 90 86 63 87 60 55 71 67 60 87 64 90 69 
71 80 93 93 64 61 50 79 97 54 64 67 66 59 66 89 87 86 51 51 93 62 96 60 79 99 0 50 92 62 93 68 97 79 75 56 66 87 64 97 91 76 62 66 99 82 87 51 53 52 90 56 87 81 98 56 93 82 94 57 84 
70 87 71 70 97 85 57 74 86 51 59 68 59 64 64 62 91 61 83 64 76 72 89 91 96 50 52 0 80 85 64 89 55 61 53 99 94 85 55 79 85 66 65 52 70 61 70 51 84 58 77 52 55 76 56 86 75 59 59 94 81 
54 92 97 88 81 88 88 96 87 74 98 88 98 71 91 74 80 52 98 85 90 71 92 50 99 82 76 88 0 72 93 66 67 59 86 65 96 78 78 61 64 55 52 62 92 93 98 96 84 50 71 82 75 86 90 70 83 81 78 60 56 
64 52 88 78 82 54 69 82 93 59 67 81 99 75 65 53 69 62 64 99 50 65 83 70 64 74 82 91 92 0 99 62 96 54 76 95 70 71 81 98 65 53 98 54 91 96 96 97 93 84 93 73 74 71 72 70 60 52 99 86 83 
96 52 89 81 94 61 53 61 70 68 68 94 77 83 75 68 68 72 74 67 90 58 89 81 83 96 50 93 60 71 0 90 99 50 77 52 63 79 83 71 93 76 73 91 66 65 87 85 88 88 52 75 74 54 57 84 59 74 73 89 75 
90 68 52 99 79 96 93 73 68 63 50 65 54 86 52 68 82 61 92 83 56 51 66 64 96 89 87 90 69 96 95 0 76 60 80 79 64 69 83 87 83 53 78 84 68 78 71 89 77 99 59 93 91 91 62 65 94 92 54 72 66 
50 54 53 76 52 76 52 57 69 89 94 51 62 76 61 86 86 84 67 80 53 94 60 58 50 80 67 91 68 98 84 59 0 51 72 70 86 99 66 79 72 90 98 93 54 78 57 84 56 73 99 92 79 78 76 77 93 60 63 69 77 
59 89 60 95 62 74 72 78 87 68 76 72 65 94 69 55 88 95 90 51 52 53 77 63 86 74 55 96 98 77 65 53 95 0 88 92 73 55 54 69 64 77 62 73 87 99 59 88 83 60 90 63 99 60 77 53 54 62 81 79 60 
67 64 91 72 54 62 67 98 64 65 53 90 88 91 96 66 53 55 59 81 67 98 94 98 75 85 73 58 85 87 61 78 61 52 0 52 51 73 52 63 70 77 65 97 59 64 87 90 82 78 71 67 96 63 81 57 96 75 82 67 61 
76 98 53 99 73 74 85 97 67 69 83 62 84 83 67 97 59 65 78 79 70 81 88 83 59 72 73 75 87 58 88 99 68 72 58 0 54 82 52 84 82 68 88 68 78 98 63 55 96 90 79 92 53 61 88 87 72 60 53 89 94 
85 69 73 54 67 74 77 56 82 65 84 76 50 78 82 72 50 62 60 92 87 57 68 59 62 77 87 59 72 80 63 98 87 99 76 92 0 90 64 69 64 69 71 81 79 80 61 68 95 74 95 76 75 66 76 88 64 94 75 71 93 
85 50 69 61 81 92 86 72 73 86 96 58 83 56 62 92 76 52 67 62 57 54 57 82 88 76 70 73 91 50 63 85 53 98 98 62 54 0 57 65 51 66 91 72 76 91 62 93 89 94 65 52 93 98 72 61 91 63 90 83 97 
87 52 87 96 96 80 98 77 58 81 96 91 93 61 95 63 61 75 76 70 53 87 82 93 60 82 79 75 61 93 85 81 62 82 83 85 64 96 0 69 79 65 75 90 92 65 69 50 79 88 74 91 95 92 84 84 92 84 65 66 64 
90 86 51 98 91 65 86 58 99 86 80 75 59 50 83 65 70 74 75 81 76 77 65 57 89 90 54 51 57 55 92 50 75 93 63 71 58 52 56 0 92 50 92 70 58 74 68 73 62 84 79 56 68 83 56 54 83 59 64 96 97 
82 98 89 66 75 97 69 85 83 50 76 63 84 57 53 82 55 89 77 64 74 72 50 61 59 52 88 86 90 60 76 50 57 85 80 78 84 57 89 61 0 75 89 67 98 58 61 63 95 71 72 61 91 71 55 99 79 59 66 66 96 
62 80 93 77 70 85 96 96 81 67 91 97 76 93 90 97 71 52 60 94 84 92 68 82 64 84 79 88 82 56 93 55 64 71 54 80 91 66 58 86 72 0 84 83 53 82 72 73 76 57 65 60 81 91 50 84 97 67 55 73 96 
76 90 97 60 71 91 71 90 64 59 81 99 51 88 94 91 79 98 60 70 73 54 54 82 66 71 50 96 72 64 61 75 72 86 98 60 88 53 73 54 59 78 0 55 75 94 75 66 86 77 64 92 81 68 78 53 71 66 68 59 98 
81 98 64 83 75 84 61 78 88 52 50 77 99 64 85 66 79 88 84 77 79 85 79 66 90 96 81 79 88 75 57 77 78 58 59 72 74 70 90 99 80 76 75 0 84 94 69 80 80 78 96 76 93 51 95 82 54 52 70 78 51 
55 63 57 91 90 71 72 90 97 80 76 85 57 63 78 63 57 84 57 73 60 62 99 96 98 95 57 67 96 83 62 72 97 55 94 80 64 93 93 71 84 93 86 96 0 63 57 56 88 80 93 74 70 97 60 84 71 77 69 91 77 
77 91 55 68 71 72 86 92 55 90 81 87 70 93 52 81 97 75 85 78 97 86 74 78 76 78 86 93 71 50 90 84 93 87 96 98 79 80 53 87 89 89 77 52 92 0 54 70 60 90 98 64 95 50 76 57 66 72 97 67 75 
66 59 84 98 53 82 82 60 73 70 85 98 84 96 60 73 77 66 74 67 83 77 88 92 88 69 97 82 86 53 60 60 85 92 94 73 76 84 98 87 77 59 82 89 88 88 0 81 55 53 75 50 97 90 56 93 97 64 95 92 89 
94 70 81 59 62 89 72 89 93 77 69 95 62 91 51 89 53 78 77 65 51 60 73 89 71 84 97 61 80 92 60 84 99 71 89 93 92 69 97 85 83 58 67 90 84 94 85 0 88 58 91 92 70 80 62 79 64 80 54 56 53 
70 72 74 63 85 96 83 96 87 86 66 90 84 68 92 82 50 88 78 63 67 97 77 59 77 57 98 94 98 75 92 62 65 88 65 95 73 64 62 88 84 78 78 86 88 78 69 50 0 53 93 92 92 54 95 71 73 87 78 72 71 
69 93 71 85 76 76 89 85 54 60 68 75 97 78 60 55 87 55 98 96 64 99 51 50 54 57 93 51 64 67 89 80 65 64 78 55 92 75 57 79 71 84 60 61 61 90 67 92 51 0 89 76 52 68 56 92 82 98 60 82 67 
94 82 84 91 96 57 89 98 79 66 53 56 87 64 90 87 90 96 63 55 91 71 69 58 52 64 86 62 51 72 60 61 68 52 87 97 68 55 63 73 86 50 84 89 60 56 95 71 75 53 0 61 65 85 54 83 82 65 84 61 73 
88 93 97 75 50 62 53 92 92 71 88 85 89 93 57 75 77 85 53 59 59 74 94 81 55 93 53 56 56 94 50 70 93 78 56 94 70 59 93 51 93 70 50 54 54 94 52 76 55 90 50 0 55 90 76 90 52 65 70 86 97 
55 51 91 61 78 76 51 98 85 55 94 83 80 72 61 96 52 69 75 76 94 75 75 73 69 61 74 90 59 80 50 67 54 51 96 95 88 50 55 74 72 74 69 67 82 61 59 93 90 62 78 50 0 77 75 56 65 51 91 73 77 
66 71 67 51 71 72 71 75 56 92 89 65 74 56 50 89 50 80 71 59 91 96 64 59 55 77 97 52 93 83 89 94 67 55 85 97 99 51 60 87 75 87 69 58 64 60 98 68 54 85 51 67 63 0 65 54 82 82 55 88 50 
72 76 86 78 54 81 78 89 78 94 67 67 78 84 50 54 78 71 68 63 81 56 96 72 96 70 54 75 54 93 59 77 65 61 50 88 54 90 74 92 98 88 78 91 83 69 87 92 73 80 57 74 68 56 0 54 99 77 74 94 55 
53 50 99 50 95 80 53 71 71 97 86 63 51 88 74 51 51 73 99 98 60 78 85 89 56 57 82 66 93 90 76 92 66 55 84 82 76 73 52 72 72 60 55 77 98 72 91 92 84 74 62 74 65 98 85 0 62 61 83 56 66 
58 93 86 56 86 73 62 68 88 69 72 59 53 91 95 65 75 63 99 92 96 71 51 67 55 80 95 70 97 72 87 51 72 66 92 77 59 78 70 51 67 68 82 60 88 92 66 97 99 89 66 72 57 74 52 55 0 84 89 98 80 
67 54 98 58 66 98 89 51 86 51 80 54 87 90 80 77 60 74 57 80 51 74 57 76 51 97 58 52 90 91 59 75 64 58 61 88 92 84 74 68 90 59 91 89 87 55 97 77 84 73 72 60 81 71 69 75 77 0 81 54 62 
71 99 56 59 88 84 52 85 71 56 91 53 68 68 83 83 61 94 78 52 67 97 89 94 67 86 60 94 60 90 99 67 74 98 61 91 50 68 87 97 99 78 98 51 91 58 64 58 56 65 61 83 84 98 57 58 97 96 0 58 78 
76 51 80 50 81 81 79 52 80 95 74 51 72 68 67 96 65 90 63 77 91 73 73 66 85 52 80 69 69 76 98 74 51 80 66 92 87 71 90 86 64 91 89 76 61 88 80 76 72 73 94 91 66 58 75 61 79 82 52 0 80 
50 63 91 80 99 82 60 53 76 96 90 77 86 96 72 70 89 85 62 98 59 65 85 93 80 57 75 70 95 63 85 97 95 73 94 89 71 61 61 93 54 89 95 86 77 53 58 75 63 81 82 52 76 55 91 94 65 55 73 88 0 
