n: 60
m: 4
Pi:U[1-99] 64 52 55 24 42 22 26 25 99 43 89 57 90 3 13 89 54 94 86 77 96 79 79 86 50 28 85 55 30 95 59 58 83 60 34 68 65 78 53 13 39 93 54 72 95 53 2 61 76 23 49 26 67 89 12 68 59 26 86 31 
Si:U[50-99]
0 34 43 52 60 49 51 45 56 46 99 99 99 99 93 75 99 99 99 85 99 78 81 99 99 99 99 99 99 99 84 99 79 99 99 99 99 90 99 88 99 99 99 99 99 78 99 99 99 82 99 99 84 99 76 99 99 84 90 99 91 
39 0 56 38 34 42 38 48 53 50 99 99 87 93 87 99 99 99 99 99 99 99 97 84 79 99 79 99 99 99 94 99 99 99 99 97 99 99 99 75 99 79 99 99 99 99 96 90 99 99 99 90 99 99 84 88 84 99 99 99 99 
53 59 0 35 66 47 58 36 59 45 99 87 99 91 99 99 99 99 99 87 99 99 99 85 99 99 93 82 99 79 99 87 99 99 90 99 99 99 75 99 99 99 99 90 90 99 99 99 91 99 99 99 99 82 84 99 99 93 88 99 99 
48 37 39 0 43 47 49 60 63 56 99 84 99 99 99 99 99 78 99 99 99 84 91 99 99 99 94 99 94 96 99 99 99 99 99 91 91 85 96 82 99 99 99 99 87 99 99 99 99 79 94 99 87 99 99 99 99 99 85 99 99 
50 58 43 51 0 46 37 47 52 46 99 99 85 99 99 81 99 99 99 79 93 99 99 99 99 99 99 82 99 99 99 99 99 99 99 85 87 99 85 81 99 99 94 76 99 99 99 99 99 99 97 99 99 97 84 99 99 99 81 96 99 
36 37 42 55 48 0 48 54 33 47 99 99 99 99 99 99 99 99 99 99 99 99 99 99 85 99 85 99 79 99 99 82 99 99 99 75 97 99 99 75 90 99 90 99 91 84 99 99 99 76 99 87 99 78 99 90 93 99 99 99 99 
35 64 56 45 52 40 0 33 63 58 99 88 99 99 76 99 99 99 76 99 94 99 99 99 99 78 99 99 99 87 99 99 99 75 88 91 99 94 99 99 96 99 99 99 99 99 97 99 99 99 99 99 99 99 94 99 99 99 99 99 75 
50 61 63 51 66 33 58 0 51 62 78 99 99 99 99 99 99 99 99 81 99 90 99 99 99 99 99 99 99 99 99 99 99 99 99 99 99 99 99 99 99 99 99 99 97 99 91 99 99 99 99 99 99 99 99 99 82 99 99 99 99 
46 36 39 56 43 62 38 59 0 62 87 99 99 99 99 99 85 99 88 99 99 76 99 99 99 85 99 90 99 99 99 76 99 99 81 99 75 99 99 99 99 99 99 99 99 99 96 99 81 99 99 99 99 76 79 99 99 99 99 99 99 
64 63 42 40 56 51 65 54 48 0 99 99 99 99 99 99 99 99 99 82 99 99 99 99 99 99 99 75 99 82 99 99 91 99 78 99 99 90 79 99 79 99 90 99 99 76 79 99 99 99 99 99 99 99 99 76 99 99 99 99 97 
99 99 99 99 82 99 93 79 78 99 0 54 38 49 52 40 60 61 66 54 99 99 93 99 82 99 99 99 99 91 88 99 99 99 78 99 79 99 99 94 99 76 99 99 91 78 99 99 99 76 99 85 99 97 99 99 84 99 99 99 99 
99 99 99 90 99 84 81 94 99 99 58 0 65 50 56 33 52 53 46 42 99 99 79 99 90 99 99 99 75 99 99 99 99 82 93 81 99 99 99 99 81 99 99 99 99 99 99 99 99 99 84 99 99 99 99 99 99 79 99 99 88 
99 87 99 99 99 81 88 82 99 99 39 52 0 60 56 65 61 36 45 37 99 84 79 99 90 84 99 99 99 99 99 96 99 99 75 99 99 79 99 99 99 99 99 99 99 99 99 93 99 99 99 99 94 99 99 99 97 99 99 99 99 
75 76 99 99 96 93 75 99 99 99 58 33 56 0 63 50 33 65 65 62 99 99 90 90 99 99 82 99 99 99 97 85 79 99 99 99 94 99 99 99 99 99 99 99 75 99 99 99 99 99 99 96 79 99 99 99 99 99 85 99 99 
99 99 99 99 99 99 99 99 99 99 57 56 56 44 0 44 52 59 62 37 99 99 94 81 85 99 99 90 99 99 79 94 99 99 99 99 99 99 99 99 99 96 84 99 99 96 99 99 99 99 99 99 99 99 99 99 88 99 75 88 88 
93 99 94 99 99 99 99 99 84 99 52 57 58 35 38 0 40 44 64 41 99 99 79 78 99 75 99 99 99 99 99 75 99 99 99 78 99 99 99 99 99 99 99 99 88 99 99 76 99 99 79 93 99 99 93 87 79 99 99 82 81 
99 78 93 99 85 76 79 79 99 99 42 58 38 49 34 57 0 64 47 42 87 99 85 76 90 99 99 88 84 85 99 99 84 99 78 99 78 99 99 87 99 99 96 97 99 84 99 99 99 78 99 79 99 99 99 99 79 99 99 99 76 
99 99 99 99 99 99 99 99 75 99 60 63 38 47 34 64 39 0 46 44 85 99 99 79 76 81 99 79 99 96 99 99 99 87 94 94 93 99 99 75 78 99 99 97 99 99 76 99 99 87 99 99 99 99 99 99 99 99 99 85 99 
76 99 99 99 85 99 99 88 99 91 48 58 48 50 58 48 42 42 0 48 79 99 99 99 99 99 99 85 99 99 99 85 90 99 99 75 99 99 99 96 93 99 99 82 99 99 76 79 99 99 99 99 99 99 99 99 99 99 99 82 99 
99 82 75 87 99 99 88 99 99 91 57 35 59 50 44 63 38 60 48 0 82 99 99 99 81 79 99 76 99 99 99 99 94 88 85 75 99 91 99 99 99 75 99 99 85 99 99 97 94 97 87 99 99 99 99 99 93 99 99 82 99 
99 75 99 99 99 84 99 99 94 99 78 99 99 99 99 99 99 90 99 99 0 64 43 65 46 36 42 36 37 35 99 99 90 99 99 99 93 99 99 99 99 99 93 99 99 99 99 99 99 87 88 99 75 99 99 99 99 90 84 99 99 
99 78 91 99 99 79 82 99 99 99 82 99 99 96 99 99 99 93 99 94 40 0 50 52 37 53 52 54 34 37 87 99 99 91 99 99 99 96 88 99 99 99 99 76 99 99 99 90 75 99 99 78 76 99 99 84 78 81 99 99 81 
75 99 99 99 99 96 99 99 99 99 82 99 93 99 84 99 94 99 99 99 61 40 0 42 38 34 46 46 40 45 88 99 99 99 84 82 99 94 87 96 99 96 99 84 99 88 88 99 99 99 81 99 99 99 99 99 99 99 99 99 78 
79 99 84 94 99 99 99 99 99 87 76 99 99 99 99 99 75 99 99 99 57 44 64 0 41 35 34 52 62 63 99 88 99 84 81 99 99 76 96 99 99 99 99 78 75 99 99 99 99 99 93 99 97 90 85 99 99 99 99 99 99 
99 97 78 99 97 99 79 78 79 99 99 99 84 94 79 99 99 99 75 99 58 39 44 40 0 57 43 41 56 52 97 99 99 99 75 99 84 99 88 99 99 94 99 99 99 99 99 99 79 99 93 75 99 99 84 99 99 87 99 99 75 
99 99 88 99 99 99 81 99 99 99 79 99 99 84 85 99 99 99 91 99 43 62 54 37 45 0 64 37 44 62 97 99 78 94 99 82 99 99 78 85 99 99 90 81 99 79 99 99 93 99 99 78 79 99 99 99 99 99 93 99 99 
99 99 99 99 76 99 99 75 82 99 99 99 99 75 76 99 99 99 99 93 58 54 60 51 52 42 0 34 52 48 99 99 99 99 99 99 81 99 81 99 99 99 99 99 99 99 87 82 94 99 90 99 99 96 99 99 99 99 99 84 99 
99 75 99 99 94 99 99 99 99 99 99 87 87 99 97 82 99 99 99 99 39 38 60 57 64 54 64 0 60 34 87 99 99 99 91 99 99 99 94 99 99 99 99 99 99 99 99 99 88 99 99 99 99 99 99 90 91 99 99 84 99 
99 99 99 78 99 99 99 99 99 81 82 97 99 99 99 99 81 99 99 79 48 62 52 60 58 61 60 51 0 38 99 87 97 99 76 99 93 99 81 99 99 99 94 99 99 82 82 99 96 99 93 90 99 99 99 99 99 99 99 99 99 
81 90 99 97 99 99 96 99 87 99 99 94 99 99 99 90 99 99 93 99 54 62 46 52 50 48 44 51 34 0 99 88 99 99 99 76 97 79 99 99 99 81 87 94 99 99 76 96 99 99 99 75 84 99 99 99 90 99 99 99 99 
99 81 99 99 99 94 87 99 94 99 75 99 99 99 99 97 99 99 99 99 76 99 99 99 99 99 99 99 99 99 0 45 33 44 58 42 50 41 44 53 99 99 76 99 99 99 99 91 99 99 79 90 99 99 99 94 99 99 99 99 99 
99 97 99 99 99 93 78 99 99 99 99 99 99 99 84 88 97 78 76 87 99 96 99 99 85 99 99 99 99 99 61 0 55 47 44 44 42 58 42 50 99 99 99 99 99 99 90 99 78 99 75 84 79 97 99 99 99 75 99 99 99 
99 99 90 99 99 99 81 99 99 99 99 99 99 99 99 99 75 99 99 99 99 99 99 94 99 88 99 99 99 99 34 56 0 48 34 58 49 54 57 62 99 90 99 99 99 99 96 99 99 99 93 75 99 99 99 99 99 99 99 94 99 
88 99 93 94 99 99 99 82 96 88 91 85 99 79 75 82 99 93 99 85 99 99 99 99 99 76 99 84 99 99 49 46 50 0 62 34 42 33 65 50 99 99 94 99 99 99 99 99 99 99 99 99 99 78 99 99 99 99 76 99 99 
99 79 82 97 99 96 99 99 90 99 78 76 99 99 99 99 99 82 99 99 87 99 81 99 99 99 99 99 99 99 64 38 46 64 0 34 34 38 43 42 82 99 99 99 99 99 99 82 99 99 99 99 99 90 93 90 93 99 99 75 99 
99 79 99 75 99 99 78 99 99 79 99 99 99 99 99 99 99 99 99 85 99 88 79 99 99 99 78 99 99 99 56 37 48 37 54 0 37 50 39 42 75 76 99 91 99 99 99 85 79 99 99 99 99 99 99 99 99 99 99 99 99 
91 99 81 99 99 99 97 81 79 94 99 99 99 87 91 91 99 99 99 99 99 99 91 99 91 99 99 75 75 99 39 38 62 48 63 61 0 36 42 58 99 99 99 99 99 99 99 99 88 99 99 78 99 87 81 99 99 99 99 99 99 
99 99 91 99 94 99 75 99 99 91 82 82 90 99 99 99 99 99 99 82 97 99 99 99 99 99 99 99 99 99 63 62 40 66 34 60 57 0 38 52 88 82 99 99 99 99 99 99 88 94 99 99 87 96 99 99 82 99 99 99 99 
99 99 84 99 97 88 99 99 99 88 99 78 90 93 99 99 99 99 99 99 99 85 99 99 90 84 78 99 99 99 42 34 58 65 55 50 52 33 0 47 99 97 99 99 99 85 99 99 99 99 99 99 99 99 99 99 99 99 96 99 96 
85 99 78 99 99 96 91 99 99 93 99 99 79 99 99 99 99 99 96 99 99 99 99 99 99 82 99 99 99 99 60 64 39 66 63 62 59 65 66 0 81 99 99 99 76 91 99 75 84 99 99 99 88 99 85 99 99 99 99 99 99 
99 94 99 99 99 99 99 99 99 99 99 99 99 99 99 97 88 99 99 99 99 76 99 99 76 99 78 99 99 99 99 99 90 99 78 78 99 99 94 99 0 56 39 62 55 44 66 64 52 48 90 99 99 76 97 99 99 94 99 87 85 
75 81 99 99 99 99 99 85 82 99 99 84 99 99 99 99 99 81 88 99 96 99 99 99 99 99 75 99 99 99 75 99 99 99 99 99 99 91 99 87 60 0 33 62 65 44 36 36 49 54 99 99 99 87 82 99 88 85 99 99 99 
99 96 76 97 99 94 99 99 99 99 99 99 94 99 99 82 99 99 82 81 99 99 91 99 81 99 99 93 91 99 94 99 99 96 99 99 93 85 99 78 40 51 0 63 36 44 45 54 61 40 99 97 87 99 99 99 99 99 84 99 97 
99 99 94 99 87 97 99 99 81 81 99 99 99 99 91 87 81 99 99 99 99 76 99 99 99 99 99 99 99 99 99 99 90 99 99 99 76 99 99 82 62 55 58 0 36 42 52 64 39 57 93 78 87 99 99 99 88 99 99 99 82 
99 99 85 85 97 93 99 99 97 93 93 99 99 91 97 99 99 99 87 96 94 81 99 81 99 76 99 99 85 99 78 99 91 99 99 99 90 76 99 99 48 61 45 52 0 61 44 64 38 43 99 90 99 99 99 75 99 99 99 79 99 
87 99 99 99 99 99 88 81 99 94 99 88 99 99 84 90 99 99 94 99 99 97 99 93 99 99 90 99 99 79 99 94 97 93 82 99 99 82 84 99 50 45 44 52 57 0 42 40 38 34 99 76 99 99 99 99 99 99 99 99 81 
99 99 81 88 85 99 99 99 96 99 99 99 81 99 99 88 96 99 99 99 84 99 99 75 99 82 99 99 93 97 96 99 99 99 85 99 99 99 79 94 39 66 33 64 50 33 0 38 37 46 93 99 99 99 99 99 99 99 97 99 99 
97 99 99 99 96 99 78 99 87 82 99 99 99 99 99 84 99 99 78 90 99 99 76 99 76 99 99 99 99 91 99 99 99 99 99 99 99 99 96 99 50 50 43 66 42 44 54 0 34 47 78 99 99 99 99 99 99 96 99 82 99 
99 99 82 99 99 99 99 99 94 99 85 99 79 99 99 93 97 99 84 99 99 99 99 99 99 93 99 78 99 99 79 99 85 99 79 99 99 84 93 99 50 56 46 54 56 62 58 60 0 33 99 99 84 99 99 99 99 79 99 99 99 
99 99 93 99 99 99 84 99 99 99 99 99 99 99 78 99 99 79 99 75 99 99 82 91 99 99 99 88 99 99 99 76 99 99 99 99 99 93 88 88 44 58 58 40 56 65 39 52 53 0 99 99 99 99 78 99 99 99 99 99 85 
82 99 99 99 99 99 99 99 99 90 96 99 99 81 99 99 99 99 99 99 91 99 99 85 99 99 99 99 99 84 99 90 99 85 99 76 99 99 99 99 99 84 99 78 99 99 99 84 85 99 0 48 45 42 46 51 61 61 45 52 87 
99 78 99 99 91 84 82 99 99 99 99 97 99 99 99 99 99 99 99 76 99 99 82 91 76 99 99 99 99 99 94 75 99 99 93 99 99 96 99 99 99 99 99 76 99 81 99 99 99 99 40 0 53 47 64 57 46 37 47 62 99 
99 99 99 88 99 84 79 99 99 99 99 99 99 99 99 99 99 99 99 99 99 99 99 99 99 99 99 96 81 99 99 99 85 99 99 99 99 94 75 99 99 99 99 99 85 97 84 78 99 99 58 51 0 60 38 35 48 58 59 39 75 
79 99 78 99 93 91 99 99 99 87 99 99 99 99 99 82 99 90 96 85 79 99 87 99 97 99 99 99 99 99 99 82 99 99 78 99 99 99 99 99 99 99 87 96 99 99 97 99 99 99 42 55 58 0 52 38 38 59 65 45 76 
99 87 87 91 99 99 75 99 99 99 99 99 99 99 99 99 96 99 99 99 99 99 87 99 99 85 99 99 99 99 99 96 99 75 99 99 99 99 90 99 88 76 82 97 96 99 99 99 99 99 58 62 48 40 0 35 42 42 43 41 99 
79 94 91 99 99 99 99 99 99 93 99 99 99 99 76 84 99 99 93 99 99 99 84 99 97 99 99 99 82 99 99 99 99 99 99 96 99 96 99 99 99 99 99 99 76 99 75 84 99 99 66 39 51 33 44 0 56 47 60 66 99 
99 99 75 88 99 85 99 84 88 99 99 99 99 99 99 99 99 99 99 99 99 99 97 99 81 99 97 97 84 99 88 99 99 90 79 99 99 99 93 76 99 76 99 99 90 96 99 99 99 99 54 56 33 48 66 56 0 57 48 62 94 
97 99 99 99 97 85 99 99 99 88 93 99 76 99 99 99 99 99 99 99 91 99 99 93 81 99 85 99 99 97 90 99 88 99 99 99 93 99 99 84 99 99 99 99 99 91 99 99 99 99 60 56 39 38 38 58 37 0 50 48 99 
82 99 85 99 87 99 99 99 99 99 88 99 99 99 99 99 99 99 99 79 93 84 79 99 99 90 99 99 99 99 96 99 99 99 99 99 96 99 87 79 99 78 85 75 99 84 99 91 94 91 52 34 40 47 51 48 64 50 0 33 99 
99 99 99 99 99 99 99 99 99 99 99 76 99 99 88 99 75 99 76 88 99 99 99 93 99 99 99 99 90 97 99 76 99 78 99 75 99 93 99 82 99 99 99 99 99 97 99 78 99 99 66 39 37 56 33 37 34 33 36 0 99 
99 99 99 99 99 99 79 99 99 79 99 99 99 84 99 99 99 93 84 96 99 99 81 99 75 99 78 99 99 99 99 82 99 97 99 82 99 94 96 99 99 99 99 94 97 99 82 99 87 99 99 99 99 99 99 99 91 99 99 99 0 
