n: 60
m: 10
Pi:U[1-99] 54 98 58 18 84 45 68 37 33 95 72 8 41 67 54 8 71 80 10 82 18 44 35 87 86 91 11 35 21 65 77 17 94 43 81 72 86 8 40 32 94 14 17 7 66 51 7 35 72 31 6 55 36 1 52 33 37 71 77 44 
Si:U[1-49]
0 1 31 13 36 42 48 49 24 7 15 29 13 26 18 10 19 31 15 43 4 25 9 16 22 41 18 6 4 3 30 24 24 38 43 18 27 27 15 7 14 7 45 46 45 6 35 45 25 6 41 20 17 37 43 39 33 3 5 7 33 
24 0 28 37 1 29 36 26 47 24 46 17 6 29 42 25 23 2 16 38 40 1 33 43 15 31 32 15 35 2 27 17 36 4 20 43 46 3 33 45 31 32 37 7 3 27 35 44 21 24 3 44 20 24 35 39 45 46 3 27 47 
7 45 0 5 22 11 34 3 46 40 15 47 38 33 15 25 33 32 6 40 44 13 25 36 24 27 44 35 13 43 33 40 21 7 36 40 22 26 20 27 32 36 36 10 37 1 38 45 40 36 12 3 44 10 40 4 13 30 7 46 22 
27 22 32 0 25 13 33 13 28 30 18 8 24 47 18 6 9 32 37 26 2 19 15 49 41 25 25 49 18 26 24 18 8 14 35 46 41 19 6 37 21 35 10 35 21 22 45 33 4 46 18 31 47 35 37 20 21 5 31 14 4 
17 32 42 26 0 37 3 44 25 7 36 40 8 40 24 33 10 7 8 8 23 2 47 47 9 4 12 15 49 9 37 17 21 6 2 35 35 16 11 28 15 18 35 22 38 2 38 28 33 17 13 27 10 47 43 45 22 43 33 6 28 
3 12 14 27 49 0 15 31 41 19 8 44 13 12 5 35 7 14 14 13 30 33 37 21 18 42 11 29 30 5 44 21 24 23 11 37 40 41 38 9 13 9 35 45 49 36 24 44 12 6 47 43 14 37 8 24 42 44 1 24 2 
25 49 49 15 18 8 0 38 41 23 32 28 39 32 47 44 47 10 16 23 49 46 27 2 32 26 19 8 28 22 1 6 36 43 25 36 34 41 6 7 31 18 15 30 12 38 11 45 25 3 14 36 1 47 47 33 29 4 18 45 26 
22 38 13 19 35 30 25 0 30 29 5 49 19 18 19 41 36 20 38 2 29 23 26 6 24 44 6 33 20 27 40 12 36 14 3 17 34 40 20 41 17 16 12 49 48 11 1 41 16 9 19 34 24 47 39 32 43 43 44 46 11 
29 29 21 2 41 8 3 21 0 31 7 1 24 28 1 35 13 28 25 4 18 36 17 13 18 46 17 29 35 41 16 15 41 14 39 5 26 38 7 47 38 8 29 38 28 33 5 6 19 46 49 1 25 42 44 34 20 2 23 25 14 
19 15 39 44 48 23 31 25 10 0 2 8 36 17 21 20 45 37 19 18 19 4 47 28 22 40 15 10 28 39 6 23 20 31 3 35 38 21 1 3 13 19 24 18 14 14 21 8 33 26 39 36 6 45 17 19 2 20 36 13 37 
40 32 9 25 2 30 39 15 32 23 0 8 13 44 6 25 47 43 43 29 46 24 40 26 19 1 8 9 46 39 20 21 20 44 33 37 6 25 37 14 29 3 6 3 28 41 12 10 9 45 10 34 26 22 46 27 43 47 6 25 1 
7 30 15 38 34 21 19 1 36 34 2 0 45 13 12 35 31 19 40 28 5 15 12 2 38 12 45 4 11 23 21 2 12 36 13 21 35 19 46 43 14 26 3 8 9 39 33 39 36 35 33 25 43 13 36 3 48 9 23 32 38 
18 23 39 2 16 48 6 27 2 21 33 44 0 20 25 18 4 47 18 14 4 11 17 47 38 22 4 36 35 40 37 19 2 48 29 40 9 20 48 37 21 40 45 33 20 33 10 7 46 43 24 49 10 8 16 15 26 36 40 27 41 
18 46 28 35 8 3 12 22 10 39 30 34 1 0 1 47 12 9 1 47 3 36 15 47 36 2 18 30 2 11 17 1 7 42 9 33 19 8 46 33 28 23 43 43 27 2 6 21 40 47 41 3 13 46 42 38 7 12 13 23 19 
17 32 28 29 19 25 25 17 9 22 47 1 1 23 0 4 42 32 42 7 29 13 39 44 13 36 27 14 11 5 31 33 41 45 15 43 34 35 12 39 13 34 7 1 6 2 43 47 23 16 49 4 15 34 7 25 19 5 33 15 13 
41 24 2 11 41 14 37 32 3 33 7 24 40 8 35 0 12 45 40 46 41 30 29 46 47 48 4 12 42 31 38 27 2 41 16 25 4 49 11 49 39 39 7 35 22 44 34 44 17 40 8 44 5 46 23 8 28 7 8 38 3 
15 28 31 43 23 42 12 32 45 24 32 38 31 34 12 49 0 12 2 34 10 38 23 48 26 22 47 22 11 49 7 27 14 5 46 44 8 8 32 3 28 44 30 24 49 34 46 27 19 17 33 7 3 33 6 27 48 17 19 15 44 
44 38 26 22 32 44 7 11 4 7 43 22 49 43 10 9 3 0 36 38 29 22 21 11 2 38 7 15 22 47 36 29 8 46 4 24 18 15 44 39 16 4 17 13 42 46 42 34 17 36 33 36 25 35 26 11 41 31 22 47 14 
40 40 12 3 8 48 19 4 11 27 45 13 35 19 27 33 6 31 0 36 37 32 44 40 30 15 21 1 40 49 40 20 18 16 25 7 38 1 26 2 49 43 42 21 12 42 19 18 18 40 40 11 35 41 28 4 39 8 30 48 6 
21 7 16 27 4 4 39 2 25 5 12 12 48 49 49 43 43 32 29 0 20 20 45 37 1 12 13 14 19 9 8 1 2 43 39 1 33 10 23 2 41 7 24 20 27 4 48 46 2 16 7 15 41 26 42 7 29 40 1 27 15 
11 8 24 6 28 49 5 30 49 3 27 9 20 46 12 12 22 34 2 19 0 17 31 25 10 10 44 4 20 22 36 19 24 36 42 2 35 40 41 46 42 47 29 14 6 16 4 45 10 15 29 32 30 9 27 27 48 47 41 6 11 
7 3 27 41 39 48 16 42 34 46 14 47 7 46 27 7 19 36 44 39 30 0 39 43 44 26 41 20 49 29 3 1 14 19 5 44 1 27 38 7 14 37 26 45 16 1 47 46 27 34 29 41 17 30 21 28 35 7 18 27 16 
11 17 3 17 35 46 25 28 10 9 25 35 1 13 43 5 48 26 35 31 40 22 0 44 18 43 2 33 8 36 24 45 16 13 21 34 25 4 37 37 38 25 1 44 48 45 27 41 33 44 11 4 42 29 48 33 1 15 13 7 16 
12 28 41 8 18 26 21 45 34 26 34 15 48 35 14 32 26 1 13 4 47 29 26 0 32 46 40 11 22 2 44 36 45 30 17 17 23 35 3 29 41 46 8 22 12 1 26 28 25 26 23 10 6 8 41 26 21 25 1 12 8 
35 44 42 22 37 46 32 40 33 49 21 38 12 35 15 36 21 40 20 24 23 48 46 6 0 30 10 8 2 9 21 40 25 27 8 49 3 34 38 44 41 14 9 31 17 26 39 17 11 24 28 27 39 44 36 37 34 37 27 40 40 
36 41 40 27 17 23 18 24 18 8 22 22 2 4 40 28 35 13 34 20 28 11 17 23 34 0 22 22 5 36 29 45 17 18 36 22 35 8 18 44 23 47 6 35 25 29 36 9 26 16 44 30 14 44 9 44 45 20 20 9 42 
43 6 28 21 3 13 18 44 41 36 30 24 8 11 38 2 33 23 44 11 9 27 26 20 47 42 0 41 30 7 25 5 1 10 8 27 40 30 32 3 49 44 37 10 40 21 14 10 7 17 32 19 43 41 32 14 31 3 4 7 46 
5 12 3 28 14 29 31 45 29 5 14 33 15 37 41 16 21 48 13 29 21 34 13 36 49 31 6 0 25 18 39 29 45 44 4 8 16 11 47 11 3 19 43 14 5 3 47 49 19 35 17 2 19 16 8 17 10 38 3 42 6 
6 44 36 14 18 43 43 20 17 31 22 37 5 24 5 23 13 29 33 38 21 1 28 5 33 30 36 29 0 49 27 48 7 23 22 14 45 37 15 43 49 30 17 13 39 11 1 38 19 47 31 17 27 30 10 20 40 31 45 41 38 
4 34 42 11 43 25 48 8 39 26 46 10 33 22 33 19 31 27 6 19 6 22 25 19 44 13 23 12 30 0 7 29 39 47 46 29 19 7 16 26 5 2 29 23 48 23 36 25 1 26 42 17 34 13 8 11 17 41 5 4 31 
11 34 46 32 16 37 34 47 21 45 41 41 27 39 18 41 28 27 46 35 33 28 33 7 2 4 7 30 16 44 0 27 40 10 12 34 11 9 38 32 36 6 36 26 1 48 2 47 49 35 18 41 42 8 3 38 42 9 14 35 35 
42 5 10 13 46 30 46 21 17 27 30 19 42 42 19 40 10 5 44 2 28 36 12 36 41 37 17 24 30 10 41 0 26 39 10 7 43 21 32 11 10 18 47 13 38 45 24 37 43 6 37 27 14 25 22 30 24 47 13 41 47 
25 17 4 42 47 14 35 48 11 28 48 22 22 28 42 29 42 38 8 19 18 18 41 24 7 10 14 25 28 3 19 45 0 8 29 27 10 44 28 8 5 5 34 38 32 28 16 14 21 9 25 1 9 20 45 30 20 32 48 25 19 
27 44 4 3 16 8 26 15 10 40 18 38 42 19 42 38 10 14 44 4 20 43 43 30 46 32 26 6 8 14 10 17 4 0 48 7 31 23 17 29 15 6 4 30 23 13 23 9 28 45 23 46 1 38 41 45 11 29 6 1 15 
25 21 41 4 43 9 12 42 47 44 41 45 2 3 36 7 44 44 33 37 48 41 12 23 49 20 31 17 9 18 9 9 15 46 0 16 5 41 2 17 2 12 43 10 38 16 44 14 40 27 3 12 45 14 30 48 29 49 25 41 29 
46 26 28 22 48 30 49 14 47 45 5 36 47 31 2 24 42 45 15 10 30 43 47 39 35 38 49 45 28 31 26 6 18 24 48 0 20 10 43 27 7 10 11 33 10 34 9 24 42 18 49 11 2 42 40 1 18 47 4 14 36 
12 48 15 40 6 30 16 42 43 24 43 4 28 1 47 9 38 44 36 17 15 38 44 27 42 18 24 48 9 49 43 24 25 49 2 4 0 12 16 37 41 19 28 36 46 35 38 34 27 6 14 32 28 18 41 37 21 49 30 29 36 
28 33 46 14 12 36 33 16 3 13 10 7 31 13 42 31 24 35 23 34 7 32 30 46 29 49 1 3 33 32 27 48 32 3 1 48 27 0 41 15 7 10 8 16 31 40 25 38 18 26 6 49 45 49 6 39 35 18 5 12 7 
31 39 5 5 24 19 5 29 22 21 4 22 19 39 17 28 49 49 40 28 48 3 20 33 30 41 24 21 32 26 43 40 7 14 26 21 18 32 0 20 40 49 12 49 48 12 48 35 40 18 35 9 34 10 20 48 4 49 36 16 18 
42 36 6 34 35 29 16 36 14 34 6 3 26 4 23 14 13 19 44 1 39 30 39 28 42 13 21 42 36 43 5 19 8 11 17 3 36 35 19 0 17 8 40 28 37 10 27 10 23 25 30 36 33 32 42 8 12 34 41 28 22 
48 15 5 23 3 15 27 16 4 17 41 27 27 46 12 21 9 23 1 26 4 44 6 43 36 43 5 44 49 42 17 27 5 36 7 33 14 13 46 3 0 18 16 44 43 4 47 17 16 38 8 11 13 4 7 3 10 7 36 25 45 
17 49 20 32 4 45 1 4 8 8 31 36 28 12 26 38 42 11 7 30 25 21 39 42 12 32 13 34 47 28 32 4 12 1 9 18 49 35 2 40 22 0 6 12 23 1 8 14 32 6 37 27 17 25 3 16 47 44 34 45 6 
40 45 12 16 22 3 7 43 22 44 23 36 14 22 13 19 17 6 49 37 40 13 27 5 10 20 18 36 14 2 33 48 17 14 5 47 42 24 20 47 32 29 0 24 25 21 1 24 17 37 8 18 31 1 10 32 11 4 6 23 27 
17 10 32 11 24 11 38 7 44 49 32 42 3 1 25 44 24 20 10 41 28 46 19 4 40 24 28 10 37 25 3 22 16 48 6 46 24 16 31 24 9 38 47 0 41 46 19 39 2 10 39 26 17 40 35 43 3 1 39 30 14 
5 21 32 44 2 35 36 32 35 45 6 14 49 37 37 13 6 32 3 46 38 22 16 46 49 42 36 10 49 39 11 10 4 38 2 24 2 26 11 5 29 44 26 36 0 12 23 13 1 11 25 49 36 25 15 40 37 28 28 2 34 
12 49 26 38 21 18 26 25 41 26 9 19 40 19 46 4 18 21 26 4 35 49 6 35 23 28 21 24 39 41 43 32 14 37 13 14 8 19 43 4 18 26 28 1 47 0 49 29 41 36 48 37 12 28 44 27 6 22 18 36 18 
16 10 9 20 8 13 39 25 30 44 14 2 41 40 17 18 8 10 28 4 14 36 39 30 24 42 20 28 47 20 9 40 45 7 21 21 34 41 3 41 2 14 32 27 12 20 0 16 30 7 32 7 33 34 23 46 48 34 47 1 3 
19 10 40 17 17 21 31 21 34 41 47 31 28 18 23 41 44 5 32 14 33 5 9 10 13 15 33 15 44 2 16 5 49 1 14 24 29 18 17 34 18 44 18 18 33 43 18 0 30 38 44 28 43 7 6 32 4 10 31 5 1 
20 40 21 15 8 27 44 19 35 49 29 45 33 13 35 12 2 7 38 15 29 31 31 17 26 26 45 13 48 44 10 5 48 17 24 39 48 30 19 41 21 42 14 4 20 44 29 17 0 2 40 29 38 18 4 34 5 10 3 29 47 
35 30 30 9 17 27 27 13 3 32 4 26 28 1 23 22 41 48 14 12 29 33 31 41 3 5 5 38 33 48 38 46 42 29 10 46 6 25 24 26 13 34 41 13 11 20 26 20 45 0 18 29 13 21 1 6 9 42 2 5 30 
31 4 46 25 47 39 48 13 25 34 46 48 21 47 38 11 49 24 13 35 49 10 16 20 26 21 25 10 7 44 35 13 16 32 12 42 33 18 38 44 45 28 8 19 8 39 5 35 43 40 0 16 48 24 25 48 47 13 8 26 4 
39 10 9 48 18 15 19 38 33 13 46 25 6 9 29 49 6 36 25 49 30 27 28 23 7 38 4 42 30 1 16 39 6 10 32 9 5 38 38 18 3 23 49 35 15 12 22 47 48 37 46 0 28 23 29 9 9 19 49 7 5 
16 43 3 19 5 23 29 23 17 12 22 25 2 13 45 21 15 42 49 30 39 15 18 4 46 26 20 19 8 36 7 23 32 30 39 24 36 45 15 39 16 48 42 6 43 3 48 41 4 40 34 37 0 49 43 15 46 32 2 49 44 
41 42 20 20 22 36 9 2 19 30 26 10 9 21 34 2 26 4 2 28 3 32 40 41 13 3 23 43 2 9 12 42 40 19 18 13 35 42 31 22 38 3 3 29 34 7 17 11 41 38 13 29 10 0 6 27 31 2 13 1 25 
18 30 8 31 16 22 38 42 18 28 13 29 4 35 45 34 3 18 38 43 17 9 46 8 26 48 20 37 35 15 30 13 25 30 33 5 41 3 43 16 28 30 27 20 28 18 2 22 19 43 31 29 37 25 0 21 48 8 45 25 29 
3 31 8 18 46 9 14 24 2 42 41 9 6 11 39 27 23 24 33 12 44 7 41 40 33 16 6 34 12 49 48 20 5 31 2 2 10 11 9 49 23 48 4 28 22 40 1 18 5 30 6 37 7 23 24 0 2 19 33 3 22 
41 38 43 2 48 37 21 46 3 36 37 46 15 10 3 45 46 20 10 20 45 26 47 7 37 40 13 1 8 29 19 30 16 36 13 19 9 41 46 3 5 48 46 36 21 40 27 4 46 43 4 21 6 37 42 4 0 24 41 29 22 
9 37 35 21 42 6 45 23 15 36 17 35 31 29 23 38 49 38 22 34 15 28 25 15 19 12 25 36 24 35 8 16 12 7 12 15 44 48 45 36 34 36 44 48 45 39 17 27 18 21 12 23 11 44 32 25 4 0 29 21 3 
35 45 21 18 6 38 47 35 24 13 11 21 6 25 34 48 6 3 6 13 17 19 28 30 6 8 46 44 39 41 38 35 17 24 23 39 13 2 17 27 38 14 10 40 14 47 2 34 1 46 4 36 30 25 23 36 41 46 0 6 38 
33 19 13 16 40 32 16 22 20 20 39 33 19 36 49 19 43 34 9 9 10 30 42 20 44 38 31 3 23 5 39 20 31 4 36 12 21 10 18 32 10 25 27 36 41 7 23 28 18 17 5 34 8 6 38 18 8 15 4 0 8 
42 49 39 7 8 34 2 13 8 17 20 48 33 12 21 42 16 27 18 33 31 47 19 12 46 20 46 42 25 2 24 6 15 33 33 20 29 15 25 14 19 5 31 14 35 32 19 2 15 47 6 7 49 11 7 10 49 49 5 45 0 
