n: 60
m: 6
Pi:U[1-99] 72 40 80 96 3 4 44 98 92 88 99 51 71 77 72 63 8 41 27 43 39 84 59 7 57 59 56 69 91 8 65 59 53 80 45 73 20 21 76 6 81 99 8 10 12 4 91 52 70 16 96 54 62 75 65 95 53 24 79 55 
Si:U[1-99]
0 48 16 37 13 28 2 50 57 57 99 76 99 99 81 99 27 99 99 97 99 99 3 99 99 69 58 61 99 51 57 90 19 88 51 99 45 99 34 99 54 27 42 99 99 99 99 99 3 55 69 99 42 99 99 49 6 96 99 18 99 
63 0 32 36 28 14 60 43 30 13 82 13 99 45 85 64 48 78 91 99 12 82 76 63 99 84 99 99 49 99 70 99 21 15 31 99 99 3 99 72 40 99 88 64 45 22 63 99 33 58 40 66 69 24 27 7 36 37 19 43 85 
19 35 0 38 50 0 41 3 45 20 88 97 22 99 57 99 67 36 99 99 99 51 99 99 73 85 88 64 33 84 99 10 99 84 99 36 99 99 75 99 6 97 81 19 99 54 75 64 55 42 30 99 69 73 99 55 63 34 99 99 99 
10 28 37 0 12 38 48 63 21 48 85 87 81 31 81 99 19 7 34 40 42 99 99 99 81 66 99 99 7 99 54 64 61 99 16 94 58 70 70 99 60 99 99 30 99 99 99 66 3 93 42 99 25 45 99 60 40 12 31 99 69 
62 32 64 1 0 23 16 16 5 41 45 61 43 66 9 90 84 61 33 99 49 99 99 99 3 9 99 99 99 12 99 99 28 76 28 52 99 79 99 45 39 1 69 18 99 40 72 15 49 69 99 99 57 12 22 99 99 61 99 99 34 
52 58 38 65 66 0 20 34 4 28 72 43 99 99 99 99 10 58 52 99 16 49 99 43 99 34 78 43 22 75 52 99 18 99 12 87 99 99 45 93 33 99 48 10 99 99 37 76 51 97 48 99 99 1 67 91 87 54 64 64 63 
0 52 22 35 8 36 0 39 17 22 99 12 99 99 37 27 97 99 16 40 18 66 19 19 75 99 99 99 55 99 75 99 99 99 99 99 7 99 73 99 52 99 33 99 60 99 3 22 61 99 42 43 91 10 99 27 34 28 90 73 69 
65 46 31 22 2 6 57 0 29 34 12 99 19 84 66 18 64 12 31 34 10 49 33 33 3 99 1 49 99 57 19 12 25 31 21 39 16 19 99 28 6 58 99 70 99 1 91 99 73 45 93 99 27 12 39 99 99 91 99 67 42 
46 62 66 1 39 36 61 6 0 26 99 99 99 99 10 40 99 54 61 97 37 99 63 15 22 99 34 99 51 99 30 67 24 99 99 48 31 97 48 82 99 18 49 70 73 99 99 22 25 99 99 34 22 15 99 6 90 99 72 99 99 
3 16 66 60 12 1 44 32 50 0 99 76 99 51 40 99 99 99 87 99 99 97 99 34 93 99 87 99 61 37 12 84 25 99 6 99 99 63 33 21 24 99 40 48 99 60 51 88 42 99 99 76 91 99 99 9 94 99 99 57 99 
99 99 99 84 33 48 99 64 99 84 0 44 35 44 58 64 52 11 46 2 99 82 33 4 1 57 49 25 99 93 75 63 82 49 52 22 34 51 1 99 97 99 48 99 18 7 37 42 99 99 99 52 90 99 84 97 18 15 99 64 99 
99 99 99 84 99 39 12 34 64 99 34 0 42 58 24 46 10 8 64 32 51 48 10 1 3 99 85 85 70 1 99 54 99 85 66 99 88 99 99 99 99 48 73 99 99 57 73 21 79 97 9 96 91 85 45 99 99 58 16 99 99 
73 99 28 33 49 99 28 10 58 79 35 25 0 17 42 45 51 5 25 54 99 16 36 1 99 76 94 99 99 1 87 90 24 99 46 99 33 99 3 9 3 99 18 88 99 99 78 99 99 99 99 22 99 93 6 43 37 57 99 99 21 
99 55 91 22 79 27 91 25 57 39 29 53 26 0 20 3 35 7 14 36 4 39 43 75 18 76 99 16 48 67 46 25 99 99 18 84 72 30 99 37 99 99 99 99 70 45 13 48 40 70 99 4 30 99 99 54 93 99 99 6 10 
99 34 99 91 78 28 75 36 99 99 28 22 39 65 0 2 12 22 8 24 60 73 4 99 48 99 99 37 99 51 99 99 66 99 69 99 99 99 99 51 22 18 25 63 99 84 99 94 70 22 49 10 94 99 99 64 42 99 99 52 34 
82 37 6 48 99 18 94 40 99 99 20 54 48 30 28 0 44 5 7 25 72 88 31 99 64 78 24 99 34 99 99 99 16 75 67 39 85 40 99 99 99 99 99 70 99 99 24 99 99 99 99 72 99 7 99 99 99 58 99 99 24 
55 67 67 48 1 96 99 21 58 36 17 6 16 60 16 63 0 5 2 64 75 99 52 57 99 99 99 85 18 81 51 99 99 88 42 99 99 99 99 9 88 87 99 99 78 21 87 91 15 21 96 99 21 93 16 99 4 99 18 55 48 
3 13 99 4 99 66 99 93 31 82 16 14 12 61 43 6 6 0 20 5 99 90 42 61 72 99 24 99 25 49 64 33 9 16 99 51 99 40 93 96 19 99 6 99 97 75 33 94 13 36 99 99 6 7 79 16 99 99 27 3 93 
9 72 70 51 99 99 52 99 40 99 62 2 60 50 1 8 32 15 0 59 99 12 6 99 99 84 15 42 18 70 88 99 49 99 15 99 99 19 25 37 64 99 93 61 37 99 54 12 60 99 36 99 6 25 48 99 24 99 99 9 7 
99 93 99 99 99 3 67 28 72 48 44 34 24 21 64 54 28 28 26 0 60 81 88 99 91 64 99 1 33 99 99 99 88 33 99 99 84 99 94 67 48 36 54 1 49 40 58 75 93 22 15 7 93 99 99 99 27 36 87 12 81 
43 1 97 49 99 78 30 93 99 64 12 99 85 64 55 91 99 72 81 39 0 8 16 34 48 18 64 7 46 24 99 49 78 19 99 99 1 87 34 99 81 24 27 6 85 84 75 90 31 99 16 99 90 34 99 99 99 70 99 64 46 
99 64 99 72 58 36 90 99 97 99 99 27 85 99 99 58 42 21 33 51 41 0 17 39 22 9 59 22 24 56 99 19 66 99 99 67 94 81 10 30 19 16 93 60 52 99 99 85 21 99 4 99 99 7 57 39 9 33 85 4 93 
72 91 99 75 97 22 46 33 51 78 99 21 82 99 69 66 39 69 99 75 9 58 0 35 49 32 62 66 2 14 39 99 99 69 99 45 18 49 55 6 99 75 99 99 16 87 82 6 63 99 30 18 37 97 82 70 19 99 40 37 99 
99 99 99 42 51 99 99 10 99 99 99 10 34 99 99 82 79 70 99 78 42 22 17 0 28 59 33 28 58 50 48 9 99 81 13 99 97 13 84 99 61 99 99 48 82 45 61 88 42 16 82 48 82 43 1 1 99 99 99 94 52 
25 87 99 81 99 37 99 54 7 63 19 99 46 43 99 76 99 61 52 99 29 44 24 60 0 50 42 16 46 52 55 13 99 6 40 18 99 61 99 97 78 31 22 30 99 70 58 28 99 45 97 48 16 54 85 99 30 73 24 76 99 
82 30 93 85 81 67 37 18 99 88 54 25 81 66 19 57 39 78 63 99 61 34 17 56 64 0 8 3 11 35 99 4 99 99 85 72 64 99 99 99 99 81 67 99 72 7 99 21 99 99 30 79 4 85 27 31 99 54 30 84 99 
45 99 99 40 99 97 99 99 70 18 6 16 37 36 99 76 55 99 91 94 29 49 1 36 6 34 0 31 0 6 52 99 99 99 99 99 39 99 99 91 57 88 99 25 28 49 85 99 27 36 15 99 51 54 79 99 76 85 93 60 51 
94 13 99 48 99 66 99 78 99 43 49 99 99 99 96 99 43 49 52 54 64 22 42 22 21 22 66 0 53 40 57 99 94 60 64 42 16 99 66 96 99 99 51 15 70 55 9 33 25 85 69 30 15 28 67 37 67 49 22 21 28 
18 54 76 49 25 9 16 99 67 36 73 6 99 18 18 30 99 7 46 55 58 47 7 6 65 39 33 40 0 34 46 99 97 99 99 58 70 99 43 70 99 99 9 22 93 6 99 25 43 46 22 96 36 99 99 99 30 99 99 43 48 
30 27 99 99 94 99 85 82 49 99 96 81 99 54 28 99 99 22 99 18 65 44 64 6 65 12 33 29 30 0 70 99 99 19 99 99 55 45 31 66 99 63 72 58 99 10 99 33 61 93 39 24 25 46 58 45 81 84 99 99 99 
94 99 82 99 21 96 55 16 99 43 37 75 54 54 99 4 51 67 54 15 82 99 99 99 76 76 93 54 99 99 0 59 36 18 2 49 22 48 12 38 99 81 22 76 7 63 96 99 79 66 37 12 25 99 66 54 60 73 91 99 99 
25 39 99 99 21 76 97 91 78 99 99 55 93 99 31 99 99 99 75 97 4 99 61 79 99 48 27 67 99 3 35 0 26 22 38 46 18 6 52 6 67 42 96 69 78 31 24 99 94 55 39 60 34 76 49 99 99 99 66 7 10 
99 39 48 99 99 99 54 99 10 27 1 28 99 16 99 31 99 27 79 99 99 55 24 40 7 99 78 21 57 24 50 18 0 41 52 10 54 9 38 64 99 63 64 99 96 99 49 91 66 79 99 99 97 12 94 99 99 60 99 24 99 
49 37 99 99 99 39 99 37 21 49 99 99 96 24 96 66 99 99 36 99 61 4 99 99 37 99 54 90 99 99 30 32 39 0 1 9 5 40 32 44 15 81 99 18 42 84 9 99 91 99 1 99 99 99 28 99 46 39 99 82 54 
54 48 99 7 22 99 21 12 76 99 99 99 99 7 72 99 99 99 99 94 99 51 99 84 12 78 99 13 99 99 49 24 2 7 0 60 64 56 36 65 99 99 6 99 93 43 99 66 99 99 99 99 48 49 85 99 54 87 85 99 9 
63 99 99 37 99 57 58 99 21 99 99 99 96 99 79 99 51 70 34 64 99 37 96 34 37 90 78 99 18 99 48 30 16 40 6 0 51 3 29 48 39 99 21 12 12 91 99 34 84 15 99 13 99 99 70 13 99 24 66 39 99 
99 55 79 99 19 33 33 99 40 99 87 94 21 99 99 91 82 99 99 99 34 99 58 40 64 64 40 63 78 99 15 46 18 63 25 10 0 14 5 35 4 43 3 99 12 4 49 45 27 34 52 24 46 69 93 99 28 99 58 99 69 
64 99 51 82 99 45 33 25 4 99 25 99 39 99 54 28 37 93 99 70 46 45 7 99 70 93 99 99 73 48 48 65 44 48 24 66 7 0 18 64 42 22 99 99 33 99 40 99 46 21 55 27 70 99 61 99 99 96 46 99 99 
73 99 64 99 99 42 51 99 33 97 99 40 88 57 93 99 99 67 48 46 99 99 99 99 99 76 99 10 57 1 5 57 26 22 42 2 56 30 0 14 99 99 99 61 99 10 99 60 99 18 78 45 99 31 58 1 67 99 57 99 54 
99 10 19 99 99 4 6 99 99 6 79 82 99 87 51 99 73 99 99 99 22 63 54 99 42 36 99 43 99 13 2 44 40 1 15 64 28 12 3 0 66 27 55 99 48 99 52 99 94 51 84 16 49 54 4 90 99 36 1 46 99 
19 25 99 99 25 37 34 21 99 99 78 30 99 13 99 54 54 97 64 99 28 78 33 99 99 82 99 45 99 93 43 99 57 99 7 12 51 99 16 99 0 20 38 54 46 12 40 8 2 3 27 36 4 99 91 24 99 99 99 79 55 
13 16 34 61 99 1 99 39 87 99 99 99 9 85 99 99 99 99 22 99 9 67 84 99 9 99 43 69 10 99 36 99 48 99 4 99 66 61 99 33 23 0 11 56 34 8 39 66 24 6 13 42 99 22 99 13 99 99 21 67 48 
22 37 54 93 99 84 25 42 99 60 22 99 99 73 12 99 6 99 99 99 81 21 19 31 99 30 22 99 10 81 12 7 97 69 39 18 93 24 93 99 50 4 0 7 40 33 9 63 19 44 37 69 24 67 96 42 99 28 90 99 99 
4 93 45 84 66 99 99 99 46 87 99 60 99 22 30 43 67 73 90 99 33 64 75 27 99 64 69 33 12 78 9 94 72 99 9 99 16 46 18 99 4 66 40 0 58 16 40 62 21 38 40 51 78 99 94 7 99 4 39 51 90 
81 84 99 94 99 99 99 87 57 31 76 99 97 97 82 99 99 99 87 99 99 81 99 99 69 99 81 99 99 70 58 37 24 99 48 19 99 19 99 87 53 14 50 34 0 64 12 52 65 58 99 99 99 99 61 78 91 36 87 45 49 
64 82 99 76 72 99 99 81 99 99 79 78 99 99 31 90 85 99 99 63 30 99 46 87 99 99 1 21 99 43 51 99 54 96 60 99 99 99 93 1 25 40 21 37 38 0 55 46 64 20 9 33 99 42 82 99 99 99 52 82 25 
21 51 58 3 99 99 69 10 99 99 66 4 99 49 94 91 9 97 3 99 99 99 99 99 55 99 27 99 99 99 28 99 1 24 66 58 99 13 99 13 28 32 60 55 27 42 0 46 62 8 27 42 99 51 99 39 96 99 40 36 63 
99 99 55 39 51 99 99 1 55 99 99 40 7 18 52 99 30 13 81 1 99 99 99 58 76 96 72 25 99 64 99 99 85 15 13 46 45 21 39 99 49 53 17 40 36 38 46 0 56 1 99 13 99 99 9 99 54 99 99 99 42 
19 99 12 30 15 97 93 43 69 69 1 46 96 70 6 99 4 99 99 99 99 25 7 99 97 30 87 69 70 79 6 99 40 81 69 99 99 99 45 54 10 38 10 36 25 24 34 2 0 34 9 22 99 15 79 61 16 99 99 6 13 
99 12 10 99 99 12 99 55 99 88 99 27 48 99 73 12 99 10 99 99 99 99 75 22 43 99 99 87 99 81 36 13 84 49 99 12 99 99 84 85 40 18 6 6 44 8 8 42 56 0 57 42 12 34 61 99 99 52 99 21 99 
99 96 99 1 99 10 99 93 99 31 99 85 99 58 99 99 25 55 99 99 99 61 58 78 36 85 82 6 78 36 99 60 40 99 66 99 37 22 99 19 78 81 25 33 34 87 99 18 99 31 0 16 34 54 9 1 24 15 11 52 72 
99 88 13 64 99 93 31 70 99 85 94 66 33 88 90 97 4 93 99 97 46 99 82 99 99 99 46 45 99 82 9 99 52 97 96 99 66 28 99 58 7 27 99 25 22 96 15 13 63 99 54 0 44 59 22 3 9 64 32 46 61 
48 64 28 99 81 99 75 99 91 24 82 91 99 45 54 99 63 99 52 99 99 48 76 24 79 28 99 99 13 97 99 81 58 94 90 22 16 99 75 18 91 27 55 99 99 87 1 99 99 99 57 30 0 28 12 28 1 61 59 0 99 
99 61 90 60 73 49 42 39 99 69 49 93 67 99 99 82 40 54 76 76 94 15 42 4 90 99 33 99 33 34 88 66 72 99 9 99 99 72 99 12 21 43 99 99 61 66 70 99 18 19 50 30 1 0 34 61 10 27 24 51 99 
99 84 18 58 99 99 88 99 82 81 37 99 97 88 99 99 99 99 99 99 99 9 78 78 66 88 99 73 99 99 63 99 21 99 99 85 99 99 99 94 60 45 99 48 46 3 99 28 99 99 2 44 48 30 0 62 0 32 48 25 88 
99 79 60 99 9 54 99 99 49 40 99 16 99 31 37 99 79 78 99 99 99 12 99 99 79 99 99 82 63 72 99 99 45 16 27 87 99 78 99 76 72 48 81 43 42 72 31 3 6 9 37 34 20 42 15 0 56 12 6 20 64 
73 93 73 99 10 99 7 15 72 99 99 43 99 72 81 99 46 54 97 99 6 84 85 12 99 70 99 40 40 24 78 99 93 99 48 27 15 39 10 76 78 81 99 9 73 99 99 28 58 79 48 15 50 59 11 58 0 35 4 42 99 
99 1 78 99 99 37 87 43 58 60 99 43 1 43 99 99 99 99 66 96 96 18 99 99 90 99 7 70 99 66 12 97 70 93 48 82 96 13 34 76 66 37 99 99 72 42 73 99 94 93 24 6 45 14 16 5 35 0 64 40 15 
6 37 3 63 99 99 63 58 99 1 34 99 82 81 43 99 99 99 9 93 99 93 25 99 99 28 99 99 85 99 73 99 91 93 25 99 10 99 42 9 54 99 33 99 99 75 99 99 99 99 6 20 60 2 7 55 32 44 0 10 18 
54 99 99 73 60 45 9 34 73 54 9 66 51 31 16 49 37 13 13 66 52 64 99 99 9 27 61 99 60 45 99 99 93 13 64 52 12 45 99 33 99 99 43 18 67 49 99 99 61 49 42 66 63 53 24 34 44 53 64 0 9 
99 81 69 25 67 99 99 81 10 76 39 99 99 21 97 39 99 15 99 84 96 84 99 9 78 15 88 99 31 99 78 99 6 99 72 99 99 99 4 99 58 60 99 99 43 99 73 49 99 49 99 49 51 66 28 91 31 36 88 1 0 
