n: 60
m: 10
Pi:U[1-99] 57 51 24 2 42 45 89 32 23 52 12 40 19 76 42 39 38 15 27 86 56 87 40 60 70 48 4 77 31 34 46 33 32 66 65 34 84 13 52 23 22 82 12 86 11 22 96 70 92 55 56 82 28 71 33 47 98 28 92 82 
Si:U[50-99]
0 81 95 73 81 78 93 99 95 51 68 63 79 98 98 94 70 95 69 88 89 90 81 51 68 63 77 56 69 61 70 95 65 64 68 63 50 90 97 94 96 94 56 64 50 54 59 97 70 91 56 57 94 63 50 70 69 77 76 90 96 
76 0 78 89 64 52 92 54 94 75 68 51 65 78 50 89 60 67 66 95 71 79 82 58 72 64 77 64 97 83 71 70 79 69 79 74 62 94 56 98 69 81 90 94 64 80 66 95 84 91 55 69 50 77 91 68 82 96 77 55 55 
89 77 0 89 94 51 69 86 97 69 57 98 55 64 54 95 65 98 71 71 77 64 65 58 94 62 80 95 74 61 50 68 77 90 84 62 72 88 55 72 85 53 55 58 61 84 72 92 96 70 74 60 78 56 64 88 61 63 57 90 51 
74 95 93 0 88 75 91 98 78 64 80 89 80 58 83 63 94 87 60 75 58 64 76 91 88 68 84 72 75 88 57 73 81 70 89 92 94 52 68 93 67 83 61 95 63 61 76 91 90 94 54 88 94 98 59 57 92 68 53 85 71 
90 50 81 74 0 50 53 70 85 67 57 73 96 71 59 83 57 95 97 60 79 63 76 73 58 54 61 81 62 87 50 80 73 69 68 97 64 66 74 68 92 92 99 61 51 67 79 96 68 79 65 85 59 67 84 56 60 69 91 52 89 
75 96 93 88 96 0 71 53 84 88 51 86 63 53 62 77 97 80 93 62 84 65 56 83 77 71 77 50 53 80 67 66 57 56 87 66 56 73 64 88 55 62 97 64 74 53 86 80 76 73 90 72 54 90 99 62 92 59 69 82 86 
94 63 96 58 97 89 0 83 80 68 85 58 74 53 70 55 75 64 63 57 52 63 61 95 74 99 54 50 51 56 81 88 89 70 96 57 68 85 54 66 92 93 60 58 66 64 53 93 76 55 93 62 58 63 80 93 67 52 66 51 70 
75 82 92 50 88 94 77 0 75 82 52 91 59 60 65 82 78 86 78 78 69 75 87 56 64 52 65 65 65 58 61 63 88 61 57 87 94 80 80 97 74 90 89 91 64 93 72 88 71 58 82 88 50 67 74 80 78 78 64 58 82 
69 70 98 75 74 57 53 59 0 91 52 50 50 68 96 89 93 82 58 51 88 96 54 53 71 89 58 88 73 93 61 66 72 74 99 89 55 68 72 92 90 74 66 73 95 61 98 78 53 69 68 84 60 70 82 65 87 56 98 62 80 
85 50 56 96 91 87 77 80 61 0 88 77 60 98 86 83 76 61 76 62 83 76 90 59 76 72 84 57 83 87 87 56 89 55 79 69 68 69 82 90 50 98 91 57 73 81 60 55 64 78 60 76 94 65 51 74 79 69 99 71 95 
78 65 97 69 81 91 73 56 92 58 0 87 78 72 64 94 81 55 89 80 59 56 61 75 90 74 54 73 90 53 60 84 61 82 76 63 62 63 71 69 63 52 76 50 78 64 64 70 51 50 64 51 91 81 92 74 77 85 80 92 67 
61 59 99 85 54 60 84 59 51 96 60 0 73 57 56 61 81 94 91 97 66 51 50 85 95 85 82 74 74 70 82 59 61 64 81 63 90 91 91 89 98 98 98 79 55 57 80 70 78 97 95 67 57 97 92 78 69 56 91 69 89 
75 94 55 54 62 92 78 50 89 98 70 98 0 87 59 87 71 87 95 51 64 73 88 99 97 82 65 90 77 99 60 51 83 99 51 57 59 86 52 71 83 57 89 66 66 53 82 71 56 55 78 97 50 86 87 54 72 57 89 58 70 
67 76 93 65 85 65 62 53 55 93 91 95 83 0 92 75 98 54 96 65 70 55 82 87 92 99 72 62 68 86 79 98 75 64 90 67 82 80 56 53 91 79 84 67 86 83 75 52 70 96 99 78 77 81 54 92 62 81 92 52 73 
84 99 73 79 53 68 93 87 67 96 63 85 76 62 0 53 52 68 60 53 77 98 83 79 60 98 95 64 82 90 88 55 84 52 88 71 62 73 89 96 77 69 89 94 90 90 77 54 53 75 60 92 51 86 92 71 56 95 75 92 82 
82 95 74 76 62 60 97 87 87 70 77 50 91 74 99 0 59 64 83 86 63 96 83 75 98 91 68 69 64 85 97 51 68 52 95 97 67 64 83 75 79 82 50 81 57 52 90 88 71 93 57 64 92 93 69 82 62 77 73 96 85 
66 78 58 97 74 93 96 70 56 70 60 69 57 81 51 84 0 93 50 53 94 62 71 67 78 56 72 50 70 94 56 66 73 59 82 64 80 62 86 73 70 97 96 69 76 72 93 92 52 92 90 83 67 59 52 56 89 86 71 92 96 
51 93 71 54 89 65 87 56 97 84 78 84 86 90 73 81 88 0 83 54 73 78 90 77 54 65 69 94 91 76 55 61 85 73 76 55 76 67 50 65 86 80 67 70 67 97 67 74 98 97 52 57 70 81 68 70 74 68 61 82 74 
58 73 93 62 67 84 87 85 67 74 95 72 72 58 55 87 53 94 0 83 80 71 91 58 70 52 56 71 65 78 93 76 85 73 75 57 51 91 60 77 87 81 69 76 60 66 81 54 59 74 56 96 79 53 50 73 57 81 92 59 67 
93 61 63 83 69 54 51 53 81 57 60 85 91 96 67 51 87 99 95 0 53 85 75 56 68 91 53 68 60 79 96 65 78 83 65 68 72 59 89 75 94 92 99 72 93 84 91 52 80 58 97 69 81 85 89 65 76 81 95 71 56 
63 87 72 98 67 70 81 82 60 94 67 81 89 87 98 98 61 57 71 66 0 73 98 95 92 81 80 56 64 54 56 94 84 80 68 75 63 98 84 62 92 65 63 68 78 73 66 57 56 94 54 98 59 79 99 94 72 65 62 67 66 
98 57 62 60 54 51 89 85 87 53 78 63 58 71 65 65 52 57 80 60 69 0 96 97 50 70 54 63 86 58 78 64 65 87 75 60 82 92 55 96 85 81 54 78 57 62 86 76 62 92 79 61 52 80 76 98 95 72 54 82 75 
85 93 68 54 86 99 74 77 69 78 67 71 91 75 56 62 51 90 78 67 89 88 0 62 53 80 88 66 85 91 85 87 54 63 58 66 68 92 71 86 81 84 71 50 64 73 85 71 86 78 54 83 56 90 94 71 80 99 94 64 89 
83 79 62 70 53 74 84 56 50 68 65 75 97 86 94 97 87 55 53 87 77 85 73 0 97 84 82 56 70 69 98 70 71 79 63 62 63 79 77 62 51 90 51 87 80 82 87 78 65 80 71 68 53 94 53 89 99 82 58 57 55 
82 71 65 78 64 62 59 78 94 96 89 95 70 75 75 83 69 82 62 62 64 98 72 82 0 82 64 84 52 86 70 58 51 76 62 70 78 94 51 71 64 99 90 68 85 94 90 79 84 61 99 54 86 88 83 98 60 71 97 96 83 
99 87 90 59 78 83 99 73 68 94 55 62 63 91 59 51 93 62 80 96 96 85 60 90 65 0 76 84 66 71 69 78 80 83 89 62 79 88 58 81 56 63 84 99 96 85 59 96 98 70 78 61 90 84 69 63 73 94 96 97 53 
83 73 55 64 59 86 88 62 83 77 50 85 62 99 66 84 85 66 55 67 99 57 92 71 81 98 0 60 96 54 99 82 73 84 58 90 97 80 67 87 71 67 79 99 70 80 77 74 92 59 50 70 63 80 86 55 80 85 90 97 92 
63 86 86 68 82 74 74 58 52 58 61 88 79 80 55 94 60 78 87 93 89 67 55 55 79 54 85 0 52 81 82 61 69 71 75 96 74 81 79 90 64 96 90 73 88 55 92 97 73 95 58 62 96 99 80 71 74 72 84 58 84 
54 92 61 54 93 81 66 68 85 87 67 89 89 88 61 98 68 82 91 95 68 58 66 81 73 95 52 69 0 89 74 58 98 61 68 92 77 81 82 99 85 75 86 80 62 83 82 91 58 85 71 93 74 80 81 83 70 92 56 57 55 
63 76 63 92 70 99 51 50 67 95 73 65 50 62 73 77 50 83 92 96 98 75 61 66 81 97 81 77 86 0 86 50 90 78 68 54 71 91 58 77 98 86 70 81 76 74 78 64 69 76 60 97 85 52 67 94 98 72 51 84 69 
66 78 73 96 73 93 71 91 91 85 75 56 91 71 81 54 84 98 92 98 51 58 90 99 73 55 57 98 88 77 0 89 70 97 68 77 78 91 62 55 88 65 97 54 68 71 83 69 55 95 75 96 81 99 55 50 68 51 57 62 72 
94 89 70 54 83 80 93 60 81 77 55 59 62 86 94 50 77 59 60 63 71 70 74 93 92 88 78 61 99 80 59 0 90 78 51 92 75 78 63 81 69 54 87 70 72 56 61 83 89 57 53 75 93 82 93 95 74 93 69 62 70 
54 55 62 98 70 77 65 63 57 97 99 89 66 54 77 66 94 66 50 84 86 84 97 57 75 52 65 94 92 90 64 85 0 68 73 98 85 68 64 88 96 53 69 91 60 56 70 93 70 72 62 74 63 66 98 94 99 94 54 61 50 
91 84 71 80 65 98 63 91 75 52 62 88 83 75 96 51 81 84 80 91 65 79 68 61 77 97 52 68 95 92 94 70 50 0 99 82 50 69 71 66 58 96 97 71 66 60 96 87 56 89 72 84 70 72 75 95 92 97 78 87 73 
85 50 70 91 93 84 68 72 87 62 60 88 72 78 89 84 92 73 80 93 62 56 75 92 57 79 52 61 92 97 81 71 89 51 0 85 55 60 71 94 92 51 97 64 76 65 74 76 90 86 61 76 70 90 95 69 71 84 52 87 63 
87 51 58 63 84 85 86 85 73 55 75 66 75 57 53 83 58 65 86 72 70 60 94 59 64 57 80 69 70 65 75 85 83 66 82 0 66 96 93 81 86 86 50 64 95 79 56 81 91 59 91 58 88 66 55 54 66 91 73 90 93 
52 85 50 93 64 65 60 85 75 64 74 63 60 61 98 56 71 95 86 64 80 84 56 75 98 97 99 90 63 79 79 64 63 60 71 64 0 55 69 92 85 55 61 65 81 50 88 50 52 89 94 93 59 57 72 65 92 79 86 69 69 
84 95 50 65 70 57 57 77 64 69 52 74 57 55 72 61 72 65 84 60 52 84 79 84 87 94 62 63 69 72 65 70 85 66 91 51 88 0 79 94 55 65 97 82 61 95 67 76 57 90 58 85 90 99 97 94 86 53 71 70 61 
69 84 50 96 91 77 61 73 85 57 57 77 84 64 98 70 66 76 60 88 72 97 57 59 76 85 88 62 97 91 92 89 82 84 70 78 72 81 0 64 73 65 50 96 99 82 73 73 98 90 76 75 99 54 88 53 54 74 76 70 67 
68 78 93 94 61 82 64 52 69 52 51 83 63 64 87 65 76 78 50 78 69 69 85 58 90 62 69 82 57 63 56 84 89 68 76 56 51 60 90 0 93 74 96 54 90 71 76 89 73 84 89 60 91 89 84 85 68 52 77 89 69 
60 89 95 90 94 89 98 57 62 81 77 77 65 68 80 96 83 77 79 91 84 95 51 74 80 66 55 97 53 53 77 71 71 82 65 62 76 65 81 70 0 73 51 91 63 57 93 50 63 69 60 56 72 56 98 51 83 54 76 77 65 
71 63 84 92 91 61 73 85 84 76 50 96 64 75 88 78 64 67 69 53 77 58 92 95 85 61 86 67 72 56 59 87 91 90 59 65 85 92 95 92 65 0 71 67 95 65 79 83 52 55 59 52 72 97 78 72 70 80 58 53 57 
61 91 76 65 86 51 71 72 51 95 61 92 70 84 95 83 58 59 54 75 73 69 95 89 74 95 83 76 72 99 93 64 94 61 75 78 57 75 68 82 64 54 0 61 90 57 90 94 95 68 81 74 96 73 50 86 64 70 93 65 83 
88 63 84 50 88 69 82 81 66 52 63 70 64 50 64 93 62 72 75 63 90 62 53 69 60 60 87 99 82 64 86 55 99 88 84 65 52 61 79 93 79 57 93 0 97 79 83 94 87 56 83 92 89 67 84 81 96 87 78 53 54 
55 70 74 63 59 98 61 94 93 67 68 84 81 68 75 78 68 64 94 54 68 52 68 66 60 84 82 99 99 62 91 66 70 90 77 95 96 50 85 85 66 69 63 75 0 89 58 69 94 63 90 76 53 64 91 65 56 56 99 61 95 
89 57 67 78 65 65 82 72 87 59 53 95 80 56 65 55 96 84 52 90 98 59 55 53 79 85 79 54 62 96 74 86 82 63 92 69 76 67 61 65 52 76 63 92 85 0 64 84 91 80 74 78 59 57 54 78 68 97 54 83 52 
88 54 83 83 86 85 97 65 67 62 51 55 88 79 94 56 95 78 68 70 59 83 79 69 64 75 89 79 62 92 82 59 71 83 56 74 74 95 55 59 70 59 68 64 69 78 0 78 51 67 52 90 63 85 66 85 73 59 55 89 96 
50 97 79 63 69 60 87 90 68 92 57 72 55 78 93 51 87 87 96 68 80 65 78 78 66 70 95 81 77 56 50 78 94 92 63 78 84 89 73 72 63 91 72 84 51 97 87 0 50 87 95 90 77 67 65 74 76 74 69 74 55 
88 71 61 87 88 78 67 90 62 82 71 63 81 51 82 69 72 78 69 83 88 87 81 69 53 78 81 74 99 74 51 98 79 51 77 50 79 65 54 89 81 77 67 60 59 51 62 85 0 54 57 86 79 58 51 57 56 82 82 56 62 
79 54 91 56 61 69 77 72 96 63 89 80 92 63 81 87 96 52 88 58 95 79 60 70 85 77 71 94 96 52 70 74 80 87 72 92 89 70 84 63 52 95 83 79 81 62 84 88 92 0 71 69 60 69 98 78 70 86 96 95 85 
79 78 64 77 80 99 50 78 57 92 85 68 52 88 69 68 68 53 84 62 61 58 79 73 85 70 62 59 54 98 61 68 54 84 54 93 60 77 55 63 70 80 98 96 58 89 72 83 59 92 0 51 69 68 54 94 96 59 69 97 87 
89 59 51 88 52 93 83 70 82 94 67 83 67 72 77 50 69 67 71 56 69 62 97 82 63 96 79 90 51 70 52 56 69 78 70 52 58 61 57 82 65 66 80 90 64 94 88 65 76 75 69 0 70 76 53 98 74 60 89 72 75 
66 80 62 91 86 94 72 76 84 68 82 99 97 80 61 84 64 86 71 84 59 60 64 99 52 81 60 76 81 89 66 75 54 57 59 77 52 68 74 56 89 69 73 76 85 54 80 77 63 69 55 97 0 53 84 50 78 82 65 57 93 
93 72 79 56 93 85 75 78 82 78 86 68 71 76 68 91 74 82 92 99 90 57 79 95 87 80 82 52 80 73 79 95 60 58 93 59 57 60 57 59 74 75 81 50 99 74 79 88 61 73 82 65 60 0 82 98 89 55 58 95 60 
72 65 53 99 60 76 87 77 66 84 98 88 85 97 95 82 70 97 55 56 54 88 96 71 75 79 78 55 75 86 82 54 52 96 87 51 95 90 51 87 88 53 75 95 69 59 64 55 72 78 55 78 85 95 0 61 96 50 55 51 61 
71 62 71 72 59 64 58 69 81 88 72 70 97 77 86 55 99 70 86 50 55 74 98 89 92 80 81 93 61 60 52 72 94 95 71 95 95 93 55 93 90 84 85 98 78 57 55 84 58 60 63 86 83 83 52 0 81 56 61 84 66 
73 68 60 96 89 80 84 76 53 85 76 63 71 99 79 76 89 77 74 72 72 66 89 84 89 77 82 89 50 90 59 77 54 56 54 66 70 79 68 76 50 99 66 52 74 64 52 67 73 51 77 89 60 75 61 87 0 78 84 67 96 
78 68 70 96 66 68 86 77 77 77 94 96 85 85 98 50 76 74 82 96 87 51 69 59 83 79 65 53 81 74 96 98 80 81 70 77 53 51 63 90 92 53 80 73 54 53 98 78 83 96 54 70 95 94 97 73 90 0 99 59 66 
51 87 65 83 57 77 61 71 94 96 89 82 69 86 53 84 70 74 62 65 68 59 67 57 63 78 91 65 85 68 67 69 72 94 84 73 85 68 73 52 60 89 70 59 70 51 82 61 87 82 71 75 92 76 74 72 89 67 0 72 89 
58 68 53 54 93 93 95 55 54 85 78 52 85 56 64 52 91 57 91 67 83 76 50 66 92 92 92 90 82 70 57 52 81 67 58 76 50 66 90 95 58 99 87 70 62 68 83 97 61 57 83 94 51 96 57 55 82 86 88 0 70 
97 90 61 78 94 72 52 57 51 62 54 92 72 66 86 61 88 79 96 66 56 77 93 91 94 69 93 92 92 96 97 91 96 90 93 73 69 53 82 51 96 72 94 64 72 71 76 75 89 54 70 75 98 66 87 64 71 56 81 91 0 
