n: 60
m: 6
Pi:U[1-99] 30 97 29 24 12 83 73 89 21 88 30 86 49 90 36 47 69 75 69 30 69 49 85 85 84 56 51 82 46 67 88 81 37 19 45 37 23 63 99 82 76 63 66 38 12 24 33 51 10 92 24 17 78 66 41 64 45 25 16 46 
Si:U[50-99]
0 58 53 40 56 56 63 47 54 37 94 99 99 99 93 99 99 99 93 99 99 99 99 81 99 84 99 99 99 99 99 99 96 99 88 88 99 75 99 99 99 99 99 99 99 99 99 97 99 99 99 84 99 99 99 99 99 99 78 99 99 
42 0 60 65 34 39 37 35 57 51 99 99 99 97 99 78 99 99 93 99 99 99 99 99 99 93 99 99 99 99 99 99 88 99 99 82 99 93 99 99 78 99 99 99 75 99 87 87 99 79 79 99 99 97 99 99 99 99 99 99 99 
57 48 0 56 41 34 41 34 60 40 99 87 85 99 99 99 99 99 99 99 99 99 99 99 99 99 99 99 84 99 99 99 99 99 99 99 75 99 99 99 99 99 99 93 99 99 99 99 99 99 99 99 99 99 99 99 99 99 99 99 97 
58 59 42 0 45 65 52 34 59 50 99 79 99 99 99 78 99 99 99 99 82 99 99 87 99 75 99 99 99 99 84 99 99 99 99 97 99 99 99 87 94 99 99 99 99 96 99 99 94 78 99 99 99 99 97 78 78 99 79 99 99 
48 40 64 60 0 59 53 42 60 55 99 99 99 79 99 99 88 99 99 96 97 85 99 99 99 99 99 79 99 99 99 99 99 99 99 99 99 99 99 84 99 99 99 99 99 99 99 97 96 99 99 82 79 99 94 99 76 99 99 99 99 
53 60 64 37 35 0 50 40 35 49 99 99 99 99 96 99 76 99 99 99 99 99 99 81 84 99 99 88 99 94 99 99 99 79 99 75 88 84 99 99 91 99 93 99 99 99 99 99 87 99 94 75 99 99 99 88 79 96 99 99 99 
44 45 56 58 64 54 0 58 59 62 99 99 99 82 99 99 99 99 99 88 99 99 99 99 79 99 99 85 99 93 99 99 99 99 99 99 99 99 99 99 99 99 99 99 76 76 99 90 99 99 78 99 99 99 99 99 99 79 99 87 99 
64 43 53 62 33 44 50 0 47 64 88 79 87 99 81 99 96 99 76 99 99 99 99 75 99 99 99 79 99 99 99 99 99 85 75 93 94 99 99 99 99 96 99 99 99 82 99 90 99 99 85 99 99 99 94 99 82 85 90 99 84 
36 50 53 62 45 52 44 56 0 45 75 97 99 99 99 99 99 99 99 85 84 87 99 99 99 76 99 99 99 75 99 99 99 99 99 99 99 99 94 99 99 99 99 99 99 90 99 99 99 79 99 99 99 99 99 87 99 99 99 99 84 
40 39 65 49 62 66 46 44 63 0 99 99 99 99 76 84 96 91 78 99 99 99 88 75 99 99 99 99 99 99 90 79 85 75 99 99 99 76 99 99 99 99 75 99 99 99 99 78 99 82 99 99 99 99 84 99 99 99 75 99 84 
99 99 87 76 87 99 99 99 99 99 0 51 50 65 57 47 56 53 54 58 99 76 84 99 91 99 99 99 99 99 87 99 99 97 93 78 99 88 99 99 99 90 76 79 85 99 91 99 99 99 99 99 93 90 99 99 99 99 78 99 99 
99 99 76 99 85 93 79 99 99 99 50 0 48 56 38 36 60 52 45 43 91 99 99 75 99 76 99 81 85 99 99 99 99 99 91 99 99 99 99 99 90 99 85 99 85 99 75 99 99 99 99 82 99 90 99 99 94 99 99 99 76 
93 99 79 99 99 99 99 75 99 99 42 47 0 44 36 58 54 42 64 46 99 99 99 99 97 99 99 87 94 99 99 99 93 99 91 99 87 99 99 99 91 99 99 97 78 99 99 84 99 78 99 99 99 99 99 88 99 99 94 99 99 
96 91 99 75 99 99 99 99 99 99 39 42 45 0 42 56 61 42 54 65 99 99 91 99 87 99 81 75 75 99 82 91 90 99 99 99 81 99 99 99 76 76 99 99 99 76 99 91 93 81 99 99 99 99 99 99 81 99 82 99 99 
79 99 99 99 87 99 99 99 78 99 64 56 64 34 0 40 52 39 48 34 99 97 99 99 84 99 96 99 99 99 94 99 81 99 99 99 82 91 99 99 84 99 99 82 99 99 99 93 93 99 99 99 99 99 99 75 99 78 99 99 87 
99 99 99 99 97 99 99 94 76 75 34 37 45 49 43 0 57 50 38 64 99 99 99 75 99 93 99 99 90 99 99 76 99 99 81 99 99 99 99 99 99 99 82 96 99 99 87 93 78 99 99 97 99 99 99 99 99 81 97 99 82 
99 99 84 99 99 99 99 84 99 84 39 60 36 53 34 56 0 62 40 37 99 94 99 99 99 99 99 96 99 81 99 78 99 99 99 99 99 99 94 99 99 99 99 99 99 85 99 99 99 87 99 81 91 99 82 99 99 99 99 99 96 
99 99 87 81 99 99 99 94 78 99 41 51 40 46 60 45 34 0 38 48 99 99 82 99 87 82 99 99 99 87 99 96 93 87 84 99 99 99 99 99 99 87 99 82 99 99 99 99 99 96 99 99 82 99 99 99 99 99 81 99 99 
99 99 99 99 99 99 99 99 99 93 48 56 43 44 58 57 52 36 0 33 97 84 99 99 99 78 87 85 99 99 99 99 99 99 99 84 99 97 91 87 99 99 99 99 99 99 99 96 99 82 99 81 99 99 99 97 78 99 99 99 99 
99 99 99 75 99 82 99 87 99 97 33 38 48 50 46 35 52 40 47 0 99 81 99 99 99 99 99 88 87 99 99 82 79 99 97 99 78 87 99 99 99 99 99 99 99 99 78 99 90 99 99 99 99 99 99 99 99 99 88 99 99 
99 82 93 99 99 99 99 99 99 99 99 99 99 99 99 82 99 99 99 99 0 52 52 61 56 48 36 50 53 44 99 94 99 81 91 81 99 99 99 99 99 99 99 93 99 99 99 99 91 99 99 99 99 84 99 75 99 85 79 99 99 
99 99 99 99 79 99 99 84 99 99 99 99 99 99 85 99 99 99 82 99 55 0 40 54 52 38 50 55 61 59 82 79 99 99 99 99 99 78 82 99 99 99 97 99 88 75 78 99 99 99 91 99 88 99 99 99 99 99 99 75 90 
99 78 99 99 99 90 88 85 99 99 99 99 99 99 99 75 99 78 99 88 50 54 0 62 54 62 51 40 54 37 99 99 99 78 99 99 99 99 99 99 99 99 99 99 99 91 99 99 99 99 90 99 99 99 81 99 84 99 99 99 99 
99 99 99 87 85 99 99 99 99 99 99 99 99 99 99 99 99 99 99 82 44 55 52 0 39 48 61 45 64 43 99 99 78 87 99 99 99 99 99 90 99 97 99 79 99 90 87 99 99 99 99 79 99 99 99 82 90 99 90 99 99 
76 99 99 88 78 99 99 99 75 81 99 75 79 99 99 99 99 94 99 87 64 50 40 66 0 52 37 61 64 51 99 93 99 99 90 85 96 81 99 88 99 93 99 85 99 99 78 79 99 99 96 99 99 99 99 99 99 99 99 91 99 
96 99 84 99 99 99 79 99 99 93 99 99 99 99 99 99 99 99 99 99 53 49 55 46 54 0 50 36 64 46 82 99 99 99 79 99 99 99 99 99 99 94 91 99 99 99 97 99 90 97 99 99 99 76 99 99 99 99 99 99 99 
99 87 99 99 99 99 99 99 99 99 99 99 93 99 78 85 97 94 99 99 38 48 52 51 60 38 0 52 60 62 99 99 99 82 76 96 88 99 99 99 99 99 99 99 99 87 75 99 99 99 99 99 99 99 85 88 76 99 99 99 99 
99 99 96 99 99 99 99 99 99 99 97 99 99 99 99 99 78 87 99 81 65 34 48 40 59 62 52 0 41 42 99 99 99 93 90 81 99 99 99 99 85 82 99 79 91 91 99 96 99 99 99 99 99 99 99 99 99 91 79 99 81 
99 99 99 99 75 85 99 99 99 76 99 99 90 99 85 82 90 99 99 99 42 38 56 50 56 52 42 50 0 36 94 99 99 99 76 99 99 99 99 82 99 99 99 88 96 99 85 97 99 99 99 99 78 97 99 99 99 99 76 99 99 
99 99 99 99 99 99 97 99 82 99 99 91 99 99 99 99 91 99 99 99 37 66 36 51 35 34 62 57 63 0 99 99 91 99 99 99 99 87 96 94 76 99 85 99 97 99 99 97 93 99 99 85 94 99 99 79 84 99 99 99 99 
99 87 99 99 99 85 78 99 99 99 99 99 99 99 99 99 99 99 99 99 99 99 75 99 99 87 94 99 99 99 0 42 36 33 38 61 45 50 62 44 91 88 90 88 99 97 79 99 99 90 76 99 99 85 99 99 85 99 75 99 99 
99 99 99 99 99 99 91 99 93 99 99 99 91 87 99 99 99 99 99 99 99 81 99 85 99 96 81 99 99 99 57 0 58 37 52 56 52 39 49 52 99 84 99 99 76 99 76 85 87 99 99 99 99 82 96 99 99 99 99 99 99 
75 99 99 99 99 81 99 99 78 88 81 99 93 93 99 99 88 96 81 99 99 99 99 99 99 99 99 93 99 84 44 49 0 34 38 50 60 58 36 46 99 99 87 97 99 79 76 79 99 79 90 84 99 76 99 99 99 99 99 99 99 
90 99 99 99 99 99 87 99 99 99 99 85 99 87 91 99 99 78 99 96 93 99 76 75 99 82 99 97 99 99 38 65 40 0 44 55 59 56 56 60 94 99 99 99 99 99 99 99 76 99 99 99 99 81 99 99 99 99 99 99 99 
99 84 81 99 99 78 99 99 82 99 75 99 99 87 99 99 99 99 99 90 99 99 99 99 99 99 99 93 78 88 34 38 57 48 0 47 37 39 64 34 99 99 99 99 99 99 90 99 99 99 91 99 99 99 99 99 82 99 99 99 99 
99 99 91 99 78 99 99 99 78 99 81 99 99 99 99 91 99 99 79 75 99 99 94 99 99 99 99 88 85 99 35 55 44 61 40 0 41 60 39 64 99 99 85 99 99 99 99 99 99 87 99 99 99 99 99 99 99 99 99 99 99 
99 99 99 99 99 99 99 99 99 99 99 99 76 99 99 84 99 82 99 99 99 99 99 99 93 99 99 97 99 99 58 59 58 47 61 57 0 52 60 59 99 99 99 99 79 99 88 99 99 99 99 99 99 99 99 99 99 99 99 87 99 
81 81 99 99 90 99 99 99 99 87 85 99 99 90 91 99 99 96 99 99 99 94 78 93 76 96 75 82 88 99 65 38 65 52 46 54 45 0 58 55 99 99 99 99 99 99 99 99 99 99 99 94 99 94 99 99 99 79 99 99 99 
99 99 99 99 99 85 99 99 84 99 99 85 99 99 88 99 85 99 99 99 84 99 99 99 99 99 88 94 75 81 52 42 56 56 48 54 34 36 0 59 99 84 99 97 91 99 99 79 99 99 87 99 75 93 96 99 99 99 99 99 99 
81 99 97 99 81 82 99 84 99 99 99 99 99 90 97 99 88 99 99 99 99 99 99 79 84 99 99 99 93 99 37 48 34 52 44 45 36 61 56 0 99 99 99 84 99 81 91 99 99 99 96 99 99 99 93 99 79 99 87 99 99 
85 99 99 99 81 99 99 99 99 75 82 96 99 99 99 99 99 88 99 99 99 99 90 99 97 99 99 93 78 99 82 99 99 99 99 85 99 99 99 99 0 38 49 43 57 35 55 38 37 36 99 99 99 99 99 99 99 99 78 99 75 
75 99 99 99 99 99 76 87 85 99 94 78 99 99 99 85 99 90 99 99 99 99 81 99 82 99 99 97 99 99 78 99 99 99 99 99 99 99 97 84 43 0 60 46 36 64 53 44 43 58 99 97 81 93 99 78 94 99 82 99 99 
99 78 99 99 99 99 99 99 99 99 99 78 99 99 88 99 85 81 94 84 91 99 99 78 99 99 99 85 99 81 99 99 99 99 99 99 93 88 90 87 60 54 0 48 44 61 40 62 40 64 91 99 88 99 87 88 99 99 99 99 90 
99 99 99 99 99 99 99 99 99 99 99 99 99 99 93 99 99 99 99 99 99 78 99 76 99 99 78 97 99 99 99 99 99 99 99 99 99 99 84 99 38 35 46 0 59 47 64 36 62 38 99 99 99 99 99 81 99 99 99 99 99 
96 99 96 99 99 99 88 93 99 97 99 99 99 76 99 99 99 99 99 94 99 76 99 99 99 99 79 99 99 99 99 99 99 99 99 99 99 99 99 99 57 50 51 33 0 65 40 56 64 59 99 99 99 99 79 99 99 78 99 99 99 
79 99 99 99 99 90 99 99 99 99 99 99 99 99 99 99 99 99 99 99 82 99 99 99 79 99 81 99 84 75 99 76 99 99 99 90 96 99 99 99 48 43 52 46 50 0 66 64 48 61 99 79 99 99 85 99 99 99 99 99 99 
99 99 99 99 99 99 99 75 99 90 99 99 99 99 99 79 78 99 99 99 85 99 90 99 99 99 99 90 76 99 99 76 78 99 99 99 91 96 99 99 39 57 50 34 54 50 0 35 44 52 99 87 99 85 87 99 99 99 85 84 94 
99 99 99 99 99 99 91 99 99 93 84 99 75 88 99 99 97 99 99 99 99 99 85 76 99 90 99 75 99 85 99 99 99 88 99 99 99 99 78 99 54 50 35 35 59 58 58 0 54 56 99 99 76 99 75 84 85 99 99 99 99 
99 99 99 99 99 85 81 99 99 97 90 99 99 78 99 99 75 99 96 99 99 99 99 99 90 99 99 88 99 99 99 99 90 99 99 93 76 99 99 99 34 50 40 61 63 58 53 66 0 36 99 78 99 99 99 99 99 97 99 99 99 
99 94 88 99 99 99 99 87 97 99 90 99 82 99 87 96 99 99 85 85 99 99 99 99 99 94 99 99 85 93 99 81 78 99 99 99 91 99 82 84 60 64 62 54 34 36 48 33 46 0 75 99 99 99 99 99 87 99 99 99 76 
78 85 78 99 99 99 97 99 99 99 99 99 87 90 99 96 99 93 99 99 99 99 87 99 99 90 99 99 91 99 99 78 99 93 99 99 99 99 99 99 99 99 99 99 99 99 88 99 99 99 0 34 44 34 42 62 56 56 39 52 88 
99 90 99 79 87 99 88 99 90 99 88 99 99 99 99 90 91 99 99 76 76 99 96 99 99 96 99 99 99 99 87 99 99 99 96 99 94 99 81 85 99 99 99 99 99 99 94 99 82 79 38 0 45 48 64 64 66 50 43 64 99 
99 99 99 79 99 99 78 87 99 99 99 99 99 99 99 76 99 75 99 99 99 82 99 99 99 99 99 99 78 99 90 99 99 82 99 76 99 99 88 91 76 93 99 99 99 99 99 99 79 75 46 39 0 60 49 49 59 46 44 56 99 
82 99 99 79 99 99 90 85 99 93 99 81 79 99 99 99 99 99 91 75 99 99 99 78 87 99 99 88 96 99 87 99 99 99 99 99 99 99 88 90 99 99 99 99 99 99 93 99 99 99 42 65 50 0 57 33 60 45 58 34 99 
99 99 99 99 78 78 99 99 85 96 99 99 99 99 99 99 76 94 99 99 99 99 99 99 87 99 90 81 99 88 94 99 99 99 82 99 93 99 99 90 82 99 99 88 99 99 99 99 99 99 44 49 66 42 0 44 40 43 65 53 99 
99 99 84 87 78 99 82 90 99 99 75 99 97 76 99 94 99 81 99 99 99 85 99 99 99 99 82 99 99 88 91 81 99 99 99 76 99 99 99 99 99 84 99 99 85 79 99 90 99 96 60 64 50 51 46 0 44 64 42 56 96 
99 99 99 87 82 85 99 81 97 99 99 99 87 94 99 99 99 99 85 99 99 99 88 75 96 99 97 91 99 99 99 99 99 99 78 99 94 99 94 99 99 99 99 99 99 85 99 99 99 99 44 55 44 64 63 56 0 42 48 58 96 
99 99 93 93 99 99 99 99 99 99 99 88 99 99 94 99 99 94 78 99 99 99 99 99 93 99 91 99 84 99 82 97 99 84 99 99 99 99 75 99 99 99 99 99 76 90 99 99 99 99 61 40 42 33 41 38 54 0 56 38 82 
99 75 99 99 99 94 99 91 78 99 90 94 85 99 99 99 88 99 99 99 99 82 99 99 99 99 79 99 99 99 99 99 99 99 91 99 85 99 79 99 99 99 99 99 99 99 75 79 99 99 64 49 50 63 46 54 42 37 0 48 99 
99 99 79 99 99 99 99 99 99 94 99 78 99 88 99 76 99 99 99 94 99 99 84 84 78 90 99 84 99 99 99 78 99 99 99 99 99 99 97 99 99 90 99 99 99 99 85 84 99 90 60 49 39 38 35 62 47 58 50 0 93 
99 75 99 99 84 99 99 99 99 99 87 79 93 99 96 88 99 99 99 99 99 99 94 99 99 99 99 97 82 99 85 99 99 99 99 99 99 99 99 99 99 99 99 75 99 99 99 96 99 99 99 84 99 99 93 97 91 91 99 79 0 
