n: 60
m: 4
Pi:U[1-99] 86 99 23 19 3 10 32 26 58 18 65 11 72 23 28 94 1 33 45 81 13 82 83 12 45 90 69 55 15 31 80 78 29 56 33 56 4 30 34 9 30 36 52 44 43 56 42 88 10 42 60 58 16 36 51 83 61 33 58 33 
Si:U[1-49]
0 7 26 14 20 9 16 28 14 11 10 10 30 49 49 24 49 6 49 37 10 49 49 48 13 49 49 49 49 49 7 37 31 27 10 19 4 49 9 28 49 33 16 34 43 49 49 15 25 18 49 25 10 40 49 49 49 49 42 7 25 
28 0 23 21 8 14 8 8 6 5 49 49 49 9 1 24 49 49 49 49 49 25 49 3 49 49 49 36 43 49 13 24 49 43 49 36 7 49 21 21 39 49 49 28 37 33 15 49 49 49 33 28 49 33 48 49 7 37 40 49 40 
12 29 0 0 26 20 29 30 30 18 37 9 10 49 6 49 45 9 49 43 49 7 3 45 39 12 12 49 30 37 18 49 19 42 10 49 21 18 49 49 22 49 24 9 49 6 49 49 49 27 39 49 6 39 3 49 39 21 46 42 31 
27 17 26 0 10 20 28 24 8 31 28 42 21 49 49 18 45 49 49 3 49 49 42 49 30 9 15 27 49 13 49 49 18 9 31 48 18 10 49 34 49 49 49 49 49 42 15 4 49 9 49 49 34 49 49 16 49 21 49 49 49 
15 20 32 7 0 0 10 8 8 5 49 49 25 49 7 18 49 16 49 15 49 46 22 49 43 49 49 49 4 28 49 36 49 3 40 19 49 9 7 39 9 13 19 36 9 42 4 27 34 28 49 45 19 49 4 49 49 10 49 12 49 
20 8 15 16 6 0 12 22 9 1 45 12 49 24 40 43 31 49 36 43 7 10 24 49 49 31 40 16 31 49 49 49 49 49 15 49 49 28 28 49 3 49 3 31 22 28 49 49 24 43 49 49 22 40 18 49 49 9 22 49 36 
16 1 10 3 6 3 0 24 12 30 46 9 49 49 49 16 6 49 18 15 49 40 43 15 40 49 49 7 7 49 46 48 19 31 4 34 33 46 25 28 39 37 49 49 30 49 49 49 49 49 16 27 31 10 49 48 49 21 16 28 27 
14 14 16 6 24 21 10 0 8 21 24 12 28 24 49 40 45 49 4 18 10 49 21 24 25 9 31 49 49 49 6 30 19 49 49 25 16 49 7 40 49 40 49 49 36 25 10 4 15 49 49 30 12 49 28 40 3 49 49 24 45 
21 4 11 10 13 16 24 4 0 11 36 25 49 42 49 49 39 39 49 43 34 9 49 21 28 12 43 49 34 48 49 1 49 12 13 12 13 12 49 49 6 15 7 49 36 49 49 49 49 48 49 49 28 24 19 7 49 25 21 27 30 
32 22 2 15 32 15 14 30 23 0 49 10 49 24 49 49 21 25 49 27 37 7 49 42 49 10 48 28 49 3 49 48 49 15 39 34 49 49 49 49 49 33 49 49 49 49 49 49 24 40 49 49 49 49 19 42 40 28 49 16 49 
18 49 43 37 16 49 30 9 39 49 0 31 21 3 7 3 8 4 32 30 49 12 33 49 43 1 19 49 21 27 22 19 7 49 16 33 49 49 48 49 33 43 49 49 9 31 10 49 10 49 3 15 49 10 49 25 49 27 49 49 4 
49 49 40 49 15 42 49 49 49 49 32 0 14 30 27 4 13 15 6 7 49 49 7 12 18 28 27 28 39 4 36 49 43 49 21 49 19 49 10 49 3 21 7 3 49 49 49 49 7 3 18 49 1 39 28 49 37 31 13 43 1 
19 40 49 36 7 48 22 48 31 49 24 6 0 10 5 12 28 0 22 4 49 9 15 49 43 24 34 9 49 49 49 21 49 48 12 49 13 25 21 49 49 49 40 49 49 49 49 49 18 40 49 10 48 49 49 13 49 49 46 34 40 
24 33 49 31 4 25 49 49 49 12 6 31 3 0 15 18 30 23 8 7 21 3 16 33 49 49 18 34 39 6 46 48 49 21 43 34 25 49 19 19 28 36 49 49 18 1 9 13 40 46 49 49 39 49 31 30 49 49 24 42 49 
21 49 36 49 45 33 49 10 3 21 14 16 8 22 0 2 31 24 8 18 16 16 15 19 49 42 49 49 49 49 49 22 13 49 6 49 49 30 46 49 27 49 49 21 49 49 49 34 43 10 16 34 49 12 49 49 15 49 49 49 34 
9 49 9 49 21 49 33 37 39 18 1 16 17 9 30 0 4 26 22 32 21 49 45 46 4 49 49 49 49 45 25 49 49 13 9 36 49 6 7 36 18 49 49 10 1 49 39 7 30 37 49 49 46 33 25 49 19 49 49 22 49 
39 43 15 45 49 49 49 42 31 49 30 12 25 3 8 11 0 22 30 26 49 36 4 13 28 22 46 49 1 28 49 46 33 49 46 9 45 49 49 28 49 49 25 49 49 49 49 31 10 10 4 19 31 49 49 46 49 28 49 49 4 
49 30 3 13 42 49 42 49 28 49 22 0 5 8 2 1 3 0 24 8 43 49 49 28 49 28 45 49 49 25 48 27 28 30 49 42 36 7 49 15 13 49 10 18 1 49 49 49 10 36 49 25 33 25 36 25 10 46 7 22 49 
13 46 7 4 39 48 49 27 36 49 6 25 26 4 10 15 16 17 0 24 28 49 49 21 6 24 36 49 42 49 34 49 1 49 30 49 49 48 21 49 49 49 34 9 42 13 21 49 49 49 49 16 3 4 3 49 39 48 21 46 49 
49 18 48 48 49 4 21 3 49 49 27 30 2 28 27 28 15 13 14 0 49 49 24 49 49 39 49 30 22 49 28 13 15 36 42 30 27 22 49 49 49 49 49 10 34 31 10 49 49 49 19 39 13 49 15 49 1 46 46 28 49 
45 49 19 49 48 40 48 28 48 40 34 27 49 42 49 43 42 49 12 49 0 5 20 12 2 11 17 32 10 25 34 46 49 28 49 4 16 49 19 49 49 19 49 42 49 49 24 49 25 49 12 3 49 3 49 10 13 33 28 25 1 
49 27 3 49 49 42 19 37 49 7 34 13 27 1 30 45 12 49 9 33 6 0 1 14 24 17 16 16 18 32 49 49 15 22 49 49 18 49 49 22 21 49 49 49 49 46 49 45 28 30 40 24 42 13 27 27 49 49 30 27 49 
9 31 6 34 19 49 27 48 21 49 33 39 25 22 31 15 46 34 3 31 32 21 0 28 12 22 4 20 31 1 28 22 30 49 49 3 25 12 36 6 4 21 49 49 45 19 48 6 40 28 31 49 40 49 49 27 49 49 49 37 45 
43 10 39 24 39 49 30 49 49 22 33 18 34 49 33 49 15 49 33 21 17 0 26 0 20 4 2 21 28 12 46 19 24 49 16 49 48 40 3 39 49 40 12 49 49 15 10 6 49 49 49 21 49 1 12 43 6 33 34 49 28 
49 46 49 28 10 4 37 16 49 13 49 7 49 43 36 9 45 49 42 10 18 0 3 10 0 24 12 27 22 18 12 49 34 49 4 13 49 13 39 25 48 49 40 7 36 25 15 34 1 49 37 49 39 49 46 49 48 34 4 45 45 
49 27 9 18 49 31 24 42 49 34 15 43 43 25 7 43 39 1 16 15 28 14 10 6 12 0 18 6 8 26 49 18 49 49 1 49 22 49 19 46 49 9 49 36 48 10 10 45 49 9 37 19 49 24 43 49 49 49 16 7 9 
13 49 49 49 43 48 49 34 49 49 13 9 49 49 49 49 37 28 19 49 23 14 11 29 7 15 0 19 28 19 30 49 4 49 49 24 27 49 49 49 49 49 12 49 42 49 18 39 24 49 49 4 49 30 27 10 37 49 10 45 46 
49 49 15 46 6 49 16 25 28 49 6 30 15 43 49 49 49 49 49 49 27 24 19 7 14 11 30 0 2 24 49 39 49 49 46 33 39 4 12 49 12 31 6 33 9 46 34 49 42 49 1 13 10 28 13 30 40 21 40 49 3 
28 43 15 6 3 49 37 49 36 7 48 49 49 43 49 45 49 49 48 49 2 7 21 18 1 9 1 16 0 14 7 16 27 34 34 36 49 12 7 46 49 30 49 49 49 33 46 49 42 49 49 49 37 13 6 49 42 49 43 49 9 
49 34 49 37 6 48 39 42 19 49 45 49 10 49 49 45 27 49 43 49 15 14 26 10 16 29 9 17 24 0 9 16 34 7 3 45 24 49 42 49 49 37 12 27 31 48 49 37 36 49 49 6 49 27 49 39 49 43 49 27 33 
49 25 49 49 49 16 18 49 12 46 49 3 19 19 49 49 7 49 1 49 49 6 12 21 49 49 49 10 49 12 0 12 16 9 7 10 20 23 3 2 13 49 49 48 34 31 49 33 30 49 49 48 19 49 49 49 24 49 49 49 49 
13 49 27 28 28 1 49 30 49 49 6 4 3 49 10 7 33 10 16 24 1 49 28 49 19 45 49 49 49 13 0 0 22 28 10 14 32 3 26 16 49 49 16 48 19 16 27 18 28 37 37 49 49 16 49 49 34 49 22 43 49 
49 27 37 18 10 40 9 49 24 21 22 31 37 49 25 39 39 49 19 43 46 37 25 31 49 49 28 49 49 46 2 17 0 22 6 27 9 4 8 11 25 49 31 43 48 49 4 49 37 49 6 49 21 39 30 42 43 49 25 7 31 
13 48 49 49 33 40 49 43 49 31 10 7 31 49 28 31 9 49 40 34 40 42 21 39 6 24 4 27 3 49 21 15 3 0 5 2 1 18 10 0 49 49 49 48 25 4 37 49 48 49 43 3 31 10 48 49 4 49 13 49 49 
27 36 49 12 49 15 36 10 43 3 45 9 22 49 12 49 49 25 34 28 40 49 12 15 7 49 49 49 49 1 27 23 28 9 0 17 18 6 5 10 18 25 49 49 42 49 42 49 22 1 19 49 46 21 48 49 49 49 16 16 12 
6 46 31 22 1 19 40 33 49 28 48 49 24 49 49 49 34 30 49 19 49 40 46 19 49 16 34 18 33 30 24 3 0 18 9 0 24 22 8 32 46 49 4 49 49 12 49 16 3 4 49 6 49 33 33 37 18 1 24 49 49 
19 49 37 39 49 49 49 34 12 49 21 42 46 6 22 49 49 49 39 36 42 3 49 36 49 49 49 40 37 16 18 15 4 14 8 18 0 32 11 10 4 49 22 49 33 19 49 40 49 9 7 18 13 21 25 10 34 3 39 6 36 
19 49 36 43 28 30 49 33 30 49 49 49 28 19 45 49 1 30 49 30 30 31 36 16 25 33 28 3 33 6 13 4 0 22 17 25 4 0 10 26 49 21 16 30 49 34 39 49 49 49 7 33 19 43 36 49 49 49 4 27 10 
49 49 28 18 39 49 18 49 21 49 40 33 19 48 49 30 9 27 49 21 25 42 31 49 3 49 7 36 15 30 19 4 2 14 32 11 21 2 0 28 49 39 22 27 45 10 18 43 39 42 49 25 15 15 49 39 15 40 49 36 6 
39 28 45 49 13 12 13 49 49 49 10 4 12 49 49 49 49 43 48 34 30 19 15 49 49 49 49 49 39 37 27 18 14 8 12 10 31 19 17 0 27 1 46 40 49 49 46 16 18 39 49 18 49 10 27 45 49 1 49 49 49 
24 15 3 46 49 49 39 49 4 19 33 37 7 15 42 49 18 49 37 12 48 43 31 49 48 39 33 49 10 1 49 19 34 15 9 49 49 46 49 27 0 5 6 14 10 2 18 30 28 9 27 30 49 9 36 49 42 40 49 31 34 
19 42 22 31 30 34 25 49 15 49 49 16 49 13 46 49 22 9 30 13 30 49 15 49 9 49 22 27 9 49 49 49 4 49 19 6 49 15 49 24 16 0 22 8 32 2 13 24 17 20 49 49 10 49 42 27 46 42 49 49 49 
7 48 13 49 24 10 49 37 49 42 27 49 28 30 49 7 49 10 9 1 49 28 16 37 48 49 36 49 31 49 31 28 21 4 49 6 45 42 7 49 19 23 0 32 2 8 22 27 28 24 49 33 49 48 49 33 49 49 9 13 49 
49 48 28 24 10 49 30 49 46 49 34 34 18 31 1 49 42 9 49 49 40 49 28 49 39 6 49 49 49 33 10 31 7 49 49 22 49 49 25 18 2 14 18 0 26 8 22 3 5 17 49 4 45 22 46 25 49 25 30 45 21 
27 24 36 49 16 49 40 18 34 16 36 39 49 49 49 49 49 49 16 18 49 12 40 49 49 7 49 49 4 7 49 43 27 49 49 4 31 49 43 48 16 18 5 32 0 4 32 5 27 10 49 49 49 49 7 36 49 49 7 3 21 
42 49 42 13 10 6 46 48 3 12 30 49 49 49 9 49 33 45 28 31 34 43 43 16 12 3 1 4 22 49 10 39 49 16 49 10 6 9 42 49 6 25 19 14 28 0 26 28 28 23 33 13 48 36 18 49 49 10 4 40 31 
40 22 37 49 49 7 46 49 49 43 46 49 4 49 39 31 24 12 25 48 49 45 33 6 25 49 31 12 49 1 49 49 49 46 49 33 42 16 3 49 18 5 6 23 32 4 0 10 16 16 49 49 30 49 21 9 49 49 49 45 9 
37 28 36 49 25 4 12 49 49 49 39 9 21 18 6 1 49 13 49 49 22 12 49 10 9 18 49 1 9 16 28 30 49 21 49 49 9 15 27 48 20 4 20 9 5 13 11 0 6 14 43 36 12 1 7 24 42 19 48 25 39 
27 49 7 37 49 15 39 34 49 22 49 18 6 49 34 37 49 24 49 49 19 49 49 10 49 6 39 49 16 46 48 49 19 49 15 40 1 49 43 15 17 26 14 6 6 9 6 11 0 7 37 49 21 40 27 49 39 22 4 10 6 
49 33 34 12 16 42 27 3 49 49 18 3 49 40 13 49 49 49 49 10 7 49 9 7 42 4 49 49 49 49 43 49 7 49 1 6 10 24 13 6 14 32 1 32 26 12 32 32 8 0 24 24 49 49 28 24 28 15 10 15 1 
43 49 33 49 1 19 49 31 22 45 9 40 49 28 34 13 49 49 49 49 36 21 31 21 28 34 19 28 22 28 49 49 45 16 1 49 25 16 49 49 49 33 15 49 31 3 10 15 21 21 0 8 28 5 18 0 18 13 32 30 27 
49 49 9 33 15 28 49 16 22 49 36 3 9 49 42 3 49 15 49 24 49 49 42 49 4 49 19 43 28 49 9 49 49 30 3 49 49 49 49 33 49 18 18 37 49 49 16 30 49 49 24 0 20 4 10 12 10 6 8 10 46 
42 49 49 48 22 49 21 34 42 28 37 28 49 49 6 49 49 49 49 49 42 49 33 49 28 49 7 49 13 49 49 37 49 49 15 45 49 48 34 49 19 49 30 49 49 49 49 49 45 49 30 28 0 23 13 18 31 24 6 20 48 
48 1 49 37 49 7 9 48 22 3 49 6 49 46 49 33 31 46 28 48 49 16 45 22 49 27 28 4 12 12 49 6 49 49 36 49 4 10 43 49 12 28 36 45 18 48 7 4 49 49 32 30 14 0 12 18 32 29 2 20 49 
49 3 49 37 36 22 33 22 46 49 49 16 49 37 10 21 49 49 3 34 6 49 49 27 25 49 12 49 48 28 34 45 1 28 1 49 19 36 49 3 49 6 12 31 42 33 13 49 49 6 24 19 3 4 0 13 30 16 14 6 39 
36 25 19 45 49 4 31 49 7 43 46 49 49 6 46 24 31 49 13 42 4 18 49 31 7 22 22 49 12 4 48 49 30 13 49 49 49 27 42 46 49 48 34 45 40 49 19 7 1 34 22 22 29 22 22 0 22 0 29 20 49 
43 49 18 49 49 49 30 21 28 49 7 34 16 12 42 49 16 49 24 21 13 49 7 45 39 4 49 49 3 49 49 7 49 13 49 18 27 15 49 33 22 49 30 48 49 49 42 25 49 46 32 24 30 12 29 24 0 8 10 6 49 
18 49 31 49 10 42 27 7 12 4 21 18 19 13 24 49 13 30 39 30 28 49 49 34 43 49 49 49 43 49 37 33 19 16 49 7 42 6 48 19 49 24 49 49 49 28 49 42 4 7 28 7 11 12 29 16 1 0 17 8 12 
24 31 49 1 10 40 24 49 21 30 7 49 49 46 13 3 27 49 28 10 49 49 36 6 24 49 49 7 37 48 6 49 4 49 36 49 49 49 42 18 22 6 6 49 45 16 3 27 49 21 10 4 10 14 27 20 28 26 0 30 27 
49 49 43 12 6 28 49 49 46 42 7 49 49 49 49 39 7 27 13 15 10 9 45 13 48 49 19 10 15 13 36 49 19 6 42 36 46 49 21 49 49 27 49 49 40 49 49 19 18 33 20 24 6 24 28 15 8 30 10 0 36 
7 12 49 4 10 39 15 49 1 36 37 24 3 49 49 6 48 49 7 45 48 46 49 1 12 49 33 37 19 48 42 33 49 16 27 49 43 49 49 49 43 49 6 16 49 22 45 1 49 49 33 49 15 49 30 49 7 10 49 49 0 
