n: 60
m: 2
Pi:U[1-99] 97 86 36 98 92 3 51 82 46 59 42 87 1 45 75 1 29 2 79 11 81 64 92 75 66 83 34 17 97 92 3 50 15 75 89 24 67 19 44 86 88 64 29 14 34 92 83 75 21 9 45 78 51 16 4 28 10 35 80 56 
Si:U[1-49]
0 20 27 48 39 8 44 19 11 13 33 6 16 27 24 2 37 47 41 10 30 33 37 35 37 19 42 4 22 4 5 10 4 36 43 16 38 6 25 19 36 17 27 25 32 36 13 7 41 45 16 34 24 17 39 48 20 43 8 25 44 
14 0 2 36 47 45 44 49 5 34 18 44 36 42 35 12 30 46 45 43 30 19 42 27 48 9 40 7 48 18 17 3 42 15 17 31 19 18 9 28 26 24 15 14 39 37 12 37 6 3 8 49 37 33 48 18 26 26 10 15 45 
10 47 0 6 10 35 33 25 42 31 27 12 9 45 14 33 21 39 38 31 11 5 4 18 31 19 22 26 22 32 29 10 41 26 16 42 40 38 24 32 47 28 31 9 21 5 24 49 25 23 15 4 49 18 11 13 12 45 2 13 41 
4 31 35 0 31 10 48 48 25 40 33 7 27 41 22 45 38 7 47 25 12 42 5 23 7 42 16 38 42 29 33 17 40 38 19 8 46 13 12 23 42 49 12 15 34 45 1 11 47 12 45 5 8 38 37 14 37 3 37 27 29 
4 34 42 48 0 25 14 11 27 24 36 9 37 16 25 34 39 20 24 17 9 10 17 10 13 27 22 20 3 7 27 42 12 7 20 46 15 24 26 48 23 19 13 36 34 49 3 13 36 26 25 49 49 40 1 39 13 43 36 13 2 
7 16 26 31 48 0 16 25 24 16 1 29 20 21 43 1 8 10 46 35 8 28 28 23 40 26 41 5 3 24 32 38 10 18 3 37 24 22 27 12 6 46 27 37 24 1 35 32 45 41 45 23 24 41 1 28 13 19 23 43 17 
5 32 39 9 4 44 0 20 41 27 23 19 37 36 31 7 49 15 33 16 37 26 14 4 39 23 29 44 36 37 41 22 7 8 6 10 7 34 13 40 29 30 14 14 8 28 15 15 7 45 35 15 33 16 28 25 19 26 16 25 23 
14 22 23 24 33 10 1 0 48 7 34 40 25 49 17 44 19 14 40 7 11 44 49 7 46 16 7 38 8 29 47 37 29 27 43 17 43 4 44 10 30 41 45 14 40 35 19 34 7 31 23 20 32 37 45 40 36 46 42 46 3 
26 22 40 35 6 22 44 4 0 19 37 37 13 21 44 24 21 46 21 25 44 19 16 29 26 19 8 5 28 2 40 38 49 41 9 40 26 26 22 27 7 3 16 16 36 10 43 10 3 32 29 33 12 18 47 19 35 17 39 40 7 
48 4 16 12 30 36 11 33 46 0 19 32 10 8 30 19 30 36 45 3 6 5 16 37 9 46 47 29 19 37 8 39 48 17 2 23 26 20 27 46 43 30 29 40 44 16 19 19 44 23 49 30 35 27 29 24 6 44 41 47 44 
12 29 6 2 36 10 16 16 47 41 0 10 43 36 42 23 44 42 22 2 1 18 7 29 9 7 32 48 32 3 41 15 34 20 42 9 23 19 10 5 3 20 21 44 25 29 44 47 12 12 30 31 2 8 36 31 28 39 34 29 3 
42 41 2 48 35 22 10 18 3 14 48 0 48 25 6 4 26 37 49 14 45 11 8 24 4 34 8 9 3 6 7 9 15 5 4 11 16 39 20 33 35 12 37 24 24 9 30 18 19 8 35 47 25 48 45 24 5 29 36 25 15 
2 18 39 3 20 20 30 13 38 32 15 49 0 12 20 6 15 24 22 38 43 46 4 27 34 13 30 28 18 40 44 37 30 42 5 29 3 31 37 16 14 37 30 29 28 20 29 37 41 42 10 10 45 45 6 37 47 42 35 38 38 
39 43 3 15 30 4 21 33 44 1 42 3 13 0 7 32 18 49 49 31 9 35 45 19 19 14 43 38 21 37 7 1 35 41 16 35 22 17 24 45 30 25 17 32 33 26 22 31 18 41 41 18 11 37 10 12 22 42 32 10 7 
28 29 48 23 9 32 17 20 31 25 19 8 21 30 0 35 45 20 33 36 32 49 8 46 29 26 17 16 48 3 15 7 45 21 15 4 13 23 38 25 33 2 39 42 23 8 6 6 43 11 21 18 25 21 42 47 21 28 14 30 6 
17 13 1 13 20 40 5 32 3 35 26 48 35 43 13 0 46 21 42 36 2 47 33 3 27 3 15 6 39 31 25 37 5 46 18 31 42 32 14 20 32 4 19 11 19 16 39 28 33 45 29 4 39 22 10 12 25 19 2 47 13 
41 44 16 10 42 22 40 47 11 17 3 18 43 45 6 4 0 45 34 5 11 10 25 40 44 13 38 33 27 31 36 27 28 2 26 16 33 42 38 31 21 7 27 49 46 13 21 46 32 19 20 27 28 19 9 41 18 35 19 45 31 
31 13 46 47 40 46 5 8 1 27 38 14 21 26 41 33 40 0 45 9 43 22 10 31 22 15 5 27 38 25 11 14 12 9 35 43 24 20 4 16 35 45 41 23 21 22 33 46 17 41 4 35 21 9 17 15 32 10 10 21 1 
49 2 3 8 6 6 15 49 27 42 7 9 15 45 45 14 1 43 0 39 34 19 1 39 7 27 31 7 3 18 41 48 14 15 21 25 42 5 12 18 24 2 39 32 3 45 18 28 5 9 47 16 25 5 17 32 21 21 5 28 7 
8 33 9 38 25 28 33 5 47 21 32 44 38 3 46 27 38 14 49 0 30 25 48 24 28 44 26 18 42 48 44 39 47 30 48 27 3 19 34 43 6 12 1 31 27 12 3 1 26 18 40 38 45 23 47 40 28 22 48 38 30 
39 45 40 39 16 9 5 44 10 16 33 22 33 11 18 45 45 41 4 25 0 9 25 36 40 38 39 49 44 46 49 33 45 26 29 24 8 49 3 45 22 16 19 18 47 6 20 18 17 11 29 6 29 33 47 14 4 43 10 47 40 
25 6 34 37 40 31 40 9 11 11 23 9 5 27 11 46 28 17 20 11 3 0 22 34 20 37 14 3 10 4 2 30 32 43 30 37 6 47 42 39 12 35 43 8 43 39 24 47 15 30 23 33 34 31 8 10 41 41 48 14 44 
15 20 3 26 41 40 6 17 37 23 20 25 23 16 15 12 36 12 7 4 33 38 0 20 36 30 3 9 20 10 33 22 18 12 12 7 37 35 17 35 24 18 18 11 7 43 35 48 27 26 19 1 36 35 7 16 30 32 3 44 24 
18 19 46 45 13 16 31 49 38 12 28 21 11 49 36 22 7 24 31 49 42 41 31 0 43 40 26 38 5 32 11 43 32 39 44 33 36 29 39 14 23 25 26 9 15 20 21 18 38 42 3 31 32 5 33 22 30 15 12 20 34 
46 6 48 22 1 37 32 20 9 3 48 18 39 6 35 44 43 32 47 32 37 2 8 21 0 12 1 31 32 13 46 28 29 14 34 12 5 41 2 31 12 34 16 44 13 4 44 36 10 48 17 26 18 16 8 24 21 3 4 37 32 
33 35 19 21 44 12 37 18 28 12 4 5 37 44 38 46 2 45 32 30 16 3 4 25 43 0 23 15 44 24 22 5 16 4 15 43 13 46 46 18 33 29 30 30 41 8 21 26 3 48 10 28 31 39 2 43 33 8 48 3 24 
11 26 47 36 14 22 10 23 48 10 17 36 28 41 30 25 28 17 43 13 3 42 43 15 28 45 0 13 41 2 12 2 6 24 47 29 38 38 32 26 17 42 12 22 14 10 8 9 26 49 8 40 33 26 29 36 7 29 37 49 37 
36 45 7 40 31 23 40 39 48 27 35 27 7 47 24 30 6 17 3 33 3 7 27 19 38 7 40 0 16 16 49 12 18 4 19 48 27 43 25 6 36 8 18 35 47 17 9 15 16 43 23 2 30 19 23 27 2 15 43 17 26 
24 10 23 5 6 3 40 29 45 20 19 6 35 42 41 11 49 44 41 24 34 46 43 25 35 31 39 30 0 47 19 11 22 49 16 26 37 36 26 49 33 34 46 49 20 8 12 3 30 37 43 3 15 28 29 41 11 31 38 5 6 
44 2 29 40 46 4 6 5 10 18 32 8 40 13 23 25 38 19 2 7 17 32 22 2 44 47 22 49 23 0 45 3 44 15 47 7 11 46 42 23 40 24 46 13 3 8 14 6 34 48 2 29 15 13 7 49 10 43 25 9 5 
26 21 25 38 46 12 14 26 32 47 8 15 39 1 13 43 28 27 47 4 21 10 35 20 41 44 3 6 18 42 0 4 49 49 11 27 1 31 18 48 26 48 48 44 23 18 31 32 4 36 21 27 6 9 44 33 13 36 25 26 40 
34 2 14 27 24 8 23 28 43 26 44 28 39 12 4 15 7 9 7 41 17 19 12 12 21 12 8 22 15 36 9 0 30 37 19 1 42 43 9 22 2 16 47 33 37 30 13 12 32 31 6 42 35 45 15 43 24 49 3 16 23 
25 17 25 26 44 38 22 23 13 49 5 36 49 12 1 3 24 17 9 21 33 13 20 44 9 30 2 31 28 37 31 39 0 43 27 42 16 8 38 16 25 37 5 32 11 3 30 46 43 44 14 10 20 46 4 15 9 41 1 41 3 
18 29 40 46 47 27 23 13 19 2 38 32 13 43 42 45 23 47 30 14 25 36 26 28 27 29 26 24 3 7 24 7 27 0 28 36 6 4 47 41 48 37 34 37 49 24 43 49 31 43 43 28 2 36 1 48 28 32 44 40 13 
3 32 10 9 44 22 35 15 19 26 32 44 28 8 3 24 9 3 29 48 35 46 45 40 32 20 42 26 20 24 43 8 6 22 0 47 33 36 38 28 40 44 23 28 16 14 10 8 29 47 43 5 20 6 40 25 16 22 43 28 33 
46 25 25 12 19 29 22 1 47 2 2 15 4 2 6 39 40 15 39 25 21 41 14 38 31 26 49 41 18 30 27 29 8 10 43 0 7 18 38 21 36 1 28 26 49 1 19 25 33 22 42 26 47 42 14 11 35 46 31 39 12 
35 33 33 10 23 33 11 8 31 3 8 46 20 38 19 44 36 39 46 27 22 10 12 41 17 4 39 24 22 23 19 39 1 7 20 20 0 44 3 10 38 11 8 15 32 45 13 39 31 27 6 41 17 21 8 14 29 7 7 16 27 
14 29 48 41 41 12 15 43 40 19 32 40 43 37 48 35 40 24 13 8 21 23 46 34 4 11 12 44 22 18 39 48 43 11 32 14 34 0 42 45 37 21 24 17 30 14 16 32 47 34 22 43 31 29 28 5 26 46 34 21 31 
15 45 30 39 26 48 23 42 46 39 39 48 14 30 35 13 44 17 35 5 5 28 27 33 47 8 46 25 37 13 19 27 14 6 18 25 35 43 0 45 27 26 33 29 12 34 35 29 15 47 48 39 30 30 27 34 32 8 28 3 47 
41 38 4 4 38 12 22 9 34 43 28 47 41 41 48 29 11 21 24 23 36 11 44 3 1 33 28 15 26 1 17 16 38 7 26 5 38 47 2 0 49 38 32 22 40 28 33 10 17 16 11 18 15 25 4 37 14 40 11 17 33 
42 44 29 22 6 6 24 27 16 32 25 41 42 44 26 23 30 23 31 26 25 10 29 4 6 39 4 24 48 29 43 38 42 4 19 13 18 10 31 30 0 23 20 14 32 33 25 32 43 32 13 26 31 13 9 24 24 8 22 11 7 
49 42 45 49 39 33 38 43 36 15 43 2 25 37 41 15 41 27 20 18 21 42 24 5 3 25 8 44 26 48 18 45 17 21 3 49 1 4 43 25 13 0 37 24 26 7 15 21 42 41 44 41 15 10 41 30 37 24 27 14 14 
44 15 25 25 18 21 15 39 11 12 5 36 24 28 21 38 20 49 47 47 17 48 13 36 2 20 9 25 24 28 27 3 12 4 35 15 10 18 14 41 42 2 0 16 4 18 38 41 38 44 29 4 27 4 39 12 42 26 17 48 12 
32 45 40 22 30 5 19 41 15 49 43 20 31 39 3 31 15 37 21 42 9 30 38 40 22 17 25 21 13 31 33 42 49 46 40 43 29 2 16 27 9 8 6 0 17 21 39 30 43 6 14 39 47 26 34 38 47 25 1 33 11 
31 15 19 11 5 38 6 12 47 43 40 37 11 9 3 16 12 5 3 40 36 42 42 35 37 19 43 33 3 48 2 4 30 47 36 9 33 35 48 45 46 47 48 32 0 35 16 14 14 33 11 8 18 8 23 25 20 41 40 39 1 
7 44 12 49 5 20 36 26 6 49 25 35 22 21 43 21 5 46 34 42 13 39 38 26 38 7 42 29 19 32 47 32 34 7 4 1 9 42 45 16 4 25 10 8 30 0 5 11 11 13 4 30 19 46 47 28 39 18 8 42 39 
20 19 36 12 6 42 34 8 24 49 41 21 15 35 27 22 41 31 9 13 29 36 10 26 4 37 43 7 16 13 18 25 16 19 14 13 45 31 10 48 5 37 39 39 5 48 0 26 9 4 16 16 39 4 5 39 38 13 5 42 45 
26 17 11 30 48 4 31 19 35 33 25 2 33 47 26 40 48 5 42 18 30 29 25 43 49 29 21 30 47 22 38 39 16 25 44 33 29 22 42 49 15 25 25 17 20 47 1 0 15 22 44 9 24 2 22 3 36 36 11 43 29 
22 17 11 18 35 7 44 14 15 41 5 25 23 27 32 33 23 42 17 23 31 4 33 41 41 18 8 31 12 42 48 9 30 15 23 11 27 2 35 24 31 7 34 49 10 5 41 14 0 7 1 9 32 15 12 3 27 37 14 21 6 
45 25 34 30 48 29 24 17 1 2 29 8 1 37 3 48 32 43 47 15 25 6 15 43 13 39 34 28 25 15 47 43 13 49 22 10 48 5 46 23 29 1 19 14 9 16 22 9 15 0 15 41 49 9 6 7 39 32 3 34 5 
47 28 42 47 29 42 22 34 41 30 21 40 12 25 3 45 14 12 3 17 31 23 30 49 15 23 39 30 13 47 48 33 36 13 29 5 4 2 34 45 31 10 14 1 14 44 40 34 25 34 0 37 33 41 38 16 48 11 44 36 21 
40 11 45 19 47 24 38 9 9 6 13 19 28 37 45 45 40 17 8 23 29 18 10 19 39 34 15 39 23 23 22 9 19 12 16 33 45 1 37 13 27 13 4 12 12 45 25 26 36 43 7 0 38 25 11 6 16 40 43 44 19 
27 34 44 45 28 45 32 17 4 16 27 26 32 30 48 6 42 14 9 5 17 19 21 15 29 1 12 19 7 18 12 46 39 13 27 1 25 33 15 6 22 30 26 1 44 4 25 46 36 6 5 31 0 2 44 17 30 28 27 48 4 
48 21 34 27 12 21 17 10 17 28 18 8 14 6 8 37 41 25 10 32 47 2 40 1 32 20 12 2 28 3 45 37 6 30 22 45 32 46 42 49 44 11 34 18 10 19 36 11 34 3 9 32 33 0 11 19 18 1 19 24 48 
12 49 29 46 13 4 37 29 16 8 41 21 25 26 44 24 15 6 41 44 22 1 24 22 11 25 45 40 16 24 22 3 21 38 25 37 44 25 37 27 20 4 1 5 36 42 34 34 9 7 39 47 47 39 0 40 30 48 7 47 3 
19 4 25 35 23 42 12 43 41 14 41 36 11 48 27 14 43 34 15 2 38 32 21 44 47 37 4 2 6 40 25 26 47 3 19 4 34 44 26 3 39 4 35 3 3 16 7 38 24 13 32 42 41 9 32 0 6 45 18 2 49 
23 35 43 44 20 28 45 20 6 1 10 43 32 40 25 3 20 11 18 43 6 29 39 25 31 37 47 41 42 45 21 28 24 39 39 4 33 33 32 41 22 12 27 2 32 40 13 3 3 19 25 4 49 7 1 1 0 37 30 9 27 
34 47 22 17 3 42 6 13 2 43 5 3 21 4 26 29 46 18 18 17 12 24 26 16 29 24 27 37 2 42 33 6 14 5 32 44 11 43 1 12 40 35 15 19 10 43 43 41 9 33 21 49 3 44 30 34 18 0 26 41 1 
5 6 21 2 46 14 9 18 35 1 38 29 41 22 46 6 3 42 13 7 17 31 32 17 41 21 14 27 29 37 14 8 21 20 36 2 45 24 46 4 11 13 6 12 49 32 7 23 29 42 47 36 41 17 30 41 18 32 0 38 28 
16 24 29 34 4 48 10 19 42 12 41 1 4 4 46 47 11 23 22 30 48 4 44 6 6 20 42 44 36 23 1 33 29 15 38 11 25 29 20 32 20 48 40 35 13 28 12 48 15 47 25 3 4 8 29 20 36 34 10 0 38 
42 46 16 36 23 6 1 48 12 7 30 5 28 43 7 25 2 9 27 35 33 12 44 38 12 15 7 37 9 4 13 29 17 11 30 42 49 11 24 9 3 23 47 40 11 48 32 15 47 4 8 28 46 48 45 20 48 11 7 17 0 
