n: 60
m: 8
Pi:U[1-99] 4 47 45 82 95 97 90 22 12 88 3 95 82 2 39 20 19 9 7 83 6 44 98 7 69 43 52 75 62 48 28 43 9 37 17 68 82 39 34 62 65 30 45 94 32 90 48 69 63 83 36 3 11 21 35 34 43 96 16 62 
Si:U[1-99]
0 2 18 34 13 72 35 10 99 79 47 7 14 52 58 21 20 96 83 4 1 9 64 17 67 26 80 32 99 26 75 69 36 39 47 59 93 10 25 52 13 95 4 40 6 69 4 84 66 87 11 18 98 37 62 71 86 79 67 70 12 
83 0 67 40 38 53 96 36 37 71 15 62 27 25 65 89 96 84 88 24 7 59 14 35 19 97 78 71 37 68 33 1 57 20 57 18 73 94 83 74 21 67 94 99 3 45 8 46 47 14 97 18 76 49 96 3 14 86 37 19 62 
15 5 0 36 79 42 51 85 19 64 47 57 70 15 90 96 56 58 78 11 91 85 5 22 24 43 26 32 35 18 30 3 86 73 10 76 88 99 59 25 9 27 93 74 71 57 36 94 83 17 36 45 41 14 82 21 51 49 56 93 93 
32 38 96 0 96 7 12 80 45 94 30 30 8 48 71 69 74 85 53 94 55 65 40 80 18 41 78 6 91 40 69 86 8 31 33 63 34 44 9 23 22 55 26 29 55 68 45 28 60 48 84 28 70 75 14 83 61 28 72 13 1 
40 3 82 56 0 23 86 25 41 69 20 9 25 73 70 77 87 16 44 89 62 71 27 20 31 44 89 92 52 71 61 9 8 28 16 28 53 89 53 25 79 61 22 20 51 47 75 6 39 39 46 73 49 64 23 13 54 74 34 71 26 
86 35 64 57 13 0 42 68 62 43 37 39 62 76 64 63 55 79 64 83 50 78 85 13 63 64 25 11 34 82 40 14 59 18 23 95 22 20 3 68 3 25 67 99 13 96 45 98 17 10 47 87 72 6 34 43 66 79 23 11 98 
35 35 46 79 87 28 0 43 60 40 53 28 24 3 71 93 58 83 73 62 49 96 43 11 96 64 29 38 46 42 89 84 47 68 23 55 85 30 44 62 78 75 42 72 42 31 46 75 72 65 80 62 35 93 68 42 29 82 96 60 60 
26 51 93 13 41 48 48 0 33 53 11 63 7 66 27 62 61 33 19 44 27 19 68 45 59 43 49 74 55 10 16 59 68 99 27 13 52 53 37 73 89 89 60 79 44 16 52 35 66 7 61 48 21 89 5 11 83 86 32 23 86 
47 77 93 55 63 72 78 36 0 67 37 74 26 72 5 33 29 34 48 54 48 44 25 89 26 91 62 82 37 74 57 27 77 99 94 72 55 36 40 4 66 86 68 69 81 44 15 63 45 26 23 34 13 49 92 68 81 97 8 80 66 
3 73 35 96 76 46 22 26 37 0 49 53 67 28 13 23 20 11 94 82 83 55 68 22 21 42 59 17 77 1 46 94 67 99 27 13 17 72 33 15 36 3 41 9 21 2 71 3 98 36 31 80 73 38 9 48 70 71 62 32 30 
79 40 91 69 74 39 33 96 78 75 0 78 12 13 48 87 31 3 87 44 27 82 65 35 10 29 35 24 73 73 37 42 20 37 1 15 98 98 46 54 69 12 5 13 93 92 59 45 58 19 57 69 42 16 88 86 26 56 77 98 21 
80 66 66 30 22 55 50 90 7 7 12 0 81 80 43 89 71 14 68 16 25 48 3 89 86 23 21 70 65 76 91 99 80 16 65 66 75 26 67 96 8 3 51 19 22 62 1 49 71 50 67 18 63 19 35 80 80 92 90 86 82 
79 26 82 35 48 61 40 84 98 97 14 38 0 37 6 8 98 73 3 85 15 75 39 68 86 50 75 71 95 61 19 99 20 65 51 53 61 83 89 65 3 37 86 58 74 53 68 15 80 95 30 86 88 9 31 47 17 86 75 92 72 
12 5 29 64 59 85 60 99 1 30 40 8 91 0 7 2 77 6 90 19 30 55 67 16 33 48 28 42 78 97 59 16 68 75 53 61 19 49 70 95 38 3 14 51 26 38 28 7 45 38 79 6 61 4 38 33 42 6 30 44 2 
61 13 71 75 61 83 30 61 19 39 24 18 26 38 0 13 43 44 38 1 22 86 7 18 82 53 59 60 85 44 75 4 79 63 67 13 97 88 56 77 73 93 74 83 67 10 89 82 90 68 64 16 19 28 75 85 10 20 66 83 14 
53 93 75 77 99 22 89 84 94 18 72 96 53 32 3 0 3 26 96 7 80 26 79 60 43 64 30 45 67 53 31 6 92 92 74 92 54 48 86 14 53 38 92 34 6 79 83 42 81 51 87 60 48 68 49 70 63 47 47 92 51 
95 7 56 69 93 90 42 78 76 35 24 23 78 7 32 12 0 73 22 52 24 82 54 18 69 66 71 43 71 22 23 84 29 19 78 78 25 74 41 72 7 66 9 73 43 13 30 39 87 47 22 67 15 61 13 26 90 54 38 81 49 
5 47 9 8 58 7 7 97 54 16 3 25 36 45 41 2 91 0 82 33 90 96 26 94 79 35 99 48 22 19 9 9 58 79 67 79 79 87 42 6 31 72 46 80 51 46 99 5 33 45 74 20 28 29 81 27 38 7 80 74 29 
76 83 86 81 57 93 85 16 1 68 10 21 92 6 49 6 99 40 0 4 87 96 94 46 86 3 96 56 77 88 78 69 30 38 95 36 92 32 23 30 6 2 12 98 66 7 18 15 93 83 20 63 70 49 95 47 56 45 89 28 64 
55 56 74 56 23 38 2 25 79 3 22 56 93 5 2 67 20 18 68 0 72 80 93 40 40 21 65 53 76 27 41 57 62 7 20 62 15 1 50 23 58 94 47 54 17 10 30 56 18 75 40 93 42 87 94 69 23 44 75 90 12 
86 90 49 55 62 53 51 91 47 72 65 32 37 96 75 69 3 97 44 57 0 23 20 64 69 68 95 72 60 8 19 34 29 85 78 60 54 11 99 74 25 19 34 15 84 98 7 13 28 91 5 54 1 46 99 89 65 11 11 18 34 
89 74 68 59 54 20 33 72 94 19 12 13 23 66 68 98 25 19 68 4 26 0 69 83 51 32 27 88 64 73 72 64 14 49 60 52 6 29 33 20 60 21 2 58 63 26 42 35 89 79 69 44 54 68 51 3 95 19 50 96 86 
94 57 54 93 63 47 8 18 89 16 15 97 38 77 77 47 66 48 85 81 9 95 0 83 95 79 29 72 33 75 28 44 62 38 40 67 8 5 33 3 8 47 30 41 57 14 24 79 1 69 15 78 96 57 46 63 13 48 10 14 19 
36 2 23 4 57 71 38 95 54 69 13 50 55 58 48 71 11 28 3 65 99 64 9 0 77 14 33 52 2 88 16 79 59 15 69 61 54 4 76 32 58 59 60 4 60 42 38 93 24 10 85 90 34 99 42 81 20 55 32 64 62 
38 92 22 26 92 49 98 73 3 87 51 80 3 49 24 8 90 31 96 44 17 25 13 72 0 20 50 77 49 50 30 55 38 43 13 58 66 56 82 16 48 21 65 35 55 14 92 40 61 73 72 65 22 17 94 38 25 43 29 74 62 
51 85 84 45 44 82 66 16 17 42 83 25 10 26 90 86 66 63 55 66 22 98 32 35 18 0 9 94 16 48 11 42 11 23 32 63 37 50 25 6 13 12 20 51 34 72 99 10 55 63 15 79 30 9 81 52 7 78 2 41 85 
7 14 11 15 18 5 42 23 93 32 75 71 95 90 99 51 24 28 6 2 58 47 94 1 96 84 0 69 96 36 93 57 4 93 46 68 55 23 49 67 78 74 30 90 66 96 74 57 65 63 65 26 68 14 64 77 53 50 30 37 36 
40 21 37 47 63 91 86 28 77 75 57 23 21 16 30 42 23 7 98 92 94 83 10 12 46 58 67 0 17 40 44 53 24 78 15 20 81 36 7 77 35 57 70 98 85 64 52 24 82 95 8 83 88 32 44 75 10 7 68 7 60 
2 9 32 78 72 24 43 51 79 91 5 13 29 16 83 21 9 31 30 64 33 79 30 3 84 25 76 78 0 38 43 26 19 53 78 92 61 16 79 31 10 67 85 65 74 35 29 76 15 88 40 10 64 15 32 9 11 66 13 40 50 
96 16 94 87 10 33 45 18 75 82 45 56 80 38 15 72 60 90 56 95 10 88 33 67 39 52 82 91 60 0 34 81 15 52 20 15 89 71 52 73 19 91 90 8 65 23 95 13 25 78 44 63 2 88 89 52 24 80 5 49 5 
7 73 96 93 99 28 66 97 36 63 74 54 52 79 39 46 84 77 13 99 3 7 57 31 58 51 5 18 51 25 0 87 82 8 32 39 67 63 40 84 68 51 12 47 58 70 37 94 80 26 93 33 84 25 73 84 5 20 14 16 87 
75 59 81 15 91 7 34 31 60 42 56 71 94 31 5 47 6 42 30 61 50 83 97 61 10 58 15 99 5 43 18 0 25 62 47 36 37 39 11 23 8 29 55 32 70 52 85 99 57 93 95 83 7 45 4 82 40 27 28 62 77 
1 70 27 65 43 54 98 40 16 45 57 51 4 45 92 50 93 1 8 24 33 82 60 68 87 14 76 95 96 93 56 43 0 9 80 15 36 43 15 58 45 91 37 38 1 66 85 53 52 52 42 54 79 50 20 18 79 14 26 67 32 
60 23 71 72 44 21 6 32 48 83 89 65 95 73 77 63 77 52 15 44 43 6 27 50 92 6 74 11 62 44 87 37 49 0 61 52 57 45 60 49 1 21 28 82 59 11 24 26 18 92 66 81 9 3 96 86 79 38 46 55 46 
93 11 92 84 74 8 19 14 37 77 54 72 31 30 6 60 7 9 52 86 90 58 18 57 79 70 24 35 77 24 39 3 71 59 0 87 41 74 8 94 89 79 52 28 2 72 42 58 9 29 64 68 63 18 65 79 38 54 75 98 38 
75 22 16 36 43 42 52 63 97 58 65 59 44 76 73 93 90 65 24 13 88 26 78 8 26 48 56 17 91 66 19 55 97 35 70 0 27 57 38 87 9 26 6 57 72 94 77 97 34 68 89 35 48 30 98 12 17 68 84 59 58 
76 72 27 21 86 20 77 80 1 6 62 36 99 17 2 69 36 84 91 58 2 86 95 98 98 76 49 89 90 71 44 95 1 8 89 23 0 92 86 76 96 66 99 96 51 26 24 33 1 32 66 35 47 14 83 44 48 67 67 90 12 
39 9 99 27 12 23 11 44 27 40 70 47 50 17 71 41 72 57 85 93 25 49 10 57 92 10 41 51 90 86 25 72 97 37 49 84 17 0 57 50 63 35 40 85 73 71 41 30 88 5 62 50 7 91 85 2 63 44 31 6 8 
70 24 7 82 3 61 28 2 79 86 66 44 77 64 67 30 46 70 23 70 67 98 55 85 40 9 17 73 91 7 88 46 20 24 66 21 39 85 0 14 50 11 95 98 98 75 26 19 82 31 61 41 51 71 24 63 75 99 49 26 87 
95 21 47 16 66 53 70 97 22 83 22 51 71 82 51 82 98 93 11 63 10 88 77 36 19 78 47 63 42 98 56 40 68 66 92 5 90 20 46 0 29 38 42 86 90 96 24 71 35 58 9 29 59 45 16 93 2 36 64 73 63 
6 93 44 17 83 15 99 28 34 54 43 16 60 57 84 31 32 91 63 67 93 5 56 42 74 72 91 91 70 59 80 81 27 92 41 68 29 59 50 81 0 94 60 55 63 98 27 68 69 82 94 56 91 27 68 16 48 61 47 3 68 
40 19 70 12 76 91 69 80 17 44 89 2 99 70 43 50 73 96 89 54 8 4 95 89 15 54 14 61 55 15 26 24 27 63 62 54 99 92 1 56 95 0 16 6 9 59 31 66 23 33 79 11 17 25 40 72 64 61 86 62 61 
9 49 71 97 82 5 90 81 23 89 27 78 8 95 88 53 57 43 50 11 53 94 17 22 99 15 65 34 97 11 21 15 99 2 25 76 1 9 38 81 2 81 0 34 83 83 66 25 53 34 59 42 93 82 36 53 1 75 64 87 67 
39 1 65 52 20 4 65 86 1 51 81 36 79 45 58 71 42 85 76 67 41 14 95 38 40 66 21 32 88 13 94 47 23 2 79 82 11 29 21 67 83 5 2 0 15 53 17 64 6 52 63 45 4 45 36 63 43 99 95 18 31 
49 29 29 4 74 6 64 63 50 8 45 74 71 39 89 64 75 17 64 49 64 43 96 93 18 73 59 2 53 71 3 93 79 1 24 7 49 50 26 62 65 95 11 16 0 8 95 27 32 37 28 83 10 15 77 84 6 58 28 20 72 
24 43 83 93 35 83 58 31 82 75 96 50 9 52 34 73 23 7 1 97 27 37 32 62 18 9 35 97 13 27 80 54 33 23 52 1 40 2 48 68 61 52 10 20 91 0 74 26 71 89 72 18 25 13 10 7 77 18 65 73 91 
40 51 40 1 98 15 78 73 35 67 22 44 64 80 65 42 67 96 91 16 95 57 31 25 4 81 41 12 16 64 19 29 2 92 78 45 71 66 1 57 74 77 10 11 89 35 0 1 22 8 4 88 7 18 24 28 42 64 54 6 77 
19 55 20 1 95 8 52 86 70 40 51 88 8 66 79 26 1 62 91 36 59 58 35 24 57 80 77 8 24 60 4 7 37 42 7 88 89 56 27 50 15 65 93 70 48 65 72 0 23 88 85 17 13 62 35 50 6 30 1 20 97 
18 94 82 32 1 29 46 86 14 59 1 35 95 42 47 46 86 64 18 28 31 39 34 6 38 59 58 22 65 5 95 18 85 44 1 29 40 83 42 10 69 43 94 13 80 30 13 53 0 16 80 26 79 27 2 26 23 75 97 20 25 
45 55 54 68 94 82 27 55 94 93 39 60 4 3 2 75 82 31 43 30 33 55 13 25 48 16 22 79 3 84 73 92 20 27 82 38 66 25 36 45 18 1 11 68 11 76 46 47 19 0 34 38 57 44 75 85 90 30 19 40 50 
47 91 48 75 25 2 76 27 73 70 44 92 53 64 71 90 59 5 50 80 97 86 35 58 97 92 18 61 98 72 66 66 37 21 54 83 23 14 23 89 14 3 69 1 46 19 55 6 30 39 0 1 66 11 31 85 25 1 74 30 96 
86 64 25 75 89 36 14 1 94 40 97 2 90 19 66 94 14 68 13 86 12 93 33 43 45 69 73 84 12 42 78 11 79 91 36 10 40 28 54 2 11 23 57 44 33 71 98 48 55 95 54 0 19 50 91 50 76 18 78 1 88 
52 96 90 46 53 63 12 84 13 92 83 54 86 43 18 56 15 33 73 49 55 91 91 36 4 21 47 25 39 7 28 20 31 77 66 65 3 84 90 88 62 99 2 43 19 24 96 36 50 63 18 59 0 7 64 91 29 90 64 7 66 
68 97 13 85 34 62 12 88 95 67 77 75 93 31 46 16 83 88 64 67 88 6 55 26 45 1 92 67 69 64 51 9 15 92 57 5 84 22 64 79 23 12 55 89 63 88 9 86 18 24 98 10 54 0 48 8 62 86 22 38 5 
90 18 61 54 65 45 33 20 77 31 69 40 45 70 49 63 5 30 2 4 14 82 85 64 74 55 38 90 87 59 7 92 8 57 60 24 59 22 33 5 54 3 43 25 82 60 83 85 48 54 87 89 59 82 0 72 95 5 24 86 60 
27 29 14 23 45 1 48 27 29 71 11 65 55 49 48 56 84 91 57 12 61 84 59 58 1 64 7 37 63 42 58 54 23 95 24 2 57 27 30 74 60 10 39 45 84 32 25 83 5 17 83 8 63 68 42 0 40 74 18 26 12 
83 54 29 34 6 98 87 58 39 62 44 41 3 8 99 27 90 50 41 81 47 83 46 17 42 8 94 7 21 83 63 51 17 65 59 14 19 89 53 44 57 20 11 59 30 55 84 33 71 37 16 93 92 77 40 36 0 27 61 81 65 
34 58 61 88 39 70 25 64 81 85 41 95 54 22 55 58 27 12 31 12 30 64 82 31 25 81 48 38 24 50 30 87 16 57 32 91 65 62 51 58 45 92 57 34 89 31 61 82 9 4 29 49 87 42 62 52 64 0 21 56 22 
99 82 82 34 6 19 93 94 89 3 48 88 99 25 18 52 55 91 46 29 72 88 5 38 13 59 38 85 83 61 35 42 2 12 29 91 28 56 19 65 46 33 49 54 17 75 58 2 83 43 62 61 78 39 31 19 46 58 0 10 26 
60 45 71 23 96 38 21 36 22 91 93 74 86 69 45 69 11 95 44 19 40 2 57 40 91 22 3 60 43 37 48 5 81 49 65 4 19 19 83 41 34 80 87 51 87 89 62 95 91 48 13 96 83 39 24 92 93 40 12 0 45 
11 21 67 94 3 60 73 37 51 34 10 15 70 96 80 52 95 1 69 99 25 33 54 64 23 53 7 80 29 36 15 3 93 5 86 6 3 81 16 13 67 56 50 73 66 72 70 60 69 45 8 5 1 86 98 82 45 61 43 89 0 
