n: 60
m: 10
Pi:U[1-99] 84 68 27 55 97 75 31 47 88 44 57 74 26 58 35 52 93 22 19 50 47 33 88 40 8 76 23 33 58 61 81 97 19 85 14 83 75 45 99 42 32 94 16 55 57 91 36 72 27 92 6 16 15 27 31 45 20 98 45 58 
Si:U[1-99]
0 80 84 43 22 96 5 26 35 25 69 60 27 61 2 36 14 55 86 40 79 80 50 18 83 96 48 15 95 29 70 31 9 55 58 87 94 72 2 29 39 24 77 47 9 18 75 25 19 51 52 25 34 74 10 43 33 62 97 25 5 
32 0 2 63 54 52 60 51 97 93 26 48 17 47 49 97 45 3 35 82 38 93 32 98 55 80 49 54 59 22 54 91 18 24 5 50 46 48 22 66 55 93 85 40 6 89 79 59 22 77 85 74 76 43 53 18 63 30 6 45 85 
90 9 0 57 68 27 23 75 37 8 51 89 24 13 41 22 90 38 28 93 14 26 75 65 35 25 97 4 19 5 31 15 89 53 97 21 63 58 6 18 88 66 18 68 71 89 61 60 10 67 70 39 52 95 34 22 63 25 4 13 40 
92 52 10 0 45 4 57 20 13 66 97 7 81 9 2 32 30 96 36 60 66 50 19 91 96 25 16 10 33 48 71 40 35 11 38 34 81 19 83 79 2 90 68 7 85 69 67 50 69 19 45 49 12 79 48 81 84 50 9 39 80 
29 80 32 51 0 24 4 52 77 27 35 24 55 93 67 57 4 22 58 1 95 81 66 32 4 27 11 31 62 1 71 77 18 42 1 46 51 57 39 96 80 29 43 84 69 63 78 26 85 68 9 68 8 97 51 23 6 13 17 96 24 
22 55 5 46 46 0 31 19 3 71 40 26 35 38 5 2 39 17 27 19 18 34 66 22 78 98 14 4 66 36 31 25 21 43 78 49 88 95 59 98 98 45 45 58 33 33 15 99 63 12 6 32 22 77 4 78 81 97 85 60 78 
17 31 71 87 58 72 0 70 82 50 88 21 11 85 48 90 89 98 7 67 54 9 84 4 93 97 94 49 41 38 76 86 39 84 38 83 31 30 22 48 9 82 45 46 4 12 99 88 72 14 62 88 89 45 52 19 25 7 60 58 23 
93 26 69 17 5 59 46 0 72 91 80 11 47 7 18 3 53 4 40 22 83 38 35 63 33 9 67 35 90 39 70 38 99 31 29 37 88 97 4 26 43 46 13 66 48 47 43 10 29 92 1 59 68 63 46 15 28 89 50 43 37 
36 99 39 52 29 64 65 74 0 21 17 20 63 99 46 96 45 10 48 32 96 14 87 21 75 7 51 35 49 18 89 18 37 62 56 79 37 20 84 73 92 63 11 45 61 99 88 94 92 65 67 29 5 17 63 11 97 2 1 64 93 
4 30 66 79 95 21 57 27 20 0 20 2 76 36 98 35 7 8 32 34 92 83 56 31 33 9 9 90 37 1 85 3 21 57 9 20 86 1 48 91 60 25 15 65 31 5 9 15 60 53 66 64 86 91 11 35 18 66 17 85 20 
63 64 33 7 58 63 2 15 38 16 0 27 44 20 85 62 15 15 12 64 57 40 43 85 22 86 98 17 80 70 43 88 16 55 80 42 55 59 73 97 65 74 93 42 20 95 29 33 19 99 13 22 42 85 82 25 25 85 74 83 2 
13 25 11 86 95 5 95 9 98 84 38 0 26 23 35 49 20 64 99 64 25 96 48 72 49 67 38 64 9 40 52 92 21 27 75 97 96 7 24 72 65 77 70 30 83 46 61 36 27 12 97 21 83 59 52 24 73 56 40 14 75 
61 35 7 67 50 36 68 81 94 72 21 76 0 18 77 27 41 39 69 67 51 48 49 16 72 83 8 62 73 44 9 6 93 4 44 53 22 43 76 2 30 98 48 74 35 96 1 4 32 21 95 17 47 57 21 44 77 38 52 9 46 
34 51 90 66 94 87 30 67 60 14 12 23 1 0 75 15 96 20 7 79 11 54 6 48 29 48 44 93 74 5 95 90 71 57 12 32 57 27 65 13 23 57 8 15 28 80 6 98 21 52 37 61 40 56 40 94 19 30 28 74 54 
50 24 96 86 75 1 44 96 13 25 61 44 36 86 0 83 31 70 86 2 49 37 95 38 74 84 63 67 41 9 98 25 96 51 68 13 45 62 52 83 97 26 42 59 30 5 17 8 1 68 54 80 23 68 29 8 7 58 18 7 49 
44 67 76 51 17 62 73 31 89 16 54 79 95 17 58 0 14 92 72 86 23 64 64 35 97 20 37 12 7 72 23 29 63 99 13 4 73 32 78 16 50 20 13 55 94 77 63 89 92 33 87 77 36 31 51 53 9 32 78 85 37 
47 25 78 74 25 43 99 52 81 41 84 58 17 41 43 54 0 4 86 77 86 77 17 33 12 87 30 93 25 73 21 95 1 28 44 37 46 72 87 52 59 22 38 15 41 56 12 82 59 94 37 20 71 14 74 69 88 48 19 15 77 
97 93 87 46 74 66 29 40 22 71 79 57 34 9 29 54 75 0 23 17 53 87 82 92 23 77 30 51 43 13 80 15 83 60 4 25 56 41 29 66 58 26 50 88 47 35 30 59 29 97 70 26 81 57 40 63 95 13 6 24 39 
41 56 36 83 92 18 74 71 69 50 72 23 59 46 27 33 18 38 0 47 7 38 22 54 10 98 50 52 15 31 96 96 2 91 21 93 90 20 1 79 38 13 40 6 51 42 37 76 89 85 67 58 57 61 19 10 81 81 68 63 46 
77 37 2 78 35 17 36 38 35 81 43 50 23 81 73 57 35 36 59 0 78 86 4 69 25 83 81 81 94 70 71 72 65 33 94 57 79 68 75 36 22 6 62 91 4 66 49 19 95 51 10 15 17 2 14 41 22 33 83 98 37 
25 31 10 83 73 61 5 33 48 82 72 9 91 43 95 75 31 57 9 80 0 98 87 41 68 79 8 35 72 36 87 18 8 79 19 8 33 92 58 2 71 66 56 78 62 80 85 96 16 85 90 38 7 63 36 42 49 48 70 50 96 
19 18 55 40 86 87 54 22 98 40 63 99 41 26 83 27 67 69 75 27 79 0 74 10 96 63 43 39 34 64 29 94 46 99 32 44 78 5 74 44 48 86 13 54 26 59 54 9 87 5 52 86 6 74 86 37 93 49 59 55 71 
2 46 86 5 68 89 42 3 43 50 35 74 47 71 31 69 96 20 83 2 73 75 0 57 21 38 95 97 82 18 42 1 83 89 44 82 53 99 64 96 40 46 47 34 86 92 54 99 1 41 89 55 47 68 30 79 31 53 56 68 4 
11 61 38 56 93 54 56 96 18 87 20 29 22 17 63 29 37 62 49 21 10 51 38 0 37 79 81 3 53 67 14 24 86 44 72 90 59 98 7 67 48 13 87 35 22 9 36 15 9 32 7 79 55 68 94 12 91 38 35 13 63 
4 44 29 73 94 8 68 68 39 78 15 92 12 40 38 22 45 99 93 43 71 67 56 98 0 23 10 76 20 75 24 55 36 92 98 50 81 52 36 73 4 18 57 56 48 50 69 52 89 95 9 6 15 36 42 17 70 22 24 47 8 
41 99 85 7 97 23 37 27 32 54 44 6 47 46 57 97 44 35 15 83 28 67 72 62 91 0 21 76 65 93 69 34 49 24 14 11 71 42 88 53 17 35 11 73 76 5 9 18 26 50 60 78 86 3 95 54 51 29 66 47 39 
67 49 20 86 41 7 94 16 18 77 39 59 24 8 13 21 34 54 36 25 92 88 68 64 15 39 0 44 71 6 86 55 36 42 31 90 4 51 14 85 90 76 5 28 13 51 57 42 46 51 18 84 56 27 6 17 91 70 20 52 94 
97 9 32 80 74 1 83 94 82 13 18 64 16 76 95 75 65 16 23 37 92 53 45 83 99 60 92 0 45 75 48 3 58 31 75 50 79 57 33 27 18 16 77 38 34 22 78 72 27 13 5 39 78 54 1 49 80 99 43 95 54 
14 54 83 82 85 36 49 52 38 78 93 48 4 23 13 39 93 59 80 7 25 17 39 95 66 24 52 76 0 95 17 36 26 79 89 42 6 96 43 76 57 79 56 29 25 19 32 83 17 86 72 57 46 12 43 60 31 32 16 26 3 
56 32 5 34 30 13 1 91 60 83 93 36 15 12 21 8 60 62 11 4 45 55 92 38 26 47 53 44 70 0 92 10 32 2 46 39 18 63 62 67 74 35 7 87 76 29 72 59 75 19 41 73 91 39 74 55 85 57 57 41 39 
40 89 61 25 11 71 53 36 27 57 75 92 50 22 42 66 82 18 13 31 43 66 83 17 56 61 46 36 6 99 0 14 11 20 38 41 80 94 44 80 17 42 54 48 7 62 82 68 70 13 69 49 38 49 63 45 12 46 93 25 30 
23 20 89 54 8 67 77 6 69 50 66 90 26 56 83 96 70 96 6 67 70 1 83 57 76 36 36 55 67 55 52 0 70 50 7 78 93 43 25 53 76 27 48 12 82 81 1 30 17 3 40 23 19 36 83 80 27 98 59 30 13 
19 18 22 82 77 28 6 50 28 94 93 69 57 62 2 51 81 81 79 14 47 85 45 26 72 69 20 28 88 65 70 41 0 53 58 31 92 79 8 92 21 31 29 36 71 89 36 43 36 97 48 70 57 38 79 60 67 94 76 17 47 
36 16 30 59 29 15 3 31 97 86 73 96 23 18 43 7 20 57 75 20 97 46 66 19 67 85 5 80 90 47 63 28 61 0 97 79 64 5 98 95 16 91 19 44 55 54 76 37 42 83 38 24 64 89 70 27 33 73 66 76 46 
30 43 7 82 85 80 68 36 6 16 45 9 65 45 49 63 89 44 13 36 43 30 13 13 26 14 98 46 77 79 59 63 78 93 0 14 52 91 80 99 75 98 55 19 6 16 29 94 29 42 29 86 3 76 74 56 43 92 46 45 47 
69 65 24 2 16 23 42 97 40 42 68 69 26 76 70 3 87 45 65 99 99 1 1 75 30 81 46 75 22 50 56 38 84 41 28 0 18 63 53 23 21 75 76 89 77 66 82 64 42 35 55 12 38 41 95 31 15 15 5 60 20 
31 94 21 66 47 54 58 88 53 12 34 28 95 36 26 80 83 60 74 44 32 73 37 19 43 1 29 92 66 9 96 81 13 38 57 18 0 11 16 14 32 57 3 22 16 81 96 68 15 52 12 27 45 76 26 86 92 93 9 88 59 
36 74 27 57 80 16 53 23 21 9 46 33 45 87 26 75 56 62 46 73 56 49 51 77 11 38 70 62 20 44 63 50 94 19 61 47 24 0 70 20 91 4 79 21 9 45 2 19 86 53 92 49 31 62 86 21 24 54 26 33 25 
31 79 21 50 15 14 24 88 60 58 78 25 20 71 92 62 52 61 79 31 36 61 67 45 32 73 77 28 9 55 73 94 64 96 89 51 56 65 0 38 45 84 44 31 24 35 97 17 55 66 81 57 34 67 26 92 1 24 69 90 42 
27 94 63 72 12 26 68 46 28 43 54 73 56 41 60 22 97 54 74 12 91 33 70 65 77 60 96 31 16 69 51 95 44 90 16 45 17 27 92 0 85 79 89 50 22 48 85 94 90 78 79 36 13 64 89 83 67 9 77 34 8 
15 56 33 95 27 7 2 16 62 94 44 30 32 2 96 77 32 3 98 57 42 62 96 4 51 74 28 63 6 44 51 2 76 70 74 54 15 57 87 69 0 22 67 85 79 16 50 20 23 63 45 30 81 1 36 7 52 26 7 50 74 
62 20 81 71 98 19 55 2 50 5 47 66 84 60 82 45 39 69 73 64 59 91 36 87 70 96 12 44 28 53 55 55 1 11 71 98 2 77 58 2 68 0 38 61 60 86 18 3 85 30 91 92 76 64 32 83 33 90 67 84 73 
62 46 21 42 91 44 58 75 20 12 1 17 24 74 17 23 26 97 70 10 75 86 40 71 17 84 9 78 41 32 23 26 91 49 17 48 51 25 62 41 53 44 0 64 31 99 18 95 84 64 21 80 84 32 24 93 74 11 46 92 17 
44 4 7 91 35 83 48 80 5 96 72 75 83 64 86 82 21 68 67 60 81 84 46 59 61 68 47 27 86 40 59 85 64 18 61 68 15 31 93 58 90 80 28 0 90 54 99 8 65 44 55 56 54 6 89 94 64 92 30 86 42 
18 91 19 62 34 89 49 44 98 86 46 48 48 52 79 34 67 62 94 7 44 67 28 44 50 39 95 34 59 55 23 59 29 63 71 40 31 72 59 48 68 23 33 79 0 78 97 71 25 29 29 2 22 32 17 40 18 70 16 22 56 
49 31 59 30 11 10 44 44 25 75 71 85 66 47 58 18 73 54 2 97 86 37 29 31 14 65 42 32 71 96 41 16 44 21 33 59 27 12 10 29 32 81 25 94 71 0 69 21 47 7 86 54 60 74 24 7 22 12 77 25 80 
87 68 16 49 6 6 17 96 15 37 57 34 60 73 9 29 35 92 53 15 30 35 30 8 15 50 75 64 36 81 4 35 21 2 70 92 16 84 92 48 26 72 52 26 17 88 0 86 42 47 41 54 30 74 60 6 90 44 69 94 8 
48 27 17 7 47 69 45 39 5 90 88 1 45 64 32 57 26 62 52 99 16 19 20 1 21 44 32 45 87 18 73 70 47 90 64 81 58 9 90 60 77 2 80 75 16 15 95 0 55 85 64 24 69 83 53 58 20 64 4 73 73 
9 58 55 51 27 9 46 28 48 14 21 37 2 69 8 79 80 30 91 56 36 7 25 16 31 32 46 27 48 55 64 15 78 80 87 12 75 85 30 37 75 56 13 14 40 38 83 39 0 64 77 46 61 60 30 50 32 87 41 28 83 
49 84 57 26 92 67 24 22 73 87 82 67 54 96 9 16 64 42 38 56 62 47 30 99 39 67 18 94 68 45 75 96 43 76 59 1 87 68 56 33 49 44 51 62 14 33 55 63 57 0 6 14 54 48 33 60 85 32 57 2 39 
93 16 22 42 9 4 26 21 85 84 10 49 9 85 48 24 32 21 1 75 48 59 94 73 58 18 91 19 28 66 45 64 74 99 31 4 26 72 60 36 73 90 53 75 26 16 56 62 52 44 0 96 81 30 93 24 65 48 84 83 79 
68 12 85 28 73 68 48 4 96 47 70 58 6 84 24 19 22 46 19 89 46 71 49 48 19 96 61 73 41 38 86 74 27 63 53 60 69 36 12 43 55 20 52 72 38 2 10 84 75 30 96 0 58 51 87 9 12 30 23 15 88 
57 98 79 21 79 19 78 15 74 70 31 54 22 47 65 98 73 91 29 84 45 55 63 76 25 65 79 43 83 13 70 28 69 88 10 74 66 55 96 29 53 60 79 86 27 42 63 81 4 2 10 63 0 65 68 62 6 68 23 94 22 
9 80 83 77 11 39 10 31 70 27 63 22 53 1 59 56 83 94 42 19 90 19 81 73 25 84 41 9 84 41 74 25 12 47 9 56 5 69 72 22 5 53 52 87 83 40 34 71 17 59 87 52 52 0 4 33 6 45 51 77 48 
90 39 37 9 89 8 10 36 46 85 82 22 94 7 7 90 5 43 23 67 34 20 82 80 86 9 71 92 96 62 95 68 44 45 82 29 5 5 80 41 22 13 33 11 89 88 52 51 8 8 60 59 22 72 0 62 57 11 33 95 81 
81 28 96 79 52 14 94 70 54 75 12 53 57 70 12 96 50 2 64 28 74 43 36 66 57 21 98 48 4 26 17 42 29 34 40 10 59 73 19 67 48 95 76 96 54 15 72 6 49 48 71 15 47 18 84 0 58 48 21 21 36 
83 45 6 54 82 71 71 91 10 36 8 7 31 71 21 9 42 34 65 40 19 6 27 20 92 84 69 43 55 27 3 7 96 87 17 28 11 32 67 23 88 45 20 91 57 22 6 89 59 36 45 94 38 91 51 27 0 70 42 56 44 
14 57 32 75 38 88 93 78 32 9 99 87 56 4 45 21 60 58 47 20 58 49 31 67 91 20 18 5 89 13 19 2 19 49 61 14 97 8 36 46 44 12 39 76 59 2 14 16 42 97 77 66 86 81 99 13 48 0 74 39 16 
82 97 79 54 50 54 25 44 68 3 65 37 19 67 53 24 71 13 58 36 55 70 66 66 18 92 22 26 97 39 10 77 5 53 33 98 40 8 38 90 17 11 11 31 39 66 91 1 64 25 47 19 22 54 7 99 23 73 0 61 3 
21 29 20 97 18 62 64 93 51 47 26 51 94 65 69 74 24 31 28 45 80 69 60 53 58 78 71 72 34 62 18 83 81 92 76 68 13 7 81 59 3 49 26 11 22 20 32 22 98 7 28 88 23 69 31 26 66 26 14 0 60 
16 4 19 5 34 3 69 18 64 89 25 46 12 25 11 40 77 13 81 19 50 29 11 41 65 16 13 18 87 34 89 93 34 87 84 97 80 99 84 31 93 26 97 79 50 69 3 59 7 90 90 72 29 28 86 14 54 14 58 8 0 
