n: 60
m: 2
Pi:U[1-99] 7 65 5 42 66 83 68 19 62 83 61 17 3 34 76 26 10 53 48 36 81 60 70 7 33 20 23 8 52 33 40 12 28 59 1 19 91 89 38 34 77 56 94 75 20 70 11 34 63 24 14 56 13 54 60 36 42 75 59 59 
Si:U[1-99]
0 35 63 41 40 23 4 47 48 56 99 61 69 57 43 25 22 42 39 99 99 91 99 4 99 28 73 27 28 78 51 9 78 84 49 76 21 99 99 64 99 99 99 57 57 81 99 81 54 82 19 99 16 99 7 99 51 19 99 99 90 
30 0 46 60 62 6 46 54 4 5 73 99 27 24 27 84 99 99 79 99 43 81 88 3 78 99 99 96 15 52 99 99 49 13 99 27 99 16 99 42 99 97 99 57 96 70 12 28 99 16 22 3 99 63 99 94 73 66 99 31 84 
6 44 0 12 42 17 16 65 9 49 99 46 28 33 3 16 99 99 10 64 82 30 99 99 37 45 39 12 99 99 12 99 99 99 90 21 57 75 99 99 45 69 37 16 99 9 70 99 96 90 84 18 6 21 37 99 85 99 84 99 48 
50 64 66 0 31 36 45 27 39 16 18 75 52 84 97 40 99 79 99 16 91 30 99 52 70 81 21 49 67 42 99 99 28 19 36 3 99 99 99 15 46 43 99 60 18 99 40 88 99 91 33 48 99 99 99 13 78 54 76 57 46 
64 8 8 44 0 40 35 44 17 12 99 82 81 99 46 6 99 99 99 18 78 99 16 99 9 99 12 99 99 99 22 91 84 73 99 60 99 42 91 12 99 16 81 25 91 64 99 78 81 55 6 99 18 99 48 76 66 99 54 21 69 
33 18 23 20 38 0 56 21 30 36 22 78 99 49 72 1 99 15 99 99 33 99 99 57 85 7 99 10 58 61 81 61 99 61 88 99 99 13 99 94 69 30 99 67 99 82 99 99 51 82 99 81 99 99 64 81 54 87 66 99 43 
64 11 8 41 62 7 0 36 14 9 81 88 99 3 97 64 48 73 99 82 99 63 90 99 57 99 99 13 99 49 85 10 99 67 46 30 99 40 96 57 67 99 84 79 40 99 9 75 99 73 99 99 63 99 60 99 21 94 55 43 99 
45 28 17 42 20 46 42 0 6 10 99 1 99 76 49 25 85 58 99 99 82 99 96 36 99 99 13 99 64 72 10 96 3 99 99 52 99 91 84 25 99 28 85 66 94 99 24 31 91 4 99 67 99 99 99 99 97 99 99 99 18 
31 27 2 40 38 16 9 49 0 22 1 7 99 99 63 39 99 48 40 78 55 99 27 66 39 99 99 55 99 37 94 7 10 99 99 94 84 88 73 21 99 99 49 99 99 99 66 31 49 82 99 66 99 48 37 10 99 15 99 31 99 
56 28 52 65 59 22 52 65 65 0 99 12 1 18 76 99 99 33 4 66 99 99 30 42 99 99 99 46 88 99 85 72 33 13 6 99 78 99 37 76 85 99 60 99 84 12 87 24 48 76 99 16 69 99 28 60 99 13 99 19 76 
90 99 7 99 37 73 31 13 40 19 0 61 28 29 13 62 16 60 52 23 99 57 90 24 99 61 57 27 45 63 22 67 57 51 10 67 99 99 97 99 91 10 99 99 99 9 93 99 91 30 52 66 54 34 79 99 99 39 91 99 99 
99 72 28 24 25 84 58 15 99 99 62 0 61 60 64 29 37 28 17 66 94 28 51 81 24 45 6 90 99 91 46 81 76 97 99 99 99 46 99 15 40 55 99 90 79 99 58 37 96 10 99 99 99 88 97 99 13 76 99 99 48 
75 73 99 99 99 99 52 99 7 13 18 55 0 10 10 41 44 13 24 62 96 87 91 75 99 30 64 99 57 42 27 4 42 72 91 64 64 96 99 15 4 70 91 99 99 99 54 52 99 82 61 3 99 99 69 79 69 88 99 16 99 
99 99 99 81 99 9 19 10 66 99 36 46 66 0 24 19 50 37 44 62 90 72 30 66 99 13 54 91 57 48 99 67 94 99 25 54 28 10 90 34 4 27 43 73 45 30 84 78 27 57 99 36 28 85 99 30 66 91 91 99 73 
33 99 99 46 64 4 99 96 19 33 1 51 60 8 0 42 54 37 19 16 82 24 99 84 66 78 54 31 76 4 46 27 43 58 22 16 76 25 79 99 99 9 99 10 4 97 39 99 99 10 31 39 82 60 34 96 72 99 10 99 45 
39 99 25 96 1 99 21 46 90 99 20 8 26 57 40 0 7 11 21 54 99 30 99 99 99 24 75 99 69 99 6 97 69 87 55 99 99 99 51 99 57 19 90 24 87 99 34 64 75 99 70 54 97 88 3 78 99 99 22 25 45 
93 13 7 30 84 12 99 90 1 22 22 36 56 32 30 22 0 34 24 9 99 54 30 78 63 1 81 63 81 96 10 91 88 99 18 99 94 79 1 52 99 99 79 94 99 99 88 99 4 99 49 25 4 64 67 99 99 1 16 1 33 
97 49 34 39 99 64 99 4 42 79 46 32 25 6 54 17 18 0 17 46 99 99 99 58 99 99 54 99 99 6 99 99 99 15 54 96 30 84 90 99 15 99 40 91 6 73 4 99 63 79 67 99 55 30 99 1 43 90 99 99 72 
49 99 37 99 21 21 66 51 31 25 32 66 55 25 34 53 58 47 0 44 99 99 87 99 99 67 99 19 10 43 94 99 99 52 70 73 76 99 99 22 99 99 99 99 94 4 9 51 75 52 33 99 36 16 99 48 6 90 99 87 45 
58 99 99 33 15 90 99 6 21 54 62 22 53 10 48 28 26 32 21 0 91 54 99 21 99 82 33 31 99 43 60 99 94 82 99 99 40 99 33 54 42 99 19 73 99 54 24 12 69 84 99 99 76 69 10 33 22 45 99 22 22 
48 33 99 52 99 55 4 45 99 99 99 63 99 73 99 58 99 4 96 88 0 10 46 2 40 16 37 38 46 44 63 99 18 73 63 99 64 99 99 45 99 42 54 57 96 37 18 69 99 51 46 6 18 99 72 85 9 67 99 51 60 
63 60 99 66 15 99 99 99 99 60 88 99 28 99 1 37 15 99 99 99 12 0 53 35 33 58 50 25 56 30 40 60 78 25 99 90 72 99 99 96 99 96 97 99 90 88 93 60 99 10 48 61 94 42 99 99 37 84 7 97 93 
28 18 10 66 87 99 3 60 31 39 66 72 51 22 99 69 99 99 27 39 18 62 0 9 16 45 3 22 43 20 66 99 18 79 55 24 37 79 54 19 99 99 99 21 99 82 99 99 99 72 37 76 99 40 99 4 75 22 64 70 99 
85 91 1 22 78 73 9 99 69 88 99 99 99 99 31 31 99 70 81 99 10 62 12 0 47 22 2 22 2 33 99 99 88 81 55 84 69 67 99 99 88 15 99 12 13 27 61 51 84 9 99 10 24 25 30 27 72 31 85 99 99 
99 36 34 6 60 91 99 52 99 60 49 99 6 99 93 60 4 99 33 79 14 63 8 0 0 62 20 49 51 1 39 15 18 99 10 99 58 99 99 97 99 99 24 72 70 84 85 58 99 28 99 57 16 18 99 99 97 57 90 24 70 
99 99 37 43 63 99 99 99 99 66 52 99 99 9 22 99 99 99 63 67 52 8 14 62 27 0 41 54 9 2 99 99 69 52 45 79 1 99 85 99 1 90 99 90 55 99 99 81 78 99 31 99 66 84 72 99 39 99 28 22 99 
45 99 79 99 24 21 76 58 9 79 99 85 13 7 70 99 94 37 3 99 1 28 19 20 5 4 0 60 6 58 25 15 15 39 99 82 81 99 16 60 9 99 82 48 30 99 99 91 79 93 43 15 99 76 22 87 99 93 54 39 99 
31 99 49 19 99 91 72 87 99 99 99 12 99 76 24 85 3 34 19 7 22 38 22 53 10 37 43 0 30 63 70 99 51 99 99 88 39 72 51 73 99 13 99 15 73 99 99 99 96 99 58 99 42 99 84 42 99 36 73 99 58 
36 49 87 99 99 39 99 99 99 67 33 99 27 99 27 99 15 10 99 99 13 14 43 65 40 39 58 16 0 57 25 99 90 96 24 99 81 46 99 99 99 60 97 99 39 16 99 9 75 69 36 40 99 73 70 3 99 99 99 93 99 
19 55 70 99 99 15 88 42 99 93 99 10 99 55 33 75 72 91 70 79 59 43 49 10 56 4 58 61 22 0 99 42 48 85 99 81 99 51 99 7 76 99 99 90 84 99 9 81 48 51 49 63 28 99 16 99 39 99 99 22 1 
4 51 70 51 30 43 75 57 49 45 27 99 87 99 18 37 42 54 99 99 93 88 78 99 99 13 4 99 78 99 0 24 2 32 61 0 60 18 46 50 54 84 99 87 99 94 12 58 58 55 72 21 4 99 79 99 28 54 51 99 13 
96 49 54 31 61 99 40 99 6 69 97 99 94 99 99 99 49 99 54 96 19 12 30 21 49 99 84 66 99 31 12 0 31 51 8 10 37 24 58 39 99 69 99 57 46 25 99 99 99 99 15 61 43 99 99 78 99 99 36 99 88 
48 24 87 99 99 1 4 57 97 49 99 85 78 52 99 70 9 99 75 85 12 85 10 43 19 99 90 67 82 70 27 26 0 28 5 48 48 56 36 64 99 36 99 48 54 99 99 33 46 99 99 79 99 94 63 99 99 61 24 1 99 
99 55 36 34 18 99 99 78 81 99 37 99 66 99 3 45 99 88 52 33 25 55 22 78 51 37 85 6 99 82 48 42 59 0 48 61 27 16 15 30 42 60 43 99 39 99 12 27 69 99 58 75 97 13 73 99 99 63 40 99 67 
99 99 97 63 85 42 99 1 90 48 99 57 63 66 18 99 97 36 52 99 31 57 99 36 10 99 10 91 63 25 64 4 20 55 0 35 6 63 20 23 3 16 99 99 34 25 48 42 30 99 54 81 99 99 87 99 34 99 42 99 25 
21 52 12 99 91 99 1 6 67 28 99 24 15 99 21 12 6 51 49 99 58 70 43 99 70 31 48 99 4 91 62 6 10 56 22 0 12 42 40 38 91 18 12 99 72 58 28 67 82 72 99 91 76 61 21 28 19 99 24 48 54 
30 52 99 99 99 99 99 99 73 87 6 13 36 34 19 15 73 49 72 1 37 55 84 39 57 9 99 10 99 46 19 20 21 20 62 48 0 50 30 19 22 15 78 6 96 42 99 99 63 58 69 99 75 99 25 79 93 28 12 85 99 
15 43 48 99 66 12 99 4 39 99 99 79 48 60 7 72 54 34 99 90 99 90 99 64 91 81 99 40 99 99 23 16 22 35 24 22 20 0 18 25 99 99 15 52 27 27 16 87 99 87 99 94 99 64 24 67 99 66 55 25 57 
39 48 99 99 93 45 96 99 16 99 58 96 99 57 99 73 99 99 10 48 30 99 72 99 99 69 6 18 99 16 16 14 12 64 11 56 29 37 0 56 99 40 88 28 99 24 99 99 45 99 99 55 99 99 99 99 66 22 10 33 99 
28 69 99 91 15 99 99 99 99 52 99 99 99 34 99 82 12 99 99 9 66 84 24 94 61 87 99 93 99 18 56 42 23 11 21 5 14 22 13 0 81 34 99 99 79 3 99 97 91 99 99 46 18 69 99 99 93 49 60 16 88 
82 67 73 66 7 75 82 76 96 31 99 99 85 19 87 34 70 99 15 76 79 28 69 99 1 31 54 90 46 99 99 99 78 58 99 81 33 18 28 30 0 28 25 55 18 18 47 3 30 42 99 99 27 84 67 99 85 99 67 24 99 
3 96 40 27 19 43 99 12 6 33 99 57 87 81 99 45 40 24 12 25 99 36 99 99 24 99 99 73 99 99 54 81 99 99 99 99 99 76 99 99 2 0 65 18 17 30 55 1 38 49 99 78 97 70 43 24 99 69 67 99 48 
81 99 64 99 99 25 25 84 52 19 99 82 99 73 84 99 94 99 45 43 99 70 75 40 96 66 54 78 99 3 78 61 64 13 79 99 99 73 61 10 27 63 0 36 4 16 50 52 2 56 99 94 7 90 99 70 36 99 81 99 57 
99 99 42 6 81 90 70 9 99 99 99 12 99 42 78 3 99 99 54 64 19 99 24 15 81 99 99 28 42 15 10 90 1 99 46 88 99 99 99 39 6 60 39 0 45 45 6 47 6 48 69 99 37 99 88 90 99 99 49 73 85 
78 39 99 99 61 90 39 99 82 19 99 76 57 99 7 84 81 27 99 1 64 28 99 52 85 16 40 27 72 99 99 99 34 6 99 99 43 19 99 99 3 46 20 30 0 56 60 20 59 59 63 93 13 7 99 28 39 99 99 42 99 
69 33 45 99 37 85 99 99 39 85 58 51 57 15 91 82 46 99 69 99 25 25 63 7 7 99 87 87 99 97 93 42 99 66 58 61 99 34 99 99 61 48 51 22 2 0 21 4 66 62 85 90 99 67 76 93 99 99 27 10 36 
99 99 66 99 99 99 78 37 90 99 82 66 67 31 3 48 99 99 99 99 70 67 21 99 94 99 99 99 99 99 22 67 49 51 99 10 10 75 30 76 32 0 10 36 52 34 0 26 30 4 99 18 88 67 99 15 78 99 81 70 10 
99 46 72 99 63 39 15 4 54 99 34 99 99 99 99 57 51 69 99 99 61 99 57 61 30 72 42 60 99 75 99 88 99 99 99 21 54 79 99 76 8 42 30 34 44 56 28 0 13 43 70 49 84 42 99 36 99 99 49 99 72 
88 67 99 99 82 49 27 19 69 99 30 27 99 7 52 69 73 99 81 99 99 99 99 21 21 3 99 49 99 67 99 1 99 63 75 67 99 34 55 99 64 22 63 44 0 52 64 27 0 19 61 99 30 4 64 54 99 4 69 15 52 
58 45 60 13 99 99 99 18 99 36 4 45 99 75 40 64 9 90 70 15 64 24 67 85 24 99 99 99 22 99 18 94 24 67 81 90 99 99 22 99 13 17 15 28 58 52 19 60 13 0 99 99 99 99 94 10 1 66 60 99 61 
99 25 12 6 99 99 39 19 49 93 33 40 19 99 75 22 82 10 39 19 45 48 13 79 99 75 19 99 99 66 33 93 42 51 99 99 19 48 99 99 78 64 31 93 18 99 55 58 90 67 0 37 65 1 30 12 36 16 27 45 15 
99 45 22 97 99 99 99 99 99 91 10 28 94 3 70 70 7 99 84 18 4 81 99 99 22 96 52 18 25 72 99 99 99 97 30 4 84 25 16 81 10 93 99 28 94 96 82 73 99 70 18 0 64 18 46 5 38 22 32 45 10 
40 33 99 99 99 99 37 52 99 99 99 63 67 46 40 96 79 76 99 93 39 99 67 99 99 42 49 34 79 72 40 27 96 88 81 99 99 54 99 99 99 24 94 55 99 99 99 99 99 84 29 30 0 8 58 8 30 14 58 44 45 
34 15 99 99 13 99 84 99 18 99 9 34 19 90 12 46 64 66 85 30 64 36 84 99 3 88 99 66 3 6 4 81 90 99 99 99 4 99 60 57 6 99 99 82 75 78 99 10 99 10 44 12 29 0 48 19 6 0 58 17 99 
91 37 99 39 57 99 55 99 55 99 16 99 91 81 15 96 99 99 48 99 84 99 9 99 99 93 84 51 99 6 6 78 76 51 34 85 67 99 99 24 42 99 43 94 42 15 81 99 49 99 55 16 44 30 0 42 22 52 28 10 12 
99 99 4 99 99 99 99 69 69 28 54 69 66 25 99 99 90 81 27 99 57 69 99 73 15 6 34 63 55 99 85 24 34 84 85 45 7 73 57 48 34 78 30 43 57 45 18 99 99 99 41 31 23 45 53 0 8 60 26 62 99 
70 99 99 99 36 99 90 70 99 18 28 99 99 73 15 18 97 99 30 39 72 99 7 96 7 99 1 99 64 1 3 99 82 39 99 48 99 99 99 51 54 48 52 99 18 99 69 12 12 67 40 22 10 49 50 61 0 48 22 48 15 
88 3 55 15 75 96 70 99 88 51 73 99 99 99 70 33 40 99 99 99 67 94 43 99 3 31 79 25 99 81 76 45 1 9 63 99 96 64 72 13 48 99 79 99 3 99 99 45 72 61 52 59 34 5 28 18 10 0 20 25 99 
12 99 33 24 99 69 46 13 82 99 16 99 97 99 33 39 51 99 82 99 34 99 99 4 99 90 10 42 99 24 15 99 28 99 39 99 87 39 39 99 99 57 34 61 99 99 99 99 43 97 34 38 27 47 63 18 42 53 0 25 99 
46 99 99 48 99 12 99 99 36 57 7 4 94 93 99 99 10 54 33 9 99 55 99 27 40 88 61 99 93 18 58 82 99 30 7 46 70 99 10 99 99 16 40 31 99 99 24 48 1 99 31 16 38 56 56 50 44 25 14 0 4 
87 78 16 3 99 96 90 75 78 99 64 99 84 31 3 21 88 99 76 88 19 99 30 99 13 16 99 97 36 99 55 28 73 73 10 61 36 9 78 37 99 13 60 99 3 57 67 99 9 99 99 39 85 43 96 6 99 79 99 75 0 
