n: 60
m: 8
Pi:U[1-99] 97 41 43 51 15 86 28 73 67 64 26 11 48 20 58 97 48 5 78 3 49 3 26 67 5 17 22 52 2 39 17 34 92 83 94 14 81 79 82 58 38 99 86 24 25 71 40 38 22 4 49 34 23 89 60 65 5 3 37 25 
Si:U[1-49]
0 17 23 8 36 27 47 14 35 10 41 13 13 14 8 48 46 23 26 44 11 23 46 14 19 46 12 43 23 6 48 41 37 31 29 41 29 13 19 19 5 45 2 25 16 2 25 41 29 17 4 38 45 8 6 32 47 34 10 44 43 
29 0 21 11 37 35 5 28 28 40 30 19 46 40 38 23 13 34 2 42 18 28 25 43 15 8 38 20 17 19 15 48 30 20 12 24 34 38 42 48 2 21 7 8 46 8 49 22 33 37 48 35 23 26 29 47 39 45 22 23 38 
36 1 0 3 31 34 48 11 24 13 12 7 41 38 30 6 9 12 32 24 4 3 39 40 29 33 33 35 45 25 2 48 25 22 1 9 12 23 18 38 30 39 18 22 34 3 24 14 14 40 18 6 7 25 27 17 40 46 15 3 8 
36 20 24 0 44 28 22 10 20 34 10 31 20 30 33 3 47 21 1 20 24 46 30 35 45 29 23 25 23 29 19 41 11 24 17 29 22 2 11 35 8 14 28 9 43 16 20 37 36 9 28 37 20 36 32 32 38 46 32 23 31 
31 14 41 38 0 3 20 49 21 39 44 5 24 27 14 14 35 15 45 13 19 45 21 24 32 44 47 5 36 5 38 28 18 39 6 9 19 4 8 44 19 10 47 30 4 1 33 45 14 18 14 19 44 44 21 45 34 23 8 47 9 
30 46 27 46 39 0 5 48 30 42 6 24 22 37 42 36 27 33 17 18 44 2 15 12 14 8 8 24 25 47 7 10 35 5 24 10 4 14 29 12 26 39 8 49 27 21 32 4 30 4 5 28 3 3 23 27 25 41 35 11 33 
21 19 49 26 30 25 0 47 15 45 8 29 38 9 49 36 47 47 42 41 22 18 48 25 18 22 42 47 42 1 20 24 32 29 15 8 1 45 31 43 2 43 3 9 37 22 21 15 27 34 38 47 47 1 4 8 6 49 47 11 11 
42 32 23 7 25 31 3 0 15 7 49 34 28 13 31 2 12 23 41 30 32 12 24 31 2 10 1 4 46 34 21 45 30 41 21 16 27 41 4 5 10 32 37 42 3 12 25 9 2 40 44 15 13 28 41 22 26 23 36 19 28 
41 47 29 21 45 13 11 2 0 15 5 3 47 25 39 24 16 40 10 43 13 46 31 14 47 22 21 36 15 41 34 19 41 28 48 47 16 13 27 42 41 39 41 10 17 44 45 20 10 10 13 19 32 28 23 31 38 6 33 46 29 
33 6 3 32 43 16 7 37 46 0 4 3 14 21 11 22 22 44 33 12 35 24 4 2 42 47 31 13 18 30 44 46 16 1 29 32 31 2 41 34 45 23 48 41 42 21 28 35 46 35 8 28 24 38 42 6 27 20 42 42 13 
48 31 8 49 14 35 42 10 31 38 0 47 41 18 21 16 4 10 7 37 5 41 28 38 19 24 3 15 37 37 13 40 25 7 43 5 39 5 32 1 19 41 23 17 1 40 15 27 45 11 44 38 20 36 42 24 44 37 9 23 17 
47 33 15 8 41 5 15 13 19 2 8 0 32 40 33 21 4 11 25 14 4 18 8 42 14 36 25 15 34 13 35 26 29 10 35 48 46 37 21 38 31 36 15 5 42 15 24 3 3 23 6 41 35 9 17 41 11 20 33 4 49 
42 18 37 17 4 43 13 27 40 27 29 28 0 43 31 35 26 32 27 17 11 33 16 13 49 15 27 13 4 46 28 33 25 13 39 22 23 12 46 24 15 1 37 1 20 42 27 36 15 33 19 39 45 38 44 15 32 16 29 1 8 
48 44 41 35 26 42 35 9 24 34 21 49 2 0 8 41 44 37 6 49 41 31 18 3 35 39 29 7 40 2 35 4 41 8 36 10 6 13 3 33 12 13 20 47 18 7 26 42 20 4 33 13 31 9 48 1 1 41 10 33 35 
36 41 3 28 7 21 23 2 48 34 18 18 49 26 0 25 20 4 21 10 25 48 37 44 4 6 5 33 44 49 22 19 8 16 4 11 28 48 14 45 11 37 46 39 8 12 43 28 47 35 12 35 13 12 7 47 36 43 3 48 34 
3 43 8 16 23 6 35 39 12 23 31 13 9 39 49 0 16 30 8 46 5 33 28 25 15 44 19 10 14 24 21 7 41 23 18 16 3 21 24 34 6 20 26 22 40 22 15 38 39 12 24 47 45 1 8 48 41 4 16 41 19 
13 44 44 35 26 45 28 47 6 5 17 11 20 41 38 30 0 32 4 48 14 8 46 44 44 37 5 44 16 11 44 29 33 27 21 40 48 4 19 9 34 32 10 40 11 10 7 35 6 41 44 48 38 45 15 42 41 30 48 1 29 
24 4 39 40 45 36 23 3 25 11 11 16 40 46 17 11 16 0 49 46 35 43 46 29 39 38 37 3 27 26 43 45 12 30 33 44 26 30 14 47 24 22 28 15 2 29 25 12 3 46 39 5 17 5 39 15 31 13 9 18 5 
11 10 28 17 27 7 25 13 48 38 47 14 14 5 30 43 6 21 0 22 9 18 11 28 40 3 3 8 37 13 16 30 44 26 24 9 11 49 11 24 10 36 5 29 47 29 26 8 10 17 26 31 6 43 7 36 1 27 20 49 8 
5 1 12 46 47 13 22 19 17 15 26 41 17 47 21 12 25 35 45 0 1 31 29 20 13 44 37 5 26 1 29 1 38 29 46 28 2 40 27 35 27 25 20 48 34 20 15 14 22 47 27 45 11 45 23 19 45 33 23 17 40 
13 11 10 33 39 11 6 48 10 14 13 16 14 34 7 19 41 22 7 26 0 12 22 20 43 41 33 36 19 32 38 31 37 32 19 20 9 36 16 20 19 30 21 34 29 7 7 37 33 14 47 44 10 34 42 16 7 2 9 2 8 
34 13 2 39 15 29 11 45 26 35 27 22 7 11 12 47 11 10 14 49 33 0 18 39 14 29 45 16 31 7 48 4 17 4 7 14 12 45 30 17 16 27 15 44 49 41 12 43 28 6 49 27 44 15 29 24 11 43 45 34 18 
11 39 22 3 21 1 22 36 28 10 28 33 13 45 20 2 13 12 39 7 30 35 0 5 3 45 38 22 1 20 22 8 38 10 46 11 26 13 14 21 45 33 48 8 4 13 17 26 7 40 19 14 43 7 14 26 2 6 18 13 42 
4 48 10 1 23 19 23 8 1 20 3 5 3 3 17 41 47 46 30 41 47 14 35 0 5 8 44 6 12 25 44 15 44 48 1 4 49 39 32 18 16 49 42 13 15 12 30 3 4 38 49 13 27 1 47 42 10 34 43 41 24 
38 28 14 37 41 36 45 3 16 5 44 15 28 44 3 30 45 34 11 13 7 25 49 14 0 4 40 29 42 31 46 33 45 45 3 37 17 9 18 43 3 41 5 36 46 30 41 27 8 3 39 40 38 11 30 31 31 41 1 47 13 
43 45 20 10 30 18 1 25 7 35 20 48 43 42 48 29 15 12 29 46 19 1 31 25 47 0 21 12 31 33 15 47 19 32 9 33 34 47 7 15 16 12 35 26 45 47 20 36 43 9 2 16 16 46 15 42 41 4 3 34 39 
4 40 39 29 43 7 34 6 33 22 47 43 1 30 29 38 17 20 39 8 48 8 16 21 38 14 0 10 34 39 28 27 38 22 28 6 26 7 11 31 6 28 16 24 21 6 15 34 28 47 10 46 46 28 24 15 40 16 24 24 23 
9 36 40 16 45 28 2 14 41 45 47 40 44 2 39 40 37 30 38 25 6 49 36 22 7 14 1 0 17 37 42 2 32 26 30 40 42 46 33 38 17 38 19 45 39 43 7 39 11 38 8 10 23 6 26 31 1 43 47 48 13 
47 2 10 39 8 13 18 33 25 6 44 30 35 5 27 1 15 31 32 4 31 12 32 14 15 33 47 6 0 7 45 20 21 11 47 17 18 13 26 34 2 19 36 48 48 49 18 7 40 17 7 8 3 45 4 34 22 41 24 13 20 
35 1 5 45 41 6 45 2 31 45 11 17 41 21 36 32 12 24 4 32 26 16 33 24 39 18 37 46 26 0 35 1 3 34 13 49 13 9 6 49 4 46 45 14 31 48 7 26 2 20 31 32 48 47 25 47 5 40 16 23 45 
3 23 29 10 33 33 36 6 30 16 44 15 18 45 16 42 40 5 29 34 16 4 33 10 21 18 13 42 33 1 0 7 13 46 27 26 37 9 24 45 3 20 8 41 24 9 44 42 47 9 42 41 16 22 20 44 1 40 32 42 38 
11 43 43 28 14 2 22 42 32 10 24 42 33 36 32 12 23 49 32 20 16 28 39 16 24 38 45 6 18 14 9 0 37 1 46 26 41 6 26 22 1 43 25 49 20 21 41 31 36 19 17 22 29 22 45 28 1 3 45 1 21 
41 28 23 34 7 3 17 16 5 26 36 30 45 15 41 9 36 45 32 9 47 23 19 11 38 27 10 14 19 40 32 5 0 7 30 1 18 36 26 49 26 48 43 27 30 48 30 49 29 18 34 48 12 34 28 23 29 16 36 20 3 
29 24 22 10 48 4 49 25 41 25 44 23 9 27 14 41 10 48 44 18 27 41 9 21 42 19 37 23 22 48 2 30 38 0 13 26 31 16 21 2 9 36 14 41 30 28 30 30 8 7 26 14 19 32 42 4 3 31 17 40 42 
34 8 36 25 33 33 29 48 6 44 48 6 40 30 2 9 6 3 2 4 19 41 43 44 29 49 19 32 11 30 48 13 49 25 0 18 18 12 7 14 1 46 41 41 17 24 20 22 15 11 33 38 15 36 21 27 10 27 11 13 39 
21 31 22 37 3 40 16 22 28 43 26 1 47 5 35 20 5 2 34 36 29 34 35 17 40 25 9 18 16 42 42 40 43 45 22 0 15 10 36 16 4 11 40 49 11 26 31 9 18 46 27 48 16 43 9 34 43 48 20 27 27 
4 29 44 34 17 6 31 48 19 5 42 22 4 22 2 21 47 34 6 49 44 48 12 20 38 2 4 31 13 37 35 49 22 47 30 7 0 17 20 27 39 41 5 7 20 48 25 32 7 3 14 2 39 46 1 18 41 38 2 37 11 
35 45 39 12 2 45 15 15 39 38 1 21 11 49 34 11 20 39 33 48 30 48 30 38 25 29 21 36 10 40 17 13 18 49 15 34 2 0 32 4 38 49 12 23 38 36 14 39 49 32 17 4 36 29 2 48 12 4 44 34 42 
3 18 1 14 4 39 42 40 8 47 46 36 2 29 19 47 14 18 35 14 44 11 13 12 5 32 16 1 41 23 46 37 4 19 39 34 32 48 0 27 46 25 37 31 17 24 12 3 6 31 5 15 48 20 36 40 33 46 32 19 19 
40 45 43 48 33 35 19 25 12 36 9 23 42 3 5 5 45 35 14 39 12 28 1 22 48 12 5 9 46 36 3 5 41 16 41 1 19 34 4 0 31 8 37 11 28 35 5 19 30 36 14 42 4 34 36 24 2 15 1 35 18 
44 8 14 48 12 42 6 42 20 46 22 39 49 44 6 38 28 36 34 23 29 29 10 32 47 40 22 46 20 49 19 25 6 23 23 1 30 45 6 29 0 2 2 43 24 2 48 19 34 7 37 2 27 32 39 7 13 49 26 25 13 
41 25 48 36 20 40 1 12 44 41 44 31 28 41 46 9 18 33 28 35 46 36 5 11 5 14 33 42 48 3 21 27 41 39 19 37 13 11 24 23 43 0 13 25 25 45 25 41 48 25 27 14 13 34 48 5 12 37 36 1 38 
32 20 36 15 11 1 40 21 31 6 39 37 48 49 38 42 8 36 36 34 32 47 17 47 2 49 29 45 32 2 2 35 18 48 23 17 3 17 18 32 29 20 0 42 15 9 6 44 46 33 46 13 41 16 14 39 17 42 11 33 46 
44 48 29 3 40 13 23 23 28 21 31 38 19 33 17 34 49 10 41 22 37 16 31 6 28 36 30 27 40 23 39 33 7 7 49 7 46 18 36 41 32 37 14 0 4 37 26 44 31 4 49 30 14 23 21 2 19 47 3 21 14 
5 28 3 24 23 27 49 3 7 32 14 36 49 11 39 11 43 18 36 48 19 15 10 18 47 21 3 41 24 37 29 42 22 5 48 5 43 43 1 20 3 43 49 49 0 32 36 47 35 20 33 27 11 1 31 20 48 5 31 20 5 
43 24 12 19 38 38 18 13 8 13 43 1 8 11 1 40 2 44 26 38 23 32 40 42 34 2 37 6 8 11 27 37 40 41 22 11 12 48 43 11 39 29 43 18 35 0 28 31 23 29 4 11 45 14 18 24 38 38 16 46 33 
12 40 20 19 42 40 46 20 45 16 41 49 24 24 16 48 19 48 30 6 48 18 30 3 28 5 10 24 1 34 20 8 7 14 34 27 42 19 9 19 40 9 48 25 5 29 0 39 49 15 33 21 40 7 15 4 10 44 7 3 21 
34 30 42 15 26 34 15 19 21 49 28 34 25 40 33 44 44 2 24 41 37 7 14 18 12 43 13 28 3 28 36 6 35 29 30 35 49 23 23 31 7 5 32 8 28 21 41 0 20 35 26 30 20 42 16 10 14 32 12 18 18 
1 34 36 40 34 37 45 20 34 28 34 29 25 49 28 33 1 29 36 44 3 29 21 35 40 4 47 9 6 4 37 9 15 25 14 25 40 4 12 32 36 43 15 25 4 48 25 46 0 18 45 20 15 49 5 44 2 8 40 48 12 
48 5 20 24 31 31 40 22 9 31 27 42 9 11 39 13 40 41 3 5 34 36 21 45 29 42 1 21 33 24 25 15 28 42 45 29 48 49 18 20 48 34 10 11 47 42 24 13 13 0 24 36 17 8 24 24 31 37 25 12 17 
28 49 3 3 37 7 11 34 26 25 12 3 1 45 25 2 31 33 25 6 35 37 9 20 9 21 7 25 35 3 45 21 41 5 19 39 23 1 30 10 22 16 39 24 5 47 9 38 30 38 0 11 15 35 25 49 34 32 36 27 16 
27 3 10 2 8 31 36 43 1 27 44 1 34 25 47 13 1 41 10 31 30 49 41 25 3 13 41 27 49 25 38 8 26 26 13 34 1 37 32 22 36 17 47 12 7 32 49 24 4 41 34 0 32 34 12 18 31 32 14 8 2 
27 32 30 19 41 3 43 37 27 2 47 31 31 33 21 31 21 37 10 10 22 8 28 18 36 20 49 40 27 47 22 5 42 31 32 27 25 45 22 7 45 22 5 37 38 31 46 22 35 16 30 18 0 24 16 47 49 10 30 25 12 
2 12 31 34 14 30 19 42 47 21 24 41 23 20 45 3 48 20 2 32 14 39 19 7 34 42 25 36 24 21 31 5 41 20 10 17 1 8 15 21 42 19 4 5 11 14 23 31 25 27 2 12 2 0 18 4 7 46 17 12 45 
46 14 34 29 30 7 26 39 3 3 41 15 47 38 4 28 28 41 7 42 23 13 28 31 9 37 36 46 17 29 7 35 15 40 1 46 29 41 1 41 20 37 33 16 10 46 22 28 40 37 43 40 10 45 0 43 45 26 13 22 7 
3 6 28 15 17 39 10 29 35 17 29 9 22 47 14 42 43 10 15 33 16 18 25 38 11 9 37 34 1 47 1 36 30 25 5 27 10 13 22 39 13 8 46 2 41 23 37 7 37 4 16 17 10 8 26 0 27 24 7 6 33 
31 19 47 23 10 38 36 22 5 48 42 8 29 4 25 43 48 13 28 32 18 18 9 34 27 6 44 3 23 21 33 4 37 4 26 43 8 26 19 3 28 2 28 4 43 36 38 42 14 7 26 24 15 26 26 36 0 18 43 40 39 
20 6 8 45 27 7 43 34 23 31 24 45 2 42 11 2 49 21 43 3 21 10 13 27 11 27 45 36 18 14 8 31 40 1 39 40 44 12 26 46 34 25 43 40 26 46 14 23 18 35 31 15 23 45 39 17 28 0 38 24 4 
17 24 9 4 37 44 32 24 33 40 4 45 40 9 39 5 12 1 15 39 16 41 8 43 12 34 46 12 3 17 29 48 7 7 34 31 31 42 18 3 34 42 4 30 16 4 30 38 14 37 5 8 34 46 27 23 49 23 0 24 49 
35 40 1 18 7 26 33 38 18 24 30 32 43 31 8 9 44 9 17 45 49 9 10 24 7 10 1 43 5 22 41 9 17 19 4 23 15 24 14 18 24 23 4 28 24 26 7 16 36 21 14 10 7 37 9 39 30 27 11 0 32 
40 37 48 10 30 24 29 37 14 39 12 26 19 30 31 1 37 1 41 21 9 46 45 17 5 16 39 13 48 26 39 13 2 46 23 24 30 21 37 24 7 11 26 12 33 41 49 11 20 33 26 28 18 48 39 10 18 30 2 22 0 
