n: 60
m: 2
Pi:U[1-99] 72 81 88 12 26 31 71 80 70 54 10 52 86 40 67 74 43 43 17 22 49 84 7 63 70 16 5 76 64 94 89 98 87 28 20 23 7 96 84 20 3 13 50 76 11 35 70 39 72 62 48 9 49 63 16 11 2 92 69 41 
Si:U[50-99]
0 85 83 54 50 88 76 53 91 85 97 53 90 62 71 90 84 80 98 62 86 52 84 71 72 72 77 60 53 71 97 56 85 85 59 97 61 78 61 57 85 85 65 61 91 76 54 85 70 67 55 73 79 91 78 53 78 95 78 72 68 
93 0 79 63 88 76 57 65 63 71 69 57 91 72 53 89 63 98 57 67 88 72 64 64 66 51 59 59 77 81 94 86 81 89 90 70 52 74 96 76 62 67 70 62 78 84 99 82 99 99 93 68 98 50 64 95 72 64 57 98 75 
77 70 0 87 93 64 89 71 77 72 52 92 54 53 50 94 84 58 98 59 60 71 61 72 72 98 96 96 90 82 76 84 81 64 92 78 77 70 56 79 83 70 59 85 76 53 88 60 59 55 83 62 88 78 66 95 91 78 50 72 52 
51 91 95 0 94 64 55 90 73 77 52 96 59 58 95 73 50 88 99 69 63 50 84 89 88 98 93 54 77 87 60 95 57 75 76 86 84 57 94 95 56 84 53 77 80 69 56 83 51 86 92 98 53 91 50 64 60 92 61 76 63 
77 59 74 63 0 67 73 56 65 92 84 55 51 71 71 86 91 66 78 67 85 54 81 65 86 79 60 62 67 91 83 53 65 53 74 62 60 63 61 64 64 85 53 74 96 93 68 62 97 91 97 85 86 54 84 97 64 83 56 98 94 
62 99 56 76 90 0 94 95 61 69 58 93 59 67 97 86 59 53 63 66 68 97 82 83 67 99 89 65 54 77 50 77 96 76 82 90 89 88 77 60 92 51 78 51 93 82 88 81 78 92 76 64 64 94 57 77 90 85 55 63 96 
92 70 96 73 75 86 0 51 52 67 65 93 79 50 74 89 59 60 72 73 82 69 82 54 72 73 62 69 57 50 75 52 92 58 74 51 50 68 78 90 67 73 58 56 83 78 59 60 67 82 84 71 82 66 93 76 91 65 58 69 74 
75 66 75 87 94 85 70 0 69 57 53 66 88 92 52 83 93 66 58 96 54 72 97 70 70 64 71 90 51 87 59 93 70 50 64 51 83 89 58 88 88 54 54 76 85 87 87 61 97 95 55 86 63 72 82 80 75 82 51 93 90 
68 77 66 65 60 54 59 94 0 57 91 87 84 71 85 88 74 91 54 99 97 97 50 69 95 99 54 84 56 89 86 95 87 94 78 51 53 79 96 68 98 89 64 89 68 68 51 68 98 61 98 91 53 88 83 54 74 79 54 53 97 
64 99 98 93 80 93 90 56 77 0 55 94 57 57 52 50 92 85 83 92 82 70 95 65 98 98 69 58 99 72 93 69 64 55 61 63 91 68 74 90 55 71 82 83 94 78 60 53 52 91 63 92 67 56 91 57 65 71 70 85 87 
74 53 89 87 91 90 89 92 67 71 0 56 55 95 67 70 86 92 60 99 63 95 96 63 54 81 56 65 93 61 77 88 62 72 88 76 67 51 82 80 83 91 56 50 56 84 88 65 70 82 95 62 94 99 52 60 74 99 91 98 78 
92 87 80 64 96 56 75 54 64 94 90 0 95 70 62 72 82 75 93 71 61 85 80 76 93 54 56 54 92 66 88 81 71 87 53 73 70 88 54 61 58 99 79 81 57 56 60 64 83 62 89 62 81 93 92 53 93 93 60 64 61 
68 66 96 84 73 69 79 94 73 78 84 52 0 92 55 89 63 75 73 80 96 63 89 70 55 78 93 97 59 68 96 63 77 51 86 65 64 63 82 90 87 51 70 66 85 65 58 82 97 97 93 80 98 76 98 81 59 99 80 68 81 
55 67 75 95 63 77 59 55 84 77 86 81 94 0 64 79 84 56 81 53 81 60 78 84 92 71 50 76 70 64 68 82 58 97 84 86 55 93 76 69 61 86 79 78 65 51 64 91 63 83 50 77 58 90 72 51 66 83 88 64 76 
53 77 58 66 86 62 76 98 79 74 61 65 57 58 0 75 66 74 91 80 50 62 82 77 62 78 80 99 72 96 52 86 83 81 51 60 89 61 86 92 68 95 94 66 96 59 91 88 96 68 63 84 80 95 72 77 75 98 85 79 98 
76 70 67 99 95 56 99 92 55 85 58 52 68 69 52 0 78 75 73 84 88 73 89 97 68 80 97 81 91 59 74 97 94 82 92 64 88 82 97 62 87 94 77 96 58 90 61 51 54 52 55 99 58 78 73 82 87 88 66 66 82 
77 70 89 65 97 51 53 75 78 87 71 98 79 71 97 87 0 74 76 67 80 68 98 99 50 62 56 88 91 52 69 74 72 92 72 83 67 68 93 95 71 81 85 74 67 67 52 59 74 66 85 86 65 90 90 66 55 90 65 57 94 
91 66 71 90 90 54 82 69 57 84 72 61 90 78 89 51 61 0 82 95 61 54 72 69 98 90 89 86 58 75 59 98 91 70 52 97 90 93 66 66 66 90 86 82 96 82 82 67 68 96 81 85 55 80 65 68 61 86 65 51 68 
67 63 67 91 55 60 62 98 72 97 96 65 71 61 62 59 98 83 0 69 54 92 85 80 95 89 55 65 92 69 79 57 91 95 76 50 96 94 58 72 57 86 53 81 85 53 80 99 57 66 97 60 53 93 84 82 92 95 63 57 82 
95 76 54 94 86 67 79 86 99 71 68 54 54 85 90 89 72 77 63 0 51 70 68 89 71 65 70 94 68 66 76 97 94 91 86 80 64 80 87 58 83 85 87 77 67 94 71 81 78 75 99 82 75 70 71 73 67 94 68 72 58 
69 63 57 51 83 77 53 52 62 68 68 92 73 93 60 62 78 82 66 84 0 80 88 93 78 66 50 81 82 75 58 55 75 75 63 86 60 76 81 71 57 93 59 55 57 72 59 71 62 67 66 68 96 90 69 95 66 53 64 81 93 
87 95 76 85 65 65 55 71 86 54 78 98 90 86 98 62 91 92 93 88 72 0 82 69 86 61 69 86 94 81 97 77 50 81 90 56 56 63 84 80 98 89 65 77 66 52 93 68 81 76 90 51 68 61 77 61 59 57 51 52 79 
50 80 57 99 62 90 84 58 83 91 71 81 59 66 51 53 74 50 89 92 95 56 0 55 93 68 86 69 55 54 81 84 70 95 96 99 91 51 73 64 65 90 64 82 74 87 78 81 85 74 83 75 85 64 93 92 93 54 97 65 70 
94 72 89 77 79 60 97 97 50 90 65 89 55 90 72 71 56 92 57 57 71 85 92 0 77 52 93 57 72 69 58 74 59 91 90 54 51 84 63 63 57 97 93 81 74 53 93 85 81 94 97 96 83 93 68 76 65 97 84 95 64 
88 95 61 66 78 86 71 89 53 70 52 61 93 71 60 70 55 51 78 91 74 54 86 62 0 88 75 53 91 84 50 96 84 59 81 54 77 99 87 62 87 55 69 69 93 96 84 68 88 79 98 50 54 78 89 61 82 92 69 60 89 
72 63 73 91 82 58 68 87 98 83 87 84 66 95 98 84 62 79 98 83 51 90 70 65 54 0 63 82 80 62 87 78 79 55 66 86 82 60 91 64 93 82 93 93 67 56 77 54 51 94 90 82 60 91 77 95 70 80 97 59 50 
54 52 73 58 58 80 69 65 69 86 75 98 55 55 50 58 56 71 65 89 74 77 77 68 84 61 0 95 88 98 60 78 62 88 74 67 70 56 61 88 84 93 83 52 96 99 74 54 87 71 80 69 97 63 77 77 51 76 60 96 51 
50 67 75 66 79 60 96 95 94 95 89 84 62 61 62 72 86 65 50 63 53 59 77 75 83 62 71 0 92 59 98 74 76 89 64 79 62 98 94 79 51 58 67 78 61 85 86 57 71 52 91 85 89 59 52 71 65 78 58 64 95 
90 74 93 63 94 56 69 64 81 99 81 87 82 51 66 62 60 87 92 85 78 51 84 59 59 63 78 55 0 80 74 97 84 64 99 98 61 86 85 60 59 86 70 89 98 58 55 96 82 90 82 98 61 81 71 96 77 85 69 82 88 
64 62 61 75 60 52 76 52 95 91 79 66 60 71 63 82 60 55 89 76 51 96 66 87 50 57 90 61 62 0 50 62 69 91 74 72 54 86 63 96 55 84 72 63 63 75 79 72 86 58 61 80 64 50 51 60 69 60 88 51 62 
62 65 61 50 75 53 80 50 69 50 87 71 64 69 88 96 95 86 86 57 97 81 98 69 56 50 59 76 77 65 0 94 54 85 50 94 51 65 89 64 88 51 63 83 69 62 58 52 51 76 83 52 61 86 54 57 55 63 58 89 61 
74 77 85 95 77 76 58 81 69 71 71 71 78 67 75 93 99 71 97 63 91 95 61 72 95 57 97 69 86 62 96 0 69 91 81 83 76 77 86 66 89 68 89 68 75 99 59 70 71 65 96 67 64 89 64 52 72 76 91 94 76 
72 62 86 95 76 82 84 76 62 64 99 76 61 70 72 62 77 51 75 77 66 65 62 59 59 84 55 82 87 65 90 85 0 60 87 83 70 97 85 69 66 97 94 67 62 63 75 83 76 74 53 83 55 98 77 52 94 54 94 53 79 
66 66 90 76 56 80 91 89 54 76 93 53 50 74 55 62 57 96 64 83 69 53 71 79 63 72 64 73 69 89 53 76 82 0 92 99 75 57 57 94 60 96 74 70 86 94 71 80 89 85 71 97 97 64 85 50 80 84 76 74 65 
76 93 93 85 78 60 58 68 91 91 73 50 99 56 58 95 83 60 66 88 65 53 64 60 60 71 69 51 74 57 86 56 98 90 0 59 65 51 84 92 88 79 65 85 77 77 51 77 88 78 61 98 56 54 69 84 72 85 95 55 75 
59 76 55 91 90 51 89 80 62 87 79 95 58 61 79 67 87 92 63 78 56 83 73 70 91 65 50 90 92 62 63 50 68 89 62 0 95 92 94 80 91 77 59 52 71 81 78 57 50 67 58 65 94 76 84 93 56 77 73 78 89 
65 50 76 99 76 78 86 89 66 54 61 57 74 92 92 73 67 52 96 99 79 59 58 82 51 75 92 63 74 96 92 72 92 89 52 52 0 93 84 78 70 79 96 62 85 69 78 88 76 90 56 97 54 80 71 90 72 92 97 74 92 
96 59 78 73 97 88 88 74 92 57 88 69 92 60 57 65 86 57 51 81 65 80 81 87 71 50 92 89 85 80 90 91 69 68 58 51 75 0 73 89 56 86 79 70 58 87 73 88 99 50 83 65 87 51 52 56 65 79 52 51 58 
98 65 66 76 82 52 53 70 98 53 81 79 88 62 55 96 76 84 97 97 92 86 76 93 58 91 70 89 60 84 84 79 55 53 52 85 71 54 0 67 60 86 55 85 81 54 76 60 92 62 94 56 64 92 72 60 96 70 70 85 96 
62 99 91 76 93 77 83 53 55 59 61 62 63 58 58 52 73 64 85 70 63 76 59 64 91 53 87 58 96 74 99 55 72 82 54 72 67 66 82 0 87 76 76 62 71 76 90 76 67 63 77 53 51 59 75 65 96 54 60 76 54 
63 94 84 58 76 70 94 54 59 53 94 76 88 77 65 90 64 90 84 57 63 59 79 64 61 69 98 97 94 57 86 76 75 90 76 93 94 80 54 81 0 73 81 71 80 59 64 60 68 84 99 90 93 60 56 94 74 72 74 98 94 
60 74 99 66 65 81 80 61 70 54 57 55 60 92 69 75 96 87 94 88 93 76 53 52 52 77 78 56 60 62 59 67 83 80 65 54 72 82 61 56 84 0 93 77 96 72 58 73 96 63 51 65 97 98 90 53 77 91 81 94 94 
79 88 92 70 92 64 76 58 86 54 84 76 56 53 95 72 69 94 64 59 87 52 52 91 72 70 60 55 52 58 57 84 70 88 71 57 80 57 97 71 55 94 0 64 52 60 54 85 92 72 97 86 62 51 94 97 55 84 92 55 64 
93 61 75 66 54 71 76 52 59 92 96 60 87 91 82 64 77 62 51 72 58 51 65 83 60 85 85 95 87 64 71 85 85 62 75 91 86 85 71 56 80 54 60 0 62 86 99 64 54 95 97 94 55 85 58 92 73 81 80 96 50 
92 68 86 60 92 97 59 84 83 61 64 84 68 54 80 67 81 51 67 93 54 95 53 55 62 58 53 51 79 64 76 86 80 54 69 96 98 75 75 54 97 86 81 61 0 52 73 58 54 72 76 71 80 60 66 88 93 62 52 68 57 
56 81 55 54 98 52 93 92 81 63 80 59 92 77 81 85 81 88 67 92 54 59 89 77 50 55 63 71 98 90 90 79 78 99 73 68 78 77 66 53 54 51 95 77 89 0 74 94 82 56 57 85 78 56 99 80 67 67 82 94 53 
94 97 97 53 75 92 91 95 84 50 82 85 62 78 98 70 76 85 97 86 72 55 52 87 76 83 64 74 57 84 64 61 79 72 50 73 97 58 78 96 65 87 62 90 72 58 0 90 81 67 62 95 63 73 50 75 97 98 92 74 71 
82 87 67 54 73 54 84 85 74 99 77 60 60 54 58 98 96 57 54 53 70 93 76 74 75 83 50 57 96 62 52 74 75 68 57 58 51 82 89 99 91 80 97 61 91 81 51 0 96 77 66 58 73 97 73 97 50 79 64 91 67 
78 95 64 59 65 61 96 66 52 54 75 67 56 62 70 84 88 74 75 66 61 68 62 83 86 51 95 82 88 93 75 52 82 61 82 68 51 67 81 63 84 95 95 53 76 95 57 50 0 80 96 76 70 82 71 68 80 69 65 53 56 
78 54 74 56 62 65 92 56 59 99 77 92 50 58 99 81 50 56 98 50 50 96 51 82 92 97 70 62 95 70 53 84 71 77 64 50 80 94 59 69 88 86 56 80 61 50 76 67 79 0 58 68 96 81 57 94 75 76 93 67 92 
84 98 61 57 80 94 79 74 83 84 59 98 75 50 74 76 90 59 82 96 99 51 72 64 53 93 61 62 60 92 84 77 79 56 77 80 63 97 92 95 63 84 70 68 55 91 54 89 89 78 0 66 67 80 84 75 53 90 85 50 89 
84 84 72 99 83 92 68 87 87 53 81 95 92 97 60 67 84 73 89 82 65 78 96 84 62 66 84 68 84 83 90 52 52 93 94 77 56 72 57 85 80 92 50 79 66 97 56 99 68 68 94 0 97 86 60 85 85 61 70 97 63 
97 97 52 66 63 74 82 71 80 78 85 99 95 75 96 78 95 71 57 68 83 83 51 73 88 91 51 65 91 92 70 82 50 99 51 54 92 54 78 67 81 60 82 97 82 74 91 71 74 94 87 66 0 93 91 71 86 76 93 80 81 
82 83 90 61 87 65 81 94 70 86 96 74 95 93 93 58 82 82 91 68 86 92 90 62 70 94 71 61 64 63 88 57 91 59 72 59 79 65 81 83 92 92 75 83 61 50 88 72 68 50 52 67 79 0 65 65 86 66 94 65 63 
62 52 67 90 72 65 75 90 69 72 82 73 71 78 96 54 51 58 59 71 67 83 89 81 80 68 85 65 87 88 61 98 55 71 64 76 96 64 62 77 86 74 96 68 60 59 95 77 98 76 99 64 51 82 0 60 94 51 96 80 80 
87 84 92 91 57 52 96 70 60 77 99 99 87 99 89 89 97 84 63 78 57 95 70 91 95 79 66 71 84 53 67 58 87 68 92 70 62 70 86 52 76 71 94 76 90 73 85 87 57 88 89 68 77 78 60 0 79 75 97 73 86 
74 64 60 57 86 86 90 93 95 84 90 62 57 91 96 54 99 94 92 63 94 75 62 92 64 76 59 86 87 63 52 94 84 61 83 71 89 83 50 75 73 82 90 50 72 97 82 55 80 64 53 83 71 75 75 96 0 62 86 50 99 
56 98 72 94 79 95 65 80 80 77 86 68 82 79 68 84 80 63 99 80 55 65 52 91 67 66 62 69 61 64 58 79 52 65 98 73 97 63 57 86 92 83 72 56 98 74 73 62 67 70 70 76 83 75 63 53 82 0 79 64 72 
91 75 97 53 96 96 77 82 86 70 55 61 90 53 75 64 56 84 96 58 85 78 71 97 78 73 88 52 56 63 56 52 60 63 72 66 79 74 81 64 52 56 87 70 92 68 83 84 79 78 85 74 97 64 61 71 82 73 0 61 74 
97 98 75 99 99 52 85 98 63 85 88 76 50 97 60 57 77 99 56 89 88 63 67 70 52 88 87 66 94 71 83 93 52 82 99 75 69 75 81 53 96 60 89 86 66 94 59 67 59 69 64 56 77 95 76 88 93 89 68 0 88 
94 95 78 75 89 77 65 84 50 94 75 68 54 84 76 87 91 81 72 77 71 85 97 58 94 55 98 72 73 57 54 61 71 60 81 95 80 51 98 60 90 91 65 91 68 66 78 63 88 67 79 71 79 78 65 50 86 86 88 83 0 
