n: 60
m: 4
Pi:U[1-99] 36 53 3 95 64 50 77 76 41 89 35 84 96 62 34 93 82 99 95 52 28 96 34 25 50 50 26 96 27 16 92 33 84 31 34 10 71 8 24 85 97 61 21 55 21 59 11 41 90 18 76 78 11 75 68 7 64 35 13 42 
Si:U[1-49]
0 3 41 36 10 2 32 33 40 11 14 10 25 9 41 26 24 31 37 6 4 22 34 27 40 12 1 16 9 42 13 18 41 41 10 34 30 5 21 16 42 1 16 15 48 1 17 8 40 34 26 48 34 30 47 26 28 32 34 45 29 
46 0 22 23 9 28 15 25 13 1 4 31 26 18 33 40 21 39 31 34 15 8 33 41 8 34 42 36 7 22 47 1 44 6 4 11 22 39 15 44 28 35 29 33 18 39 32 45 25 39 32 38 1 32 38 18 45 45 20 14 21 
14 18 0 31 28 38 43 33 1 32 31 6 45 30 46 10 22 12 19 30 46 34 33 26 29 38 2 28 15 5 1 20 10 46 38 38 39 20 34 24 35 19 49 44 11 36 18 15 16 38 32 35 33 28 12 28 14 12 19 32 15 
36 45 24 0 29 9 32 15 9 12 49 19 18 41 36 26 32 34 36 33 38 35 19 48 25 41 45 5 41 21 33 1 38 1 30 31 11 16 32 10 48 12 37 1 43 31 11 44 48 29 32 41 20 4 6 34 36 39 6 41 41 
40 12 12 10 0 19 29 8 30 13 9 4 17 2 5 20 40 18 47 31 32 14 38 22 8 21 15 48 8 22 6 43 33 7 26 16 34 33 48 24 28 17 7 4 16 16 38 9 12 28 1 26 38 47 31 25 32 6 6 40 30 
27 10 22 41 9 0 28 27 12 29 1 19 39 10 48 43 41 45 7 28 4 7 44 8 16 41 14 40 8 36 39 34 7 7 36 35 7 42 18 19 45 25 40 22 25 43 48 46 27 12 11 15 3 19 44 31 28 16 37 23 26 
14 18 47 3 29 41 0 34 7 40 23 10 37 42 49 30 34 13 49 37 2 12 23 29 28 43 9 19 49 34 19 14 31 20 31 20 2 29 36 7 9 12 11 19 27 29 42 24 1 11 21 16 33 45 37 11 21 23 28 3 15 
37 30 30 36 20 19 41 0 35 42 32 31 44 17 27 41 38 9 32 23 8 35 36 24 4 48 7 29 10 43 39 11 39 7 13 7 22 18 26 27 39 31 4 27 9 9 43 7 48 39 14 30 49 28 13 18 30 44 49 7 12 
45 31 26 23 44 35 27 41 0 11 15 38 29 48 37 15 34 28 41 31 25 1 30 33 48 43 47 48 24 3 10 4 40 33 30 49 26 6 26 19 38 37 19 18 48 31 2 24 15 3 25 31 44 14 34 47 28 41 44 28 39 
9 7 44 12 31 39 2 13 36 0 3 15 29 9 22 1 46 41 20 30 3 17 25 32 8 15 48 18 16 36 4 49 25 17 12 8 6 16 3 33 1 48 40 23 7 20 37 17 46 23 49 39 3 10 17 12 21 1 24 48 11 
19 36 29 26 21 47 40 34 14 12 0 12 15 46 1 22 41 9 34 23 36 6 8 10 28 36 18 20 17 12 25 17 39 13 16 37 30 42 26 15 9 45 47 18 5 3 2 7 17 28 2 22 35 30 38 12 44 18 46 30 14 
32 34 8 4 22 1 48 24 9 31 30 0 48 40 46 9 20 31 37 2 25 36 28 7 6 17 24 32 23 2 28 23 13 18 15 32 47 21 5 22 5 44 16 48 48 37 17 5 4 45 20 26 38 2 4 49 5 20 2 37 34 
27 38 28 33 47 28 27 9 17 39 42 20 0 40 26 19 34 20 17 40 43 22 16 37 43 10 4 18 33 33 7 34 33 49 28 32 13 13 44 21 16 8 15 48 36 15 25 3 45 4 20 3 44 38 15 34 19 45 12 30 23 
15 34 49 29 26 6 37 19 30 30 38 15 28 0 31 19 49 11 16 17 32 7 29 36 27 16 23 30 6 43 2 15 10 5 22 27 27 45 4 39 25 26 17 12 1 47 3 21 36 34 46 4 35 9 42 8 37 28 42 21 25 
47 28 36 24 9 2 32 13 47 19 47 2 17 35 0 41 31 31 40 38 38 25 46 49 42 29 30 44 36 40 13 46 15 8 22 46 3 45 27 12 9 33 17 42 9 23 10 5 36 41 6 8 40 25 35 6 13 7 11 20 3 
7 29 36 21 40 12 34 13 43 44 18 32 1 22 37 0 28 4 28 6 47 46 27 25 17 21 47 4 16 30 17 3 46 10 39 15 23 49 39 4 37 40 18 3 18 37 29 9 47 15 4 23 28 29 20 20 39 32 3 12 34 
20 8 1 38 3 27 46 24 47 3 47 20 48 10 18 28 0 25 20 40 32 28 44 15 14 15 42 30 19 38 7 7 17 29 24 17 26 30 23 47 16 2 14 14 10 41 14 49 34 5 7 47 49 25 23 39 36 45 2 4 32 
35 40 45 42 32 48 4 15 46 26 32 22 46 10 26 7 26 0 19 6 24 40 49 41 30 20 31 49 9 49 43 39 11 47 37 27 38 49 18 5 22 22 11 9 5 42 25 33 33 44 49 5 1 27 41 34 17 25 30 7 17 
13 14 39 29 32 27 4 7 23 18 32 41 44 1 41 8 2 3 0 37 23 26 4 23 26 22 34 23 18 36 49 37 27 34 9 26 1 45 3 6 39 9 16 6 20 1 42 47 30 37 29 42 37 40 26 10 37 5 7 18 32 
3 24 47 16 14 3 27 27 13 42 20 29 21 15 2 17 49 28 8 0 2 49 6 8 10 5 39 48 21 31 47 48 29 20 34 9 15 36 37 36 5 36 6 30 49 17 40 37 14 16 10 19 38 47 32 1 47 14 7 44 30 
43 43 2 32 35 7 42 47 22 40 47 33 41 9 9 26 20 32 17 32 0 33 21 36 2 3 12 22 43 40 32 4 37 15 31 48 30 12 35 31 27 30 26 15 17 1 37 15 8 28 44 49 40 11 48 13 49 8 36 4 3 
16 19 29 3 44 5 14 8 36 45 48 34 33 31 42 25 24 12 30 19 30 0 32 12 10 1 10 28 24 32 32 41 27 48 45 3 44 36 5 40 26 20 27 45 39 32 8 17 19 35 11 45 2 44 21 43 20 17 14 17 1 
13 38 29 4 6 8 9 37 25 11 49 4 29 32 8 31 29 46 38 32 38 3 0 14 1 48 48 32 30 39 16 27 5 22 13 36 42 21 4 43 37 7 28 24 19 21 17 29 30 49 12 35 12 6 3 43 39 4 20 21 44 
43 46 43 23 8 33 21 39 21 8 28 5 14 3 8 44 1 7 33 11 32 33 8 0 4 32 2 5 36 14 38 6 27 32 23 33 22 49 43 26 34 17 17 6 36 20 4 14 37 42 27 28 26 38 13 7 19 15 30 15 4 
9 21 34 49 24 41 34 32 42 27 17 29 31 2 12 10 8 21 6 46 30 28 40 16 0 12 6 24 1 12 34 18 45 43 31 29 13 37 26 17 20 35 20 41 19 23 18 29 44 7 16 30 21 22 23 22 9 47 32 49 22 
10 35 1 24 1 26 13 9 16 37 27 10 17 16 18 35 7 20 13 44 34 16 32 46 46 0 22 48 30 33 47 14 34 4 19 21 21 37 38 40 40 31 36 36 6 18 2 19 13 21 14 10 37 37 24 15 20 40 5 10 3 
46 8 47 14 11 16 29 5 24 3 23 9 31 25 25 11 35 23 17 29 29 38 10 40 17 41 0 6 24 2 47 35 35 36 29 39 27 25 6 32 27 3 35 3 9 10 26 24 11 16 25 27 37 16 20 14 27 40 3 40 43 
28 38 5 44 28 42 19 33 24 33 8 13 46 41 16 29 24 3 28 14 22 34 44 17 18 22 9 0 13 22 17 5 49 32 2 16 44 35 23 35 39 3 14 18 45 45 46 3 35 49 36 41 43 46 38 30 4 32 45 40 38 
10 40 1 32 41 8 10 5 32 17 12 32 30 45 5 3 15 7 9 31 15 15 15 44 5 23 10 33 0 11 44 11 27 29 40 37 23 39 22 38 35 37 29 9 43 6 23 2 42 49 33 17 24 37 43 44 46 13 5 22 40 
34 7 35 11 44 17 3 3 44 21 21 7 30 33 16 23 5 48 8 39 19 28 44 31 30 1 28 19 3 0 12 7 44 35 9 45 1 46 40 30 7 42 46 20 23 17 16 45 4 7 20 35 1 22 18 24 14 25 8 29 48 
45 1 38 46 39 45 22 22 28 21 24 10 38 7 4 48 32 37 24 20 49 48 31 31 48 14 39 5 47 5 0 6 49 39 44 43 28 32 11 38 17 26 7 27 32 8 25 13 20 49 32 10 23 35 4 11 13 46 9 24 29 
35 36 35 32 4 43 36 6 21 12 35 12 7 21 1 6 41 19 11 48 17 1 33 43 1 28 30 15 29 44 18 0 18 25 5 49 37 4 34 32 22 37 8 8 31 8 34 34 25 18 39 5 45 31 3 49 17 47 12 24 28 
45 39 44 29 3 36 6 6 4 41 41 7 20 5 46 19 20 17 38 42 11 18 14 45 7 8 6 27 29 35 49 14 0 5 36 20 17 11 29 17 3 17 49 15 12 42 40 7 1 48 30 17 44 28 6 25 47 9 48 37 18 
18 22 14 2 32 13 25 14 22 49 40 10 40 13 18 38 6 23 44 22 20 12 47 10 9 23 29 4 33 45 5 6 28 0 13 42 7 23 10 23 36 16 14 8 36 29 37 38 13 18 40 1 32 8 22 45 18 1 29 5 41 
49 45 31 46 8 3 22 23 10 43 15 33 28 10 4 14 21 15 45 11 36 33 42 6 7 43 1 18 37 12 16 48 1 30 0 45 33 26 5 30 20 14 29 39 38 10 7 33 22 7 27 21 35 11 21 6 22 36 19 28 18 
49 36 35 42 40 36 46 37 46 20 13 3 34 8 43 35 14 16 20 19 37 39 46 7 32 47 21 49 5 31 3 34 46 18 1 0 7 28 6 17 33 13 46 26 44 6 25 6 32 32 24 48 14 24 12 31 8 22 47 6 13 
47 4 4 1 18 34 26 44 2 16 6 48 18 42 33 26 18 46 8 38 43 3 10 41 16 40 5 33 5 31 27 35 30 45 7 45 0 43 31 27 42 15 23 33 11 12 29 22 22 41 20 13 5 1 5 10 9 22 32 29 24 
30 39 26 35 36 39 48 13 47 35 7 11 30 20 4 13 43 47 35 34 1 30 11 30 35 15 23 48 18 6 14 40 10 2 12 12 30 0 1 41 28 33 44 2 24 40 6 4 47 3 40 1 14 23 39 36 37 26 21 2 11 
49 41 21 48 40 19 15 40 18 37 41 38 34 14 23 6 5 11 29 31 43 8 28 6 18 30 6 49 39 25 48 42 38 37 30 3 13 17 0 22 10 28 43 19 3 4 42 26 3 38 38 16 48 37 48 18 34 23 44 38 37 
20 21 38 21 42 1 40 8 17 44 40 45 26 33 46 44 36 22 13 28 21 4 14 9 30 24 28 29 39 21 21 34 49 40 29 33 41 5 13 0 13 15 47 35 22 25 36 10 19 4 21 31 38 24 5 33 18 29 10 16 22 
22 40 28 38 35 5 36 37 45 30 16 40 16 15 39 23 32 32 20 17 10 3 9 7 46 27 32 34 5 19 15 9 37 22 18 27 12 48 48 39 0 15 4 11 28 42 10 26 14 26 7 15 22 11 10 16 37 33 28 35 33 
20 16 47 44 38 41 22 13 22 5 38 13 3 25 23 20 3 7 38 4 14 34 45 39 7 37 7 26 25 44 30 11 24 23 29 24 14 18 39 24 7 0 15 5 40 48 10 20 35 11 35 22 20 7 44 37 27 4 25 31 8 
2 20 9 8 43 12 45 15 44 33 26 48 13 19 29 7 19 1 23 15 7 11 43 40 17 7 18 43 9 39 17 25 9 12 46 1 3 44 23 5 17 48 0 13 9 2 33 30 4 19 45 21 34 3 37 18 36 12 29 26 6 
40 26 37 11 32 40 47 15 9 44 46 35 20 17 15 9 25 25 29 29 18 34 41 34 43 38 31 12 4 36 2 47 42 2 42 6 36 31 7 30 41 36 12 0 38 42 44 2 46 41 24 41 46 43 6 46 24 17 43 14 2 
19 4 34 6 34 25 21 30 3 45 16 1 10 31 12 38 25 37 21 41 36 12 16 21 31 30 16 24 13 27 7 11 28 10 14 36 44 21 26 47 2 20 11 23 0 42 11 6 10 23 10 5 5 33 32 8 43 42 35 37 10 
40 42 27 25 3 7 7 4 20 45 27 34 23 4 32 28 36 11 39 33 26 48 3 9 13 34 16 40 9 11 2 9 35 15 27 10 11 15 21 29 33 4 7 24 23 0 38 21 31 38 9 43 15 43 14 20 7 33 4 4 46 
7 47 2 34 9 12 21 35 37 27 19 21 27 40 10 47 17 1 27 13 27 8 25 38 23 27 43 29 41 1 17 16 22 13 48 13 21 32 11 9 16 1 31 10 5 46 0 33 26 8 19 40 34 13 37 17 28 12 21 35 49 
16 5 20 12 26 42 9 12 32 15 5 43 48 48 37 37 9 5 17 29 15 44 2 24 49 39 2 25 38 34 2 1 30 11 38 29 10 21 19 27 14 49 6 40 1 17 35 0 17 15 5 45 27 40 37 15 18 47 21 12 23 
27 27 35 20 29 25 19 7 29 7 43 8 11 15 12 47 20 36 1 19 34 34 17 46 13 18 33 42 37 47 41 24 21 4 48 45 48 46 40 36 13 26 10 43 36 39 23 25 0 6 39 46 13 15 10 11 37 20 41 28 12 
45 10 7 22 32 29 12 20 42 47 5 9 9 47 32 22 11 19 24 32 49 1 14 22 26 36 10 21 37 28 2 22 48 32 46 20 32 41 1 44 13 43 25 47 13 40 2 11 24 0 20 30 15 43 37 20 6 5 2 4 40 
46 40 27 20 2 9 36 8 28 49 18 24 19 1 38 10 9 23 37 23 2 44 27 41 45 8 20 29 49 43 36 22 14 29 45 49 26 14 19 32 1 23 29 47 8 21 46 37 13 24 0 45 28 43 41 1 30 32 28 33 48 
9 40 25 6 45 6 35 4 22 36 25 21 30 45 19 40 49 1 18 3 35 17 23 3 9 19 18 11 19 25 19 19 24 12 34 1 18 15 3 42 27 22 19 2 26 33 13 16 15 17 5 0 26 38 9 48 28 34 39 1 23 
45 32 49 22 48 3 43 43 45 8 10 4 17 31 24 38 31 8 25 43 7 43 32 20 17 40 9 21 5 42 25 16 29 48 27 26 47 9 48 31 32 18 47 8 16 6 3 29 14 17 12 6 0 17 24 3 12 46 42 35 7 
29 9 44 9 16 24 12 21 27 36 26 29 20 31 34 9 16 4 48 45 35 15 26 7 5 8 9 5 21 11 37 2 37 44 30 11 5 12 35 22 20 11 25 32 22 35 42 25 45 17 12 15 32 0 4 49 44 16 34 24 38 
44 4 38 45 40 30 4 12 32 39 44 7 1 42 29 17 29 7 26 4 11 12 45 22 9 14 46 42 15 35 10 4 7 8 39 28 1 34 47 40 37 2 36 49 40 42 31 1 7 27 34 18 32 8 0 10 49 40 31 6 17 
20 47 37 12 28 38 47 19 30 27 19 31 42 26 5 35 10 38 34 4 5 26 31 37 12 19 12 47 28 29 10 28 17 6 44 11 18 11 16 3 2 7 46 18 8 15 36 5 31 26 15 44 46 3 1 0 7 43 11 12 38 
8 47 37 11 9 21 39 47 27 20 23 20 6 16 14 26 15 22 37 17 34 6 44 6 17 10 41 16 15 17 28 24 49 13 14 43 44 1 43 48 6 5 31 13 14 36 21 31 32 7 6 18 10 6 22 13 0 3 14 35 31 
3 18 7 49 8 29 44 42 15 30 49 20 2 24 16 28 28 12 8 34 26 20 27 41 16 3 38 4 48 42 2 16 6 9 11 11 35 45 11 32 7 47 43 14 3 31 1 36 44 43 9 27 16 46 42 9 45 0 40 8 15 
1 24 13 12 44 45 17 11 24 21 37 25 29 34 17 7 46 33 4 39 21 20 7 6 39 20 49 45 5 36 39 6 12 9 28 22 48 31 23 34 17 3 46 26 36 7 9 32 35 5 19 45 4 14 16 2 24 46 0 14 6 
7 17 47 19 21 3 30 31 9 21 37 8 41 28 46 31 23 42 12 28 10 31 9 36 41 5 38 10 49 3 20 1 2 15 27 20 27 47 24 37 29 49 33 31 40 19 37 31 10 17 29 9 7 30 29 23 19 40 12 0 39 
16 13 31 25 7 12 16 48 42 32 4 37 11 9 16 37 35 32 23 25 37 2 5 19 4 7 25 35 45 16 44 47 21 48 27 2 37 44 27 4 44 10 33 44 14 43 2 48 12 7 49 33 13 33 46 43 2 36 44 40 0 
