n: 60
m: 10
Pi:U[1-99] 96 18 76 37 74 81 63 76 37 97 82 72 19 72 45 64 83 90 67 39 58 97 8 59 48 45 37 18 24 36 79 40 96 53 48 14 94 59 26 45 24 31 12 25 63 51 55 80 57 29 99 61 49 10 20 8 22 4 77 55 
Si:U[1-99]
0 41 43 50 80 18 46 36 9 27 4 55 23 34 61 33 35 59 30 10 51 82 40 40 64 79 57 16 69 93 80 61 20 93 19 30 62 23 73 8 71 76 83 89 18 16 55 47 16 72 64 33 42 85 88 26 91 96 75 14 35 
68 0 8 39 70 82 47 45 33 24 41 70 20 89 92 58 3 51 56 81 96 41 43 16 82 50 33 74 70 27 93 35 44 86 75 52 38 66 59 46 25 82 71 80 69 75 79 12 35 90 70 21 10 27 42 93 79 53 24 97 75 
74 86 0 66 63 24 32 65 14 31 44 98 42 57 62 22 95 21 69 55 17 23 99 63 92 60 2 12 80 55 40 51 52 45 68 47 76 65 67 20 15 11 41 10 12 24 93 2 94 21 52 72 94 12 37 10 67 82 89 66 62 
50 17 55 0 59 1 88 3 46 55 80 47 57 44 99 60 64 94 20 47 43 98 56 95 64 70 27 4 19 89 25 92 59 48 84 54 14 97 33 7 88 98 30 10 36 88 48 56 18 68 46 67 60 44 24 21 64 6 76 57 87 
73 98 97 55 0 18 56 80 17 18 69 71 31 57 87 49 21 41 68 43 64 54 86 94 3 21 71 90 39 54 40 20 65 71 28 96 84 77 78 89 94 4 43 18 81 36 32 40 6 42 32 97 8 22 75 42 27 95 76 72 75 
7 64 45 67 30 0 70 83 36 52 12 46 45 13 39 59 60 21 98 9 10 17 72 16 36 26 85 62 5 70 89 88 52 34 10 48 97 87 23 92 80 84 84 36 61 84 14 1 51 86 24 16 90 2 84 36 90 52 54 14 84 
84 30 6 30 82 46 0 36 56 50 21 15 21 57 97 72 34 80 57 18 84 7 66 44 73 28 76 51 74 45 63 22 42 18 21 69 85 41 63 23 35 79 69 92 23 81 24 83 90 4 1 47 20 80 91 24 69 7 56 65 12 
54 82 38 41 79 48 77 0 6 49 61 34 19 55 97 53 57 8 95 89 42 23 58 40 76 93 89 51 21 72 78 19 18 31 31 68 77 11 79 34 83 36 31 48 24 89 18 84 13 40 35 66 57 97 76 7 96 50 32 53 91 
22 78 73 79 51 12 76 66 0 38 40 5 81 6 91 81 64 97 81 72 95 23 97 14 35 10 98 58 72 4 90 56 6 20 4 9 61 15 46 30 79 14 9 56 58 17 80 98 26 30 59 22 55 89 76 13 83 18 22 92 22 
21 86 28 86 62 70 87 9 11 0 36 41 28 86 5 88 1 18 38 65 14 89 80 31 54 66 87 98 79 17 39 70 12 5 77 96 58 24 26 15 93 52 63 25 75 32 35 6 42 36 33 50 41 71 80 82 45 67 84 61 83 
38 7 70 44 50 57 21 52 10 14 0 27 88 67 29 37 21 87 30 87 9 33 75 17 40 13 23 21 8 69 4 68 32 76 79 99 56 16 77 73 82 93 57 25 74 45 86 34 58 58 7 77 39 44 4 47 67 41 7 17 11 
79 66 98 11 49 21 55 40 29 65 39 0 15 26 60 83 86 25 59 86 92 71 5 52 57 14 38 14 17 79 36 59 60 89 41 56 16 95 82 33 69 36 98 75 88 39 22 86 37 45 7 39 35 71 36 76 77 7 93 82 42 
2 84 52 74 25 57 22 96 95 79 61 75 0 23 49 98 91 43 29 94 45 71 91 97 10 5 37 2 74 33 27 73 60 82 42 17 96 10 22 76 3 46 33 54 6 78 10 4 16 55 82 11 54 31 36 85 32 84 66 79 81 
87 59 16 20 12 83 72 53 70 51 96 69 86 0 20 77 40 45 69 2 98 19 38 13 85 2 45 39 75 11 3 55 25 79 32 33 10 8 66 45 50 47 89 46 12 11 33 13 96 25 30 95 50 88 31 55 45 47 69 63 61 
85 98 85 22 45 78 84 82 21 2 9 40 94 68 0 31 29 2 25 9 13 80 63 49 62 99 79 77 65 41 57 76 49 61 47 44 36 36 48 32 83 20 18 40 4 90 65 88 84 19 36 72 32 65 64 22 73 27 36 63 28 
63 32 7 50 69 41 62 81 38 11 95 69 56 33 82 0 30 60 46 31 40 58 31 54 56 91 71 25 7 63 2 95 62 9 57 33 29 42 29 7 68 35 2 52 82 85 98 33 23 35 40 9 84 65 33 44 1 29 49 28 67 
9 77 98 49 57 93 53 40 66 21 16 34 94 3 68 87 0 32 25 9 18 46 96 30 74 45 47 67 99 10 12 60 9 63 88 7 77 91 28 83 23 39 10 67 16 35 10 64 50 7 59 68 13 95 91 52 25 76 48 56 13 
5 69 74 57 28 61 92 18 46 24 34 52 49 28 64 96 45 0 61 36 87 94 99 87 11 66 53 20 62 28 32 32 77 85 26 35 86 89 21 36 12 82 15 90 10 32 27 54 2 51 49 65 81 17 48 82 80 56 5 5 19 
96 55 18 58 96 99 41 9 18 42 9 64 6 91 61 21 74 10 0 11 1 33 89 30 24 92 51 74 61 84 50 31 45 98 96 1 65 27 4 83 35 93 39 71 14 35 83 16 40 15 3 63 67 15 69 54 73 33 40 19 45 
83 30 64 38 33 44 19 18 41 9 47 20 51 13 51 87 71 75 67 0 31 75 55 50 66 70 97 86 14 27 20 56 54 6 17 97 17 45 51 21 90 31 36 90 98 65 67 7 60 83 46 13 86 50 70 86 7 99 50 86 77 
33 5 55 98 79 62 66 43 95 84 63 51 87 46 89 24 3 86 1 69 0 35 40 45 3 60 43 68 26 55 48 9 83 89 70 60 62 30 99 35 25 12 41 21 80 37 64 35 16 32 2 54 50 4 60 38 87 85 66 42 54 
75 60 41 73 39 33 19 37 75 97 69 72 50 74 99 71 34 49 78 49 17 0 43 66 3 51 96 52 52 60 47 47 69 62 27 23 81 21 98 72 59 57 46 65 10 81 53 20 18 72 76 56 10 41 23 81 67 31 20 98 93 
68 67 4 73 94 23 81 61 60 13 27 31 41 6 80 97 61 66 45 29 25 29 0 61 13 44 23 29 11 84 74 64 16 30 21 85 16 16 23 64 44 88 7 83 13 81 15 88 32 95 15 18 76 50 50 85 67 98 84 1 48 
98 96 76 25 10 93 81 87 42 87 80 79 12 93 98 23 93 37 95 4 70 15 37 0 96 76 44 84 36 69 39 16 50 9 42 62 54 64 98 79 39 93 37 28 41 59 20 73 27 78 41 87 12 61 39 10 81 34 88 95 46 
47 2 92 98 23 67 4 3 82 7 67 12 27 14 26 76 91 15 76 84 36 91 40 85 0 61 63 86 21 91 59 92 41 10 16 67 87 53 9 35 36 50 93 51 22 42 47 1 75 98 87 72 97 20 8 39 92 61 91 94 81 
33 96 22 72 78 70 40 42 27 28 6 64 25 70 20 58 26 82 96 87 42 21 37 22 22 0 38 74 60 14 8 56 59 6 9 33 79 78 63 80 12 49 34 22 43 59 4 67 52 5 36 25 38 63 43 78 61 97 27 66 71 
50 96 69 83 56 42 25 79 68 41 84 65 82 49 91 18 19 85 8 40 92 23 82 14 11 18 0 31 5 33 86 22 35 73 55 56 41 26 67 37 72 24 54 89 27 55 23 24 45 76 11 30 56 51 32 27 33 78 53 83 39 
73 30 29 6 89 40 98 76 30 23 80 32 44 31 20 92 99 39 84 33 60 99 38 37 61 5 98 0 89 17 16 21 58 9 99 25 33 31 37 17 65 68 51 17 78 54 1 30 47 57 28 96 22 95 51 14 79 98 26 6 91 
23 9 54 78 35 71 89 94 10 43 36 6 97 70 87 71 59 70 44 10 69 15 91 34 77 55 49 85 0 27 89 24 27 80 86 81 74 6 54 20 33 85 90 77 91 32 30 74 4 67 64 30 39 54 68 71 61 82 28 39 93 
39 95 97 64 88 65 88 73 66 37 72 77 52 50 38 80 91 73 85 24 99 24 59 13 58 82 64 24 15 0 34 91 95 64 64 9 7 94 91 22 80 55 79 81 25 74 87 85 35 62 47 73 53 50 39 5 91 23 19 86 99 
85 52 94 68 35 86 30 22 32 64 21 23 66 44 83 56 82 76 66 16 76 78 78 72 65 16 96 68 67 57 0 77 7 19 76 48 62 36 92 6 57 98 55 68 77 26 43 64 95 51 18 32 61 94 99 6 78 53 30 29 2 
80 72 67 23 70 13 93 92 38 93 83 75 47 76 67 88 44 7 31 28 69 1 10 43 12 87 2 61 37 43 38 0 94 48 41 32 90 84 46 65 16 83 76 58 80 87 9 26 39 45 35 12 62 42 52 9 12 85 25 51 65 
89 98 68 6 66 32 97 38 90 45 10 7 87 47 34 8 19 35 30 19 90 41 89 88 59 25 73 22 66 71 12 16 0 94 69 98 67 73 60 22 17 71 2 64 93 81 28 94 13 45 63 47 21 22 9 29 80 88 61 68 38 
46 75 84 82 8 32 35 6 52 91 69 95 27 45 39 31 96 89 93 63 99 23 59 22 60 69 97 54 14 72 28 50 32 0 30 40 24 91 72 84 91 38 95 83 61 34 59 47 85 3 25 55 76 19 29 49 94 40 84 59 41 
68 74 39 96 31 21 80 70 85 71 3 11 39 19 37 25 28 95 38 49 46 38 54 75 8 71 47 29 48 86 53 10 38 5 0 48 90 35 52 77 67 4 82 58 46 42 4 80 66 43 46 48 54 38 78 15 65 41 11 78 54 
3 86 29 19 82 39 35 6 86 86 7 58 80 24 28 1 93 60 35 95 34 67 58 46 88 30 37 52 35 87 40 45 76 48 68 0 18 44 13 56 3 25 9 8 27 85 89 25 99 19 43 61 38 88 68 21 88 19 4 55 98 
83 98 64 42 7 87 75 77 31 84 55 68 6 39 73 33 77 60 74 13 25 22 81 22 13 74 79 39 88 35 66 88 66 36 97 38 0 56 72 93 72 9 23 85 40 61 11 86 72 18 14 81 26 91 71 41 21 5 72 96 87 
50 40 79 64 58 29 96 71 6 70 25 47 37 84 69 55 69 24 37 57 7 23 28 5 86 57 57 11 50 8 27 18 37 67 77 87 51 0 35 74 4 35 96 97 9 84 37 45 66 17 74 50 29 72 57 13 16 49 23 73 1 
75 62 33 33 26 46 21 53 14 72 33 25 1 16 92 34 91 45 25 4 88 52 61 74 19 8 91 82 96 21 93 1 68 55 4 96 48 29 0 44 24 80 39 24 7 66 53 25 97 66 55 45 65 27 79 38 86 53 17 44 51 
2 4 72 23 94 97 34 1 83 49 6 24 99 63 84 89 37 91 92 60 77 1 6 21 36 10 81 1 78 94 20 90 29 80 37 81 40 98 55 0 48 13 17 96 24 92 46 65 17 73 15 34 69 16 77 40 12 82 47 87 19 
14 79 6 33 27 64 96 89 16 55 73 7 70 52 44 44 8 6 17 86 82 50 51 86 9 48 96 96 40 53 59 12 75 47 15 29 47 63 61 70 0 58 26 9 71 83 71 49 93 88 7 2 63 20 85 79 79 65 83 81 23 
48 79 28 70 68 87 5 2 98 97 25 54 85 51 75 6 82 93 70 96 74 68 36 47 30 25 96 84 95 80 62 29 44 20 66 26 80 91 54 27 17 0 6 3 73 91 54 61 33 32 1 29 33 3 94 84 8 84 12 4 14 
16 69 17 42 70 59 98 19 98 81 44 60 35 30 58 45 10 60 87 90 2 8 28 46 41 38 66 14 68 47 95 10 9 33 12 76 79 7 73 1 3 34 0 9 77 55 71 24 4 22 44 49 90 40 94 29 28 66 6 88 72 
96 74 32 20 71 40 3 54 61 99 81 50 56 80 33 67 71 61 36 53 29 52 29 97 73 66 36 30 81 91 54 35 75 74 20 67 71 32 60 91 4 72 3 0 81 2 27 42 67 88 47 2 88 53 92 82 23 70 89 17 24 
23 98 5 50 21 69 69 62 71 12 46 40 83 15 28 53 93 96 31 54 59 68 28 69 10 22 45 82 66 57 85 43 86 59 64 47 40 28 42 66 50 27 60 2 0 80 84 96 65 31 98 37 72 30 9 64 65 57 44 27 68 
40 25 47 57 15 63 77 39 1 88 80 21 7 14 4 81 99 54 54 74 10 43 88 94 1 41 74 42 73 5 36 63 47 38 78 40 58 79 17 87 78 77 25 82 55 0 53 70 93 18 57 66 1 89 55 31 78 21 64 59 38 
33 77 37 72 51 49 82 41 54 8 13 58 57 57 61 98 48 47 1 86 50 38 37 90 90 5 74 17 81 32 57 45 82 90 30 45 12 50 21 22 13 92 61 26 26 49 0 27 67 73 56 87 84 80 76 59 3 39 4 17 37 
8 69 14 31 30 38 56 8 68 97 53 22 19 22 96 90 37 11 63 84 75 61 36 94 34 76 22 18 56 79 79 3 11 52 61 5 13 76 99 73 63 42 73 47 71 98 89 0 62 26 63 41 22 91 50 33 65 48 13 54 93 
90 55 69 91 56 13 85 15 28 76 6 58 94 99 56 3 64 2 99 24 50 7 34 56 99 20 44 95 81 64 50 4 23 82 10 88 58 31 62 10 54 99 39 55 21 27 36 26 0 70 78 7 90 17 38 41 48 69 41 60 91 
41 1 41 75 94 35 65 24 50 68 69 42 50 96 6 8 90 67 54 26 64 50 21 38 12 78 57 4 39 19 1 97 92 76 40 31 54 72 88 36 58 41 78 79 53 22 41 1 88 0 41 44 33 99 40 91 92 54 67 74 68 
71 11 43 26 21 37 99 2 30 41 97 62 48 77 15 87 72 71 96 32 97 11 97 18 62 80 88 96 60 88 51 95 95 65 76 12 90 54 40 36 19 13 27 67 92 90 60 75 2 10 0 15 31 84 10 40 36 19 80 53 90 
85 78 98 66 47 48 79 39 39 20 78 49 96 37 57 71 10 75 87 25 93 76 55 6 44 72 62 31 75 60 32 23 46 21 46 89 25 15 72 90 6 86 65 23 64 96 61 70 47 79 93 0 56 98 30 25 84 6 76 29 10 
46 5 60 20 14 17 97 49 92 28 37 33 76 85 72 94 90 83 57 93 74 66 93 65 53 73 17 85 58 90 42 45 39 17 36 70 44 14 33 32 25 76 89 79 97 96 20 89 98 41 88 13 0 39 10 7 68 29 11 83 33 
19 5 69 37 8 53 34 38 68 37 36 58 8 55 14 58 37 56 22 32 4 98 64 73 59 4 27 5 24 99 45 44 75 25 18 88 32 90 73 53 77 32 23 88 18 21 32 47 7 84 98 76 10 0 52 15 48 54 73 33 39 
82 49 34 32 21 37 33 8 56 51 60 48 75 51 9 25 76 29 4 43 86 42 86 37 57 84 41 5 35 12 9 40 78 87 15 15 8 79 33 90 35 90 4 8 41 28 92 71 51 79 26 3 68 67 0 38 69 85 83 41 29 
16 57 67 50 25 58 99 79 88 50 96 17 94 99 66 55 28 18 66 7 92 22 8 6 29 32 13 21 5 95 70 5 2 42 40 90 72 11 64 44 81 51 65 58 64 40 96 32 30 12 69 26 95 80 21 0 6 3 18 77 88 
57 13 86 75 64 45 90 88 26 82 6 47 47 85 76 34 79 67 41 27 1 95 93 25 48 10 77 62 27 2 52 50 30 84 2 99 83 18 37 18 95 73 7 58 34 67 29 6 82 35 81 53 25 82 20 69 0 77 73 95 39 
84 90 95 34 11 13 5 29 30 68 23 16 28 19 93 88 69 55 48 27 99 23 29 77 94 82 54 31 85 23 40 15 14 84 75 92 80 26 90 15 36 29 55 33 41 30 68 54 2 71 6 49 54 47 33 89 43 0 58 60 76 
97 5 40 31 21 82 28 65 42 45 72 96 2 34 67 39 94 27 18 93 48 58 43 41 65 80 94 25 23 72 94 87 31 28 85 93 43 57 92 87 28 4 22 48 10 62 94 91 75 83 47 38 57 83 53 30 79 82 0 16 12 
54 78 70 40 9 46 75 56 86 7 69 36 60 48 72 99 36 62 6 40 17 15 47 99 42 43 7 53 80 28 62 37 43 53 89 88 28 72 14 5 11 66 34 52 63 66 94 21 73 36 99 74 19 51 83 88 57 57 25 0 23 
15 22 51 71 94 14 97 18 98 75 3 93 70 95 29 30 79 30 89 5 87 87 11 22 86 82 32 12 82 48 58 44 49 59 96 37 25 8 69 24 96 62 11 33 31 3 4 97 48 96 49 19 11 38 31 62 37 71 59 32 0 
