n: 60
m: 4
Pi:U[1-99] 17 81 65 6 33 47 6 37 94 53 83 24 36 34 79 28 10 12 77 75 7 4 25 55 35 23 48 12 89 44 35 46 42 94 78 69 67 74 76 67 34 31 57 99 11 15 38 13 93 72 86 29 82 47 7 33 32 27 89 11 
Si:U[1-99]
0 50 50 30 8 22 35 8 12 65 7 99 99 99 37 99 6 99 70 6 99 99 99 22 82 34 72 99 99 99 99 40 99 99 3 99 99 76 39 99 99 99 94 21 99 99 28 6 82 99 13 99 55 13 91 99 25 99 43 99 99 
54 0 37 22 38 63 24 5 1 50 99 58 57 99 82 99 99 33 28 93 3 9 79 45 13 66 99 70 99 64 18 99 25 46 6 87 30 99 34 57 99 99 25 60 99 99 21 99 99 99 99 99 81 7 79 70 87 12 99 37 10 
8 60 0 8 52 30 58 50 26 1 12 76 99 27 75 99 33 72 96 72 31 24 34 27 99 57 99 78 45 99 87 58 70 99 99 52 13 46 72 99 88 55 73 84 99 99 90 45 60 61 51 19 99 54 4 93 3 99 99 46 25 
40 50 16 0 38 2 28 8 28 11 36 28 36 27 39 99 6 36 27 99 43 76 99 99 25 37 63 24 51 36 4 99 70 73 9 99 67 64 99 45 99 10 72 99 99 99 96 99 67 31 10 99 85 94 51 99 48 51 51 99 88 
27 18 46 52 0 19 34 32 53 56 34 99 54 73 27 6 76 99 4 33 16 81 99 99 99 99 9 49 81 13 13 63 49 94 91 99 87 99 45 78 99 99 84 99 25 69 90 66 73 36 99 99 70 99 85 13 58 45 54 72 99 
16 50 65 52 57 0 13 4 34 10 73 99 10 42 99 99 99 6 15 99 99 99 78 99 10 99 99 69 99 24 66 21 99 97 69 99 99 88 28 16 82 99 46 43 99 99 21 1 90 3 84 78 99 45 25 6 96 75 45 9 33 
51 20 8 3 54 8 0 57 9 63 99 48 46 99 99 99 87 99 48 60 34 61 66 24 90 99 78 99 96 33 99 13 15 73 48 79 49 93 70 99 15 37 15 99 99 99 78 85 6 75 60 90 78 90 99 76 99 31 67 99 99 
0 56 26 6 54 9 26 0 20 16 19 21 93 46 91 40 97 54 85 99 78 6 99 85 81 49 99 99 25 99 18 16 37 58 99 99 99 55 51 48 99 99 99 96 27 99 49 99 15 52 99 4 25 7 76 87 88 3 28 99 36 
58 22 6 37 18 29 4 41 0 60 99 1 45 78 63 3 21 99 85 52 99 76 81 99 93 99 63 64 99 91 48 63 85 99 78 99 34 99 66 99 43 34 9 99 30 64 66 85 55 31 55 21 45 94 67 12 99 60 99 99 69 
3 56 3 56 30 8 56 11 14 0 61 64 99 4 84 99 30 46 40 81 91 4 1 99 31 55 16 40 79 99 99 9 99 99 49 66 9 99 25 99 42 99 99 49 79 99 99 16 64 99 45 9 84 46 99 33 99 63 12 12 22 
99 99 99 94 13 33 16 61 99 99 0 55 6 61 62 13 58 30 55 63 99 99 94 10 69 99 99 24 34 99 4 27 99 34 99 9 99 48 96 54 33 7 9 33 90 99 12 99 12 10 99 28 54 90 99 24 75 64 21 39 99 
99 93 63 99 4 99 42 69 9 99 17 0 63 38 33 54 62 1 7 3 67 78 30 25 48 87 43 46 64 99 93 28 12 99 99 55 79 81 58 96 48 70 99 94 99 72 99 30 81 57 99 15 99 54 88 69 24 99 28 46 99 
28 24 94 28 45 15 97 66 99 43 61 63 0 30 8 65 60 46 27 43 33 93 31 19 24 36 57 22 81 99 58 84 99 79 78 28 99 46 19 67 79 99 79 99 46 60 93 13 82 99 99 76 64 30 78 67 85 99 48 99 99 
99 99 40 36 45 91 49 48 87 60 58 29 0 0 7 12 42 52 62 47 99 75 7 99 99 99 69 79 79 46 49 19 25 36 64 99 99 99 37 72 61 18 99 1 54 70 64 19 70 64 75 21 49 58 31 48 87 99 25 99 99 
1 84 99 63 16 81 99 30 85 6 44 11 14 64 0 16 36 64 1 36 91 99 84 99 99 99 79 91 99 27 99 30 30 99 9 99 49 82 45 99 42 91 61 76 94 99 58 99 69 99 57 33 36 99 58 99 49 52 30 96 40 
99 49 93 54 75 67 81 4 99 87 16 65 3 36 29 0 66 18 34 35 85 61 19 99 97 42 99 40 58 82 97 85 70 99 64 99 99 4 90 60 99 99 85 99 99 97 1 99 93 15 60 57 55 99 76 94 99 99 39 15 99 
99 99 99 99 30 87 79 88 99 3 14 52 49 35 4 19 0 25 59 7 84 94 75 69 99 99 9 18 10 21 10 31 19 99 63 45 61 99 10 84 96 12 34 51 97 99 25 99 90 99 99 99 78 99 36 66 63 99 16 84 19 
90 18 15 45 61 75 54 99 39 99 64 46 10 0 46 2 47 0 46 53 99 58 99 69 66 19 99 85 7 78 64 73 78 3 73 78 37 99 42 99 34 99 37 75 78 4 40 88 52 31 79 6 99 54 99 99 36 48 60 99 88 
81 7 93 99 34 99 27 72 99 55 63 33 63 28 18 53 52 25 0 26 70 45 67 18 99 90 99 91 39 61 99 99 99 69 37 16 97 91 93 99 99 27 63 99 99 79 24 99 63 15 99 99 88 99 99 21 99 99 28 99 57 
99 34 99 96 85 13 87 40 75 99 15 25 33 26 45 42 51 59 16 0 99 43 99 94 64 96 36 22 33 99 99 82 99 34 67 1 99 15 13 99 99 69 99 21 1 16 61 45 99 61 70 37 55 99 46 67 21 18 99 67 3 
61 99 60 99 85 72 99 99 36 34 40 12 99 1 64 28 36 88 28 31 0 63 46 34 14 34 5 42 32 19 90 15 69 49 3 63 34 78 99 99 43 19 99 99 1 6 55 42 99 45 91 9 99 99 57 88 99 99 99 64 25 
99 99 1 73 76 81 37 25 36 61 57 99 57 78 12 94 99 99 64 36 41 0 14 55 40 51 25 46 34 62 30 99 43 43 82 99 99 46 19 99 99 18 7 51 15 99 7 97 99 4 99 15 82 99 99 42 3 9 33 79 99 
15 34 99 82 64 99 40 85 93 46 99 99 99 25 97 7 66 55 60 99 26 51 0 1 56 29 31 24 35 14 46 99 99 73 4 15 99 99 66 99 99 13 99 51 40 99 99 30 97 99 10 66 99 85 10 90 15 99 99 76 4 
58 99 99 64 87 99 6 9 60 99 3 99 73 39 57 99 30 79 4 99 5 46 45 0 49 28 0 10 14 32 99 82 64 99 66 34 75 99 99 67 99 39 64 78 31 99 52 99 60 79 12 99 78 69 88 96 60 10 99 43 99 
81 49 66 33 27 99 99 99 63 54 79 88 99 99 48 88 48 30 75 63 36 23 58 64 0 14 62 64 51 7 18 94 36 24 99 37 99 99 94 48 99 66 87 88 37 99 99 99 15 18 76 99 49 61 99 99 99 88 16 94 58 
60 51 36 76 30 99 99 52 97 60 30 3 99 99 99 99 99 3 34 91 6 10 0 36 8 0 25 51 28 66 25 99 97 12 75 21 34 37 46 34 51 99 75 24 99 99 36 55 99 33 99 99 57 61 48 99 99 45 49 99 97 
99 99 99 99 90 99 69 99 64 19 99 94 99 51 99 99 1 99 16 25 64 0 22 2 28 12 0 15 47 33 96 3 88 97 99 97 60 34 69 99 99 88 51 52 99 37 99 63 85 57 66 99 99 3 99 78 99 49 31 90 99 
6 19 66 24 51 6 39 18 57 99 97 9 99 25 81 31 99 99 18 99 43 20 27 2 66 38 49 0 23 39 52 33 99 99 70 27 52 99 99 99 45 13 40 39 31 34 69 96 96 22 99 99 76 99 99 99 99 51 99 99 75 
24 85 6 52 12 9 34 21 99 81 99 18 99 28 3 40 81 99 46 67 30 50 36 31 27 30 1 45 0 42 97 87 48 99 73 12 40 87 31 25 70 99 99 90 42 84 15 30 40 99 99 91 99 99 51 1 49 25 7 60 63 
99 7 99 36 9 19 99 99 61 7 76 18 99 1 99 99 28 49 39 70 48 32 24 14 49 51 26 44 40 0 82 91 49 54 28 99 72 99 61 99 24 27 87 99 18 69 99 99 72 42 10 99 15 99 6 52 88 99 64 99 88 
75 72 81 54 49 43 40 75 82 99 16 99 99 99 45 15 99 31 13 99 90 99 87 52 4 85 28 90 64 82 0 0 57 44 48 51 28 4 5 63 13 15 25 90 36 99 82 21 99 69 21 99 99 99 94 25 22 99 24 31 99 
87 25 96 99 27 99 21 99 99 99 31 45 99 84 63 39 99 99 99 72 99 61 28 7 99 99 99 54 99 99 52 0 26 33 30 8 47 16 10 50 99 39 99 6 49 99 22 42 48 28 99 99 3 81 99 42 34 99 22 57 12 
88 99 40 96 37 99 99 54 54 84 97 37 75 99 93 99 91 99 54 48 79 66 40 25 79 34 99 10 99 99 2 38 0 30 24 33 42 3 14 32 75 94 45 49 48 99 99 99 97 4 69 78 57 49 15 45 10 27 99 99 19 
64 9 90 99 99 94 99 9 1 99 99 16 91 99 10 76 82 84 99 99 70 99 18 99 18 73 10 18 82 67 37 48 61 0 25 66 2 58 41 2 43 99 99 15 79 99 88 99 27 99 99 88 99 12 48 99 99 99 99 99 99 
16 99 54 87 90 48 73 99 66 52 25 28 99 99 49 9 27 99 82 36 99 7 3 99 54 13 25 6 99 31 36 13 16 30 0 18 24 38 6 64 99 49 99 28 12 61 75 99 99 66 46 99 72 10 69 99 85 18 99 79 82 
51 99 43 3 84 99 99 97 97 99 64 67 27 99 99 94 91 39 91 99 99 99 40 58 99 97 64 57 36 88 20 10 43 54 64 0 16 2 53 35 42 45 30 18 19 79 99 99 49 24 99 21 99 93 31 96 60 7 73 48 93 
99 99 15 99 12 70 99 46 39 7 99 72 99 99 12 36 91 99 9 99 21 76 99 99 34 72 99 99 66 99 33 60 58 56 29 31 0 32 51 34 81 12 79 90 99 99 6 94 99 73 99 45 93 99 99 91 15 99 64 72 99 
78 1 99 94 15 81 99 88 3 66 6 4 87 78 1 63 99 9 19 57 39 87 15 37 99 4 99 91 16 99 54 60 34 50 30 62 22 0 20 65 99 24 99 73 75 43 7 99 99 97 85 73 81 99 85 99 99 99 37 99 12 
40 15 99 99 34 54 99 99 99 99 99 73 99 34 22 99 99 99 78 73 99 97 99 99 99 99 99 81 25 99 20 40 11 38 30 44 39 12 0 18 66 99 58 99 45 93 22 99 37 91 78 99 81 25 99 99 99 99 46 93 42 
82 63 6 72 19 36 37 31 54 58 73 88 99 60 97 87 18 87 99 87 24 99 37 22 97 85 37 13 10 99 53 50 19 44 28 2 31 18 48 0 58 6 99 99 99 99 18 67 99 70 99 61 72 1 19 99 49 6 13 85 81 
24 99 46 69 55 49 99 99 99 67 19 99 99 4 58 99 99 82 27 18 99 27 24 79 1 66 54 99 99 70 82 99 75 99 12 43 99 40 43 99 0 24 27 24 60 41 9 30 52 41 99 6 99 73 64 22 99 15 63 99 99 
84 54 99 76 30 99 16 19 64 72 99 99 79 66 16 99 99 99 99 33 9 99 24 99 45 99 99 76 27 6 46 40 58 61 45 61 64 99 88 99 64 0 62 3 10 4 9 30 35 48 99 45 99 1 72 99 64 84 15 99 34 
69 88 42 99 99 34 75 54 19 63 57 99 51 99 99 94 99 9 64 99 19 99 99 90 57 79 78 37 4 99 99 64 99 96 82 99 99 46 99 94 25 23 0 22 56 61 49 39 46 12 58 82 39 99 73 4 21 36 45 3 90 
4 99 37 76 99 57 99 49 69 39 99 99 99 78 46 99 22 52 99 99 36 99 99 99 31 36 99 99 99 46 99 60 63 99 7 99 99 36 99 16 39 42 65 0 56 52 9 40 61 21 87 97 52 72 99 81 99 99 18 88 37 
73 99 99 79 99 10 63 96 45 99 99 99 99 99 21 99 99 78 99 76 36 37 39 39 99 84 99 99 99 87 99 34 97 25 82 70 22 64 99 99 35 46 34 64 0 27 64 18 47 41 39 99 99 99 94 18 52 67 52 67 99 
99 70 99 99 36 45 93 13 99 25 21 45 79 99 97 54 60 31 3 3 42 99 28 54 60 16 28 91 46 99 91 69 99 99 85 99 37 82 22 48 12 23 12 50 41 0 50 25 32 58 82 36 99 57 33 99 87 99 19 12 99 
97 24 43 99 99 69 99 99 52 10 66 99 99 99 51 99 70 73 99 99 99 99 19 49 99 10 63 63 99 54 34 72 24 16 63 37 84 99 51 88 22 28 60 32 40 34 0 30 16 17 99 99 99 99 39 97 58 99 6 99 55 
6 96 93 9 18 40 99 9 45 99 60 99 39 99 99 99 99 19 99 64 54 25 99 99 46 46 42 99 99 99 55 99 40 4 12 24 75 97 52 40 60 41 60 10 7 25 43 0 32 11 72 99 52 34 54 99 40 99 46 73 73 
28 58 48 75 22 18 96 85 99 57 48 99 40 99 99 90 94 99 99 72 99 99 31 99 87 48 76 82 78 99 58 99 99 60 72 13 40 25 51 42 40 47 12 64 28 28 6 1 0 16 99 73 90 16 25 15 69 18 31 99 22 
25 25 70 28 19 99 72 99 99 9 46 99 99 87 85 39 87 12 99 73 99 99 99 75 22 93 99 99 99 42 99 99 30 49 93 99 82 73 27 99 59 18 38 43 5 28 10 60 21 0 99 61 42 61 99 99 1 16 13 22 99 
16 99 99 55 99 91 10 10 24 67 99 85 99 34 4 55 82 99 46 10 99 79 21 99 22 33 22 99 99 60 51 99 99 99 18 57 99 99 99 27 9 99 70 16 13 99 57 25 21 36 0 45 42 56 51 0 5 23 2 16 55 
3 18 99 96 99 43 99 99 99 57 58 33 22 1 99 81 99 99 4 69 55 69 99 19 99 94 39 37 99 99 54 22 99 97 99 99 99 99 63 99 9 99 78 27 57 85 72 51 99 99 61 0 39 22 29 18 10 24 4 30 99 
6 99 42 19 58 96 99 93 24 88 99 99 9 99 6 99 69 99 75 99 15 99 99 99 34 99 99 99 25 99 63 49 99 13 88 42 21 72 99 99 99 33 82 1 63 99 93 99 99 99 48 20 0 52 48 56 53 0 29 55 24 
79 28 87 84 46 31 93 54 99 75 28 93 99 70 36 67 91 99 13 99 93 1 94 66 79 37 99 55 99 15 94 18 90 97 4 99 99 99 64 99 60 99 99 99 48 99 99 99 7 49 53 44 4 0 39 28 2 0 16 46 99 
99 99 54 78 24 90 99 99 99 37 99 99 99 99 9 69 99 64 24 99 99 64 4 36 12 99 52 99 99 99 84 37 49 99 21 75 69 25 42 99 99 99 60 99 63 66 99 36 91 48 64 38 60 25 0 28 52 31 20 24 16 
99 99 37 99 99 36 99 93 99 88 18 99 99 7 42 3 84 99 31 96 37 9 78 61 99 13 99 87 99 63 13 42 13 96 58 16 12 4 99 70 37 69 76 99 99 99 72 99 22 58 47 40 52 16 30 0 60 14 4 10 43 
54 99 99 12 99 67 6 93 16 99 58 48 82 99 72 18 91 52 54 63 99 99 34 99 42 13 13 60 31 84 63 27 39 28 46 99 61 31 99 93 69 58 31 18 33 81 52 27 94 99 66 46 16 60 45 47 0 10 36 50 9 
99 69 88 39 7 99 99 81 12 60 99 52 13 16 21 45 24 99 51 99 28 63 99 79 1 10 13 28 12 99 78 49 12 13 3 99 99 72 99 99 99 16 99 94 19 99 57 67 79 61 18 17 64 52 42 26 64 0 52 48 18 
78 48 10 67 34 48 99 94 46 99 73 1 99 64 55 99 99 6 72 78 99 99 99 72 99 99 60 99 12 37 75 10 51 69 49 37 99 99 15 87 93 91 99 72 99 30 99 99 79 34 14 44 24 42 5 6 2 27 0 52 10 
64 99 85 99 99 96 28 49 18 93 99 70 52 33 93 99 99 99 99 15 58 99 60 43 99 70 39 21 3 75 99 99 99 90 99 7 90 34 60 28 49 28 84 76 99 99 63 25 78 99 66 45 58 28 16 12 60 55 28 0 99 
51 22 28 99 48 7 94 12 94 94 99 99 99 30 25 81 99 72 3 42 99 99 99 12 99 13 18 19 42 31 40 27 45 42 6 99 91 90 99 21 9 25 84 99 25 99 94 69 99 63 78 85 57 99 99 25 31 99 93 97 0 
