n: 70
m: 4
Pi:U[1-99] 95 66 53 7 17 93 56 95 49 38 94 33 82 96 28 93 43 58 22 49 49 6 17 29 81 59 78 33 85 34 37 22 35 73 81 71 42 74 63 42 54 79 40 78 72 53 44 61 31 67 93 82 36 50 76 65 26 51 60 12 75 70 76 13 91 68 52 31 57 38 
Si:U[50-99]
0 56 99 96 83 51 79 85 52 62 73 70 67 78 62 57 70 93 71 53 75 98 96 98 87 73 96 57 89 85 68 86 71 62 84 93 91 51 69 75 86 74 95 97 74 90 69 82 79 84 60 87 52 53 76 69 59 69 98 97 52 70 61 68 94 86 92 63 76 91 56 
60 0 59 80 84 52 58 73 94 75 56 92 92 65 59 85 59 53 88 80 85 91 87 82 87 58 61 71 70 61 72 73 58 73 90 51 80 89 89 96 73 63 50 79 57 92 90 97 56 93 74 87 97 66 84 98 67 72 72 83 83 86 74 93 81 56 64 86 51 97 64 
69 64 0 52 50 51 68 59 78 75 61 58 65 79 67 88 65 65 92 56 67 65 64 60 79 70 50 74 55 77 73 51 52 97 74 70 87 69 93 65 56 64 64 75 77 75 91 98 72 87 62 64 67 50 69 88 58 73 69 67 62 89 55 83 91 99 94 87 57 81 70 
56 91 91 0 72 92 97 69 69 72 89 77 75 85 82 96 80 74 54 86 67 68 59 97 68 68 80 76 97 70 62 50 56 51 95 97 73 68 95 74 82 73 93 95 54 98 85 64 78 54 90 81 59 74 65 98 73 66 88 58 78 72 65 79 58 60 78 71 87 94 85 
69 64 68 58 0 98 75 80 99 57 66 54 57 70 80 54 57 59 54 77 57 54 54 91 97 52 73 63 62 95 83 60 76 90 85 58 93 71 60 80 72 90 71 70 61 69 95 94 93 76 87 71 60 81 75 98 94 81 92 92 59 56 76 97 97 94 67 84 85 69 87 
63 56 69 69 88 0 80 89 75 85 74 77 65 56 50 78 78 89 89 78 64 61 92 56 56 80 80 80 73 77 97 93 87 58 98 89 50 89 93 60 66 54 86 71 67 71 67 78 75 94 99 54 62 52 63 77 90 60 88 99 90 99 85 84 53 96 56 84 76 89 80 
76 83 59 79 67 69 0 73 63 87 52 95 61 62 79 70 62 63 98 61 70 74 92 80 97 55 57 85 77 67 90 61 82 83 78 95 73 72 54 61 55 70 95 56 74 75 75 74 99 90 96 73 54 58 92 77 58 60 62 72 51 90 52 98 86 78 89 79 51 87 88 
71 77 99 71 72 86 59 0 70 60 90 63 75 56 57 68 54 95 97 54 55 57 89 66 65 98 73 68 58 86 52 82 82 87 97 85 76 79 90 74 54 91 53 73 74 56 74 80 77 58 68 70 59 59 94 75 54 65 90 71 80 50 92 87 75 87 63 65 60 77 64 
62 73 99 81 63 53 52 56 0 58 56 76 87 89 61 67 70 72 66 52 86 94 72 54 58 95 61 56 76 78 59 60 88 79 89 75 57 83 72 66 69 59 66 67 88 55 71 54 87 58 95 63 61 59 68 55 58 58 70 76 75 68 82 94 58 53 58 74 56 57 82 
88 81 52 58 82 97 76 62 62 0 94 95 97 71 79 74 50 53 50 67 63 54 58 62 62 79 70 70 61 58 76 80 61 62 89 80 80 90 93 59 55 52 68 63 57 93 67 86 61 62 74 76 88 92 73 98 64 53 86 59 69 54 65 78 98 59 99 98 73 76 70 
54 53 74 85 67 76 73 85 97 89 0 91 67 97 76 75 89 52 96 92 68 80 71 56 77 85 58 58 98 65 75 72 60 70 61 79 72 50 91 76 58 80 53 94 62 78 66 83 72 73 95 73 69 97 97 64 89 69 56 95 91 79 66 82 80 83 80 62 56 79 57 
65 97 50 65 58 89 66 61 90 55 50 0 82 87 59 84 77 73 92 86 54 64 99 56 97 85 97 88 73 56 86 89 78 56 92 81 90 66 95 75 93 91 87 51 66 63 50 60 98 77 92 82 50 62 86 81 62 95 81 92 98 82 86 54 90 97 65 89 95 90 93 
98 64 75 50 82 54 95 53 75 72 97 93 0 58 56 93 82 83 66 54 83 76 62 52 62 71 73 78 73 72 58 53 82 60 77 78 50 97 97 75 70 84 89 82 71 68 95 57 73 59 66 91 64 73 72 98 78 84 70 56 81 70 61 91 57 84 88 50 51 75 83 
94 60 68 79 92 98 65 60 63 75 74 88 81 0 74 66 69 54 62 75 61 92 77 81 58 81 99 78 64 90 58 82 60 78 57 62 85 61 97 83 80 71 68 64 61 79 78 58 62 76 65 50 68 82 81 99 98 56 59 83 69 67 53 74 75 95 51 54 89 74 58 
86 53 96 57 59 87 75 90 82 66 64 78 93 52 0 50 52 78 63 63 88 86 67 58 71 68 80 51 67 90 88 89 91 61 83 72 60 50 94 82 94 60 86 66 72 86 86 76 95 87 66 62 94 57 90 74 91 95 52 92 73 96 79 67 98 54 90 82 84 61 99 
84 88 91 77 62 93 96 62 50 73 63 87 89 62 86 0 93 92 74 93 79 86 56 58 72 68 81 80 65 93 69 81 62 88 98 71 56 81 53 85 54 53 98 84 60 98 56 92 52 79 69 93 65 60 71 85 76 52 83 65 91 82 61 61 79 56 69 69 94 80 65 
79 88 90 92 64 68 70 94 63 62 75 67 88 95 77 59 0 74 79 79 92 77 56 72 68 87 55 65 62 72 92 90 64 90 83 75 79 84 66 57 56 57 84 83 96 86 91 54 84 66 82 79 61 86 64 77 97 62 81 83 95 89 65 60 94 53 88 91 61 59 52 
73 71 70 61 94 99 78 81 51 95 79 70 67 74 66 85 82 0 79 81 65 81 87 81 92 87 66 59 99 81 64 89 73 58 64 96 59 56 85 86 91 76 70 99 98 76 86 58 63 66 82 89 90 56 55 86 82 90 79 51 87 76 58 95 97 80 88 96 56 64 83 
64 53 87 79 77 56 74 96 59 53 82 50 94 89 83 82 96 75 0 96 91 95 81 90 53 56 50 93 87 98 57 71 83 57 99 73 80 81 86 60 55 59 72 67 59 51 86 60 90 82 53 50 59 84 57 59 97 74 64 93 89 72 65 53 83 61 81 83 97 79 87 
61 74 72 82 78 84 74 68 62 77 67 56 65 66 72 89 66 82 63 0 98 69 59 98 53 80 56 88 62 65 98 63 90 77 65 90 77 79 89 53 53 59 90 85 93 71 81 53 60 76 50 64 63 96 78 93 89 64 82 55 50 73 68 70 55 50 96 64 59 55 93 
64 61 67 94 68 65 95 61 76 52 80 61 56 62 68 97 99 73 82 56 0 73 89 82 94 51 60 56 87 67 55 72 98 72 75 69 91 87 85 89 63 54 54 54 74 58 81 83 80 93 54 74 91 69 62 65 85 97 86 75 90 67 58 90 55 62 51 85 60 60 90 
92 66 60 72 57 73 75 94 93 98 81 74 96 52 93 69 98 98 55 61 95 0 85 65 64 87 92 67 95 68 69 80 63 70 91 60 63 82 54 66 74 80 62 88 89 90 51 65 95 70 56 99 62 64 78 83 77 56 64 77 68 83 90 70 75 86 82 90 64 87 61 
70 67 79 59 53 85 54 54 67 73 89 89 97 79 76 92 95 75 94 72 97 84 0 63 65 94 58 92 98 53 81 82 73 75 92 73 73 72 96 75 57 52 84 50 93 83 87 97 98 58 77 58 86 91 73 58 58 96 85 63 83 84 59 53 67 94 73 69 78 86 63 
53 55 63 50 99 60 93 55 88 64 93 98 68 67 88 57 66 97 91 61 76 51 99 0 80 77 71 76 93 71 96 56 75 69 50 70 88 56 91 52 59 65 66 73 80 50 51 51 94 93 55 56 86 54 85 94 66 88 71 98 73 82 80 93 52 76 89 82 51 66 75 
77 73 89 68 71 85 72 94 78 94 95 65 52 77 73 52 93 99 51 97 60 65 92 99 0 98 67 93 68 53 50 80 72 53 72 56 84 85 53 51 91 65 78 85 75 50 73 82 73 84 62 53 51 65 55 67 50 64 64 94 96 56 59 65 86 55 74 96 91 91 88 
83 88 59 62 89 73 84 85 72 67 81 72 89 91 60 57 96 67 93 90 62 84 72 84 73 0 88 53 87 65 64 75 62 56 50 95 77 58 61 91 63 99 78 62 57 83 95 62 63 90 96 91 61 80 59 61 58 98 96 77 50 87 62 73 64 97 98 87 68 98 79 
98 78 72 66 93 55 67 64 66 64 64 59 82 92 98 67 86 82 89 63 81 78 97 60 75 64 0 83 95 85 91 61 94 76 82 99 59 95 97 81 98 63 69 55 87 61 55 82 93 91 96 65 64 83 79 71 91 95 85 92 71 95 67 59 67 94 75 78 65 89 95 
64 73 80 97 75 62 91 56 54 86 79 59 99 66 56 50 66 51 91 89 61 66 52 93 66 86 87 0 60 58 86 50 93 85 55 81 81 78 78 69 96 85 56 50 80 77 90 79 60 75 98 82 96 91 68 94 93 96 70 55 55 87 51 64 82 92 52 89 67 72 93 
72 98 95 58 93 59 73 90 85 62 86 61 83 96 80 70 69 58 64 99 64 87 81 82 89 64 75 97 0 85 58 54 93 76 71 80 90 66 82 77 66 84 50 68 70 52 88 76 51 94 53 55 67 57 80 84 74 79 63 80 78 86 99 92 70 82 60 77 52 62 87 
99 74 56 72 81 50 77 68 59 73 54 55 86 78 60 69 73 97 94 69 71 92 68 68 76 81 62 71 93 0 77 85 70 50 57 83 53 87 91 76 62 93 97 84 96 80 97 73 61 91 51 95 59 82 91 66 68 69 75 64 61 76 94 74 72 93 65 78 93 63 67 
89 87 56 93 80 61 87 92 75 87 89 73 51 69 65 96 62 54 78 67 86 94 93 50 77 85 71 71 78 62 0 52 64 83 80 76 64 89 73 86 50 95 73 83 67 86 61 94 84 89 60 82 65 70 65 60 75 99 90 99 84 55 63 59 80 74 96 64 71 62 55 
55 96 55 71 74 83 82 81 75 58 75 85 90 91 58 75 55 80 72 76 50 77 80 99 53 50 78 55 97 60 70 0 56 87 51 51 66 58 76 97 80 80 74 96 50 84 61 68 79 53 71 62 52 64 65 57 92 71 77 66 69 82 86 81 67 61 61 67 91 63 93 
57 84 65 77 53 73 59 67 56 51 75 82 83 55 66 90 75 87 66 77 72 88 94 53 68 96 93 73 71 54 60 61 0 85 52 96 76 82 84 91 55 77 71 57 90 70 88 59 81 86 98 83 59 61 98 62 55 86 83 66 57 63 78 80 59 57 62 55 57 66 92 
53 53 63 86 95 78 52 64 93 88 89 68 56 54 65 63 52 52 77 92 90 89 77 83 68 84 77 61 55 57 51 65 98 0 78 99 58 91 65 83 96 82 96 51 88 72 75 79 78 74 71 85 74 62 82 64 57 83 69 89 99 73 86 94 94 76 86 91 68 80 85 
70 94 75 98 53 72 83 68 92 67 93 89 66 59 80 66 85 66 66 87 78 98 65 80 59 53 65 85 70 63 86 77 70 55 0 85 94 77 69 65 86 97 78 66 58 62 61 61 87 91 70 77 54 68 94 74 77 92 57 57 60 50 96 76 87 72 54 99 88 96 76 
64 79 66 78 56 60 94 64 50 80 59 64 66 74 53 95 82 96 53 58 61 75 90 95 90 61 52 86 71 76 51 85 96 50 77 0 84 78 54 80 78 64 94 95 85 61 96 55 91 77 81 56 53 62 83 98 58 78 60 64 65 69 57 89 64 99 74 74 66 65 79 
67 63 67 78 98 75 61 51 51 53 67 71 83 96 86 88 76 57 99 60 71 98 51 92 93 86 61 85 99 96 81 78 62 71 98 59 0 51 77 88 55 86 72 65 63 82 52 72 73 60 90 74 71 72 51 83 65 67 90 61 72 92 63 59 95 86 77 71 81 64 62 
84 63 78 61 54 90 65 68 72 72 96 83 63 54 99 69 65 84 74 78 54 83 52 85 50 74 95 96 79 82 53 53 93 70 87 56 82 0 89 72 89 57 91 72 99 84 51 78 53 54 84 85 94 77 83 53 61 83 88 66 69 56 84 84 73 66 94 58 82 66 98 
95 81 56 72 62 97 55 54 77 91 55 83 84 90 68 94 93 80 66 51 78 88 81 81 97 82 99 64 59 74 93 87 84 55 78 78 88 62 0 97 50 74 98 87 79 91 78 52 68 52 96 70 80 85 60 93 58 68 88 76 63 98 63 72 72 81 75 61 56 60 95 
66 75 99 83 55 93 70 90 76 93 57 97 52 71 53 55 81 85 58 77 78 70 76 81 87 58 89 80 53 97 63 78 74 61 94 85 76 96 56 0 61 66 73 63 73 90 75 60 93 64 61 68 51 62 80 73 56 99 97 73 76 63 61 51 64 97 51 64 71 71 70 
97 87 79 99 92 96 64 68 67 87 50 97 66 81 95 58 82 96 87 93 94 58 98 97 79 65 75 95 60 56 97 94 50 63 66 58 95 86 50 71 0 65 84 51 68 51 51 79 93 69 68 52 52 72 97 88 62 67 69 58 68 95 96 70 95 95 66 68 68 74 76 
64 88 72 66 83 95 57 96 92 81 90 61 89 96 85 92 92 84 86 75 67 64 63 85 81 66 77 84 73 79 50 62 97 83 80 86 82 67 57 73 58 0 90 59 87 99 58 67 50 58 89 91 88 74 89 86 71 93 86 51 88 60 69 96 75 62 87 63 57 51 99 
66 95 66 77 96 69 73 78 54 73 94 69 80 57 88 58 85 97 68 52 73 73 87 66 55 70 58 81 73 63 52 83 54 92 82 83 76 90 52 76 74 63 0 57 65 78 83 69 97 77 91 76 91 55 69 89 96 89 80 69 86 56 78 54 50 71 59 51 99 53 65 
68 68 57 97 59 51 57 52 72 54 68 81 89 60 92 82 71 58 56 51 53 54 95 51 84 93 91 61 91 66 68 50 81 77 76 55 59 69 84 83 90 78 81 0 85 93 82 93 92 89 61 72 57 53 91 57 67 68 92 53 86 78 89 98 85 73 90 86 56 74 60 
95 60 66 71 76 84 98 85 51 89 91 50 61 61 94 85 63 99 99 54 75 59 70 68 90 72 64 92 56 56 94 76 77 94 55 70 57 74 91 82 96 72 92 53 0 66 99 92 95 76 87 66 66 64 59 98 79 51 78 71 96 97 98 61 51 66 58 97 79 70 94 
85 60 53 59 74 90 64 63 70 61 75 92 70 98 94 64 81 66 88 95 55 82 62 98 92 72 55 72 75 89 74 70 84 96 87 94 96 95 82 63 73 53 98 85 51 0 83 99 68 67 93 63 56 61 61 50 78 86 58 85 54 67 74 62 69 57 69 89 71 66 51 
97 58 82 76 78 86 63 84 88 78 60 88 90 90 93 53 66 70 56 60 88 59 97 87 75 78 63 74 92 65 67 88 91 79 56 74 63 56 99 61 64 69 83 77 96 53 0 96 68 64 54 57 88 52 77 84 56 72 72 51 64 96 73 50 77 66 77 66 90 55 72 
94 61 72 57 95 68 59 73 69 54 52 50 88 80 69 81 90 93 76 85 95 96 99 86 95 84 82 54 76 71 68 94 94 89 80 56 69 69 74 77 64 91 72 79 83 78 63 0 96 98 51 73 54 70 95 75 93 58 52 57 94 72 72 93 86 63 73 53 56 50 94 
75 62 63 52 51 71 56 82 81 88 61 81 68 71 72 82 85 56 92 81 78 86 51 53 59 93 70 61 94 60 54 75 54 89 90 85 95 57 71 55 95 75 66 98 58 98 57 83 0 98 86 56 98 73 85 73 98 57 69 58 65 83 73 84 81 68 92 95 52 88 78 
60 52 50 95 59 85 79 65 97 79 55 86 93 67 65 80 79 51 50 56 54 80 69 60 69 61 61 61 51 67 52 68 53 51 79 67 89 64 59 60 53 65 95 62 74 85 51 72 89 0 97 73 58 91 89 96 59 50 50 95 91 75 94 53 69 96 59 73 66 52 96 
60 50 81 67 81 67 82 63 69 68 90 95 52 94 85 81 89 97 78 72 86 75 72 64 66 81 89 86 60 74 83 82 82 83 86 96 57 71 81 55 63 56 52 80 65 94 95 78 59 92 0 87 59 70 81 74 57 80 63 86 93 90 95 74 92 60 99 63 67 68 85 
94 78 79 70 73 88 75 71 79 59 79 99 96 89 90 96 68 68 68 64 73 80 80 93 59 77 52 60 97 84 75 74 83 88 68 97 96 65 52 60 56 98 74 53 97 63 50 57 80 84 75 0 85 89 64 91 51 52 83 78 71 90 58 63 88 80 53 68 86 75 75 
94 79 83 51 69 51 93 61 62 57 54 94 86 81 83 78 60 56 97 55 76 99 64 81 58 90 96 85 62 67 76 62 73 81 58 67 55 58 82 94 62 95 52 57 81 74 66 87 74 96 91 62 0 79 95 62 50 81 94 64 60 50 53 84 63 81 68 94 59 64 97 
67 63 64 99 98 53 91 70 77 94 50 64 65 75 73 90 76 98 80 61 95 52 63 88 51 65 73 53 55 80 93 96 62 78 86 64 78 79 90 60 67 79 64 93 65 71 55 80 92 70 76 62 61 0 61 80 59 70 54 91 72 55 59 55 56 55 55 65 62 90 64 
62 52 69 61 93 88 92 94 86 68 73 52 75 81 75 79 59 94 80 99 51 81 99 50 57 72 89 56 86 91 60 94 87 64 81 95 81 80 87 90 50 64 84 62 98 72 64 84 76 69 98 89 86 86 0 78 99 80 50 56 60 95 59 67 72 95 68 90 50 92 91 
80 93 64 54 80 77 67 51 62 57 79 58 65 68 51 88 64 94 99 87 98 70 88 82 55 98 54 58 56 99 53 95 91 61 87 57 79 88 67 75 69 69 70 72 89 75 60 61 74 64 79 53 78 67 86 0 51 82 81 70 74 75 68 77 83 90 84 92 86 97 65 
61 74 69 98 86 97 99 81 76 59 58 90 74 70 94 54 56 53 61 58 94 61 54 91 52 92 70 93 88 67 56 82 92 98 81 79 93 67 84 97 76 53 90 86 96 79 87 64 59 85 57 62 86 57 75 50 0 90 78 99 91 70 77 63 57 51 82 90 50 65 53 
56 85 60 61 67 59 99 77 58 77 83 95 83 55 77 56 56 61 78 53 66 97 82 67 90 51 70 56 73 89 62 86 91 91 51 80 90 68 67 50 63 84 89 87 79 70 67 93 58 66 63 62 91 81 98 80 76 0 80 79 99 98 90 59 70 50 59 55 79 54 52 
72 64 69 88 82 89 89 60 90 87 73 75 82 78 79 51 56 59 61 56 78 85 64 96 81 76 70 75 86 76 73 58 72 76 63 94 80 96 92 79 81 89 81 56 66 67 97 87 55 58 96 91 63 80 61 74 95 99 0 85 99 56 89 69 93 85 98 78 95 78 77 
51 92 71 81 97 71 63 90 99 72 69 66 59 83 83 74 73 62 62 81 90 86 77 74 99 77 83 65 64 60 79 57 51 58 63 84 76 72 88 79 86 64 61 83 79 57 58 59 53 82 50 63 71 88 71 68 62 76 64 0 81 54 50 75 85 99 81 51 53 92 81 
76 76 62 98 98 98 73 83 66 71 81 65 88 91 50 62 90 60 91 95 72 77 54 80 87 99 85 81 87 95 61 96 99 77 51 94 81 50 75 56 74 76 66 66 88 83 77 74 66 90 96 63 63 78 58 67 56 88 53 50 0 64 67 96 76 90 52 93 53 88 90 
56 85 68 87 95 67 81 94 68 90 79 74 98 63 91 64 77 89 74 72 53 52 72 56 80 77 93 55 68 90 81 81 85 77 73 75 96 99 53 82 93 93 73 93 66 85 65 90 69 66 83 74 61 54 70 68 52 85 67 52 99 0 76 67 88 83 56 56 56 90 75 
88 71 69 84 72 91 58 95 68 65 74 61 94 83 56 91 55 91 92 57 57 81 89 82 84 80 54 71 62 89 70 71 79 81 88 94 96 54 82 69 71 80 55 92 81 70 99 60 57 79 82 50 57 58 71 70 76 65 65 52 95 98 0 80 64 62 99 91 52 92 95 
77 91 65 80 97 67 84 69 62 54 79 97 86 69 94 82 85 75 66 94 71 67 57 60 64 77 79 50 88 68 58 60 54 62 52 91 90 90 86 69 99 65 63 62 74 78 76 69 66 96 64 69 84 69 87 55 93 60 51 97 96 52 87 0 56 89 65 86 75 77 62 
91 65 96 58 91 61 78 69 93 70 73 62 52 87 67 69 51 91 64 53 64 65 79 83 82 76 81 96 95 70 73 74 79 80 81 88 66 64 66 61 55 93 63 77 65 65 71 50 89 61 85 66 68 50 63 50 74 84 76 66 63 52 53 96 0 60 61 98 55 64 62 
77 67 50 92 70 68 94 76 67 78 65 82 90 85 72 84 52 56 84 87 87 87 98 85 57 63 52 80 95 50 54 60 65 59 74 88 67 87 74 60 83 79 98 51 86 64 81 72 87 79 95 81 88 50 65 84 56 74 98 63 96 68 72 89 77 0 85 61 97 85 70 
59 85 79 53 84 71 72 79 62 53 54 87 56 52 56 54 99 84 90 63 96 85 50 91 99 87 69 70 54 96 58 81 63 93 59 65 83 60 97 63 74 52 78 56 61 66 79 69 86 98 85 52 59 95 86 96 86 58 71 82 51 76 58 77 80 52 0 97 76 76 83 
54 70 61 62 84 97 55 72 50 71 98 76 91 74 79 69 51 64 93 86 89 69 78 67 76 92 87 58 69 56 67 87 75 90 58 58 55 71 92 54 96 66 83 69 85 57 96 96 50 67 60 90 78 66 93 85 83 56 77 53 88 58 55 80 58 66 71 0 80 95 71 
87 71 83 96 99 52 98 77 85 95 66 50 73 86 60 55 67 84 88 75 93 51 70 75 53 83 90 94 82 87 62 76 58 67 55 63 78 92 73 59 62 78 57 81 90 82 50 58 80 67 58 70 62 64 70 80 80 85 82 70 78 72 82 61 50 93 87 96 0 88 66 
92 62 76 72 55 95 52 95 52 75 62 59 75 70 57 91 98 66 94 55 99 89 96 77 63 91 67 74 51 89 75 85 87 69 67 68 63 91 96 87 61 78 74 73 62 94 52 94 73 51 58 55 66 53 75 75 90 77 62 54 70 89 58 97 54 53 91 62 51 0 97 
84 92 68 59 88 89 78 57 54 83 63 94 74 86 86 84 66 74 82 71 88 61 92 90 88 93 51 96 58 81 54 95 50 97 53 94 60 63 85 98 84 51 67 87 73 52 91 77 77 61 73 59 97 95 76 68 59 68 59 89 94 93 74 55 81 68 59 74 85 97 0 
