n: 70
m: 6
Pi:U[1-99] 95 93 41 39 48 22 63 48 4 6 80 25 97 56 68 36 89 86 63 45 43 17 82 73 94 20 50 58 15 23 72 2 11 77 39 96 84 84 31 21 28 66 4 86 77 21 46 88 31 21 34 40 71 52 66 71 94 51 34 17 52 82 60 20 23 58 31 25 48 22 
Si:U[1-49]
0 32 2 27 8 13 6 18 12 15 49 31 48 46 39 13 49 34 12 27 49 49 16 9 49 9 49 30 15 49 7 49 15 49 49 49 49 49 49 49 7 49 49 49 39 22 49 49 48 49 45 49 4 49 19 49 49 15 37 22 48 15 46 49 49 6 46 46 37 49 25 
23 0 23 29 22 6 3 11 30 14 9 49 31 34 25 24 9 36 24 43 25 37 49 36 4 49 39 39 19 7 3 49 49 39 16 3 49 49 49 25 49 39 40 45 43 49 49 49 13 21 49 49 49 12 18 49 49 13 49 49 12 49 6 49 45 49 21 34 49 49 13 
16 22 0 15 16 2 22 28 6 16 49 25 49 39 18 6 49 31 49 49 49 42 30 49 49 49 49 49 49 49 18 22 28 49 36 42 1 31 13 42 19 1 4 49 3 13 49 49 49 19 13 49 33 4 21 49 21 24 9 49 49 6 49 49 45 12 49 9 49 31 49 
8 14 2 0 16 13 28 20 30 11 49 49 28 49 22 9 21 33 34 24 13 28 49 22 49 49 49 27 49 10 49 49 34 49 49 49 22 33 46 49 49 34 49 34 43 30 6 36 49 49 43 49 49 49 34 15 7 42 43 22 30 42 45 49 46 3 49 49 16 48 33 
14 12 6 26 0 29 18 30 20 29 30 43 7 4 48 49 49 33 49 49 21 15 49 27 49 49 49 46 21 49 48 46 19 7 49 16 13 49 49 1 28 24 7 46 49 46 6 43 49 7 9 46 16 19 40 42 42 49 18 36 27 49 39 49 16 49 12 40 21 30 9 
13 22 18 16 9 0 25 24 7 25 36 6 34 22 7 15 49 24 43 12 49 49 30 16 49 49 49 39 49 24 49 49 49 40 49 49 36 30 15 25 49 42 49 49 49 43 48 10 49 25 6 43 43 45 40 21 49 1 36 40 49 12 49 31 49 21 49 49 49 45 28 
7 20 21 6 2 32 0 20 6 15 40 39 9 43 49 1 49 40 49 49 12 4 49 12 27 31 39 30 13 1 49 49 46 49 18 49 49 16 48 49 49 13 49 18 49 49 49 25 49 18 18 27 22 49 49 28 10 49 49 49 49 49 49 49 33 33 49 27 49 49 4 
12 17 4 30 32 1 30 0 2 32 49 49 37 31 9 9 3 18 18 40 4 49 49 48 49 10 49 15 24 1 49 6 49 39 40 10 49 22 13 40 49 49 49 31 28 49 49 46 49 25 12 22 31 49 18 21 3 3 18 28 10 7 18 49 49 49 28 39 24 18 49 
4 21 12 16 4 3 20 29 0 23 19 46 1 42 3 4 49 30 3 30 46 4 34 31 22 34 6 12 25 27 28 49 24 10 49 1 46 49 10 45 13 22 40 49 18 27 27 49 6 18 39 18 13 22 24 49 27 49 33 27 40 3 49 49 9 49 49 45 30 27 18 
28 26 28 29 10 6 2 22 2 0 49 31 21 30 39 30 9 6 42 49 30 34 36 49 40 39 30 39 31 12 1 15 49 49 13 31 4 49 37 24 16 39 49 10 33 34 30 36 3 49 6 42 19 49 49 49 49 6 42 49 25 36 24 15 43 25 49 24 22 49 40 
49 49 31 13 49 49 49 49 13 49 0 0 7 22 0 10 15 28 26 10 39 7 42 49 27 45 3 9 49 1 49 12 13 49 12 18 1 15 49 49 18 42 30 30 49 36 46 4 49 25 9 49 49 9 3 49 36 18 43 39 43 22 6 49 42 49 40 37 24 49 10 
9 34 34 34 39 36 49 43 21 49 13 0 11 8 30 14 32 4 10 24 18 9 40 49 49 16 12 24 9 49 49 10 12 1 49 13 4 48 7 15 49 46 4 49 19 49 28 34 19 49 37 46 3 49 49 43 49 43 49 49 1 28 19 49 49 10 10 28 49 49 49 
22 10 49 49 15 49 34 40 48 42 9 27 0 26 11 25 30 11 28 14 49 39 49 46 15 46 49 37 25 16 7 33 36 4 49 6 49 49 49 40 10 49 19 28 7 39 43 33 46 16 40 19 4 13 21 49 49 43 22 49 46 49 49 49 49 49 49 49 49 49 42 
21 49 43 33 30 36 4 27 18 12 21 28 24 0 10 6 2 9 18 28 42 49 30 40 4 49 43 9 24 33 49 36 18 49 49 7 30 22 49 49 49 34 30 49 49 49 49 45 13 49 48 24 43 49 15 33 49 36 49 18 25 34 49 21 42 49 37 40 49 7 30 
3 1 31 49 49 22 49 49 49 49 18 29 30 19 0 10 3 26 28 9 1 49 45 49 3 24 25 40 30 34 49 49 1 21 30 48 31 49 33 49 49 49 49 15 49 1 37 27 49 49 43 3 42 42 49 48 49 37 31 49 49 49 6 4 39 15 42 37 25 3 19 
9 25 15 27 7 49 49 49 42 49 12 26 0 32 26 0 21 18 16 1 48 4 28 48 28 49 49 31 49 4 21 34 30 3 6 42 31 45 15 49 33 16 37 3 30 49 49 49 49 45 49 49 49 49 49 9 49 1 7 28 45 49 49 49 49 6 49 43 31 13 48 
42 18 49 28 37 28 43 31 21 49 4 4 23 10 26 3 0 4 0 4 42 30 7 49 49 49 43 48 49 34 4 49 49 49 33 10 40 12 49 42 34 13 49 39 49 49 9 43 49 27 39 7 22 49 49 6 30 39 30 37 46 31 33 49 37 49 9 13 39 15 49 
13 43 4 49 49 21 49 18 45 24 28 6 11 10 30 14 32 0 1 12 1 22 37 16 49 49 48 45 45 45 13 25 49 7 49 49 19 49 45 22 22 49 49 13 42 49 12 4 49 49 36 30 49 49 16 25 49 49 48 28 49 15 49 49 49 49 16 19 49 24 10 
27 7 31 9 45 3 49 27 49 31 6 28 21 20 18 7 24 8 0 13 49 49 43 12 31 40 49 3 40 49 49 27 1 12 16 49 49 49 49 49 49 49 27 18 40 21 37 12 42 43 15 4 22 25 49 12 49 49 19 45 12 49 16 49 30 45 15 28 49 49 19 
49 19 37 49 49 27 49 1 36 43 12 19 26 22 18 19 16 22 20 0 49 49 22 43 46 31 42 13 18 18 34 49 12 1 12 6 33 10 3 24 37 49 49 25 28 6 7 49 43 3 7 31 27 49 49 43 49 10 3 21 46 49 48 49 40 22 12 49 13 37 46 
36 25 36 25 19 21 49 21 21 6 30 9 49 22 49 49 28 16 49 49 0 3 12 22 9 12 18 22 2 2 3 4 48 49 30 46 49 1 34 27 36 49 3 49 49 33 39 15 1 49 39 31 49 4 6 21 48 49 43 40 6 28 3 25 24 31 49 27 49 46 49 
49 19 9 19 49 42 18 13 10 1 39 15 49 49 31 6 36 1 46 37 16 0 12 6 14 14 19 15 31 23 49 12 49 40 46 49 31 6 42 36 31 30 49 49 49 33 49 49 15 28 9 49 33 25 49 30 49 45 28 27 22 10 33 40 49 25 33 18 49 19 27 
49 1 45 1 49 46 6 3 21 49 39 24 49 3 16 4 9 12 49 49 6 32 0 0 16 25 20 6 5 30 25 49 31 1 49 49 9 42 19 30 30 45 3 49 49 7 49 49 49 49 28 43 13 9 49 49 1 7 12 49 49 34 49 49 49 21 36 49 49 4 19 
49 9 49 16 49 49 21 49 49 49 10 18 49 49 48 49 13 24 40 37 1 30 24 0 22 29 8 8 6 26 7 43 45 28 33 9 1 19 37 7 25 12 9 31 30 36 13 49 43 30 49 49 28 4 49 49 45 48 12 3 33 39 49 31 19 36 10 1 19 42 48 
37 3 30 4 49 4 39 49 48 28 49 24 49 36 28 46 15 12 49 49 4 28 16 17 0 3 9 6 30 6 45 10 10 45 49 12 49 13 45 9 15 49 37 49 49 9 49 12 34 10 49 48 43 36 25 18 49 49 49 6 30 40 49 49 48 49 49 28 30 49 49 
13 49 49 49 22 45 36 45 21 49 49 42 37 9 34 36 13 43 1 49 5 10 27 8 10 0 16 29 27 20 31 37 6 6 49 49 49 43 48 9 46 19 48 49 49 16 49 16 31 1 25 4 21 49 21 49 49 25 49 49 13 12 15 49 49 16 40 7 49 42 49 
9 40 49 25 42 27 45 49 6 49 3 12 27 22 24 37 10 49 34 18 14 10 8 6 5 6 0 6 12 9 18 49 33 49 12 49 28 48 9 48 34 34 49 10 19 49 7 3 49 31 6 16 27 49 16 49 42 27 49 49 25 49 4 49 15 49 49 49 19 49 33 
49 48 34 24 46 43 19 22 49 49 25 49 28 31 18 49 1 34 49 49 0 13 28 2 8 28 9 0 15 3 34 49 9 46 4 28 30 9 42 49 4 31 49 49 49 49 49 49 37 42 43 49 43 34 6 28 16 9 49 48 49 42 4 1 10 45 39 9 25 49 24 
27 15 13 49 33 49 13 49 12 7 16 49 25 49 1 49 48 49 49 49 30 6 24 3 22 21 12 19 0 22 40 49 49 4 27 46 39 12 40 40 46 30 34 48 42 49 49 49 45 31 49 49 49 49 45 19 37 10 49 27 49 49 25 49 46 18 49 30 46 25 49 
49 49 34 3 49 33 27 49 4 25 19 22 9 36 46 4 49 49 49 10 10 2 12 31 2 22 3 2 4 0 27 36 49 7 4 48 49 9 49 4 49 49 3 9 49 49 49 49 49 39 46 49 49 42 1 31 12 49 1 36 40 7 12 49 49 7 37 34 48 49 49 
49 9 49 49 34 28 25 49 16 28 18 1 49 22 9 49 45 49 19 18 9 13 49 33 24 7 37 49 49 49 0 12 8 28 6 24 18 19 32 6 49 27 39 49 49 1 48 42 40 49 39 33 31 34 49 18 49 9 49 42 3 24 49 45 49 16 49 19 37 13 40 
37 30 49 18 49 39 49 49 49 1 49 49 34 27 4 7 49 18 49 49 39 34 36 10 10 49 30 27 27 37 16 0 0 22 31 6 15 31 10 31 49 49 13 40 49 45 49 6 10 28 49 18 49 40 49 13 1 24 49 19 42 3 19 19 49 10 25 40 37 45 45 
13 45 33 49 19 24 13 28 22 28 39 15 49 42 31 15 12 49 49 12 12 49 49 34 39 49 49 16 22 21 22 30 0 26 26 11 12 28 7 25 28 24 49 13 45 40 7 13 49 45 49 22 6 22 49 49 49 49 19 49 13 16 16 45 16 49 6 19 49 49 46 
49 49 49 49 46 49 33 49 25 18 24 45 39 49 4 18 21 49 4 48 49 15 49 49 13 12 22 49 28 43 24 28 8 0 26 12 14 29 8 8 49 49 49 22 3 1 45 49 49 49 33 49 49 49 49 49 27 25 37 10 16 21 49 18 19 45 37 12 49 49 49 
40 48 49 15 24 31 28 49 42 3 34 49 49 49 28 49 49 10 45 49 25 22 49 49 16 6 12 45 49 16 8 18 7 10 0 24 30 19 30 20 45 48 3 4 49 19 1 31 49 49 25 37 49 49 6 28 30 9 49 49 3 43 25 28 4 49 24 7 22 10 30 
49 9 49 49 22 49 21 28 24 49 4 34 46 49 43 6 49 49 49 36 25 49 6 7 49 49 49 49 33 33 6 12 2 13 17 0 8 7 8 9 49 31 49 49 15 28 4 49 28 39 10 21 37 49 49 48 19 42 12 43 49 30 15 49 7 12 49 24 49 28 30 
49 49 37 33 28 28 36 4 18 49 49 49 36 4 49 31 49 43 4 36 3 12 6 45 24 6 9 9 1 46 18 6 8 13 30 29 0 19 26 2 28 40 43 18 28 46 48 7 42 37 49 22 3 49 9 43 1 7 18 21 49 49 34 24 43 49 37 30 49 15 19 
49 42 49 34 18 28 40 6 49 49 21 40 15 49 19 42 40 30 30 48 4 42 49 3 4 10 31 49 7 24 4 17 8 3 4 22 18 0 11 18 40 49 6 25 48 49 6 6 22 30 49 24 1 3 25 49 1 49 49 40 33 30 1 40 9 22 49 10 46 27 9 
40 49 7 12 49 49 49 18 36 49 49 37 49 37 31 42 28 49 49 49 49 13 49 18 30 49 28 42 39 40 14 4 18 1 5 6 10 4 0 6 12 49 49 15 36 49 36 16 49 39 13 16 15 39 19 22 40 49 18 49 49 13 49 49 39 49 27 24 40 45 49 
10 49 46 10 49 10 49 49 49 36 6 9 16 1 49 49 49 12 49 40 40 46 46 49 49 24 40 3 49 49 2 32 0 12 30 32 18 21 8 0 49 21 49 24 49 45 49 49 49 16 34 49 49 10 49 16 30 16 1 25 7 49 9 49 42 24 30 30 6 19 28 
30 15 15 25 12 19 46 12 49 10 49 49 12 49 49 34 24 49 49 37 3 16 46 10 27 4 49 49 25 49 45 27 49 18 18 9 49 27 49 24 0 26 20 9 10 21 5 28 7 24 49 34 49 49 31 33 49 48 49 12 13 49 15 6 34 3 1 37 49 40 49 
28 40 28 27 49 49 49 16 16 49 46 49 49 49 1 49 49 19 24 49 49 42 49 27 10 39 30 49 40 49 18 28 49 18 49 49 21 4 49 49 27 0 27 20 12 28 24 0 28 30 49 6 39 49 33 18 49 37 27 45 49 36 49 1 16 40 48 4 49 4 49 
12 49 7 49 13 30 21 49 4 49 34 21 49 49 49 12 27 39 22 49 43 36 49 37 49 49 49 49 49 49 28 21 28 22 49 37 15 45 43 49 6 31 0 12 6 24 4 12 2 14 1 28 10 49 34 3 21 49 49 49 16 18 42 49 49 49 12 16 3 49 25 
3 25 49 37 7 49 33 49 30 49 27 31 49 10 45 1 30 7 12 18 24 21 49 49 49 4 46 37 49 36 36 15 1 4 28 22 49 30 13 45 3 26 20 0 4 7 7 18 21 22 27 10 24 49 49 36 49 42 18 46 49 1 24 12 19 19 37 49 31 49 27 
19 31 45 4 49 22 49 1 25 21 49 4 39 39 28 16 40 43 40 49 49 46 31 1 34 49 43 49 7 12 49 21 36 1 45 7 28 49 49 48 6 15 14 1 0 11 12 26 10 16 43 37 43 18 49 7 49 12 49 33 27 49 37 42 49 49 49 19 37 49 25 
49 49 46 48 19 6 12 49 22 13 49 49 49 48 49 16 30 42 49 1 45 45 45 19 37 49 1 1 49 22 15 49 6 40 49 49 36 25 22 39 21 15 20 20 12 0 22 22 28 16 22 49 49 49 39 49 49 3 49 48 49 45 24 42 13 49 49 34 6 13 49 
37 40 7 1 3 13 18 49 49 13 49 33 48 7 46 28 49 49 49 49 16 21 21 49 24 49 31 49 43 25 49 45 13 37 36 15 48 7 19 49 22 20 16 24 4 6 0 27 15 4 28 21 10 30 19 3 49 4 22 15 24 49 49 37 49 37 12 6 49 33 49 
43 49 12 37 42 49 49 49 34 12 12 22 49 49 12 48 49 13 13 28 49 43 13 49 30 48 49 15 42 49 22 49 49 16 49 13 19 7 10 49 2 20 6 12 8 2 14 0 24 20 10 31 15 49 10 46 40 49 7 49 49 15 45 49 49 30 9 49 24 49 22 
49 22 48 49 13 34 40 25 45 37 49 49 46 16 49 33 34 49 49 10 45 21 45 25 4 4 43 18 25 40 10 37 15 12 49 30 49 40 19 49 28 26 28 26 29 14 16 10 0 30 49 49 24 1 49 45 34 42 3 9 31 39 49 49 49 21 28 6 48 49 12 
10 28 49 22 49 49 49 49 49 27 21 40 21 49 30 39 49 49 10 3 4 49 49 28 49 49 49 6 12 33 49 43 49 36 49 42 49 21 49 13 6 7 29 8 25 18 30 24 28 0 39 49 9 48 9 31 49 33 45 49 49 49 33 7 1 19 49 30 49 18 27 
49 49 49 43 16 24 49 36 22 48 15 16 49 49 1 16 46 49 37 49 46 37 33 34 30 24 46 49 49 10 31 43 49 49 48 24 13 16 49 13 49 49 16 49 1 42 36 28 49 36 0 14 1 19 14 11 23 18 8 28 24 12 45 31 49 19 46 7 49 1 49 
39 49 49 49 34 42 7 12 19 21 34 49 28 49 10 48 49 37 49 49 42 49 48 4 49 27 1 49 16 4 4 9 34 37 25 31 49 49 49 49 18 46 31 9 49 49 49 1 19 10 32 0 6 13 10 18 15 28 0 8 45 10 49 7 9 49 49 49 37 16 15 
49 10 49 1 21 3 36 22 49 49 1 13 42 24 19 43 18 49 33 46 49 36 49 18 42 3 30 15 43 13 22 4 42 33 49 49 10 30 39 49 10 40 49 13 49 6 1 27 49 49 16 25 0 9 20 1 28 11 10 17 12 49 36 25 33 49 24 49 48 15 28 
28 49 28 39 49 49 49 6 45 4 12 49 49 42 9 49 19 3 49 49 39 30 31 16 49 45 49 27 49 12 49 49 49 12 49 22 10 33 46 25 7 49 37 48 42 49 49 48 28 34 18 3 16 0 32 24 18 8 16 26 6 49 9 49 16 13 49 49 31 27 13 
43 4 49 37 10 49 46 40 28 31 49 49 12 21 30 15 49 49 49 45 49 49 40 49 22 49 30 7 25 40 13 49 49 49 27 34 33 49 4 37 6 46 49 42 13 6 24 37 19 30 13 21 14 20 0 18 14 2 29 1 12 6 49 28 49 18 37 19 6 49 49 
27 49 49 49 34 37 30 10 46 49 49 49 49 49 49 49 49 43 28 36 22 49 19 22 49 49 40 25 37 36 49 49 49 49 37 49 10 25 39 30 13 49 16 43 6 30 49 48 46 49 10 9 3 21 24 0 24 10 2 27 49 16 49 4 45 49 49 43 28 9 36 
25 12 30 46 49 49 46 1 6 49 28 49 16 48 9 49 49 7 7 40 46 40 6 22 27 34 7 3 33 42 49 49 31 34 7 24 49 18 33 49 42 25 31 12 9 34 33 49 49 1 1 20 7 19 2 26 0 2 5 28 49 49 49 25 49 15 18 10 43 27 6 
18 28 21 40 3 15 49 49 1 27 12 48 49 49 12 46 49 49 25 24 15 7 40 49 40 4 49 31 40 34 49 40 49 49 9 42 49 49 19 49 48 31 49 13 3 18 28 49 12 4 13 29 31 16 20 32 15 0 24 4 49 46 9 49 49 1 49 36 49 37 49 
9 48 7 49 9 42 49 13 49 16 25 4 40 3 42 49 49 10 3 43 49 13 7 49 49 22 48 16 25 25 30 28 46 24 12 30 28 33 37 28 15 4 49 36 15 49 36 12 49 7 18 30 12 6 5 0 18 17 0 17 49 30 49 33 43 31 49 24 13 15 4 
6 6 34 10 10 46 6 49 22 49 49 49 31 3 16 28 49 1 49 19 49 49 21 30 19 21 49 49 39 49 10 31 49 49 28 1 25 37 49 9 31 39 39 28 6 49 34 12 49 45 5 17 23 15 31 2 5 10 30 0 46 49 49 33 49 49 27 49 3 22 48 
34 31 15 49 15 46 45 4 28 1 27 49 3 10 49 22 3 49 45 25 15 49 42 30 22 24 49 49 49 49 36 49 45 49 49 37 16 49 43 19 49 49 49 49 13 49 18 27 49 21 10 49 49 3 49 49 3 48 19 15 0 14 14 4 32 5 16 8 15 26 45 
49 49 49 36 49 4 25 27 49 28 18 37 12 48 46 13 46 49 37 49 49 39 49 25 34 49 49 49 42 22 39 49 18 49 40 49 49 30 1 49 37 37 46 49 7 49 36 24 49 18 49 49 3 48 49 43 24 12 49 49 4 0 2 16 6 32 21 12 25 12 49 
46 49 36 19 27 49 31 49 19 31 49 25 31 9 49 49 25 18 37 3 49 49 25 36 28 42 31 49 10 49 18 49 49 49 21 13 15 7 28 49 16 49 18 49 49 49 16 4 49 18 49 24 34 36 1 28 25 49 49 15 26 21 0 8 23 30 2 18 17 30 49 
49 49 9 28 49 15 6 49 49 42 33 40 36 49 48 19 49 1 40 15 49 19 3 7 49 46 40 49 15 49 10 49 22 49 39 49 49 43 42 18 49 49 40 4 16 10 36 49 49 49 22 21 31 12 4 39 1 12 49 1 20 10 28 0 5 16 9 6 10 24 40 
49 34 7 18 49 21 13 10 16 49 49 16 22 27 22 28 49 12 15 6 22 12 43 33 49 6 49 6 10 43 25 49 31 21 34 16 49 24 42 31 16 28 6 21 12 49 9 46 24 49 42 43 49 49 49 18 30 9 6 49 6 32 32 4 0 6 7 1 20 7 15 
1 49 30 6 10 49 49 31 21 24 49 34 49 49 10 49 37 49 30 18 49 1 49 15 21 42 37 10 9 3 7 10 21 21 49 27 13 15 49 42 6 39 37 49 49 49 37 49 49 49 49 49 49 6 22 49 49 30 49 49 14 10 26 32 16 0 17 10 15 18 45 
36 6 4 3 49 19 49 22 25 25 9 49 49 49 49 33 33 45 40 24 49 9 27 33 49 10 49 49 39 49 18 43 28 28 37 49 31 19 49 49 49 49 42 49 39 21 49 18 28 25 49 49 28 30 48 49 49 25 36 49 21 2 10 21 30 10 0 24 25 16 33 
49 28 34 45 40 31 3 49 36 48 48 6 49 28 49 36 1 49 25 3 49 42 49 1 49 39 49 22 34 42 37 36 34 27 49 30 9 4 34 9 49 15 31 24 49 18 9 15 49 45 7 7 16 49 4 10 19 1 49 49 27 18 4 6 28 32 10 0 21 10 43 
49 12 49 42 19 25 7 48 49 3 40 43 49 49 18 49 46 40 43 49 49 36 31 37 49 49 49 49 49 25 46 19 49 36 49 21 36 27 9 3 31 49 27 22 49 34 36 25 21 42 45 13 48 40 49 49 49 12 49 49 25 5 2 12 17 11 5 24 0 32 34 
49 49 19 49 42 49 49 49 49 27 49 49 33 36 49 13 49 49 48 31 13 42 19 21 49 10 49 24 27 19 4 19 49 7 9 49 49 43 4 49 43 49 24 37 4 30 48 49 1 15 3 49 49 13 24 45 6 9 42 49 5 10 31 10 10 28 10 23 24 0 22 
18 46 28 49 49 4 25 36 22 49 18 10 43 18 49 12 7 49 1 18 22 27 18 3 49 49 43 43 49 49 42 49 13 16 49 18 49 19 39 6 49 49 4 42 39 49 46 46 30 49 19 16 49 12 49 40 49 24 49 19 48 40 31 19 4 49 49 13 25 19 0 
