n: 70
m: 8
Pi:U[1-99] 66 82 68 10 56 34 83 48 43 91 41 32 36 82 53 76 13 5 99 89 59 73 57 43 55 27 15 59 7 11 46 27 24 84 75 87 65 79 65 57 83 91 42 58 44 64 74 52 64 23 97 96 52 6 19 66 50 87 53 50 14 97 19 92 99 58 54 37 41 66 
Si:U[1-124]
0 16 76 3 40 10 36 19 16 3 124 124 15 124 108 124 117 48 102 10 66 40 66 85 106 96 30 124 124 112 124 124 108 124 12 67 63 124 124 12 67 109 123 96 124 76 55 55 76 40 124 42 70 78 123 124 124 21 124 124 40 76 106 96 78 124 48 33 84 124 25 
64 0 78 70 67 53 28 48 3 73 43 78 124 124 124 111 114 96 124 124 124 124 124 124 124 45 67 12 40 124 124 88 49 34 67 69 124 115 124 7 124 124 106 124 37 76 45 87 124 19 67 117 124 124 124 124 124 124 124 24 6 18 124 124 6 124 111 124 124 105 36 
39 23 0 7 56 80 56 10 4 43 94 124 73 78 3 54 84 66 103 124 99 24 124 93 115 124 85 124 12 124 124 118 93 36 124 96 66 42 124 124 84 99 88 45 3 39 69 66 36 34 124 81 66 124 58 28 85 36 106 124 61 25 124 124 75 115 108 63 48 124 66 
44 2 46 0 54 54 58 4 24 37 90 91 58 124 93 93 78 124 124 18 96 124 106 124 63 58 27 27 45 34 118 124 124 103 63 124 124 124 12 49 124 124 6 22 124 27 58 121 25 112 124 52 124 85 34 124 54 42 105 49 124 124 9 69 31 27 99 111 33 105 124 
16 45 21 82 0 36 15 35 8 56 81 108 124 124 58 124 90 99 124 18 72 124 42 102 18 115 91 124 124 124 108 124 81 124 25 100 61 103 124 3 7 4 22 124 30 60 108 124 76 18 112 72 124 72 124 34 70 21 12 48 24 87 36 90 90 99 60 111 124 124 124 
80 29 28 76 36 0 39 80 68 64 124 24 1 124 52 124 27 124 112 124 22 51 82 37 124 124 115 121 99 48 67 124 124 58 55 124 124 19 124 43 7 87 124 91 106 124 124 84 124 124 124 64 93 84 93 99 100 118 124 21 60 31 124 4 33 124 124 124 97 102 124 
5 62 8 24 19 34 0 2 46 48 54 76 45 37 37 124 81 124 124 52 124 70 36 124 24 106 81 63 124 78 6 34 27 124 67 60 109 124 124 4 79 55 124 112 22 67 112 72 66 76 72 1 13 93 124 124 124 124 124 25 124 124 10 103 124 124 66 124 30 43 31 
42 74 57 80 16 28 68 0 40 42 124 124 124 25 124 73 124 61 121 16 51 76 124 124 112 21 124 36 124 4 94 124 42 102 124 124 58 124 114 18 46 124 94 109 124 124 105 124 85 9 21 124 12 124 79 124 124 124 94 85 88 1 22 124 67 103 124 124 94 124 33 
44 2 18 38 26 16 31 66 0 56 124 25 124 124 124 124 102 124 12 36 66 124 18 112 81 124 114 124 124 66 15 124 33 9 1 9 117 124 124 93 90 124 69 109 1 112 112 124 124 124 124 27 16 124 33 12 124 90 63 48 124 124 57 124 94 124 34 97 124 70 124 
17 6 52 78 72 7 58 71 0 0 124 124 70 124 124 49 79 124 6 124 64 124 36 124 85 124 21 109 90 121 124 70 124 34 19 19 124 124 94 123 120 91 124 124 24 30 124 99 124 33 124 4 123 15 43 115 61 30 45 124 85 123 124 99 124 25 124 124 46 90 42 
114 84 82 24 3 124 120 70 72 6 0 70 51 66 52 24 41 24 66 42 21 124 105 124 73 45 124 81 123 81 67 124 24 121 124 6 124 12 124 124 88 91 48 124 85 124 85 124 78 7 72 54 91 124 25 76 118 124 25 30 88 124 94 124 13 124 69 124 124 67 55 
124 25 58 123 58 109 124 15 100 112 11 0 10 62 73 28 31 82 56 72 120 45 109 13 18 31 36 124 115 40 109 18 124 124 124 124 63 40 7 124 79 16 105 124 109 37 72 124 114 28 124 70 33 121 18 22 25 6 69 57 124 12 54 85 124 124 31 88 124 34 124 
124 64 118 120 42 76 12 61 79 124 42 81 0 26 33 82 59 38 59 27 54 69 124 124 124 124 22 124 111 7 124 82 52 61 66 102 124 108 124 103 124 124 124 60 52 90 117 124 124 6 39 124 124 105 124 1 57 108 124 40 7 124 124 82 43 124 75 105 34 22 124 
66 54 124 58 58 1 124 37 97 124 40 0 6 0 44 78 8 32 78 60 124 51 124 124 55 85 124 124 124 112 48 91 61 27 24 94 34 109 124 45 49 39 57 79 124 124 58 33 109 124 43 25 16 42 6 1 31 88 124 102 48 51 124 82 25 124 88 42 63 90 93 
81 124 124 124 124 42 111 103 10 33 12 12 74 58 0 17 66 3 76 56 124 124 27 124 24 31 22 90 54 114 69 25 24 85 27 124 124 112 84 124 124 124 28 124 79 94 31 124 108 124 82 73 6 75 6 124 114 124 124 124 39 90 115 88 79 46 105 124 55 124 124 
57 112 124 124 124 106 30 124 120 37 57 11 65 16 16 0 1 81 26 9 45 124 60 1 1 124 51 22 46 124 117 124 7 57 124 42 124 73 99 124 124 121 106 79 124 52 124 25 96 75 16 99 112 42 61 1 28 36 124 124 124 52 124 31 114 64 124 58 69 49 99 
124 4 124 124 106 115 39 88 87 30 28 79 53 34 30 29 0 56 77 53 124 124 7 117 9 124 55 78 124 31 124 81 39 124 76 24 121 87 48 108 124 124 118 124 13 124 102 124 39 6 45 124 99 106 67 124 60 105 82 124 81 25 64 64 109 36 16 61 61 19 124 
108 52 124 124 117 1 124 124 111 51 60 27 20 71 52 6 40 0 74 68 72 76 124 84 124 124 37 91 124 66 99 91 124 124 124 73 6 63 27 124 124 115 124 30 124 12 55 124 124 27 25 100 97 85 63 63 24 103 124 124 39 114 76 91 58 124 114 100 13 67 12 
51 90 12 124 124 1 124 124 3 124 66 24 58 64 52 9 34 54 0 17 124 124 103 124 76 97 52 69 124 10 87 124 60 96 124 103 12 18 30 94 79 124 55 15 124 4 12 6 124 82 100 111 124 79 117 117 124 124 15 124 87 124 63 124 102 76 124 109 124 114 124 
55 124 12 102 93 30 45 22 124 124 6 66 9 79 68 3 45 62 59 0 60 28 117 21 124 70 124 28 40 91 31 124 94 58 58 57 15 91 16 28 76 81 124 46 19 124 57 111 124 124 124 40 124 7 114 124 51 1 124 124 124 124 97 12 60 94 124 124 88 1 33 
124 85 24 121 124 106 7 31 124 31 10 19 102 16 7 39 120 97 58 91 0 40 45 78 78 20 81 41 42 14 121 66 124 48 124 25 88 124 19 45 124 34 10 51 102 121 124 97 43 124 124 76 121 124 124 88 108 124 124 124 93 103 51 124 45 21 124 60 124 30 33 
85 97 43 124 52 124 90 124 52 124 51 42 120 36 124 121 31 7 72 73 67 0 14 40 29 42 43 20 62 80 79 114 72 124 124 37 31 46 103 124 108 109 88 124 124 124 54 57 124 99 112 33 123 124 120 4 124 124 58 102 105 37 55 67 102 124 24 43 124 33 124 
61 124 124 36 69 124 73 124 91 3 124 28 60 42 124 97 120 55 96 102 2 9 0 73 30 22 32 27 35 44 72 30 124 124 124 46 82 106 15 60 124 109 124 25 49 124 124 100 57 81 124 124 102 124 124 90 90 63 70 61 124 118 124 48 117 124 90 25 105 75 124 
6 84 57 76 124 48 124 84 103 82 124 94 36 124 54 124 100 115 3 124 36 1 2 0 24 62 28 18 3 3 12 54 90 48 93 124 124 124 103 124 40 124 6 120 76 19 124 12 112 114 124 16 124 124 106 111 106 124 72 52 9 124 124 124 124 124 99 82 57 9 61 
124 124 43 82 82 124 87 7 67 39 124 124 124 91 124 75 106 124 67 106 51 8 50 53 0 5 36 38 20 37 124 124 124 124 124 124 94 24 124 124 111 121 117 15 4 124 124 25 112 124 124 81 124 79 124 124 124 111 124 24 87 124 6 124 84 124 42 108 124 124 22 
54 25 124 124 25 36 87 66 124 114 82 60 39 49 55 124 4 40 63 103 28 30 9 59 6 0 58 14 30 26 124 124 10 124 124 82 31 42 78 120 124 67 94 102 58 124 28 79 124 21 13 118 109 6 36 124 99 106 91 30 51 37 18 124 55 109 112 117 124 52 124 
7 124 46 27 63 7 69 124 102 124 124 70 124 111 124 34 78 42 103 19 52 27 16 53 46 40 0 42 14 28 124 109 114 40 111 6 97 124 124 124 105 124 124 124 75 57 70 124 72 51 79 123 55 64 97 124 120 103 55 124 18 123 76 67 18 9 105 103 124 124 124 
61 88 4 84 91 19 88 124 109 64 31 12 40 124 124 18 81 124 81 9 34 37 58 28 2 2 36 0 59 20 124 45 121 103 124 124 13 70 123 124 3 54 63 124 88 84 43 27 124 124 121 48 6 123 75 99 1 123 81 124 124 63 124 6 16 124 124 73 16 124 13 
70 124 124 121 99 124 124 90 124 87 84 22 124 114 124 19 124 90 55 124 18 54 22 82 10 44 73 38 0 81 124 121 73 69 33 109 36 120 49 124 55 18 61 88 43 124 16 124 124 99 99 13 124 91 28 124 18 108 15 124 51 73 115 79 124 10 85 97 64 124 37 
1 124 124 61 124 30 109 10 118 124 61 117 52 124 124 124 124 10 31 124 25 72 14 59 74 68 24 5 80 0 124 76 124 79 51 114 123 3 93 54 54 3 34 108 124 124 58 4 51 124 79 124 37 30 100 10 72 124 43 10 19 58 61 22 124 34 124 112 81 46 12 
12 79 73 66 57 124 90 124 30 124 124 108 124 81 118 88 30 57 9 22 124 69 124 118 114 99 124 124 61 120 0 54 47 29 23 27 60 45 43 81 10 124 124 124 123 124 121 124 28 49 124 124 31 66 33 7 112 124 124 40 49 96 124 49 66 124 4 64 64 63 91 
124 91 75 16 124 111 124 124 27 121 40 51 84 124 37 120 81 58 85 124 87 124 49 75 124 13 27 108 124 72 6 0 34 21 77 46 67 4 74 13 124 22 88 84 124 43 70 85 99 124 124 72 85 102 121 124 27 114 63 114 87 52 87 33 82 25 103 124 60 15 24 
108 69 124 60 96 25 3 124 16 49 124 64 16 124 124 81 70 124 37 124 124 124 118 124 43 52 124 58 124 124 32 54 0 46 18 26 17 43 34 64 52 124 69 87 124 124 87 61 115 54 67 103 3 124 124 124 102 124 99 64 69 85 124 48 124 124 1 66 124 27 42 
96 82 3 124 19 124 30 9 124 57 27 57 124 67 124 88 79 111 124 111 124 124 19 124 54 88 124 12 45 103 78 28 64 0 1 75 30 66 1 20 114 103 103 124 124 33 84 124 24 21 124 6 124 124 124 124 28 124 124 124 124 40 91 49 124 39 124 54 16 25 124 
75 115 72 75 124 124 124 124 34 124 124 79 124 124 7 124 16 124 124 124 58 124 70 99 112 51 15 124 124 124 50 56 62 34 0 12 36 66 60 64 124 124 90 123 124 124 67 121 124 93 124 34 120 124 61 78 42 15 124 124 96 124 82 36 124 69 124 40 27 60 72 
24 4 124 124 90 69 124 108 31 42 16 100 124 124 6 18 82 54 46 85 105 30 72 70 54 100 75 124 3 124 35 30 40 32 15 0 20 73 32 59 19 124 99 25 99 97 124 48 124 22 121 18 7 124 72 19 85 12 64 73 88 124 33 124 31 105 124 124 9 19 66 
9 27 76 12 99 124 124 124 64 9 112 124 124 124 57 33 124 30 42 124 115 10 96 90 54 124 21 124 94 103 72 10 13 24 44 55 0 29 81 71 79 124 97 124 78 124 109 55 124 106 46 124 124 34 124 112 124 124 16 118 124 1 91 43 124 67 91 15 96 124 3 
31 27 60 67 109 118 82 124 96 124 9 1 124 40 40 67 124 15 118 66 105 34 124 3 10 102 84 85 1 75 20 56 41 48 14 26 2 0 68 60 7 124 124 97 1 111 9 124 124 85 124 94 27 124 12 124 3 87 69 124 72 33 24 90 24 124 81 124 124 124 124 
96 73 124 31 60 72 124 70 124 15 55 124 124 66 12 115 84 105 111 124 124 61 90 106 15 111 124 111 124 52 74 48 2 30 60 66 80 57 0 52 124 52 21 55 55 102 54 124 93 88 124 73 124 124 88 78 58 76 9 49 120 124 91 75 124 39 124 51 124 123 18 
124 124 112 102 124 28 90 9 120 34 64 63 115 124 124 78 42 93 39 102 124 124 36 46 70 43 42 124 124 99 35 25 28 45 7 38 80 50 26 0 40 72 84 124 37 25 58 13 73 4 7 24 22 124 121 48 54 88 51 124 115 63 46 81 115 124 124 124 124 124 34 
124 124 7 124 88 124 124 87 123 60 15 124 34 10 33 102 124 31 120 124 99 67 124 45 34 31 99 63 124 124 124 75 84 123 46 124 76 111 1 45 0 8 10 41 60 6 26 68 39 32 97 72 19 97 124 91 124 124 115 12 94 124 57 28 124 102 117 37 124 124 19 
54 49 124 124 88 87 124 69 124 108 33 124 40 64 105 63 124 118 78 124 54 4 124 52 124 124 25 124 111 114 124 25 58 124 124 124 103 124 117 90 20 0 81 32 39 42 48 65 74 62 61 124 84 111 124 63 124 70 124 124 124 39 55 96 70 115 42 28 36 69 124 
108 13 124 7 124 57 124 124 55 118 97 85 49 123 94 91 124 30 12 61 58 123 18 64 124 124 57 34 120 124 124 22 55 15 124 124 124 124 81 21 28 56 0 49 41 24 49 48 34 55 124 124 114 124 112 3 70 106 118 124 124 66 102 124 61 105 39 6 124 124 19 
78 75 58 61 124 124 3 124 75 85 123 96 124 123 124 88 109 124 24 72 31 124 124 124 3 121 15 75 124 19 115 97 114 1 82 124 54 9 79 124 27 28 60 0 66 80 57 78 14 6 46 46 46 124 124 37 99 79 61 114 42 87 1 15 124 16 124 124 90 124 13 
9 42 18 115 31 28 13 124 96 118 88 6 22 58 124 124 70 124 124 124 105 124 118 124 114 124 39 88 22 96 124 124 42 73 42 16 124 49 100 124 44 76 23 28 0 79 63 41 34 36 121 94 124 124 124 124 51 124 124 120 85 124 124 31 30 124 34 91 124 97 15 
19 124 19 124 97 100 42 114 15 124 124 124 124 124 105 61 27 37 124 73 124 43 124 82 93 106 100 31 124 111 48 54 40 75 114 9 36 1 100 16 52 40 24 76 65 0 42 35 42 70 81 4 22 78 124 124 78 124 63 124 94 124 66 124 105 16 124 124 37 124 76 
124 124 124 115 37 43 97 36 73 124 124 85 69 124 31 106 124 124 124 82 66 31 124 88 55 124 52 115 123 43 124 115 85 31 124 78 69 124 124 124 15 76 46 30 60 80 0 6 22 48 25 22 87 124 1 124 51 124 61 79 90 64 43 61 124 39 91 33 124 52 16 
43 60 124 72 124 124 108 124 46 115 18 93 21 118 112 124 124 123 42 124 12 1 79 102 7 124 43 19 22 46 36 64 124 91 12 124 63 51 48 100 44 30 8 69 73 49 55 0 79 64 87 124 78 102 124 27 28 124 124 124 124 124 124 124 124 124 7 124 124 12 124 
121 21 64 55 124 118 6 48 124 124 100 94 124 124 124 117 112 124 111 48 124 34 124 124 16 124 106 124 114 124 42 93 124 124 22 124 124 3 109 124 51 60 31 64 78 2 6 2 0 24 117 124 124 94 124 58 4 79 36 7 121 67 124 111 124 124 91 31 48 121 124 
124 46 124 102 48 79 124 10 102 124 124 124 16 36 124 24 124 30 124 124 97 97 30 124 124 31 34 7 124 124 45 124 99 90 73 124 24 33 108 63 72 54 80 82 5 47 70 48 72 0 36 55 124 81 124 124 124 124 124 39 31 46 99 49 7 7 85 100 124 1 124 
124 124 124 30 124 36 3 124 49 31 112 103 28 114 6 57 30 100 6 124 18 4 124 88 93 124 24 40 124 40 31 124 124 124 124 54 124 66 90 76 124 124 51 6 124 124 124 73 124 94 0 51 25 46 50 4 26 26 71 73 54 40 93 54 117 34 78 75 45 114 48 
69 124 28 43 124 124 78 42 124 100 124 124 124 115 66 121 94 1 124 114 124 124 51 112 114 67 60 124 124 124 124 124 124 70 7 124 19 124 3 52 52 78 124 96 22 76 52 124 94 124 65 0 49 16 18 36 42 10 49 76 109 124 124 124 109 124 84 124 124 108 58 
124 90 24 124 73 15 124 121 124 120 118 70 18 52 124 90 96 28 124 70 100 124 25 18 124 37 90 63 124 85 15 21 13 64 124 124 33 85 48 124 124 106 51 124 99 106 121 118 124 124 77 14 0 30 19 62 78 46 76 8 102 79 124 124 73 40 54 21 97 124 121 
81 124 18 87 46 124 115 102 124 124 55 9 12 124 94 31 121 124 36 18 4 49 120 12 124 27 76 90 91 30 124 124 123 124 16 96 7 124 87 46 121 124 93 33 124 91 124 69 120 108 4 6 75 0 28 73 79 42 28 23 30 33 100 124 124 36 76 124 124 124 124 
124 124 75 72 84 25 100 124 24 114 4 124 10 51 124 102 36 70 99 102 124 51 27 102 22 93 48 124 55 111 124 124 97 4 124 72 124 78 46 124 12 79 124 93 109 124 124 124 70 124 41 46 65 73 0 63 69 43 78 64 124 30 69 124 84 25 124 33 36 124 55 
124 67 124 117 109 124 73 124 78 40 123 124 111 85 30 64 85 33 3 3 15 40 124 18 76 124 81 60 37 30 31 90 33 55 103 124 39 75 124 10 76 73 81 94 124 45 124 88 124 124 42 27 60 20 12 0 17 72 45 55 84 124 49 4 4 73 49 124 43 69 124 
36 99 124 109 72 42 124 25 31 124 124 7 19 124 124 46 69 123 52 124 117 124 1 6 103 27 55 109 9 124 42 46 63 70 124 4 124 34 117 66 124 81 100 99 124 39 124 102 46 64 42 52 25 78 20 16 0 76 41 62 4 51 106 63 72 121 27 51 18 105 124 
124 124 9 3 124 124 36 7 97 112 34 4 120 84 124 103 12 97 76 120 63 124 124 124 124 105 34 111 46 124 54 72 75 84 7 124 16 108 69 124 124 124 123 81 69 124 69 3 100 99 12 21 44 61 4 39 68 0 3 30 124 34 105 108 4 108 124 124 25 124 10 
124 55 43 124 124 124 124 36 72 124 85 4 99 124 33 67 37 12 75 79 30 66 123 25 12 108 124 84 3 43 124 111 73 100 49 124 124 70 121 72 124 123 124 85 22 46 73 88 87 93 75 82 80 49 2 72 56 52 0 24 117 31 72 124 124 52 43 19 111 124 115 
66 124 124 124 25 123 52 103 124 58 76 93 30 70 37 69 48 55 13 45 124 124 91 73 85 124 54 39 117 97 49 31 100 48 124 124 124 124 82 124 4 124 40 124 124 124 124 40 3 91 41 30 7 14 69 82 46 48 82 0 105 124 100 42 97 76 64 124 124 100 58 
124 124 21 124 19 78 40 124 124 63 124 13 24 46 55 124 124 57 51 96 124 84 24 81 76 124 102 124 70 123 16 19 76 124 15 124 42 21 124 3 61 124 33 4 48 94 37 109 124 124 37 43 73 36 33 85 3 124 124 15 0 65 30 23 42 22 60 6 52 50 124 
124 52 28 67 18 7 45 67 31 124 124 70 124 64 115 118 75 48 49 51 124 85 30 73 124 108 94 19 124 15 51 67 9 117 124 124 124 49 40 100 76 10 124 114 45 105 96 82 108 124 102 124 52 111 66 118 19 16 6 45 18 0 20 62 75 19 21 58 25 64 49 
87 124 69 9 124 120 85 79 109 79 105 85 70 55 124 9 100 3 76 124 10 82 18 114 48 118 33 106 30 124 55 124 10 124 19 124 106 124 33 37 124 31 34 10 84 97 124 78 124 45 60 42 124 124 1 96 124 124 18 124 13 7 0 45 3 68 41 34 13 38 75 
13 85 109 22 103 58 121 103 118 39 124 124 124 6 124 121 124 42 124 9 69 42 75 124 88 42 124 120 75 124 124 1 124 67 16 124 124 64 16 124 58 75 124 30 108 79 61 102 124 124 100 90 58 124 90 45 66 7 97 124 60 50 11 0 42 24 46 52 8 1 115 
117 124 15 124 124 103 85 106 120 88 124 87 51 124 54 6 82 9 61 57 60 88 124 64 124 124 45 10 55 61 54 43 46 114 124 124 111 117 75 61 96 22 124 109 124 124 124 124 124 124 97 73 124 123 66 34 124 124 124 90 10 48 42 80 0 24 34 45 33 73 1 
124 124 73 4 124 93 42 124 67 19 70 6 124 69 124 81 124 73 36 3 30 124 34 42 79 70 124 124 124 31 124 34 124 9 31 106 124 1 99 124 124 108 84 28 10 124 124 46 124 90 63 124 97 124 111 72 124 61 42 124 26 20 22 33 42 0 18 54 42 45 85 
84 124 39 87 112 24 22 124 12 124 13 15 43 115 124 15 81 112 117 61 124 6 124 73 93 124 33 1 67 108 37 124 73 73 124 109 4 52 124 124 120 76 75 124 78 30 48 16 13 124 49 112 43 90 76 30 63 91 28 124 15 8 12 48 48 76 0 72 19 17 33 
124 124 99 117 28 64 124 7 111 39 124 108 124 6 124 30 43 124 102 124 124 112 21 112 124 124 96 39 34 124 31 124 7 55 124 81 124 34 124 43 100 124 124 112 124 124 124 58 97 124 43 124 97 9 36 63 102 106 105 25 72 14 32 78 41 9 14 0 51 55 124 
124 16 124 124 15 124 99 3 124 42 63 46 124 108 30 112 3 39 52 124 57 37 28 124 55 40 73 124 99 97 13 79 33 124 123 124 117 124 124 81 106 40 12 124 4 28 124 124 63 124 67 124 76 112 60 75 45 70 63 124 53 58 31 2 46 41 16 24 0 29 58 
21 124 70 36 112 57 24 39 124 124 87 34 123 55 12 124 21 124 114 124 124 124 124 124 37 124 124 124 72 73 51 69 124 124 13 124 30 124 7 40 76 102 79 90 37 13 124 124 48 124 88 67 91 40 48 124 82 69 124 58 6 65 56 29 26 18 13 73 16 0 105 
124 57 91 108 55 60 15 49 121 124 43 121 96 124 99 115 82 63 124 124 124 124 72 19 36 48 3 124 124 124 108 76 16 36 124 42 25 7 124 124 124 124 3 58 124 124 16 124 78 124 27 124 124 124 124 51 124 79 33 124 124 40 72 124 112 78 124 64 105 124 0 
