n: 70
m: 2
Pi:U[1-99] 55 55 9 7 11 79 58 33 53 11 28 26 47 31 87 93 33 86 16 98 18 3 71 62 91 5 66 62 64 32 81 52 90 10 42 79 47 40 29 81 40 8 85 52 4 10 15 68 42 6 74 18 83 1 5 34 74 6 36 7 51 2 17 46 69 55 15 58 51 20 
Si:U[1-99]
0 41 23 27 62 34 41 37 23 38 91 78 7 96 36 27 43 99 70 46 57 99 99 22 9 51 33 99 87 99 25 63 91 99 99 30 88 99 99 69 33 99 99 88 99 73 99 88 85 99 99 99 99 79 27 99 57 39 99 99 60 99 99 99 46 19 61 99 10 99 99 
34 0 48 27 47 0 52 60 18 64 99 99 88 27 42 81 39 99 3 1 70 76 87 70 99 82 99 85 60 70 67 75 72 46 30 64 33 88 99 99 55 96 51 99 4 82 48 94 21 42 99 99 40 67 55 15 39 34 96 99 18 67 10 99 99 72 99 84 88 99 99 
34 19 0 65 39 16 36 18 30 48 99 6 45 49 78 60 18 58 99 99 79 99 67 99 13 22 99 75 99 73 37 99 99 94 33 12 99 99 99 30 66 30 96 1 99 31 4 48 48 55 30 75 96 66 63 73 25 79 52 99 99 99 99 45 42 84 52 99 99 12 3 
11 33 6 0 25 28 39 53 45 41 99 36 76 39 51 48 87 90 99 64 21 10 58 57 3 27 12 99 31 96 60 78 99 97 99 99 57 16 93 94 99 99 76 99 9 30 22 58 81 25 64 19 13 39 28 99 49 99 27 96 81 91 99 52 82 43 66 52 43 94 12 
34 9 23 30 0 34 29 60 46 22 99 39 64 45 99 45 91 99 15 99 64 21 87 12 30 99 78 63 94 96 39 22 99 39 99 84 99 99 99 55 82 12 12 99 99 99 12 99 76 10 37 42 78 99 28 16 99 6 49 99 99 34 99 45 60 64 4 39 81 99 33 
10 22 30 32 9 0 32 18 21 37 85 43 45 70 81 99 99 40 99 99 99 99 28 49 99 49 87 24 28 45 3 34 99 84 84 46 99 97 99 36 99 18 4 99 42 18 57 99 99 99 99 52 99 99 99 61 18 70 51 63 99 99 70 99 30 99 99 99 93 99 99 
37 64 27 34 20 33 0 9 10 11 12 15 85 72 85 40 55 78 99 99 99 99 31 19 99 31 63 66 34 45 99 12 99 64 16 99 99 27 39 24 25 99 99 84 99 99 39 33 52 21 99 40 99 99 84 9 73 22 15 70 96 24 49 99 82 51 13 6 61 36 42 
30 48 2 20 25 34 48 0 6 2 45 75 54 90 99 24 99 76 99 99 46 43 99 63 99 34 99 49 66 37 27 25 52 60 73 99 69 99 54 21 99 34 99 18 57 97 99 54 7 81 40 10 39 97 99 88 69 97 97 96 99 18 43 55 40 19 31 25 85 99 33 
11 43 30 14 35 56 63 64 0 49 1 73 15 57 61 21 46 45 99 43 33 99 87 51 99 82 97 84 63 39 54 61 70 1 52 99 82 99 18 16 99 93 99 94 18 37 48 12 58 45 99 25 6 3 55 90 28 99 19 66 97 94 46 72 34 99 82 75 1 57 28 
53 56 11 40 36 58 41 57 18 0 99 4 99 7 33 81 91 10 12 63 99 99 99 99 99 9 36 99 96 31 33 90 99 99 88 42 99 99 99 99 46 18 79 81 42 21 94 99 99 9 99 31 7 99 69 40 10 55 34 58 99 87 99 4 10 99 94 46 99 48 1 
45 60 99 19 99 27 99 25 99 54 0 17 54 60 50 33 33 18 66 51 34 78 99 49 99 99 6 27 15 99 22 99 76 99 30 81 9 82 69 99 90 57 61 99 40 63 67 36 39 99 43 72 87 99 99 99 57 99 51 1 91 3 99 60 45 15 49 99 42 79 99 
99 99 75 52 19 99 99 63 99 4 66 0 17 23 2 18 32 62 29 36 57 99 99 9 99 93 99 99 79 31 79 33 99 36 99 4 57 99 33 40 22 79 61 33 61 99 3 45 7 99 90 63 99 90 99 40 97 63 36 99 42 22 75 94 25 99 54 22 99 99 54 
99 99 99 12 90 3 99 99 99 99 44 15 0 13 35 22 53 24 7 60 69 19 37 88 4 76 48 33 61 99 22 99 99 1 1 99 97 99 99 99 28 94 63 88 96 15 25 82 63 58 99 16 91 99 39 54 99 22 93 34 91 99 10 99 99 99 99 42 21 3 28 
99 99 43 99 96 99 91 93 7 99 24 24 44 0 36 8 8 46 6 44 10 99 99 99 99 99 3 40 99 3 64 33 45 33 99 78 21 99 9 25 49 21 91 57 33 43 16 99 99 9 75 99 24 93 99 99 70 87 99 82 85 1 60 61 99 31 99 73 48 42 87 
55 49 39 61 64 46 61 54 99 99 49 52 25 13 0 6 56 18 40 5 99 13 57 99 57 99 99 69 22 99 99 37 52 99 93 19 99 99 87 99 30 24 43 69 84 9 67 99 54 99 3 99 99 58 79 99 88 67 24 40 70 99 39 85 99 97 27 99 46 27 99 
13 27 27 78 43 84 7 78 31 76 50 27 36 16 63 0 50 23 18 60 81 31 40 42 48 60 61 55 97 70 99 61 96 90 57 99 6 99 9 75 99 37 66 25 1 13 99 6 54 42 15 99 70 99 99 99 99 99 51 99 55 67 24 49 99 36 99 99 91 78 99 
94 30 30 79 64 78 30 63 46 69 59 24 38 4 45 18 0 38 45 32 30 55 99 99 18 99 88 99 34 97 27 99 9 99 88 9 99 63 99 31 42 36 49 7 99 57 93 99 31 64 39 99 99 63 40 99 46 79 96 99 99 9 52 94 94 91 16 99 55 55 99 
99 12 73 99 99 58 58 99 63 99 2 61 55 30 46 32 17 0 46 60 99 99 40 99 96 96 99 99 99 66 99 51 75 52 99 16 97 99 99 34 99 99 99 99 48 13 69 7 99 99 52 99 99 37 99 91 43 6 99 3 99 61 99 12 99 40 99 82 96 78 48 
99 34 73 67 99 99 22 96 99 39 51 37 42 42 27 61 28 24 0 25 63 49 40 36 79 54 79 99 99 33 12 99 99 99 99 99 99 48 66 99 60 7 54 99 99 7 36 99 99 6 96 99 69 46 22 66 90 51 99 24 78 58 78 69 84 10 99 21 88 82 69 
49 99 99 63 4 55 39 99 99 12 30 5 28 3 58 44 63 40 20 0 99 64 25 69 99 27 31 99 90 99 99 12 99 88 58 99 25 7 33 99 99 45 67 99 91 22 30 99 75 79 99 99 37 34 6 21 99 16 99 99 12 99 99 22 19 27 40 99 81 99 36 
58 96 13 12 82 88 99 21 99 99 99 81 72 99 99 99 28 99 99 99 0 54 56 64 15 33 54 14 46 26 27 55 91 54 99 99 43 78 64 18 82 55 99 40 96 6 24 19 21 64 19 60 99 70 60 81 4 67 45 99 87 49 99 99 78 99 55 99 16 99 24 
99 97 4 88 43 7 60 99 52 99 99 99 99 9 99 99 99 10 45 97 63 0 31 23 27 56 61 16 62 4 99 4 96 96 99 7 96 33 67 51 7 55 54 99 69 48 31 99 69 69 22 99 99 99 99 99 76 13 76 99 10 88 51 70 99 99 4 42 99 37 33 
99 63 96 13 99 60 4 99 81 70 55 99 90 21 24 87 99 33 66 15 14 2 0 43 57 65 37 48 48 3 67 73 99 99 99 30 22 66 99 99 96 24 87 51 99 99 64 99 51 99 93 15 99 99 99 10 99 99 61 99 99 90 1 75 91 39 75 7 99 9 99 
48 36 75 99 99 99 99 55 25 99 1 99 34 51 13 88 9 7 58 99 64 56 10 0 1 35 24 26 54 40 46 99 15 48 97 6 99 3 52 99 99 22 99 99 99 93 25 28 16 79 52 99 99 99 99 67 36 36 63 12 99 70 39 63 88 3 99 88 54 97 22 
10 94 57 39 99 40 22 6 76 99 51 52 12 55 93 25 9 99 99 76 19 40 62 48 0 28 47 60 62 2 64 4 99 54 6 57 52 99 84 49 99 99 99 99 72 40 15 99 99 15 69 94 99 99 33 99 99 7 99 52 99 52 64 99 16 48 99 54 99 99 90 
99 99 99 28 49 99 96 99 69 3 78 75 1 28 99 70 99 99 10 55 39 32 60 20 38 0 26 18 30 37 93 21 84 99 99 73 99 99 15 42 69 48 99 99 42 99 79 99 40 90 46 99 85 40 31 69 99 97 99 6 48 99 99 43 99 58 75 67 42 22 60 
51 78 99 3 18 99 99 94 13 99 99 99 93 33 4 99 78 12 99 61 37 43 44 20 0 1 0 17 64 16 76 66 99 31 99 91 27 10 97 99 75 75 34 12 76 85 1 6 9 70 99 18 99 99 99 99 37 99 7 6 96 30 99 15 99 99 66 10 6 37 64 
36 99 90 46 12 84 31 99 99 99 99 70 99 99 70 87 78 57 21 13 56 64 5 23 61 20 9 0 8 62 54 51 99 57 27 63 45 25 99 99 13 37 19 63 46 30 99 99 58 34 22 37 99 99 66 22 99 99 63 99 99 99 4 99 99 97 99 99 28 54 99 
99 76 70 99 99 99 10 57 75 99 85 82 46 99 99 51 63 72 15 99 5 26 36 24 12 62 36 1 0 48 88 3 18 39 24 99 67 34 4 15 99 99 99 97 13 99 78 27 99 49 21 25 93 28 99 45 37 99 90 99 99 99 22 43 45 18 79 49 87 99 99 
79 13 99 99 6 99 52 34 99 39 75 46 28 31 46 93 31 96 73 67 48 65 34 4 15 48 65 54 49 0 37 99 99 99 99 94 99 66 36 36 99 21 42 99 99 9 58 99 24 64 87 22 70 99 99 40 99 54 99 99 99 99 7 99 99 57 33 57 99 96 99 
99 99 99 99 99 4 99 99 24 99 60 57 69 88 52 82 73 24 46 87 34 99 99 16 99 88 99 99 99 7 0 16 14 47 29 43 4 14 31 16 88 79 99 39 88 78 87 99 9 13 99 99 99 19 3 33 78 99 46 37 4 76 99 69 21 99 99 99 99 99 22 
66 37 99 99 40 18 45 70 97 93 54 34 36 70 40 49 99 69 99 81 13 96 94 42 39 99 99 40 22 16 26 0 66 59 9 52 5 8 37 30 58 43 99 82 99 34 57 99 57 99 58 99 63 6 31 99 99 31 42 99 99 99 21 15 99 99 39 99 42 33 99 
99 36 49 27 49 24 72 15 93 99 93 48 99 99 75 93 64 99 28 57 99 40 31 54 43 96 40 99 99 57 34 21 0 24 20 15 6 37 19 53 99 99 91 99 37 66 99 99 99 63 45 81 99 37 91 99 99 99 99 99 55 76 43 64 63 99 33 99 91 94 76 
91 48 99 24 24 99 99 55 99 25 51 55 99 43 36 37 4 70 3 78 49 48 10 48 99 99 61 69 85 99 38 44 22 0 22 1 34 41 18 22 63 33 25 88 69 99 99 31 82 99 99 96 99 99 99 99 46 51 78 3 99 34 63 73 36 91 93 39 31 25 63 
28 66 67 76 99 99 99 93 36 99 99 37 45 33 85 99 13 4 4 99 94 21 99 60 91 99 64 99 99 67 50 39 66 14 0 57 36 24 42 50 99 97 97 91 99 99 99 4 99 88 43 99 99 99 99 99 99 81 61 54 99 37 49 88 18 9 73 9 51 75 13 
99 99 15 99 18 78 10 99 88 25 99 1 99 21 57 75 87 33 34 99 40 51 66 16 99 99 99 28 99 87 30 48 3 23 42 0 29 49 41 54 1 99 99 27 99 1 78 42 99 99 99 34 61 36 15 99 99 10 99 69 15 13 27 22 34 99 31 99 36 99 99 
10 90 99 99 99 45 94 25 99 97 99 30 99 10 96 15 75 66 99 18 99 99 99 31 99 36 30 96 22 99 27 16 8 11 6 1 0 46 4 16 16 99 99 58 31 60 99 27 66 99 42 21 99 94 19 99 99 13 63 99 7 99 48 43 28 60 48 22 37 85 99 
4 99 18 58 36 99 39 54 42 13 94 99 97 24 27 85 99 99 15 99 97 54 99 4 99 69 42 99 28 99 35 36 30 22 13 18 52 0 38 55 63 36 99 28 67 99 49 16 79 67 27 99 93 99 99 99 1 34 99 99 99 99 39 99 99 79 99 99 72 99 15 
99 43 99 19 99 93 12 99 81 99 97 66 99 99 79 7 12 6 96 69 99 7 73 99 90 99 9 21 99 67 52 54 28 38 63 23 26 48 0 7 99 84 49 27 4 99 99 24 16 94 88 99 99 96 90 96 58 33 99 64 34 15 70 84 99 22 37 63 42 99 88 
64 99 16 4 61 87 55 99 99 31 3 12 54 99 70 99 51 61 99 49 55 99 99 25 99 99 43 52 99 13 26 15 15 30 8 53 54 56 10 0 94 91 24 40 99 94 99 99 63 34 60 36 99 9 81 87 99 99 24 99 19 16 99 60 63 99 49 43 79 99 87 
18 99 64 91 99 40 99 99 55 69 99 99 75 91 34 25 31 39 99 52 99 99 99 88 93 4 64 1 99 90 63 64 40 96 12 69 43 27 13 3 0 56 60 0 10 20 56 66 30 54 99 7 99 99 21 6 7 99 27 99 99 99 3 54 36 7 61 99 82 57 33 
79 73 99 87 88 7 99 99 75 99 66 99 46 88 36 55 9 10 19 27 55 99 63 36 70 90 39 72 60 33 99 18 82 51 99 6 99 99 99 21 40 0 65 56 10 14 40 35 21 6 60 57 99 99 15 63 99 37 51 88 72 1 99 99 94 94 99 91 99 27 99 
99 67 57 64 93 28 99 99 12 88 27 99 10 27 99 43 99 16 93 99 99 99 81 99 99 99 7 54 78 52 99 63 99 70 87 49 28 99 81 99 66 16 0 38 44 63 30 32 5 42 39 97 45 99 99 3 99 30 19 97 99 24 66 37 99 99 99 99 61 34 10 
93 99 99 99 22 42 99 49 58 99 99 94 25 12 78 99 52 57 57 99 99 42 99 99 51 30 39 99 7 49 73 40 70 96 99 63 99 33 30 99 6 17 60 0 64 11 1 44 50 24 99 75 97 79 99 34 99 39 99 99 78 99 22 99 99 99 10 9 99 99 21 
18 94 99 99 7 99 84 99 39 84 13 99 18 28 99 88 10 61 33 3 6 13 55 42 22 99 99 88 99 99 99 52 99 99 99 25 49 96 99 85 15 58 63 54 0 4 12 18 36 28 30 99 99 99 43 37 57 40 99 28 99 73 12 99 99 99 22 99 39 73 22 
99 7 48 15 99 24 99 99 99 99 45 88 3 99 88 4 99 48 97 28 43 13 27 88 13 99 99 99 94 15 99 99 24 99 1 48 99 99 99 99 8 18 35 6 34 0 27 18 38 45 79 99 79 99 22 15 73 73 16 55 99 99 57 15 99 15 99 37 36 75 99 
99 39 60 99 49 51 99 99 6 19 99 88 43 99 64 54 99 99 97 49 4 37 52 4 99 16 79 90 99 15 58 99 60 99 99 46 76 99 93 99 34 0 11 66 46 6 0 51 57 39 55 76 61 46 4 90 99 4 99 60 99 9 19 99 99 10 87 90 96 46 99 
75 99 1 99 36 75 99 3 99 99 99 52 16 72 99 99 99 99 79 67 99 99 99 85 99 3 34 54 19 4 99 6 82 99 99 99 85 55 63 69 34 21 30 41 20 22 40 0 40 48 4 55 1 66 99 31 18 99 67 64 37 99 99 37 51 30 51 99 30 57 7 
99 99 39 52 36 1 52 57 99 85 73 99 36 87 63 61 99 19 66 99 54 58 58 42 55 30 88 43 99 93 99 72 99 24 99 99 97 99 78 99 39 37 50 58 54 35 5 64 0 59 36 88 99 99 1 48 33 19 57 6 16 75 21 99 85 25 54 55 99 46 60 
84 51 45 67 25 99 85 99 99 99 16 99 58 52 15 99 55 99 99 66 10 72 99 45 99 90 69 99 99 48 3 75 88 99 19 3 18 22 45 99 32 48 3 47 19 6 56 58 15 0 40 19 99 33 99 52 66 33 28 63 99 73 99 78 99 48 30 33 69 27 99 
31 24 46 43 45 64 99 34 99 99 49 33 99 25 24 90 61 81 55 84 21 39 39 10 48 99 16 1 99 99 78 99 99 40 99 87 88 69 18 34 46 99 27 4 96 33 9 61 45 37 0 25 48 42 13 8 3 34 57 34 99 91 99 12 1 99 21 93 99 85 67 
49 45 99 57 1 18 78 94 63 61 45 99 66 25 66 34 40 67 49 61 99 99 99 84 64 90 12 15 99 37 6 96 73 60 37 12 82 18 6 42 40 28 28 46 99 54 30 64 16 4 50 0 50 28 49 26 26 48 28 2 3 51 27 51 99 55 40 13 85 99 48 
61 33 99 99 99 99 70 16 7 39 58 90 99 75 49 72 55 22 84 99 73 99 99 28 78 99 13 99 99 42 34 97 99 67 70 87 99 48 99 70 88 99 94 12 46 99 70 40 69 99 66 9 0 6 56 14 32 41 34 46 73 99 99 66 63 3 99 21 46 36 99 
99 82 99 99 69 99 99 99 21 45 99 99 99 51 99 61 99 99 15 63 78 57 55 99 88 28 99 99 22 81 75 99 99 75 81 42 99 54 42 3 99 3 61 99 99 73 90 10 99 9 56 38 57 0 2 6 43 15 27 15 82 6 6 99 99 78 99 99 99 15 91 
30 99 34 45 97 94 57 46 96 18 72 99 99 99 99 99 39 54 61 18 19 46 99 99 99 10 99 99 55 84 66 90 99 54 63 42 99 1 66 99 31 99 99 82 12 45 99 99 48 39 6 53 28 57 0 32 56 6 18 46 49 79 91 43 99 84 84 99 3 21 9 
61 7 99 99 82 94 79 1 99 54 60 99 52 85 58 99 99 46 61 99 64 58 99 90 99 66 48 73 43 99 24 63 99 15 40 70 99 99 75 9 37 94 99 61 99 42 13 99 10 99 8 36 30 26 34 0 35 54 5 51 99 99 99 18 79 99 99 81 7 57 78 
30 99 43 24 99 46 16 4 99 24 82 48 16 99 45 99 51 28 93 10 25 90 67 49 49 34 99 72 42 99 48 99 66 9 48 51 60 64 1 75 31 70 99 34 63 54 99 99 34 61 44 56 17 13 26 6 0 64 2 60 99 99 7 99 97 99 7 75 13 99 27 
82 67 16 99 45 15 55 33 99 9 99 69 99 51 33 69 79 99 30 75 61 99 55 42 99 57 31 99 94 90 39 6 99 99 99 12 63 4 27 39 1 93 3 12 45 99 84 45 39 84 40 58 40 9 45 65 56 0 42 12 49 99 21 88 93 99 52 99 99 27 46 
39 99 57 99 58 57 82 99 54 57 99 34 49 99 99 54 99 54 99 99 64 13 99 99 66 9 51 40 99 99 55 69 15 99 99 15 57 99 60 30 99 97 30 99 90 6 45 28 12 43 48 46 14 50 6 58 53 27 0 32 64 99 46 40 99 33 99 99 99 99 72 
99 99 57 99 76 99 99 25 99 57 49 78 73 54 57 99 57 99 99 48 99 75 10 30 99 99 99 99 6 82 93 6 96 99 79 42 81 46 99 88 51 81 94 40 99 12 82 97 99 72 6 62 26 14 6 59 25 53 40 0 42 99 99 4 33 99 22 15 99 99 99 
1 99 39 99 22 99 94 99 61 79 21 97 82 30 73 99 75 76 90 85 96 99 21 99 48 21 99 36 99 72 34 87 73 99 69 49 72 99 99 99 81 99 99 60 1 75 61 16 99 99 99 88 99 99 7 25 79 48 99 24 0 34 45 31 60 63 27 60 10 34 99 
96 99 84 99 99 99 99 34 99 30 16 99 94 99 99 22 16 99 46 99 27 94 73 99 18 81 25 99 99 72 28 67 82 46 99 60 99 99 99 61 36 99 99 66 15 99 97 87 88 72 18 99 10 75 49 7 12 99 99 99 62 0 38 4 59 59 48 44 18 48 6 
22 99 76 69 57 99 99 66 99 66 99 99 21 6 99 96 99 99 63 99 99 25 99 78 54 24 81 64 75 99 99 31 57 45 39 13 99 99 96 75 99 42 37 34 1 99 76 99 43 70 69 99 57 45 99 46 15 12 99 99 19 35 0 8 20 26 64 61 8 41 82 
64 99 15 99 99 87 52 99 99 1 99 99 9 4 4 7 81 22 99 12 99 87 99 99 99 99 99 54 42 91 99 19 81 25 63 27 45 99 99 28 58 88 99 99 64 7 99 99 90 18 52 82 43 75 30 99 43 99 99 99 63 1 18 0 16 47 0 19 2 24 99 
73 75 46 99 45 55 36 99 93 73 99 99 93 82 99 99 99 99 87 99 51 61 99 99 58 99 99 66 72 91 99 21 4 84 94 99 99 24 37 18 19 21 96 75 12 99 99 34 99 99 99 51 3 99 58 42 12 99 66 1 54 33 2 43 0 59 30 18 9 60 99 
42 82 75 84 99 27 16 15 51 93 61 46 79 70 97 6 67 99 9 31 99 90 19 58 84 87 15 93 97 79 99 66 49 99 48 67 99 60 25 99 52 16 99 18 12 99 99 99 49 96 99 97 19 3 64 99 28 99 99 91 45 21 20 61 36 0 30 16 23 48 33 
18 87 40 66 3 34 88 99 97 73 99 99 94 37 99 90 99 9 99 46 60 99 99 24 60 82 18 94 99 66 87 99 15 7 22 99 55 99 99 31 7 99 99 99 88 31 99 99 88 99 99 96 93 45 99 66 99 7 57 84 24 65 46 20 23 10 0 27 38 22 10 
99 66 99 99 40 10 99 25 99 54 99 16 99 18 78 85 87 93 99 48 46 31 76 99 30 39 99 99 99 33 45 39 73 99 54 87 81 13 16 99 58 99 45 31 43 51 49 94 87 99 99 99 99 45 99 93 99 99 25 49 34 3 5 20 21 1 42 0 2 57 99 
10 58 99 69 99 24 94 39 18 84 52 12 22 76 63 88 1 10 51 99 48 87 99 99 99 99 99 9 94 99 93 39 88 99 75 99 10 51 55 10 85 30 10 43 99 99 99 30 99 3 52 66 12 99 42 99 75 85 22 78 55 38 3 25 28 0 23 59 0 27 99 
67 42 99 99 13 70 4 33 99 64 67 67 1 99 99 4 99 22 76 72 72 30 85 51 96 99 24 72 34 99 33 99 93 61 7 4 4 99 99 46 99 99 99 75 55 82 6 81 99 99 78 99 36 4 81 93 90 82 88 18 18 64 0 24 40 52 58 49 26 0 60 
99 18 34 99 99 15 60 99 90 4 60 99 7 36 99 15 82 99 52 79 9 24 66 9 97 99 51 99 54 60 13 76 99 99 69 30 99 13 99 99 34 49 99 36 99 1 6 99 99 70 40 16 99 67 49 37 13 99 99 99 99 12 99 31 42 57 94 99 99 51 0 
