n: 70
m: 4
Pi:U[1-99] 20 77 52 74 91 54 40 60 98 51 14 44 97 47 76 76 66 30 48 13 91 82 1 79 58 22 3 82 9 58 88 30 12 62 89 30 91 25 66 91 3 51 36 33 25 68 68 47 47 62 96 78 46 60 99 29 50 40 93 85 16 9 98 82 22 23 25 62 6 32 
Si:U[1-124]
0 18 31 51 56 28 17 52 47 42 21 21 70 115 124 64 99 124 91 1 124 117 46 90 67 117 103 124 115 10 124 27 42 108 117 121 124 124 33 19 78 124 72 109 99 124 55 124 124 124 124 124 25 9 124 121 76 30 124 46 49 124 90 69 124 87 102 57 66 34 124 
6 0 55 61 59 54 56 53 58 67 124 124 28 9 70 123 100 67 124 21 25 49 82 124 57 124 124 105 93 72 124 124 3 87 124 45 124 1 78 124 124 124 124 27 124 87 109 124 124 124 19 103 75 46 102 66 111 28 123 124 94 124 109 16 84 28 42 124 124 25 124 
30 38 0 78 10 10 4 45 39 40 43 124 19 124 19 112 84 49 124 55 124 111 39 124 87 124 124 124 114 124 4 120 124 117 124 124 43 34 52 124 75 118 124 49 52 6 87 61 124 31 12 124 124 22 111 124 114 79 19 61 124 73 124 124 69 15 124 124 19 24 121 
40 29 20 0 21 82 7 33 62 74 67 22 121 124 124 120 124 121 124 36 72 124 57 70 124 124 124 124 124 10 12 124 55 39 51 124 124 124 10 25 3 33 76 124 61 18 124 121 46 124 124 4 124 3 124 82 120 60 46 84 61 124 39 124 42 85 46 124 124 124 124 
33 38 81 20 0 68 78 19 71 2 36 103 124 19 124 27 112 124 124 76 124 9 124 63 124 72 124 40 103 6 69 96 124 40 13 124 97 9 124 75 124 91 31 58 124 109 124 85 34 34 30 124 99 124 124 108 93 88 24 124 54 4 108 31 55 30 96 124 58 124 78 
10 8 36 35 24 0 38 18 79 20 66 124 1 6 124 124 123 88 18 106 33 42 100 64 124 124 15 124 124 124 96 100 124 124 1 21 82 108 124 112 49 99 55 90 52 33 45 124 28 66 10 124 124 6 24 3 124 57 88 124 124 3 63 124 99 13 78 36 124 114 121 
73 82 37 9 65 44 0 32 12 82 124 124 91 88 124 111 117 124 124 57 67 9 124 124 19 75 124 124 99 124 124 112 78 120 9 49 72 43 28 18 115 105 55 124 55 36 124 124 15 66 25 99 124 117 124 124 115 111 13 124 31 24 49 93 112 13 73 67 19 27 88 
10 23 66 63 73 60 38 0 44 70 87 124 1 88 64 124 112 90 60 124 37 10 124 124 42 55 85 114 124 106 124 87 124 124 9 124 39 124 124 10 6 24 124 124 124 124 7 123 40 96 16 31 22 124 69 124 124 30 18 79 63 124 124 105 3 22 124 82 70 85 124 
2 4 80 72 11 12 18 70 0 1 106 124 124 124 124 124 124 10 13 69 18 124 124 22 124 124 60 124 124 124 6 18 97 66 10 60 124 108 124 60 82 124 36 78 33 99 115 64 124 124 9 124 124 124 124 124 33 124 124 117 48 124 19 73 46 37 124 39 124 124 84 
57 54 72 40 44 12 76 32 66 0 124 96 124 9 57 124 105 9 124 28 30 82 51 94 79 124 88 13 81 10 51 55 106 112 57 124 52 96 3 124 33 124 124 3 124 69 52 124 1 124 124 124 105 124 124 124 72 115 36 124 96 124 3 31 124 46 24 124 82 6 24 
124 12 124 96 115 124 15 72 1 124 0 60 57 22 1 64 20 22 74 76 45 87 112 124 78 61 124 64 124 88 78 105 10 124 124 57 57 91 66 28 105 67 124 52 28 45 31 120 87 60 22 28 46 124 34 69 124 72 91 124 79 55 94 79 109 102 51 124 124 78 30 
52 124 90 102 3 124 37 43 124 75 26 0 30 42 72 32 28 31 64 64 124 61 30 112 124 85 103 94 73 124 88 124 124 124 117 61 18 24 124 28 43 19 124 124 33 103 124 34 28 51 124 124 124 24 124 112 87 42 46 124 85 106 124 79 60 124 37 22 124 73 124 
124 103 15 124 124 66 66 124 124 124 63 42 0 66 18 21 24 55 26 5 46 46 124 87 40 115 124 25 16 124 67 124 93 124 93 99 66 96 84 124 124 52 97 73 124 91 49 112 112 118 124 46 12 124 64 66 124 108 100 88 124 79 85 52 49 1 124 72 111 111 124 
114 81 82 46 124 7 34 57 55 69 8 8 39 0 13 50 50 36 1 65 103 48 124 124 49 60 15 124 67 13 121 9 64 21 84 12 117 87 124 75 124 55 124 31 24 63 97 30 75 73 124 66 124 70 124 31 124 105 90 10 124 12 121 124 22 66 118 30 91 124 76 
108 124 124 124 48 63 24 124 22 124 7 71 2 0 0 63 4 4 2 28 124 46 28 124 33 70 124 124 85 124 13 124 96 93 124 37 120 90 54 124 124 94 48 124 54 88 124 6 79 13 124 103 114 100 55 85 45 45 124 124 39 124 124 37 30 124 124 82 10 124 1 
52 1 124 90 109 27 124 9 121 30 48 18 44 31 50 0 6 42 27 63 112 124 1 30 76 124 79 63 27 111 15 25 7 19 124 48 18 57 124 124 64 124 124 94 124 124 24 28 58 45 124 99 55 61 87 103 124 124 33 91 124 108 118 64 30 31 124 88 94 124 39 
124 124 106 12 12 21 93 40 124 117 70 59 74 35 4 56 0 46 45 80 124 51 39 55 96 124 124 72 99 67 66 45 12 91 97 79 75 49 18 124 78 124 124 91 81 36 124 7 124 73 124 70 67 91 75 27 33 16 124 18 18 124 33 63 45 78 124 124 54 40 124 
49 124 52 124 124 28 108 57 21 99 14 63 28 58 20 69 3 0 82 68 67 124 52 42 124 99 118 100 124 51 75 115 63 124 124 43 124 120 108 124 124 97 33 4 115 124 124 124 61 27 12 124 124 54 124 67 124 124 67 124 67 124 124 10 124 115 118 124 124 45 93 
24 124 96 54 124 118 124 10 88 27 62 48 37 42 70 58 42 78 0 64 121 21 51 49 105 124 124 52 25 45 46 3 4 54 1 22 114 91 7 70 120 64 85 124 124 45 54 124 124 94 124 72 45 70 124 124 70 124 72 57 6 124 91 61 24 45 90 124 21 124 124 
33 34 46 30 21 124 70 12 91 124 72 80 48 35 44 64 70 62 65 0 63 6 106 43 51 42 124 67 25 90 124 97 121 39 15 124 54 124 90 124 90 36 63 3 121 115 28 99 1 72 72 49 13 54 1 124 25 7 55 124 4 111 72 124 124 31 124 120 117 124 124 
37 106 124 90 124 124 124 90 123 124 7 10 124 121 43 21 16 30 124 96 0 44 6 62 68 28 27 60 72 14 10 124 115 87 10 124 111 40 43 78 42 33 124 54 124 93 70 108 94 72 39 124 124 124 93 114 124 81 124 87 96 25 87 24 30 48 124 16 49 13 124 
96 64 66 124 13 49 124 40 88 124 124 46 19 75 124 124 18 124 40 114 61 0 47 60 21 48 65 45 56 65 31 117 124 75 94 3 124 114 27 124 124 121 124 7 61 124 124 48 57 90 124 40 39 63 63 106 124 64 124 1 67 72 40 88 124 3 124 124 124 124 124 
114 18 39 105 124 123 120 46 64 111 58 103 12 102 109 78 16 66 49 99 39 79 0 55 65 5 54 28 59 81 21 52 72 67 111 121 124 109 79 87 51 123 108 93 43 115 108 103 39 31 70 16 37 124 31 124 93 124 63 78 124 103 85 102 4 58 37 88 48 30 76 
124 124 124 93 3 55 115 3 124 40 63 124 124 15 39 124 120 121 84 124 2 12 22 0 22 30 62 52 2 74 105 124 87 124 88 124 124 31 124 52 67 15 124 124 124 124 75 124 16 84 124 63 57 106 57 100 52 43 99 12 124 52 124 10 90 124 15 24 57 96 111 
85 124 100 81 124 124 64 100 36 124 105 124 124 54 124 124 124 124 90 49 68 22 9 10 0 82 8 32 31 15 109 12 85 55 99 91 78 124 124 54 124 33 60 13 124 85 124 33 124 111 4 72 124 16 24 39 64 124 124 7 96 124 120 43 124 31 30 84 28 18 124 
124 124 124 72 19 123 58 66 57 111 40 67 97 118 124 55 99 42 93 21 6 0 65 12 81 0 49 70 40 14 7 30 39 124 93 55 124 75 124 85 88 124 33 40 124 70 108 3 124 64 124 124 124 114 124 30 73 3 124 48 36 52 124 108 124 124 124 33 48 124 124 
7 27 9 124 31 75 57 124 36 124 42 75 79 55 60 124 57 60 13 124 49 31 24 60 22 31 0 73 26 6 45 124 124 103 6 36 37 124 75 124 57 18 124 64 54 51 114 79 27 124 124 9 124 124 70 124 124 40 54 102 105 114 124 124 120 124 124 64 49 124 33 
52 37 124 124 51 124 124 124 124 124 9 48 124 124 124 124 105 124 27 124 28 63 79 7 16 48 3 0 23 30 106 124 46 123 97 124 118 124 124 54 124 124 124 124 76 43 124 25 51 99 55 112 123 124 57 124 124 21 90 124 1 64 6 55 124 30 124 124 124 124 124 
120 3 121 19 124 124 31 124 34 91 124 58 46 67 124 64 1 6 124 25 70 35 67 40 82 38 68 75 0 41 82 90 13 42 124 52 12 124 67 15 58 124 36 88 6 34 67 12 4 114 9 115 124 99 21 117 22 124 124 55 81 124 123 106 124 124 124 64 15 124 24 
34 52 124 10 124 111 21 96 124 24 120 117 96 124 9 13 57 33 124 88 4 35 2 40 16 9 18 4 79 0 9 25 49 4 33 112 43 124 24 124 28 124 54 33 67 124 27 115 124 31 6 40 124 87 61 57 118 124 124 87 105 48 66 24 124 70 124 25 61 46 60 
57 13 115 124 100 124 124 22 124 73 124 13 124 123 7 124 43 106 117 43 124 13 66 67 124 57 124 91 124 108 0 28 13 24 72 7 44 29 56 68 45 61 124 124 37 40 21 25 106 82 22 105 64 124 39 81 33 124 78 46 124 96 108 124 121 124 3 124 49 124 27 
15 123 54 54 124 13 99 91 124 67 37 31 52 12 90 124 84 124 124 45 105 124 27 49 42 124 64 124 54 109 71 0 38 62 22 80 27 79 73 65 79 61 124 28 124 124 124 97 124 33 66 75 124 45 124 15 39 33 124 46 13 124 94 82 37 124 124 106 124 123 70 
6 51 48 124 19 124 124 103 124 124 33 61 100 85 115 105 85 60 124 124 45 124 82 34 112 106 75 9 78 124 82 1 0 46 29 62 7 50 56 68 55 124 124 124 64 124 46 30 33 76 124 48 73 13 124 42 124 90 124 120 121 124 124 124 124 124 120 124 3 30 124 
81 27 82 58 124 42 120 31 91 57 124 52 58 99 105 124 37 102 112 118 115 124 124 118 111 124 46 79 124 79 43 2 22 0 76 38 68 27 54 67 1 123 85 109 22 27 124 100 57 124 124 9 24 57 67 124 124 103 45 124 124 124 55 1 28 85 124 55 90 97 117 
28 72 106 25 51 124 97 124 124 13 93 21 99 82 109 124 124 124 54 39 118 16 96 37 12 124 124 6 45 112 36 46 70 33 0 30 50 42 64 40 97 94 124 6 57 81 70 78 124 124 1 55 96 102 124 124 124 124 124 124 100 117 88 55 124 88 37 124 19 99 76 
90 124 124 124 49 54 45 49 54 120 31 124 6 58 67 124 48 124 124 52 124 48 55 124 69 34 106 124 115 112 20 18 36 33 24 0 30 65 66 3 108 124 124 124 73 81 124 124 6 58 54 118 124 120 15 124 1 48 72 124 124 91 79 120 124 40 114 76 124 40 124 
76 124 22 7 97 124 124 124 103 124 85 124 72 52 124 124 124 9 72 118 30 79 27 106 96 121 108 69 124 49 56 37 57 24 46 44 0 40 34 18 45 121 124 124 82 90 124 58 105 124 124 13 124 124 124 124 124 48 55 22 124 124 78 28 96 1 115 115 124 96 78 
100 97 124 103 30 124 124 78 10 124 99 124 6 61 76 73 40 109 124 124 124 30 105 124 124 27 12 124 124 70 15 38 30 72 72 66 20 0 19 8 124 124 73 124 84 106 31 117 27 52 57 124 124 55 100 115 10 121 114 6 124 124 69 124 1 124 100 15 43 124 22 
57 96 27 120 124 124 124 124 73 63 75 82 121 103 94 94 124 3 87 33 124 124 43 109 42 60 124 49 124 124 12 56 56 72 53 65 24 43 0 71 30 28 22 124 124 97 124 117 58 48 124 111 118 28 63 106 63 124 7 40 124 73 99 33 121 124 124 39 124 124 4 
124 120 105 124 34 123 24 91 46 48 124 97 52 124 10 124 6 6 124 27 124 70 102 124 124 43 1 124 52 124 29 42 82 46 44 30 68 0 19 0 58 124 79 63 67 37 124 40 33 76 45 81 10 25 15 94 84 63 61 1 28 124 124 75 124 21 124 76 36 124 79 
124 124 9 124 124 120 124 124 84 124 73 124 124 117 124 124 1 124 73 4 124 19 124 19 120 115 124 42 36 124 73 24 103 124 88 57 124 103 79 22 0 32 16 24 25 65 12 69 56 4 106 93 39 124 27 121 103 33 55 124 1 48 36 124 78 120 70 106 118 124 105 
124 124 124 91 49 61 27 124 124 124 31 85 73 124 124 64 124 69 63 124 124 51 52 19 46 6 45 39 124 79 69 82 96 3 67 22 124 124 64 124 44 0 19 60 46 22 11 2 4 36 51 63 67 124 124 124 124 75 112 3 108 12 124 96 81 72 124 124 124 66 40 
124 124 52 3 111 94 61 124 55 96 94 114 13 124 108 40 124 12 40 124 63 48 81 75 4 84 124 100 21 109 64 124 78 73 24 16 124 124 46 43 10 64 0 13 72 25 74 64 10 26 124 28 73 118 124 66 102 124 42 120 124 19 39 78 82 73 124 54 10 13 73 
121 93 79 124 42 51 120 40 70 57 16 49 118 9 42 105 124 124 16 66 109 124 108 57 124 106 22 124 40 33 55 105 124 117 36 124 6 115 46 124 18 28 4 0 6 14 21 32 77 41 124 120 124 81 124 124 31 124 94 96 124 123 124 15 103 123 19 66 3 61 16 
124 124 52 121 124 106 111 124 70 124 124 63 124 124 111 25 124 124 33 124 15 6 25 108 111 124 7 124 96 124 57 124 51 19 82 124 49 124 63 85 22 17 32 76 0 23 20 68 31 32 48 54 49 66 43 66 60 124 124 7 70 124 100 124 115 124 124 88 70 96 79 
124 43 84 124 114 124 124 27 58 124 87 94 28 111 124 124 52 100 124 124 124 21 124 87 93 19 1 61 100 124 43 100 93 48 124 124 124 117 88 97 61 54 20 16 40 0 44 68 82 66 124 124 124 112 124 69 124 10 85 37 124 124 124 81 78 46 124 1 124 123 124 
124 16 124 15 124 49 124 124 55 124 124 42 121 46 112 124 124 24 114 121 115 25 43 46 82 124 18 111 124 51 124 124 85 21 16 111 43 82 64 124 29 20 80 68 80 30 0 10 32 71 55 60 9 91 124 124 78 108 52 124 69 37 75 3 37 124 124 124 75 70 123 
124 28 88 21 99 52 18 6 61 124 124 19 111 42 70 33 67 90 54 123 103 57 124 94 124 96 124 124 48 96 124 1 51 124 124 30 124 124 24 84 36 20 44 54 20 43 47 0 38 46 21 13 115 42 100 39 121 43 106 124 43 36 93 124 124 97 15 124 9 124 82 
18 124 54 124 6 103 22 124 124 124 78 90 124 124 69 52 22 84 45 99 39 124 124 109 4 124 30 106 121 24 124 22 124 118 63 124 63 108 72 124 81 45 36 72 27 7 54 68 0 43 93 124 97 57 124 124 124 72 27 118 108 124 120 124 66 34 124 124 124 45 73 
49 61 124 15 82 124 124 13 3 124 70 124 91 16 114 61 124 124 106 73 124 3 30 93 12 124 90 124 124 124 124 55 124 99 16 103 4 124 61 46 77 64 79 43 56 68 40 36 56 0 60 123 124 124 124 75 111 22 52 106 40 120 124 124 124 22 124 124 100 58 114 
39 121 118 124 52 12 124 51 124 96 105 49 37 93 124 72 124 109 45 58 106 118 124 60 61 90 33 12 108 124 115 124 124 124 27 3 124 40 72 124 124 84 72 84 42 25 124 102 70 13 0 48 56 56 8 27 44 64 51 65 52 97 55 3 124 124 66 124 124 25 124 
91 124 124 22 124 67 121 91 105 51 27 123 63 48 51 124 109 70 72 93 124 15 79 73 123 124 124 73 58 57 45 124 124 6 124 61 70 106 72 55 124 24 82 124 27 69 45 106 124 123 79 0 31 25 46 81 30 80 78 48 106 60 60 124 91 124 40 43 6 124 36 
124 124 61 124 30 124 24 27 124 69 124 51 31 124 45 124 124 124 124 19 66 94 124 40 124 45 76 31 82 124 124 78 124 52 117 124 10 124 84 70 124 18 114 28 46 124 81 118 63 124 4 43 0 42 6 26 62 22 51 54 124 22 70 67 45 39 15 15 124 99 124 
24 82 105 78 54 15 85 15 109 22 124 115 82 124 124 111 25 33 124 87 124 61 105 4 81 115 124 124 106 36 79 124 21 124 124 124 34 51 124 58 72 84 78 124 97 124 31 124 124 90 67 51 27 0 40 28 55 58 28 4 124 19 103 124 39 27 43 61 114 66 16 
73 30 3 124 55 33 12 114 12 99 124 124 45 46 124 46 21 124 124 124 102 124 22 124 27 94 124 15 118 106 124 22 124 124 66 124 103 124 36 31 124 12 124 4 124 112 117 30 124 115 61 19 33 2 0 72 19 18 58 72 48 112 124 7 33 124 3 43 61 18 124 
102 21 75 100 124 87 94 28 27 46 124 124 22 124 124 84 79 124 25 118 124 88 63 48 61 63 55 81 124 85 43 109 16 4 7 34 93 55 124 58 7 93 63 124 124 85 111 54 99 124 64 31 78 82 49 0 35 15 42 24 37 97 124 124 21 102 6 94 78 124 124 
106 4 124 39 9 58 42 22 124 27 124 46 124 124 13 51 52 124 123 7 124 30 3 124 124 96 58 72 46 57 82 31 124 97 4 72 124 124 97 124 124 124 124 124 66 36 124 91 90 72 58 57 41 3 30 80 0 46 59 78 100 124 124 124 61 124 124 124 76 78 52 
124 124 52 15 57 117 70 93 49 124 117 124 34 34 30 70 51 120 111 16 124 124 124 117 61 124 124 124 64 51 124 124 120 124 52 123 12 124 124 82 16 105 31 55 54 33 37 124 124 124 14 41 75 47 59 74 70 0 34 48 34 124 124 106 91 124 96 52 70 124 115 
124 7 57 124 124 87 76 124 124 124 54 76 18 87 49 112 4 15 21 30 124 93 124 124 109 48 111 124 24 124 120 90 99 124 124 46 16 1 37 102 124 73 57 31 124 111 124 114 81 84 22 2 80 2 74 52 49 4 0 76 70 25 124 79 39 124 30 57 102 124 42 
121 124 46 124 124 48 100 39 124 124 69 124 81 124 123 4 124 124 54 52 19 91 1 58 124 124 63 124 124 13 66 18 124 124 124 109 30 124 1 7 67 42 118 124 42 7 124 81 124 57 61 66 36 16 39 74 22 78 51 0 91 124 25 51 93 124 108 124 124 31 112 
25 124 70 48 124 10 31 10 87 124 123 81 30 61 46 118 124 7 124 111 25 34 109 70 25 124 18 52 55 124 82 99 124 75 30 45 114 27 43 1 124 124 1 10 42 6 31 100 112 88 124 6 40 13 124 22 124 7 124 43 0 5 56 44 74 75 71 32 51 27 85 
63 10 105 52 82 124 124 13 94 124 40 34 12 48 19 22 6 124 91 94 88 112 96 124 16 124 124 124 117 40 121 33 124 124 124 54 6 96 7 114 13 124 102 124 124 82 124 52 94 54 48 124 79 124 124 46 81 39 124 124 72 0 61 61 70 42 66 24 78 58 124 
124 124 48 79 90 124 94 16 7 124 124 15 124 102 115 114 58 106 25 82 124 64 124 85 4 117 124 76 63 124 124 124 85 124 124 30 124 124 66 33 51 3 105 49 16 13 19 124 13 25 105 79 124 106 121 25 67 124 124 27 26 26 0 13 45 48 9 5 79 73 16 
22 124 124 97 124 70 73 114 1 9 18 124 87 124 124 33 124 124 124 124 124 84 124 55 76 124 3 124 124 120 7 22 124 45 36 108 60 12 94 124 84 124 120 124 6 84 61 25 124 37 82 124 124 84 108 105 124 97 63 124 32 51 72 0 72 37 0 39 10 36 124 
4 96 124 124 124 42 63 63 124 43 22 60 58 124 34 37 69 15 87 15 24 72 54 76 124 124 124 55 85 124 46 49 60 111 27 42 124 124 46 96 121 36 96 124 40 124 123 97 124 19 124 10 124 124 124 106 16 124 106 103 67 51 66 46 0 8 30 13 25 10 28 
124 124 31 124 124 9 124 124 124 117 79 117 124 124 124 124 120 103 91 31 124 124 124 106 124 16 91 124 76 124 124 75 94 124 72 42 73 10 58 84 124 124 3 124 45 78 96 124 42 124 37 85 108 6 9 36 36 124 124 114 58 20 22 26 56 0 10 10 80 3 117 
124 124 124 94 124 52 109 124 49 22 15 21 24 87 103 124 61 24 66 52 124 18 70 124 124 36 76 124 108 97 19 108 96 124 124 124 105 24 79 91 46 124 7 124 3 100 117 114 10 88 19 76 124 18 103 124 124 124 124 6 60 25 70 21 8 4 0 48 44 8 124 
124 51 63 46 124 37 39 97 81 100 124 12 76 124 124 124 76 105 108 111 93 124 24 124 9 12 124 58 118 25 3 39 91 46 1 124 28 40 78 78 124 124 124 124 100 25 100 120 108 45 90 58 37 1 118 124 40 124 9 124 62 60 54 4 23 34 11 0 28 79 124 
124 108 33 37 99 60 99 93 45 124 69 90 103 15 124 123 91 46 37 124 124 75 124 45 100 117 124 124 124 117 78 100 124 60 6 112 120 4 63 69 40 124 102 63 40 124 42 94 124 81 124 124 124 45 93 34 100 96 75 93 52 72 32 42 28 54 38 11 0 79 24 
124 25 124 7 73 4 124 124 124 30 124 63 51 117 124 54 102 124 90 124 79 117 124 22 40 124 124 124 4 66 85 112 12 124 37 124 91 124 99 124 42 85 27 54 15 28 93 48 124 87 117 90 111 4 124 90 72 55 63 9 36 57 21 7 75 62 33 32 32 0 15 
82 124 124 99 73 94 114 105 3 1 42 124 15 81 25 94 124 124 10 66 124 13 124 124 124 124 124 42 81 19 124 82 54 78 34 3 124 6 124 124 124 19 124 43 99 49 64 102 118 90 88 88 96 54 124 42 64 6 39 118 124 69 25 30 34 115 27 124 97 109 0 
