n: 70
m: 6
Pi:U[1-99] 52 35 95 39 53 88 87 82 42 28 74 41 73 51 74 79 36 15 56 90 75 95 96 34 6 4 12 63 53 72 31 17 66 88 38 35 30 33 74 96 18 9 2 25 26 40 82 81 43 1 16 67 64 5 13 16 4 84 98 96 69 22 61 91 43 20 8 78 92 87 
Si:U[1-99]
0 32 47 12 34 50 32 34 11 42 64 99 87 70 99 19 99 10 60 1 69 99 99 99 99 54 97 1 72 99 25 37 54 90 78 99 39 78 43 99 13 99 6 60 79 33 99 99 34 15 28 19 22 75 99 99 1 3 97 99 82 99 61 54 99 75 49 79 99 99 69 
30 0 32 4 18 15 33 30 54 2 99 99 79 58 61 99 99 1 48 31 70 15 19 99 9 9 99 70 99 43 99 40 99 42 16 99 42 87 13 99 99 16 99 54 16 99 90 43 34 99 99 99 93 99 99 88 84 9 99 99 75 24 72 87 99 99 48 48 99 9 13 
2 16 0 18 62 25 66 36 51 8 99 99 7 99 72 15 55 51 24 15 99 12 16 73 30 42 99 10 99 99 99 99 63 96 99 99 99 94 79 99 52 4 99 99 28 27 99 48 40 55 99 54 99 61 45 49 99 58 99 30 93 84 99 51 99 4 63 22 40 7 99 
54 40 19 0 47 6 62 38 24 50 70 99 70 16 84 99 30 52 99 25 51 22 30 81 88 49 15 73 99 99 75 96 6 99 30 15 24 69 54 72 99 67 9 54 7 99 19 70 99 37 79 99 99 81 40 34 96 96 99 3 99 99 96 99 12 99 84 64 45 99 54 
4 10 41 53 0 18 60 63 54 8 99 6 51 82 60 87 99 99 30 76 96 4 55 33 67 24 67 99 99 4 91 99 60 69 99 48 4 99 3 34 16 36 99 36 72 27 34 4 33 82 51 99 96 49 63 99 99 99 9 93 33 51 75 99 99 60 52 99 99 3 1 
4 18 23 27 46 0 64 24 66 34 55 37 27 99 78 70 99 55 88 30 99 19 99 99 99 4 94 21 93 99 99 94 16 51 55 55 99 99 75 99 70 84 79 51 19 28 10 99 99 12 28 99 99 45 51 88 31 99 54 48 99 75 51 99 3 36 27 40 36 3 43 
14 13 54 15 6 24 0 64 62 64 99 37 99 99 99 99 90 99 99 90 30 99 99 27 7 1 40 67 99 37 60 99 79 22 99 57 51 39 91 99 16 99 99 1 9 16 30 66 96 99 99 99 19 51 57 48 22 78 88 99 93 13 37 99 81 99 70 31 99 58 94 
45 16 18 40 26 2 52 0 63 28 99 1 72 99 99 81 79 78 99 96 63 54 99 78 30 99 28 24 99 16 99 46 84 22 75 84 84 99 99 99 22 94 61 51 73 19 99 99 99 39 99 99 6 46 99 6 30 42 99 18 60 3 16 99 40 4 57 99 99 72 99 
59 38 40 32 8 30 66 22 0 2 57 99 99 63 99 67 27 93 24 97 42 27 13 99 99 73 52 52 45 91 99 99 28 99 99 99 96 67 99 12 99 97 60 48 99 28 99 94 7 28 25 7 30 52 99 99 99 34 99 99 99 94 25 63 99 40 4 31 46 99 12 
48 30 52 38 24 4 51 13 4 0 99 33 99 99 87 34 99 16 70 79 51 99 37 54 58 43 99 9 94 18 24 96 99 45 99 34 7 24 34 28 78 51 52 64 52 99 69 73 39 99 99 84 1 99 10 99 88 99 37 34 9 84 99 52 61 12 99 9 51 99 99 
99 18 79 81 19 64 76 99 99 79 0 33 48 57 37 40 9 8 64 6 63 21 51 99 3 99 73 99 99 52 88 3 91 43 16 27 99 93 24 99 99 57 75 73 88 67 97 96 55 79 99 40 69 63 16 99 82 99 99 99 6 99 16 36 3 55 99 99 85 99 99 
52 99 84 69 99 22 99 34 79 99 4 0 12 44 30 58 56 58 48 64 87 99 91 93 51 99 99 70 99 99 37 99 28 87 99 72 21 99 66 99 57 1 99 36 99 13 45 1 16 36 73 85 99 73 27 67 99 15 97 10 99 99 81 54 91 42 49 99 99 55 49 
91 99 99 99 45 99 43 46 36 55 39 30 0 21 25 24 8 4 11 8 30 33 34 99 43 22 85 99 64 51 3 60 10 7 99 13 99 49 60 99 99 99 93 99 87 99 99 7 30 96 99 51 22 99 46 90 61 58 12 27 37 46 9 99 28 75 75 99 43 99 4 
99 49 99 70 66 99 99 90 57 63 40 26 23 0 39 15 40 17 61 24 99 99 13 42 99 28 27 99 27 52 90 12 88 25 99 61 84 57 96 79 93 60 7 61 64 99 64 99 9 31 99 94 99 18 7 67 87 21 94 27 99 99 49 99 99 36 75 99 85 64 28 
45 99 99 22 99 1 85 64 30 96 28 26 50 52 0 38 22 6 40 2 93 61 99 39 28 10 57 99 99 99 45 99 43 78 82 31 99 99 87 88 88 73 31 72 66 99 61 72 28 99 58 46 99 99 18 34 99 15 99 99 99 34 48 18 97 27 19 36 99 87 99 
21 99 70 99 54 99 31 85 30 18 55 32 52 52 10 0 18 24 40 32 12 45 42 85 99 22 39 24 75 12 99 27 79 76 99 79 84 31 34 69 99 99 96 99 45 99 36 99 16 99 58 94 69 34 99 24 93 99 24 45 99 15 99 99 96 97 3 57 72 99 99 
48 84 99 99 27 40 9 60 97 51 54 14 58 1 39 37 0 37 58 10 76 39 76 91 54 6 64 99 36 99 58 1 99 46 99 9 46 88 99 88 36 21 55 99 1 99 12 99 72 19 7 39 99 16 99 57 61 15 99 43 99 31 34 3 49 99 99 99 99 46 99 
84 54 99 21 24 10 97 99 63 43 59 40 46 8 56 0 15 0 26 28 88 75 99 12 40 37 99 37 1 99 43 1 43 99 99 31 82 57 28 10 99 39 22 99 16 73 49 4 34 22 7 57 39 27 88 67 63 99 54 99 24 43 12 33 99 4 19 79 42 72 31 
76 12 67 99 99 99 63 57 99 99 7 34 32 29 22 9 58 40 0 16 99 85 21 99 99 99 99 99 72 99 10 99 52 99 66 13 64 72 43 99 99 99 82 43 99 94 18 99 99 54 42 13 21 39 4 99 25 99 4 34 99 99 99 94 13 48 63 16 99 75 99 
99 57 19 60 79 99 22 10 43 25 26 45 1 44 5 33 20 60 30 0 21 33 30 18 84 48 99 99 19 99 63 52 81 45 31 93 31 94 49 99 4 93 34 99 12 99 63 37 58 9 99 43 99 90 22 4 75 64 88 93 99 12 51 31 99 99 18 3 6 99 43 
58 43 99 66 24 51 49 99 99 76 99 99 99 49 72 99 25 34 58 99 0 49 8 41 66 22 6 59 20 38 22 21 99 99 39 66 70 99 3 60 99 3 99 45 39 24 99 34 55 19 97 57 99 99 99 99 28 99 99 99 99 22 82 99 99 81 70 94 99 22 58 
57 43 99 15 27 9 57 99 99 87 39 70 99 99 99 87 40 46 99 69 10 0 25 49 29 34 34 65 45 34 16 30 96 99 99 18 99 13 30 99 21 99 99 64 90 13 9 34 61 63 33 99 99 28 99 31 12 99 99 72 16 13 99 52 37 67 48 99 55 54 79 
30 57 36 99 4 99 99 99 60 49 30 49 99 99 76 90 99 99 99 99 28 36 0 26 6 52 5 49 28 61 97 99 40 15 1 69 49 21 99 21 19 28 99 4 19 48 55 45 70 99 81 70 99 7 99 63 99 87 37 82 73 39 99 40 64 7 99 46 28 99 52 
66 4 99 99 84 1 40 67 99 85 91 99 99 75 39 64 79 99 99 99 8 45 41 0 49 58 45 54 60 32 33 73 99 99 99 90 99 99 24 36 21 97 97 43 28 96 7 97 13 40 99 99 12 99 15 84 99 99 72 75 15 22 84 72 99 7 24 25 99 79 99 
81 99 4 99 99 27 43 99 99 73 40 99 7 4 7 25 82 99 81 78 16 18 37 45 0 45 8 30 43 22 34 54 42 81 51 93 82 36 99 12 25 99 60 63 99 81 30 99 48 99 73 79 73 99 22 99 48 40 25 63 99 99 75 99 18 99 33 36 54 58 85 
99 87 99 99 34 10 88 99 37 13 99 99 31 99 88 40 6 46 99 79 60 28 40 50 60 0 64 10 11 59 70 99 99 99 66 99 79 72 3 10 78 82 99 99 99 99 52 99 99 19 39 66 81 99 18 99 58 99 99 30 99 31 1 49 43 15 63 7 1 99 99 
99 99 12 45 96 99 60 15 99 12 99 99 99 88 24 73 27 43 9 33 42 37 1 30 2 29 0 16 63 8 12 70 96 99 99 28 27 21 99 88 3 10 99 99 99 99 25 99 70 13 99 99 99 99 94 37 30 99 90 99 99 70 21 18 99 99 61 99 30 51 99 
57 99 99 67 54 36 40 99 1 42 99 43 88 99 99 99 24 88 91 99 65 40 0 11 6 30 7 0 10 2 15 87 91 82 91 54 22 99 82 63 58 79 6 88 39 67 99 99 99 99 70 88 24 99 99 12 22 46 85 16 60 67 70 99 48 3 42 99 99 91 75 
99 99 99 21 99 99 99 99 99 99 33 99 45 37 99 93 99 82 25 13 6 64 9 4 46 34 12 35 0 30 99 24 19 93 58 97 15 99 39 61 84 30 99 99 99 99 79 58 93 18 28 58 91 21 99 99 51 78 94 45 99 30 99 30 99 99 51 12 91 13 33 
6 70 12 69 12 25 90 99 99 99 99 99 67 61 27 99 64 40 99 87 34 51 43 42 42 51 20 46 33 0 99 78 63 99 99 42 99 49 61 99 79 99 24 99 99 43 19 87 31 84 99 22 22 37 99 99 82 99 57 6 37 96 61 99 78 46 43 72 39 91 88 
15 22 99 99 99 27 99 10 99 78 78 36 48 82 99 49 78 82 99 84 24 52 43 28 70 21 99 37 99 16 0 46 6 30 25 22 50 45 8 49 28 4 99 16 99 99 7 31 99 18 4 99 99 73 57 33 99 57 99 99 36 42 37 99 36 42 97 7 82 99 33 
64 99 99 4 99 67 78 99 28 49 99 99 3 84 90 99 99 99 4 78 16 24 99 45 15 39 99 73 31 99 4 0 16 41 9 45 12 44 46 51 1 58 46 36 99 46 96 99 99 99 36 33 81 99 75 87 63 76 9 55 91 99 99 75 85 99 93 67 30 99 99 
13 18 99 22 78 99 33 81 99 55 73 60 99 99 99 99 79 99 96 31 70 39 99 99 15 99 70 87 58 18 20 53 0 0 26 38 48 32 10 2 48 99 84 58 64 33 79 99 40 16 67 52 85 12 99 37 99 13 99 27 61 64 87 40 51 99 99 25 93 93 55 
99 31 31 99 33 88 99 81 51 99 94 18 94 45 45 39 51 99 97 30 99 99 12 97 99 30 37 31 99 82 1 63 32 0 32 18 55 48 21 28 10 52 48 66 85 85 99 18 37 99 75 45 37 99 99 99 73 9 99 72 61 73 99 39 42 99 67 33 70 57 69 
99 99 61 13 10 10 91 13 45 75 99 99 13 13 99 99 70 46 39 99 99 61 99 30 75 21 66 52 99 6 64 22 6 11 0 2 44 56 22 11 90 99 52 99 69 99 99 70 51 39 63 99 9 37 99 99 24 42 91 49 69 99 81 70 70 90 99 99 82 99 19 
99 6 22 99 81 82 52 25 15 99 99 99 42 99 60 43 99 1 87 85 21 55 28 37 24 99 42 4 99 84 26 64 46 10 26 0 12 21 28 56 63 73 69 99 28 73 24 81 99 61 43 36 31 18 19 99 72 99 16 99 99 69 18 60 99 99 99 13 37 99 99 
24 99 54 99 73 48 99 99 72 7 78 27 73 1 85 84 78 99 99 99 42 84 28 36 37 18 99 99 99 42 23 25 24 52 24 22 0 58 47 33 69 4 49 99 49 49 99 99 37 99 99 99 96 13 9 72 69 99 42 22 96 19 99 22 99 67 54 99 12 49 99 
99 21 99 63 61 99 99 4 15 99 51 40 81 51 99 22 99 79 70 63 99 99 73 99 7 99 18 99 73 99 22 1 6 1 6 60 50 0 2 6 99 64 33 36 99 99 99 22 85 99 99 75 88 99 6 93 61 15 99 73 15 99 96 18 99 64 37 99 99 99 37 
13 99 99 31 69 99 1 54 61 16 90 3 99 31 25 99 22 60 99 42 45 99 99 87 99 48 81 24 46 75 17 42 63 23 17 54 4 39 0 30 99 99 99 76 1 9 81 91 99 90 99 84 39 99 81 99 3 99 99 66 34 42 97 88 99 3 45 36 76 99 99 
43 99 99 33 96 19 24 4 60 60 99 12 99 94 22 73 70 99 3 96 99 28 12 75 88 52 93 99 88 40 6 26 58 25 34 30 10 36 42 0 69 99 99 63 99 99 94 18 4 94 60 24 25 61 6 99 99 99 45 99 40 42 15 82 99 36 39 52 76 99 99 
91 99 52 99 99 43 94 99 39 15 99 70 67 42 99 81 72 99 61 75 76 99 99 99 31 99 99 99 48 70 61 60 72 93 99 99 99 16 46 99 0 32 19 32 61 66 34 2 19 62 15 99 30 99 60 15 99 78 99 99 64 51 54 15 90 78 1 99 78 99 99 
81 91 99 99 99 90 99 30 99 12 61 16 19 54 99 99 69 99 99 70 99 49 61 99 99 6 1 45 87 97 31 91 70 9 43 99 84 91 99 99 56 0 39 5 7 31 60 18 52 20 90 21 99 69 21 7 46 99 99 84 97 88 99 99 43 99 99 6 99 43 46 
48 60 99 1 93 33 69 7 99 90 90 40 75 94 99 37 6 22 99 12 18 81 99 72 13 99 57 93 48 46 19 12 99 13 99 99 87 66 99 84 32 48 0 64 60 48 4 39 44 34 99 99 1 67 99 31 66 13 99 99 66 31 36 99 93 70 99 79 45 28 88 
28 21 99 87 99 76 63 37 94 75 99 69 51 99 40 99 85 22 81 76 43 85 27 60 57 99 93 99 66 31 99 99 9 42 94 99 99 57 99 70 2 33 6 0 6 18 1 24 24 29 61 49 99 67 99 99 99 99 99 99 99 66 6 15 3 54 57 31 93 64 54 
75 99 15 72 69 64 99 52 90 1 54 34 3 99 58 99 52 66 84 22 7 99 28 99 30 43 10 15 10 58 7 18 55 99 91 94 99 99 87 7 31 49 31 10 0 18 49 53 18 30 99 57 34 96 99 99 79 99 49 45 60 45 37 99 60 46 28 99 99 16 99 
82 1 99 43 91 58 99 99 42 99 99 99 60 9 99 54 48 99 99 87 55 99 1 99 97 99 19 69 72 99 25 28 73 25 52 25 16 30 30 57 59 46 35 41 23 0 19 16 40 55 88 19 13 39 70 70 34 13 22 99 99 31 99 88 33 99 13 99 97 79 9 
34 99 52 21 28 66 40 16 90 22 43 48 34 70 42 67 30 99 61 28 79 99 36 87 99 42 18 79 96 24 99 99 99 99 99 18 39 93 75 87 48 33 18 57 14 33 0 28 54 19 57 76 99 88 79 99 49 99 9 99 10 99 61 22 94 99 99 99 99 99 60 
99 25 99 99 99 13 99 87 99 67 99 36 99 61 37 9 93 60 27 99 99 99 99 28 99 99 57 99 37 18 15 93 34 99 81 69 54 54 49 24 15 42 57 45 19 60 22 0 25 28 66 99 99 49 87 63 15 99 54 60 88 39 99 7 81 99 72 4 99 24 99 
99 99 99 99 39 99 88 37 99 99 63 99 90 39 25 34 63 99 21 36 99 60 91 99 48 96 34 99 99 84 46 70 34 99 9 10 42 99 99 99 3 25 50 42 44 11 28 14 0 26 42 24 27 78 99 18 93 13 30 61 97 93 48 99 90 99 13 63 99 45 46 
70 63 99 13 99 99 99 99 99 99 99 39 49 66 52 99 99 90 99 99 99 75 48 43 99 15 91 70 99 61 99 99 99 27 99 48 94 39 15 3 19 26 20 30 12 14 38 33 1 0 61 51 48 30 96 16 99 82 76 42 99 81 99 9 13 19 78 39 84 99 99 
34 19 4 3 69 36 99 67 18 30 6 78 99 99 99 48 99 99 60 99 15 31 97 99 34 90 99 99 22 81 88 70 21 4 99 27 99 99 15 39 12 99 99 39 57 72 61 28 99 79 0 10 37 26 50 60 32 64 44 19 36 97 69 99 99 99 45 99 99 60 36 
88 21 69 99 99 4 61 3 64 99 99 9 99 99 73 99 99 60 39 66 99 10 99 99 60 99 99 61 85 96 93 64 99 63 69 58 76 99 99 55 99 28 27 99 33 94 40 12 84 61 6 0 8 34 13 42 36 52 22 44 96 99 99 42 93 6 72 15 19 46 99 
37 99 55 33 73 64 99 84 51 99 73 93 99 27 87 33 69 87 99 28 97 19 99 55 1 40 66 3 79 99 60 21 7 84 67 99 4 9 73 99 84 99 99 99 99 99 28 39 99 99 9 42 0 64 46 43 46 36 64 13 55 99 99 90 70 99 99 99 22 91 27 
99 3 99 76 99 33 99 93 94 24 99 25 85 33 54 99 46 99 25 99 99 88 37 99 99 76 6 99 79 1 36 99 64 90 99 9 43 7 99 93 43 61 27 42 22 91 99 93 75 66 60 62 5 0 57 22 20 14 12 22 9 99 99 69 99 7 3 99 97 99 49 
58 99 52 55 30 33 99 99 21 99 3 13 4 63 49 99 99 36 99 79 4 9 58 1 79 10 34 73 99 99 97 99 37 30 21 40 99 51 54 99 57 61 99 21 99 99 99 99 67 78 8 34 32 58 0 11 62 32 36 50 99 99 39 54 99 15 37 69 91 78 37 
37 99 79 97 90 99 3 87 99 33 75 43 99 99 12 90 99 31 12 54 70 99 99 55 99 37 99 72 54 12 99 99 25 99 99 99 75 99 51 70 52 27 87 75 45 99 99 10 97 10 61 1 32 44 28 0 38 37 66 61 36 99 99 99 97 55 99 45 37 63 72 
69 99 99 10 30 51 99 34 99 39 99 7 9 79 90 12 99 57 99 99 99 99 99 99 3 99 28 99 49 90 1 99 84 93 99 99 75 40 33 36 99 52 99 99 31 99 99 57 90 55 34 6 50 12 55 14 0 37 60 28 99 9 55 57 99 97 99 88 99 1 1 
9 73 78 78 99 7 10 13 39 99 4 19 51 75 90 87 67 72 67 10 99 99 15 24 42 72 99 28 99 49 48 99 58 94 99 99 99 27 99 43 99 99 40 94 60 99 9 70 99 99 15 52 58 8 18 40 16 0 21 31 43 87 4 69 55 52 99 54 90 93 99 
99 78 60 58 99 99 99 33 81 99 15 99 18 99 99 99 45 4 66 99 42 99 16 99 22 25 99 39 99 45 40 13 72 22 99 99 99 40 99 97 58 88 99 99 99 99 99 52 82 70 62 40 29 22 12 44 60 20 0 40 27 13 99 69 49 99 99 99 27 6 55 
99 82 18 99 91 99 93 99 99 3 99 99 81 99 99 58 79 93 1 91 99 99 88 72 81 99 99 99 27 18 87 60 93 10 99 96 4 7 58 99 61 99 63 93 99 49 40 60 99 76 44 47 22 64 38 50 49 28 52 0 99 99 99 99 22 96 99 48 72 6 10 
99 49 78 10 81 99 99 69 46 3 99 99 30 13 13 69 48 99 99 58 99 27 85 99 57 30 99 99 24 79 99 43 72 48 75 3 99 34 69 6 99 60 87 63 99 91 58 73 99 69 27 99 39 99 51 48 87 91 58 79 0 1 16 20 38 28 18 18 60 32 18 
93 81 82 75 94 67 87 85 99 99 4 70 94 99 93 43 99 99 99 99 99 13 90 99 22 43 75 84 37 99 99 96 99 15 54 42 99 46 16 27 99 27 25 72 73 40 99 99 6 82 48 84 21 57 99 84 99 99 57 99 39 0 45 65 2 14 22 5 10 59 33 
10 37 19 63 99 55 99 99 99 99 64 99 99 88 76 60 99 99 84 27 90 9 72 4 99 99 36 87 73 99 52 67 99 67 81 99 58 99 99 97 99 99 82 42 99 99 27 42 99 13 99 55 9 87 99 49 28 40 99 48 60 44 0 26 42 12 4 50 7 47 16 
99 99 24 99 99 87 88 66 58 99 51 16 91 94 99 55 99 4 99 99 9 7 39 37 99 67 99 99 99 36 96 75 25 99 16 66 79 82 21 3 49 99 99 99 45 96 7 42 99 19 4 99 10 31 99 49 22 99 55 52 18 4 42 0 2 5 4 46 39 66 55 
67 61 6 99 75 22 72 19 10 72 91 33 99 60 99 99 99 99 99 99 58 99 99 99 15 52 96 31 73 57 7 99 61 72 40 82 75 13 81 99 99 46 99 88 99 99 97 7 99 99 99 99 67 97 99 33 22 19 99 79 2 2 50 47 0 2 16 46 35 22 99 
99 99 72 99 94 99 37 70 33 99 4 31 99 61 69 66 79 99 99 3 91 34 21 9 75 63 99 75 99 94 57 78 73 24 19 12 46 61 12 60 22 88 51 99 99 49 45 37 99 55 19 72 99 99 99 61 16 58 81 99 8 4 40 40 9 0 12 49 10 21 72 
99 99 18 90 85 99 99 99 12 57 99 99 34 28 24 99 99 3 75 57 99 99 37 99 39 1 79 40 96 61 3 99 99 99 39 36 58 51 85 28 64 99 99 28 54 94 99 99 99 99 58 1 18 49 18 61 99 21 99 97 0 10 3 42 44 28 0 46 45 10 99 
93 99 6 99 99 99 18 55 22 64 85 67 4 22 99 39 99 18 43 67 1 63 99 91 21 93 37 39 28 85 22 12 33 88 64 99 93 25 37 99 12 40 22 99 84 27 99 75 99 99 6 12 99 33 3 99 40 99 99 99 28 18 26 27 41 39 54 0 14 65 34 
18 45 6 99 87 3 10 82 37 99 15 18 76 61 12 24 33 85 87 13 99 66 54 96 99 1 33 99 3 45 75 99 51 52 31 48 82 61 72 7 4 46 78 7 99 57 99 63 19 9 99 99 99 99 99 99 24 99 28 37 24 48 62 64 14 58 31 32 0 64 19 
76 45 99 24 99 12 99 48 81 60 99 99 54 88 99 39 21 22 96 25 99 78 70 99 82 9 55 63 99 99 99 99 75 57 76 76 99 99 94 16 99 99 54 99 97 54 99 93 99 54 54 96 99 99 85 4 99 99 99 99 14 24 13 40 24 44 62 51 14 0 85 
81 72 99 49 21 78 99 6 24 99 10 51 99 40 99 21 15 99 42 72 70 4 40 99 3 99 70 6 99 52 61 76 31 99 63 4 52 99 10 18 15 99 99 70 25 84 99 99 85 99 73 51 99 51 99 99 99 78 78 10 99 99 60 33 75 58 99 99 99 10 0 
