n: 70
m: 8
Pi:U[1-99] 77 61 22 68 30 62 30 37 38 57 23 11 99 84 57 77 92 10 33 73 49 63 31 32 68 16 49 88 70 91 91 84 52 93 69 45 44 98 91 83 71 45 44 57 22 21 95 99 56 76 98 27 19 46 66 52 19 19 92 46 11 19 9 15 59 66 16 55 32 33 
Si:U[1-49]
0 24 13 21 26 28 7 2 12 23 49 40 48 49 15 24 33 6 49 40 31 3 19 25 40 49 40 1 46 48 45 18 49 19 40 24 7 49 30 1 49 28 7 30 49 31 3 30 33 49 15 3 49 6 39 43 36 1 49 21 12 1 49 49 3 3 49 3 25 36 49 
28 0 4 32 27 32 25 18 20 24 16 49 1 49 45 7 46 43 42 49 18 1 40 16 49 43 49 13 34 49 24 6 49 40 46 27 49 36 42 49 49 40 48 49 28 49 49 34 49 33 10 15 49 49 42 39 46 49 31 48 43 49 43 49 1 22 49 49 49 40 16 
9 8 0 0 14 7 15 8 26 9 46 49 42 19 12 49 49 13 49 28 15 16 25 25 6 40 49 49 3 28 27 21 21 39 4 9 28 10 21 28 36 49 49 49 25 49 19 49 45 49 48 13 49 42 49 49 21 49 28 16 49 49 46 3 10 28 33 49 39 49 49 
22 2 24 0 15 30 5 2 3 9 13 49 49 25 25 13 42 49 15 24 6 12 15 33 49 43 22 49 16 25 37 27 49 34 49 49 33 49 49 49 1 49 49 12 49 49 9 15 49 10 30 15 1 36 45 49 19 49 28 27 49 34 45 49 45 46 49 34 49 7 27 
29 22 9 16 0 31 21 25 31 18 13 21 43 49 22 16 24 49 4 49 49 4 49 49 43 12 24 4 34 33 43 36 6 12 49 43 49 34 7 33 49 3 48 10 49 49 10 49 49 45 27 42 36 34 42 49 49 49 16 1 43 12 19 49 49 27 9 42 3 49 45 
30 6 1 29 31 0 3 32 25 19 28 49 18 49 39 34 49 24 45 49 1 49 36 49 49 25 22 49 45 49 49 3 7 16 49 33 48 6 49 21 7 49 49 49 49 49 30 3 36 1 33 36 21 37 6 49 49 49 19 24 7 49 3 4 10 49 22 9 36 49 49 
6 2 3 8 32 26 0 8 11 4 49 28 49 49 49 34 25 49 28 24 36 6 45 49 49 49 43 28 34 9 42 49 49 30 49 49 49 33 6 49 7 7 13 49 46 43 48 45 18 6 24 49 48 49 9 1 24 25 34 46 19 16 7 49 36 30 7 49 49 49 49 
18 8 30 7 23 10 1 0 12 1 40 18 12 12 19 45 27 9 49 49 43 31 49 49 42 42 9 13 46 37 49 12 49 42 25 49 49 37 49 49 18 18 49 27 22 49 49 39 49 43 49 42 49 18 40 24 49 34 6 10 18 49 19 49 36 49 49 4 3 48 42 
21 13 10 29 6 9 23 10 0 0 24 3 49 49 49 36 42 33 49 49 16 49 22 49 49 39 49 24 28 34 30 1 49 1 9 49 31 24 7 25 49 30 49 48 19 7 49 3 40 46 28 33 30 6 37 49 49 19 36 28 49 6 42 27 49 49 18 49 49 49 10 
28 8 12 19 13 20 17 30 10 0 24 19 43 28 34 33 27 49 9 49 36 49 49 49 16 18 49 33 1 36 40 3 28 10 7 30 49 12 30 15 25 49 36 22 49 49 4 49 33 40 42 48 49 40 34 49 49 36 1 19 18 49 24 34 49 49 12 40 6 36 48 
12 49 37 6 45 12 45 7 49 40 0 19 13 16 21 17 29 9 9 13 30 19 12 49 15 16 16 49 37 25 37 37 3 12 31 9 33 49 49 36 37 33 45 42 49 49 36 49 10 49 49 49 27 6 7 30 34 9 30 7 21 28 19 22 49 24 15 16 34 21 18 
18 46 1 39 15 45 18 24 1 30 8 0 10 11 13 14 8 11 16 32 22 10 49 28 15 49 6 13 49 34 22 49 49 30 49 1 31 49 28 49 46 43 48 21 6 49 49 49 36 39 21 34 37 19 49 16 19 49 24 25 21 49 46 18 49 45 13 33 49 49 49 
49 46 7 49 31 31 12 49 31 49 22 29 0 5 26 6 26 8 2 31 22 12 4 49 49 49 49 49 49 49 19 9 9 46 22 25 39 18 49 49 49 49 3 49 49 42 49 49 49 49 36 43 49 28 15 49 42 49 10 48 49 40 43 6 49 33 18 49 49 25 12 
43 49 39 36 49 49 49 49 16 15 11 20 28 0 6 24 21 26 2 8 48 15 12 22 49 49 49 49 37 33 49 33 40 37 36 13 49 24 13 49 40 36 34 49 6 48 48 48 34 22 42 37 12 49 9 27 49 49 49 19 49 49 4 16 10 46 9 39 49 49 49 
46 49 12 4 48 16 31 7 10 13 28 2 30 8 0 9 10 16 24 31 39 19 15 19 49 24 18 30 10 49 36 12 1 49 30 49 49 27 45 49 19 49 49 27 31 31 49 49 49 30 27 34 28 49 18 49 49 49 49 6 49 27 49 12 49 49 1 49 49 49 13 
49 21 33 37 48 36 49 49 25 19 29 7 18 27 16 0 24 22 7 30 36 49 18 22 49 37 49 40 3 43 30 49 12 13 49 34 28 39 39 49 49 49 6 30 24 12 49 16 42 49 49 19 49 34 12 9 49 19 22 13 49 49 28 7 49 43 49 30 45 18 49 
43 27 49 49 49 18 16 16 21 13 22 20 8 28 5 9 0 7 4 5 49 36 49 49 37 22 49 15 33 49 40 49 30 6 4 49 22 22 19 42 18 33 4 46 49 49 15 22 25 12 22 46 15 49 46 49 9 19 49 19 31 46 34 49 30 25 36 49 6 40 49 
49 13 48 49 49 31 6 49 42 37 7 1 24 4 32 19 9 0 2 6 31 49 15 49 13 49 7 4 10 49 49 49 49 49 10 49 13 45 12 49 1 1 49 28 34 49 6 49 49 24 49 46 48 37 49 36 49 45 34 49 40 49 49 45 19 49 49 49 49 49 25 
49 31 49 49 37 49 39 46 49 49 10 11 4 2 0 0 8 26 0 26 45 49 49 21 49 49 13 45 33 34 1 49 49 49 49 6 16 31 49 49 42 45 49 39 49 49 33 49 49 24 49 12 39 21 49 49 49 33 49 27 30 46 49 22 49 49 49 3 9 22 49 
49 49 10 49 6 49 24 12 49 34 22 2 20 17 30 14 14 16 16 0 31 49 49 49 49 45 25 45 37 48 10 49 16 39 31 16 10 25 45 21 22 49 49 49 49 6 40 9 4 4 49 49 22 13 46 18 49 49 46 42 33 49 49 49 16 49 49 49 49 4 49 
13 10 31 49 49 49 34 49 45 49 1 22 49 49 39 27 33 21 12 49 0 1 26 6 7 20 30 3 2 24 49 46 15 9 36 49 28 12 43 49 30 10 49 34 49 49 49 49 28 33 7 49 49 37 9 49 6 31 4 34 24 49 49 49 49 49 49 30 37 12 49 
18 49 42 49 37 49 21 49 36 42 49 49 45 28 27 48 49 34 33 19 22 0 13 16 26 18 26 28 32 12 46 1 30 13 49 4 49 49 43 49 45 31 22 49 33 49 25 43 49 45 34 49 49 21 49 42 30 16 43 43 49 49 49 25 45 49 7 40 49 15 49 
49 3 33 49 46 42 16 49 1 10 6 1 22 49 49 16 4 27 15 25 26 18 0 2 0 29 20 7 16 3 28 42 7 31 37 30 7 49 4 19 4 9 49 22 30 49 39 15 49 12 46 34 9 37 24 12 49 33 13 25 45 7 49 21 1 34 28 16 36 12 49 
1 9 49 49 13 33 49 13 24 42 12 16 15 19 49 49 46 7 24 49 4 14 16 0 16 10 6 26 8 26 49 42 25 49 18 3 4 34 33 9 7 49 21 39 24 21 49 45 13 48 49 4 49 19 31 37 46 31 36 49 28 49 49 42 36 31 45 37 6 49 49 
1 48 3 49 49 19 49 49 9 16 28 34 49 49 24 24 15 16 22 40 28 6 2 29 0 6 20 23 26 24 3 49 10 28 49 49 45 31 49 30 49 49 49 49 49 49 9 3 21 49 36 49 45 49 25 49 49 42 3 9 37 49 19 46 49 39 49 33 34 49 28 
6 27 49 37 36 49 49 39 49 49 40 40 12 37 34 21 22 42 36 49 21 18 19 10 17 0 10 16 28 9 3 15 49 16 19 49 4 49 18 39 49 18 37 33 43 12 10 49 49 49 49 49 28 49 49 49 46 48 16 49 43 24 49 46 13 4 21 49 49 46 36 
49 49 42 49 49 49 49 49 49 49 39 49 39 49 49 7 18 12 22 49 24 2 15 6 10 8 0 26 15 0 31 49 49 49 49 49 49 9 24 49 40 19 3 27 34 37 49 12 31 24 28 36 4 49 49 9 21 49 31 49 24 15 49 3 21 49 49 49 12 36 34 
49 49 49 24 3 49 10 49 46 27 37 6 49 18 24 49 19 15 27 24 2 19 26 18 19 22 24 0 11 20 49 49 40 15 49 49 49 49 49 27 49 46 43 49 49 49 16 49 49 27 1 6 19 18 49 6 36 21 21 27 6 49 27 7 40 42 49 49 49 49 10 
49 9 49 48 43 49 49 3 49 45 36 49 49 49 49 31 49 33 25 37 13 32 17 10 22 12 25 32 0 13 1 4 10 49 34 13 10 49 19 49 3 16 49 49 49 46 39 42 49 6 43 43 46 42 48 45 49 15 34 49 31 34 21 28 13 49 46 49 49 3 33 
49 49 19 21 4 49 49 49 49 18 3 49 9 6 49 49 7 49 49 19 23 5 2 10 4 26 2 27 7 0 1 49 40 45 3 49 16 42 39 49 31 43 49 1 6 27 33 49 43 10 43 34 46 49 28 49 6 49 49 49 6 9 46 49 49 4 46 49 49 27 49 
43 49 43 49 16 12 49 49 49 49 9 4 9 49 7 19 45 9 39 49 48 33 37 3 37 4 4 49 21 27 0 17 24 14 21 15 16 24 6 14 49 34 10 49 37 46 16 49 25 49 1 1 28 49 16 30 15 49 48 49 49 48 27 49 37 18 9 28 49 49 7 
49 49 49 49 6 16 15 6 49 19 42 12 48 43 27 49 28 31 49 19 48 49 36 49 25 46 6 13 16 49 7 0 9 16 21 25 30 17 30 12 49 9 49 49 49 33 18 49 39 49 49 49 24 49 42 13 34 21 49 10 16 49 18 43 16 40 49 40 33 21 49 
3 43 49 21 39 12 49 9 40 49 9 39 25 25 6 34 37 49 49 48 49 27 45 31 27 49 24 28 45 34 19 16 0 20 1 25 32 20 16 2 24 48 15 31 6 31 49 9 19 49 39 49 36 25 16 19 24 42 21 7 22 40 42 33 33 34 49 13 22 49 45 
45 33 10 3 6 33 49 49 43 49 49 37 19 30 9 4 3 49 12 36 3 48 1 49 49 33 7 37 33 19 6 11 6 0 20 6 20 30 8 30 49 21 49 42 22 49 9 28 19 9 49 49 39 6 39 10 49 49 43 3 21 49 49 31 49 46 49 49 49 15 3 
49 49 49 49 16 15 9 49 40 6 49 49 49 24 49 30 31 49 24 49 9 13 42 49 48 15 30 24 49 3 0 29 6 12 0 18 2 10 8 26 25 34 49 49 6 45 13 10 6 49 49 24 10 33 36 33 49 49 25 49 4 24 36 39 24 49 49 16 31 15 3 
19 49 49 27 42 49 25 49 36 49 16 49 7 3 21 48 15 3 13 24 46 49 10 36 30 21 49 21 27 49 30 10 19 4 0 0 20 23 10 10 1 49 3 9 49 4 42 6 34 18 49 12 33 22 39 49 37 10 22 36 49 49 49 49 49 9 7 34 9 49 48 
49 3 12 34 49 4 46 36 49 49 46 49 49 16 49 15 46 22 49 9 49 45 39 1 49 49 49 49 19 7 28 7 17 22 15 12 0 8 27 23 18 19 49 49 15 49 49 27 43 31 18 49 43 49 49 15 49 49 40 48 18 16 30 49 10 49 49 49 22 19 49 
1 24 48 49 49 49 22 25 1 27 21 30 3 13 49 34 49 34 9 49 49 34 49 49 49 1 37 15 1 48 30 14 10 32 26 0 4 0 11 26 16 49 49 27 49 43 49 49 13 49 36 6 40 3 39 9 16 49 21 49 40 22 49 49 49 21 10 49 6 33 49 
49 10 22 43 31 15 18 28 39 9 49 49 7 28 4 4 39 49 49 49 49 49 49 49 46 49 34 49 34 49 19 23 1 10 30 5 15 2 0 1 34 30 36 28 27 15 18 27 30 46 34 49 1 48 49 49 49 3 39 22 31 49 49 49 9 49 46 49 49 40 22 
34 49 13 34 30 13 49 49 43 49 49 49 49 10 3 25 30 37 49 45 13 42 43 25 40 49 6 27 49 31 5 12 6 2 5 30 15 0 6 0 49 25 39 22 49 19 22 49 49 40 40 46 49 24 49 25 39 49 34 49 25 49 45 45 46 33 49 27 15 49 49 
49 15 7 37 39 12 36 12 49 1 49 9 19 49 48 1 27 16 45 49 49 13 49 34 16 49 49 15 49 49 49 49 46 46 27 45 21 49 49 49 0 14 31 8 12 5 12 26 12 12 46 40 6 49 49 49 39 25 3 19 49 34 49 16 24 34 49 16 30 48 49 
40 18 48 3 42 49 49 49 19 9 19 49 3 49 31 6 49 49 25 49 49 49 10 34 49 25 49 13 49 33 49 9 49 15 36 37 46 42 9 19 17 0 17 25 27 20 32 28 15 16 49 18 49 49 49 13 37 1 49 36 16 9 19 3 49 49 49 13 49 9 49 
48 49 9 40 39 49 30 46 27 49 13 27 30 13 49 49 24 15 4 49 46 9 49 49 46 25 13 49 49 43 34 49 3 49 16 49 30 37 6 12 8 22 0 31 31 27 13 32 30 1 42 49 49 13 6 10 12 45 49 16 19 6 49 15 21 49 49 15 7 27 49 
27 49 33 36 40 45 49 13 46 36 43 49 49 49 30 37 48 42 49 42 49 49 49 49 21 37 48 46 19 49 3 49 39 49 24 24 49 27 49 49 10 6 22 0 6 3 3 4 22 0 49 48 49 49 4 49 1 21 49 48 13 36 25 49 49 49 6 28 49 49 49 
49 37 46 31 49 12 21 22 34 3 48 48 6 12 49 49 49 12 10 40 49 4 49 49 40 49 39 28 37 49 49 33 4 49 49 19 48 31 9 12 20 32 6 12 0 13 14 29 17 4 49 7 37 49 31 18 43 24 28 6 49 49 49 1 31 7 18 7 48 25 39 
39 16 30 40 49 21 39 49 49 43 49 31 9 43 24 49 1 49 43 7 34 49 4 49 22 24 49 36 27 39 28 10 19 40 49 27 49 30 36 46 12 0 10 26 22 0 32 3 22 26 13 49 49 31 16 33 39 49 46 49 27 19 19 49 6 39 49 49 22 34 6 
49 49 9 30 36 43 49 46 46 49 6 49 49 49 49 10 49 40 49 15 19 3 49 21 12 28 25 48 49 49 37 49 46 46 49 49 37 40 48 27 7 18 30 32 2 24 0 2 9 7 9 13 6 49 45 7 12 39 22 27 49 49 49 49 13 46 49 49 37 49 18 
24 28 36 19 7 33 18 36 33 48 31 18 48 28 49 49 9 40 49 49 49 49 1 36 49 49 49 30 48 49 46 49 9 4 49 49 16 36 6 49 18 28 27 5 28 0 30 0 4 20 49 30 49 49 33 49 21 27 18 39 40 37 49 48 49 49 45 48 49 49 49 
49 49 43 49 45 49 19 3 49 37 49 13 49 10 45 36 48 49 18 49 40 37 3 21 6 49 49 13 21 40 33 9 49 33 3 9 1 9 37 45 20 8 17 25 30 6 8 16 0 26 49 31 36 7 15 49 13 24 48 15 49 34 48 34 37 49 30 18 25 49 45 
49 49 25 49 19 49 49 21 19 34 30 49 18 31 49 27 10 49 49 49 33 4 36 3 36 42 46 28 16 49 49 43 49 1 49 49 4 36 27 27 22 14 30 30 8 10 25 4 6 0 25 49 6 19 42 21 37 49 30 10 15 10 9 49 43 1 49 21 42 49 22 
25 49 49 49 49 18 49 1 49 49 31 28 22 49 39 27 49 49 37 49 46 45 22 49 49 49 18 43 37 36 10 28 9 49 49 49 7 28 22 42 7 24 49 49 16 7 4 31 39 49 0 22 8 14 2 28 6 9 3 20 49 49 15 49 7 25 7 33 49 16 49 
49 40 40 21 13 3 36 39 45 49 6 49 10 49 24 28 15 37 49 48 30 9 49 43 6 49 27 49 49 49 9 49 49 24 49 16 30 49 49 16 37 34 49 4 49 12 21 30 49 45 0 0 32 21 24 8 28 29 16 18 13 6 33 28 49 39 49 3 49 34 49 
6 49 49 49 42 49 49 49 49 33 25 10 33 21 24 9 49 3 28 33 46 31 28 49 49 36 4 7 49 21 24 49 13 6 18 49 49 49 15 49 9 31 49 49 12 49 48 16 18 37 19 27 0 29 20 0 28 3 17 10 34 49 49 6 45 49 34 7 49 49 36 
15 4 49 46 25 46 18 27 39 34 27 36 21 40 49 27 1 3 49 45 49 33 15 25 18 49 43 49 16 43 34 42 37 40 49 30 27 49 3 28 27 21 4 34 21 49 28 22 6 39 22 28 26 0 17 10 24 28 23 8 27 49 49 49 49 21 7 49 12 48 6 
12 43 42 49 6 22 33 3 49 6 45 49 19 49 27 43 42 43 9 49 22 49 22 24 16 24 10 18 49 46 25 40 25 49 25 49 45 18 21 49 43 25 49 39 49 49 49 49 49 10 28 32 28 6 0 14 32 12 32 10 43 30 49 27 31 49 49 10 31 24 3 
49 31 25 46 6 49 36 49 48 28 49 34 25 49 49 31 1 31 6 27 13 40 22 4 25 16 19 7 49 30 28 24 28 9 10 49 49 13 49 48 49 49 4 49 12 3 49 39 15 27 21 20 30 16 18 0 20 10 22 32 49 10 31 39 49 49 49 49 40 1 49 
12 24 49 9 12 49 1 49 18 49 10 49 49 49 49 49 13 49 49 10 21 16 15 24 49 49 15 43 6 16 16 34 33 42 49 49 10 49 49 49 36 1 49 49 3 49 49 15 13 6 3 14 18 26 4 30 0 5 12 7 31 33 36 49 49 49 49 49 48 9 36 
43 12 49 48 49 36 49 49 49 40 28 49 49 28 12 37 49 49 49 19 16 49 19 9 24 4 49 21 43 40 49 4 39 46 15 48 36 49 7 49 25 49 15 49 16 43 16 48 4 42 3 29 15 20 4 22 30 0 8 26 27 49 49 24 16 36 3 25 49 49 49 
49 9 45 16 49 49 6 49 49 49 10 10 9 16 21 34 49 45 16 3 18 7 19 18 49 18 1 40 30 9 49 36 25 49 49 49 49 34 42 40 49 31 49 4 15 49 12 1 31 30 12 2 8 18 14 6 28 11 0 24 4 19 18 49 49 49 6 3 19 49 9 
46 31 18 16 33 21 36 4 19 21 42 31 18 49 28 9 22 25 49 6 49 49 49 39 31 49 24 43 49 49 37 36 27 49 49 36 12 1 40 49 15 33 15 30 36 4 6 21 46 49 30 32 0 19 6 26 27 4 3 0 25 49 25 48 31 43 33 28 49 49 22 
22 49 39 49 25 40 12 39 31 24 49 7 21 9 18 37 49 49 21 48 13 25 18 37 49 49 49 49 46 12 49 48 10 48 49 16 49 40 45 31 34 4 9 3 49 49 7 27 25 49 49 30 49 49 1 49 33 49 16 18 0 22 28 32 16 12 24 6 6 26 49 
49 12 49 31 49 45 12 33 7 39 49 49 31 49 33 49 49 49 43 3 49 31 49 34 45 4 21 13 49 13 31 49 42 1 15 40 43 49 42 6 48 22 28 16 49 49 28 21 48 1 43 49 34 18 6 49 48 46 22 43 10 0 6 17 3 22 20 6 3 26 45 
39 49 46 27 49 33 13 16 13 3 39 49 49 39 49 37 49 37 12 25 1 49 49 42 46 4 27 30 4 13 49 49 49 49 49 6 28 42 39 7 30 49 46 40 1 33 49 49 12 24 49 4 49 49 21 28 49 40 48 4 4 22 0 13 10 30 30 6 11 17 6 
49 49 36 3 48 49 28 34 33 22 4 37 24 18 49 3 22 42 49 49 48 40 49 13 25 6 18 13 48 49 49 33 46 49 33 45 9 49 49 30 37 6 49 1 45 49 27 4 46 49 7 49 40 49 49 7 45 39 30 13 14 16 12 0 0 22 10 24 6 16 24 
24 3 46 34 9 49 22 40 3 21 16 15 30 43 39 10 49 49 37 22 15 45 6 13 49 36 18 49 49 24 7 9 49 49 4 49 16 31 49 27 39 37 49 49 24 49 49 49 33 25 10 49 49 42 37 4 9 1 43 49 32 28 28 26 0 23 16 1 28 22 30 
49 15 37 13 27 6 42 13 40 37 48 49 43 13 16 49 18 28 34 16 18 13 49 34 15 46 49 33 46 49 21 13 49 15 49 7 49 34 49 7 6 42 1 45 42 19 22 13 36 3 49 49 49 48 49 4 27 49 36 49 12 8 5 32 10 0 8 23 3 15 3 
33 49 22 49 42 46 12 49 49 34 49 49 49 34 49 48 31 49 18 49 16 22 33 40 40 49 24 42 48 28 27 49 42 49 49 49 6 39 49 3 21 6 16 49 6 37 24 39 45 21 49 45 7 19 36 46 22 12 6 37 28 11 12 17 22 8 0 4 12 28 49 
49 49 25 43 49 4 18 45 15 49 49 49 27 49 19 49 18 49 34 34 1 9 49 36 34 49 15 39 49 10 28 49 31 18 1 28 9 31 49 42 49 49 37 25 13 33 49 49 7 36 25 49 13 3 49 10 49 40 42 40 12 24 26 5 0 19 26 0 24 18 24 
49 49 49 49 48 12 3 4 18 49 36 21 49 49 45 42 12 4 49 49 31 24 49 49 25 49 49 43 39 43 49 19 48 42 49 48 49 36 49 42 48 49 31 3 28 16 3 49 45 49 16 45 31 12 16 34 49 49 21 49 24 31 18 15 26 12 0 6 0 8 39 
13 13 49 4 7 48 46 24 40 31 12 36 1 49 33 31 49 49 36 46 49 49 6 15 49 4 49 28 49 49 34 49 13 49 49 42 49 33 49 49 25 36 18 49 49 49 49 13 18 16 24 13 49 42 49 49 46 27 1 3 25 24 7 22 15 31 23 24 23 0 49 
19 10 22 42 31 13 27 19 39 31 28 49 49 30 49 42 49 49 42 49 49 49 49 1 1 19 49 42 34 49 49 19 33 16 24 31 10 49 42 40 12 46 49 42 21 9 40 48 13 49 37 49 42 49 21 49 27 49 27 34 10 39 19 37 36 28 4 49 48 37 0 
