n: 70
m: 8
Pi:U[1-99] 62 80 62 67 13 13 78 76 42 38 89 64 60 44 40 78 88 91 8 48 40 5 42 55 88 68 8 83 77 18 74 33 97 66 99 72 94 17 51 6 79 35 49 57 90 29 51 34 44 88 61 91 86 85 95 79 62 45 25 77 71 43 91 45 28 19 84 66 23 59 
Si:U[50-99]
0 34 63 46 42 41 34 64 47 37 82 99 91 99 82 99 99 99 99 99 99 94 99 88 85 76 93 99 99 99 99 99 94 87 90 99 75 76 99 99 99 99 99 99 99 99 99 96 78 99 99 90 99 99 99 99 84 99 99 99 78 81 99 99 99 99 99 99 96 99 99 
35 0 42 63 65 66 56 39 42 58 99 99 99 99 99 99 99 78 99 99 87 99 87 99 88 90 85 99 99 99 99 99 99 99 99 99 79 99 85 85 78 82 99 99 94 99 94 99 93 99 87 99 99 99 99 99 99 90 99 99 99 99 78 91 87 99 78 99 99 99 99 
48 36 0 59 36 60 58 57 33 63 99 99 78 84 75 99 99 99 99 99 96 99 99 90 99 81 82 88 99 96 99 90 99 99 93 99 99 99 79 76 99 99 99 99 99 99 99 91 99 99 99 85 78 85 97 99 99 99 78 99 91 91 99 91 88 99 85 99 84 99 99 
55 59 34 0 44 66 48 33 52 46 99 99 81 81 99 99 99 99 99 99 99 81 99 88 99 96 99 99 99 99 99 99 99 99 99 75 75 99 76 79 76 99 99 96 99 99 99 99 96 99 84 99 78 99 99 87 87 76 99 99 99 99 99 87 99 99 90 99 85 99 99 
48 37 47 44 0 52 52 51 60 48 99 99 93 78 94 93 99 99 99 94 75 99 99 99 99 99 99 85 99 91 99 99 99 99 96 88 94 99 93 99 99 99 97 99 87 99 99 99 96 99 91 99 99 99 99 99 87 99 82 99 99 99 99 99 99 99 99 91 97 99 99 
36 50 35 62 54 0 53 39 54 34 87 87 99 99 78 81 99 99 84 99 99 99 99 99 85 90 99 99 99 99 99 99 99 99 99 99 99 99 85 99 99 99 99 99 99 91 79 99 99 99 99 99 84 99 99 99 99 96 96 99 99 99 85 82 99 87 99 99 81 96 99 
49 46 34 43 37 59 0 54 40 60 99 94 99 97 99 99 96 99 99 99 99 99 99 99 93 99 99 99 78 99 99 99 99 99 99 99 99 99 99 94 99 99 99 81 76 79 84 99 97 99 99 78 87 99 93 99 87 99 99 99 99 84 99 99 99 99 78 94 99 99 91 
58 46 54 48 62 36 34 0 38 50 84 99 99 94 99 93 99 99 99 99 99 90 99 99 99 99 99 99 81 90 99 99 99 99 81 99 81 75 99 99 99 99 99 99 99 99 99 99 76 84 79 99 96 99 99 78 78 96 82 99 79 99 99 78 99 81 99 99 99 99 99 
44 34 62 63 41 64 33 37 0 57 99 99 88 78 91 88 99 99 87 81 84 99 99 99 99 99 81 76 99 99 99 99 99 99 99 99 99 76 81 99 99 99 99 99 75 99 99 96 99 99 99 99 90 96 99 93 99 90 76 99 99 99 99 99 99 76 99 99 85 88 99 
54 60 58 52 50 44 56 43 54 0 99 99 99 99 99 91 99 99 99 79 99 85 85 99 99 97 99 99 90 99 99 99 99 99 94 99 99 88 87 79 99 99 88 99 99 84 99 99 85 81 99 85 82 99 75 99 82 99 99 99 93 84 99 99 99 99 90 99 99 96 99 
99 99 99 85 99 99 99 99 99 99 0 62 63 54 52 54 47 53 33 66 96 99 88 99 99 99 99 99 99 99 82 91 81 99 99 79 99 99 99 99 91 99 99 99 99 87 99 99 99 99 81 99 99 99 99 99 99 99 78 93 99 99 99 96 99 96 99 84 81 99 99 
82 97 75 99 90 99 76 99 99 99 39 0 62 65 64 44 63 41 33 52 99 85 99 79 85 93 79 99 99 99 99 99 93 99 91 99 79 99 99 93 99 99 99 99 99 94 99 99 99 99 99 93 78 99 99 99 99 99 79 96 84 99 99 99 91 90 99 99 99 99 99 
97 99 90 99 99 99 99 78 99 99 66 64 0 60 62 45 50 44 54 49 99 93 99 99 99 99 99 99 76 99 82 81 99 96 99 90 94 99 99 96 99 79 99 99 99 99 99 99 99 99 99 99 99 79 99 99 99 99 75 87 99 97 84 99 87 94 88 99 88 99 99 
99 99 99 99 93 91 79 99 99 99 42 44 48 0 58 64 42 60 46 48 99 99 97 99 99 99 82 99 99 84 87 85 88 99 99 99 99 99 99 99 96 99 99 99 99 99 99 99 99 76 99 99 99 85 94 99 85 99 99 99 99 99 99 99 99 99 99 99 99 85 84 
99 99 99 75 99 78 99 99 76 88 57 45 59 64 0 60 39 41 36 65 99 96 99 99 99 96 99 85 99 99 97 99 99 99 99 99 99 99 97 99 88 99 87 76 99 99 99 85 99 97 99 87 99 99 91 94 96 85 99 99 99 76 99 99 97 84 87 99 99 99 84 
99 99 99 99 99 91 99 99 99 99 55 33 36 54 44 0 38 56 48 43 93 99 99 99 91 99 99 99 99 99 99 99 91 85 99 78 99 99 87 99 99 99 99 79 99 99 99 99 99 82 99 99 99 99 96 99 99 99 99 99 99 99 99 99 99 99 99 99 99 96 99 
99 99 99 99 99 91 84 99 99 99 40 38 36 54 46 42 0 48 34 44 99 76 93 85 87 99 76 99 99 99 99 99 93 99 99 99 85 99 99 99 87 99 99 99 99 99 99 99 99 99 99 99 99 99 84 99 99 99 96 93 99 99 99 97 93 99 99 99 93 88 99 
99 99 99 99 99 79 99 99 99 99 44 65 39 34 39 56 62 0 58 50 99 76 88 99 75 99 88 75 79 99 88 75 99 99 99 99 99 99 94 90 99 99 99 99 99 99 99 99 99 99 99 99 76 91 84 99 99 76 84 96 93 76 99 99 99 99 82 99 93 99 99 
79 99 99 99 99 99 99 99 99 99 37 60 36 40 44 41 60 41 0 54 88 99 87 99 99 99 99 99 99 76 99 99 99 99 99 99 99 99 99 99 75 99 99 99 99 96 99 94 99 85 99 96 99 99 84 79 78 79 99 99 88 99 99 99 99 88 99 99 99 75 99 
99 99 99 99 97 99 99 90 91 99 62 58 43 66 33 38 48 33 62 0 99 99 93 75 99 99 97 99 90 87 99 99 99 99 99 99 81 99 76 99 93 99 87 79 99 85 99 99 99 82 81 99 94 88 81 99 99 99 99 88 99 90 75 99 99 99 99 75 99 94 99 
99 99 99 99 85 99 90 99 99 85 87 99 99 99 78 75 99 99 97 99 0 62 46 38 58 46 42 42 37 35 99 94 99 84 99 99 99 82 99 99 99 99 99 75 99 99 99 99 96 75 84 99 99 94 99 79 99 99 85 99 81 94 99 99 79 88 99 99 99 90 99 
99 81 99 99 75 99 99 99 97 99 75 99 99 99 99 88 99 99 99 99 58 0 41 37 45 41 52 54 52 49 99 97 99 91 96 99 99 99 97 99 97 99 93 99 99 99 99 99 81 99 99 99 85 99 99 79 99 88 84 99 99 99 99 99 99 99 99 99 94 99 99 
99 99 75 78 93 99 91 99 79 99 90 97 84 99 99 99 79 90 99 99 54 59 0 44 56 43 54 50 46 57 76 99 87 99 97 99 99 99 99 99 99 99 99 99 99 99 99 99 93 84 99 99 99 75 99 99 99 99 99 99 93 99 79 99 99 91 99 99 99 78 99 
91 96 99 93 99 99 99 99 87 99 99 99 99 99 99 96 99 99 87 82 51 55 62 0 43 62 65 48 57 36 82 99 99 90 99 99 99 76 78 87 99 99 99 82 93 99 99 99 91 97 99 99 99 97 99 99 96 99 99 99 99 99 99 96 82 99 99 99 99 99 99 
99 99 93 99 99 99 99 99 99 85 96 94 99 99 99 76 81 99 99 99 35 64 52 58 0 36 54 38 50 35 99 99 88 97 99 99 99 99 99 76 99 99 99 99 99 75 99 99 88 99 85 99 99 99 85 99 99 76 99 91 87 94 99 99 97 84 84 82 99 99 99 
99 91 99 99 99 99 91 99 99 93 99 99 99 91 99 99 99 99 90 99 40 64 40 34 52 0 53 53 60 53 99 99 78 99 75 94 99 87 99 99 99 88 99 99 99 99 78 99 99 81 82 99 99 99 99 97 99 99 91 99 99 99 88 82 99 84 75 99 93 84 91 
99 81 99 99 99 78 84 99 99 81 76 99 99 90 96 94 99 99 99 99 62 50 50 40 46 53 0 52 43 41 99 99 99 99 99 99 99 99 81 99 99 99 99 99 96 99 99 99 99 99 99 99 99 99 99 99 99 99 79 99 99 99 99 97 79 99 99 76 99 99 82 
90 99 99 99 99 94 93 99 84 99 99 99 99 90 99 84 99 99 99 99 44 40 56 42 35 62 57 0 55 58 94 96 99 99 99 99 99 99 99 84 99 96 99 76 99 81 93 99 99 99 99 99 99 99 99 99 99 99 85 99 81 99 99 99 88 76 97 82 99 99 99 
99 90 99 99 99 99 99 91 99 99 99 99 87 87 99 96 96 90 99 99 50 50 34 41 38 39 58 56 0 44 93 87 99 99 87 99 88 99 99 97 99 99 99 99 99 99 87 99 99 99 99 99 99 99 81 79 99 96 94 99 99 99 76 94 99 99 99 99 93 99 99 
78 76 99 99 99 99 87 99 99 78 99 94 99 99 87 99 99 99 99 78 65 60 50 34 62 42 38 42 53 0 82 81 99 99 99 99 99 97 99 88 75 99 99 99 99 99 96 99 99 81 79 99 99 99 99 99 99 81 78 99 99 99 99 99 85 99 99 99 99 99 96 
99 99 99 99 79 99 99 90 78 99 99 99 99 99 93 99 99 99 99 93 99 99 99 99 87 99 84 99 99 84 0 42 45 38 41 37 42 64 42 37 99 99 99 99 76 91 99 81 94 99 99 99 99 99 99 99 99 90 99 79 96 99 82 99 99 99 99 99 99 99 91 
99 99 99 79 99 81 99 85 99 90 99 99 84 99 96 99 99 99 79 87 99 82 99 99 99 99 99 99 99 99 36 0 44 38 33 52 58 58 54 43 94 99 99 99 99 99 99 99 94 82 99 99 97 99 91 99 91 78 99 99 99 99 82 82 99 99 99 79 93 99 91 
99 99 99 99 99 99 99 99 99 99 99 99 99 99 99 99 99 99 99 75 99 99 87 99 99 99 99 99 99 99 55 57 0 57 53 60 61 38 56 36 99 87 76 99 99 90 99 76 99 99 87 78 99 82 99 99 99 99 90 99 90 99 99 99 99 75 81 99 99 78 99 
99 75 78 99 99 99 97 88 99 99 99 99 99 99 99 99 88 99 85 99 99 96 99 99 96 99 99 99 99 99 38 35 46 0 61 42 33 48 46 61 79 99 99 99 96 99 79 94 99 78 85 81 99 82 78 99 99 99 75 99 99 96 90 99 99 99 99 99 99 76 99 
99 99 85 99 99 99 99 99 99 99 99 99 99 99 90 99 99 81 99 99 81 99 79 76 99 82 78 84 99 93 39 46 39 40 0 36 36 52 44 59 99 99 99 99 88 81 75 99 99 82 99 99 76 99 99 99 97 99 99 99 99 93 82 99 88 99 99 99 99 99 99 
99 99 99 99 99 94 99 99 85 96 99 96 99 99 93 99 99 91 99 97 97 99 99 90 99 99 78 81 81 97 58 35 42 35 43 0 64 66 62 62 82 94 87 99 87 99 99 91 75 99 99 99 99 99 99 99 99 99 99 99 93 99 99 99 99 99 99 88 99 99 99 
99 99 99 90 99 99 99 85 99 99 99 75 99 78 99 99 90 99 84 99 99 99 99 85 99 99 99 93 99 91 52 44 60 45 35 41 0 59 65 66 96 99 99 99 99 99 99 99 99 99 99 99 99 99 99 99 84 99 99 99 99 99 96 99 82 99 99 84 93 99 91 
99 94 99 82 84 99 99 99 99 99 99 79 75 99 99 99 99 99 99 99 99 99 99 79 87 99 99 76 99 88 42 40 39 51 48 45 33 0 48 64 87 99 78 99 99 99 99 99 82 76 78 85 99 99 79 99 99 99 84 99 85 99 99 99 99 99 99 96 99 97 99 
94 88 99 99 99 99 99 99 99 99 90 96 99 75 87 99 93 99 99 99 99 99 99 93 81 82 99 99 87 99 40 62 64 66 48 38 33 40 0 55 78 81 97 91 75 81 99 76 84 99 99 90 99 99 99 99 99 99 79 99 99 99 99 84 99 99 99 99 99 94 87 
99 97 79 76 79 99 99 99 99 90 99 99 99 99 99 99 90 99 85 87 99 75 99 99 99 99 90 99 99 91 50 61 56 43 52 42 59 58 59 0 87 99 99 99 99 99 99 99 75 78 99 91 78 82 99 99 99 99 88 99 99 84 99 99 90 99 99 79 99 99 99 
99 99 99 99 81 97 99 99 99 76 99 99 87 94 99 97 87 82 99 99 99 99 91 99 82 99 79 88 79 99 99 79 99 84 99 99 93 99 81 99 0 52 34 64 55 35 41 44 58 58 99 79 99 78 93 99 99 97 99 99 78 99 99 94 96 90 99 75 85 99 99 
99 84 99 90 99 99 96 99 99 99 99 99 87 99 99 78 99 99 99 99 85 87 99 82 99 99 99 99 99 99 99 99 99 99 88 90 99 99 97 87 36 0 60 47 44 47 55 49 37 34 99 99 99 99 82 99 99 99 99 99 99 99 93 79 82 87 99 78 82 88 99 
99 99 88 99 75 85 99 99 99 99 99 99 99 99 99 99 99 99 81 91 94 99 99 90 99 99 99 85 99 81 88 99 85 79 99 99 93 88 99 99 50 40 0 59 51 53 61 63 42 60 99 99 99 99 99 88 99 99 99 75 99 79 99 99 90 99 99 99 90 99 99 
99 99 99 99 99 99 88 99 82 76 99 99 99 82 99 99 99 99 99 99 99 99 99 99 99 99 81 75 94 99 84 81 99 76 99 99 97 99 99 99 35 50 48 0 42 66 61 50 63 41 91 99 93 99 90 99 88 99 99 99 96 99 99 76 99 87 99 99 99 99 78 
84 99 99 99 79 82 99 79 99 99 99 99 99 99 99 99 79 97 85 94 99 87 88 99 94 85 90 78 99 99 78 78 99 99 99 99 99 99 99 99 46 62 54 45 0 53 52 38 48 42 99 99 84 99 84 96 99 99 82 82 99 84 99 81 90 99 99 97 99 76 99 
99 84 94 85 99 99 96 99 99 99 99 99 99 99 99 99 99 99 99 99 99 99 99 87 78 99 99 99 97 88 99 99 99 81 99 99 99 90 99 91 36 39 40 64 43 0 60 34 54 35 79 79 99 99 99 97 99 97 90 99 99 99 75 99 99 99 99 99 85 99 99 
81 75 99 76 76 81 99 99 99 99 81 99 78 99 99 91 99 97 99 99 75 81 99 99 99 99 99 99 90 97 99 99 99 99 96 91 99 94 97 99 36 47 41 43 46 47 0 58 59 56 99 99 99 99 99 76 88 99 88 79 99 94 99 99 99 84 99 99 99 96 99 
99 99 99 99 99 82 91 99 99 99 99 99 99 99 99 99 99 99 99 99 99 99 82 99 96 85 99 87 99 88 99 99 99 99 99 99 99 99 99 99 62 56 38 60 47 60 51 0 34 56 90 91 99 99 90 99 99 76 99 99 84 99 99 99 99 97 88 99 91 90 99 
91 99 99 99 97 82 78 96 84 99 84 99 99 99 93 99 90 99 87 99 85 99 93 90 99 99 76 99 99 99 93 99 96 81 99 97 76 99 99 99 62 64 65 51 56 37 46 60 0 57 78 99 87 99 99 99 93 99 99 84 99 99 91 96 85 99 99 84 99 99 79 
99 99 96 99 99 99 99 99 99 97 79 88 75 99 99 99 99 99 99 99 99 87 99 96 99 99 90 99 78 87 99 85 85 99 99 99 99 88 99 99 61 63 58 52 64 41 60 60 66 0 91 85 99 87 99 85 94 99 84 99 99 99 84 99 99 99 99 99 99 99 79 
90 99 99 75 97 99 84 99 76 99 99 99 99 76 99 99 76 88 99 99 99 99 99 99 85 99 84 90 99 78 99 99 99 99 99 99 99 85 99 99 96 99 99 99 99 91 99 99 99 99 0 52 34 38 62 36 45 60 34 56 99 99 81 99 99 88 99 96 96 99 99 
88 99 99 99 99 99 99 99 99 99 78 99 99 90 99 99 99 99 99 99 75 99 99 75 99 99 99 96 99 93 93 82 99 99 99 99 75 99 99 99 81 99 99 99 99 76 97 99 75 76 46 0 46 36 40 61 35 54 40 54 93 99 99 99 99 99 99 84 96 99 85 
99 99 99 90 99 87 99 99 78 99 99 99 99 94 99 99 99 90 90 99 75 99 99 99 99 93 99 99 99 99 76 99 99 99 99 87 76 99 99 99 99 99 97 99 99 99 99 99 99 96 41 54 0 44 33 34 46 40 38 51 84 88 99 99 99 99 99 99 99 99 99 
99 76 99 99 99 75 99 99 85 99 99 87 99 99 99 75 99 99 99 99 99 99 99 82 99 94 99 99 99 99 99 99 85 99 85 99 99 99 99 79 99 87 99 99 99 99 99 99 99 99 46 49 37 0 64 47 56 60 36 60 99 97 88 99 99 99 99 99 99 99 99 
99 99 99 99 97 99 99 99 99 90 87 99 99 79 99 97 99 99 87 99 99 87 99 75 99 99 99 99 99 81 99 76 82 99 75 99 99 85 99 99 99 99 99 75 99 99 82 78 82 99 43 48 42 48 0 56 50 45 54 52 99 99 99 99 99 99 99 99 99 99 99 
99 91 99 99 99 99 99 81 99 99 99 94 99 99 99 99 85 97 99 84 81 99 99 99 93 84 99 88 99 90 99 78 76 90 78 99 87 99 75 99 99 88 99 99 99 99 99 75 99 99 48 48 64 37 39 0 39 40 48 41 99 99 99 99 85 81 81 99 99 99 99 
79 99 99 99 99 99 99 99 99 99 99 99 99 99 88 99 99 99 85 87 99 79 99 76 87 99 87 99 93 99 99 99 99 99 99 99 99 99 90 97 99 99 99 99 99 97 99 99 99 99 33 48 40 51 50 43 0 62 65 44 99 94 96 99 93 99 78 99 97 99 99 
99 99 99 99 99 99 91 99 99 99 99 99 90 87 99 99 85 99 99 78 99 99 99 99 99 99 81 99 99 99 99 99 99 99 99 99 91 99 76 99 99 82 99 82 99 94 79 99 99 99 43 37 64 48 35 45 61 0 48 36 99 93 99 99 99 99 96 99 99 99 99 
99 99 99 99 99 99 91 99 99 99 96 99 99 99 79 99 99 91 99 99 94 99 99 99 88 88 99 85 99 78 90 82 99 97 81 97 99 99 99 99 99 75 99 99 99 99 76 99 99 99 44 50 44 55 48 64 44 42 0 38 99 99 99 78 99 75 99 97 87 90 99 
99 99 75 99 84 99 99 78 99 99 87 96 94 91 99 78 99 99 85 99 99 99 90 99 91 99 99 99 99 99 78 78 99 87 99 99 88 99 76 99 78 99 93 99 99 99 99 99 99 99 45 39 60 35 44 42 34 51 50 0 85 85 99 99 94 99 93 99 99 99 79 
91 99 90 82 99 99 99 99 99 99 99 99 99 78 99 99 93 97 99 99 99 99 99 99 85 81 88 97 99 99 90 99 99 99 99 75 82 99 99 99 99 79 93 94 99 75 99 99 99 99 78 99 93 99 99 99 99 99 94 99 0 64 37 60 50 60 43 34 34 52 99 
99 79 82 99 99 87 97 99 99 99 99 99 99 99 99 87 85 99 99 99 84 99 99 99 99 90 99 99 99 99 99 96 99 99 99 99 99 99 99 99 99 99 78 87 94 87 99 76 85 99 88 76 99 99 99 99 99 99 81 90 64 0 62 56 44 38 51 38 33 50 99 
99 99 82 99 75 99 99 99 79 99 99 99 91 88 99 81 97 99 93 99 99 93 99 82 99 76 99 99 99 99 82 99 99 99 99 99 99 99 99 76 99 99 90 99 99 90 99 99 88 99 99 99 99 99 99 99 93 99 85 99 54 43 0 54 48 64 54 34 51 55 75 
99 99 84 84 99 99 99 99 99 99 99 99 76 99 79 99 99 99 88 99 82 99 99 99 75 99 99 99 84 99 96 99 99 99 75 99 99 99 99 97 99 90 76 99 99 99 99 94 85 85 99 99 99 99 97 99 87 99 99 99 53 66 65 0 58 42 37 65 40 53 99 
85 99 99 94 99 99 99 99 99 99 91 99 99 99 99 76 99 99 99 99 99 99 99 99 99 99 99 99 99 94 99 99 99 99 99 99 99 99 99 99 99 99 99 99 99 78 99 99 99 99 99 87 79 99 99 99 88 82 99 99 39 33 56 35 0 41 40 64 38 49 99 
99 87 99 96 87 99 99 99 99 99 99 91 99 81 99 99 94 99 91 99 99 99 99 99 99 97 99 78 99 99 99 76 99 93 99 99 76 99 99 91 97 99 99 99 99 99 99 99 99 87 99 91 78 99 87 79 99 93 99 85 37 57 44 36 63 0 61 62 58 41 99 
90 78 93 85 99 88 93 99 94 76 93 97 99 99 97 99 99 99 96 99 93 99 99 76 99 82 99 99 99 99 99 99 99 99 99 99 99 75 99 99 96 85 99 99 96 75 90 99 99 93 99 87 99 84 88 99 99 99 81 99 54 53 34 43 44 48 0 41 64 52 99 
97 94 94 99 99 78 99 81 75 87 91 99 99 99 96 87 99 99 99 99 99 99 99 81 93 99 93 85 79 99 99 99 84 99 99 99 99 85 91 99 99 97 99 99 99 99 99 99 99 99 99 99 99 99 90 99 99 75 99 99 66 45 63 53 42 35 34 0 64 48 99 
87 82 99 94 76 99 78 99 93 99 99 99 75 78 99 99 75 99 94 99 90 99 99 99 99 96 99 99 99 91 82 99 99 99 99 91 91 88 99 87 99 99 76 81 99 99 99 99 99 85 82 99 81 75 99 99 99 84 99 99 54 51 60 41 40 54 41 39 0 60 99 
99 99 99 75 99 99 97 99 99 99 99 88 99 99 99 99 99 99 99 99 99 99 99 87 99 99 99 99 99 96 85 99 97 82 99 81 94 85 97 99 76 99 81 99 81 99 94 99 99 82 99 99 82 88 96 99 99 85 99 99 49 51 56 62 39 40 46 43 38 0 99 
99 84 90 99 82 99 81 99 84 99 99 99 75 85 99 91 91 81 99 99 96 99 99 99 85 93 81 99 99 99 93 99 76 99 99 99 99 99 99 99 99 82 94 99 99 99 76 99 99 97 97 90 99 99 75 78 99 88 99 99 99 93 99 99 81 99 97 99 99 99 0 
