n: 70
m: 6
Pi:U[1-99] 55 37 1 87 92 64 1 71 11 26 50 91 94 8 40 78 1 42 28 66 47 68 98 35 43 20 76 5 1 38 39 23 96 74 57 23 43 49 35 32 30 96 21 78 75 83 4 64 86 18 31 41 90 83 67 8 54 8 67 32 17 67 83 28 54 75 28 31 20 40 
Si:U[50-99]
0 84 63 94 72 60 80 86 94 71 77 86 98 61 65 85 64 51 54 78 76 57 66 60 73 63 75 89 82 68 52 84 58 90 86 75 97 64 83 86 55 83 63 68 64 85 68 68 99 64 57 65 75 79 91 53 66 65 56 92 81 50 84 57 92 77 62 80 81 99 87 
92 0 56 91 51 56 63 88 92 85 62 60 87 95 89 95 66 59 55 97 66 66 67 51 78 89 98 67 76 89 99 88 70 89 85 81 61 89 66 62 74 50 70 62 90 73 57 78 52 94 65 88 59 62 98 73 77 55 88 88 54 88 90 68 58 51 89 87 82 68 53 
67 82 0 65 91 69 73 61 80 72 88 99 97 90 68 84 57 95 91 55 84 61 59 80 74 97 81 86 68 65 54 92 62 84 67 66 72 64 77 91 88 62 59 71 80 85 59 99 55 84 91 56 85 71 74 89 63 96 59 77 68 77 84 64 57 58 57 60 80 76 83 
55 64 61 0 66 54 91 59 67 80 56 54 64 85 51 94 80 88 57 90 85 89 64 64 63 87 84 67 58 75 94 77 74 85 66 69 94 54 97 50 77 63 76 99 91 82 75 69 51 50 79 92 97 71 87 95 82 59 75 63 76 88 58 78 99 89 67 82 87 82 66 
98 62 63 53 0 83 87 57 64 83 95 89 63 92 91 72 82 95 56 50 80 93 87 68 73 73 74 90 75 77 63 84 82 91 84 63 62 96 53 81 94 91 67 54 76 71 72 58 53 57 86 94 64 83 94 81 97 85 88 85 60 63 65 50 98 96 94 83 73 89 63 
78 60 73 84 70 0 84 78 79 86 60 84 57 91 77 91 61 68 74 91 57 93 83 51 74 77 67 61 79 87 80 74 91 79 81 64 52 96 50 64 90 64 77 50 61 87 84 53 91 56 64 85 63 50 66 73 50 77 74 61 89 96 65 58 65 93 91 69 51 77 85 
66 90 72 73 59 68 0 65 74 88 91 67 94 82 64 88 98 61 96 50 96 79 60 69 68 79 94 94 83 79 84 81 80 60 72 52 50 70 86 57 78 80 88 72 53 70 56 75 96 67 66 61 83 93 66 70 68 83 73 86 72 64 78 98 94 85 55 74 90 65 64 
52 81 62 67 67 62 85 0 92 61 99 59 56 93 59 65 96 75 77 94 88 64 89 88 64 73 51 93 53 89 92 97 52 81 72 89 99 83 73 93 63 78 54 94 90 67 58 81 67 93 62 65 86 83 94 95 84 99 88 72 55 68 86 97 50 51 62 57 64 64 65 
88 83 59 52 98 86 62 87 0 52 79 62 91 59 96 71 78 98 68 78 57 69 72 65 89 70 61 77 92 64 67 54 52 62 66 95 60 73 65 63 60 74 59 93 72 63 88 69 55 86 54 95 52 65 64 75 59 57 54 84 64 50 94 97 62 59 61 52 96 70 85 
67 99 85 75 95 72 82 90 77 0 86 61 64 88 78 83 78 93 55 87 85 74 67 96 84 63 51 99 50 57 71 54 85 53 56 73 82 90 90 74 87 91 97 98 76 75 86 52 62 78 80 60 77 52 82 50 62 99 79 68 61 61 60 90 58 95 91 97 93 97 79 
79 73 84 69 54 76 67 92 83 78 0 54 66 58 99 58 57 54 56 79 80 68 56 56 55 60 95 89 80 66 72 60 92 67 80 80 93 64 93 84 65 62 98 61 98 68 53 64 76 90 85 64 97 91 67 87 67 59 94 62 99 89 62 74 82 53 94 67 70 65 95 
90 73 69 59 59 59 82 86 60 61 81 0 90 73 99 51 76 78 99 91 85 60 75 92 68 71 54 81 88 81 68 86 92 54 67 73 88 98 79 99 87 90 89 98 64 51 64 75 70 88 81 81 71 84 79 93 52 64 59 88 57 53 71 96 80 60 67 74 73 96 69 
71 72 57 64 97 73 98 88 94 67 67 70 0 93 75 74 57 81 82 75 77 98 57 74 88 81 70 91 92 75 94 54 64 81 90 66 68 61 93 50 98 83 95 69 80 56 85 53 79 83 60 98 72 88 59 60 53 91 77 67 81 76 99 58 98 55 95 95 82 97 58 
61 65 54 53 75 81 76 86 92 51 99 66 96 0 57 93 78 95 98 60 64 91 90 67 92 59 58 64 96 60 97 61 70 76 55 87 60 88 61 91 67 71 59 89 57 98 96 77 79 77 97 98 80 62 87 65 63 75 65 75 78 97 99 51 59 62 91 73 67 52 51 
66 94 65 64 71 82 95 76 64 56 98 87 70 86 0 97 70 67 64 60 54 89 57 88 68 75 80 62 71 85 58 52 56 96 59 51 65 96 83 96 75 58 80 59 77 61 98 66 69 68 72 65 88 55 68 87 64 58 74 88 97 98 57 82 78 63 91 50 96 77 87 
90 76 61 66 56 71 69 99 81 65 71 93 52 64 75 0 63 55 76 83 79 81 55 93 58 64 63 63 64 91 89 62 81 79 88 85 85 93 85 76 60 87 95 51 58 98 52 84 81 90 94 71 88 98 95 74 97 66 82 94 75 57 75 89 83 50 89 55 95 52 70 
88 93 64 70 99 55 87 77 53 84 71 60 96 64 67 70 0 90 69 89 85 90 55 77 70 76 79 79 90 89 83 77 63 72 79 98 59 82 54 60 89 75 52 53 88 94 87 72 75 54 61 66 68 99 60 52 69 54 98 72 89 57 55 68 61 99 56 99 68 70 81 
58 62 67 59 86 84 60 64 85 91 97 51 84 55 80 58 71 0 65 90 67 90 54 84 80 96 80 68 56 52 63 96 74 83 75 94 82 98 89 52 99 75 62 99 90 56 76 70 90 60 84 54 76 96 66 52 72 83 87 80 80 75 59 88 77 79 77 71 91 89 97 
85 87 57 96 81 73 53 93 70 89 72 97 58 93 79 99 56 57 0 84 70 72 98 96 62 57 52 62 53 62 61 89 90 75 91 73 74 77 58 58 85 55 93 86 65 74 60 70 63 80 79 90 54 85 57 52 56 53 66 51 60 76 64 74 63 95 59 91 85 61 86 
88 82 85 66 59 73 89 87 96 69 96 90 95 55 67 99 86 95 96 0 51 99 66 76 50 96 83 89 73 71 67 74 73 63 60 95 51 50 56 80 85 74 84 91 95 85 93 66 51 73 70 54 89 96 69 60 88 74 59 82 92 70 79 53 61 61 70 77 73 98 91 
89 96 61 99 74 82 90 63 98 77 80 88 66 88 82 84 67 81 63 56 0 99 74 80 76 52 57 70 86 55 87 50 74 59 65 52 59 66 54 99 84 61 98 80 50 50 51 66 55 70 78 70 82 81 76 84 50 63 73 98 58 66 78 98 80 64 77 76 86 72 88 
88 84 80 68 88 68 81 74 64 66 70 65 57 92 54 98 70 78 50 60 79 0 85 89 90 87 54 82 88 55 71 68 96 73 79 68 52 92 82 80 77 83 51 54 76 79 56 72 53 72 52 89 81 95 57 96 85 83 66 73 51 53 59 65 81 67 62 61 79 79 57 
87 97 57 95 78 96 76 73 59 74 97 84 66 69 58 89 73 70 95 76 80 81 0 71 94 74 81 91 70 95 95 56 94 95 94 97 60 55 77 93 94 75 65 91 99 51 87 81 53 69 55 52 93 90 96 79 69 66 58 95 83 82 98 76 72 84 86 62 83 58 89 
84 88 92 75 95 98 96 74 60 72 96 58 52 95 68 99 87 88 69 71 73 71 91 0 82 76 60 93 68 98 83 81 93 68 72 89 75 85 74 54 86 51 64 97 81 67 64 87 72 79 99 56 71 72 88 89 64 88 93 77 81 62 69 86 57 98 71 68 92 62 69 
69 77 98 71 78 91 60 52 75 78 67 58 95 58 79 58 94 59 53 60 52 53 63 66 0 62 50 82 57 64 76 79 57 79 79 85 53 78 87 76 73 51 61 91 62 61 69 87 90 66 78 53 50 58 77 56 69 53 88 75 79 86 75 60 80 78 93 56 77 83 60 
94 69 87 94 93 59 64 68 87 68 60 52 79 97 72 71 98 62 76 99 61 86 59 63 90 0 60 96 87 98 57 62 73 59 70 55 88 82 61 52 52 92 80 66 71 67 93 78 97 65 72 79 97 91 83 52 79 84 67 68 66 59 91 71 63 82 66 67 87 55 55 
72 87 89 70 99 68 72 60 80 81 78 58 72 69 57 99 57 98 87 59 92 51 75 95 86 77 0 57 55 89 79 90 96 52 68 87 96 85 97 58 70 52 64 67 52 90 50 99 90 66 81 57 85 59 92 53 75 95 60 77 71 87 53 92 80 83 82 82 77 96 67 
65 78 98 99 65 72 57 96 70 58 59 79 83 79 58 52 86 80 64 52 55 57 68 78 69 69 61 0 54 53 51 80 98 67 76 73 75 97 55 73 92 60 72 80 83 73 94 82 64 77 64 81 55 57 75 54 70 58 93 77 61 68 99 68 90 86 65 53 76 77 59 
95 91 91 58 77 62 71 75 52 92 94 70 95 64 72 95 86 96 86 55 66 86 73 76 80 80 74 76 0 87 77 61 86 70 60 60 57 71 98 77 98 75 99 64 95 76 78 60 66 85 52 52 96 89 90 99 82 60 86 90 51 64 94 88 87 77 77 68 75 54 67 
99 68 51 71 52 75 81 51 50 58 89 87 81 58 95 99 87 52 77 90 56 75 61 85 75 76 93 63 70 0 75 75 73 99 81 81 86 53 90 55 97 61 63 66 95 68 75 89 76 87 61 85 65 68 70 87 92 75 91 56 63 81 88 97 51 96 81 83 70 94 64 
56 66 83 77 62 66 70 65 55 66 92 66 50 64 88 98 88 58 94 78 71 81 82 78 74 54 64 81 60 51 0 59 76 73 88 60 81 91 70 61 95 59 63 69 91 95 84 60 75 80 81 89 72 65 54 76 82 82 66 70 98 78 53 84 68 94 76 80 61 64 98 
93 58 91 69 54 59 64 73 99 81 91 52 77 53 73 59 90 62 96 51 77 89 97 64 83 65 71 89 61 50 96 0 75 59 81 50 78 99 76 92 60 75 78 92 53 55 82 58 56 86 80 74 99 51 79 78 57 95 58 72 51 50 90 95 97 93 82 69 81 95 88 
77 70 82 96 65 74 64 94 91 50 55 56 51 86 86 63 63 78 97 75 63 53 59 96 81 75 62 73 74 74 78 77 0 74 92 52 63 56 54 90 86 68 98 70 52 77 99 52 99 73 90 82 82 59 93 76 98 98 90 97 74 50 75 71 69 85 69 96 56 99 50 
63 56 94 88 95 54 85 80 82 69 72 86 75 72 66 65 67 95 75 53 62 99 92 76 57 92 83 64 77 93 79 77 82 0 83 98 75 51 71 56 57 60 98 52 94 93 74 72 51 94 93 80 71 94 79 51 61 83 98 99 63 52 55 56 98 61 75 54 52 85 50 
71 65 69 57 98 68 78 91 93 93 73 55 76 52 57 91 52 71 62 82 53 66 83 79 63 86 53 71 82 66 74 65 82 84 0 88 71 65 88 99 75 72 56 60 56 94 50 86 99 75 61 80 90 70 73 53 76 76 88 92 78 78 74 72 68 69 77 92 65 94 77 
84 90 88 92 88 64 98 52 93 88 84 64 55 81 93 84 61 85 79 76 74 53 94 63 75 71 75 72 88 94 80 92 70 93 65 0 73 76 64 50 61 63 68 78 58 98 59 52 84 56 96 57 83 64 81 82 76 93 51 92 94 79 73 88 66 67 66 83 72 88 55 
84 61 80 81 93 74 81 81 86 71 68 65 88 73 95 75 62 64 89 65 69 65 77 74 71 58 66 77 89 79 73 63 79 62 69 79 0 70 76 62 98 67 57 53 88 56 50 87 84 85 62 83 81 73 58 94 86 58 87 62 60 84 78 69 97 55 78 98 64 59 88 
61 61 63 83 73 90 94 54 77 88 71 75 72 58 50 77 50 52 83 58 96 91 57 71 50 95 66 51 98 91 59 53 84 92 64 71 56 0 85 81 81 58 73 76 94 82 62 99 73 96 88 76 68 58 66 74 51 90 58 80 75 99 85 68 84 92 63 97 89 66 83 
96 65 65 95 52 64 70 92 70 65 51 58 95 68 55 79 84 60 95 50 52 92 71 50 73 51 59 59 95 94 78 58 83 70 84 64 51 52 0 66 51 98 75 91 88 87 55 82 77 74 50 97 81 84 72 71 60 71 98 84 94 78 61 51 89 63 52 62 94 61 62 
88 67 81 54 58 54 88 85 82 77 59 91 55 85 96 63 64 68 74 86 68 67 66 77 52 90 73 59 74 96 81 83 77 84 97 98 82 95 76 0 60 72 76 91 77 70 72 79 87 83 53 98 69 90 50 89 86 56 59 79 59 98 62 56 84 55 94 68 88 82 93 
96 59 93 91 81 93 71 67 53 51 92 78 50 91 60 90 60 69 50 93 66 74 66 81 69 55 77 95 72 69 80 58 85 84 59 97 59 77 59 88 0 75 96 56 53 61 57 72 96 55 65 65 87 58 80 87 52 85 73 92 67 55 87 82 66 51 60 67 64 88 99 
68 70 97 90 63 66 90 63 92 61 61 82 68 53 87 79 82 75 61 59 85 99 60 59 92 93 81 84 56 72 91 87 64 50 50 67 80 69 63 72 80 0 82 73 96 73 71 77 94 54 54 70 70 57 89 54 52 53 65 92 94 78 55 66 78 77 50 94 68 86 83 
93 97 57 71 55 65 98 62 92 67 60 95 61 54 55 92 83 94 75 89 66 66 89 87 96 64 51 56 51 77 50 55 90 72 63 92 79 66 84 55 71 51 0 82 80 79 96 97 70 72 86 85 57 68 53 81 70 51 62 70 97 94 82 99 60 99 75 88 72 73 85 
68 62 81 63 87 86 74 92 76 63 53 53 51 75 74 71 61 55 75 91 72 85 53 73 74 96 97 67 70 73 75 64 63 81 84 53 71 85 80 79 89 84 66 0 88 61 98 81 59 59 70 74 67 78 99 70 64 66 76 64 76 72 75 95 79 64 76 70 56 92 83 
83 57 95 71 64 79 89 74 59 79 62 97 86 84 81 58 65 83 99 58 51 78 68 94 86 76 79 84 99 73 79 78 94 57 77 59 75 65 63 84 84 90 51 70 0 55 65 68 68 72 59 79 63 87 59 72 70 83 51 50 85 80 58 57 99 68 73 81 67 59 98 
99 96 73 93 78 67 92 62 60 66 90 77 94 62 69 98 94 74 67 59 84 58 92 59 82 72 55 54 98 69 54 79 75 65 52 93 74 53 80 72 65 85 69 72 54 0 97 73 96 75 90 64 70 75 63 64 86 60 91 89 78 72 59 97 72 86 88 56 72 70 85 
84 71 62 67 84 51 96 77 82 52 74 86 71 55 84 53 65 91 94 78 61 91 88 74 98 69 79 74 96 58 57 73 72 86 88 53 99 77 60 85 90 73 97 78 78 74 0 87 79 61 70 93 55 59 90 84 56 55 75 67 70 65 55 52 72 99 50 79 63 68 83 
96 72 61 83 70 67 68 64 80 92 78 65 53 76 72 94 71 54 98 94 56 76 87 67 94 78 58 92 78 73 98 72 81 92 95 92 97 95 71 99 91 88 87 50 52 96 85 0 52 72 80 78 96 86 86 80 83 83 55 92 66 68 60 61 56 84 74 58 64 54 71 
72 70 75 55 89 82 66 62 64 80 93 65 94 69 83 54 51 77 80 92 74 78 85 95 62 74 74 50 84 59 95 85 84 71 76 82 81 53 93 81 65 95 50 51 98 75 82 55 0 69 96 56 84 80 90 69 58 92 84 65 92 83 58 98 85 84 91 76 53 83 72 
55 60 54 71 82 63 94 59 73 96 61 54 93 54 96 97 67 89 51 74 76 88 68 98 59 67 85 93 58 59 77 56 80 69 78 70 67 94 92 93 81 81 57 94 88 60 77 96 78 0 86 80 79 76 89 67 97 85 65 83 83 75 52 81 79 63 89 83 65 78 89 
83 50 76 56 55 90 59 93 73 98 73 68 62 90 98 93 69 82 65 83 77 79 51 97 91 56 66 88 96 62 85 70 64 91 56 50 78 65 64 88 86 56 87 50 62 84 77 98 92 84 0 97 76 93 96 96 84 81 77 94 89 88 79 85 61 67 59 73 83 98 73 
78 85 93 76 59 83 88 95 82 53 96 65 59 59 92 50 80 53 62 72 55 98 64 83 69 53 77 75 75 73 81 87 98 62 56 72 60 99 55 60 74 98 93 78 85 61 95 87 77 94 54 0 53 76 54 97 93 57 91 50 73 96 64 54 77 64 75 50 77 63 53 
92 60 58 79 58 58 87 52 64 65 72 97 72 89 75 51 85 70 63 57 75 52 66 85 88 88 86 80 55 75 83 86 60 88 52 60 91 93 87 54 88 84 90 76 52 63 93 51 90 94 94 54 0 66 66 55 58 69 81 52 95 73 74 64 52 53 77 77 86 77 96 
65 88 67 73 60 84 68 64 87 94 81 69 54 77 50 76 76 97 87 56 95 99 78 62 76 82 76 80 73 62 70 66 59 66 86 64 58 55 90 52 52 80 70 66 91 86 69 70 88 95 95 73 52 0 57 60 53 76 76 52 50 88 50 56 75 59 82 63 83 71 83 
62 53 73 65 81 77 86 84 97 65 96 50 74 53 84 57 80 65 55 93 58 94 99 68 86 76 58 81 88 96 86 97 97 87 78 69 87 68 61 72 98 77 56 77 81 94 92 78 53 50 51 65 63 85 0 63 88 76 67 66 62 86 55 66 78 86 82 68 81 83 88 
82 72 52 90 84 74 86 56 67 51 56 78 98 64 57 51 87 95 65 75 84 53 79 80 78 66 56 91 73 80 95 71 90 97 99 89 63 92 76 53 94 63 78 85 58 69 60 81 70 81 90 54 68 62 65 0 64 81 70 51 83 86 65 72 72 75 82 98 79 72 73 
89 52 89 94 93 81 68 71 90 76 50 68 58 82 68 82 69 51 86 95 52 69 60 78 67 62 87 68 62 74 72 63 65 61 68 62 96 61 93 75 92 81 73 60 60 64 94 91 85 93 96 57 84 74 74 55 0 87 89 58 98 98 94 99 76 79 80 93 55 78 78 
53 64 56 64 96 80 67 81 80 94 75 86 51 80 80 53 88 70 91 85 71 81 74 65 88 78 55 84 59 52 66 77 84 85 96 96 70 90 78 66 54 62 53 62 73 84 58 76 93 52 74 52 56 90 54 73 73 0 76 78 59 59 97 92 50 93 71 59 97 51 58 
77 60 83 66 65 63 84 95 61 52 77 56 52 77 92 93 90 68 95 73 61 80 65 75 71 66 69 82 73 82 50 62 77 54 56 64 53 96 72 75 66 80 81 69 77 62 88 93 53 54 84 55 59 76 93 63 97 53 0 82 51 68 75 71 93 62 96 83 72 64 94 
77 80 58 82 82 74 65 86 64 65 87 84 81 94 55 50 89 50 91 69 56 91 76 93 51 56 68 83 74 90 69 77 89 94 73 70 90 97 66 58 69 57 95 56 66 71 66 67 89 81 90 98 58 53 83 84 93 72 85 0 60 86 52 57 79 86 70 96 95 62 55 
51 78 76 56 80 94 97 56 80 93 79 60 81 55 80 77 71 95 87 66 83 84 83 90 51 65 50 83 70 65 85 98 53 76 57 75 92 93 84 55 90 58 50 52 84 62 59 58 58 65 75 51 51 84 90 75 94 71 92 57 0 89 95 92 94 63 94 95 51 60 58 
99 88 50 80 58 60 65 50 74 65 85 55 86 94 79 70 58 80 74 93 77 86 96 76 60 50 65 82 56 85 87 59 79 93 58 89 80 70 74 97 60 82 79 88 65 86 85 81 75 87 78 62 61 75 83 75 81 85 99 96 72 0 99 65 91 67 90 67 63 68 76 
74 83 89 85 74 65 82 78 67 59 56 72 74 72 96 71 88 97 56 51 79 68 83 77 76 64 61 87 71 65 83 96 82 57 73 92 52 73 84 76 60 82 74 70 66 94 66 73 92 89 96 59 90 59 56 63 53 59 99 74 99 51 0 57 70 64 70 52 84 71 90 
89 59 74 80 71 91 58 51 69 87 78 73 71 86 98 58 89 93 56 50 59 88 91 99 96 63 89 96 59 54 75 81 59 84 59 52 71 67 82 92 61 58 82 88 97 84 95 74 65 94 84 85 99 69 89 72 50 53 99 61 96 51 88 0 57 86 76 91 91 94 76 
63 70 54 58 50 82 71 59 70 87 58 84 67 68 72 97 77 51 95 83 63 88 52 69 60 70 88 65 60 66 99 84 54 85 51 76 92 96 93 74 92 75 85 96 95 96 78 95 94 69 85 87 53 87 73 50 58 54 74 87 87 88 85 57 0 50 96 82 54 79 63 
83 94 97 98 62 50 75 90 57 76 80 95 75 77 65 95 55 61 79 69 94 92 94 67 80 95 90 71 82 97 92 83 99 70 63 67 97 54 52 67 89 95 89 88 92 57 80 92 72 54 59 97 57 84 65 86 60 90 71 96 72 98 89 79 51 0 92 65 91 98 97 
57 99 97 63 82 97 87 90 86 71 63 83 51 72 89 97 89 93 77 61 94 84 59 80 79 85 95 62 86 80 83 82 72 84 93 82 80 74 92 61 55 64 76 60 79 89 50 81 96 80 77 57 91 92 55 67 89 72 67 72 56 52 64 87 58 96 0 50 52 55 67 
67 62 97 65 87 92 82 91 99 68 91 96 68 92 75 92 88 78 75 81 99 72 75 93 73 73 65 65 95 71 74 88 52 58 88 55 67 85 94 55 62 93 72 59 88 71 84 83 56 91 75 71 68 56 74 55 91 66 57 83 97 63 58 65 89 83 93 0 79 73 85 
94 52 50 88 51 53 63 56 54 99 89 93 92 96 80 77 77 90 77 92 72 86 86 75 87 91 78 71 94 59 72 93 85 86 73 61 91 96 78 50 64 52 78 60 52 73 62 90 76 52 86 88 54 52 88 52 71 69 98 72 94 94 96 98 81 50 78 81 0 50 97 
51 95 96 90 65 69 74 96 51 58 97 55 76 70 79 71 82 89 77 75 78 57 96 94 64 58 52 56 97 95 65 78 78 92 54 63 67 66 98 97 73 82 78 88 57 96 62 78 83 85 74 92 76 57 55 82 71 60 95 90 67 71 92 50 96 62 75 61 92 0 63 
94 81 83 63 95 98 77 73 58 54 70 58 95 69 91 75 51 91 97 86 75 80 81 60 84 60 98 78 82 59 94 98 52 58 78 78 94 67 53 86 87 89 96 63 65 72 87 84 65 81 79 84 69 82 61 84 63 61 93 89 64 99 57 76 53 88 99 66 75 63 0 
