n: 70
m: 8
Pi:U[1-99] 95 97 44 37 9 85 69 95 54 5 69 6 33 47 30 21 9 82 44 47 12 23 2 7 1 17 43 17 33 11 51 4 78 94 43 38 20 78 42 47 79 6 56 89 21 55 46 67 64 64 87 26 28 2 15 30 17 14 91 94 60 83 40 35 92 77 29 84 36 94 
Si:U[1-49]
0 3 16 26 31 25 4 7 30 8 48 49 49 18 49 43 4 13 21 49 49 43 22 3 49 21 10 49 13 46 49 49 45 49 1 36 49 10 30 49 13 12 49 49 12 25 15 49 49 6 4 49 45 49 49 15 19 49 42 49 36 22 49 28 18 49 15 22 24 45 7 
7 0 30 14 21 10 32 13 1 10 13 49 49 49 49 49 18 46 6 13 10 15 39 33 7 48 3 6 49 9 49 49 49 49 49 28 33 16 43 49 46 49 24 6 31 21 49 36 10 49 25 43 49 49 31 6 13 49 49 10 4 21 49 49 49 4 31 27 4 49 45 
19 2 0 14 12 9 30 32 31 26 49 7 49 15 49 48 27 40 28 3 49 21 49 30 49 49 37 4 49 49 49 30 49 49 34 15 36 22 6 28 46 49 4 18 10 49 49 49 12 31 34 49 22 45 28 4 16 7 25 12 22 43 18 48 19 7 31 49 34 15 39 
28 10 28 0 0 26 3 28 17 28 13 36 31 49 49 33 4 22 45 28 49 16 31 28 49 49 39 49 49 18 40 49 49 49 49 10 7 49 21 49 49 43 30 28 34 49 43 13 4 22 49 39 49 37 13 49 30 49 49 6 24 31 33 49 22 45 27 49 49 16 30 
22 32 32 2 0 23 20 15 1 9 48 49 27 3 42 36 49 49 30 21 34 49 31 42 49 18 22 49 49 49 16 24 15 42 43 49 49 39 49 49 42 19 28 49 33 49 27 49 46 49 49 4 39 10 9 3 49 49 24 40 13 49 49 19 7 16 16 40 49 49 49 
14 27 14 7 24 0 8 12 20 13 40 22 31 16 49 19 42 49 10 9 3 49 34 49 25 7 49 7 22 25 49 42 49 4 39 7 49 9 43 49 49 49 46 49 10 10 40 3 1 16 45 49 25 49 7 49 21 21 49 1 28 18 4 49 42 49 49 39 49 40 16 
6 30 19 32 26 7 0 20 11 6 40 4 16 22 49 49 39 31 19 36 10 45 49 42 13 16 42 24 49 27 49 40 7 13 39 49 49 12 13 10 16 21 3 9 30 3 27 1 49 43 9 6 3 49 15 49 3 49 49 49 33 43 21 49 15 49 49 4 49 27 49 
26 26 8 32 16 15 6 0 3 26 49 1 16 42 16 19 49 49 49 49 49 40 4 37 28 21 25 10 49 36 45 37 31 49 25 34 28 49 31 34 36 49 6 48 27 49 30 19 31 49 37 24 49 46 46 22 10 49 24 1 49 3 4 49 13 18 49 25 49 49 10 
9 9 14 8 24 2 30 2 0 2 49 49 49 48 49 49 45 31 1 3 24 49 30 15 42 49 24 7 16 3 49 25 43 49 49 36 49 49 49 49 30 49 49 9 49 49 13 34 45 31 33 22 33 27 31 49 49 49 12 31 4 9 4 19 49 33 49 18 22 49 49 
23 21 32 21 25 14 2 7 26 0 45 27 48 49 46 18 15 49 49 37 40 49 9 36 28 49 9 33 49 16 22 49 45 49 49 49 48 49 22 28 36 24 43 21 31 27 27 49 25 24 49 9 45 49 39 49 22 49 30 6 24 46 27 30 49 39 9 3 49 49 7 
49 49 49 12 4 49 48 49 10 49 0 15 8 20 28 16 25 10 0 8 10 49 6 49 21 28 49 25 18 30 42 30 19 13 49 49 37 49 49 49 1 49 22 3 49 34 12 43 49 49 13 18 49 49 21 27 36 28 7 49 30 49 25 33 49 25 31 43 24 49 4 
49 49 30 6 49 49 36 7 43 49 15 0 31 24 13 17 16 8 19 28 22 49 9 18 49 49 1 36 49 49 16 16 49 49 48 49 49 49 49 22 39 49 12 30 18 46 49 28 49 6 49 9 49 22 34 49 1 19 49 49 24 42 1 49 49 49 49 30 4 49 21 
49 21 49 7 49 49 48 49 49 46 10 3 0 30 21 29 19 11 7 2 33 31 49 49 49 49 49 1 6 16 7 27 9 37 28 48 49 40 12 21 49 49 49 49 27 49 19 49 37 37 40 10 49 36 12 36 49 28 49 45 49 49 12 49 19 1 49 49 15 49 6 
21 21 49 24 6 49 4 16 13 10 21 4 20 0 28 30 20 25 8 18 49 49 40 48 27 28 12 13 49 49 49 49 13 43 7 28 12 25 37 49 43 49 49 49 28 13 49 42 49 46 49 49 49 12 49 27 49 37 49 10 49 25 49 25 40 48 33 42 15 49 49 
49 49 34 49 49 46 49 39 21 49 3 22 0 5 0 32 10 22 6 9 13 49 28 10 7 43 27 49 7 49 10 16 36 10 7 49 49 49 49 49 49 10 31 6 24 31 9 4 49 49 48 30 42 43 13 49 25 49 49 25 30 7 49 1 43 49 49 46 49 30 49 
18 49 33 1 49 9 21 46 10 49 16 8 3 2 27 0 8 14 12 22 49 49 49 49 49 49 13 6 27 49 27 19 39 49 49 49 33 37 34 49 4 49 7 49 49 33 37 16 7 34 31 3 49 49 49 27 49 49 49 37 49 9 25 49 6 42 49 49 25 49 13 
37 31 12 49 49 28 3 19 28 49 10 22 15 10 30 31 0 1 30 22 24 49 36 27 1 49 34 33 39 49 49 49 3 49 30 33 25 37 33 30 45 24 42 15 49 49 49 24 49 34 49 3 42 37 40 49 49 22 49 1 49 15 27 49 6 49 49 3 4 34 40 
24 31 36 27 49 49 37 7 49 21 3 9 5 31 27 28 24 0 6 20 49 45 49 15 37 43 28 40 36 1 43 48 49 15 9 15 12 49 1 24 21 21 1 49 3 31 49 49 49 21 49 48 25 31 19 49 6 49 22 9 39 13 49 10 48 22 49 27 22 43 49 
40 24 28 16 6 49 12 37 39 42 25 28 10 23 0 28 0 1 0 32 9 39 7 9 21 37 39 46 1 19 24 27 16 28 13 6 49 24 43 13 49 4 49 37 36 49 16 49 21 7 25 6 34 30 49 49 49 16 39 30 49 31 49 45 37 7 30 49 4 7 12 
49 48 4 49 3 6 49 28 28 21 1 0 22 32 0 13 28 24 30 0 37 10 25 13 49 49 49 49 39 16 6 21 49 30 9 49 49 37 48 9 1 33 40 3 39 49 16 19 13 19 6 7 49 21 33 33 49 49 3 49 49 49 49 49 4 49 27 39 13 42 49 
27 42 45 49 34 31 49 21 6 37 49 21 48 10 7 22 18 27 10 36 0 8 32 16 20 4 10 22 19 22 49 4 1 25 16 49 42 18 22 7 27 49 22 3 30 49 3 49 1 9 36 49 48 4 24 49 39 48 49 49 43 49 49 49 34 49 21 16 49 6 49 
49 36 10 9 10 49 49 49 49 31 21 4 39 49 28 49 10 9 13 49 22 0 32 4 0 0 20 8 7 12 48 7 15 49 42 1 24 49 1 24 49 15 19 31 46 16 7 13 19 49 49 7 49 49 3 15 37 49 39 31 49 49 49 46 42 49 49 21 25 4 40 
25 30 6 49 42 40 49 40 31 49 3 49 12 46 49 30 7 24 18 10 26 9 0 17 26 32 11 1 27 15 49 49 49 37 49 37 49 30 45 21 34 10 19 45 49 18 49 49 49 7 48 27 49 40 49 49 24 31 49 25 49 10 22 30 34 4 49 4 31 49 27 
19 1 49 10 49 42 49 49 40 49 34 6 34 49 9 33 43 27 3 15 10 22 10 0 26 23 4 7 4 17 49 9 13 49 36 28 36 13 49 43 27 39 37 9 13 49 49 49 42 34 4 1 31 40 21 42 49 49 49 19 15 49 28 19 42 19 10 40 49 19 28 
49 49 22 39 3 27 39 49 27 49 18 49 48 49 15 49 49 21 49 49 26 12 20 23 0 7 0 20 20 6 49 40 31 49 49 21 18 49 40 22 49 13 6 43 49 46 31 49 25 49 4 19 19 30 43 36 49 39 16 42 22 49 39 19 9 49 24 30 36 19 33 
25 33 13 49 9 49 24 40 33 45 25 45 19 21 7 34 16 49 3 49 20 32 1 32 22 0 26 8 21 8 12 9 49 49 33 49 10 10 16 16 37 33 33 27 49 49 21 22 6 27 19 1 49 4 12 33 9 6 45 37 49 1 18 12 3 49 49 49 1 39 39 
36 25 49 49 3 12 19 49 1 49 49 18 49 12 49 49 43 34 39 19 1 18 19 32 30 3 0 12 14 22 18 43 21 49 3 49 49 49 49 49 30 10 49 49 49 49 19 15 49 28 36 12 9 1 19 30 42 13 31 49 13 37 22 49 40 49 22 18 46 16 28 
27 43 49 49 19 49 13 43 13 39 1 49 39 49 4 30 49 4 49 46 8 13 10 28 21 15 25 0 7 9 4 49 9 46 15 49 39 49 12 22 49 6 49 13 36 49 49 49 22 13 6 6 16 40 36 37 49 43 49 27 49 46 39 24 16 49 4 34 49 49 1 
49 49 28 9 34 43 28 40 15 34 49 28 34 49 3 37 49 49 34 36 17 30 7 9 24 25 25 10 0 8 22 49 40 24 31 19 49 36 49 7 30 9 16 1 49 21 27 49 16 49 49 27 40 46 4 27 25 36 49 6 42 36 7 49 49 18 49 6 49 10 42 
1 49 49 4 39 24 3 30 19 24 49 49 1 49 40 10 39 15 39 46 25 4 4 28 2 27 7 25 25 0 6 49 7 39 33 3 49 9 13 24 25 49 49 49 49 49 49 49 3 36 6 49 49 6 49 22 49 49 49 36 49 36 43 10 13 7 49 49 49 49 49 
4 1 45 45 45 49 49 49 49 49 49 12 12 49 6 49 49 24 45 49 37 33 42 31 28 49 22 24 49 40 0 20 32 1 16 29 1 27 24 3 49 12 33 36 49 24 28 42 4 49 49 49 9 21 21 43 49 49 43 19 16 49 46 49 31 49 36 10 3 24 16 
49 25 22 49 22 49 49 49 42 49 3 13 18 21 40 49 49 16 49 49 49 15 49 49 49 45 49 49 49 33 18 0 12 4 23 3 13 22 23 29 49 16 45 3 49 49 30 49 48 6 28 27 19 1 49 12 46 21 45 49 49 15 24 16 1 49 1 4 49 28 49 
49 28 49 49 31 37 13 42 19 43 37 30 40 34 9 49 7 31 34 9 15 49 18 49 30 49 49 49 49 45 10 31 0 22 20 1 10 10 7 16 48 49 30 49 49 15 21 39 31 46 21 49 16 49 28 49 49 19 49 49 31 15 21 22 43 42 42 21 7 10 34 
1 49 49 16 49 9 40 49 19 19 28 15 46 34 13 10 18 7 49 49 45 49 36 42 46 28 49 31 33 49 20 4 8 0 1 8 12 24 25 4 49 49 45 46 6 39 49 49 49 1 49 33 15 22 24 48 43 10 49 46 28 42 49 49 12 48 1 45 10 9 4 
22 49 46 46 49 4 39 10 15 18 36 49 49 49 48 36 27 21 25 9 49 13 49 3 7 49 49 49 49 49 27 11 24 6 0 23 10 22 22 2 18 49 25 27 6 30 39 6 49 19 42 42 49 7 49 39 40 10 43 45 49 42 49 49 49 49 42 7 25 13 49 
30 49 43 37 49 19 49 12 49 49 3 15 49 49 49 4 28 46 40 37 4 4 18 37 22 28 42 49 31 37 3 28 30 12 6 0 22 24 29 26 28 49 10 18 30 49 36 49 1 1 45 49 49 7 49 49 49 1 30 34 42 13 19 49 27 33 33 18 19 22 25 
49 49 19 9 49 24 36 49 49 16 21 49 39 40 28 31 49 49 28 21 16 49 21 12 12 34 49 39 43 49 0 2 20 12 22 12 0 6 12 15 39 46 24 40 46 7 16 49 33 22 31 33 3 49 49 49 16 12 21 3 33 6 49 36 21 49 40 49 42 34 9 
49 49 49 45 49 49 37 28 15 49 25 43 28 40 43 30 37 37 49 49 49 49 49 15 49 19 16 43 1 21 25 28 16 1 6 18 15 0 11 2 1 49 49 49 31 13 10 10 19 39 33 12 49 43 49 16 37 25 43 22 42 49 1 37 46 45 37 49 34 13 4 
16 36 31 30 18 49 6 49 43 49 4 49 49 46 7 49 49 43 27 27 49 49 49 49 49 49 42 49 7 6 24 11 32 14 13 32 27 2 0 32 49 49 49 39 33 45 21 49 24 7 49 28 48 34 34 49 49 30 3 49 49 24 49 33 9 40 49 49 49 15 45 
45 49 3 49 49 49 24 33 39 49 18 49 34 46 33 45 37 49 49 1 22 12 36 6 49 36 9 1 12 49 13 4 24 8 18 11 6 20 12 0 49 40 33 49 7 45 27 31 49 49 49 42 18 39 49 49 25 18 4 16 3 7 49 7 34 33 15 15 39 48 18 
45 31 49 46 49 49 12 37 49 39 49 33 37 45 31 19 3 31 12 9 15 49 6 37 49 49 49 49 49 9 49 42 49 49 22 45 49 25 22 3 0 22 14 31 23 18 25 9 12 11 49 34 49 49 45 49 33 6 49 31 33 49 49 49 24 49 1 22 30 33 49 
7 49 46 9 25 49 3 39 49 49 30 49 43 49 27 49 49 9 33 49 27 45 49 49 15 49 49 49 13 49 36 49 6 49 19 49 25 49 3 28 22 0 14 11 3 20 23 2 2 12 4 1 48 49 49 36 10 33 49 19 22 13 10 49 49 18 16 6 49 19 49 
25 4 49 3 24 34 43 9 42 49 49 25 9 49 49 49 36 49 40 49 49 37 3 4 36 6 49 40 6 49 49 39 49 25 1 9 24 49 48 10 8 21 0 24 1 2 15 21 15 29 24 39 45 45 21 49 31 40 10 6 3 30 19 39 49 31 10 49 6 49 49 
6 1 10 27 4 12 13 49 49 12 46 49 12 49 9 49 49 36 15 49 49 36 31 19 24 6 49 10 49 49 49 7 48 49 49 36 22 18 15 21 4 12 3 0 1 32 13 26 31 8 34 1 27 4 34 40 22 49 49 49 49 12 13 37 45 16 31 24 28 49 12 
1 37 12 49 49 49 36 48 6 49 49 7 6 49 13 12 9 37 49 16 49 16 43 31 34 49 33 30 16 49 10 13 34 49 49 33 49 1 13 49 10 24 8 14 0 16 2 26 10 32 4 36 49 13 40 49 49 42 49 45 49 49 13 49 49 49 15 46 24 12 10 
49 4 49 4 12 49 1 9 9 49 21 49 49 49 18 45 49 24 49 33 28 31 39 16 30 49 49 34 36 21 49 21 31 49 49 49 36 46 36 4 13 3 12 6 16 0 19 19 30 22 49 31 49 37 49 49 43 49 49 7 49 31 15 40 24 49 49 49 49 49 39 
25 24 31 18 49 49 16 4 49 49 49 4 49 31 49 9 9 49 49 46 16 1 22 49 33 30 34 49 49 1 49 49 49 30 49 49 1 28 22 49 26 16 26 28 30 8 0 16 30 27 22 10 49 49 10 49 49 4 30 39 49 15 15 49 16 43 25 16 34 49 33 
42 31 49 21 49 36 18 48 49 7 49 22 1 10 12 48 49 49 49 45 49 45 15 48 39 49 42 12 40 24 16 49 6 49 49 49 21 39 1 6 2 16 19 24 12 24 2 0 1 14 22 1 49 39 45 49 13 45 49 28 49 49 45 40 18 19 42 49 49 49 49 
21 49 31 18 4 49 45 49 36 22 25 31 49 49 18 48 33 1 18 49 49 49 45 49 33 19 15 49 49 49 31 49 49 49 22 21 49 49 49 49 30 17 19 27 26 6 6 4 0 13 6 12 15 49 49 13 43 12 25 49 18 43 49 49 12 49 13 49 21 49 49 
49 6 45 9 49 40 49 49 49 49 49 15 19 49 49 27 49 43 16 49 30 16 43 21 22 19 49 49 49 33 36 49 27 49 33 49 49 12 7 31 18 18 14 24 8 17 12 14 26 0 16 15 36 3 43 19 40 3 13 49 33 49 36 16 22 24 43 45 12 43 6 
45 21 49 49 49 45 1 12 31 27 3 49 28 13 37 49 43 15 30 49 22 10 49 27 33 37 49 49 25 30 49 42 49 49 49 43 49 24 37 34 49 16 6 19 10 6 49 34 9 49 0 12 18 32 25 19 16 1 15 26 39 18 15 49 15 21 49 49 49 1 49 
49 49 16 39 16 34 49 49 43 18 48 3 19 6 13 49 28 49 31 49 19 12 48 40 45 15 12 21 22 49 40 31 49 18 49 3 49 3 49 49 49 48 49 49 31 39 49 30 28 49 24 0 5 25 14 23 6 22 28 9 49 12 22 49 49 37 21 39 7 49 9 
49 49 49 49 19 49 10 19 24 15 18 10 49 7 39 48 49 49 49 49 10 13 34 4 27 49 40 4 13 15 43 49 48 34 30 49 19 9 48 49 27 31 28 49 40 49 4 16 49 49 32 8 0 4 3 21 12 19 24 4 39 49 1 49 1 18 7 42 24 30 49 
45 48 9 13 10 22 18 49 28 27 31 25 48 49 49 18 49 45 49 49 27 34 49 45 16 49 30 36 36 49 30 28 49 49 31 27 16 49 25 27 13 6 49 18 49 49 3 19 27 18 26 10 4 0 12 4 22 10 18 20 43 9 3 22 21 1 24 34 10 7 22 
1 33 48 40 19 49 19 46 9 49 49 15 42 49 49 15 49 36 49 7 49 49 49 7 9 49 46 49 49 49 49 21 49 49 15 42 49 15 42 9 49 16 15 46 9 36 10 40 34 45 32 28 5 32 0 32 7 22 30 9 49 19 49 15 16 34 34 49 16 48 37 
49 7 1 28 3 48 27 12 21 49 13 49 1 49 21 49 1 43 13 28 9 49 13 49 36 49 34 27 4 37 49 30 49 49 4 19 21 42 49 49 49 15 10 49 27 49 6 22 40 28 13 32 8 32 8 0 29 15 26 28 31 49 33 49 49 9 34 7 49 49 42 
49 16 10 16 49 49 49 49 49 49 25 13 49 9 49 33 27 30 31 49 1 49 49 48 6 49 9 25 49 27 4 46 18 49 49 49 19 15 31 36 49 49 37 49 16 13 45 25 24 49 26 32 14 22 20 17 0 10 0 32 24 49 49 34 24 46 49 49 7 12 19 
3 1 28 16 33 7 49 49 36 19 25 37 48 9 21 49 43 31 31 25 13 12 49 30 49 7 40 10 9 15 21 49 49 19 22 49 49 49 36 1 40 40 49 49 49 49 16 49 1 27 18 2 26 13 22 10 8 0 6 22 33 25 49 21 3 28 31 42 49 37 39 
49 1 49 31 27 42 45 9 24 45 22 49 49 22 18 31 49 49 10 1 49 49 36 49 37 37 13 13 48 27 1 49 12 7 49 7 49 49 43 18 4 19 45 49 7 36 49 21 16 49 0 9 13 29 16 8 30 0 0 30 49 42 22 48 49 9 34 48 22 21 49 
24 39 49 49 49 49 49 49 43 19 49 49 40 22 49 49 42 43 49 13 49 28 49 30 49 37 49 10 49 49 40 10 49 49 40 15 49 4 30 27 21 49 22 12 49 49 49 49 42 49 10 18 12 32 30 25 12 32 14 0 49 49 22 18 49 33 13 36 49 21 49 
49 34 22 46 49 49 45 49 36 9 16 49 49 6 49 27 39 10 49 9 49 33 4 13 49 49 49 49 4 49 3 3 10 49 27 19 43 21 43 49 16 49 49 34 49 16 49 9 49 49 49 13 10 45 28 18 25 40 49 3 0 18 29 30 2 3 9 18 24 6 21 
49 33 27 42 31 40 49 37 7 48 49 3 43 21 49 49 49 49 33 30 48 39 49 49 6 7 49 48 6 49 40 16 49 40 24 49 40 49 22 49 10 49 49 49 6 22 3 7 3 49 40 7 10 49 49 7 3 33 12 4 14 0 26 1 16 11 29 10 13 18 49 
49 24 49 21 49 3 49 22 24 42 9 10 22 34 1 12 12 49 49 49 49 46 49 49 40 15 1 39 49 48 39 3 49 48 21 49 39 34 49 49 12 25 28 4 9 42 49 4 1 43 28 49 45 49 33 49 49 25 49 49 12 6 0 13 12 21 15 2 0 26 37 
49 19 49 49 49 13 39 27 13 49 22 22 31 49 49 15 6 33 31 28 46 49 49 46 49 24 21 25 49 49 49 49 13 24 4 21 12 25 30 43 22 42 3 49 49 49 24 16 24 24 49 49 18 45 15 31 42 49 45 49 20 23 4 0 31 25 19 7 9 2 49 
13 19 49 49 27 31 49 37 46 49 36 48 22 49 49 49 40 45 43 37 49 27 36 12 49 42 43 9 12 46 31 49 49 34 43 10 7 39 15 49 18 49 13 45 13 24 37 13 7 31 15 7 49 33 37 45 49 45 49 48 1 11 26 5 0 8 6 5 26 22 49 
49 9 42 10 18 49 42 49 22 6 49 7 21 48 42 7 25 24 7 49 4 9 49 49 49 48 49 49 49 10 24 48 10 49 49 42 12 34 36 33 31 33 7 6 9 45 49 15 49 13 10 49 49 49 36 43 25 16 7 49 20 18 25 8 3 0 28 30 20 24 39 
49 7 18 30 3 7 31 21 37 13 40 18 49 48 45 21 49 49 27 34 49 6 13 49 45 6 10 46 18 49 49 49 49 16 25 49 31 49 37 13 39 49 10 45 40 1 9 49 40 49 48 49 30 49 4 3 10 49 40 12 4 24 0 12 30 28 0 21 29 20 30 
31 49 15 13 49 31 3 37 10 49 49 27 34 12 30 28 40 49 10 43 37 15 27 49 49 45 37 42 49 13 49 49 49 4 49 49 49 49 27 1 49 27 33 3 28 49 7 49 6 27 3 49 28 19 33 42 49 49 49 46 19 31 18 2 14 4 6 0 5 26 9 
49 33 49 37 21 37 36 42 49 49 49 49 49 22 49 12 49 49 43 45 49 15 4 49 36 4 13 40 22 21 45 6 33 40 22 22 43 31 49 3 4 15 49 19 7 30 9 49 43 49 4 36 49 49 19 49 30 30 49 13 25 25 30 2 9 9 2 10 0 29 33 
34 49 37 49 49 30 49 49 37 45 25 31 49 40 21 22 6 4 16 24 24 49 13 45 19 49 42 45 49 1 48 3 24 3 12 12 36 27 25 49 49 10 49 49 13 4 15 13 21 49 36 45 31 28 49 45 43 4 49 3 23 26 10 32 28 18 10 19 22 0 33 
49 49 49 10 21 49 39 15 12 49 13 31 7 49 27 9 49 1 49 28 49 49 7 49 28 49 28 49 49 10 42 49 49 49 49 18 6 18 46 9 45 37 4 19 13 1 36 49 49 49 43 1 4 21 49 45 3 6 49 36 46 4 39 18 49 24 42 43 16 49 0 
