n: 70
m: 10
Pi:U[1-99] 68 88 81 71 3 51 90 74 29 28 18 38 3 51 13 43 47 48 87 54 66 17 10 11 18 45 20 36 39 99 57 59 98 66 61 36 82 99 58 41 53 11 84 25 93 2 45 75 21 95 41 95 4 97 35 31 21 72 8 6 75 47 16 75 30 92 30 89 79 20 
Si:U[1-99]
0 11 31 24 1 65 61 39 17 78 44 15 99 28 95 16 71 17 72 78 67 3 26 6 1 99 13 90 95 64 66 61 7 54 64 35 74 76 25 89 27 61 27 77 39 51 9 56 13 96 36 81 15 48 60 91 22 31 20 40 4 81 96 84 58 26 33 57 7 88 76 
93 0 90 49 31 75 8 53 40 39 89 34 98 86 94 55 4 21 81 76 22 80 22 85 7 96 24 60 85 14 56 30 49 15 6 85 24 67 45 91 80 98 90 79 39 48 14 88 61 70 2 69 65 51 30 30 71 3 2 55 6 63 21 18 98 55 62 61 94 59 39 
89 18 0 57 41 8 75 34 77 14 45 11 55 15 89 74 79 60 81 7 17 93 84 18 97 90 78 25 78 26 93 38 98 77 23 11 15 24 94 45 1 43 1 99 15 69 64 44 33 24 98 28 10 96 41 91 78 61 82 83 88 75 56 86 42 65 94 81 7 94 91 
93 8 6 0 93 21 25 94 90 39 80 23 51 9 68 73 94 49 35 27 79 35 22 43 63 24 51 34 97 70 82 27 64 22 52 81 5 82 42 14 11 7 54 69 21 89 86 16 24 41 45 73 14 5 66 1 99 79 26 38 8 13 80 22 85 95 22 42 82 31 55 
93 3 91 39 0 38 15 37 9 88 45 88 88 81 37 61 74 34 66 76 2 56 53 73 14 54 5 4 86 29 23 67 16 47 13 10 79 83 14 66 58 10 9 30 40 60 34 47 32 48 99 32 48 76 53 53 48 49 66 29 56 97 68 64 68 55 15 50 37 24 26 
83 32 40 86 44 0 53 6 41 26 38 42 88 35 44 59 26 30 50 69 47 58 62 4 15 32 56 81 38 20 33 4 55 88 45 74 98 85 54 43 19 11 6 72 38 58 78 73 20 51 69 20 37 7 59 97 43 55 34 74 62 70 70 99 79 90 39 66 91 70 81 
33 89 66 37 41 34 0 94 48 22 13 34 20 54 89 63 65 22 22 67 49 28 1 97 63 88 76 39 19 79 76 74 2 70 94 64 99 73 70 74 90 88 74 69 24 50 39 33 78 86 6 99 47 66 66 91 33 12 55 67 7 88 50 35 46 43 44 90 77 66 26 
62 4 27 61 19 94 75 0 27 55 51 65 44 17 25 20 25 91 92 46 15 64 17 75 21 58 43 60 23 3 37 49 52 28 91 20 90 74 9 40 72 24 46 47 44 86 36 25 50 32 7 80 89 72 66 72 26 37 59 39 29 97 98 10 85 58 55 47 29 68 24 
42 34 23 65 52 72 62 59 0 95 93 10 54 10 76 71 3 25 48 11 40 88 91 65 45 83 11 13 80 93 19 8 75 36 94 99 72 38 61 83 86 48 91 82 23 30 23 33 96 98 44 64 21 36 48 56 98 72 23 37 52 92 10 6 26 53 93 71 37 3 83 
71 19 60 51 93 6 8 66 90 0 55 12 49 87 78 5 54 51 97 37 55 53 59 28 27 93 56 99 79 91 51 63 70 16 12 91 97 33 17 11 35 28 48 61 88 84 75 83 11 91 40 67 93 68 37 36 69 92 54 77 75 37 34 59 41 94 60 64 88 82 55 
10 29 50 79 87 21 11 50 62 63 0 28 23 3 2 95 96 86 57 96 87 81 7 86 70 59 30 75 22 62 94 33 74 32 77 44 67 12 18 58 23 90 98 82 5 36 19 20 73 48 56 73 77 66 16 29 70 75 7 41 12 61 40 18 88 13 3 34 50 95 90 
6 46 90 57 95 53 3 68 90 58 94 0 24 41 38 5 63 73 67 80 67 42 4 57 82 32 23 19 31 45 89 99 38 81 81 19 21 20 16 48 98 20 27 19 7 22 69 22 75 63 81 99 70 79 41 89 18 65 31 80 95 23 51 27 58 30 81 67 48 17 77 
30 84 10 28 48 55 27 9 92 91 99 75 0 76 39 64 49 55 22 91 16 85 50 9 66 88 9 12 86 71 83 17 1 76 24 6 27 59 35 55 73 24 78 18 69 51 13 52 32 60 37 85 82 43 52 19 86 59 14 72 6 81 4 69 4 20 35 85 59 53 71 
77 87 86 92 66 96 29 82 11 82 61 25 75 0 3 28 87 8 60 28 79 75 3 76 39 90 19 31 28 19 65 67 24 94 43 23 52 47 62 90 92 18 14 34 75 14 45 53 25 4 99 54 81 15 33 11 75 59 16 86 24 48 83 96 55 86 47 54 85 55 40 
67 87 96 8 55 23 21 70 74 37 68 14 27 43 0 81 86 79 46 19 11 10 65 91 6 11 72 57 1 46 1 86 44 43 62 31 40 86 65 47 51 92 97 48 47 95 19 59 30 18 29 24 67 91 25 31 29 34 59 17 85 55 88 71 10 52 60 10 58 29 30 
97 19 27 16 83 95 36 84 93 30 55 51 46 13 33 0 30 50 66 71 1 78 73 25 66 78 94 58 60 13 85 49 87 97 76 55 11 41 42 42 6 3 1 95 77 31 31 18 79 38 92 22 49 65 16 21 35 52 19 62 77 42 11 46 95 11 97 7 22 56 1 
97 38 23 17 20 75 21 49 58 21 3 24 55 34 43 58 0 25 70 50 55 14 65 16 82 39 9 61 59 17 29 97 20 21 25 13 13 96 77 51 94 48 91 70 20 45 91 52 84 87 51 29 66 34 94 37 79 22 85 66 48 95 62 58 56 74 51 46 24 82 67 
79 26 31 58 97 37 30 7 59 55 12 4 16 15 85 85 39 0 76 87 15 84 17 94 34 86 88 67 76 16 28 26 50 80 44 85 59 32 78 66 81 66 7 98 25 7 53 48 46 72 24 40 12 38 87 46 85 29 49 59 54 5 95 61 54 47 36 30 57 16 66 
66 67 67 73 30 8 9 99 82 90 10 4 92 47 90 65 9 39 0 98 32 14 77 69 46 70 13 68 4 67 55 16 82 65 44 75 37 92 11 8 72 71 64 55 69 84 5 50 84 28 24 68 82 71 24 11 87 46 11 32 30 18 58 77 54 14 54 32 2 55 83 
79 98 36 67 12 22 6 22 89 72 7 18 93 63 1 32 50 93 26 0 62 74 62 15 26 82 88 96 57 34 12 11 30 46 65 41 23 19 43 51 21 48 31 38 22 8 98 99 67 73 45 23 54 32 31 67 17 28 3 37 57 4 33 34 34 75 84 73 54 29 64 
70 33 49 39 67 71 2 81 77 23 58 87 65 68 85 33 40 97 89 80 0 52 36 54 17 55 81 7 44 63 95 7 47 61 76 14 34 22 24 14 10 19 51 49 89 21 4 28 31 53 87 11 9 91 84 85 24 76 11 59 64 38 47 1 65 53 29 36 66 41 83 
87 15 88 77 98 15 85 52 79 85 5 85 15 52 71 18 87 65 86 63 14 0 51 33 86 22 79 93 52 30 50 2 54 76 64 64 21 36 84 85 56 36 81 48 58 5 43 24 30 67 32 21 65 49 58 45 9 66 3 53 33 81 68 74 59 53 45 22 12 65 22 
17 10 41 95 28 43 70 76 18 77 66 15 68 79 75 99 68 8 21 26 77 91 0 91 39 92 77 97 59 95 84 60 70 81 65 75 41 22 34 66 91 42 25 86 27 10 56 17 76 16 65 45 1 54 44 38 83 79 41 72 95 36 59 36 51 75 84 59 8 21 18 
47 66 68 44 10 72 35 97 81 41 66 84 97 62 93 86 64 75 66 45 62 19 27 0 61 45 41 66 82 98 10 9 7 92 24 25 81 36 38 90 81 35 13 5 93 35 90 28 86 85 87 39 58 22 18 43 74 52 19 44 25 36 2 91 93 90 19 12 14 24 30 
73 54 15 69 3 18 14 50 91 98 42 94 74 84 81 90 38 34 32 12 21 35 55 27 0 20 70 77 4 30 92 93 65 53 57 86 80 7 67 72 61 53 42 30 9 42 81 15 13 1 11 12 15 51 47 81 38 35 52 11 13 36 5 13 31 7 43 8 85 8 69 
61 37 70 9 60 5 56 65 43 13 63 57 1 10 57 64 21 48 19 97 1 30 46 65 28 0 64 12 95 1 68 65 92 54 22 29 98 61 33 60 52 23 33 63 49 26 25 16 21 55 73 39 81 12 50 59 23 98 95 99 53 84 64 59 69 81 7 40 84 30 89 
83 22 42 33 22 17 86 46 91 75 30 54 32 56 13 21 36 13 12 95 65 46 61 79 24 5 0 23 43 92 30 33 9 39 14 86 97 13 65 55 54 31 32 3 47 74 93 22 68 93 63 27 26 14 20 40 4 94 6 25 60 75 76 59 75 3 50 92 65 18 90 
65 92 56 71 68 33 2 14 5 96 66 73 1 7 73 77 88 79 14 33 82 95 83 19 81 63 77 0 76 53 71 18 25 53 23 96 59 64 30 89 4 83 35 3 93 76 2 98 96 93 39 92 87 89 25 95 80 18 21 81 85 4 72 50 15 93 95 24 84 83 97 
21 8 22 79 54 30 4 47 76 40 25 50 40 38 10 64 31 74 57 98 34 35 13 23 74 94 43 12 0 97 62 85 64 71 7 98 91 46 43 20 68 15 67 14 81 64 2 78 85 98 70 5 42 71 88 64 33 18 76 23 26 8 87 58 59 7 86 73 58 93 83 
82 24 22 40 72 91 97 8 12 54 6 16 11 78 26 62 57 51 55 57 30 92 75 91 42 1 33 76 25 0 77 69 18 56 60 47 6 80 50 74 41 95 78 2 31 8 18 63 23 62 35 79 9 33 7 96 51 17 86 85 47 14 19 57 6 63 58 40 28 3 93 
2 7 21 89 59 74 2 24 34 42 48 92 99 99 51 6 24 77 95 2 18 87 86 48 47 55 69 72 17 33 0 91 53 25 35 66 67 22 21 11 41 56 52 48 45 20 40 32 77 83 6 11 66 67 39 35 20 53 11 44 76 11 69 49 31 28 29 98 55 11 43 
30 46 51 10 84 30 3 29 35 83 79 13 96 69 23 61 98 97 65 85 9 9 80 48 75 35 5 55 83 59 37 0 16 6 45 15 35 74 17 25 92 18 50 99 4 94 84 77 27 15 59 69 14 23 73 37 75 76 59 96 30 25 72 23 64 78 80 96 75 61 89 
24 61 93 36 16 9 14 40 32 82 25 41 34 95 14 5 24 14 44 85 99 66 39 56 50 55 58 25 81 70 25 75 0 77 26 76 87 49 76 70 20 6 76 99 92 97 74 57 94 6 34 10 1 15 84 52 15 12 75 97 18 60 58 98 13 28 87 87 49 90 66 
22 12 52 11 65 20 31 77 44 35 95 10 14 36 1 56 56 72 92 25 25 29 79 33 80 3 27 29 31 40 73 43 88 0 22 97 62 4 47 32 79 97 49 93 90 92 41 37 99 51 9 22 54 64 82 65 72 83 96 53 62 49 68 88 74 54 62 19 66 43 40 
78 30 18 79 38 52 94 66 92 35 80 8 53 74 64 7 16 40 96 79 91 61 21 82 19 51 75 7 93 73 41 52 61 12 0 99 10 98 53 15 91 68 88 13 97 30 25 61 80 80 42 21 55 1 59 74 55 72 68 62 76 69 44 27 68 68 80 96 39 79 92 
86 76 9 73 19 6 17 39 56 51 35 11 29 66 3 23 12 63 85 46 11 39 92 33 2 13 32 55 91 36 79 30 62 19 94 0 90 83 79 71 63 87 79 73 82 35 92 30 96 8 4 68 88 40 48 56 23 87 38 64 5 21 59 47 40 67 28 40 40 84 82 
76 59 7 49 71 18 69 3 37 60 6 33 84 91 72 91 12 33 75 38 24 54 61 39 23 79 11 7 94 5 57 97 57 20 72 57 0 31 12 24 20 10 5 49 99 77 32 8 37 22 81 89 4 33 63 71 64 29 65 76 81 77 99 16 51 84 31 4 13 79 96 
81 45 37 17 5 19 75 54 34 18 73 31 31 97 43 27 22 41 97 67 52 4 77 13 69 2 25 5 60 64 57 70 77 88 68 32 99 0 4 96 1 3 10 7 75 47 64 96 71 35 93 51 98 89 49 26 74 63 41 23 36 43 88 80 18 59 87 34 73 98 81 
62 14 93 86 35 44 37 94 46 68 20 9 75 20 63 19 11 25 31 45 80 70 94 84 50 79 92 33 8 73 88 35 38 57 28 37 89 24 0 62 64 53 90 14 45 13 63 20 15 68 83 62 8 78 21 61 90 17 13 42 92 97 69 19 82 47 75 34 5 96 9 
31 67 12 7 79 36 44 38 70 97 24 71 35 37 88 14 66 62 82 76 75 48 34 26 14 10 5 30 7 66 37 48 23 59 98 70 44 42 9 0 2 52 47 82 89 34 51 27 23 54 61 24 62 39 33 86 74 62 19 37 44 14 3 18 5 61 60 43 36 18 43 
4 33 99 80 66 3 2 14 25 87 51 62 96 12 71 44 32 52 6 55 80 62 34 87 62 2 38 26 79 4 13 43 85 64 59 49 7 80 97 21 0 50 39 6 85 63 20 20 24 15 23 26 2 29 27 95 2 12 76 94 1 79 28 30 78 90 24 79 88 32 78 
69 54 37 16 10 70 3 31 23 60 52 69 72 4 52 87 30 10 1 49 30 27 38 6 51 16 20 89 86 92 70 49 49 2 97 3 85 96 97 15 54 0 82 6 40 75 76 53 97 85 91 75 67 20 4 66 24 51 96 8 89 10 57 15 97 23 48 23 39 90 27 
2 93 84 27 79 44 10 95 70 32 38 78 52 49 43 31 65 27 67 52 55 92 53 91 83 51 51 20 65 22 17 87 12 47 30 7 50 1 76 61 12 45 0 46 73 94 7 11 23 59 72 63 29 6 50 30 33 60 84 31 43 85 33 65 8 93 26 54 93 66 51 
9 48 74 39 48 55 45 80 91 3 60 48 10 84 36 21 83 78 14 52 75 46 97 9 73 75 11 14 67 57 6 38 19 48 26 41 35 71 41 27 63 22 90 0 58 61 84 11 46 67 56 6 98 54 58 72 1 80 71 11 36 65 73 39 74 18 60 86 43 53 35 
5 36 39 60 55 8 11 46 49 44 80 73 23 84 8 39 77 71 13 91 44 26 86 65 21 27 79 67 31 32 72 35 4 74 26 1 60 11 87 3 90 54 9 13 0 15 93 49 53 92 82 88 80 4 55 65 90 79 88 72 56 11 68 89 30 32 3 13 38 76 82 
31 73 71 2 26 55 48 17 69 52 5 13 56 50 43 86 47 91 33 13 64 44 93 52 9 26 37 87 14 71 14 89 15 82 59 92 36 35 7 19 59 51 56 19 42 0 56 81 34 32 18 62 78 36 6 22 96 84 77 75 69 12 38 45 64 84 59 9 28 44 21 
5 89 30 61 16 89 10 50 45 8 29 66 92 50 71 20 57 1 7 78 64 52 66 38 2 14 47 95 1 82 9 20 35 76 11 87 5 42 72 70 31 43 72 56 53 4 0 36 79 78 13 66 46 49 40 59 63 97 88 8 24 3 65 52 81 65 27 96 47 81 1 
52 42 9 59 58 13 21 85 44 7 32 97 65 80 44 48 20 12 54 81 57 38 69 47 48 88 39 97 42 95 46 61 59 51 53 71 76 20 15 48 85 80 65 31 68 5 22 0 69 64 55 90 41 51 42 30 71 24 67 72 4 63 25 62 25 99 76 97 53 46 37 
15 51 54 20 85 29 68 21 32 71 61 62 33 91 29 76 60 38 79 26 38 26 58 98 98 55 79 6 56 91 45 63 18 79 54 27 82 83 61 95 63 15 71 64 89 7 5 55 0 53 33 70 87 99 92 95 14 60 88 23 4 88 99 41 49 54 74 98 83 82 5 
51 20 58 17 73 26 67 43 27 46 65 66 63 70 92 83 56 38 89 63 57 81 37 62 44 56 25 12 56 16 88 59 2 54 1 72 19 98 70 33 75 66 59 74 55 45 24 65 6 0 33 78 69 8 60 51 20 62 87 51 45 12 66 85 83 73 8 84 82 36 44 
44 70 16 44 52 31 81 39 51 39 10 72 62 2 81 77 38 28 24 66 39 19 89 80 51 20 64 48 7 74 66 31 93 89 87 69 78 84 84 31 48 70 31 32 53 26 73 54 97 1 0 7 50 44 82 43 39 30 46 70 24 94 25 15 12 1 30 76 25 5 60 
99 46 20 84 76 1 32 3 92 9 9 9 90 60 26 60 86 3 77 90 56 2 3 43 17 2 78 18 99 62 95 30 77 56 93 22 73 10 84 62 63 80 95 35 57 2 3 10 23 81 55 0 50 72 10 12 32 63 66 83 76 15 30 20 90 16 8 66 89 23 27 
47 56 59 94 81 15 22 43 22 1 89 34 49 84 36 15 86 98 80 60 27 50 95 25 59 4 17 48 9 97 20 75 71 70 93 71 10 32 75 25 60 53 91 9 46 96 64 71 10 60 3 39 0 85 74 80 16 1 3 81 54 41 34 80 43 56 95 66 95 61 78 
58 45 93 82 52 24 52 25 34 34 30 96 25 64 27 17 33 54 36 93 80 38 97 54 73 89 98 90 81 49 24 97 80 21 16 45 76 5 41 29 81 61 8 13 80 66 99 17 8 3 2 28 36 0 20 86 83 33 22 58 95 17 65 30 86 43 3 11 78 7 30 
25 19 64 32 84 43 40 64 95 94 41 4 12 40 54 14 75 1 19 19 5 68 51 26 80 40 59 86 11 30 7 43 2 65 88 49 73 30 98 84 11 23 53 98 80 42 7 3 6 5 14 67 63 83 0 61 55 65 43 82 93 46 74 18 48 58 19 45 54 46 51 
98 10 33 24 39 85 55 10 2 93 98 54 60 58 50 19 91 2 65 49 39 88 85 33 67 75 75 50 86 68 16 22 23 95 18 54 86 95 34 34 85 96 75 17 19 94 11 3 85 27 85 87 25 17 99 0 57 77 33 19 50 31 56 64 76 52 98 92 70 84 79 
53 6 86 12 79 63 3 78 64 22 5 88 13 97 36 92 27 77 39 20 55 16 79 68 37 80 92 79 47 75 69 98 16 11 3 89 77 20 77 84 67 69 1 62 59 99 71 4 45 28 93 7 97 27 52 86 0 22 60 66 95 4 30 63 99 9 25 28 9 14 25 
35 76 12 48 99 10 22 97 3 48 2 21 4 10 59 84 37 19 66 79 29 40 44 83 56 67 47 29 78 6 98 68 25 89 63 47 73 42 45 64 78 30 51 52 59 12 24 28 13 20 86 42 17 3 20 52 70 0 32 73 79 99 45 33 8 18 58 46 14 27 98 
58 76 69 47 49 90 4 45 30 92 98 83 48 32 17 60 10 21 25 31 25 64 93 25 24 64 33 63 91 68 40 67 64 55 85 39 89 32 6 9 92 8 36 5 31 4 54 49 19 70 91 92 46 44 90 33 89 24 0 90 94 66 76 92 2 83 27 92 90 42 19 
26 16 98 22 76 36 88 58 50 6 48 56 91 71 67 76 85 72 24 32 99 15 20 40 49 81 85 48 39 77 20 42 46 93 52 93 3 8 82 98 8 9 63 62 25 43 18 39 8 16 61 86 68 43 22 80 67 28 11 0 11 14 80 4 89 59 8 59 95 64 25 
82 33 37 51 62 24 21 29 26 31 90 57 35 69 8 91 16 80 61 68 34 71 93 82 83 60 80 93 15 64 15 80 54 1 39 11 55 98 89 28 6 8 15 35 63 76 31 51 16 25 82 57 9 21 1 46 70 33 3 93 0 20 52 20 75 32 43 41 56 16 41 
14 37 73 41 15 54 17 48 7 62 71 15 61 4 58 60 21 88 17 19 14 92 13 5 88 20 73 99 65 25 24 94 53 76 36 5 45 49 97 63 78 35 49 79 44 19 26 64 95 62 60 77 9 31 55 22 45 57 98 89 48 0 78 39 12 5 92 73 3 96 96 
12 37 49 56 51 11 35 33 96 42 99 26 35 39 7 37 72 52 42 72 28 51 75 78 69 71 66 48 12 24 40 2 40 58 91 97 32 9 75 92 74 18 54 10 82 59 9 5 2 79 83 42 63 91 64 23 82 30 69 59 26 60 0 15 10 87 20 23 10 8 52 
37 18 43 63 65 99 28 96 44 40 59 10 1 45 96 37 90 82 82 11 53 8 70 64 57 26 84 28 39 4 41 66 88 19 59 3 97 38 98 35 6 29 66 94 98 32 85 44 85 94 79 53 59 3 94 86 24 62 71 70 32 85 77 0 67 53 15 98 67 20 31 
15 68 48 20 84 89 99 82 79 49 18 58 24 89 83 76 43 86 98 48 71 20 70 56 83 7 13 16 6 74 2 59 69 19 26 27 95 43 16 16 17 82 45 92 26 20 2 31 19 54 56 76 54 74 32 62 68 19 32 41 8 46 33 89 0 40 25 99 5 29 46 
62 34 18 44 18 85 78 9 90 74 23 52 17 31 18 70 1 2 52 70 41 22 50 58 87 21 63 23 99 56 73 39 2 17 63 76 30 1 92 65 67 60 53 64 33 51 97 18 96 31 50 7 94 97 5 5 63 80 44 78 64 22 99 25 23 0 45 39 2 73 84 
59 61 97 79 58 81 17 26 81 25 84 69 10 4 27 63 3 41 76 29 22 33 4 26 6 80 86 70 15 93 25 8 97 5 16 68 93 3 67 69 59 81 34 32 24 68 26 97 27 52 43 7 12 15 43 89 66 42 16 37 63 26 48 75 30 47 0 45 98 17 25 
51 4 56 48 87 27 21 44 97 80 55 3 80 11 69 7 66 91 50 54 91 54 3 26 92 35 66 50 45 90 9 34 99 50 73 84 73 27 95 40 79 90 78 27 5 93 87 58 10 36 25 42 62 50 2 86 66 87 95 50 77 64 25 33 88 11 96 0 25 99 2 
18 24 81 48 89 33 59 11 89 71 13 39 80 28 89 99 40 92 41 36 86 54 13 26 7 88 18 71 23 1 26 38 18 62 91 75 21 57 31 25 87 33 72 12 94 5 21 97 36 98 72 68 74 99 95 23 29 19 30 87 1 9 58 37 79 23 37 37 0 81 79 
49 75 38 78 22 48 67 64 94 36 77 45 15 10 60 18 25 9 36 92 30 72 94 50 26 61 31 16 72 11 28 75 28 4 9 45 52 89 78 19 39 65 71 50 20 11 43 42 77 43 57 68 64 6 40 71 85 35 63 74 41 45 77 29 86 4 33 37 52 0 48 
70 57 49 47 39 28 58 96 30 48 1 48 96 92 98 60 62 43 34 95 25 99 98 86 65 1 36 11 87 97 32 47 34 11 30 78 26 89 43 11 97 92 94 87 65 37 43 73 73 40 49 97 79 46 19 55 89 69 50 35 51 68 6 59 89 30 20 37 56 39 0 
