n: 70
m: 2
Pi:U[1-99] 34 14 77 21 20 63 68 22 93 93 22 32 26 93 47 49 25 57 31 49 39 78 72 83 8 19 20 75 63 96 72 91 87 5 19 17 74 69 65 98 87 47 35 46 33 49 61 58 62 49 58 95 94 93 48 23 23 86 12 17 25 42 97 85 72 65 68 7 48 32 
Si:U[50-99]
0 56 62 64 38 51 55 37 61 44 79 96 99 99 99 99 99 99 99 99 99 99 99 99 79 99 84 99 99 99 99 99 99 79 97 99 99 99 99 99 99 75 99 94 99 99 90 79 78 85 99 99 99 99 99 99 99 99 99 99 84 90 99 99 99 84 93 90 99 88 99 
60 0 52 42 40 35 44 59 61 48 94 99 99 87 99 99 94 76 99 75 94 99 99 99 87 99 99 99 84 99 99 99 99 90 99 99 84 99 99 99 76 99 99 99 93 99 99 99 90 97 99 99 99 99 99 82 99 99 78 99 99 99 99 99 99 85 87 96 87 99 99 
59 64 0 44 44 50 57 61 63 64 99 99 99 99 99 99 99 99 82 90 99 84 82 82 99 75 99 99 99 99 99 97 99 99 99 99 99 85 99 94 84 79 99 75 93 99 99 99 99 87 99 93 99 97 99 99 75 99 99 91 90 99 99 99 99 99 84 94 99 85 84 
42 58 46 0 66 34 47 40 60 60 94 90 99 79 99 78 91 99 91 93 93 99 99 75 82 90 99 99 99 90 96 99 99 99 88 99 76 76 84 99 99 94 93 99 99 99 99 99 99 99 84 99 99 99 99 99 78 81 99 99 99 99 99 94 82 99 99 94 76 99 90 
51 50 50 65 0 62 37 58 36 50 93 99 76 99 99 99 91 99 99 96 99 99 99 91 91 99 99 99 75 99 99 99 99 99 99 99 99 99 96 99 99 99 99 99 99 99 99 93 99 99 99 96 99 96 91 93 99 99 99 84 99 99 91 99 99 99 99 99 99 99 99 
66 47 49 47 37 0 60 42 37 65 99 99 82 99 99 75 99 99 91 99 99 99 99 99 88 99 99 99 99 99 99 99 99 99 99 99 99 84 99 99 99 99 81 75 99 99 99 99 99 99 99 99 93 99 99 93 99 99 99 76 99 99 76 79 99 99 99 99 99 81 99 
51 36 54 49 35 39 0 55 59 59 99 78 81 99 76 99 99 99 99 99 87 99 99 99 99 99 99 99 99 88 99 99 82 99 99 76 81 93 94 99 87 84 93 99 79 96 99 79 99 84 76 93 99 99 99 99 99 99 99 99 99 99 99 99 96 99 99 99 78 99 78 
50 66 66 50 38 36 43 0 52 34 99 99 99 99 99 99 99 99 99 75 99 88 97 99 99 99 79 85 99 99 82 99 99 99 97 75 99 99 99 99 99 99 82 99 99 99 99 99 90 96 88 99 79 99 99 99 99 99 75 93 99 99 93 93 99 99 81 99 87 99 99 
59 50 58 48 56 50 52 66 0 62 88 85 99 99 99 99 99 99 99 99 99 99 99 99 99 75 99 99 99 99 99 99 97 94 90 99 85 88 99 99 99 99 99 99 97 99 76 99 99 99 99 99 99 99 96 99 99 99 99 99 99 99 90 75 99 90 99 97 99 99 99 
52 51 55 44 50 60 56 43 42 0 94 99 99 76 75 87 99 75 99 81 99 90 79 99 99 99 99 99 99 99 99 96 99 82 99 99 75 99 94 82 99 99 76 99 97 99 99 82 99 99 87 99 99 99 99 85 99 99 76 99 76 85 91 97 99 75 78 99 94 94 99 
99 99 99 99 99 76 99 99 78 93 0 47 46 43 51 60 56 34 54 48 99 99 99 99 99 99 99 82 99 99 75 99 99 99 82 99 82 99 91 99 99 75 91 96 99 99 99 99 99 91 84 99 82 99 99 99 99 99 76 99 75 88 99 84 99 90 99 99 99 99 99 
82 81 99 75 99 90 99 99 99 99 34 0 66 42 34 41 33 64 54 33 90 99 88 78 99 99 85 99 99 99 99 99 99 99 84 85 94 99 99 99 99 91 93 99 99 99 99 99 96 99 99 99 99 99 87 99 87 99 99 99 99 99 96 99 99 99 99 79 97 79 99 
99 99 81 93 99 99 99 99 99 99 50 40 0 62 52 62 45 53 38 48 93 99 99 91 99 78 78 99 99 79 90 84 88 99 99 88 99 99 99 99 99 99 99 99 99 99 99 85 99 99 99 90 75 75 84 99 78 99 99 78 99 99 99 81 99 99 88 99 93 75 99 
99 99 99 94 99 99 87 99 99 75 37 57 41 0 58 64 63 53 48 35 99 99 82 99 99 90 99 99 99 99 85 97 99 94 99 99 99 99 99 99 99 99 99 91 99 99 99 99 99 99 99 99 99 99 99 99 99 87 99 99 99 99 99 99 99 99 99 99 78 93 99 
99 99 99 99 99 99 99 96 99 99 41 60 48 40 0 34 41 38 60 63 82 84 99 99 99 99 99 94 99 99 75 84 79 99 99 99 99 94 99 99 99 87 99 99 99 93 93 82 99 99 99 82 99 99 99 88 82 99 76 99 97 99 99 94 99 99 99 99 99 99 99 
97 99 99 90 99 88 99 90 97 87 40 62 33 55 48 0 33 58 64 49 85 99 97 85 99 99 99 99 87 99 99 97 99 99 78 99 99 99 99 93 99 99 99 99 99 99 99 85 99 91 96 99 99 84 87 99 99 99 94 99 99 99 99 99 99 99 99 99 99 99 94 
99 90 99 99 99 84 99 93 99 99 43 42 62 44 62 46 0 42 53 37 91 99 94 99 88 76 99 99 93 99 84 99 81 82 99 75 99 99 96 88 99 84 97 99 99 82 99 81 99 88 85 99 99 81 99 99 88 82 99 76 99 78 91 99 99 99 99 99 79 99 85 
99 87 99 99 85 99 99 99 99 75 38 49 35 36 42 50 57 0 60 47 99 99 99 75 87 99 99 99 85 99 99 84 76 84 99 99 99 93 94 97 99 81 99 75 94 97 99 99 99 99 79 99 99 87 99 85 99 99 99 94 99 90 99 99 84 91 75 99 99 99 99 
99 99 78 99 76 88 99 99 99 99 36 48 59 34 64 64 50 51 0 49 75 99 99 99 99 93 99 76 99 99 99 94 88 82 99 99 82 99 99 99 94 99 87 75 99 99 94 99 94 96 99 99 99 99 99 76 99 99 85 99 75 99 99 99 99 96 99 99 99 99 99 
79 99 99 99 99 99 82 99 99 99 59 57 42 50 38 48 38 54 34 0 99 82 93 85 99 99 78 99 99 99 99 99 99 99 99 99 99 79 99 99 99 99 76 99 99 99 99 87 99 99 76 99 99 99 99 79 99 78 99 99 78 99 99 91 99 99 99 99 99 88 85 
99 99 99 94 99 99 99 91 99 99 96 99 97 99 99 81 99 88 97 99 0 37 36 48 64 38 60 58 66 63 99 99 99 99 99 99 78 99 79 99 99 99 99 84 99 99 99 94 99 99 97 99 87 84 76 84 99 75 99 99 99 99 84 88 99 87 99 75 99 99 96 
99 75 85 99 99 99 99 84 99 99 88 99 99 99 99 94 99 99 99 99 54 0 65 51 44 36 49 50 50 40 93 87 99 99 99 99 82 79 99 99 96 78 94 99 97 99 99 99 99 99 99 99 99 91 91 99 91 99 82 75 99 99 99 99 99 99 99 90 84 99 82 
99 99 93 99 99 99 79 76 99 94 78 81 85 99 91 75 99 99 99 99 65 57 0 33 46 40 36 56 35 38 79 99 99 99 93 99 99 85 79 78 99 87 85 75 99 99 99 99 82 84 99 81 99 97 79 99 99 79 75 99 99 99 99 99 99 79 99 99 88 78 99 
99 99 99 99 99 85 99 99 75 91 99 99 99 99 76 82 99 85 99 99 56 65 42 0 62 39 46 66 65 38 99 99 78 99 85 99 93 99 87 99 99 82 99 81 99 76 99 99 79 75 87 99 99 94 99 85 99 99 99 99 99 99 99 99 99 99 99 94 87 90 99 
88 94 99 99 99 99 99 76 78 84 99 75 99 97 88 99 99 99 87 99 40 42 42 64 0 62 39 60 39 46 99 99 87 75 79 99 99 99 99 85 99 97 99 99 99 99 91 93 82 88 99 99 99 99 78 99 99 99 99 78 99 99 99 99 99 96 99 99 99 85 85 
99 97 97 99 97 99 99 99 76 99 99 99 84 82 99 81 99 99 88 99 44 42 50 37 65 0 44 46 51 62 99 99 85 99 99 99 99 90 99 99 84 99 99 99 99 99 99 99 99 99 93 75 99 99 76 99 87 99 99 99 99 96 99 94 90 99 99 91 75 99 97 
76 76 99 99 99 91 91 99 99 84 99 99 99 99 99 91 99 99 99 99 44 50 38 40 40 52 0 36 42 49 99 85 82 99 99 81 82 99 90 99 99 99 99 99 75 99 91 96 99 75 88 99 99 87 99 82 99 99 94 78 99 99 93 84 76 93 99 99 99 97 82 
88 99 91 99 99 79 85 85 99 96 91 99 99 96 99 79 99 99 99 90 58 43 54 50 59 63 47 0 64 44 79 99 99 99 99 99 99 99 99 85 99 99 99 78 99 99 99 99 99 99 78 99 99 99 99 99 99 99 76 99 75 85 99 99 76 99 99 99 76 90 99 
82 99 99 99 99 94 99 99 85 99 99 75 94 79 99 99 79 96 82 94 62 60 44 60 52 50 38 60 0 52 99 87 99 91 99 99 76 99 84 99 99 99 88 99 99 82 99 99 99 84 99 99 99 94 99 99 99 99 97 99 87 96 99 99 99 99 99 91 99 99 93 
99 99 82 99 99 99 79 99 99 99 75 99 90 99 87 99 99 79 97 99 43 34 40 55 53 48 38 40 53 0 99 90 97 99 99 99 99 99 99 81 99 87 99 79 97 99 99 99 99 99 99 99 96 97 91 99 90 78 99 99 99 99 99 96 76 99 90 84 82 99 99 
99 99 99 97 88 99 99 93 99 82 99 99 99 99 99 87 79 97 99 82 99 99 78 81 99 75 99 99 99 87 0 47 44 37 59 43 38 47 54 43 99 99 99 99 99 76 99 99 99 84 99 99 94 99 99 85 93 99 90 99 87 85 99 99 97 84 99 88 99 99 99 
97 99 99 99 99 91 99 99 99 99 75 99 99 99 99 99 99 99 94 88 99 99 99 78 99 99 99 99 99 99 36 0 56 55 60 39 63 58 46 37 99 99 99 99 87 99 99 99 88 99 96 99 91 99 99 99 85 99 81 94 99 96 78 99 87 90 99 99 99 99 99 
87 90 99 96 99 99 91 81 99 99 99 99 99 99 78 99 87 82 88 99 93 99 99 90 91 94 99 99 99 82 46 64 0 35 49 50 36 56 56 42 99 99 96 99 99 99 99 96 76 99 99 90 91 75 99 99 99 99 87 93 99 99 99 99 76 99 96 99 99 82 99 
99 88 99 87 99 94 99 99 99 99 79 99 84 78 99 99 99 99 99 99 76 79 99 99 99 99 91 99 99 84 59 58 58 0 63 60 50 60 66 51 99 75 82 99 99 99 99 99 99 97 99 99 96 96 99 99 99 96 99 99 97 99 99 88 99 93 99 85 99 97 99 
99 91 99 99 99 99 96 99 85 99 90 82 78 99 84 97 99 99 99 87 99 99 99 99 88 87 81 91 96 85 46 49 54 51 0 40 35 59 53 33 99 99 79 99 99 99 99 99 99 84 84 99 94 96 81 99 90 91 84 99 94 99 99 78 82 99 99 99 82 99 82 
99 99 99 99 84 99 93 99 99 99 84 82 99 99 99 99 99 99 99 99 99 97 87 97 99 99 99 99 78 99 47 37 53 39 55 0 51 56 63 47 99 87 99 99 99 99 79 99 99 99 79 88 99 99 99 99 99 99 99 81 87 99 99 78 99 93 99 99 99 75 96 
99 99 99 99 99 99 99 99 99 99 99 99 99 99 99 99 78 99 97 78 97 75 99 99 96 81 99 99 99 99 34 51 44 38 62 46 0 64 46 42 99 79 87 99 99 99 99 97 99 94 99 99 99 99 82 76 76 99 99 99 82 94 99 78 99 99 75 99 99 99 99 
99 99 99 99 81 99 87 99 78 99 99 99 93 99 99 99 85 99 99 82 82 93 99 79 99 99 99 99 99 91 58 34 48 33 58 52 46 0 46 35 99 99 99 82 99 93 99 99 99 88 99 99 99 99 99 79 99 99 99 99 99 99 99 99 99 99 99 99 99 93 99 
99 99 99 99 99 99 97 99 91 75 94 99 99 99 99 99 99 76 78 99 76 99 99 96 97 99 99 99 99 94 52 57 66 60 66 44 53 41 0 62 99 99 99 96 99 90 87 99 99 99 81 99 85 99 99 78 78 85 99 99 97 99 91 99 94 99 87 79 99 85 75 
99 99 99 99 99 93 99 91 96 99 99 99 99 99 99 99 90 93 99 99 99 99 75 76 99 97 99 99 91 81 39 60 57 63 42 42 50 42 45 0 99 99 99 99 99 99 99 99 88 99 99 99 93 99 99 99 79 76 81 78 99 82 97 99 99 99 99 99 99 81 79 
99 78 99 99 90 85 99 99 99 99 99 99 99 99 97 79 81 99 84 99 81 97 99 99 99 99 99 78 99 99 99 99 78 81 99 99 82 99 99 75 0 44 57 33 63 65 52 56 59 34 88 99 99 99 79 93 99 99 99 99 99 82 99 99 97 99 99 99 99 99 99 
75 88 99 99 78 99 99 78 79 99 82 99 97 94 90 96 99 99 99 99 82 79 99 78 99 76 99 81 99 99 99 99 99 99 81 81 99 85 85 99 64 0 34 62 54 45 54 34 49 40 99 99 99 88 99 99 99 85 99 99 93 99 99 94 82 99 99 99 99 99 96 
99 76 82 99 84 99 99 99 99 85 99 99 99 99 99 99 81 99 87 99 96 99 99 99 85 96 99 99 75 99 99 84 99 90 99 99 99 99 99 78 46 34 0 46 40 38 66 62 64 50 75 99 99 99 99 81 90 99 99 99 99 99 82 99 99 94 91 99 88 88 99 
99 99 81 79 99 85 99 99 99 78 99 99 99 99 99 99 99 99 93 99 99 81 99 99 99 99 99 99 84 99 99 99 99 99 99 99 99 87 99 99 36 40 60 0 54 55 58 59 41 38 99 99 99 82 99 84 99 76 93 76 99 99 99 99 99 99 99 99 84 99 99 
99 99 99 99 99 99 99 99 99 99 99 88 99 99 99 87 99 99 99 99 99 99 81 99 91 99 99 99 87 99 99 85 99 93 99 99 99 96 99 99 65 50 33 52 0 33 40 40 35 42 99 99 84 82 99 99 99 99 99 99 99 99 99 90 99 99 79 99 82 99 99 
94 99 99 99 99 94 99 99 99 99 88 81 84 99 87 99 82 81 81 93 76 99 99 99 99 90 99 99 82 99 99 99 99 93 76 90 99 99 99 99 51 57 42 56 60 0 52 56 60 44 85 78 99 99 99 99 97 78 99 99 99 99 99 99 99 99 85 99 93 99 82 
99 99 99 99 99 99 99 99 99 99 99 91 99 78 99 99 78 99 99 99 99 99 99 81 99 99 96 99 99 99 99 99 99 99 91 97 99 99 99 84 37 60 62 44 51 33 0 59 66 57 99 99 99 90 99 99 99 99 99 79 91 87 99 99 84 99 99 96 99 99 99 
99 99 97 99 99 99 87 99 88 99 99 76 75 78 99 88 99 88 99 99 99 99 99 79 99 84 99 99 99 99 93 99 99 99 99 76 99 99 99 76 42 65 55 43 54 39 48 0 62 40 88 87 99 84 91 99 82 90 99 93 93 85 97 82 76 96 79 99 99 99 99 
99 99 99 99 99 81 97 99 78 99 99 99 99 99 79 99 99 90 99 99 99 87 99 99 99 99 99 99 99 99 75 99 85 75 99 99 99 90 99 91 66 58 37 34 48 44 43 41 0 54 99 85 99 99 99 82 99 99 78 99 88 99 78 99 99 99 76 76 84 85 99 
75 99 75 96 99 99 99 99 99 99 79 99 99 99 91 99 99 82 93 99 96 93 99 87 99 99 99 99 99 97 99 99 87 99 87 99 99 99 99 99 42 46 54 63 65 52 43 46 50 0 99 79 99 99 99 99 99 99 99 99 87 99 99 99 96 99 99 87 99 82 99 
99 97 99 84 84 99 76 99 99 99 78 99 99 99 85 76 99 99 99 99 99 93 99 99 99 99 84 99 99 79 75 99 99 99 76 81 99 99 90 93 82 81 75 99 87 99 99 99 99 99 0 34 42 60 58 64 54 66 62 57 99 96 99 99 99 99 99 79 99 96 99 
87 99 99 99 99 99 99 79 99 94 99 78 99 99 99 99 99 99 99 99 99 99 99 79 91 78 97 99 99 99 99 76 99 99 75 99 99 99 99 99 99 99 99 99 99 99 99 79 79 99 57 0 44 63 55 55 45 38 53 48 96 99 99 90 84 99 99 99 99 85 99 
99 99 99 99 99 96 76 87 99 99 81 99 99 99 90 99 99 99 99 99 99 82 99 99 78 88 78 99 99 99 82 76 76 99 94 99 99 75 99 99 96 93 91 93 75 94 99 99 82 99 52 46 0 44 36 45 39 41 60 49 99 99 99 99 96 93 99 99 99 99 85 
99 99 91 90 99 76 99 99 99 99 96 99 84 99 79 81 99 97 99 99 94 99 99 99 99 99 99 99 78 99 99 99 99 99 99 99 99 99 76 99 99 99 82 99 99 99 99 99 94 99 44 58 56 0 61 41 48 58 62 63 99 99 99 99 99 79 99 99 93 99 78 
79 99 99 99 99 82 99 76 99 79 99 99 81 99 99 82 99 99 99 99 99 99 82 82 99 79 99 99 84 75 99 99 99 99 99 88 76 91 87 99 99 96 79 99 91 85 99 99 99 99 66 56 40 55 0 41 36 36 47 51 99 99 99 99 99 90 96 99 99 99 99 
99 91 93 79 99 76 93 84 99 84 99 99 99 78 81 90 99 99 99 99 91 99 99 91 81 99 84 99 99 99 99 99 93 84 99 99 99 97 99 99 99 99 99 91 99 99 87 93 99 85 64 63 33 34 61 0 46 39 64 44 76 99 99 99 99 78 85 85 84 99 76 
99 99 79 99 99 75 99 79 99 99 90 99 96 99 99 99 99 87 93 85 99 99 99 99 99 99 94 97 99 99 79 99 99 91 99 99 99 99 99 97 99 99 99 90 99 99 99 85 96 99 46 64 45 48 62 36 0 39 50 59 99 99 97 99 99 99 99 85 79 99 82 
99 99 78 99 99 99 99 99 96 99 82 85 99 99 87 99 99 99 88 99 99 99 99 99 99 99 87 99 99 85 78 78 99 79 99 99 99 99 78 99 91 99 87 87 99 81 99 82 85 85 38 33 46 39 64 45 36 0 38 58 79 96 99 99 91 99 99 99 99 99 99 
93 99 99 99 99 99 99 99 79 78 94 78 99 99 87 99 99 99 99 96 99 91 90 99 99 96 99 99 99 99 99 99 99 75 99 99 81 99 99 82 99 99 99 99 96 99 99 99 99 96 39 60 41 59 64 62 51 35 0 65 99 99 99 99 99 94 99 79 99 99 99 
99 99 99 99 75 87 99 96 99 99 88 87 99 76 76 99 99 81 99 99 88 93 99 96 99 99 85 91 82 97 82 79 99 99 99 99 82 93 78 99 99 99 75 76 97 99 99 99 99 99 37 44 60 65 61 43 47 43 60 0 99 99 99 99 99 99 90 99 99 99 99 
99 79 99 99 99 99 75 99 99 99 97 99 81 99 99 99 85 99 99 99 87 99 99 76 75 99 99 99 99 99 96 99 99 78 82 99 99 99 85 99 99 96 99 76 99 99 99 99 99 99 99 99 88 99 99 99 99 99 93 99 0 63 53 50 60 36 39 48 42 45 99 
76 99 82 99 99 99 76 99 78 99 75 99 75 99 99 99 99 82 99 99 99 99 99 99 79 99 99 99 87 75 99 81 99 99 99 99 99 99 93 99 99 99 99 99 94 82 99 99 99 99 99 99 99 99 88 99 99 96 94 88 46 0 36 62 54 60 34 59 54 33 99 
76 99 99 87 87 93 99 93 99 99 99 97 99 99 99 99 91 76 99 90 96 99 99 99 90 78 99 99 82 99 99 99 94 99 90 99 99 99 79 99 97 75 87 99 99 99 76 97 85 93 99 91 88 76 99 99 99 99 78 84 42 39 0 64 49 50 36 66 49 58 99 
99 99 99 99 99 99 99 99 99 99 99 99 79 99 99 99 99 99 99 78 99 88 99 90 99 99 99 75 99 99 99 99 99 84 82 99 81 93 91 99 85 82 99 99 94 87 93 99 99 99 99 99 99 99 99 99 99 99 99 90 60 36 62 0 47 58 40 58 34 47 99 
99 99 99 99 99 99 99 99 99 78 93 99 99 99 94 78 99 93 81 99 87 99 99 99 81 99 94 99 99 99 99 99 99 99 75 99 99 99 99 99 99 99 75 99 99 99 99 99 97 99 99 75 76 99 99 99 99 99 99 99 42 44 46 34 0 40 48 52 54 38 99 
99 99 99 99 96 96 96 97 99 99 99 99 99 76 99 99 99 99 99 96 87 99 85 90 99 88 81 99 99 94 99 99 99 99 82 90 99 99 99 99 99 99 82 99 99 99 79 99 78 99 99 99 99 99 82 99 84 99 99 99 42 54 44 45 42 0 40 63 58 38 94 
79 99 99 99 99 99 99 88 99 99 81 84 81 99 79 99 76 84 99 96 99 99 88 99 93 99 82 99 99 99 99 99 87 99 99 99 99 79 90 99 79 99 99 99 97 88 99 99 99 99 99 99 96 99 99 99 99 99 99 94 44 66 56 63 55 44 0 38 57 38 99 
90 99 99 97 78 96 99 99 96 79 99 99 88 99 99 99 99 99 99 99 99 99 99 78 85 88 84 99 99 84 84 99 99 85 99 99 99 99 99 99 99 99 99 99 99 78 99 96 99 88 85 79 99 99 99 85 93 99 99 99 57 52 56 48 50 64 34 0 54 58 81 
99 99 99 90 99 99 99 76 99 99 99 99 90 99 99 99 99 99 99 99 99 99 99 78 99 79 93 79 87 99 99 99 90 99 99 99 99 81 99 99 99 87 93 96 87 81 93 99 99 99 96 99 97 99 99 87 75 99 76 99 51 63 54 61 60 40 59 55 0 57 78 
99 99 99 93 99 75 99 99 79 75 88 97 99 99 99 82 99 88 99 75 99 90 99 99 82 99 99 99 99 99 99 99 99 99 99 99 99 99 99 99 76 99 99 99 99 99 88 99 99 99 99 88 99 99 84 99 90 99 99 90 52 47 40 42 51 49 36 58 64 0 99 
81 99 99 96 87 79 99 99 91 99 93 99 99 79 99 87 81 99 99 90 99 99 99 99 75 99 96 99 82 99 99 76 90 93 99 99 99 84 99 99 99 91 99 99 99 99 99 99 99 99 99 99 90 99 76 87 99 99 99 99 99 93 99 99 96 87 99 99 99 99 0 
