n: 70
m: 10
Pi:U[1-99] 99 5 45 41 49 2 31 60 90 95 7 40 34 17 42 13 85 24 59 47 28 47 64 53 90 23 41 80 51 80 94 90 40 69 92 81 4 72 21 68 80 98 62 89 20 21 91 83 25 40 41 50 68 42 27 11 91 8 81 3 27 53 1 92 65 93 58 26 35 51 
Si:U[1-49]
0 17 5 4 8 28 2 3 15 19 7 39 40 39 49 34 21 49 6 42 46 45 49 12 22 45 39 24 27 34 49 25 49 24 18 49 45 30 4 45 19 49 27 13 28 18 43 49 49 49 34 7 49 30 40 31 18 49 12 49 16 18 6 49 30 13 39 48 25 49 21 
17 0 9 6 32 15 16 3 5 21 43 34 49 37 40 49 43 45 18 49 10 22 25 10 49 39 27 24 48 40 24 49 40 49 49 49 49 37 49 49 49 45 31 1 18 49 37 49 22 36 34 25 12 31 49 6 19 33 49 49 49 49 27 1 21 49 9 10 43 48 46 
23 32 0 20 13 18 11 16 30 22 46 43 49 28 13 45 16 46 1 31 28 49 27 49 49 49 48 27 49 19 25 49 49 49 6 49 31 46 7 45 22 10 9 4 1 15 49 49 30 49 49 25 15 39 45 46 49 3 6 46 42 49 28 49 16 25 43 22 49 21 49 
23 0 16 0 11 13 32 22 31 23 49 13 49 12 1 3 18 36 43 45 36 25 43 22 43 49 49 49 48 12 22 7 49 27 49 12 49 28 39 1 40 28 4 6 49 39 4 49 49 18 49 34 49 36 28 3 49 49 36 49 40 45 39 33 49 4 49 24 49 6 19 
16 26 0 8 0 32 16 30 14 6 27 40 15 27 40 13 49 36 49 30 49 31 49 49 49 49 31 33 12 49 25 43 1 48 21 33 3 49 39 1 49 6 48 16 25 18 46 4 49 42 49 49 28 45 46 45 49 49 49 49 49 18 49 10 10 49 49 43 49 6 49 
24 28 32 2 30 0 10 11 26 10 43 21 42 37 49 4 16 43 42 49 37 6 42 49 49 18 25 49 43 48 30 49 49 49 49 10 49 31 1 19 24 48 49 6 49 19 12 49 49 43 49 49 36 46 43 36 42 15 49 49 28 49 49 49 40 49 49 43 49 43 49 
32 14 1 4 10 31 0 28 3 20 21 27 27 19 40 49 19 49 49 19 13 49 49 12 36 49 27 42 45 49 49 10 42 49 31 49 7 18 49 45 37 49 4 40 27 33 48 40 49 40 49 4 40 43 30 49 15 15 16 1 49 15 43 4 48 24 49 12 49 49 12 
9 10 22 32 17 31 6 0 8 20 16 12 48 36 49 48 7 39 39 31 42 48 22 10 27 39 16 36 19 49 49 49 33 1 19 49 28 28 49 48 28 49 31 36 49 49 3 49 10 49 1 48 27 10 49 48 24 19 9 49 4 6 12 12 37 49 7 7 49 25 46 
0 14 6 22 13 6 6 8 0 22 22 49 15 6 10 4 9 46 49 19 10 49 10 36 49 24 49 28 34 49 48 49 25 7 49 49 49 49 34 19 49 12 49 24 15 49 16 49 42 28 49 24 13 25 49 28 49 6 42 49 48 49 49 18 1 7 43 10 42 43 7 
3 32 21 12 9 16 8 18 22 0 25 49 46 27 39 43 49 49 49 1 49 49 49 49 40 49 49 24 46 49 28 21 13 10 49 49 21 7 49 3 9 21 39 19 40 43 22 6 49 46 7 49 33 33 49 9 28 48 49 49 49 13 49 18 18 21 49 49 49 22 1 
25 15 49 3 33 24 21 28 39 9 0 6 4 6 23 6 23 17 32 2 49 27 6 19 9 15 33 49 21 49 43 13 49 18 45 49 49 18 42 49 49 10 19 43 15 30 46 49 3 49 49 48 9 49 49 31 49 49 3 49 49 6 21 49 49 7 49 49 39 31 49 
37 49 30 49 49 3 30 13 49 49 27 0 13 26 22 16 21 18 24 6 37 37 21 21 37 24 25 30 21 34 34 19 49 45 25 49 12 49 45 46 15 15 40 28 24 30 49 16 9 16 16 22 45 49 49 40 25 21 49 3 49 49 31 49 49 49 33 49 49 37 40 
49 49 49 39 49 19 19 34 49 19 31 10 0 17 11 19 4 31 10 18 15 43 49 27 3 42 24 49 49 49 18 27 3 9 28 49 3 49 24 49 24 15 42 30 21 49 40 9 49 4 49 15 21 15 49 30 49 25 49 45 15 49 49 49 43 49 49 45 9 49 22 
34 49 49 49 28 49 30 21 49 49 6 8 6 0 20 8 12 14 12 22 49 24 13 49 10 30 22 49 25 27 1 49 42 22 16 34 19 15 27 49 42 18 49 39 13 30 49 22 24 49 49 12 33 49 28 49 45 49 43 33 15 4 25 36 9 28 40 49 6 34 24 
49 16 9 49 34 39 7 19 49 49 23 22 24 8 0 31 16 16 8 4 49 49 21 16 49 6 25 27 48 3 28 27 49 36 49 4 49 7 25 48 49 21 46 13 49 1 25 49 25 4 28 27 16 49 49 49 49 49 46 7 49 49 49 49 49 39 21 39 49 28 49 
45 13 46 49 49 24 49 46 49 10 27 3 5 16 29 0 18 24 16 3 49 15 49 33 22 33 40 49 49 49 49 43 49 49 49 28 25 30 36 3 48 7 49 42 49 6 28 49 16 49 19 49 49 19 6 49 49 18 45 9 36 45 9 49 4 49 7 37 22 16 46 
40 1 49 49 37 22 48 49 49 34 12 8 28 2 18 3 0 2 24 22 49 49 9 49 24 49 6 43 18 49 18 25 49 12 49 31 49 18 49 46 4 46 13 49 28 49 18 49 49 43 46 19 49 24 24 46 45 49 3 49 30 28 43 7 42 25 13 15 9 39 21 
49 42 49 37 42 15 45 49 49 12 17 4 23 30 13 2 16 0 2 4 49 25 42 18 21 33 4 49 49 49 49 49 43 49 36 34 36 49 25 49 28 49 49 49 48 45 49 42 48 6 49 25 27 39 49 1 33 18 48 10 3 49 10 36 49 49 49 12 15 9 19 
4 40 49 30 49 49 21 49 31 25 4 8 29 0 5 22 14 0 0 12 7 22 28 6 6 25 25 49 9 49 15 24 15 36 49 49 34 49 49 49 49 10 43 12 7 45 43 28 25 48 27 10 49 49 24 36 49 49 4 45 42 49 31 19 28 39 24 48 34 43 36 
28 10 33 24 49 27 46 25 42 27 10 14 7 28 7 32 32 19 26 0 36 16 10 1 49 9 49 13 48 49 7 22 30 21 49 49 28 49 24 34 7 37 46 16 49 12 3 49 33 13 7 49 49 49 49 7 37 46 7 45 46 49 46 4 49 4 49 49 36 49 36 
49 12 7 49 34 49 9 15 43 4 49 21 33 4 49 9 49 9 25 40 0 11 23 14 30 20 6 8 3 14 13 13 46 19 22 49 49 18 49 40 49 7 42 18 40 49 24 49 49 46 34 7 15 49 37 33 19 27 49 13 49 15 48 30 4 19 33 22 49 18 9 
49 6 49 13 49 42 19 49 7 49 12 43 49 49 49 30 3 25 49 46 28 0 19 7 8 32 4 4 21 22 49 13 21 36 9 49 45 39 1 49 3 31 4 49 6 49 4 12 30 49 49 49 49 49 27 31 49 25 34 24 3 16 22 49 40 49 49 13 49 1 15 
33 49 37 42 9 45 34 43 45 49 33 34 19 48 49 48 49 49 43 49 31 25 0 2 21 9 28 17 21 27 49 49 28 37 21 49 49 21 28 12 49 6 49 3 33 30 45 49 49 15 39 49 49 43 49 7 49 13 10 48 49 3 43 49 27 43 49 10 12 49 49 
49 4 7 15 6 3 49 48 1 49 27 12 13 13 42 42 49 49 45 46 8 10 24 0 29 12 31 10 14 22 4 22 49 43 30 34 49 19 49 49 36 36 10 6 46 46 49 36 49 49 49 49 4 25 49 28 48 49 13 49 49 33 9 49 16 48 21 49 3 21 49 
49 49 49 49 1 49 49 49 21 49 16 49 18 31 49 10 25 7 19 40 20 29 9 8 0 20 26 2 16 2 49 49 49 49 49 49 6 30 42 49 24 45 46 10 19 3 42 7 3 49 45 46 13 49 15 22 16 33 18 45 39 22 21 22 25 49 10 33 49 49 33 
49 22 48 49 49 15 42 42 49 49 43 49 39 21 49 25 49 12 42 37 27 10 23 32 29 0 32 22 11 27 37 49 49 43 49 28 45 34 46 4 7 28 49 42 39 37 48 42 49 42 27 21 24 37 49 46 28 4 12 48 49 49 9 40 6 16 46 49 49 31 49 
49 49 49 33 22 49 49 9 37 49 49 49 15 36 39 49 9 46 34 49 16 20 1 7 26 29 0 6 28 5 49 15 49 28 48 49 36 33 40 46 37 45 49 45 49 49 49 1 49 49 49 1 49 33 13 19 48 3 27 49 45 13 3 27 49 49 49 46 10 18 45 
49 48 31 49 43 49 7 40 39 49 9 30 49 46 49 36 34 24 39 12 22 22 5 14 15 31 32 0 9 9 12 49 49 36 42 49 49 24 3 49 49 49 34 49 18 28 49 21 49 12 3 49 49 27 49 49 31 6 6 3 4 22 49 43 12 21 49 36 4 49 25 
13 46 46 45 15 49 34 16 49 49 49 46 31 49 10 4 27 9 43 24 18 5 4 24 20 8 9 32 0 26 16 18 15 7 31 45 39 49 49 34 30 49 19 13 3 24 42 27 40 45 12 49 43 37 37 49 3 34 40 10 39 22 4 49 37 45 42 36 42 24 37 
49 3 49 49 4 27 33 49 31 27 49 19 46 16 31 49 39 28 49 49 15 7 1 11 17 24 4 30 30 0 49 13 9 49 46 49 46 40 3 28 1 16 16 49 10 4 46 16 39 43 46 15 13 49 49 49 27 24 1 49 28 16 49 42 37 33 25 40 24 4 25 
49 31 42 49 49 3 16 49 49 42 4 13 49 43 28 49 6 21 46 16 49 25 49 49 49 46 24 49 19 15 0 20 11 11 0 9 28 23 24 28 49 33 15 49 10 21 39 49 28 34 31 18 49 9 1 16 49 49 49 49 49 33 43 49 21 40 49 12 27 6 6 
36 49 10 37 49 49 49 49 30 22 24 45 37 49 15 4 36 49 27 19 31 49 9 19 49 49 49 24 13 49 29 0 16 8 32 10 12 16 13 30 7 49 9 18 49 49 49 22 16 37 15 22 49 49 49 49 24 7 49 49 3 30 49 12 49 49 27 31 28 33 48 
49 21 4 49 36 22 25 49 49 39 24 6 21 42 49 25 16 39 46 49 49 49 1 3 24 33 49 3 40 13 32 6 0 15 25 28 2 4 11 24 49 49 18 31 36 49 12 25 9 24 10 49 49 7 46 16 37 24 21 10 25 1 49 13 49 30 49 31 48 22 6 
21 15 22 3 49 49 15 49 46 49 46 22 49 36 49 27 3 40 28 49 49 49 37 49 49 46 37 15 49 40 6 22 30 0 12 6 10 0 4 24 37 24 49 19 36 49 49 9 12 19 24 31 19 49 49 49 22 10 40 6 49 4 36 21 22 31 33 39 46 49 7 
6 49 4 49 4 37 40 49 43 49 18 28 15 4 28 49 42 30 25 28 3 49 1 19 49 1 34 49 49 49 24 22 26 2 0 32 4 29 16 10 49 49 49 21 49 45 49 9 24 16 6 48 49 43 49 28 49 48 12 15 49 48 13 40 39 7 7 39 49 15 49 
49 15 49 27 49 22 49 42 49 19 15 4 3 21 43 46 49 31 49 49 49 40 10 36 49 49 6 39 49 36 20 8 21 20 26 0 27 7 23 24 31 49 49 39 49 21 25 49 30 6 13 34 9 49 33 15 28 49 49 49 6 15 49 15 49 49 49 48 49 49 7 
49 49 46 49 28 49 49 16 49 49 24 49 16 49 30 19 49 10 33 46 15 45 15 30 49 49 49 9 49 25 4 26 23 6 25 25 0 32 15 19 19 49 25 19 9 46 49 49 28 45 18 49 19 10 3 49 49 27 31 13 30 49 46 49 49 42 46 21 25 49 49 
45 6 31 49 22 36 49 15 19 49 13 6 49 12 49 39 33 31 21 48 49 49 19 49 3 49 7 49 49 49 0 16 19 22 12 24 3 0 26 26 19 49 10 49 49 7 6 4 31 49 49 43 12 25 19 25 49 49 13 31 43 49 1 24 49 49 24 49 49 4 10 
24 24 49 36 36 10 49 3 48 15 25 49 13 21 37 19 30 28 33 33 16 40 49 49 39 15 22 49 4 49 14 29 18 14 6 24 21 0 0 3 48 28 40 49 31 3 49 45 49 6 24 19 16 3 9 42 15 40 22 12 49 49 49 49 49 49 31 33 33 33 49 
18 49 49 45 30 15 25 49 49 19 24 49 9 1 4 19 33 40 39 49 49 34 37 49 19 30 49 21 49 7 32 0 8 3 9 17 8 3 26 0 7 40 34 1 49 48 3 49 36 49 18 49 49 49 9 49 6 49 42 6 25 9 16 42 28 45 46 39 49 9 7 
30 49 49 49 49 9 49 36 49 49 24 39 49 12 16 22 16 39 49 49 49 1 49 49 24 43 16 40 42 49 33 21 25 12 4 9 18 49 49 49 0 0 26 18 18 22 7 20 16 26 49 49 49 33 40 49 28 19 4 45 13 9 49 43 15 49 49 22 46 15 43 
36 25 21 36 18 3 49 49 25 49 39 36 49 9 42 4 49 6 33 1 49 49 49 15 37 49 3 30 22 36 42 13 7 49 49 12 49 49 49 49 27 0 30 2 12 8 2 7 12 18 27 39 42 49 48 49 49 49 49 21 49 49 48 49 36 42 49 49 49 3 37 
49 21 49 49 6 49 39 48 49 49 39 6 4 16 24 10 49 49 49 49 49 15 49 49 18 42 49 9 37 34 49 34 49 36 43 19 49 16 24 49 6 22 0 20 21 8 30 21 14 32 49 48 49 6 16 4 37 13 1 49 49 7 49 7 12 49 49 49 22 27 13 
31 37 3 22 42 12 49 39 45 13 9 25 7 33 49 49 49 45 13 22 49 31 6 49 49 45 33 49 4 15 49 24 37 48 49 16 49 49 49 49 16 4 8 0 20 30 1 18 1 12 28 16 39 28 15 33 15 43 9 1 49 49 49 49 13 39 12 49 40 7 49 
49 4 45 49 31 49 49 49 45 9 49 49 25 48 49 22 49 16 27 45 10 49 16 19 10 49 49 49 45 49 49 46 22 49 7 49 22 39 49 4 10 24 18 6 0 24 25 10 22 28 45 49 27 21 12 46 49 15 49 18 45 49 30 31 19 36 49 4 3 49 46 
49 34 16 49 7 10 49 21 34 6 7 49 49 49 9 39 9 37 49 49 10 46 49 7 24 3 49 49 42 25 7 49 27 21 40 49 36 10 16 49 20 5 7 20 5 0 28 9 14 12 49 49 49 34 37 18 49 49 34 49 33 49 49 49 49 49 6 36 46 12 12 
49 25 49 19 46 49 33 25 39 18 40 49 24 25 15 49 34 39 49 6 49 49 49 49 49 42 49 40 43 33 9 13 4 12 34 49 31 39 28 16 24 26 22 12 9 2 0 19 4 5 18 40 6 25 49 36 31 1 49 33 33 37 28 49 7 36 49 19 42 19 27 
49 10 22 3 3 48 49 4 9 49 43 4 16 13 19 43 9 49 15 24 22 49 49 45 49 49 49 49 49 49 4 7 49 49 19 46 39 49 37 19 21 17 17 31 14 17 4 0 26 7 49 6 49 49 30 49 43 25 30 22 9 49 49 33 18 45 31 42 49 49 25 
9 49 18 31 49 10 49 30 49 39 34 49 13 34 21 1 49 28 39 49 27 7 7 21 18 49 49 49 31 33 40 36 45 49 49 33 39 21 27 34 9 12 0 30 8 30 30 16 0 28 49 30 4 49 22 42 27 49 12 12 49 25 28 49 30 42 49 6 19 9 13 
49 49 49 39 36 21 16 39 49 49 37 42 36 49 42 21 16 34 49 40 16 49 49 49 49 18 21 42 33 37 3 49 15 36 3 27 24 4 21 49 0 12 9 11 3 1 19 15 24 0 49 49 46 24 49 49 42 49 33 36 49 49 27 22 46 10 49 49 48 49 33 
18 33 49 34 19 25 13 49 49 4 49 34 16 49 40 45 49 6 49 39 48 49 16 19 24 22 33 12 49 22 49 43 27 24 49 40 21 31 49 16 39 43 49 49 21 3 49 49 42 49 0 12 27 14 9 14 5 23 28 30 49 49 12 49 4 49 6 25 49 12 7 
13 22 49 12 39 3 36 49 49 49 49 48 18 49 9 49 49 34 22 49 7 45 27 49 43 49 49 49 24 7 49 22 49 49 39 49 49 33 49 22 7 24 49 49 49 49 49 48 48 21 8 0 12 11 23 3 0 12 10 22 49 49 48 27 49 36 31 39 31 49 49 
49 49 19 49 49 49 43 4 16 24 49 49 31 4 49 10 42 43 49 16 49 15 49 40 10 49 24 27 21 28 30 1 21 31 39 19 49 30 22 3 49 43 49 45 49 21 25 46 39 34 9 25 0 30 31 30 6 11 27 12 45 16 49 4 3 9 16 49 33 49 43 
49 49 30 42 34 49 49 36 4 49 40 49 49 49 27 12 40 49 33 49 3 49 13 49 21 22 49 46 43 45 49 9 33 49 45 30 30 9 49 33 49 49 49 49 49 49 46 25 12 31 4 22 13 0 6 8 14 16 14 6 19 43 49 9 49 49 25 30 1 7 43 
15 9 48 31 49 45 48 25 49 6 22 6 49 49 49 40 13 49 49 12 49 40 49 49 30 49 27 7 49 27 42 18 21 31 1 3 15 48 45 18 27 31 49 6 25 6 33 27 36 30 21 24 0 2 0 4 22 3 8 11 39 49 49 24 49 31 43 7 34 49 21 
49 28 49 3 21 33 31 28 36 49 18 19 25 40 49 42 24 46 39 7 7 49 49 22 46 27 9 25 21 7 49 12 49 4 34 10 31 39 43 6 40 45 49 49 15 36 49 16 49 49 21 12 32 2 4 0 24 12 3 19 3 22 49 49 49 48 10 49 49 12 45 
9 15 10 49 49 49 22 43 49 49 49 4 22 49 49 27 34 19 4 30 19 49 22 9 49 40 40 13 15 13 40 49 18 49 49 4 1 13 19 22 49 49 49 13 49 49 49 49 42 27 23 28 31 4 20 9 0 17 31 13 4 49 49 6 27 49 24 48 49 49 13 
6 31 21 34 49 21 33 49 49 49 21 30 42 27 13 15 49 39 45 49 36 4 43 49 49 22 9 49 49 22 15 16 27 36 21 49 21 49 39 49 13 4 36 49 39 49 9 22 34 49 4 26 10 23 5 13 13 0 20 12 6 36 49 49 24 13 22 49 49 24 30 
49 49 10 49 34 27 16 24 49 18 7 49 49 25 49 1 48 49 46 49 21 49 49 6 22 1 49 1 42 49 9 49 13 16 33 18 28 49 18 49 49 10 49 48 3 1 9 46 49 1 13 8 10 1 13 4 20 16 0 32 19 48 49 49 49 49 49 12 49 21 46 
39 49 33 49 45 16 13 46 46 49 49 25 49 33 31 49 49 49 49 49 49 30 49 49 48 27 36 49 37 3 49 49 49 39 16 43 49 49 7 49 27 49 13 49 49 49 1 16 48 49 31 20 7 22 12 10 17 4 18 0 43 36 24 34 6 49 31 13 49 18 43 
7 3 1 48 34 49 49 42 1 45 45 10 16 25 49 49 9 49 28 28 49 42 43 12 42 49 34 36 27 39 49 49 16 18 45 16 28 6 28 49 12 31 45 16 49 49 25 19 31 49 49 43 30 42 43 49 49 46 36 49 0 9 28 2 3 6 10 22 5 28 49 
7 39 37 49 31 18 40 46 49 49 49 15 7 30 49 6 30 28 31 49 34 16 39 19 19 49 49 48 31 25 4 10 31 39 49 49 49 39 49 49 43 10 49 30 49 4 12 4 25 49 49 49 45 48 49 28 49 21 49 31 10 0 18 6 24 5 11 5 19 2 1 
25 49 49 49 49 45 24 16 13 49 4 49 43 16 49 39 7 24 28 49 49 49 31 49 30 34 6 39 40 49 6 49 4 4 49 13 12 45 13 49 34 49 49 40 49 22 10 49 48 46 13 3 33 18 46 6 49 21 4 4 24 2 0 17 25 19 7 6 14 31 49 
49 42 1 27 43 33 49 13 31 46 49 34 24 49 7 3 43 25 49 37 49 18 1 28 3 49 40 18 12 21 46 37 34 24 48 33 4 12 49 25 42 31 3 19 22 49 43 18 49 49 49 49 36 43 19 49 37 16 45 49 13 28 31 0 23 10 0 12 6 20 49 
49 49 19 49 15 49 13 49 42 49 1 7 36 42 6 3 46 43 40 39 10 22 49 36 7 18 10 31 49 49 39 49 7 6 10 7 6 15 12 49 49 40 1 40 49 40 49 30 6 49 9 33 9 4 10 49 4 37 45 49 11 5 6 8 0 28 20 21 4 32 34 
37 49 49 40 49 22 49 6 37 21 49 43 49 24 49 45 13 49 18 49 49 49 49 28 49 49 49 22 21 19 49 28 24 49 49 6 13 28 49 49 28 16 49 49 49 40 31 39 31 49 42 43 42 49 31 19 3 10 49 49 3 4 0 13 8 0 15 5 20 28 12 
12 22 25 49 3 40 12 40 49 49 49 49 12 10 46 10 25 1 49 49 18 49 46 6 46 39 49 1 46 28 1 3 49 24 37 30 49 49 49 10 46 24 27 48 45 6 40 49 49 12 43 28 27 9 7 25 49 49 49 48 5 21 2 28 22 16 0 24 18 30 3 
49 27 48 49 49 12 37 15 27 27 21 15 16 46 1 12 49 18 42 49 40 49 9 37 49 33 25 43 42 49 18 3 30 49 46 1 49 27 37 37 49 49 39 37 42 27 16 34 24 49 10 49 49 49 27 9 12 49 43 34 18 29 22 14 20 16 26 0 28 11 49 
36 33 22 43 1 49 24 33 7 49 24 49 10 13 49 19 28 49 39 21 34 46 25 46 25 49 7 49 49 3 18 39 45 49 18 49 15 16 49 21 49 21 19 43 49 19 34 49 28 39 43 12 27 49 22 16 3 49 7 31 30 19 8 17 12 31 7 4 0 10 7 
46 49 49 42 24 49 24 18 31 33 42 42 49 49 13 48 48 39 49 49 45 39 43 36 7 49 33 27 49 31 25 42 16 19 49 45 10 19 49 21 49 19 49 49 30 49 7 22 49 49 13 40 24 49 49 49 42 15 49 49 12 22 5 26 24 9 12 4 17 0 49 
28 12 18 1 46 9 49 49 30 49 16 19 49 49 48 49 49 16 6 22 1 6 39 4 49 22 49 9 43 24 7 9 1 22 49 24 19 37 49 16 49 49 16 45 33 37 49 49 1 49 6 19 49 43 4 49 15 7 27 10 49 49 18 19 49 28 15 40 12 33 0 
