n: 70
m: 4
Pi:U[1-99] 86 16 15 90 54 60 7 25 2 14 25 60 41 61 97 82 34 4 29 41 30 45 87 66 44 98 2 12 84 62 21 47 18 59 67 37 58 34 40 53 37 79 99 21 24 51 79 90 23 53 12 65 46 86 83 61 30 82 60 55 97 24 88 16 16 73 98 65 21 16 
Si:U[1-99]
0 24 56 16 22 62 2 66 40 15 28 69 54 66 99 3 33 66 76 99 1 45 18 67 31 1 99 28 99 4 79 76 3 55 12 36 99 58 19 52 88 99 99 99 1 70 85 78 25 34 22 18 6 85 99 33 99 99 16 27 91 19 99 4 96 99 99 28 60 19 66 
15 0 26 37 58 42 6 16 5 51 54 99 72 30 6 19 99 37 33 93 96 99 99 99 85 99 70 99 94 36 57 34 15 99 67 84 63 66 58 99 79 22 99 25 42 99 99 99 99 81 36 48 4 99 99 99 42 58 48 99 99 7 99 99 81 63 42 3 3 99 31 
49 39 0 51 60 15 53 39 36 25 25 58 66 54 21 72 19 99 46 99 52 99 88 84 48 58 49 24 85 6 99 99 96 45 16 52 99 99 81 97 84 99 4 39 15 19 99 55 40 99 54 99 21 99 6 99 99 28 37 99 49 36 94 70 67 36 34 76 87 76 9 
23 28 52 0 48 2 2 61 44 6 10 48 54 45 3 37 99 84 4 54 33 99 99 40 84 99 99 99 81 52 99 99 99 64 28 30 99 99 99 99 99 99 99 57 75 96 18 22 81 99 99 64 99 99 99 99 34 3 99 99 99 57 67 3 99 99 33 99 99 46 99 
45 35 8 24 0 16 42 37 46 31 99 99 94 99 6 91 75 73 99 99 58 45 51 81 40 69 48 99 99 43 99 3 55 1 22 49 99 13 1 7 99 42 36 22 25 25 10 99 99 72 70 99 84 99 99 64 33 96 28 31 99 93 69 99 27 72 61 42 90 10 72 
20 51 25 38 37 0 48 20 12 30 99 57 37 97 99 99 99 96 66 43 99 13 45 1 99 82 61 84 81 99 99 13 3 99 31 72 81 90 64 99 48 99 79 99 97 99 30 78 33 43 97 33 21 97 36 99 64 99 99 94 34 25 78 99 4 99 10 99 75 39 12 
32 19 0 65 26 31 0 28 40 7 82 99 54 3 21 90 54 25 79 42 61 58 82 31 42 28 94 99 69 67 37 99 99 99 72 3 99 13 88 99 97 99 4 75 27 99 99 78 57 25 99 36 45 99 70 16 49 99 76 99 42 99 21 99 99 4 99 61 99 73 99 
31 6 66 65 46 45 26 0 25 27 9 99 99 40 64 99 21 31 42 76 99 36 93 99 64 60 9 42 99 99 99 48 61 99 99 99 18 28 73 76 66 99 52 99 99 63 99 42 54 99 99 99 75 87 99 18 99 99 3 99 99 51 99 27 99 66 6 99 99 73 99 
26 8 54 28 22 58 47 59 0 15 99 34 99 46 46 99 4 79 64 16 1 99 90 72 99 99 61 18 58 99 49 54 99 82 64 70 99 27 27 48 57 52 37 18 99 60 48 99 63 78 34 73 99 66 90 58 91 40 10 63 57 99 99 84 99 43 76 99 99 97 6 
32 54 58 44 25 19 1 57 4 0 99 85 54 18 99 21 91 1 99 99 85 99 76 78 75 90 99 81 82 30 99 99 99 25 99 90 12 99 99 81 99 99 15 99 99 99 99 87 72 85 37 66 37 99 45 1 24 12 75 99 99 36 37 90 49 27 99 25 99 99 49 
39 49 99 7 58 18 12 49 99 58 0 32 6 22 46 11 35 44 46 40 18 82 99 99 99 99 31 37 39 4 42 21 31 15 18 1 12 94 18 25 48 99 84 99 99 87 66 51 97 15 99 55 76 66 61 99 57 87 99 7 24 40 25 99 54 99 99 88 99 99 57 
81 99 1 28 99 33 37 99 19 99 12 0 22 54 0 40 56 25 4 44 99 87 81 99 85 73 67 48 52 99 6 57 99 67 52 99 79 13 75 99 43 76 93 66 7 75 99 91 48 19 18 76 99 99 31 52 28 99 88 99 43 79 78 19 99 12 36 28 79 93 99 
99 39 85 69 12 40 99 55 99 3 25 35 0 0 58 39 28 40 21 2 99 60 69 99 18 99 70 99 99 69 66 94 99 49 64 99 91 28 70 99 85 34 99 82 99 99 51 72 10 99 96 97 94 13 66 99 3 3 99 81 63 9 78 99 82 99 64 79 25 96 99 
61 46 4 99 24 90 4 82 99 99 15 14 1 0 14 12 65 15 43 42 99 33 99 99 99 96 99 16 22 58 94 16 99 46 99 10 67 48 22 99 60 31 10 69 99 99 42 66 19 99 15 42 99 12 66 43 73 19 79 57 72 99 9 60 99 79 99 84 52 82 99 
13 90 34 21 99 60 43 99 94 39 3 2 31 2 0 24 39 3 33 0 97 63 25 99 99 46 99 9 81 25 99 43 60 9 99 21 99 30 45 69 84 87 75 90 99 34 18 64 99 58 99 60 12 54 99 75 28 63 76 99 36 99 99 67 99 99 97 85 99 7 99 
13 1 99 54 60 99 99 99 34 76 30 46 3 48 19 0 48 63 64 26 99 4 99 99 63 19 99 51 99 57 27 48 99 19 99 18 6 99 10 79 81 16 99 91 84 99 99 99 51 58 76 82 45 99 99 33 60 58 75 42 99 99 48 70 99 99 39 99 76 90 22 
99 45 69 99 48 99 99 51 72 99 15 53 20 36 34 26 0 10 19 49 3 33 99 63 72 69 66 52 15 99 66 82 90 15 55 51 36 94 99 99 99 99 99 10 99 99 39 25 67 3 48 15 94 99 75 99 99 81 99 73 99 24 81 93 99 85 99 75 30 99 99 
33 42 24 91 79 42 99 21 48 75 42 19 65 54 28 1 57 0 1 5 85 88 99 66 99 25 99 57 33 99 33 87 28 99 91 54 99 99 99 57 6 69 48 99 99 27 99 87 99 70 99 13 48 27 99 45 87 21 67 99 79 99 76 99 49 99 99 99 3 16 16 
84 99 99 22 21 12 99 99 81 4 1 1 50 50 24 19 6 60 0 15 99 99 82 60 10 51 99 51 13 99 58 97 99 22 99 6 34 60 30 60 34 34 64 45 51 99 24 94 27 99 28 52 64 66 99 94 54 85 43 54 27 10 99 61 99 99 18 18 99 10 21 
99 24 99 21 99 99 99 99 40 10 25 3 62 65 20 18 2 63 6 0 99 84 4 99 10 99 81 85 84 16 84 99 99 24 58 6 13 93 99 43 40 57 99 60 99 16 70 99 99 99 99 99 85 99 7 99 99 91 6 82 45 99 99 99 93 76 94 99 88 91 85 
84 64 99 99 46 66 99 79 99 99 99 73 79 57 85 54 99 99 33 99 0 36 14 36 40 48 64 5 12 47 67 22 99 51 88 72 99 25 63 73 69 13 51 99 48 99 99 99 61 60 45 48 49 31 99 70 58 27 99 99 85 99 28 46 99 99 99 99 48 58 99 
84 99 57 63 6 88 93 99 34 90 34 19 81 25 18 99 22 99 13 61 6 0 52 7 14 2 27 9 50 50 79 28 51 60 73 99 57 99 40 6 76 99 84 76 64 57 99 93 67 87 99 10 61 91 9 39 15 99 46 69 99 99 81 16 93 13 99 10 99 99 75 
63 9 87 76 99 61 4 99 49 4 28 99 99 42 97 87 60 15 99 99 12 17 0 51 62 2 14 16 55 58 87 99 6 25 51 67 60 99 79 99 40 94 12 75 99 19 87 6 51 48 37 48 46 57 99 99 76 91 99 51 22 34 72 99 37 63 79 4 19 99 1 
99 64 6 99 48 13 79 3 99 3 16 96 88 75 97 99 28 99 87 58 35 38 64 0 10 56 50 62 66 0 4 99 88 21 58 99 21 12 99 99 78 99 99 90 91 99 84 36 99 94 31 76 3 48 99 24 99 37 27 54 88 99 54 99 99 72 99 25 25 99 9 
42 99 48 99 19 75 66 57 99 99 99 19 46 55 51 19 99 99 99 43 22 60 26 48 0 54 41 14 18 38 33 42 99 99 99 99 73 99 99 99 3 15 22 22 99 99 22 57 10 6 54 31 79 43 99 72 85 99 99 99 24 34 34 39 30 25 72 99 99 51 46 
55 63 99 99 12 99 13 12 21 25 99 57 99 84 55 99 99 91 91 88 28 58 2 55 0 0 60 36 56 26 7 6 34 70 46 69 99 91 81 99 46 99 99 94 99 27 99 84 43 25 12 1 43 19 76 81 85 78 75 27 25 99 40 99 82 43 21 10 99 16 99 
16 99 31 1 99 79 67 67 24 33 13 99 99 99 94 34 99 78 67 99 8 49 54 58 9 6 0 6 57 14 4 99 99 19 21 75 63 52 99 16 19 99 99 57 12 87 73 99 99 99 90 69 31 99 90 99 24 81 15 18 37 73 72 48 99 12 60 99 76 79 6 
7 4 48 4 66 76 33 69 99 78 13 82 13 4 28 1 79 99 37 99 35 60 42 51 5 13 16 0 44 63 99 99 34 73 31 43 99 67 99 99 99 9 88 88 43 99 39 31 25 57 42 37 51 99 99 99 99 99 48 1 99 99 99 6 99 24 90 99 10 91 99 
15 87 99 99 91 16 28 78 99 99 51 39 64 54 3 99 90 3 15 84 28 6 41 19 50 61 49 21 0 36 1 99 64 99 99 61 6 84 24 39 99 36 13 13 99 31 99 99 99 99 99 99 57 73 99 99 94 27 1 69 40 69 97 34 99 99 54 34 93 99 22 
99 99 64 90 99 55 25 99 36 84 78 63 97 99 94 15 99 1 40 99 12 2 30 34 42 6 58 39 61 0 42 9 36 93 37 90 34 99 16 79 76 66 36 99 97 19 75 34 99 42 99 9 10 99 78 99 99 36 99 99 42 64 99 37 81 9 96 13 70 99 85 
99 24 10 99 99 70 18 49 57 1 7 73 63 99 84 28 75 45 99 18 99 79 99 85 3 99 57 15 99 48 0 6 8 9 24 31 39 57 53 34 13 52 99 22 22 61 19 99 99 1 19 16 69 13 30 99 99 99 91 30 75 1 99 64 81 93 31 61 24 33 94 
90 36 99 63 99 36 91 99 7 43 25 12 7 9 99 99 54 99 99 99 27 99 33 99 99 99 99 61 85 99 60 0 44 7 48 60 22 37 56 46 69 99 76 30 15 99 27 73 37 72 99 79 99 99 46 12 99 42 99 46 18 99 99 54 10 99 64 33 99 81 30 
85 99 21 66 84 31 61 99 94 55 22 63 99 60 15 16 99 88 4 66 81 60 63 99 99 60 34 97 46 28 16 18 0 2 2 58 20 29 1 20 99 33 85 22 75 18 84 22 3 66 61 81 99 31 60 39 21 22 27 67 1 78 75 54 43 99 60 3 88 18 52 
99 10 88 85 10 99 33 99 70 6 99 90 37 99 99 99 84 99 33 25 99 99 99 55 66 99 30 78 99 58 28 35 57 0 24 23 4 60 64 54 19 81 37 1 99 36 57 99 4 84 45 6 28 42 99 99 46 36 64 99 99 33 10 9 88 99 55 99 18 99 76 
42 99 18 48 99 84 99 10 55 45 99 94 4 1 99 49 99 54 21 70 88 81 96 72 99 9 67 99 79 75 10 18 57 4 0 30 14 36 25 62 90 31 99 87 33 28 99 88 54 42 7 13 94 99 24 99 81 18 99 99 25 76 40 99 9 99 99 99 13 87 18 
99 99 99 99 67 99 16 33 99 33 76 78 25 7 99 99 99 22 99 99 72 51 45 4 67 99 81 10 4 57 27 62 39 45 66 0 12 55 50 55 99 91 67 25 18 84 49 78 99 66 99 36 22 40 99 99 99 18 99 7 99 40 99 99 36 99 99 37 42 99 60 
99 99 99 21 99 78 99 31 4 99 6 31 30 99 45 46 85 45 99 64 75 78 19 64 45 10 99 99 64 18 20 2 44 53 10 30 0 40 14 9 99 6 45 99 99 10 58 99 99 46 36 34 99 78 54 36 9 99 99 99 99 4 99 99 96 72 40 99 24 9 99 
99 27 99 6 6 99 99 76 22 99 57 21 57 99 99 12 99 52 99 90 99 81 67 54 96 76 99 63 84 99 60 4 22 21 60 7 12 0 21 57 99 85 69 15 99 69 64 46 99 30 99 99 99 10 99 21 99 90 99 22 75 51 46 99 94 99 85 25 99 99 16 
33 99 97 55 7 99 1 99 99 99 99 99 58 99 46 99 99 46 85 64 99 99 88 24 70 61 96 22 99 73 58 37 8 52 36 27 34 59 0 26 99 51 99 24 37 99 55 55 7 54 99 42 31 24 42 43 39 31 7 67 99 24 54 99 22 99 99 79 57 18 82 
69 78 99 99 42 1 99 25 21 75 99 64 70 99 67 91 19 33 55 45 88 42 99 28 99 61 96 63 43 67 56 2 38 61 18 10 42 44 21 0 3 99 9 99 99 27 46 31 69 73 18 99 63 15 99 99 19 99 7 63 52 73 99 9 66 28 16 55 13 39 22 
16 88 99 70 69 99 69 97 81 15 40 99 99 99 97 99 49 64 45 99 99 82 87 99 99 99 96 99 58 37 7 63 15 99 99 45 33 99 3 99 0 20 18 44 46 0 52 7 54 2 72 99 15 87 99 21 99 19 88 99 64 15 1 99 88 75 99 99 99 46 81 
99 70 48 99 82 99 27 93 72 99 99 18 99 99 37 63 75 10 33 61 99 99 84 99 18 99 19 24 49 6 99 99 99 99 54 91 99 87 63 99 22 0 19 64 32 60 10 18 63 65 79 36 87 88 99 15 48 99 99 48 99 36 84 46 40 99 39 27 72 99 97 
85 88 99 99 96 58 10 84 99 99 22 78 99 84 81 99 24 61 99 13 99 99 70 6 99 99 57 1 4 30 99 99 99 99 60 99 3 99 66 67 34 0 0 2 34 47 62 39 40 36 99 60 99 72 99 94 81 87 99 99 99 1 10 30 99 34 99 99 52 99 99 
70 82 99 99 67 99 28 12 54 99 99 99 85 99 69 25 81 42 85 63 61 99 99 66 85 1 91 99 43 73 66 3 45 76 99 85 57 42 90 48 46 42 34 0 32 0 3 49 64 54 93 97 99 12 79 99 9 10 99 99 99 10 16 99 4 6 99 52 1 88 99 
40 34 40 67 9 37 99 46 99 99 99 72 46 57 94 46 99 6 49 34 99 69 52 7 99 99 51 99 99 99 12 27 28 13 99 79 1 99 63 99 58 54 22 64 0 2 14 53 50 25 22 99 58 37 84 73 99 48 88 19 99 51 79 48 57 46 78 97 99 99 3 
82 15 84 25 7 99 99 6 76 55 99 93 94 96 99 46 61 84 6 67 61 21 22 99 99 76 30 4 67 39 18 99 99 99 16 99 99 22 99 99 6 64 34 31 50 0 56 2 26 54 45 99 99 81 40 99 4 99 34 99 99 99 99 99 48 57 9 99 37 99 13 
99 94 15 52 34 64 19 70 24 79 99 52 10 78 99 99 24 61 82 16 67 99 4 99 97 91 24 99 96 7 27 88 72 99 49 99 99 1 34 52 6 24 26 10 20 25 0 33 40 54 9 4 96 12 99 60 7 99 64 99 3 87 36 16 99 99 99 99 31 76 10 
90 99 93 99 84 99 12 99 43 99 79 99 81 52 99 27 96 46 64 42 99 51 36 79 1 67 28 58 15 18 93 13 28 31 31 99 51 87 28 39 16 51 27 39 48 58 4 0 13 48 72 19 45 91 99 99 69 63 99 24 79 33 99 7 70 93 88 45 78 15 36 
97 33 99 45 22 60 10 1 55 6 70 76 25 96 99 57 99 36 45 78 99 99 88 99 99 70 66 99 60 18 4 99 99 93 99 3 72 99 36 48 61 62 64 32 6 7 47 38 0 8 54 4 99 49 9 99 99 40 93 85 99 99 99 48 45 99 72 64 7 12 30 
99 84 19 34 99 99 21 99 99 91 12 99 52 31 54 97 99 30 90 75 99 99 99 81 99 4 7 28 99 42 99 99 81 37 21 70 99 19 36 15 34 63 57 23 26 46 27 11 44 0 99 10 99 97 48 73 13 3 99 1 99 28 99 99 57 82 99 99 6 75 1 
67 51 99 99 82 99 39 99 99 99 22 31 55 43 61 99 99 87 99 66 30 99 99 30 99 99 31 36 39 93 99 42 97 99 70 99 99 36 99 99 99 99 16 99 64 24 99 10 99 99 0 31 49 15 40 16 6 31 36 48 99 54 73 25 99 61 12 36 99 69 10 
96 99 31 52 48 99 27 99 99 37 99 99 55 99 61 99 99 33 99 99 87 69 99 6 99 24 99 84 49 24 40 40 99 1 99 30 54 42 99 75 99 99 57 63 90 25 94 39 99 19 22 0 40 41 2 8 40 56 10 6 13 99 99 58 28 99 34 99 99 99 27 
99 22 3 99 33 91 82 97 99 99 79 40 72 66 40 49 66 22 76 99 99 99 25 48 87 99 13 21 33 28 48 99 87 15 99 87 99 99 67 57 27 33 63 43 6 99 99 48 97 99 64 66 0 39 61 7 23 28 64 63 18 99 85 99 51 99 97 99 99 33 99 
19 54 99 99 99 1 72 36 10 21 27 99 12 42 70 99 66 99 43 99 84 99 13 99 25 99 88 99 52 99 99 27 87 85 99 33 87 52 99 87 43 78 57 99 13 99 99 99 24 99 48 52 64 0 49 42 33 45 62 12 96 13 76 99 63 99 36 99 99 99 96 
13 99 99 64 99 55 99 24 64 99 54 57 58 79 99 45 4 1 13 54 34 99 99 15 91 61 99 6 3 55 69 99 4 43 12 99 99 85 22 99 55 39 94 72 15 61 37 99 99 99 25 28 36 48 0 40 30 4 46 30 99 99 27 99 28 13 37 90 63 73 99 
3 69 75 99 79 75 99 99 15 99 88 19 76 72 25 52 31 45 99 99 91 61 27 99 76 13 55 99 60 99 99 99 37 3 30 79 18 60 99 99 13 45 28 67 67 96 55 99 72 69 28 6 48 36 36 0 4 64 59 20 99 15 99 45 99 39 34 58 99 55 34 
48 87 18 99 99 79 85 60 99 99 60 99 99 99 97 99 25 61 99 34 94 9 6 10 72 61 49 49 52 64 79 52 99 48 94 96 10 37 64 99 61 99 73 99 52 55 99 13 99 87 11 48 8 12 40 28 0 54 41 5 79 7 85 66 31 6 52 91 99 99 64 
99 99 15 54 99 99 15 43 25 10 94 87 99 45 54 19 97 87 99 84 99 73 24 99 99 99 76 58 19 99 7 84 57 85 84 42 37 91 99 6 21 67 99 16 39 99 99 57 54 60 58 0 66 65 13 10 30 0 32 17 99 99 61 70 99 76 97 39 99 39 9 
99 52 39 99 78 99 99 99 79 99 78 30 99 99 51 94 99 73 99 99 75 67 58 48 46 16 99 37 99 1 40 99 66 45 90 61 96 34 78 37 18 51 90 42 99 99 7 91 57 60 4 34 60 34 66 29 61 64 0 0 16 99 61 99 99 99 16 43 4 88 99 
79 84 99 81 12 31 40 49 46 99 43 99 22 31 61 61 75 99 99 99 76 99 37 99 99 99 99 99 99 25 99 12 99 63 87 97 60 45 99 42 99 10 24 99 90 79 82 40 99 99 12 28 1 52 39 6 56 20 26 0 12 99 99 40 99 99 4 85 81 99 99 
9 25 42 15 99 42 34 99 99 99 99 99 97 99 90 93 43 63 73 37 90 40 99 1 99 25 99 93 99 49 24 99 88 25 78 34 69 99 1 66 30 10 99 79 99 73 36 7 13 99 78 88 40 3 55 99 99 48 99 24 0 4 15 35 8 22 24 61 40 11 93 
66 7 79 19 75 99 36 94 55 19 91 21 84 48 55 99 99 51 58 99 21 99 99 84 99 99 99 99 60 99 88 99 99 46 78 99 99 99 99 70 49 99 16 18 99 81 58 99 76 85 99 6 96 99 67 73 36 94 94 99 44 0 10 44 4 47 13 20 46 27 90 
42 40 99 99 99 99 84 99 99 99 96 93 99 48 33 99 28 33 3 21 12 99 99 27 99 99 99 25 31 42 78 99 99 64 99 99 85 36 99 45 93 99 63 67 67 61 7 12 99 99 99 4 99 31 1 69 70 15 99 64 29 8 0 54 62 22 52 31 60 26 54 
99 39 99 57 33 66 15 24 82 21 97 99 34 88 48 51 76 69 99 99 99 39 81 93 13 54 70 54 27 3 66 99 45 99 46 19 87 37 99 69 43 99 76 10 99 64 27 99 94 78 99 76 28 43 81 99 6 99 99 48 11 46 18 0 55 6 48 24 52 12 99 
94 13 97 90 91 88 73 33 69 60 25 45 99 63 40 28 46 99 25 49 22 99 9 52 66 7 22 12 87 46 57 45 75 99 99 49 67 54 49 99 99 75 33 69 99 7 43 34 48 30 84 99 34 99 99 40 99 72 46 4 41 28 53 18 0 50 34 16 55 20 84 
87 15 99 19 66 76 18 72 99 99 21 99 99 99 99 99 28 40 22 99 99 81 51 99 99 69 28 52 33 39 99 3 3 51 99 12 49 82 58 58 99 88 75 70 67 3 43 40 99 99 64 70 87 18 99 81 99 99 52 99 47 34 6 46 32 0 29 48 46 25 99 
99 99 99 81 99 60 57 28 33 1 99 99 55 33 42 99 73 99 3 90 57 12 43 67 97 3 37 82 82 99 39 18 99 30 99 99 33 99 99 19 99 24 99 10 88 94 97 99 99 99 99 58 15 93 99 60 25 36 28 34 35 58 18 30 48 27 0 16 51 50 99 
99 99 22 10 48 99 55 55 81 9 57 99 12 99 93 48 7 69 12 12 55 99 99 99 97 82 60 84 3 15 99 99 99 99 99 61 42 43 27 4 99 25 99 93 99 51 99 99 33 48 48 81 99 81 22 99 91 81 99 4 21 23 59 1 60 40 25 0 61 40 15 
99 19 52 52 99 25 10 84 15 45 39 99 99 99 90 99 99 54 52 46 94 99 99 99 42 75 28 58 54 99 66 12 99 99 99 99 22 99 99 13 76 21 43 99 78 9 4 58 76 90 7 99 99 64 99 99 19 22 99 61 54 19 50 29 32 40 10 36 0 54 12 
46 96 99 66 99 37 99 94 99 99 24 72 99 84 1 96 99 99 57 15 6 22 99 57 91 99 99 99 99 99 99 37 13 51 61 46 15 79 73 10 39 99 48 87 6 99 37 6 88 70 16 99 94 30 16 99 99 99 52 73 66 7 30 45 58 1 44 12 36 0 36 
99 84 90 87 31 88 49 19 3 96 58 22 57 1 99 96 6 4 99 21 24 12 99 18 99 22 58 99 73 99 66 99 60 27 30 87 84 99 88 37 99 96 99 99 93 99 9 25 99 99 99 99 82 58 99 99 70 48 99 99 24 49 34 67 99 64 99 99 75 67 0 
