n: 70
m: 10
Pi:U[1-99] 96 66 15 93 81 16 25 68 70 33 27 51 74 50 93 89 42 64 24 97 92 37 20 46 41 1 18 15 64 99 36 49 38 73 83 89 9 35 84 21 34 13 98 18 66 15 17 8 74 55 39 10 27 29 76 59 33 7 81 25 88 45 38 8 29 22 9 66 40 49 
Si:U[1-99]
0 31 46 11 4 65 56 64 55 32 99 79 99 43 13 99 36 99 99 18 69 76 99 66 42 54 4 22 73 6 79 99 99 99 34 99 99 27 99 99 60 99 66 72 10 4 72 99 15 3 31 73 58 99 27 99 66 9 61 99 99 21 99 55 34 31 15 34 63 16 15 
15 0 46 54 51 31 48 6 52 21 21 99 99 9 40 34 9 99 79 99 99 19 90 79 75 79 99 99 36 99 75 99 99 28 31 99 64 99 49 42 99 7 99 76 18 31 45 40 99 99 45 99 7 82 99 99 73 81 99 7 96 99 99 30 99 99 99 9 91 64 90 
60 20 0 47 38 32 30 54 24 30 49 33 99 10 54 36 37 99 99 63 55 93 21 64 87 99 4 99 58 99 22 64 99 64 15 99 75 6 78 99 99 99 99 99 46 99 39 99 16 52 99 61 34 72 75 99 99 99 99 99 94 60 84 90 69 79 99 19 72 90 18 
38 48 55 0 12 59 12 28 62 56 99 10 84 69 99 78 79 97 6 55 24 64 70 99 48 99 3 79 49 24 99 99 79 99 57 28 36 48 15 85 99 67 81 99 99 87 67 6 99 43 84 3 48 94 99 60 96 93 28 39 78 33 31 99 93 52 99 99 87 39 99 
38 24 36 6 0 19 5 56 41 52 99 75 64 96 75 64 21 99 76 54 3 31 82 94 43 69 99 33 99 72 99 57 99 43 15 43 67 99 24 1 99 96 21 99 99 30 24 16 88 57 82 61 93 4 73 66 99 99 61 64 99 24 70 99 72 99 90 99 73 91 75 
30 48 39 40 44 0 48 54 64 63 28 51 90 81 90 84 99 99 99 31 99 16 9 1 51 30 99 21 99 99 99 7 99 75 82 97 99 10 10 99 67 58 99 99 31 34 43 99 99 94 9 28 99 99 30 58 99 81 73 13 21 99 42 99 18 99 99 99 45 40 63 
4 64 14 34 48 46 0 8 28 26 67 30 99 99 99 79 97 25 99 30 30 99 33 52 84 19 93 99 36 70 46 19 13 72 45 12 99 99 39 66 19 99 69 39 82 70 34 99 99 19 76 99 69 24 99 72 99 93 99 10 99 99 9 99 22 6 40 70 99 99 58 
5 25 57 31 0 12 46 0 21 1 90 99 99 25 85 49 30 99 48 99 99 99 49 69 69 67 84 99 69 99 64 37 99 69 12 51 99 81 31 99 99 73 54 42 99 99 79 91 45 87 99 19 31 43 99 84 90 6 99 99 18 99 61 75 90 99 3 99 94 36 78 
13 26 20 61 15 35 6 64 0 11 24 42 99 99 99 99 99 31 90 39 99 96 99 27 99 63 19 99 13 99 93 49 75 46 99 18 12 69 67 82 75 7 45 99 99 82 99 30 99 1 99 67 82 88 90 72 61 10 73 43 72 46 99 27 99 67 24 91 99 82 51 
1 20 55 22 50 20 14 54 9 0 94 51 13 42 73 4 99 55 46 99 81 69 43 34 16 96 99 57 45 85 99 99 99 18 99 99 34 36 4 99 31 99 30 99 99 21 93 55 99 99 45 61 16 43 99 37 21 49 52 37 99 51 99 61 97 99 49 19 33 49 70 
33 3 99 99 30 12 87 99 61 99 0 41 3 2 20 20 5 12 17 23 46 69 34 99 7 28 13 30 54 25 19 16 99 49 99 99 57 61 69 99 63 82 16 7 99 99 49 18 34 87 81 99 24 99 99 45 97 70 87 85 72 87 27 99 99 99 4 73 51 70 43 
94 16 25 99 69 99 72 99 22 81 66 0 57 32 26 26 30 20 32 12 99 88 88 99 99 42 6 57 99 37 45 99 48 99 54 99 99 51 85 79 99 87 99 61 22 99 99 99 72 85 24 85 1 99 91 4 19 99 99 99 99 6 99 30 49 99 70 70 66 52 3 
99 99 99 79 99 93 99 99 70 99 34 23 0 3 58 58 57 52 18 5 99 99 52 19 87 37 22 67 99 99 99 99 57 99 99 84 99 82 91 48 33 99 99 18 1 85 22 99 99 16 99 12 99 60 99 54 85 99 99 99 99 99 18 67 99 93 97 37 37 51 30 
21 99 94 99 99 84 72 81 9 76 38 2 22 0 50 31 36 40 23 7 13 15 76 31 76 99 99 15 93 99 45 94 99 4 85 88 39 48 78 22 18 99 55 81 99 99 52 70 30 99 99 99 76 3 3 4 90 19 70 21 30 19 99 96 64 75 81 99 99 94 99 
87 61 63 54 99 76 63 3 30 93 33 13 11 53 0 24 43 35 48 54 99 28 76 64 30 21 22 99 30 78 85 3 54 40 76 43 99 31 10 67 99 99 99 31 12 64 67 87 99 42 36 99 52 7 99 99 22 99 99 99 99 99 27 99 82 24 90 69 42 12 99 
61 99 25 33 43 99 54 73 99 99 56 26 37 21 8 0 40 4 42 49 31 15 99 99 40 99 99 99 69 99 99 37 93 99 99 99 21 66 51 22 3 72 93 67 4 99 58 99 64 99 97 36 48 25 13 7 84 60 99 99 99 25 99 21 99 28 66 96 99 33 99 
99 99 99 99 87 99 33 99 76 43 28 30 53 10 60 38 0 49 39 32 40 99 99 37 99 99 82 1 61 99 21 40 91 15 99 49 99 10 99 90 85 27 4 16 99 40 36 63 48 99 49 37 94 51 45 75 7 30 99 99 69 99 73 99 70 99 52 67 81 19 99 
3 99 49 42 67 99 36 99 99 99 11 3 28 25 25 38 8 0 64 21 99 99 99 12 54 30 36 99 13 30 99 84 81 28 99 91 46 19 43 72 99 4 6 99 61 16 99 22 70 45 99 99 7 99 15 19 93 85 13 99 42 96 99 49 99 61 99 99 99 34 99 
99 40 99 99 49 94 99 85 46 36 10 1 43 45 18 45 24 52 0 52 19 28 27 99 15 73 99 1 99 99 99 10 67 43 99 79 88 69 99 10 15 10 99 10 76 85 12 51 81 52 99 27 99 58 99 72 16 99 4 99 66 42 63 22 72 55 99 99 3 76 82 
39 99 99 63 4 81 99 99 54 48 58 48 58 40 24 19 16 4 52 0 87 79 87 7 93 54 99 99 25 25 99 99 99 16 15 54 57 99 24 48 82 99 12 72 99 40 99 58 81 4 75 33 99 1 75 99 99 99 66 99 19 46 3 1 99 99 99 84 30 99 45 
99 45 18 99 85 82 28 64 57 58 16 51 13 99 99 99 90 6 99 94 0 8 51 29 23 64 10 54 6 14 1 24 99 99 66 57 36 79 12 3 40 9 12 88 99 99 79 19 99 15 99 99 7 43 99 70 99 67 1 21 99 57 99 99 99 99 99 99 16 9 36 
90 99 16 7 28 34 93 78 55 99 81 60 40 18 99 75 99 99 96 97 38 0 11 30 3 63 22 32 55 40 40 67 33 84 48 97 99 28 99 36 1 27 99 51 99 42 36 99 87 85 82 60 51 66 37 99 99 78 48 48 66 99 99 13 6 99 4 60 34 99 99 
57 88 81 99 90 13 99 51 99 99 60 99 99 46 51 7 58 48 42 19 56 60 0 6 35 56 56 62 60 56 96 85 54 76 97 54 4 99 99 99 54 99 6 97 87 99 99 19 99 69 57 99 27 94 99 99 21 99 99 49 9 10 87 33 99 55 28 45 84 99 93 
54 99 99 37 30 90 30 42 27 12 99 57 99 52 99 7 99 96 7 99 20 23 18 0 23 47 59 39 42 0 99 51 99 25 99 22 31 6 99 24 99 99 99 78 67 69 99 61 9 7 61 37 1 99 66 99 12 73 99 19 51 66 99 24 90 88 54 25 49 19 30 
4 96 99 99 99 99 99 45 99 61 12 99 48 60 99 91 99 99 61 37 19 28 46 63 0 29 14 39 2 65 90 99 79 18 99 45 40 99 76 99 82 81 81 99 28 99 81 37 60 99 99 75 75 64 57 84 4 99 99 99 12 54 99 16 99 94 37 43 64 39 99 
12 64 31 99 19 88 4 99 73 3 99 55 99 99 13 99 27 81 99 99 33 55 54 25 64 0 32 4 46 10 99 66 81 99 99 82 4 99 70 16 99 40 37 99 99 34 22 76 1 99 9 45 1 6 99 13 99 57 48 34 9 28 30 64 97 99 99 18 99 16 69 
78 85 6 97 4 40 24 99 4 99 15 36 18 76 10 51 22 25 55 46 61 38 44 64 20 8 0 24 42 7 63 24 43 99 96 99 99 16 99 10 88 99 22 76 99 16 40 99 30 99 27 45 99 73 99 99 22 99 99 79 30 99 99 42 94 67 94 84 97 79 27 
28 99 4 99 72 81 7 99 96 36 87 99 84 99 21 99 28 78 94 49 2 38 26 31 17 58 26 0 4 4 99 10 27 66 99 99 25 85 99 99 34 9 99 37 36 16 67 99 48 99 4 45 99 27 99 34 81 28 90 73 88 43 99 60 30 19 99 99 99 45 99 
72 19 37 7 99 91 99 54 64 13 51 73 18 69 43 37 99 1 3 43 38 24 2 20 55 54 24 6 0 8 99 82 45 7 45 10 24 67 99 94 13 99 90 87 51 99 99 1 48 10 27 99 79 82 79 22 6 85 99 49 18 99 1 99 99 33 51 99 58 99 61 
99 88 57 63 28 79 99 99 64 34 99 16 46 99 24 73 99 21 99 79 36 22 44 29 7 2 50 16 24 0 90 18 75 99 54 97 55 99 19 4 6 88 12 16 84 99 64 99 52 99 58 99 52 91 60 45 99 70 90 57 99 84 85 61 99 46 36 99 91 99 10 
69 43 55 99 16 9 99 97 85 99 21 27 7 34 30 94 99 58 85 61 4 18 84 49 48 45 99 99 66 69 0 54 40 14 7 55 10 1 55 24 31 6 18 99 39 15 99 4 40 10 99 40 36 85 99 96 16 34 33 99 99 30 33 96 36 99 99 99 88 99 33 
99 57 19 58 63 99 21 99 76 70 55 9 37 16 91 64 99 3 33 3 61 19 99 90 99 70 58 25 67 51 40 0 28 20 62 20 22 37 28 59 12 99 9 99 87 99 28 63 10 99 4 36 37 99 75 99 51 93 99 46 39 18 99 22 99 99 36 54 36 99 99 
43 93 75 99 49 99 99 34 99 99 79 15 79 99 1 99 73 28 85 10 63 64 7 99 52 93 99 40 99 48 62 61 0 27 27 28 42 62 5 4 43 90 99 45 81 94 94 99 85 15 9 99 99 16 27 18 99 99 15 48 12 34 75 72 85 27 99 78 36 81 1 
88 31 99 82 99 10 99 99 75 99 19 79 9 21 58 99 16 99 99 99 33 66 48 43 31 19 46 84 72 60 52 40 18 0 62 7 7 30 62 35 18 31 27 63 21 15 99 46 19 99 85 30 58 21 99 99 99 28 52 99 18 48 42 99 99 33 91 75 3 39 40 
99 19 99 99 99 99 30 43 99 36 90 99 97 78 45 55 99 19 90 37 37 30 39 39 25 85 99 99 58 55 38 38 46 61 0 22 9 56 52 35 99 99 99 99 85 85 78 18 52 49 99 99 27 99 60 34 91 99 99 55 99 99 69 48 72 99 66 99 99 12 1 
88 54 99 10 46 99 99 99 99 99 34 99 6 99 99 69 75 76 24 28 99 99 9 99 54 99 22 99 37 54 54 62 58 61 63 0 52 52 43 41 99 15 1 88 99 91 99 99 99 21 22 70 43 99 99 55 99 18 15 99 12 10 99 99 22 96 15 99 61 99 19 
4 99 99 7 37 99 39 12 60 78 99 21 93 99 99 99 99 99 88 99 99 78 49 79 99 99 99 99 28 93 36 65 30 32 40 62 0 16 22 38 82 93 40 99 1 52 52 1 99 99 94 15 99 99 94 54 99 13 15 16 97 25 99 30 10 76 99 79 99 75 54 
61 81 99 99 81 30 9 99 72 25 99 12 91 78 99 99 99 60 81 99 99 4 57 61 99 70 58 99 30 99 1 10 36 14 49 20 23 0 6 14 4 21 4 97 63 91 24 52 99 13 99 70 28 99 99 99 99 99 33 69 99 99 43 84 81 99 19 54 99 27 61 
15 81 99 99 54 99 94 3 99 61 99 99 6 24 99 7 27 99 45 25 99 79 24 1 21 55 30 52 94 99 8 13 6 34 53 50 19 6 0 12 85 37 18 82 31 10 99 22 99 99 99 25 25 99 85 84 12 99 15 3 96 30 45 76 99 12 99 99 91 36 99 
99 99 9 37 99 61 69 22 99 69 54 99 99 16 99 99 99 99 48 99 51 15 99 73 4 60 99 40 99 10 42 58 3 12 28 45 7 60 31 0 45 9 99 99 72 33 76 49 99 99 60 21 6 43 94 57 48 54 39 99 16 99 99 99 99 82 79 70 19 48 99 
99 99 63 99 46 99 9 99 30 79 1 99 63 99 99 15 63 99 39 93 18 99 99 60 99 99 6 57 99 78 99 34 21 88 58 9 99 99 16 96 0 48 55 38 42 15 9 29 16 60 99 15 55 55 99 99 99 60 99 25 99 99 6 99 99 99 96 99 42 99 55 
69 82 99 51 34 36 37 93 72 28 43 99 99 43 42 60 99 99 78 76 63 46 73 54 96 99 40 99 43 99 99 42 31 70 33 99 60 99 99 99 62 0 28 2 46 36 51 24 60 25 99 99 66 99 99 67 28 6 73 99 34 72 96 99 99 91 99 99 99 67 99 
31 78 61 99 99 39 99 45 99 1 99 99 99 99 1 99 99 22 99 31 99 28 4 99 28 99 69 55 69 15 25 99 99 9 99 99 99 97 19 99 28 3 0 7 51 12 24 64 45 24 49 85 84 19 15 7 66 99 99 13 31 90 55 99 63 99 99 3 88 99 79 
69 49 91 81 99 24 96 64 25 99 99 99 7 48 99 99 99 99 99 58 34 99 99 99 99 99 99 15 99 99 99 13 99 25 97 4 33 51 43 97 6 45 23 0 2 24 58 26 30 6 99 75 49 49 33 67 99 60 55 49 88 99 70 49 99 99 61 73 21 25 42 
9 51 73 4 99 1 99 61 99 88 37 97 15 91 99 51 28 46 39 58 15 10 15 97 12 21 87 99 61 99 99 51 4 81 58 13 13 19 67 1 54 64 33 10 0 61 14 30 8 56 99 75 91 99 9 6 28 66 87 33 99 12 76 99 99 99 99 18 99 55 66 
99 55 60 99 99 31 99 24 99 46 54 99 99 99 97 31 37 28 99 99 10 99 51 36 99 99 67 99 99 25 45 96 51 99 99 33 93 87 99 63 36 62 30 16 58 0 46 36 30 60 99 99 97 64 36 37 99 81 46 3 55 81 99 79 99 4 99 37 85 99 1 
82 99 3 90 99 10 99 3 79 99 28 78 99 36 76 99 39 30 78 99 36 90 39 40 76 12 85 46 93 99 99 76 54 12 94 91 87 12 99 61 17 47 4 42 52 26 0 58 60 66 1 99 22 99 84 27 76 33 31 64 55 27 57 42 81 99 91 85 99 48 75 
67 52 18 10 21 99 28 75 99 99 99 15 97 82 99 39 84 33 99 51 75 99 99 46 33 85 99 45 84 28 91 24 97 70 99 97 84 55 49 55 8 64 34 13 23 1 49 0 43 32 90 73 9 99 99 55 16 39 51 49 85 19 82 78 28 55 64 75 99 36 52 
16 34 99 30 99 7 36 51 3 40 78 96 99 99 9 12 28 49 82 58 64 24 99 99 99 24 9 40 90 22 99 84 99 3 99 4 99 99 84 81 16 8 52 7 36 37 51 34 0 5 94 69 42 33 99 99 30 91 55 99 99 63 99 99 99 37 43 99 99 99 6 
99 99 99 78 99 51 99 30 99 78 76 19 91 7 97 85 61 75 82 61 99 94 85 4 12 9 99 99 46 10 99 13 34 73 82 34 25 99 99 87 46 36 49 55 16 14 50 65 40 0 40 4 99 1 70 28 84 37 60 99 10 60 37 33 51 82 28 12 18 99 43 
3 99 99 99 79 61 99 28 33 99 7 93 73 88 51 52 67 93 99 63 18 99 99 99 49 99 99 25 67 81 99 99 99 16 99 88 36 72 39 99 27 7 40 34 72 96 4 45 85 99 0 7 33 52 7 39 8 55 30 33 99 99 18 61 99 67 99 88 3 99 99 
99 85 34 99 12 63 91 99 57 25 10 99 73 99 51 64 99 73 7 99 57 24 39 75 61 3 99 99 4 99 73 15 70 84 99 43 10 97 99 55 33 10 54 75 24 84 78 58 99 99 19 0 8 14 25 66 58 12 7 63 19 82 33 4 81 99 55 99 99 99 99 
99 40 99 13 99 43 45 99 99 99 99 31 97 85 57 99 93 99 13 60 48 82 64 4 27 99 21 99 43 99 75 72 99 49 42 46 28 43 33 64 93 99 99 63 76 72 28 99 51 99 66 59 0 18 58 13 46 22 32 42 99 99 99 99 99 99 31 99 63 34 73 
99 60 12 22 12 18 52 60 99 99 99 39 7 55 63 99 99 99 84 99 99 82 57 51 99 22 55 4 63 99 99 99 72 99 30 99 48 99 99 19 13 99 40 99 48 84 99 99 42 6 37 16 14 0 14 57 3 6 24 29 76 24 54 16 52 61 42 54 9 99 58 
99 30 43 82 67 99 67 78 99 99 99 99 48 45 78 99 72 94 27 15 58 99 40 99 63 99 99 99 99 7 70 37 9 76 45 40 96 99 99 36 84 36 10 99 99 39 4 13 48 88 34 54 8 34 0 44 46 52 28 45 99 30 99 60 97 99 85 84 22 3 93 
51 13 12 99 99 99 64 4 12 64 99 99 33 99 99 63 96 99 90 13 88 99 99 99 70 93 48 96 22 94 57 99 18 43 6 49 99 52 72 99 99 99 9 90 40 39 99 97 48 81 18 63 40 56 53 0 8 57 36 18 58 31 88 13 76 22 99 99 12 73 97 
13 99 69 99 37 99 99 99 70 3 13 93 99 4 4 36 99 48 99 36 99 13 93 99 52 25 63 55 45 96 99 48 61 64 99 28 19 99 4 22 24 73 82 61 99 99 99 99 60 54 61 2 58 18 58 18 0 1 19 34 15 78 99 97 13 66 6 99 66 33 99 
99 99 34 19 99 46 99 22 9 30 61 72 99 94 51 27 34 45 99 3 94 57 49 96 99 3 25 9 52 99 99 48 73 15 6 99 99 25 25 99 40 63 99 36 30 99 70 99 99 55 38 8 38 54 42 1 24 0 16 9 34 42 31 99 60 99 99 72 18 31 55 
52 7 99 70 25 99 7 39 76 99 99 39 30 42 39 1 48 99 45 93 19 82 75 79 72 61 43 52 99 99 25 99 88 57 36 4 12 31 70 73 99 63 81 99 99 99 99 99 93 99 52 53 24 46 26 58 2 14 0 14 40 57 67 51 36 99 57 99 99 61 99 
99 34 16 99 99 99 99 99 73 85 75 64 99 42 40 30 54 99 52 84 99 88 30 33 87 97 99 99 99 99 21 99 99 61 34 76 31 19 72 69 99 3 27 82 37 67 15 55 93 99 38 30 32 49 38 50 22 59 61 0 28 99 90 99 99 99 99 91 99 85 99 
88 6 64 99 99 12 69 75 90 99 81 27 49 55 46 99 24 69 42 66 99 99 99 7 94 37 94 99 46 99 4 99 66 99 21 99 67 99 42 70 76 79 40 99 85 99 94 67 69 27 97 99 99 24 18 57 99 15 94 99 0 16 52 48 51 60 16 10 4 42 99 
99 57 25 1 99 87 12 85 99 22 43 27 27 91 88 97 99 42 58 40 99 15 99 43 99 19 99 99 31 13 72 99 93 18 24 99 99 27 99 99 42 25 99 78 66 27 16 99 88 99 63 46 7 30 39 99 99 99 51 88 25 0 66 45 38 4 51 10 41 0 99 
16 87 99 12 99 22 99 36 12 88 76 1 99 94 99 99 90 70 67 54 57 87 99 4 69 16 99 99 99 3 99 9 27 58 12 18 66 99 13 99 31 99 34 10 84 21 99 9 99 99 10 70 39 99 21 88 21 18 63 22 16 38 0 24 42 20 65 20 50 58 40 
99 45 25 72 6 39 96 27 96 99 31 99 88 13 9 15 52 45 99 99 75 99 75 54 27 99 25 99 99 99 99 57 91 96 99 99 67 9 28 97 99 99 99 31 94 99 99 99 99 24 94 88 67 91 43 99 60 99 96 46 42 26 39 0 44 15 43 55 56 59 87 
1 43 6 76 40 63 42 87 52 99 99 16 40 22 99 61 99 93 99 72 40 99 88 30 99 12 99 99 19 4 79 60 30 40 42 63 81 99 99 99 52 99 99 99 75 70 31 52 99 91 81 88 99 58 99 72 99 81 99 58 48 58 38 58 0 40 40 33 38 18 78 
94 84 87 99 49 99 82 18 27 54 3 7 42 28 33 69 42 96 64 99 99 99 99 61 63 99 6 1 99 57 15 25 73 97 75 3 99 64 43 36 76 90 51 99 87 61 7 97 46 99 87 27 55 99 57 10 85 46 99 99 2 57 9 58 0 0 62 54 5 55 91 
55 15 10 99 99 82 99 99 78 28 97 42 66 85 99 55 99 99 3 33 10 99 99 67 99 3 13 96 19 66 43 99 51 31 37 96 99 25 99 6 58 99 40 76 3 99 99 99 48 99 85 52 39 99 27 60 51 78 25 58 26 0 24 42 52 22 0 26 16 17 60 
82 40 63 63 99 42 15 39 99 99 61 21 82 99 67 58 99 99 12 99 97 63 99 3 52 99 52 33 19 99 99 31 99 99 75 28 10 66 99 90 48 46 37 99 99 39 99 93 99 46 18 54 99 99 99 12 99 99 70 49 34 52 4 23 8 60 38 0 0 11 16 
99 94 87 72 43 76 99 99 33 99 94 64 79 99 27 99 18 96 99 3 75 51 99 15 99 79 34 60 99 25 99 76 99 99 64 99 96 93 99 99 52 99 76 99 19 85 90 99 28 40 99 79 99 24 24 99 99 99 99 10 61 15 54 62 33 30 50 51 0 64 51 
28 67 94 60 99 81 99 88 42 63 99 99 73 99 49 64 19 99 85 60 55 63 99 99 21 99 19 10 99 27 27 99 99 33 99 99 99 99 55 99 99 70 99 10 19 31 99 82 28 99 16 13 99 16 40 82 58 88 3 24 46 54 28 12 58 48 45 50 41 0 99 
25 96 31 90 99 99 93 99 99 25 28 79 99 99 54 34 90 99 64 10 37 99 99 33 87 64 99 88 82 58 73 99 61 34 99 99 75 45 73 82 84 42 99 76 99 99 99 33 55 97 67 91 54 51 76 99 24 99 99 13 15 66 99 99 45 88 16 21 81 99 0 
