n: 70
m: 10
Pi:U[1-99] 33 55 64 83 96 93 1 8 6 76 67 73 96 79 52 68 20 95 31 77 95 22 44 17 97 2 53 32 79 66 40 4 72 30 93 23 95 13 22 93 38 11 56 45 11 3 8 95 74 68 78 53 2 43 39 6 98 26 20 72 75 54 52 38 95 69 59 45 46 32 
Si:U[1-49]
0 49 14 44 35 15 13 43 45 12 43 24 49 25 33 23 31 6 20 2 19 35 30 36 6 24 30 25 44 4 26 20 4 14 41 32 43 33 24 10 38 33 16 19 41 35 25 17 17 8 23 43 42 25 34 42 8 1 15 8 32 3 14 16 36 35 47 23 48 46 3 
2 0 49 11 29 21 40 22 26 16 29 33 33 10 47 20 31 20 24 44 23 49 30 8 32 32 8 16 35 26 32 47 22 49 13 6 4 27 5 8 3 18 9 25 3 28 28 6 21 11 33 22 48 30 48 11 30 12 41 20 46 20 45 20 13 19 4 12 8 45 16 
39 40 0 19 4 39 41 7 8 38 30 33 49 15 8 20 49 45 15 35 39 30 6 42 15 25 39 44 24 15 20 41 3 46 2 48 6 46 30 27 45 41 23 9 43 10 11 35 28 45 5 44 46 38 38 42 30 22 17 32 10 27 36 17 48 37 23 6 34 40 29 
46 28 42 0 4 33 29 44 23 43 2 42 43 1 38 46 39 6 38 24 24 21 48 40 18 2 48 1 43 9 20 2 26 26 27 41 5 13 15 33 47 30 29 3 46 38 34 24 42 31 13 42 27 23 25 44 13 34 3 19 24 44 23 18 49 20 26 48 40 49 38 
2 1 15 21 0 17 40 47 24 9 4 32 6 22 27 25 15 11 33 17 23 49 22 2 36 7 26 40 6 35 33 45 17 14 48 27 15 37 43 8 32 32 37 37 20 37 48 41 48 6 44 48 15 15 33 14 26 22 2 28 37 19 13 15 21 16 20 23 47 32 10 
1 25 30 46 13 0 28 17 16 44 33 2 12 46 6 9 4 48 3 33 22 20 15 22 31 3 9 46 1 19 16 12 21 14 6 18 43 2 21 13 43 28 23 12 18 17 47 24 45 41 4 33 47 1 42 7 1 39 45 7 13 24 3 21 24 29 20 35 23 32 29 
44 10 9 25 48 11 0 46 3 32 12 2 37 17 45 43 31 11 39 23 12 27 41 33 7 28 27 47 14 42 8 25 18 19 9 34 11 29 27 27 16 38 37 37 14 27 39 7 42 28 42 44 49 30 19 45 26 14 39 11 21 16 5 11 4 10 42 40 11 22 15 
43 30 1 3 27 24 43 0 43 19 47 19 28 47 11 28 26 42 19 43 39 39 25 36 30 11 8 25 23 42 37 22 48 48 15 8 36 4 6 11 21 35 38 21 38 1 1 39 48 36 41 49 14 21 23 22 14 41 40 25 37 36 36 2 33 38 44 8 6 42 34 
18 11 17 36 39 22 38 26 0 49 43 19 40 18 20 28 35 12 39 38 33 43 15 43 16 47 43 21 46 1 48 39 33 40 6 30 18 15 3 48 19 10 48 41 27 5 23 39 8 40 15 35 38 17 25 37 49 21 15 42 19 2 28 28 24 33 34 12 4 6 7 
44 43 19 40 19 37 49 36 25 0 40 20 19 34 38 6 4 10 48 8 35 47 20 15 49 15 45 37 34 29 20 25 3 33 40 4 41 45 32 17 43 48 40 39 30 42 36 16 33 21 43 34 28 25 48 46 28 47 17 6 23 19 39 48 26 29 22 20 25 17 17 
25 10 46 11 21 19 43 5 29 47 0 23 33 48 18 1 18 30 42 5 28 11 42 46 43 21 26 43 17 29 15 14 25 11 26 3 12 27 42 23 26 7 2 7 38 27 10 30 21 1 32 32 41 10 18 2 13 35 26 24 11 37 30 20 41 37 25 31 44 35 18 
21 25 9 22 17 35 35 25 11 15 30 0 1 46 24 3 25 18 29 29 39 40 42 41 49 22 5 33 44 15 22 14 22 29 16 46 16 1 39 19 44 28 38 48 15 6 32 4 1 28 31 20 28 28 2 30 13 38 40 29 45 34 17 4 17 1 28 24 1 34 35 
26 8 6 46 42 27 9 2 36 34 18 23 0 31 29 40 38 24 8 14 34 7 43 34 23 23 31 17 6 9 26 31 18 16 4 39 38 10 8 10 38 32 29 47 12 11 46 34 8 26 47 27 40 22 4 34 34 15 31 33 49 38 36 14 16 40 21 2 3 5 26 
37 33 36 27 29 30 5 16 29 49 40 2 28 0 22 21 43 7 28 39 34 26 33 43 20 48 42 33 5 41 45 2 47 10 10 5 2 2 30 38 25 45 42 3 16 24 1 40 3 24 34 48 36 47 7 42 15 43 19 22 45 1 16 35 11 30 42 18 12 8 16 
35 6 26 36 6 39 1 33 48 1 23 40 11 29 0 4 18 34 21 18 26 4 26 30 25 22 35 29 24 36 31 38 34 42 13 22 44 10 31 41 25 27 4 7 41 10 46 31 21 41 42 6 4 32 17 37 26 4 44 7 1 43 2 1 43 31 40 40 14 42 19 
12 21 35 22 49 36 35 27 15 47 24 44 25 42 1 0 14 22 11 16 4 13 40 4 34 43 11 41 23 17 47 29 23 6 49 13 39 23 18 20 44 47 31 14 41 12 19 15 40 43 30 44 27 36 20 6 27 36 13 18 46 48 1 26 43 18 15 9 39 12 29 
19 24 2 6 15 4 27 47 47 24 1 32 27 23 37 2 0 45 5 7 40 34 2 27 7 25 35 42 43 37 25 6 8 21 20 47 45 12 7 5 12 17 34 7 41 33 46 14 6 40 24 13 31 33 14 40 7 7 49 39 32 14 48 23 44 45 43 16 5 3 22 
27 5 36 1 33 11 40 46 44 14 35 37 33 29 41 39 9 0 46 2 20 22 33 24 45 25 19 21 48 12 41 30 36 24 26 7 6 1 48 38 33 20 31 43 32 16 49 1 14 43 19 37 9 37 31 21 23 8 48 18 43 5 29 41 33 42 8 27 19 43 4 
36 1 23 13 8 23 13 39 45 43 36 26 11 49 4 36 2 44 0 33 4 29 29 26 2 47 6 21 16 49 23 7 38 33 42 24 49 37 40 3 49 21 23 28 40 46 12 9 6 41 5 38 44 40 45 40 2 8 17 2 46 33 28 14 45 42 42 42 1 18 33 
30 28 20 6 39 49 28 48 43 46 2 25 44 18 39 20 49 18 29 0 21 12 16 37 27 6 10 15 5 25 1 3 1 21 44 24 49 45 16 15 3 26 45 14 30 39 43 24 4 15 9 24 42 3 33 13 40 10 34 44 5 34 10 6 9 22 1 40 10 17 45 
8 23 7 1 34 27 26 27 1 8 21 43 24 14 6 37 48 37 42 38 0 12 43 30 40 20 26 42 44 2 23 17 7 12 31 7 20 48 3 48 30 37 41 44 14 47 43 6 48 15 44 29 42 6 33 46 31 40 48 49 41 12 5 21 35 42 32 7 21 10 14 
7 47 14 31 40 13 38 30 32 39 2 15 18 46 28 14 20 27 8 38 31 0 7 26 1 11 9 43 45 34 41 39 1 45 32 24 9 17 38 15 49 39 40 12 4 2 39 48 27 25 41 49 28 10 34 28 42 17 32 40 40 6 8 47 37 5 40 31 20 42 19 
21 16 8 43 48 37 10 2 16 27 49 45 6 9 22 7 9 8 7 40 45 48 0 1 34 31 6 4 10 25 13 3 23 4 19 29 48 30 42 41 42 16 47 9 48 21 22 22 13 48 5 13 19 30 40 23 34 42 13 16 16 39 13 8 21 11 2 28 4 26 37 
6 44 40 35 18 35 27 8 43 41 32 46 12 36 15 21 15 18 12 48 12 44 9 0 37 34 35 44 32 9 46 24 22 5 37 41 46 1 10 17 14 34 22 15 26 16 6 15 40 28 16 35 42 32 38 18 43 35 14 2 21 33 5 20 8 4 29 38 44 39 8 
44 7 22 9 28 48 14 12 41 22 23 34 45 36 27 38 24 9 15 40 26 28 44 7 0 5 8 28 7 11 4 41 46 44 6 6 37 8 16 41 4 24 23 21 27 10 38 40 16 23 9 19 36 25 48 10 22 23 6 42 44 18 45 5 5 46 30 3 41 40 48 
47 18 43 48 9 18 34 43 34 29 8 4 32 1 10 47 31 37 3 12 1 24 16 47 36 0 26 39 20 45 12 48 38 28 38 46 35 7 20 38 33 44 10 25 19 17 20 44 7 24 11 10 25 32 45 40 36 42 9 49 1 13 9 19 34 36 31 14 35 48 46 
29 43 29 45 33 8 28 20 41 10 18 39 29 44 48 35 39 34 44 33 30 35 24 47 26 36 0 36 46 10 48 20 41 40 25 24 4 39 37 19 26 30 15 37 36 40 17 34 41 28 41 36 32 22 41 35 5 32 44 30 42 43 46 35 1 39 27 48 27 35 49 
39 18 24 30 37 15 9 36 43 40 11 25 5 27 32 30 1 3 46 2 3 21 31 42 28 17 15 0 35 41 49 26 7 45 33 34 15 45 25 26 13 21 9 5 32 15 38 46 28 4 15 12 39 14 5 13 8 2 1 10 42 32 46 23 38 42 38 9 2 2 45 
37 14 15 46 22 47 3 45 34 19 3 12 15 37 49 6 24 41 30 1 39 22 14 20 5 23 29 20 0 47 38 24 46 41 35 40 21 43 30 33 30 10 29 22 45 49 5 9 33 10 32 47 26 44 39 1 45 29 18 11 16 13 19 43 20 41 48 44 16 7 39 
23 36 42 21 34 18 32 33 38 46 5 47 6 25 18 8 1 31 43 28 44 14 9 24 12 33 39 4 1 0 9 42 7 9 41 21 31 21 19 6 17 10 17 27 40 7 15 3 27 5 6 5 22 36 18 5 44 28 9 10 5 37 35 21 5 25 2 45 35 35 24 
38 3 47 31 34 21 7 2 45 10 38 45 32 15 36 40 35 29 24 34 33 30 9 2 31 1 49 34 41 20 0 32 28 46 46 47 23 5 40 9 39 6 22 22 28 23 30 8 34 33 21 47 3 33 22 28 43 41 18 42 27 15 20 16 40 7 32 40 41 46 39 
1 23 9 40 15 43 49 8 14 17 47 45 42 24 47 7 10 36 45 45 3 43 22 8 37 36 6 28 19 25 23 0 34 15 14 25 8 34 44 37 22 4 45 42 29 1 41 16 12 12 1 1 16 25 44 20 6 4 18 39 34 24 44 49 40 46 25 22 9 47 12 
29 10 32 4 29 14 6 3 4 40 16 37 17 6 28 45 38 37 39 24 11 37 2 30 4 6 26 19 8 44 28 17 0 20 26 30 22 21 33 46 16 27 36 45 34 42 41 6 41 1 31 8 24 10 27 18 33 29 26 20 37 21 17 44 35 5 30 5 41 29 8 
49 41 16 37 49 12 31 14 46 29 26 14 31 22 33 36 49 36 15 1 35 29 9 20 9 6 14 26 21 21 32 16 43 0 19 47 33 43 46 12 44 46 10 30 26 34 5 31 28 22 30 18 38 33 43 29 7 42 20 1 25 6 26 39 20 12 39 5 25 11 20 
7 14 1 28 14 25 46 21 21 21 42 13 1 29 40 43 7 13 13 35 1 39 40 36 18 24 39 24 8 36 6 4 43 43 0 10 40 42 45 14 33 37 32 4 17 41 33 32 19 31 5 23 18 29 44 49 18 46 47 23 10 29 19 41 8 43 19 13 29 29 20 
9 43 4 8 13 15 27 37 15 24 41 47 16 40 41 27 38 45 31 28 13 13 16 31 29 14 32 42 43 20 45 34 40 14 16 0 37 35 24 23 35 2 32 5 28 10 32 45 4 8 25 23 15 8 40 33 39 9 19 34 27 1 23 24 2 37 39 16 48 34 37 
28 31 35 3 40 18 15 20 9 36 40 23 44 28 37 24 39 4 41 22 12 13 37 25 5 12 19 15 40 8 10 41 14 25 9 8 0 1 18 16 43 5 9 25 3 15 47 22 45 24 27 36 22 21 35 43 12 36 28 20 27 19 8 38 41 4 2 34 35 14 3 
32 22 37 4 7 1 35 13 2 36 14 34 28 26 27 48 46 24 27 11 32 41 23 28 1 21 27 9 7 31 10 46 4 31 41 44 7 0 12 11 40 15 13 37 1 4 18 38 19 39 45 26 14 34 19 34 20 19 27 37 24 21 6 27 42 39 32 5 35 37 22 
23 7 41 47 8 35 13 36 37 48 46 46 12 16 34 25 5 17 31 28 33 45 26 41 21 34 1 49 39 3 30 19 18 46 21 10 26 10 0 11 42 20 49 46 28 7 22 41 36 7 14 48 49 22 17 14 40 41 37 31 30 25 30 12 47 10 11 6 40 32 5 
8 47 8 31 29 39 14 42 15 7 29 12 7 21 44 25 44 42 7 20 4 19 37 7 16 29 16 49 31 27 35 29 46 26 21 43 12 10 25 0 9 41 39 1 23 18 13 47 27 14 46 41 20 12 17 17 18 9 14 32 22 8 11 44 28 46 31 13 4 13 37 
2 23 3 36 19 16 39 18 15 15 1 40 40 45 22 37 37 14 43 1 32 30 19 25 11 13 24 25 12 39 41 42 6 19 8 11 31 31 41 10 0 25 8 36 17 19 2 32 26 15 23 24 40 2 47 26 12 44 7 46 9 5 19 6 23 7 8 35 18 24 17 
48 37 3 17 8 43 17 48 34 3 45 3 21 45 12 40 31 23 42 44 7 37 25 47 32 20 15 17 24 33 32 41 29 33 26 43 30 4 1 10 10 0 11 38 38 46 28 14 42 38 25 22 22 16 1 25 7 32 48 6 44 31 22 37 28 27 2 34 4 4 26 
37 36 6 20 14 6 28 21 33 27 18 27 4 23 7 23 44 15 27 4 37 33 36 39 14 12 37 22 7 23 9 22 30 31 42 49 1 5 32 41 16 39 0 29 33 20 10 10 39 47 6 33 44 18 12 35 47 26 24 47 2 31 1 42 38 3 26 9 27 34 19 
32 12 29 37 12 11 5 21 28 10 5 36 29 1 15 22 32 28 38 34 49 46 32 30 45 25 49 47 15 19 43 5 35 2 19 3 21 29 17 6 25 43 17 0 44 28 12 28 34 16 22 23 38 10 36 24 20 23 2 6 35 41 47 10 30 35 22 45 12 3 11 
21 26 12 1 33 20 28 28 31 3 38 26 21 20 20 41 19 27 1 31 22 17 19 10 35 10 23 37 31 44 7 2 46 36 13 34 25 44 31 40 39 42 44 14 0 44 35 27 24 8 47 11 32 15 40 27 2 35 12 30 49 31 21 39 35 47 5 28 23 45 26 
22 13 24 2 20 46 43 33 2 21 36 33 48 37 14 44 12 13 41 16 17 25 26 2 35 12 40 4 41 29 42 22 8 29 28 15 40 27 34 31 42 41 34 2 9 0 17 20 48 7 23 18 15 36 41 39 24 41 1 15 13 39 23 41 22 30 5 8 47 6 33 
7 30 28 47 35 47 37 24 34 29 23 11 10 8 29 29 42 36 32 49 19 12 38 27 15 36 27 24 14 20 10 5 35 1 8 33 34 42 9 9 24 8 29 23 23 34 0 20 46 33 20 16 42 19 5 30 33 5 13 14 24 24 41 12 43 22 42 15 39 3 44 
29 46 36 6 41 19 27 34 35 39 21 41 39 14 3 9 19 45 35 31 41 32 26 13 10 11 36 39 33 10 13 34 9 14 42 7 9 20 18 5 2 42 35 39 12 11 30 0 26 4 47 12 11 47 45 7 34 20 32 14 36 9 40 34 13 1 17 34 3 25 24 
16 32 20 27 11 3 13 39 38 25 6 43 1 37 31 15 33 27 49 48 4 28 34 48 38 27 34 16 43 33 4 46 37 11 31 9 39 20 48 9 4 16 15 38 11 11 38 14 0 12 18 33 48 3 49 21 38 2 31 17 7 35 9 30 27 6 24 22 36 21 14 
47 18 7 3 34 32 1 25 23 9 23 36 24 9 12 27 42 44 24 28 39 44 36 44 19 26 5 35 38 4 49 45 29 41 19 21 34 21 13 38 8 35 48 16 46 7 44 13 13 0 18 8 25 45 11 35 19 20 36 40 1 22 10 7 28 28 16 26 27 26 14 
5 35 15 41 40 36 19 8 46 38 20 23 17 18 24 8 16 7 21 35 3 2 47 3 21 34 42 8 22 1 14 44 5 2 46 40 24 10 15 44 5 11 47 15 46 44 33 12 47 23 0 36 32 35 2 43 45 34 18 24 44 37 44 22 7 40 10 32 3 14 25 
2 49 33 11 28 12 5 36 12 10 10 13 9 29 2 46 35 40 36 35 49 10 42 46 6 29 38 36 44 23 10 46 1 38 35 48 17 43 36 27 17 27 28 26 8 28 44 30 29 29 23 0 26 12 8 8 6 24 18 19 23 48 35 36 10 37 28 28 16 34 41 
30 46 9 11 14 13 14 13 30 44 12 8 48 33 14 37 46 38 9 43 15 20 8 29 39 46 7 16 48 18 19 19 25 49 49 22 26 47 10 16 11 27 47 36 46 32 6 27 42 38 8 47 0 14 13 39 13 12 27 44 40 31 32 46 9 45 3 16 32 19 24 
28 34 21 24 32 19 36 44 37 46 15 40 33 4 46 40 16 26 13 14 1 11 17 17 43 21 32 48 39 36 21 35 24 14 19 36 47 33 42 3 37 38 29 11 17 44 16 36 49 48 27 20 10 0 30 24 41 44 9 5 12 21 28 41 30 30 41 30 49 49 14 
7 35 37 32 46 22 4 2 48 29 18 2 42 24 35 45 28 46 10 26 39 31 14 43 22 16 48 22 16 36 45 42 23 46 19 11 11 49 37 25 18 38 35 3 10 8 26 8 22 11 44 16 1 11 0 32 21 31 9 40 15 6 7 8 33 17 47 41 38 29 11 
2 36 15 10 26 28 39 32 3 42 5 41 45 25 8 48 19 7 14 3 5 6 20 4 43 2 21 38 39 27 44 28 19 16 21 46 31 13 38 2 24 40 41 45 15 33 20 38 34 47 45 16 23 44 22 0 5 13 16 34 42 44 12 40 33 7 10 33 1 31 44 
42 47 22 34 21 43 40 4 38 14 37 35 21 9 47 36 44 15 18 10 23 34 47 37 6 32 25 10 12 32 29 6 30 18 17 48 24 20 2 31 17 13 35 10 3 24 42 4 21 27 38 10 37 1 4 43 0 32 10 46 39 38 25 34 42 31 30 48 11 13 45 
20 35 1 41 8 39 12 7 43 13 39 49 16 44 48 34 28 39 29 46 14 14 28 26 43 44 13 23 32 34 36 42 15 21 26 39 9 10 6 48 46 43 13 8 32 42 15 11 39 36 27 34 47 41 2 35 26 0 37 22 30 16 24 24 27 31 10 8 34 44 7 
8 2 48 31 7 36 22 11 1 10 44 16 21 27 44 23 38 13 31 5 27 37 20 26 22 15 45 17 4 13 47 38 38 16 9 13 15 38 45 33 2 4 19 46 11 13 41 36 24 32 21 46 46 37 23 2 14 45 0 2 18 27 42 36 40 10 4 5 35 15 25 
49 31 29 11 38 48 46 12 46 29 5 15 22 16 33 33 20 30 46 43 12 29 4 46 4 35 3 6 12 40 26 23 7 41 27 35 9 44 31 20 15 9 32 1 23 5 40 38 40 34 48 21 31 39 35 41 23 26 37 0 29 18 18 41 37 32 44 32 32 19 34 
46 25 16 2 35 8 49 10 12 28 49 16 17 26 16 48 20 34 39 8 32 7 40 1 13 9 5 37 8 32 37 16 25 16 24 21 8 39 35 37 37 23 42 8 30 20 7 12 27 29 26 46 43 36 13 24 2 22 40 31 0 11 5 40 38 11 49 2 14 12 3 
18 25 16 1 16 3 2 12 2 33 40 44 2 49 10 16 30 44 24 25 37 45 20 35 12 8 45 48 25 33 6 29 44 36 29 13 37 39 8 27 34 32 22 38 44 33 29 45 33 21 15 22 8 4 15 43 6 20 36 6 10 0 24 33 35 10 44 38 35 21 22 
17 19 6 19 13 30 44 14 35 14 17 20 12 6 13 49 29 22 7 7 39 14 24 30 5 27 29 35 9 39 40 32 27 42 4 40 39 47 9 1 44 26 8 16 36 24 25 5 24 11 24 7 27 1 24 28 2 19 4 38 21 24 0 25 21 32 32 41 23 3 9 
8 17 15 25 30 35 16 9 34 34 10 39 21 14 19 28 7 28 37 16 2 5 37 12 40 11 14 49 40 16 8 25 13 7 38 30 33 37 1 6 46 48 23 6 26 26 24 16 41 24 11 44 44 8 40 47 49 19 34 15 19 7 30 0 4 42 1 17 30 47 34 
43 45 31 27 11 38 28 38 7 48 46 12 48 48 5 39 10 17 30 22 31 22 17 33 19 26 46 38 44 46 17 7 48 2 21 27 18 10 33 32 30 35 48 40 46 20 26 20 7 24 38 43 37 2 23 47 28 33 39 28 20 18 20 2 0 7 11 23 25 41 27 
40 23 43 18 7 2 25 29 4 33 20 26 5 39 35 19 48 44 17 14 19 46 14 45 1 29 15 49 19 45 26 6 28 21 41 28 32 25 37 43 18 9 9 14 4 39 28 36 31 2 41 14 21 12 2 8 20 32 40 14 47 21 29 45 26 0 4 17 13 39 46 
20 26 9 10 10 16 34 49 20 12 26 19 46 33 46 32 6 33 21 42 44 47 30 26 38 38 16 21 28 40 9 28 41 31 29 29 26 33 3 30 33 38 11 45 9 24 46 14 37 2 12 13 33 15 45 41 28 38 40 5 13 48 23 4 12 40 0 24 27 32 39 
47 17 36 31 31 25 14 11 46 47 23 23 29 25 36 5 20 15 23 22 42 28 26 18 15 13 18 46 3 34 42 9 32 19 6 5 10 49 34 27 5 32 28 16 18 9 20 41 23 33 42 27 20 4 8 3 6 40 5 17 17 48 27 15 2 26 30 0 9 46 36 
37 38 2 32 33 37 14 47 41 30 39 31 44 21 27 32 39 19 36 8 34 24 16 49 9 23 48 43 30 44 31 49 41 8 43 44 8 11 33 47 11 40 44 14 39 44 4 48 28 24 21 15 20 19 45 37 17 17 49 41 38 31 45 49 16 44 42 42 0 20 49 
43 23 40 24 30 19 19 4 31 23 26 12 36 19 28 15 44 13 22 12 1 37 13 21 20 45 41 49 39 15 37 2 38 21 19 24 37 21 24 5 25 29 49 37 27 46 25 28 40 3 43 36 6 27 16 15 47 39 38 31 5 40 25 35 42 31 10 43 33 0 49 
1 41 22 21 40 47 43 22 36 43 24 24 36 32 14 42 15 34 22 39 37 41 7 5 49 47 9 4 1 41 49 23 38 22 41 14 21 15 23 28 6 21 44 38 33 15 39 40 13 14 5 36 38 16 2 19 16 11 49 3 31 32 18 21 6 19 1 20 36 43 0 
