n: 70
m: 2
Pi:U[1-99] 62 11 11 65 57 22 19 66 22 10 76 3 30 50 85 24 74 82 18 46 95 35 1 28 97 1 84 10 77 91 89 59 66 94 51 7 43 82 11 85 35 25 66 97 50 5 89 43 43 74 22 47 20 5 26 82 26 83 85 89 7 9 33 44 74 87 45 30 82 43 
Si:U[1-99]
0 85 39 49 46 46 25 68 34 94 51 55 44 3 94 45 77 20 31 48 24 5 61 95 82 80 65 86 20 87 5 1 73 74 9 51 44 25 70 60 73 86 76 50 64 53 76 76 4 40 30 45 28 6 17 5 8 66 64 30 1 57 72 14 5 44 65 29 72 2 45 
7 0 16 65 52 78 81 82 57 38 71 39 48 7 71 35 42 86 21 31 89 56 49 56 90 88 44 53 53 65 1 75 70 17 47 45 99 38 36 86 71 44 50 27 88 62 98 11 79 41 13 80 87 22 4 14 55 95 25 10 38 98 10 9 37 38 30 72 14 48 34 
76 25 0 48 97 9 9 7 26 2 58 24 10 18 59 17 74 7 12 66 94 2 58 7 42 37 85 42 75 47 73 31 11 12 35 30 11 14 57 82 31 57 86 84 77 59 63 97 20 65 71 39 68 94 4 85 37 67 33 76 75 2 37 2 20 40 51 45 88 17 8 
38 69 65 0 82 37 40 54 42 26 80 97 46 46 88 85 79 67 41 47 46 67 67 81 2 74 67 67 9 19 7 80 22 6 3 21 55 48 94 46 93 70 89 11 3 90 49 71 7 34 95 71 21 92 8 10 56 99 92 43 2 55 59 88 71 44 46 42 14 82 18 
66 53 38 20 0 16 24 94 45 16 92 47 14 2 89 25 93 12 1 94 21 2 64 32 28 63 35 28 72 95 73 64 57 34 67 37 87 5 83 76 58 14 92 23 88 13 92 19 28 86 30 87 31 88 43 6 66 70 50 81 11 87 91 6 97 98 45 79 84 34 89 
80 6 12 84 68 0 23 77 35 32 73 93 88 20 10 28 77 37 63 35 50 16 97 70 83 42 14 49 22 62 15 43 33 25 52 90 5 4 36 67 64 57 74 50 15 23 89 13 72 31 43 69 96 91 59 18 69 45 10 88 43 58 36 48 97 39 14 70 27 71 92 
35 57 78 38 69 70 0 36 58 69 77 13 32 84 73 38 69 92 72 96 23 35 3 85 8 64 31 47 36 8 77 47 18 86 60 6 84 44 51 60 49 87 80 68 88 38 81 20 34 31 43 8 70 89 88 90 88 87 41 35 96 3 16 75 35 53 99 52 5 6 96 
18 89 31 30 42 40 99 0 32 10 25 11 87 15 93 81 20 73 87 34 69 96 1 90 27 30 62 63 39 13 4 4 7 18 25 85 76 66 52 80 24 37 84 74 14 55 13 49 96 77 56 56 27 7 26 72 14 98 77 97 65 10 84 18 35 74 99 33 70 42 4 
75 50 70 31 31 4 12 41 0 18 20 94 79 84 21 43 11 60 96 64 87 96 47 70 27 25 30 84 53 95 10 78 49 89 68 41 84 84 96 67 29 76 81 37 96 6 41 58 72 8 95 95 97 89 37 22 49 1 56 46 99 36 66 20 88 56 31 93 45 10 88 
98 51 7 79 65 14 44 63 57 0 36 55 40 26 11 45 75 16 43 25 6 8 42 55 35 42 87 76 9 67 11 6 55 91 52 46 6 18 47 21 23 70 23 66 2 7 86 58 21 88 88 82 47 54 71 29 93 97 17 83 15 29 53 2 15 86 92 20 19 40 94 
70 6 68 87 39 88 29 87 11 39 0 5 63 81 1 5 40 25 10 68 73 43 13 70 10 34 76 44 46 69 19 93 92 62 17 20 74 2 23 35 69 73 66 83 27 5 11 32 38 2 45 36 22 53 83 74 16 25 61 38 2 2 53 42 46 77 79 27 65 13 42 
72 35 62 4 28 4 69 43 5 76 18 0 4 36 18 45 82 92 42 81 13 71 71 86 80 13 68 49 17 48 44 10 7 47 98 57 90 3 1 44 62 6 90 92 10 44 87 56 79 78 8 62 90 27 65 89 19 28 74 67 21 52 43 82 49 72 60 40 71 84 42 
32 85 48 63 25 40 89 48 38 84 45 11 0 85 5 6 45 73 16 90 6 85 97 51 84 54 94 39 93 63 78 54 10 41 66 47 11 96 37 60 70 7 85 26 72 33 60 87 28 97 86 11 84 77 44 91 32 55 93 72 92 21 98 29 83 66 19 38 69 66 87 
32 47 53 33 99 12 75 35 39 48 96 58 70 0 44 43 88 70 8 39 62 86 78 57 20 40 93 16 5 21 60 47 5 96 46 80 47 28 9 97 99 91 77 32 13 1 90 57 16 23 69 91 51 25 29 92 93 38 70 5 84 6 63 32 38 92 72 25 69 17 47 
58 16 21 28 26 95 66 64 32 30 17 32 2 53 0 16 13 5 28 30 8 41 95 77 56 25 13 58 71 75 86 60 59 29 18 27 46 15 33 16 10 12 24 20 12 93 25 68 49 32 37 66 11 92 41 8 73 80 24 33 9 38 85 86 32 16 90 14 45 30 42 
58 90 95 70 19 73 11 60 55 39 10 64 8 4 73 0 28 96 84 49 91 91 62 16 10 12 68 97 7 87 44 53 66 45 46 13 98 7 30 72 61 65 31 64 96 15 94 80 51 76 79 52 79 55 98 65 72 74 4 2 73 89 93 75 59 44 96 66 60 72 99 
2 59 59 84 50 87 96 46 28 13 47 28 26 74 53 63 0 43 3 44 94 43 33 11 86 91 5 10 94 58 36 91 32 44 41 33 91 17 27 65 73 79 50 93 43 65 93 1 53 53 85 89 65 67 31 22 78 43 72 65 39 42 71 25 89 87 91 46 74 13 76 
3 98 99 29 39 51 17 59 13 20 39 6 5 95 91 61 55 0 91 45 79 19 94 2 32 98 51 50 12 74 40 70 94 44 82 6 76 41 90 24 76 81 54 80 4 34 81 47 79 38 14 82 66 58 68 8 85 18 60 65 45 49 29 88 34 58 45 43 25 41 38 
6 39 74 6 44 70 49 7 10 42 31 45 56 97 35 30 40 51 0 89 52 19 92 32 24 98 66 47 75 45 61 49 92 71 78 55 75 72 68 44 46 23 59 69 61 55 61 64 29 75 94 14 48 85 95 65 95 72 55 83 15 6 71 76 61 19 86 21 24 39 90 
87 39 75 86 29 43 2 32 96 83 28 43 10 55 68 48 95 30 63 0 19 27 3 88 52 71 24 47 99 86 67 42 77 15 80 35 87 21 98 76 39 8 61 32 3 6 26 84 87 86 41 26 92 94 10 34 60 82 95 85 22 41 14 97 64 89 79 41 47 59 31 
65 5 33 22 85 89 66 39 25 68 7 95 24 29 44 84 98 57 50 4 0 60 10 2 78 53 64 57 30 39 48 86 27 3 6 34 69 29 38 85 50 15 10 88 97 33 67 18 78 14 23 60 24 87 49 84 41 41 91 11 45 19 78 76 40 1 4 53 2 71 54 
77 76 2 95 65 69 38 99 42 25 45 43 47 51 17 44 66 84 55 97 57 0 7 87 49 40 26 51 74 58 35 84 60 62 84 12 54 48 11 6 25 65 94 57 36 33 62 70 68 65 48 27 65 64 94 87 43 94 92 9 9 1 75 18 43 11 67 11 8 2 54 
86 58 40 79 82 84 52 39 92 3 72 59 59 53 71 41 49 91 26 55 73 35 0 30 8 57 44 1 90 16 33 44 85 61 45 96 68 16 74 40 93 36 71 66 78 83 21 52 1 93 35 35 97 29 38 33 40 58 45 43 40 11 48 5 9 53 96 72 44 34 53 
53 28 96 87 84 21 98 41 15 36 48 10 33 70 63 76 16 8 56 38 22 12 93 0 45 92 22 13 80 77 12 14 22 66 64 58 69 59 26 40 49 37 53 45 5 92 47 90 83 32 91 72 70 61 67 72 91 42 28 9 52 43 56 76 40 24 1 37 50 98 28 
69 93 40 7 87 72 22 62 25 94 94 78 23 27 31 33 95 14 42 97 24 34 31 17 0 75 25 94 81 44 22 65 22 16 63 81 90 41 92 6 19 3 87 77 93 9 44 44 80 65 35 29 12 32 40 67 39 44 40 49 14 60 27 80 43 1 13 92 92 6 11 
32 14 69 78 80 18 84 26 26 95 66 69 18 61 16 62 23 8 13 38 17 20 11 98 81 0 67 22 36 98 49 4 47 21 39 57 58 8 54 96 59 52 93 36 42 90 41 31 78 75 80 2 91 34 87 86 60 21 27 55 80 46 14 66 48 40 34 15 54 51 67 
11 14 78 49 48 82 45 93 30 52 27 68 45 45 3 7 59 22 5 18 84 26 52 76 1 92 0 16 59 57 87 74 2 72 28 66 99 72 80 74 37 9 2 98 4 47 15 75 39 96 61 14 29 45 73 98 18 42 17 37 34 1 86 86 68 46 62 69 14 6 97 
18 89 39 42 98 8 59 85 13 41 26 15 13 20 34 98 5 57 45 13 29 17 6 38 84 73 12 0 17 15 89 13 87 73 5 89 51 29 20 2 47 99 80 14 97 87 15 65 77 67 40 96 34 13 64 67 94 8 75 5 78 18 49 59 25 43 72 86 4 12 13 
41 18 26 16 3 69 56 18 99 49 68 13 34 32 31 4 65 19 61 7 42 51 21 52 31 56 73 46 0 69 90 5 13 71 32 43 5 6 56 32 30 79 69 66 74 90 54 69 13 80 98 8 40 53 78 59 58 77 1 41 64 35 20 82 47 35 89 50 98 99 14 
43 57 26 54 77 52 78 21 86 49 83 14 49 25 57 33 48 14 88 79 45 80 22 13 47 87 96 19 40 0 53 73 85 68 42 98 29 77 26 17 34 57 76 61 94 71 30 52 59 93 27 14 76 43 33 39 58 51 72 19 38 58 89 73 84 70 61 90 23 79 69 
43 24 78 96 33 39 71 51 90 87 50 60 26 39 41 95 23 27 24 47 34 51 41 46 23 26 33 85 31 74 0 18 48 70 26 61 58 63 13 54 64 77 91 13 62 61 5 64 95 45 38 4 23 89 44 20 50 8 67 96 79 28 45 9 53 68 44 5 96 50 95 
25 32 15 81 46 11 90 4 85 20 76 58 20 71 71 70 18 99 67 48 97 28 52 4 69 86 37 76 29 57 8 0 10 56 83 91 39 70 23 84 83 86 29 89 66 11 15 63 55 66 40 66 28 70 2 78 19 81 25 26 68 88 68 9 61 99 73 58 67 31 27 
43 40 65 38 62 24 52 11 8 80 48 34 59 41 92 57 29 42 45 2 95 12 52 70 54 19 87 26 59 4 27 43 0 89 91 19 28 67 25 23 24 5 41 55 12 15 39 80 26 6 3 95 51 37 89 9 5 94 92 72 20 60 23 58 13 46 76 20 12 36 7 
49 13 65 49 63 17 70 38 51 4 62 86 25 96 71 41 17 32 51 14 70 96 67 38 66 35 14 2 60 77 45 98 95 0 13 94 72 5 99 35 10 17 49 70 93 3 37 93 39 66 66 1 76 82 97 67 83 68 26 74 90 35 44 33 37 37 91 13 42 38 38 
41 80 86 83 42 50 43 17 48 12 93 60 89 57 5 53 1 94 73 9 43 24 27 22 18 92 41 11 24 50 31 80 13 29 0 13 30 16 31 89 56 8 95 79 71 8 99 91 67 22 66 87 1 81 89 86 51 3 31 8 58 72 49 41 72 4 93 33 72 9 7 
26 36 91 80 63 80 24 13 19 88 5 35 78 35 69 98 76 63 77 4 84 99 47 43 3 29 62 31 26 66 93 18 27 85 98 0 77 40 69 43 9 26 60 22 94 91 24 6 85 86 87 9 48 58 22 93 41 3 63 22 92 59 11 71 43 73 97 65 30 43 21 
36 5 4 36 73 30 32 78 24 65 58 96 82 88 44 67 96 66 2 95 85 97 6 33 83 68 36 71 20 67 74 51 60 74 76 21 0 57 27 23 8 9 35 5 59 59 77 22 62 75 41 4 37 9 11 11 38 5 63 24 47 34 75 47 15 17 13 97 92 23 67 
67 5 77 26 19 3 19 78 29 36 89 70 43 89 76 3 13 14 53 14 90 35 41 43 49 19 77 99 99 75 6 37 9 14 16 26 24 0 37 98 18 80 34 17 25 25 43 14 7 77 98 95 33 3 29 30 88 54 35 15 45 87 58 7 13 83 9 40 98 42 51 
75 63 63 79 8 27 16 18 65 58 90 36 80 97 7 3 99 20 38 41 57 96 83 60 62 84 41 23 94 42 12 20 89 19 9 97 99 28 0 56 72 54 50 63 82 55 72 15 48 95 85 52 93 17 96 23 15 46 76 97 27 5 73 26 5 60 86 98 38 2 63 
28 28 79 73 18 23 7 32 50 44 22 97 79 48 84 30 49 23 7 34 81 4 84 6 52 63 10 60 24 52 87 91 75 26 23 94 18 98 18 0 76 97 86 8 12 70 55 59 24 59 82 28 44 27 88 82 63 73 34 64 18 22 19 99 88 90 31 22 19 31 26 
8 52 44 6 40 18 42 24 52 49 42 91 60 59 10 57 88 33 37 66 28 28 15 69 60 8 58 76 96 18 78 9 64 34 53 39 66 54 83 94 0 83 93 47 28 60 37 82 43 34 49 70 48 5 74 42 89 66 57 99 68 59 91 79 16 18 10 94 37 52 55 
22 85 33 91 79 45 16 8 71 28 82 55 40 42 7 68 2 6 89 89 84 41 25 81 66 87 10 42 72 15 3 8 63 76 88 64 62 62 92 47 27 0 79 56 61 96 34 55 90 1 90 93 16 46 10 39 26 3 85 73 58 93 80 48 47 16 65 98 59 48 63 
97 10 66 38 39 66 67 37 99 12 22 26 61 93 3 25 8 53 82 58 38 80 89 28 74 23 5 76 37 45 29 29 50 11 66 32 49 23 54 12 43 16 0 78 64 35 98 87 41 44 47 50 6 79 14 11 14 88 50 79 56 21 45 56 40 42 83 29 14 23 40 
69 85 79 34 4 99 23 49 22 61 93 14 34 13 22 63 21 78 15 94 87 23 31 14 79 41 70 28 8 27 12 80 46 97 80 90 59 53 3 83 72 30 82 0 90 76 25 82 35 22 45 12 5 29 76 63 30 56 10 49 74 15 68 29 48 17 36 4 37 16 72 
5 14 34 50 40 60 18 84 99 64 82 59 91 11 5 5 10 36 83 5 89 16 56 95 52 46 77 5 4 11 45 4 12 2 32 51 56 40 37 23 8 24 23 68 0 19 33 99 67 75 18 41 5 82 53 40 1 89 18 99 25 59 75 36 59 75 76 54 75 74 42 
37 48 30 25 10 75 17 36 84 59 99 52 7 44 38 63 71 54 15 51 78 87 64 21 57 41 64 80 11 44 58 14 78 66 71 58 53 48 46 8 21 38 37 49 99 0 18 25 26 30 65 66 73 77 41 32 11 69 69 59 34 9 15 59 94 55 45 61 10 5 98 
6 94 53 42 47 80 15 24 92 38 66 64 14 48 27 81 81 58 2 5 19 58 50 45 20 33 40 5 87 67 99 86 46 80 49 83 98 66 77 39 69 4 10 79 26 64 0 33 47 98 71 32 73 25 68 17 66 34 50 42 49 36 43 42 51 46 45 9 30 67 34 
98 98 8 11 32 98 68 37 56 13 20 53 38 75 9 23 9 32 43 27 74 95 79 89 25 85 50 42 42 82 78 55 54 49 27 30 83 96 71 78 72 38 59 24 45 89 90 0 83 54 43 32 77 50 45 36 60 45 84 88 13 75 89 42 32 76 19 92 79 26 81 
56 88 46 66 25 25 40 72 92 38 40 40 43 3 96 82 11 43 24 31 36 75 70 55 30 88 75 74 8 79 96 44 71 20 48 56 51 95 82 78 10 28 45 59 59 12 25 17 0 71 11 68 41 72 33 84 64 15 24 92 72 37 99 78 13 29 24 82 24 66 42 
69 13 74 58 69 89 51 25 76 4 7 99 80 46 53 55 5 38 11 26 49 89 46 66 61 82 4 3 42 5 30 12 80 20 71 85 1 66 27 35 84 30 81 32 43 83 53 64 58 0 6 36 90 9 73 75 11 41 9 1 14 23 54 72 89 71 40 87 4 4 47 
64 67 31 77 92 16 85 21 1 14 92 18 97 39 30 67 75 87 19 87 73 66 22 65 67 25 97 81 27 40 35 37 70 78 4 56 60 28 77 47 70 39 56 98 93 89 29 45 56 54 0 61 3 11 31 52 47 85 13 73 23 99 22 73 40 68 91 66 11 28 75 
36 50 18 59 47 6 86 79 50 43 66 51 88 59 86 72 33 71 99 62 56 67 40 5 68 58 87 2 79 45 86 66 51 10 71 52 88 81 96 63 92 49 88 32 49 72 75 8 66 59 38 0 70 92 33 62 37 68 78 75 42 17 17 73 87 90 99 80 42 80 54 
54 13 67 79 12 22 63 95 71 39 29 69 81 38 55 72 45 81 19 14 3 92 98 76 46 58 95 40 87 92 27 81 37 5 4 22 28 70 45 70 41 50 81 70 84 56 85 13 55 9 79 88 0 64 11 59 67 85 51 2 49 22 48 48 74 51 86 64 76 93 37 
44 64 31 71 63 42 45 3 63 84 96 88 48 78 28 87 43 61 6 46 46 25 18 61 56 51 65 6 67 59 34 73 63 12 14 74 36 38 91 41 54 35 72 2 94 56 92 33 44 45 27 92 77 0 8 87 91 97 90 83 5 45 95 27 36 72 39 62 61 25 23 
44 27 81 9 52 19 78 66 25 57 50 5 46 5 50 45 67 55 27 82 97 16 37 34 19 90 68 74 86 91 1 94 92 15 72 52 32 82 31 18 58 15 70 57 59 39 21 54 50 49 39 66 51 82 0 24 58 34 50 3 12 12 41 66 33 17 18 60 32 83 20 
45 49 11 21 98 28 83 11 65 4 56 51 53 38 45 30 75 3 5 20 9 73 43 7 96 14 42 99 55 13 47 8 59 13 68 55 51 43 12 62 82 93 71 2 81 11 85 34 7 85 80 71 49 29 34 0 74 92 29 37 35 42 6 44 78 80 4 58 10 21 6 
55 55 34 57 24 73 90 63 61 98 84 53 36 66 7 7 38 35 90 26 68 21 54 77 71 93 77 3 86 86 71 96 30 68 21 99 6 21 30 98 44 2 52 46 68 8 40 71 13 90 10 67 51 25 17 50 0 1 21 35 10 12 47 5 32 34 76 27 70 80 48 
30 1 67 58 67 37 88 34 71 14 50 94 41 68 46 22 82 58 32 85 97 9 43 30 25 79 93 77 20 1 76 75 1 40 78 50 83 47 44 19 32 57 42 21 92 95 80 5 13 30 66 49 50 58 88 96 11 0 56 93 96 90 31 74 28 70 46 48 81 54 4 
17 26 7 3 87 72 57 86 61 60 9 12 74 48 97 41 64 82 94 56 98 99 74 28 23 74 30 34 98 65 89 65 48 94 23 16 81 91 36 19 70 25 87 40 33 10 38 39 51 97 9 83 63 16 66 12 58 46 0 78 56 94 6 88 88 15 51 76 20 6 66 
41 39 24 73 67 50 17 42 70 51 56 64 21 3 74 93 21 13 66 28 13 2 59 44 72 55 77 36 63 16 60 31 77 66 80 12 91 73 55 76 23 47 61 89 95 88 69 16 65 73 23 9 40 23 3 99 10 69 1 0 9 31 26 35 17 29 65 1 33 85 59 
27 54 16 76 50 28 2 20 70 79 38 52 22 93 67 27 96 50 19 23 70 47 96 68 18 53 73 96 35 65 64 93 17 18 26 10 77 8 30 29 86 79 42 21 67 92 58 13 10 23 68 84 51 54 37 46 62 30 1 89 0 63 16 27 33 17 74 54 8 6 73 
7 58 93 5 50 79 8 95 16 35 6 86 93 18 90 69 84 79 30 97 7 63 19 13 31 23 62 32 97 56 56 6 25 22 11 7 13 86 77 12 50 1 66 42 70 86 67 78 71 77 2 90 82 36 57 65 89 27 34 84 6 0 82 96 20 57 56 17 67 14 37 
26 86 29 94 45 57 90 90 15 17 79 17 69 83 26 67 68 67 79 75 45 63 32 81 60 35 58 71 88 20 90 48 22 32 48 72 85 18 98 32 80 57 31 5 62 85 76 4 77 10 25 61 53 22 53 69 27 37 30 63 92 7 0 88 54 54 32 48 52 87 52 
65 26 96 7 33 2 98 30 73 11 63 79 45 85 84 98 25 50 40 54 69 92 80 39 33 89 71 89 55 83 81 28 81 88 91 9 63 14 78 43 57 44 52 93 50 97 31 11 10 4 52 85 19 43 4 4 95 65 44 45 8 86 32 0 34 3 27 61 64 39 95 
88 93 6 79 82 16 18 36 9 60 4 89 99 68 2 39 63 19 28 81 89 29 59 4 50 49 84 19 45 99 73 87 78 69 37 84 14 38 16 22 18 25 49 80 46 60 10 38 32 2 73 45 56 37 70 45 45 62 92 82 35 74 93 56 0 56 93 58 9 83 79 
64 64 16 7 99 16 66 30 24 23 88 70 2 60 89 32 17 99 69 27 5 31 98 79 96 40 95 72 39 75 31 62 82 43 57 71 60 63 88 94 60 71 2 3 99 92 75 21 55 51 64 32 80 59 49 68 49 88 40 60 97 69 54 86 95 0 93 62 48 62 57 
24 80 63 99 83 11 19 51 63 59 63 53 88 72 91 42 63 27 46 95 92 73 88 14 3 90 33 34 96 62 7 28 94 66 32 67 13 69 98 75 25 16 36 55 83 96 2 25 91 29 53 73 28 34 92 17 19 18 91 24 77 17 2 60 73 15 0 30 48 25 98 
56 45 55 86 40 77 13 88 61 35 9 61 53 21 56 20 95 50 11 85 73 5 85 89 10 56 53 63 13 95 87 78 25 33 79 16 98 50 25 89 73 72 55 60 12 53 96 76 57 53 74 93 88 37 70 98 18 78 52 93 35 14 26 73 95 59 55 0 9 19 76 
75 52 31 4 20 75 55 65 60 89 9 81 41 42 52 59 50 75 55 47 96 77 13 81 68 51 49 56 21 57 79 29 37 73 52 25 10 73 85 35 35 91 81 81 66 79 1 33 27 24 68 61 42 42 29 36 39 18 36 71 36 14 87 3 79 40 82 84 0 41 82 
49 56 74 17 3 40 76 7 19 76 1 65 90 80 22 56 85 16 50 48 27 44 48 2 60 60 77 37 1 76 29 98 40 86 76 14 66 76 76 48 3 48 68 69 36 52 20 43 48 69 52 26 36 41 43 21 54 75 74 4 5 95 31 47 61 8 66 1 23 0 61 
82 63 88 50 62 96 84 94 82 19 37 18 35 58 21 67 83 64 40 54 10 15 86 80 28 86 81 9 45 45 61 65 78 55 73 76 49 4 48 50 66 31 90 33 76 58 15 62 34 83 60 23 24 42 5 91 93 85 96 18 1 7 17 30 61 8 11 70 43 83 0 
