n: 70
m: 6
Pi:U[1-99] 40 75 72 66 75 70 81 72 32 51 97 38 91 61 16 84 50 44 35 45 93 90 21 14 71 81 23 31 74 48 49 7 20 54 66 59 71 62 78 17 36 65 29 64 30 56 51 12 28 11 71 12 71 22 25 57 95 35 62 67 20 81 83 38 26 24 94 91 48 97 
Si:U[1-99]
0 33 47 7 12 41 32 2 65 12 4 70 58 99 42 99 48 33 99 99 7 21 54 78 16 34 72 99 21 99 99 87 64 88 99 28 99 13 99 13 99 45 90 99 40 27 12 99 75 99 31 46 99 99 24 45 99 36 6 61 85 99 37 99 1 99 27 3 99 99 99 
48 0 10 13 46 37 26 27 39 56 48 58 99 30 99 27 99 96 99 54 28 27 40 57 55 99 96 99 30 88 19 27 7 99 21 99 99 99 3 99 7 81 99 10 99 99 67 16 91 94 27 81 88 99 96 31 99 21 99 85 99 73 99 60 72 60 99 45 58 18 28 
52 49 0 29 55 17 64 12 49 32 99 99 99 90 99 72 99 81 51 82 87 94 99 99 22 36 99 99 28 99 93 7 67 99 78 27 27 3 99 87 16 99 46 99 36 70 99 99 99 93 45 57 25 99 54 12 99 9 76 46 61 67 31 70 99 37 30 99 93 7 99 
43 12 47 0 38 8 58 1 4 27 99 99 99 40 40 27 21 99 99 99 55 99 79 99 99 90 99 10 10 27 54 90 99 15 7 24 99 99 22 94 55 55 88 99 73 99 9 60 40 60 99 91 37 94 99 21 73 87 19 99 99 76 99 99 9 18 48 54 13 99 52 
15 32 33 32 0 57 66 37 65 0 31 12 22 54 99 42 87 91 4 6 99 39 78 99 99 7 99 37 99 99 84 37 42 99 67 7 61 99 94 99 64 88 40 99 7 99 25 99 99 6 64 7 64 78 99 66 40 91 36 90 49 37 21 99 99 42 99 91 88 94 55 
5 34 50 26 46 0 18 56 5 27 42 58 19 12 42 99 99 99 49 99 9 69 99 99 73 87 78 99 76 33 24 99 99 99 99 99 99 99 99 99 66 70 99 85 28 93 99 99 25 9 87 99 99 99 99 72 99 97 99 99 42 99 99 54 67 93 64 91 57 70 15 
49 56 22 40 34 9 0 17 36 58 66 88 99 60 99 97 79 99 99 51 99 25 81 99 90 99 7 21 19 84 33 39 24 84 99 30 37 99 99 4 99 99 61 39 99 99 88 99 99 99 4 46 52 91 69 99 10 99 99 52 13 24 16 99 75 45 84 6 27 93 49 
13 35 36 46 55 47 46 0 24 40 99 78 82 93 99 99 36 66 19 99 91 90 96 54 99 99 99 99 97 39 7 12 99 82 99 99 46 60 99 40 73 30 28 39 55 99 99 75 33 75 45 22 33 27 99 91 99 55 99 99 27 99 84 99 99 99 25 49 99 57 36 
15 18 60 43 2 20 2 44 0 26 57 99 99 6 9 99 27 99 18 76 34 24 27 3 99 99 99 16 97 99 33 99 99 91 99 58 42 99 27 99 39 24 7 37 99 99 67 99 36 58 99 99 99 99 99 99 99 55 78 99 36 99 99 45 13 99 72 99 99 99 99 
4 4 14 22 33 9 8 53 66 0 99 99 88 69 90 52 36 96 73 58 99 42 52 10 99 99 99 25 99 78 99 48 1 99 99 25 99 63 25 27 45 6 99 99 99 34 46 99 99 81 76 99 40 72 76 99 63 99 75 55 99 90 25 70 78 48 25 91 99 57 37 
3 93 67 30 85 94 76 24 48 99 0 40 51 10 18 38 31 24 49 43 4 40 99 84 99 99 99 66 99 76 46 99 61 46 13 91 10 3 45 99 66 99 12 99 51 97 48 73 99 36 85 64 99 99 4 36 99 94 99 18 99 91 61 18 91 46 79 99 79 45 99 
99 99 99 99 24 99 99 99 67 49 62 0 4 49 3 28 42 18 1 54 22 99 18 99 6 99 99 1 73 19 93 99 22 22 37 36 99 99 58 58 46 58 1 99 22 33 99 78 99 84 99 10 9 99 6 99 87 97 57 76 99 43 99 87 94 99 88 99 69 99 99 
99 10 36 33 33 12 76 9 10 36 65 17 0 2 27 6 33 14 22 30 57 99 61 85 67 13 99 99 63 37 63 54 99 99 31 61 55 9 99 93 99 4 36 79 93 99 64 49 85 99 99 25 99 9 42 99 73 1 99 78 99 6 99 99 88 99 99 79 99 75 76 
76 40 79 99 91 99 42 90 99 99 37 54 18 0 53 37 11 24 61 19 99 48 99 99 99 73 22 67 99 99 57 52 99 93 99 84 42 97 49 69 6 66 31 40 90 18 99 99 97 60 91 7 96 72 85 99 99 69 9 51 73 99 99 37 73 99 1 61 76 91 99 
60 27 99 24 24 99 99 99 24 79 5 44 60 26 0 58 38 32 64 52 99 90 7 85 55 4 99 48 99 36 93 4 99 99 99 99 99 3 99 64 55 99 99 99 93 82 99 99 84 30 22 99 58 87 99 4 6 36 99 28 12 10 97 58 3 99 25 22 82 93 99 
99 99 99 19 99 18 28 93 55 39 38 40 30 58 14 0 54 12 13 26 99 21 49 31 19 6 99 49 58 91 42 67 99 93 91 99 99 97 57 99 88 99 46 99 75 93 19 99 73 81 79 99 99 99 99 78 70 30 99 99 79 81 99 99 22 81 49 67 99 36 99 
99 4 40 3 22 72 43 19 90 96 52 58 42 48 58 34 0 61 4 20 67 12 99 34 27 34 99 99 37 60 99 99 85 27 99 99 99 99 66 88 99 36 69 99 57 99 57 99 25 99 99 96 1 42 24 99 25 4 99 22 78 48 72 49 99 99 13 82 28 99 79 
99 54 99 6 81 51 91 99 9 99 30 61 24 31 33 54 66 0 40 12 84 99 63 10 3 30 99 99 36 48 99 99 22 19 99 52 24 93 99 25 9 24 99 99 73 36 99 93 99 99 25 63 72 99 19 99 99 21 61 27 69 18 96 99 64 99 99 99 3 63 10 
1 99 21 69 72 94 25 90 18 45 10 9 4 45 0 50 0 64 0 12 54 99 66 73 99 36 78 49 69 99 96 99 99 99 99 79 99 27 40 58 21 99 49 51 16 99 99 1 37 27 99 27 37 90 81 58 34 66 99 84 78 99 99 76 97 28 90 99 31 99 42 
99 63 60 66 18 33 99 99 40 84 56 38 20 11 10 47 59 36 45 0 21 6 99 70 30 37 99 54 99 67 99 99 82 46 81 99 75 9 52 67 99 49 99 99 99 58 99 16 99 85 91 69 3 1 88 99 67 99 66 39 99 49 45 91 99 99 40 28 70 82 9 
87 4 99 99 69 33 99 99 15 4 10 99 85 60 70 7 99 58 99 87 0 41 13 32 32 24 34 26 59 11 36 99 72 99 34 24 99 81 19 21 94 97 4 99 76 51 99 24 70 99 88 87 99 99 99 99 52 73 25 99 6 99 99 91 72 99 99 7 40 33 99 
93 99 21 99 24 12 99 99 72 99 28 85 99 99 79 49 99 6 88 99 14 0 50 46 48 42 13 59 6 8 16 21 99 99 21 99 99 82 64 52 40 84 99 99 67 55 33 4 7 54 66 52 60 7 24 48 91 28 99 9 72 55 99 99 69 99 99 85 99 72 99 
99 54 61 99 75 40 99 99 36 27 19 31 9 48 99 99 52 49 15 87 52 60 0 62 66 43 26 56 18 61 28 99 99 60 99 99 63 49 72 99 99 64 96 61 60 27 99 99 94 36 40 10 70 37 16 91 28 16 99 18 21 93 78 99 81 91 45 99 69 99 7 
24 88 40 87 84 27 99 40 87 42 93 4 69 99 48 69 63 99 64 66 64 21 61 0 16 47 38 26 24 51 4 70 97 22 99 28 64 99 85 6 27 70 82 63 30 24 76 6 99 22 99 49 43 40 90 6 46 60 54 37 73 99 99 99 61 99 99 93 48 58 9 
99 99 58 99 3 99 78 99 30 99 1 99 99 45 24 99 99 7 99 93 39 16 14 61 0 3 2 27 64 31 51 99 99 64 25 16 69 46 93 18 99 4 99 33 28 93 72 99 99 87 52 99 99 88 63 99 33 99 3 99 93 99 54 55 13 22 99 81 99 39 10 
99 99 99 66 99 15 61 12 63 91 1 81 99 39 88 99 4 43 99 52 42 36 55 29 38 0 18 26 27 12 48 15 99 99 99 73 99 99 42 42 73 99 64 97 52 69 99 55 49 99 82 63 34 97 82 69 81 52 99 99 48 25 99 88 99 88 31 99 67 82 99 
99 37 90 99 78 7 99 99 48 99 45 99 93 61 99 4 91 90 99 70 35 44 32 44 12 54 0 46 64 36 99 18 22 78 99 90 57 30 99 70 51 99 30 99 99 76 93 84 63 99 99 28 99 60 27 99 99 48 37 99 54 99 52 61 42 99 84 30 46 99 99 
57 57 96 61 99 55 49 52 1 30 84 69 24 93 85 99 99 69 97 99 36 25 43 52 49 26 49 0 28 52 43 21 52 99 60 99 51 99 99 99 70 52 99 9 43 99 99 99 99 30 99 60 13 21 30 63 73 12 78 6 6 99 85 99 99 57 78 18 67 99 57 
99 34 33 1 99 99 7 99 99 61 99 99 73 58 24 99 13 19 99 16 3 54 63 64 31 31 37 48 0 10 69 99 36 12 99 99 99 79 40 49 13 84 76 63 78 12 9 24 48 70 85 4 99 58 99 13 99 70 99 7 87 28 88 99 99 39 70 63 87 19 73 
63 54 99 99 55 99 15 97 99 60 81 99 13 31 15 51 30 66 99 99 22 42 6 56 53 63 34 34 40 0 99 61 99 81 15 99 94 15 1 22 72 99 99 99 81 51 87 73 45 84 94 99 34 19 99 36 42 7 66 82 57 7 91 99 31 99 97 37 33 99 99 
60 99 60 42 60 42 61 99 87 85 28 46 52 52 99 99 87 99 99 16 76 78 99 99 25 99 99 94 63 51 0 60 40 65 14 42 56 9 28 25 99 99 34 40 61 70 99 93 66 99 78 82 99 66 94 99 6 37 48 51 64 61 24 19 7 21 54 4 97 97 87 
39 99 99 73 57 25 48 61 90 82 99 99 25 43 42 36 99 75 99 43 81 9 82 99 99 99 90 69 57 99 16 0 45 54 38 40 28 10 56 33 99 99 99 99 97 10 1 3 73 33 25 24 90 16 88 91 82 93 54 99 4 69 99 99 99 88 75 70 51 99 22 
46 99 46 66 57 99 9 84 99 99 48 99 43 25 25 99 99 99 42 99 72 90 19 99 99 16 78 90 99 87 22 38 0 37 36 64 40 15 62 11 99 99 75 99 99 99 99 99 99 99 55 10 30 28 31 99 70 16 1 39 99 90 99 57 1 99 99 97 99 97 22 
75 70 82 97 99 99 96 28 12 12 48 99 61 52 57 99 99 75 94 42 99 99 99 99 60 9 91 46 69 39 52 18 34 0 13 58 4 16 8 39 66 99 58 99 81 99 63 33 72 1 99 99 3 19 99 28 64 99 87 99 87 28 64 67 63 99 4 49 93 76 99 
84 60 99 22 28 84 60 72 39 24 10 99 79 12 99 34 24 33 93 12 12 57 99 94 91 99 28 87 30 1 12 57 64 42 0 2 24 28 59 60 43 1 52 91 73 99 99 39 99 76 66 99 99 3 63 31 99 22 99 9 43 99 99 25 99 40 46 99 99 99 13 
31 43 97 75 96 18 79 88 69 76 79 43 99 1 99 87 60 66 96 63 42 90 99 99 42 78 67 63 99 99 48 66 23 20 37 0 37 38 49 4 21 99 99 28 25 99 90 36 99 10 39 88 63 99 24 16 99 19 39 51 99 15 84 15 28 4 99 99 93 64 45 
99 99 78 99 57 81 99 58 99 99 57 99 7 15 48 43 99 88 99 37 55 84 28 96 16 25 15 43 90 1 38 65 44 22 62 60 0 36 23 50 52 25 99 99 66 99 99 99 19 16 3 87 69 60 24 99 99 99 31 18 55 54 60 99 7 99 52 64 49 93 84 
91 37 99 99 99 99 16 84 31 18 36 99 99 99 79 99 76 46 66 9 24 99 76 19 21 72 28 25 67 4 8 64 55 33 16 62 16 0 42 0 99 99 42 99 99 12 99 99 99 75 22 73 64 57 30 55 99 79 31 81 96 75 55 7 87 99 99 13 99 3 30 
99 39 85 99 97 99 1 76 25 79 99 99 4 24 16 78 99 99 78 33 60 99 55 66 99 57 30 6 93 27 28 45 24 41 45 14 26 1 0 5 93 99 12 99 21 22 99 63 24 37 99 99 99 69 90 99 99 69 66 7 99 15 99 88 81 61 99 99 28 99 76 
54 78 99 24 82 54 64 99 99 30 99 93 99 97 99 99 63 99 13 90 99 10 99 39 91 49 40 99 99 25 4 21 22 0 59 56 24 36 24 0 9 99 82 15 63 99 99 9 99 4 61 99 1 24 60 99 25 55 99 96 93 48 66 9 99 99 1 99 58 99 99 
42 31 99 63 1 64 99 54 99 28 18 84 31 97 99 7 63 79 63 70 36 99 99 45 54 99 99 99 85 72 40 99 10 99 99 48 24 94 25 87 0 18 2 6 38 35 54 56 8 29 99 75 99 6 78 99 7 99 49 99 99 91 58 34 60 99 25 46 58 99 63 
99 19 49 66 99 27 99 15 70 12 91 88 27 99 96 82 3 69 60 34 1 57 99 99 36 82 16 1 52 3 99 99 91 99 99 99 49 19 84 99 44 0 22 20 26 38 31 45 9 58 13 90 75 76 25 12 99 57 40 58 34 99 43 82 13 96 27 99 69 85 99 
99 99 93 75 10 99 6 31 88 46 99 99 34 43 99 39 72 99 61 81 67 1 99 99 81 42 49 1 43 21 99 99 4 99 99 99 99 99 57 4 30 42 0 45 38 28 62 29 42 60 87 28 96 99 21 99 94 78 82 55 39 78 21 99 42 3 99 63 25 7 85 
99 99 12 99 58 79 99 3 64 16 99 99 63 82 13 81 99 70 46 42 9 12 9 76 42 99 70 57 72 82 37 19 6 16 9 99 67 33 91 99 60 52 18 0 28 46 4 18 32 40 94 99 57 88 82 22 33 39 99 99 46 99 99 45 99 63 99 99 54 99 91 
99 93 94 13 49 28 97 43 21 97 46 90 85 99 99 19 99 99 81 49 99 6 3 99 42 69 99 39 63 4 99 99 91 90 25 85 91 27 88 70 6 40 63 28 0 35 8 13 30 2 91 21 99 94 51 99 12 66 99 99 27 25 99 99 99 31 70 79 87 99 99 
58 54 94 99 99 43 48 99 3 76 27 79 63 97 99 58 94 37 99 81 63 7 58 99 94 99 48 85 99 99 51 4 51 36 19 16 85 99 75 99 64 62 39 18 27 0 64 2 34 46 1 40 97 22 82 43 55 31 31 10 42 9 42 99 99 43 25 66 21 13 99 
99 7 99 36 99 57 99 99 94 88 54 57 99 15 99 99 54 99 37 99 3 99 85 99 88 99 99 91 60 55 82 99 42 99 90 99 75 99 22 99 11 38 54 28 10 40 0 59 48 60 99 99 15 60 99 99 64 10 46 99 99 73 40 39 99 90 99 93 1 55 22 
99 42 66 99 75 19 99 66 99 82 70 70 49 76 99 16 96 72 60 99 13 39 99 99 99 99 42 67 13 70 63 82 64 94 99 27 34 1 99 99 28 38 57 27 20 34 43 0 4 16 94 54 76 70 33 88 28 99 51 55 99 63 99 99 81 42 99 49 42 3 72 
34 61 76 76 28 93 85 49 51 51 46 88 96 99 63 78 70 99 52 46 99 85 99 15 67 61 25 1 69 4 99 99 99 84 99 21 99 99 45 99 26 64 51 11 18 65 3 1 0 58 58 39 99 85 69 99 1 18 78 12 6 99 99 75 25 99 4 99 70 99 99 
48 69 99 7 81 55 28 99 72 48 15 10 97 99 4 99 24 94 99 93 73 9 94 78 99 40 99 10 99 39 72 60 43 15 43 22 45 40 99 78 58 20 13 8 16 28 52 7 34 0 99 99 99 25 99 25 45 79 1 99 67 13 21 93 21 64 99 42 99 48 72 
6 55 48 34 99 99 99 99 99 99 64 82 91 21 34 91 99 70 97 99 81 21 30 4 99 28 21 96 99 99 18 99 99 61 99 3 99 99 37 43 82 15 99 99 84 63 99 99 99 55 0 4 3 19 52 25 1 41 37 42 13 88 57 99 99 99 61 40 93 99 67 
99 82 99 99 99 52 99 46 60 99 99 99 69 76 73 64 37 49 99 31 99 52 42 72 18 64 99 36 99 85 66 66 6 10 10 99 99 99 48 99 99 4 96 52 57 40 99 3 99 99 24 0 2 61 46 24 14 10 64 34 36 99 69 99 40 9 40 99 99 99 99 
99 99 18 27 78 13 99 99 99 76 22 31 99 57 49 51 66 76 45 67 88 73 9 7 16 27 3 22 88 66 51 48 93 75 99 81 69 85 99 52 48 22 99 99 99 69 40 45 90 55 8 60 0 48 52 43 50 13 47 14 18 99 99 72 73 99 76 99 73 97 99 
99 40 70 16 27 40 99 4 70 58 27 99 7 99 58 57 75 12 99 93 1 97 70 54 60 99 99 61 81 7 7 99 90 99 99 46 99 36 99 36 22 99 43 99 49 4 99 70 75 61 26 19 54 0 51 32 60 5 0 0 3 1 22 97 99 61 99 61 84 13 61 
19 93 46 42 10 96 99 3 99 70 12 99 99 99 31 99 99 97 73 99 54 21 94 99 99 93 99 27 52 73 52 9 49 15 6 99 99 82 90 46 30 99 30 99 7 54 99 72 99 96 9 47 56 5 0 65 9 48 1 62 99 99 78 70 99 54 46 93 52 15 93 
99 76 15 99 46 48 70 15 51 99 99 99 99 39 99 9 99 33 82 99 70 42 99 64 76 9 25 99 66 45 96 72 90 99 99 75 72 99 84 43 79 63 99 12 91 99 63 93 70 60 5 45 59 6 60 0 2 39 20 36 37 99 12 99 46 19 99 73 33 10 99 
99 99 99 40 4 43 63 99 99 94 72 36 73 22 60 9 69 21 99 82 13 54 99 24 52 99 67 75 60 57 99 97 99 85 99 43 31 91 48 49 13 15 99 15 99 99 99 72 16 49 32 43 56 28 39 60 0 17 54 27 99 99 7 72 63 21 30 99 33 99 16 
37 99 24 54 99 94 99 24 99 22 49 99 99 99 99 36 55 52 27 70 18 76 76 99 99 55 93 99 58 60 1 99 30 21 99 30 67 99 30 45 99 60 79 49 63 99 73 42 91 18 35 13 9 30 52 48 52 0 41 18 37 99 61 22 99 78 19 31 97 25 87 
7 37 60 96 33 99 37 99 99 1 82 61 99 7 96 73 99 88 24 97 33 18 64 85 67 49 42 67 33 63 82 54 99 51 97 99 57 67 99 18 99 70 60 99 40 99 54 99 93 40 47 8 55 62 9 4 30 49 0 1 37 99 99 99 39 21 31 28 97 99 9 
73 46 99 94 28 82 85 87 18 99 99 57 99 28 99 78 3 94 73 55 52 81 66 49 78 70 78 42 42 57 52 99 79 99 81 85 40 9 7 84 87 40 52 42 63 81 99 99 36 85 21 22 66 2 46 11 58 17 5 0 90 25 46 46 54 13 99 99 99 10 19 
64 84 72 33 82 54 93 99 99 81 64 85 90 34 52 48 99 99 99 99 12 43 79 27 64 99 37 1 48 99 67 99 99 72 1 15 99 52 99 51 60 13 93 76 97 16 76 58 99 93 54 99 99 99 22 75 61 99 16 99 0 42 57 64 14 18 12 15 59 23 99 
61 72 52 99 24 99 40 40 94 99 99 73 99 99 99 82 99 99 99 90 94 4 36 3 87 19 84 19 52 90 46 76 78 99 51 99 81 99 88 7 16 19 70 3 91 73 37 48 64 54 99 99 99 19 84 99 99 99 16 99 38 0 61 60 21 24 42 17 20 60 99 
79 99 9 36 27 36 99 48 6 72 99 13 51 99 51 99 99 18 82 37 54 24 99 6 99 63 30 60 48 61 70 7 99 30 1 4 99 33 45 67 10 4 72 94 94 9 99 1 99 94 24 4 99 22 46 22 34 99 99 13 24 45 0 47 38 49 29 60 57 59 13 
52 99 99 93 48 82 99 61 33 99 91 13 43 99 7 99 39 79 99 67 76 99 73 31 9 84 63 58 24 94 99 48 99 99 99 21 66 99 99 85 84 91 60 94 10 99 42 99 48 93 39 99 99 99 99 99 99 99 9 37 30 3 22 0 44 22 48 6 2 38 3 
57 99 99 3 99 99 75 99 99 99 46 36 78 25 36 99 30 16 33 99 99 48 85 52 99 30 24 52 99 99 99 99 99 22 81 49 78 55 99 67 99 40 30 3 9 99 43 99 72 99 99 66 9 99 24 40 99 63 99 76 10 34 22 58 0 28 54 63 40 10 99 
48 21 64 99 90 10 88 7 99 22 10 99 99 99 99 63 43 43 99 51 61 33 99 12 13 76 99 49 75 99 88 99 57 99 79 99 58 45 99 57 52 99 96 67 67 30 45 46 27 94 52 6 88 99 99 99 67 73 99 99 42 65 42 36 60 0 42 24 22 38 99 
99 93 36 19 99 99 99 75 99 99 63 99 22 99 27 22 15 36 82 33 99 99 12 75 55 87 42 99 75 99 99 99 99 63 30 27 99 33 3 61 33 79 93 28 69 99 15 42 99 66 99 60 94 99 99 57 99 13 99 99 4 50 53 37 23 25 0 40 65 33 57 
48 99 99 99 48 97 54 99 99 84 6 99 99 40 60 13 4 99 19 93 99 76 82 52 16 99 9 99 52 3 99 84 99 55 99 7 75 39 9 99 31 54 1 91 99 99 99 46 72 33 57 99 55 99 84 4 22 37 99 82 45 48 38 64 15 42 12 0 60 24 99 
46 67 19 63 99 99 99 52 67 99 46 22 75 99 60 33 70 13 99 3 85 13 67 39 7 33 99 94 99 72 99 46 99 40 64 66 99 78 63 37 36 79 99 58 9 87 1 90 54 99 99 99 54 31 99 99 46 99 70 88 43 15 55 66 18 12 65 10 0 39 78 
19 60 99 18 75 99 75 13 99 99 30 99 60 99 21 34 99 76 99 43 61 99 99 99 99 61 30 61 99 99 99 96 27 99 99 10 99 61 46 22 93 99 54 99 85 73 99 33 99 99 99 99 99 49 99 99 52 99 76 33 60 10 22 15 43 10 34 34 44 0 70 
31 99 99 99 40 45 40 99 27 43 21 28 94 82 4 58 99 42 52 22 10 99 99 88 46 99 76 52 99 37 99 27 99 90 39 43 99 10 82 94 99 63 70 99 99 88 66 60 99 99 72 15 19 25 82 36 99 24 67 12 99 13 60 99 72 99 99 51 99 99 0 
