n: 70
m: 6
Pi:U[1-99] 29 49 82 86 58 52 84 43 57 72 50 67 93 64 73 18 27 71 70 19 86 57 32 39 61 99 39 84 24 49 79 90 59 21 85 90 40 69 73 17 7 81 51 71 80 22 76 79 63 38 74 81 28 17 96 78 23 35 8 87 17 8 93 76 51 76 37 40 20 90 
Si:U[50-99]
0 44 36 36 33 38 60 60 60 54 99 88 81 99 97 99 99 91 90 99 88 99 99 99 99 81 99 79 79 99 99 99 99 99 99 85 99 87 99 99 82 99 99 99 99 99 99 99 99 96 99 99 99 99 81 99 99 99 99 82 99 97 99 84 90 99 84 91 96 90 99 
38 0 43 61 48 47 60 48 59 60 76 76 97 99 99 99 99 99 78 99 79 99 88 99 99 99 99 88 87 99 99 99 99 99 99 76 99 99 96 99 75 99 99 99 84 99 99 90 99 99 99 99 99 99 99 99 85 99 99 99 75 99 99 99 76 99 99 85 87 76 99 
58 40 0 58 63 57 46 60 33 54 99 94 99 84 82 99 88 99 93 79 99 99 99 88 78 81 99 99 84 99 99 99 99 78 99 99 79 99 91 99 99 99 99 99 99 99 75 82 99 76 99 99 99 99 99 76 99 99 99 91 87 99 99 75 99 84 88 99 94 99 99 
54 63 65 0 56 55 62 49 63 46 97 99 99 90 99 99 99 87 87 99 97 87 99 99 99 99 99 99 81 99 99 99 79 94 99 88 99 87 99 99 99 99 99 99 99 99 82 91 99 99 85 99 99 99 93 99 85 99 75 99 99 99 78 99 99 94 99 99 99 90 99 
34 63 37 59 0 50 53 42 38 52 99 94 99 99 99 79 85 99 84 99 99 99 76 88 87 99 99 78 99 99 78 94 99 99 90 99 99 93 99 99 75 99 99 99 76 99 99 97 99 99 99 99 87 99 91 99 99 99 99 99 99 99 99 96 99 87 99 99 99 96 99 
41 40 60 53 66 0 58 34 50 65 99 99 99 93 99 87 99 99 96 91 99 99 75 99 99 97 99 81 99 90 99 97 99 99 90 75 99 99 94 99 99 99 97 99 99 99 99 99 99 99 99 99 99 99 99 99 99 96 99 99 99 99 99 99 99 99 78 96 99 99 99 
38 62 47 58 33 64 0 48 38 45 99 99 79 99 78 99 84 99 99 99 88 99 75 87 76 99 99 91 79 99 87 99 99 82 99 99 99 99 97 99 90 99 99 79 99 76 99 76 99 78 99 76 99 99 99 84 99 99 99 81 99 99 90 99 99 99 99 99 99 99 99 
50 36 36 65 40 42 43 0 60 46 99 96 99 93 99 99 99 96 93 99 99 99 99 99 76 99 99 99 99 99 84 99 99 81 99 99 99 99 99 99 99 85 99 94 88 84 93 94 99 84 99 99 99 99 75 99 99 94 99 84 99 84 84 94 79 93 85 99 99 81 99 
45 34 52 40 43 52 45 44 0 48 79 81 99 99 99 99 99 99 99 99 99 99 99 87 99 99 99 99 99 99 99 99 99 99 99 99 99 99 99 99 91 99 78 99 99 91 75 79 99 99 94 82 99 99 96 99 99 78 79 97 75 99 99 99 99 96 96 99 76 76 99 
64 65 52 62 48 56 56 33 52 0 99 82 75 99 99 99 94 99 99 99 99 99 99 99 99 81 99 99 94 90 99 94 99 99 91 99 78 99 99 81 94 81 99 99 90 90 99 99 99 99 99 81 81 99 87 99 99 88 99 96 82 91 76 99 99 99 97 99 99 91 99 
99 99 84 99 99 99 90 99 99 99 0 60 54 62 54 52 41 35 52 58 99 81 99 96 99 99 99 99 99 97 99 99 88 99 99 99 99 99 99 82 99 78 99 96 99 97 81 99 99 99 99 91 99 75 87 99 99 99 99 85 99 99 90 99 99 99 99 99 99 99 90 
99 99 82 81 81 99 99 85 99 99 48 0 33 38 37 65 50 53 34 58 99 99 99 99 97 99 99 99 99 84 99 99 91 99 97 99 97 99 99 99 79 90 84 84 99 99 99 99 99 99 99 99 99 97 91 99 82 99 90 93 99 99 99 99 99 99 78 99 90 99 99 
99 99 99 99 99 99 99 99 99 76 50 44 0 59 52 64 47 38 44 38 99 99 99 88 99 99 99 84 99 91 99 99 78 99 99 79 75 99 99 99 99 99 75 99 90 97 81 96 99 99 99 99 99 99 99 99 84 84 99 91 99 79 99 99 99 99 88 99 99 99 99 
99 78 99 90 99 99 99 99 99 99 63 64 44 0 51 35 48 60 35 50 99 99 88 99 82 99 75 79 99 99 99 99 96 85 88 99 99 99 99 99 99 99 90 87 91 99 99 91 87 99 99 99 99 78 99 99 99 81 99 99 76 99 99 99 99 99 76 99 99 99 87 
99 99 81 99 99 99 99 99 99 85 51 60 46 40 0 58 41 50 36 49 99 99 99 97 76 93 99 76 99 99 99 99 99 99 99 99 99 99 99 99 99 99 94 99 99 97 99 99 99 99 99 88 99 91 96 99 99 99 99 94 85 82 99 99 93 79 99 99 82 99 99 
85 82 99 99 84 76 99 99 99 99 34 65 45 46 60 0 54 38 38 46 93 91 99 99 76 99 99 87 97 96 78 99 76 81 99 99 99 99 91 99 99 87 84 85 88 99 99 99 91 85 96 99 75 99 99 99 99 84 99 97 99 75 99 93 85 94 88 99 99 99 91 
99 79 99 99 96 99 99 93 99 99 58 34 54 34 51 56 0 53 44 43 99 99 75 88 99 99 96 99 99 99 99 99 99 99 99 99 93 84 99 99 76 99 97 99 99 99 99 99 96 99 99 78 79 79 99 99 84 99 99 90 99 99 85 78 99 99 76 99 99 76 75 
99 99 99 87 76 99 99 75 99 99 66 60 46 35 44 42 41 0 39 54 99 99 99 99 99 99 99 88 79 79 99 99 99 88 87 99 99 99 99 99 99 99 99 94 96 99 91 75 76 99 99 93 99 79 99 91 85 99 84 99 99 99 99 99 99 99 85 99 99 99 99 
99 99 84 91 99 99 99 99 99 99 59 62 49 59 61 45 62 64 0 64 99 81 96 93 75 99 99 84 99 99 99 87 99 99 99 99 93 82 99 99 78 99 99 99 99 99 99 99 99 99 99 99 99 99 99 99 99 90 79 99 99 99 99 99 99 99 99 99 99 99 93 
99 99 90 99 99 88 99 99 99 99 42 42 61 54 44 59 36 49 54 0 99 99 99 96 78 99 99 99 99 99 99 96 99 96 99 99 88 97 99 94 99 99 99 76 99 75 99 99 99 99 82 88 87 99 99 93 91 88 99 99 99 99 88 99 99 79 99 99 99 88 99 
79 99 99 99 99 91 99 87 76 99 90 99 99 99 84 99 90 87 84 99 0 54 60 56 33 36 58 54 35 33 76 99 99 99 82 99 99 99 99 99 99 99 99 94 79 99 87 99 99 99 99 99 99 97 99 97 99 99 84 76 99 99 99 99 88 99 99 99 99 99 99 
99 99 84 99 99 99 99 99 99 99 84 99 99 99 99 94 99 99 99 88 34 0 65 52 56 52 51 54 52 65 99 99 99 99 99 99 99 99 94 87 85 97 99 99 88 99 99 99 99 99 99 99 99 99 94 99 99 76 99 99 99 75 94 93 99 99 90 99 99 81 99 
99 79 99 99 99 99 99 99 99 99 99 99 99 78 94 99 79 99 84 99 39 53 0 52 58 36 55 49 48 44 99 90 93 99 99 99 75 87 99 99 99 90 79 75 84 99 96 99 91 99 99 99 99 99 99 99 99 99 99 99 99 99 96 99 99 99 97 97 99 93 99 
99 99 99 99 99 93 99 99 99 99 99 99 99 79 99 99 99 75 99 99 38 42 40 0 39 50 38 50 56 63 99 99 79 99 99 79 84 99 96 99 99 99 99 99 99 99 99 99 94 99 99 91 99 97 99 99 99 99 99 82 99 99 84 99 99 99 99 99 85 99 99 
99 99 99 78 99 93 99 99 99 99 99 94 99 81 91 99 99 99 87 93 38 53 50 33 0 53 44 36 56 55 99 99 99 99 99 84 99 93 75 82 87 99 99 99 99 99 99 99 99 99 99 90 99 99 99 96 99 75 99 75 99 99 96 99 99 79 99 99 99 75 94 
79 99 99 85 99 76 84 85 99 99 99 99 99 99 99 99 84 81 99 99 58 56 33 48 58 0 55 41 37 33 99 99 90 99 97 99 99 99 99 99 85 99 99 99 99 99 99 91 99 96 99 99 99 79 99 99 93 99 81 97 99 82 90 99 96 81 99 99 99 99 99 
94 79 99 84 99 99 81 99 99 99 99 99 99 99 76 99 99 99 99 99 64 54 34 66 58 59 0 46 42 64 99 99 99 99 99 75 99 99 99 99 99 99 99 99 79 99 81 87 99 99 99 99 99 99 78 88 99 99 99 99 99 82 99 99 99 99 99 99 82 93 94 
99 99 94 99 99 99 99 99 99 97 99 78 99 99 99 99 99 78 93 99 46 58 47 58 63 57 42 0 40 38 99 99 99 99 99 87 99 82 99 99 91 99 99 99 88 99 99 99 99 99 90 99 99 99 99 99 99 99 99 99 99 75 90 99 85 87 82 99 99 82 96 
94 99 90 99 99 99 99 99 99 99 97 99 84 99 82 87 99 99 93 99 64 63 34 57 44 62 39 56 0 62 99 99 99 99 99 96 93 99 79 99 99 99 99 76 99 85 99 87 99 96 99 99 99 99 90 87 99 99 99 94 88 99 99 99 99 99 99 99 99 90 78 
99 99 99 99 99 99 99 82 84 91 94 99 82 84 99 99 99 94 82 99 58 47 50 42 61 51 57 55 43 0 90 99 93 99 99 81 79 94 99 99 99 99 99 99 99 99 91 99 97 99 99 99 76 99 99 99 99 99 99 81 99 99 99 99 99 99 87 99 94 99 99 
99 99 99 94 97 99 99 99 99 99 99 99 99 81 99 99 99 99 99 85 99 75 85 99 99 99 99 99 99 99 0 59 45 56 35 64 56 42 36 48 99 99 99 99 84 84 99 99 82 99 82 99 99 99 84 99 99 99 99 99 99 88 90 99 91 99 82 99 99 99 99 
76 99 99 99 99 99 90 99 75 99 99 99 99 79 99 99 78 99 82 99 88 99 88 93 99 99 99 99 79 99 53 0 51 39 48 62 33 50 55 35 93 76 99 99 99 99 85 99 99 99 99 99 99 99 99 99 99 84 94 99 93 99 99 99 99 99 75 99 99 99 99 
99 99 96 90 99 85 79 94 99 99 99 99 99 99 99 96 99 91 99 75 96 81 99 99 97 99 99 99 99 94 57 40 0 57 37 66 64 49 53 34 99 99 99 99 99 99 99 99 76 99 99 99 99 99 99 99 99 99 91 91 99 99 99 99 93 79 85 99 78 99 99 
99 99 76 93 99 99 99 96 99 99 99 75 99 99 99 99 99 75 99 82 99 99 96 99 99 99 99 87 99 99 38 60 46 0 51 45 42 36 49 50 76 81 88 99 75 99 99 99 99 99 99 99 88 79 99 79 99 84 87 99 99 99 99 99 99 99 99 99 81 99 99 
99 99 99 99 99 99 87 99 99 99 99 79 99 90 99 99 76 99 78 99 88 82 96 78 99 99 91 93 99 87 36 34 48 58 0 60 62 43 47 39 99 99 99 93 76 99 84 99 88 99 99 99 94 99 99 75 99 99 85 82 99 84 91 99 99 79 99 99 93 78 87 
99 78 99 87 99 99 75 81 99 99 99 91 99 99 99 99 99 99 99 87 78 88 99 99 99 99 84 99 75 82 40 58 41 40 58 0 34 49 34 37 93 99 99 88 81 84 99 87 94 99 99 99 99 99 87 96 99 99 82 79 99 99 99 99 99 99 99 99 75 99 99 
99 82 96 85 99 94 99 99 99 88 88 99 88 99 99 88 99 94 97 99 99 99 99 76 99 99 99 99 99 79 39 33 44 44 46 58 0 41 34 46 84 99 99 99 99 99 85 99 99 99 99 99 82 76 79 99 99 99 99 99 99 87 99 99 99 99 88 99 99 99 99 
99 78 99 99 99 81 99 97 99 82 90 99 99 99 94 99 99 85 99 99 99 99 99 99 99 99 85 99 99 90 65 52 40 40 42 54 37 0 44 62 99 99 99 88 99 99 88 82 99 99 88 99 99 99 99 99 99 94 99 99 99 78 99 99 99 76 99 99 93 99 79 
99 99 88 88 99 99 85 99 99 99 93 90 75 99 99 94 87 99 99 99 99 99 99 90 99 99 85 99 99 99 48 50 44 38 42 47 52 55 0 61 99 99 78 91 99 99 99 99 76 99 97 75 99 99 99 99 99 99 99 99 99 99 99 99 99 99 99 99 78 87 99 
99 85 99 99 84 99 78 99 99 99 79 99 99 99 84 91 99 99 99 79 99 99 90 99 99 99 99 99 99 99 55 59 57 48 48 61 46 33 55 0 99 99 99 99 94 99 99 76 99 99 99 79 99 91 99 99 99 94 99 99 99 99 99 99 93 99 99 76 99 99 84 
99 99 99 99 99 99 99 99 99 99 99 84 99 87 99 84 99 97 81 97 99 94 99 93 99 99 99 88 78 99 99 87 99 81 84 99 99 99 99 78 0 35 48 62 46 61 52 36 57 49 99 99 99 99 99 99 99 99 99 99 78 99 90 99 99 81 99 76 99 99 81 
99 75 99 99 78 88 99 91 99 99 99 99 84 99 90 99 99 99 99 75 99 96 99 88 99 94 99 99 99 99 94 81 99 99 99 99 99 99 87 99 41 0 48 52 56 34 33 56 43 65 96 99 93 99 99 99 99 99 99 99 99 99 84 99 93 79 99 99 99 99 99 
99 99 99 99 99 99 78 99 99 93 99 99 99 99 99 99 99 99 79 99 88 99 91 99 99 99 99 99 99 90 90 99 99 99 99 75 99 99 94 99 36 37 0 64 47 33 55 36 62 64 99 99 99 99 99 87 99 99 99 99 96 99 99 85 99 99 99 93 99 99 99 
99 99 99 94 99 99 99 99 99 82 99 79 99 99 99 81 99 99 81 99 99 99 99 99 97 94 99 79 99 82 99 87 99 82 99 99 99 99 99 75 56 38 57 0 46 39 57 55 44 55 82 94 99 91 75 99 99 85 96 99 99 99 99 99 99 99 99 99 99 99 99 
99 99 90 87 85 99 99 87 99 87 99 87 99 99 99 76 91 99 99 87 99 79 75 88 79 99 75 99 87 75 99 85 99 99 99 99 99 99 99 79 43 40 52 36 0 48 44 63 37 51 87 99 99 99 79 99 82 99 99 99 99 99 87 82 99 99 76 99 99 99 99 
99 99 85 99 99 99 99 99 99 99 75 99 99 99 91 99 99 99 99 93 99 99 99 99 78 99 99 99 99 96 88 99 82 99 96 99 91 97 99 99 43 48 52 66 51 0 52 48 41 46 99 88 94 91 85 99 99 94 99 99 99 99 99 99 90 99 99 97 99 99 99 
99 99 93 99 99 84 99 99 99 85 79 99 99 90 96 99 99 99 97 78 99 91 81 76 99 96 79 84 99 99 99 99 91 82 99 99 99 93 99 99 57 50 38 54 42 66 0 39 44 65 99 82 99 84 99 99 93 99 99 99 96 97 99 99 99 99 99 99 99 99 99 
82 99 99 99 97 99 99 99 99 79 99 75 99 99 99 76 99 99 99 99 99 99 99 90 99 99 99 99 99 99 82 87 99 99 99 99 79 99 99 87 62 46 61 40 34 47 59 0 49 44 99 79 99 99 99 99 75 99 99 99 87 99 78 99 99 99 91 90 99 79 99 
75 99 76 91 99 99 99 82 97 99 99 99 99 99 99 99 79 78 99 75 99 82 85 81 99 99 78 81 99 99 99 99 99 88 99 99 99 99 99 99 56 40 64 44 42 33 46 38 0 52 99 99 99 96 91 99 99 81 99 87 99 99 96 82 99 99 99 99 85 79 99 
99 99 90 99 99 99 99 99 99 99 99 84 93 99 99 79 99 91 99 75 99 99 99 99 99 94 76 75 99 99 99 90 93 99 99 99 99 99 99 99 65 40 39 48 39 57 60 36 46 0 99 97 99 99 99 99 88 93 94 99 99 99 99 84 84 99 99 99 79 99 78 
75 99 91 99 99 99 76 99 99 99 99 85 99 99 99 99 99 99 99 97 99 99 99 99 76 99 99 91 99 99 99 96 90 99 99 78 79 99 93 99 91 85 99 99 84 78 99 96 94 87 0 65 36 40 56 54 36 46 66 46 94 99 87 75 99 99 99 99 99 99 99 
99 99 99 82 99 97 78 99 82 99 99 99 99 99 99 99 78 85 99 99 75 99 99 93 99 99 97 93 84 84 99 99 84 99 99 99 96 99 99 81 78 99 99 87 99 99 99 99 78 99 53 0 48 57 50 36 41 35 56 64 99 99 99 99 99 81 99 84 99 99 99 
99 99 91 94 76 84 99 99 99 99 93 99 99 75 99 78 85 99 99 99 85 99 99 99 91 99 99 99 99 99 99 84 94 99 99 99 91 99 99 99 75 99 99 99 99 99 99 99 99 99 36 45 0 48 49 53 35 40 33 50 99 93 99 99 99 96 99 99 99 99 99 
91 90 99 96 99 81 91 78 99 99 99 85 79 99 97 99 99 99 82 99 99 99 99 82 99 82 87 99 99 99 99 94 99 99 90 99 99 91 99 99 97 81 99 99 99 99 99 99 88 85 44 46 35 0 62 34 54 57 41 52 99 79 76 94 96 99 99 79 99 99 99 
99 99 99 99 81 99 82 96 84 96 99 84 99 99 99 99 99 82 99 99 99 85 99 96 99 99 99 99 94 99 99 99 99 99 99 79 99 96 78 99 88 99 93 99 99 99 82 99 99 85 62 36 46 53 0 64 60 35 52 62 99 99 99 99 99 81 99 99 99 99 84 
90 99 99 99 99 99 99 99 99 81 99 99 99 99 78 75 99 99 99 75 99 75 99 99 99 99 79 99 81 99 79 99 88 99 99 99 99 87 88 99 99 90 99 93 79 91 88 91 75 99 54 62 56 55 50 0 44 41 35 64 99 99 99 87 99 99 97 99 97 99 99 
87 99 99 76 76 99 99 99 84 99 94 99 97 82 99 99 99 99 99 99 99 79 93 99 79 99 99 99 79 85 76 99 99 99 99 99 99 99 99 99 82 75 99 99 99 99 90 79 99 99 58 52 44 46 55 36 0 49 46 53 99 99 99 99 81 99 99 99 99 99 75 
93 99 99 90 82 78 99 99 99 99 99 99 99 99 99 93 99 99 88 99 99 99 93 99 94 99 97 88 99 94 99 99 99 99 99 99 99 99 99 99 99 99 94 99 99 99 99 99 99 88 43 56 65 65 48 66 41 0 51 42 82 93 99 99 91 99 99 97 99 99 84 
99 87 99 99 99 99 99 99 99 99 97 99 99 99 99 99 78 99 99 91 78 91 99 99 99 99 99 99 78 99 99 96 99 81 99 75 99 99 99 87 81 99 99 99 82 99 99 99 84 99 33 58 48 56 62 34 42 62 0 49 99 99 99 91 99 99 99 79 82 99 99 
99 82 78 99 99 99 93 99 99 99 99 99 75 99 99 99 99 78 76 99 99 93 82 99 99 99 79 96 99 99 99 81 99 99 99 99 97 85 99 99 99 99 82 99 99 99 99 99 99 84 49 39 40 36 63 33 43 42 46 0 99 99 99 99 99 99 99 99 75 99 91 
99 99 90 99 99 91 79 99 99 79 99 99 99 93 99 99 99 94 99 99 99 99 99 99 99 91 99 99 99 96 99 99 99 99 99 99 96 99 99 91 91 93 81 99 99 99 79 99 94 87 99 99 99 99 99 85 90 91 99 99 0 56 49 33 59 40 34 48 40 38 99 
99 99 91 99 82 88 96 99 84 78 84 99 99 99 99 99 99 99 81 93 99 99 99 99 99 99 75 99 99 99 88 90 99 99 99 99 76 99 99 99 84 99 93 99 99 99 99 84 93 99 99 93 79 99 99 99 76 99 88 87 33 0 62 56 34 34 50 49 44 40 99 
99 99 99 94 99 99 79 79 99 99 99 97 93 99 99 99 99 99 99 99 99 99 99 99 97 94 99 99 99 99 87 82 99 90 94 79 84 75 99 99 99 99 82 99 99 99 99 99 99 99 99 99 99 99 81 99 99 99 99 99 52 45 0 50 35 50 61 53 46 42 84 
99 99 99 99 99 99 91 84 99 99 99 99 99 82 99 82 99 99 99 99 99 99 79 93 99 99 99 99 99 94 87 79 99 99 87 99 99 99 99 99 81 99 93 94 99 99 99 99 85 99 99 99 91 82 99 99 75 76 99 99 64 36 39 0 50 48 43 36 64 50 94 
99 94 81 99 99 99 91 79 99 99 99 94 99 76 91 76 99 99 99 99 99 99 99 99 76 99 99 93 99 99 99 76 85 99 99 87 99 96 99 99 97 94 99 99 76 99 99 99 99 81 99 99 99 84 84 78 76 99 99 99 48 46 53 38 0 60 52 42 50 38 99 
99 93 99 99 99 99 99 99 99 99 99 78 99 85 99 99 99 90 99 99 99 99 99 82 85 99 85 99 78 91 99 99 99 99 99 90 99 99 84 91 79 99 81 99 99 99 81 99 79 87 99 97 99 99 99 99 99 99 99 99 42 34 35 40 37 0 36 59 51 41 99 
91 78 99 75 99 99 99 99 99 94 99 99 99 99 99 99 99 99 99 96 99 99 99 99 79 99 99 99 99 84 94 99 99 99 99 99 99 99 99 99 99 93 75 96 97 75 99 99 99 99 75 99 99 99 99 79 81 93 91 99 33 55 40 66 38 54 0 44 40 42 99 
99 99 99 75 99 99 96 99 99 82 99 99 97 78 99 99 78 85 84 99 99 85 84 99 84 99 99 99 81 93 99 94 99 99 99 91 99 99 88 99 96 99 99 84 99 99 99 99 85 76 99 99 99 99 99 99 82 99 76 99 63 35 65 51 34 63 60 0 34 39 99 
99 99 99 99 84 81 76 99 99 99 78 99 99 99 99 99 99 82 99 99 99 99 99 81 99 84 84 94 99 99 99 84 99 99 99 87 99 99 99 99 99 99 93 99 99 90 76 87 99 99 99 99 93 84 87 91 99 99 79 99 61 59 52 50 40 64 54 53 0 51 99 
87 96 78 99 99 75 99 99 99 85 96 99 99 99 99 99 99 99 96 87 99 99 99 99 76 99 99 99 99 99 87 90 99 99 99 99 99 75 99 96 99 99 99 99 99 99 99 99 99 99 99 93 99 87 99 99 75 99 99 75 46 33 64 52 36 38 48 42 47 0 99 
99 93 97 94 88 99 99 99 84 84 99 88 99 99 99 93 93 90 82 99 99 76 99 99 99 99 99 75 82 75 99 94 99 99 99 99 99 99 99 99 99 99 84 99 99 99 91 99 99 99 99 99 99 76 99 99 99 99 81 99 87 93 99 76 76 99 99 99 97 99 0 
