n: 70
m: 6
Pi:U[1-99] 49 98 81 94 8 85 23 28 99 57 20 56 1 36 55 90 3 61 33 69 98 88 67 57 82 89 41 53 22 41 85 22 53 25 23 15 64 90 7 46 7 2 58 13 33 88 70 87 50 57 35 82 77 17 81 64 61 6 61 77 37 29 41 76 82 26 18 8 94 91 
Si:U[1-124]
0 13 17 4 44 19 51 1 40 52 57 66 124 124 30 72 13 61 31 78 67 117 97 75 124 45 28 34 60 9 69 124 124 124 124 124 124 124 75 121 36 124 3 87 111 52 81 84 97 124 46 10 124 10 124 34 124 55 103 30 124 6 90 49 18 67 49 124 4 102 46 
58 0 50 10 22 8 25 69 24 14 73 124 75 124 124 69 1 88 106 124 79 97 124 39 82 124 3 124 15 76 48 9 124 63 12 124 124 90 124 117 3 124 124 28 33 7 124 28 124 55 61 124 69 40 124 103 25 124 124 3 97 100 124 124 7 33 1 124 15 124 102 
22 23 0 33 0 6 70 37 2 3 124 114 124 51 30 4 124 102 42 124 4 85 124 3 13 124 13 124 85 124 31 34 64 124 100 13 57 121 102 124 73 25 66 124 120 124 51 15 55 54 124 21 124 124 124 114 6 45 25 64 70 82 124 19 124 42 124 115 30 99 33 
39 1 76 0 48 58 76 46 66 13 15 120 55 22 7 124 76 124 124 124 63 27 109 109 39 124 27 33 4 124 54 124 124 54 49 7 124 22 105 22 7 97 57 124 124 70 37 114 124 115 118 124 9 124 24 124 124 97 108 13 102 124 45 58 124 124 40 103 3 124 124 
57 1 36 64 0 20 64 46 82 24 61 124 124 124 88 124 43 76 124 124 124 19 58 81 124 118 124 97 124 60 7 97 124 7 30 124 51 123 124 69 115 118 124 111 124 88 66 124 3 124 124 64 97 124 118 97 124 124 111 42 75 124 111 75 78 82 19 48 94 124 124 
53 32 35 54 60 0 37 71 52 63 10 63 31 10 13 46 90 97 82 114 58 15 1 124 84 91 52 96 91 15 118 4 120 25 124 124 124 51 43 96 66 124 13 124 124 67 34 1 124 105 52 66 16 124 6 124 82 84 103 123 24 25 115 124 55 49 112 30 64 1 93 
80 72 27 22 60 11 0 36 50 69 31 124 124 118 66 124 124 124 124 73 73 40 124 70 36 124 124 106 102 100 27 24 124 97 48 96 55 60 33 66 124 124 124 100 30 111 42 124 75 66 105 124 46 7 124 73 124 124 21 124 34 124 117 39 64 124 69 54 91 100 123 
62 21 8 44 66 42 36 0 53 20 36 124 42 124 16 105 91 12 124 124 124 124 18 91 123 70 124 33 124 21 124 66 124 124 63 72 102 73 93 124 106 123 37 15 70 58 61 88 124 10 54 124 4 43 120 124 124 4 88 124 82 124 45 30 124 111 124 16 124 124 94 
68 76 80 76 66 6 2 20 0 32 66 124 28 124 124 124 124 18 109 22 48 79 1 124 123 117 70 124 16 124 1 45 124 124 4 28 124 124 34 124 124 124 58 6 124 124 124 124 19 123 34 111 19 123 9 42 124 124 124 79 82 73 105 124 63 43 19 124 93 124 124 
52 37 33 17 47 11 62 26 53 0 124 124 37 57 70 1 124 99 108 117 22 33 1 39 124 124 124 124 109 22 61 54 114 96 124 76 124 88 7 124 49 106 124 34 6 27 102 75 124 124 124 124 109 9 3 36 43 88 124 108 3 90 18 21 79 60 102 124 124 64 124 
13 100 22 97 123 124 72 100 124 124 0 43 49 30 71 81 25 71 59 74 25 124 124 76 114 124 117 124 124 88 124 124 9 106 124 75 124 112 67 66 39 124 3 124 124 39 124 124 124 69 106 124 66 61 22 73 24 100 124 51 124 21 15 124 115 30 124 13 52 91 124 
64 124 84 117 124 124 76 99 124 112 3 0 34 76 58 29 27 34 80 52 108 106 42 57 70 124 9 124 84 24 45 124 73 7 27 45 78 73 90 24 97 117 76 52 63 124 33 124 100 75 124 15 124 15 19 111 48 97 124 3 97 94 112 54 124 124 124 82 124 124 124 
91 124 123 96 94 6 123 93 124 102 74 20 0 72 80 61 37 57 15 60 124 57 49 84 78 45 25 1 84 9 124 105 81 108 78 124 106 10 72 124 124 124 31 31 97 91 42 46 124 37 124 90 124 70 73 100 19 121 124 124 124 124 3 123 81 13 33 112 45 99 58 
124 25 121 28 124 57 124 43 124 99 14 64 18 0 56 11 26 21 46 15 24 33 60 45 124 90 124 124 124 45 124 120 12 91 124 99 21 99 112 124 103 117 73 117 99 22 124 124 90 124 124 123 111 42 124 124 124 124 31 63 124 24 66 45 124 112 124 46 69 63 40 
54 124 81 124 114 93 99 124 76 18 78 76 48 61 0 31 75 23 80 30 54 124 123 36 61 124 88 124 117 94 96 124 18 124 96 109 111 112 40 13 31 111 124 63 124 124 117 49 51 18 87 75 124 117 72 19 124 21 124 99 6 124 24 1 99 124 124 66 124 4 124 
9 6 88 76 70 124 36 124 124 97 65 68 57 0 45 0 28 6 24 70 40 124 112 3 21 12 10 75 73 124 124 124 124 84 81 124 124 124 85 27 52 108 70 72 124 105 81 124 94 124 102 49 124 81 49 102 105 124 31 40 124 124 118 93 76 40 87 124 124 124 124 
124 87 108 33 27 51 73 84 85 93 57 67 73 1 63 58 0 39 28 40 124 70 124 75 124 82 34 88 124 124 27 4 124 51 28 58 124 63 13 24 124 124 40 124 124 54 124 124 79 46 124 43 124 37 64 49 67 124 124 124 69 96 124 124 57 124 58 58 124 61 123 
54 34 124 124 78 124 46 90 124 64 10 12 81 29 51 56 24 0 4 51 124 124 106 124 37 73 124 94 84 16 16 109 3 61 124 13 124 124 124 70 124 124 124 124 124 124 46 117 118 124 58 124 46 102 124 60 6 72 124 117 124 30 96 48 124 124 124 111 124 16 124 
124 31 124 124 124 84 124 48 124 40 68 74 65 8 39 22 70 82 0 21 124 63 24 58 46 99 28 114 124 49 30 99 3 124 67 49 1 3 124 112 124 78 115 124 67 124 103 19 100 87 30 94 22 61 124 93 124 69 124 124 124 33 58 124 34 124 58 124 25 21 102 
91 118 124 90 99 124 42 111 124 75 82 22 68 14 13 10 30 28 38 0 12 76 112 49 42 55 115 9 12 124 46 70 55 45 109 49 120 124 15 118 124 16 43 124 124 124 9 13 22 112 124 111 3 124 124 69 124 75 25 124 124 3 124 70 69 124 124 124 85 124 31 
124 87 40 40 3 69 124 124 30 69 124 42 31 124 45 123 88 3 124 19 0 78 40 51 28 49 48 42 2 82 124 124 124 34 124 124 124 117 124 124 124 81 88 19 81 124 114 124 124 109 124 76 19 124 108 124 55 21 46 76 13 124 85 37 123 91 124 91 58 87 82 
24 124 31 97 1 63 31 79 58 9 12 124 123 54 66 111 124 15 103 124 27 0 68 43 16 75 18 54 78 69 96 111 10 31 73 124 99 124 124 124 124 40 30 124 124 124 124 124 7 100 124 124 124 67 124 123 112 124 124 124 75 15 124 73 73 124 118 124 124 124 55 
124 46 124 4 124 124 64 124 124 124 85 7 121 87 58 93 124 24 124 43 15 24 0 18 3 50 54 66 76 46 61 109 105 120 105 93 124 96 48 27 54 12 124 69 46 45 118 18 124 124 124 78 124 63 124 121 60 12 111 124 124 15 124 124 6 123 124 33 61 124 72 
60 4 88 55 72 40 124 124 43 76 124 18 112 124 124 124 37 102 103 13 4 30 34 0 2 11 80 20 60 46 39 124 52 90 1 124 118 60 124 111 78 13 124 63 61 39 93 33 34 105 123 82 4 124 124 93 63 87 124 70 63 124 79 82 124 124 24 111 13 67 124 
63 124 10 57 124 124 112 64 1 46 54 96 49 4 124 55 124 79 124 117 5 82 40 38 0 70 35 64 63 22 124 96 45 93 124 42 63 124 99 16 124 75 115 87 58 124 124 124 124 19 124 34 21 124 85 73 87 124 103 124 124 79 111 88 4 100 108 124 45 121 124 
21 124 57 124 124 124 43 37 124 124 55 124 57 79 124 34 124 124 18 36 62 2 10 52 21 0 34 30 24 35 18 124 124 124 124 81 6 124 13 124 124 12 15 124 6 124 124 102 6 102 124 100 124 48 67 4 79 97 22 96 124 124 93 124 16 6 28 124 27 58 124 
24 93 3 124 42 96 39 124 36 124 124 124 54 124 124 124 27 57 33 120 50 65 28 16 24 37 0 34 21 49 51 34 85 85 55 76 19 46 124 124 124 124 1 96 33 31 115 87 121 82 124 124 91 103 51 124 124 33 124 124 124 37 124 73 103 124 124 97 60 124 22 
124 27 124 124 124 60 6 94 100 9 84 105 112 124 112 124 45 18 124 99 40 41 38 68 15 76 81 0 47 63 124 123 25 124 124 88 79 124 124 94 105 124 117 97 37 57 124 106 10 28 54 124 54 75 124 124 124 96 124 55 93 76 16 121 109 124 48 124 124 43 73 
1 84 12 96 117 24 99 124 85 123 67 115 103 40 9 81 61 33 124 33 65 74 52 48 51 36 55 4 0 78 91 64 124 88 124 124 1 40 124 124 24 124 121 75 118 120 43 91 124 33 120 124 99 55 124 124 124 84 36 84 81 124 85 124 124 124 124 124 4 64 124 
124 124 124 55 102 82 46 124 124 124 12 124 108 124 124 96 37 124 46 120 30 79 17 48 56 10 76 12 80 0 96 124 124 111 16 97 97 76 100 124 124 10 63 100 82 22 1 124 63 34 124 124 63 43 31 31 124 10 73 87 72 124 124 99 114 124 60 111 124 124 124 
43 97 24 24 48 46 124 124 61 90 9 99 15 46 102 78 54 124 124 73 52 124 124 81 31 27 120 124 124 88 0 55 38 42 80 27 70 66 55 30 42 124 124 124 88 102 85 124 124 124 124 81 124 124 52 45 124 58 124 76 124 69 109 124 18 6 63 108 124 124 124 
37 27 78 106 124 124 108 124 93 112 30 28 97 19 67 91 124 124 124 70 69 114 121 124 124 21 81 124 51 115 21 0 44 60 58 60 54 58 5 55 84 103 78 124 124 16 124 25 124 124 124 118 124 51 111 124 10 124 70 33 6 111 118 124 46 106 57 105 10 25 102 
48 34 124 124 88 69 33 51 124 124 31 124 109 15 124 37 58 10 124 124 96 81 103 24 124 124 124 81 114 106 77 1 0 38 35 52 74 49 1 6 27 124 21 31 124 124 124 124 36 112 111 124 75 124 124 124 54 100 121 124 124 124 94 124 22 81 124 10 40 103 1 
124 72 124 84 118 3 63 124 114 124 124 124 124 85 73 72 51 39 102 46 112 3 124 84 124 58 31 33 124 102 10 38 34 0 5 19 74 7 15 31 24 109 34 124 66 49 103 55 39 124 94 30 112 124 9 73 124 124 124 60 124 124 75 22 75 124 97 31 73 48 51 
4 27 85 31 6 124 40 60 63 124 124 123 114 31 49 63 96 33 46 31 19 124 61 4 33 21 102 75 84 124 47 42 50 26 0 31 26 46 39 78 124 67 46 97 124 64 124 66 124 124 30 16 124 100 93 57 16 52 9 10 124 37 93 103 10 117 12 124 112 60 39 
78 123 87 4 124 45 124 37 79 124 31 114 124 124 3 34 73 124 124 112 64 45 124 3 124 124 85 57 9 124 56 36 68 76 14 0 22 31 82 76 124 102 124 22 88 64 73 93 13 120 124 78 19 87 70 82 43 124 12 6 124 81 82 124 10 124 93 124 111 112 42 
124 91 57 70 87 36 124 33 72 124 124 124 124 9 124 124 109 124 124 117 52 1 124 124 124 124 124 114 37 124 61 28 42 82 63 2 0 10 9 18 124 124 124 124 37 37 124 67 118 105 124 73 94 124 22 93 124 124 34 117 100 124 61 124 63 124 91 93 124 124 93 
124 82 48 90 75 124 124 4 124 7 124 103 103 94 124 7 124 36 124 124 124 1 124 57 91 91 124 19 124 114 22 24 8 46 50 21 47 0 3 3 33 124 76 40 75 124 57 7 58 124 88 124 124 16 34 24 42 78 124 121 48 124 124 27 82 85 124 49 124 117 124 
69 16 124 124 124 109 61 124 124 45 16 69 4 124 117 118 124 124 76 124 84 82 124 124 87 28 66 124 78 25 75 56 69 24 47 41 45 58 0 36 73 112 124 60 124 96 109 124 102 55 46 124 69 124 18 25 123 124 118 120 94 90 12 87 22 124 124 33 124 124 109 
124 121 124 109 124 124 111 124 60 96 57 124 124 73 105 105 94 40 79 90 120 124 3 21 108 117 124 27 57 106 62 0 46 46 27 64 32 26 27 0 37 90 124 36 124 124 124 124 4 124 124 22 124 124 124 124 121 57 22 124 124 124 79 85 105 87 43 102 79 118 99 
48 117 118 85 75 124 40 78 30 108 82 120 45 61 102 82 1 9 81 124 33 24 75 55 15 124 21 111 30 124 96 76 75 103 124 124 108 70 114 124 0 56 52 0 50 66 36 11 24 48 124 124 31 124 124 49 124 12 30 64 124 124 124 94 124 9 124 124 19 31 82 
103 124 124 88 22 124 111 25 37 124 124 124 73 30 124 124 16 63 96 24 36 10 124 63 79 124 45 63 10 87 52 102 124 85 18 124 39 124 124 34 52 0 51 3 2 31 61 52 11 74 40 118 124 66 34 106 9 81 60 73 96 91 55 100 120 123 124 124 100 124 124 
108 25 97 97 99 81 4 124 57 15 112 124 4 87 124 124 91 124 4 106 93 31 118 55 124 124 99 18 19 18 6 48 124 18 34 40 19 58 42 16 59 63 0 80 38 33 27 9 70 79 124 49 87 10 124 124 97 124 100 124 18 1 76 73 124 124 85 124 96 22 124 
9 67 124 124 105 105 124 124 124 124 124 15 124 124 96 115 39 124 55 55 124 19 124 124 7 112 117 19 124 90 43 51 124 45 12 55 40 100 91 124 10 56 34 0 12 36 80 32 55 77 64 40 124 31 52 94 124 18 93 124 100 124 61 27 124 124 1 49 124 19 124 
99 45 64 124 76 66 25 40 123 27 85 82 6 108 25 108 124 121 24 124 84 24 34 124 15 102 124 124 124 19 12 4 61 124 16 54 25 112 24 6 40 82 5 75 0 78 46 78 66 28 124 28 94 36 63 124 37 37 30 115 118 124 46 124 124 124 124 124 64 124 99 
124 124 121 124 118 124 124 124 81 124 31 118 124 40 94 43 115 124 64 121 66 124 34 82 25 124 33 124 124 124 40 124 34 124 88 112 124 88 58 93 38 80 58 6 25 0 73 30 28 72 30 124 22 75 96 18 123 63 10 87 57 124 1 124 124 21 88 93 114 73 67 
124 117 124 115 49 43 16 36 124 124 102 91 52 115 118 124 124 28 124 55 124 63 124 40 124 120 99 124 46 124 39 7 124 19 124 120 124 97 58 120 14 17 34 59 68 13 0 16 38 57 124 124 124 124 124 51 91 33 124 124 115 124 124 9 124 46 124 123 31 91 124 
81 72 124 121 19 21 37 25 124 67 100 3 124 124 79 124 124 40 124 63 67 102 117 78 102 72 87 76 115 97 51 124 124 124 42 55 84 37 124 22 5 33 58 14 19 20 42 0 1 63 27 69 117 124 124 87 124 124 117 7 36 100 28 69 18 124 114 102 124 124 46 
109 124 90 100 106 124 19 64 124 117 124 45 28 93 63 6 70 120 124 124 91 108 124 78 10 124 60 52 124 57 124 28 105 124 124 27 102 124 124 67 65 40 8 70 67 39 62 46 0 62 121 31 93 15 34 120 124 124 7 96 82 124 120 124 124 43 124 124 124 15 27 
124 37 58 108 58 114 36 124 120 9 31 64 10 90 88 75 105 3 87 124 124 124 124 70 124 124 30 124 28 6 124 37 78 124 124 124 124 108 21 124 53 20 45 17 31 2 56 13 54 0 124 88 45 49 124 84 117 4 124 46 124 121 124 61 87 124 85 102 117 67 16 
16 36 114 97 57 106 72 49 121 124 18 48 124 124 57 34 124 124 66 124 76 69 73 117 34 124 91 124 15 64 31 114 124 18 55 124 124 67 43 9 4 84 124 124 124 124 118 61 3 102 0 80 46 50 9 20 36 69 34 52 37 22 87 13 114 124 66 85 124 87 124 
69 18 64 25 118 100 124 60 124 69 48 124 124 124 124 124 33 79 61 106 46 123 25 124 118 45 94 42 87 46 105 43 46 124 84 124 124 78 42 109 72 124 43 115 45 27 124 124 115 106 68 0 62 20 30 61 3 35 13 48 124 124 85 124 120 124 30 93 124 120 124 
124 124 73 57 6 30 7 109 52 33 73 45 124 124 124 124 106 57 124 124 115 112 34 124 124 6 124 49 124 124 15 87 124 55 97 120 124 49 55 21 124 124 46 124 13 124 114 105 124 70 27 38 0 70 66 2 4 31 29 42 82 4 25 73 40 7 109 124 124 124 10 
49 75 73 79 82 84 102 124 124 61 76 16 28 124 67 124 124 124 82 33 40 99 124 91 124 114 124 124 124 25 9 124 88 118 3 124 124 12 90 13 87 58 22 33 43 121 7 70 6 124 52 78 42 0 14 14 72 54 63 4 124 124 87 124 1 34 124 94 82 39 124 
13 40 124 76 9 99 112 58 124 115 85 124 103 124 100 69 93 36 63 111 63 124 34 10 10 124 124 57 78 10 124 124 124 39 75 124 10 124 4 91 124 22 99 96 66 84 42 102 124 79 14 61 6 68 0 7 58 71 54 71 97 43 66 124 108 75 52 100 103 49 54 
105 49 124 93 21 12 124 55 67 22 124 81 55 25 25 124 3 16 19 75 124 124 48 117 124 81 124 97 124 15 124 46 73 124 124 40 124 82 124 54 124 94 18 124 124 103 124 118 45 90 22 23 81 47 16 0 14 13 24 9 12 16 124 124 58 124 58 90 9 124 90 
124 124 124 124 121 49 124 96 39 73 124 70 124 124 120 124 34 27 115 124 52 45 69 124 106 27 108 100 115 58 96 124 124 30 112 124 34 124 124 117 124 79 93 36 16 13 25 124 91 124 73 61 39 35 26 50 0 81 47 76 124 55 88 72 73 13 124 16 118 97 42 
75 124 73 120 57 82 124 27 31 48 124 124 124 105 124 124 105 111 54 85 124 124 61 124 124 124 19 124 6 52 96 103 124 85 27 52 66 124 19 124 124 120 124 49 12 124 48 124 124 79 73 50 3 44 36 12 64 0 53 34 124 124 21 61 124 96 117 124 31 55 75 
46 124 124 19 25 28 109 124 124 6 115 91 124 7 21 15 106 124 100 48 124 124 24 124 45 106 115 63 54 91 58 124 21 124 54 114 124 124 43 124 31 124 105 124 124 85 48 16 123 66 72 10 6 12 28 48 38 17 0 33 111 124 118 1 90 39 60 12 124 124 46 
124 124 120 72 120 18 40 111 90 27 124 124 76 60 87 55 7 124 106 108 124 124 81 124 124 57 64 106 1 124 124 64 114 109 124 97 124 94 72 19 34 124 124 39 115 43 102 103 67 124 10 54 60 70 46 56 64 80 7 0 37 124 112 46 105 124 124 75 30 124 9 
79 105 93 124 124 1 99 97 18 64 4 105 30 124 112 15 73 13 124 124 124 61 124 3 124 124 124 124 85 36 87 115 124 67 15 124 1 124 124 30 54 102 48 124 124 124 124 27 3 9 57 55 69 40 4 25 124 39 72 63 0 73 12 9 32 54 76 28 76 74 66 
124 124 88 117 102 124 93 124 61 12 81 124 99 124 97 82 30 87 93 124 7 13 51 124 124 111 124 124 124 42 27 120 15 124 124 54 94 49 1 124 124 93 124 96 3 27 7 124 31 54 51 124 1 93 72 55 25 60 114 124 74 0 21 68 4 5 66 30 62 74 124 
88 124 25 106 124 124 49 60 103 124 124 22 105 81 10 36 57 124 93 24 94 58 67 124 49 103 102 124 52 55 24 79 34 124 54 109 124 30 121 7 28 112 115 124 124 102 12 90 124 124 43 120 57 124 73 10 124 124 124 31 61 71 0 15 11 54 34 6 38 82 124 
10 87 16 124 7 85 96 24 30 102 75 124 30 1 75 123 124 121 84 19 66 114 124 112 4 97 4 123 109 31 124 111 117 15 64 88 124 124 93 124 9 124 27 99 124 94 51 115 112 30 124 10 94 91 124 84 124 75 124 124 60 79 43 0 18 58 46 70 7 58 75 
112 124 124 31 124 124 124 4 91 60 24 124 124 124 124 96 124 124 124 124 124 36 4 124 120 81 82 61 69 124 54 94 124 30 94 124 63 124 124 124 124 21 25 42 111 124 124 109 124 40 48 102 102 85 124 124 124 124 76 55 52 32 45 42 0 4 44 15 29 62 91 
124 34 97 13 111 115 81 124 124 124 72 115 90 115 105 124 99 91 124 124 121 24 124 97 85 48 124 124 124 91 43 58 61 124 124 108 15 63 124 103 124 48 111 3 124 25 60 124 124 40 57 123 18 22 117 105 124 111 6 3 8 54 61 68 12 0 64 58 15 48 76 
36 1 124 61 124 124 43 124 24 13 93 124 9 19 124 72 30 123 12 49 124 6 13 97 124 64 60 124 70 18 76 7 120 75 124 76 124 16 124 124 124 103 105 124 46 15 124 124 33 6 30 27 124 124 124 105 31 51 124 118 12 78 43 46 48 12 0 78 78 7 124 
15 124 34 97 124 124 124 124 4 25 7 124 48 124 76 124 124 112 124 15 124 124 1 121 124 124 124 12 9 67 124 124 106 124 81 85 30 52 117 75 55 124 102 103 124 124 124 87 124 124 124 6 121 4 124 84 124 84 103 81 2 31 66 42 66 64 72 0 9 74 124 
55 103 10 103 33 124 73 124 19 70 30 94 96 124 31 124 13 49 21 63 76 124 124 19 9 124 121 124 16 124 124 124 7 82 58 48 124 37 78 42 124 124 124 124 124 124 109 124 124 124 124 124 124 78 124 124 75 81 6 85 70 52 25 76 76 36 71 60 0 49 124 
103 12 121 81 124 10 16 124 108 31 43 51 90 124 96 90 112 21 124 124 52 123 124 79 124 70 124 108 45 109 105 85 78 124 9 124 19 73 124 46 84 52 24 25 94 4 124 124 124 124 124 30 31 63 22 90 124 124 28 124 13 1 54 82 33 42 50 60 82 0 124 
124 124 124 124 37 124 30 124 58 9 112 63 9 109 79 36 87 15 102 124 124 82 66 63 73 58 1 69 124 34 103 54 124 22 124 28 124 15 124 31 22 108 55 91 34 124 39 76 124 19 124 124 66 108 115 124 124 124 124 84 93 4 15 124 18 117 42 124 24 124 0 
