n: 70
m: 8
Pi:U[1-99] 87 78 82 71 51 5 1 48 66 11 33 54 91 25 25 30 22 19 46 95 12 47 81 81 34 15 36 95 82 5 73 70 72 16 48 88 17 26 9 77 66 47 58 24 97 28 10 92 66 72 23 21 38 55 58 1 24 43 10 1 27 84 44 77 70 56 23 88 81 14 
Si:U[50-99]
0 74 71 52 62 66 85 62 65 77 76 53 86 55 75 63 50 97 64 74 96 59 62 98 54 82 64 95 59 81 58 85 95 64 57 86 81 65 64 59 63 94 87 82 74 50 86 65 82 53 57 69 68 61 78 64 75 73 53 99 68 80 88 89 96 75 69 79 88 63 88 
68 0 89 93 78 90 85 96 98 94 80 71 72 57 52 95 97 85 59 57 92 63 60 96 91 95 93 84 98 64 74 87 94 80 50 88 75 80 78 57 82 66 55 52 50 59 80 84 71 93 50 54 87 70 98 64 98 50 79 68 72 58 92 86 93 91 96 64 53 84 92 
51 90 0 57 86 73 70 88 79 87 92 80 91 53 59 83 55 99 55 87 97 82 68 66 60 70 87 83 61 78 63 53 89 84 95 70 73 74 92 54 64 56 51 85 64 64 85 89 79 65 95 83 69 77 92 94 77 74 52 73 61 67 80 81 95 57 69 72 59 87 96 
95 73 96 0 86 94 93 53 57 60 69 90 63 68 93 56 84 53 90 58 74 95 75 94 87 50 95 94 77 66 57 50 51 56 69 59 74 71 77 50 80 70 98 50 76 59 93 85 80 93 85 88 50 53 60 73 84 81 74 81 95 94 60 71 55 76 77 73 96 58 85 
83 53 80 89 0 77 96 88 56 76 60 58 87 71 96 87 94 59 51 74 55 79 67 57 92 80 53 80 77 67 63 75 91 56 71 84 53 93 52 62 82 88 81 92 71 65 54 58 67 71 70 85 87 96 78 84 82 67 63 81 77 97 76 98 51 90 52 64 69 54 52 
59 76 69 73 68 0 97 72 83 75 65 85 60 70 89 73 71 63 55 85 92 73 62 58 82 62 91 59 89 76 75 56 69 81 96 66 71 54 62 65 82 76 91 60 81 62 61 64 62 80 75 85 89 80 91 98 78 98 56 54 70 80 97 63 92 82 89 59 50 65 92 
63 52 67 80 65 94 0 64 62 84 76 63 72 87 86 76 69 84 87 95 51 55 82 74 53 60 58 66 70 96 91 90 69 96 56 57 95 75 86 87 70 67 67 71 69 90 53 67 80 57 73 75 73 98 94 88 96 78 85 67 73 93 53 57 92 58 91 81 52 59 70 
76 95 56 61 90 51 82 0 89 74 97 81 98 52 72 84 94 97 82 66 62 84 90 53 71 86 82 72 58 84 54 58 92 95 58 57 56 73 81 81 88 52 66 54 89 58 65 65 53 80 51 97 88 61 84 90 74 98 74 81 82 99 81 58 74 50 98 76 86 89 65 
83 50 80 82 76 83 61 75 0 81 97 84 87 54 51 84 89 94 99 57 90 83 98 92 89 68 89 96 61 88 99 82 96 63 92 64 95 58 93 89 71 61 87 76 84 94 64 65 96 74 85 95 97 51 88 55 68 59 98 66 71 51 73 69 97 70 75 79 59 67 61 
71 89 93 82 51 65 64 65 57 0 97 67 73 52 59 67 67 72 82 89 61 72 95 55 99 60 77 56 70 60 70 71 56 57 75 83 60 76 60 53 55 94 70 90 63 92 87 90 84 74 55 78 51 96 86 80 77 58 70 96 87 60 51 52 73 63 96 87 72 55 82 
76 84 77 83 80 57 89 86 92 90 0 90 53 71 76 97 76 89 84 92 52 59 94 57 64 57 50 69 91 56 70 60 55 69 63 74 83 95 97 73 88 78 63 79 63 70 99 71 84 78 83 90 56 75 59 72 93 58 92 79 65 98 93 84 80 54 85 65 63 70 82 
67 85 54 96 98 90 96 77 54 64 65 0 95 95 73 74 62 62 77 95 85 66 58 71 76 86 89 80 71 68 83 92 52 53 65 87 82 78 56 89 87 86 77 91 75 88 93 96 96 52 80 75 54 99 57 69 54 72 61 81 65 75 71 86 54 92 76 64 68 66 83 
53 94 97 60 58 62 78 99 59 77 64 65 0 64 82 87 93 92 65 72 88 88 60 88 82 63 71 53 79 54 95 57 67 92 68 64 60 75 71 51 85 50 60 70 88 65 64 97 74 98 99 61 52 51 58 78 91 65 84 93 79 85 67 76 71 91 67 89 94 75 62 
85 64 89 96 67 85 65 69 98 84 89 95 63 0 77 68 52 97 96 88 64 71 80 73 73 99 90 99 71 85 54 78 94 62 58 98 58 99 86 92 59 53 98 80 86 88 97 78 75 74 79 70 73 54 66 51 55 62 53 59 74 62 56 51 59 99 78 69 52 83 81 
75 59 75 90 96 60 59 94 93 67 79 98 56 88 0 64 92 52 70 54 59 76 84 94 53 67 78 76 87 58 50 61 89 85 61 73 50 56 85 69 72 78 69 85 76 98 66 79 63 83 87 51 93 96 98 61 82 97 80 58 79 52 81 73 87 82 98 56 86 60 70 
53 70 55 75 86 86 83 88 55 68 90 61 69 93 64 0 91 91 63 67 58 89 67 95 79 54 75 74 77 81 67 82 63 84 98 69 67 94 61 88 83 61 96 52 51 90 84 58 69 82 69 85 69 53 88 66 89 51 73 73 69 90 61 81 80 61 95 80 96 54 71 
75 84 91 91 51 60 53 82 86 83 72 63 59 83 82 99 0 78 99 64 52 61 73 85 77 57 86 73 59 94 66 66 61 98 70 82 77 82 81 90 56 68 73 68 54 53 92 66 60 69 65 58 60 74 59 54 94 90 80 86 59 77 54 95 97 81 63 52 71 78 80 
60 91 89 56 98 85 55 81 90 57 58 93 96 92 79 76 95 0 73 93 78 96 62 83 74 54 50 53 94 99 79 84 62 63 53 68 52 92 88 54 58 54 99 78 72 76 57 91 75 90 72 82 50 81 72 65 89 85 76 88 95 69 89 73 62 73 74 76 96 86 86 
88 84 87 94 65 93 92 75 99 80 88 97 99 92 80 65 60 50 0 66 69 93 59 51 74 67 59 68 65 77 65 93 77 82 97 99 91 84 67 88 80 60 52 79 88 68 81 70 73 74 64 53 78 89 74 84 87 75 55 62 53 56 84 89 85 54 74 95 92 78 63 
54 91 71 55 57 84 82 91 75 79 69 80 77 86 60 91 98 60 52 0 90 58 66 64 82 72 87 86 61 77 63 91 72 60 66 73 85 97 87 79 56 68 57 98 71 70 56 89 90 77 84 52 53 72 98 99 79 63 73 61 68 94 68 88 57 93 74 92 83 86 94 
59 61 63 59 58 78 51 85 88 69 75 95 67 53 55 99 92 91 74 61 0 73 85 79 84 52 93 85 59 82 88 82 51 68 64 79 82 59 79 64 88 84 93 91 78 67 76 60 51 69 79 60 59 63 70 95 73 65 99 66 52 61 94 87 82 71 85 78 91 78 84 
63 69 52 77 65 87 63 97 78 68 87 79 76 55 57 89 77 92 80 77 93 0 80 57 70 59 93 95 53 54 72 72 81 67 74 71 51 97 78 99 56 56 84 62 57 58 82 61 81 66 78 79 89 72 58 65 67 89 74 72 51 80 76 89 98 64 61 83 62 64 53 
69 56 55 89 91 99 83 95 53 55 64 90 88 59 77 85 84 76 80 67 58 77 0 66 73 56 62 83 65 91 91 54 50 68 84 73 53 88 69 95 79 65 57 52 87 51 74 69 62 53 79 85 73 98 53 60 65 76 83 86 53 59 84 64 53 72 97 92 79 83 67 
92 70 73 98 91 84 61 71 76 83 68 83 82 83 93 72 61 77 97 98 52 77 51 0 72 72 95 78 54 80 53 95 50 94 94 56 94 62 88 92 58 86 66 60 86 92 59 75 80 65 61 60 70 78 81 78 64 97 87 87 83 50 53 95 80 62 63 84 55 82 84 
63 65 51 57 79 90 91 64 93 94 88 60 64 78 76 82 92 64 79 79 89 55 59 94 0 89 66 59 94 63 57 76 92 97 84 78 67 69 95 72 76 76 56 91 63 75 56 54 68 83 98 92 72 54 77 94 60 69 87 69 59 84 75 62 74 51 63 73 54 91 97 
68 51 97 53 71 86 87 91 57 74 66 68 58 99 58 74 70 90 51 92 93 65 50 98 67 0 56 72 56 76 98 58 77 97 70 56 54 54 61 94 76 71 66 56 74 85 53 56 67 62 54 88 87 50 96 84 82 54 65 72 95 86 66 69 54 55 60 78 63 63 54 
67 83 76 55 61 87 93 89 99 80 89 63 53 69 77 95 52 68 87 81 61 92 59 72 73 65 0 85 74 82 86 97 55 59 67 81 99 73 50 98 88 93 68 72 84 98 52 82 57 78 90 99 99 81 85 79 51 77 97 58 64 93 57 54 57 89 78 58 91 56 84 
97 76 81 84 96 82 87 57 87 73 54 91 53 67 73 82 57 98 69 86 72 87 51 70 64 63 93 0 83 84 88 52 94 51 60 96 88 57 84 74 97 87 89 71 95 51 89 86 85 83 85 68 90 81 88 70 93 98 71 70 73 50 99 87 69 63 56 55 84 57 70 
82 88 88 51 75 86 69 73 52 65 74 84 64 93 85 94 53 85 62 63 65 92 87 85 84 65 58 93 0 92 54 74 58 85 97 78 81 95 98 75 51 55 91 50 98 55 94 53 73 50 70 56 53 67 75 80 82 88 51 86 72 57 88 57 58 98 84 53 93 53 51 
59 52 98 80 54 63 83 95 68 98 65 72 53 82 85 92 78 94 57 56 55 60 81 94 81 66 62 73 96 0 76 54 59 79 74 69 86 52 73 68 75 81 84 78 51 95 76 67 77 69 51 50 84 72 62 63 85 94 76 56 57 99 63 50 74 72 58 52 93 78 86 
93 51 66 76 63 95 65 93 56 75 67 53 56 77 85 50 67 93 78 50 91 96 68 82 85 75 79 53 76 50 0 91 56 97 83 68 87 71 99 81 80 88 77 82 61 91 90 76 66 94 62 78 90 97 86 76 55 71 96 51 65 60 91 57 70 95 71 86 67 98 65 
52 72 65 83 75 92 63 56 56 95 60 50 77 60 93 61 80 81 78 54 61 86 71 80 61 69 90 91 82 92 84 0 90 61 62 92 83 52 96 62 67 84 70 59 84 90 57 70 73 93 62 55 77 59 52 96 62 74 89 89 61 59 75 52 62 70 60 87 86 88 62 
97 56 54 77 97 70 52 96 55 61 51 67 57 79 65 74 55 93 81 97 88 94 74 54 67 67 69 70 93 85 77 98 0 67 70 95 52 50 96 83 90 70 76 96 58 82 57 51 80 86 56 56 63 77 80 65 95 63 70 82 71 85 92 83 50 92 73 60 60 66 78 
73 93 74 81 57 69 85 59 79 93 80 84 71 54 56 66 78 92 82 78 52 80 83 90 70 84 69 97 82 76 80 78 77 0 89 95 80 88 81 61 74 58 98 73 99 95 92 65 79 55 74 64 74 51 87 86 84 99 83 73 69 63 66 79 74 94 87 63 91 50 69 
90 52 68 59 81 67 93 97 65 94 95 74 79 95 77 90 58 84 54 54 72 67 59 64 78 84 56 62 74 88 94 81 88 68 0 95 73 52 62 98 77 91 88 84 85 94 67 57 85 69 64 96 58 56 97 91 53 65 66 98 92 94 87 83 63 55 53 76 60 63 51 
89 88 50 82 63 63 87 75 91 61 79 64 89 88 84 76 86 70 79 92 51 91 51 93 52 79 82 99 97 53 57 95 73 94 64 0 81 82 86 79 82 51 96 96 54 75 76 52 62 72 90 90 90 58 86 80 67 79 88 84 85 86 52 63 97 84 66 61 54 71 81 
58 79 61 74 58 62 84 76 55 73 90 85 97 54 94 84 73 72 74 82 70 71 55 80 50 68 99 79 97 84 58 64 72 77 76 56 0 77 64 69 85 84 63 88 86 96 50 71 57 91 58 63 53 63 94 98 64 60 51 97 51 89 82 80 69 56 63 79 62 50 60 
50 65 97 61 79 81 89 80 55 96 78 57 54 55 61 95 89 65 73 89 78 81 78 57 97 97 63 88 82 95 63 82 58 57 58 52 51 0 92 74 79 89 65 97 78 62 83 74 52 92 83 94 58 66 93 73 66 53 75 54 80 93 62 69 64 84 55 69 58 66 80 
63 80 77 87 81 73 88 73 81 79 98 84 66 80 50 86 98 60 63 51 94 61 82 61 66 70 62 85 55 66 66 68 86 71 94 91 80 79 0 73 50 88 93 55 92 71 68 97 92 88 85 76 88 87 62 54 93 87 69 65 53 57 67 79 60 76 84 70 69 58 97 
97 53 59 51 69 67 82 98 99 59 96 71 58 52 62 69 53 77 65 92 74 81 74 68 79 65 65 60 93 89 95 57 51 74 54 96 95 94 88 0 86 71 53 51 55 77 91 68 50 93 57 74 50 61 61 82 88 73 91 56 70 89 75 82 91 67 94 61 94 79 86 
56 60 73 71 50 84 53 54 76 73 50 72 52 79 94 58 60 54 98 63 73 60 85 56 52 54 99 56 73 65 66 93 83 86 50 95 84 99 95 91 0 65 92 62 96 63 72 98 98 73 77 81 80 53 61 92 71 63 72 61 94 50 69 97 87 51 96 84 58 92 76 
63 80 92 87 73 69 81 63 74 95 79 70 92 67 71 54 83 64 69 93 90 64 81 96 73 73 69 75 87 92 53 74 63 98 82 98 55 59 66 97 54 0 79 82 90 54 90 85 80 78 65 94 87 64 85 74 91 86 73 71 77 77 51 91 87 90 77 98 60 99 79 
60 73 77 71 76 67 95 98 59 84 96 68 53 95 50 66 94 66 71 85 58 74 76 63 74 65 80 92 53 93 77 94 50 78 77 93 75 59 63 79 60 96 0 87 76 76 74 78 62 89 83 61 70 84 72 54 62 94 59 51 90 99 74 82 70 86 66 97 92 58 56 
64 60 98 55 91 80 73 86 55 76 99 60 90 92 77 82 94 95 65 81 77 65 88 72 58 92 72 56 95 93 86 87 64 63 64 68 67 91 67 89 75 75 84 0 72 91 80 70 87 70 87 77 80 96 63 93 70 71 57 76 51 97 72 55 77 85 74 59 78 59 93 
72 73 57 56 53 60 63 76 74 97 93 88 99 78 76 93 74 65 61 52 53 51 86 54 99 51 68 61 51 50 98 90 78 62 69 86 97 83 87 63 70 91 72 59 0 80 83 99 61 60 58 91 58 78 54 95 98 55 58 83 87 75 66 97 82 99 61 50 92 79 92 
93 84 67 63 65 52 72 89 78 62 62 88 75 86 73 65 53 80 97 69 65 54 96 50 85 57 75 96 97 81 84 53 69 86 54 65 98 69 56 97 51 89 62 93 85 0 87 66 99 52 50 81 84 60 66 80 70 54 78 91 65 64 77 96 52 92 53 91 92 62 63 
74 51 59 99 60 70 81 63 81 51 54 88 89 53 51 70 68 55 51 53 85 66 65 60 66 64 61 73 71 70 94 90 65 87 81 64 63 96 78 70 86 98 92 76 58 75 0 79 55 84 67 90 84 84 85 57 77 61 82 89 78 53 86 96 97 90 64 87 91 72 52 
61 61 59 84 58 59 54 90 88 66 89 64 71 52 60 75 96 65 91 75 57 87 67 79 74 96 63 69 74 51 76 67 97 84 88 52 91 73 89 82 85 70 80 70 93 79 88 0 72 91 86 85 92 69 82 81 73 88 94 97 55 72 87 64 75 60 99 95 73 60 91 
54 99 67 68 56 73 83 65 92 75 53 56 77 73 99 56 74 89 85 81 71 77 67 84 60 64 51 98 58 69 91 87 85 96 71 90 57 76 75 63 53 91 57 90 73 91 64 68 0 65 65 75 50 52 85 62 95 69 62 66 75 88 95 65 63 99 50 62 75 69 77 
78 54 55 87 99 58 98 57 88 64 92 96 56 56 78 80 93 72 95 54 90 79 82 53 92 71 80 61 77 54 56 62 67 81 65 74 90 94 81 82 71 93 52 50 95 78 88 81 74 0 69 78 77 99 83 63 82 77 61 90 54 86 71 96 75 50 81 99 99 63 92 
56 83 90 71 70 62 94 95 72 59 65 55 85 54 58 72 76 68 74 65 78 91 66 83 86 73 85 63 87 57 70 64 90 90 73 71 90 76 79 77 74 52 89 55 64 55 94 68 57 58 0 86 67 74 72 84 89 96 58 88 52 56 89 58 94 60 50 72 85 78 90 
71 77 77 64 83 50 91 69 85 88 54 51 81 76 71 62 80 70 95 63 56 99 60 50 70 87 62 73 80 98 81 57 56 56 73 72 62 71 71 87 93 61 56 98 68 84 76 87 98 83 50 0 73 94 81 70 75 67 95 94 63 57 81 89 84 51 53 63 62 76 58 
52 63 50 97 70 96 82 60 93 96 95 85 51 50 78 89 98 93 91 66 81 96 50 88 83 57 57 54 54 67 54 79 84 83 63 76 90 66 79 98 85 91 96 84 79 55 58 60 60 80 91 57 0 74 67 80 96 98 70 58 65 64 86 66 87 70 69 82 77 70 66 
84 68 78 76 81 74 81 54 56 61 62 93 62 88 76 85 88 90 64 53 57 98 85 64 96 94 54 51 59 68 87 82 55 83 54 92 58 55 81 70 94 99 60 71 51 77 56 60 90 75 52 55 93 0 63 95 56 78 50 98 50 74 89 52 61 54 56 87 72 54 51 
62 96 52 91 93 72 56 85 53 86 59 66 63 82 69 77 91 84 67 81 93 63 75 98 72 88 64 62 62 59 67 73 89 64 72 66 91 55 81 91 56 86 97 87 84 64 55 58 64 90 87 80 67 83 0 52 92 99 51 67 58 83 95 69 87 92 61 64 68 82 55 
99 85 67 69 58 52 65 55 77 83 54 78 57 76 70 94 83 94 59 83 79 69 92 65 58 90 60 63 61 91 87 93 65 69 94 54 90 90 77 75 62 52 95 84 56 58 87 68 88 88 70 84 64 67 84 0 94 67 65 51 57 63 54 91 71 76 66 72 96 96 70 
98 98 76 95 72 63 64 54 68 83 70 91 50 54 84 83 53 93 90 72 95 96 85 65 77 86 60 80 96 80 52 69 78 75 91 57 77 83 58 60 66 63 91 52 63 97 83 54 61 92 59 71 60 76 54 79 0 54 75 92 79 74 92 82 78 97 96 79 53 98 64 
62 57 83 65 52 51 82 58 91 80 94 67 89 77 98 76 77 72 98 56 96 75 73 72 77 98 57 56 97 60 69 65 52 87 70 92 81 60 50 96 92 55 73 74 64 64 84 74 53 55 82 96 61 99 75 69 86 0 96 56 78 83 94 55 74 79 74 95 82 81 68 
67 81 94 97 70 73 51 93 85 50 98 79 94 74 82 84 95 78 51 66 56 91 75 99 61 93 70 69 81 56 94 55 85 99 62 51 79 61 67 69 81 74 68 83 93 62 64 94 69 62 65 62 94 72 67 91 76 83 0 96 83 60 93 84 58 63 75 86 87 96 56 
92 59 63 77 89 57 76 82 86 99 74 79 75 85 78 63 68 76 92 97 64 84 69 85 56 62 79 73 91 50 81 92 80 51 67 96 57 82 50 99 69 59 90 89 76 50 74 76 83 95 71 69 79 90 60 63 96 82 75 0 58 57 55 64 81 79 91 68 98 63 86 
97 71 53 98 92 87 85 93 90 68 76 75 82 89 92 82 83 59 63 62 88 50 87 96 92 51 99 87 59 96 57 90 69 69 91 83 75 94 63 96 59 73 63 72 96 52 89 54 68 99 57 57 82 53 85 68 84 63 72 87 0 93 86 62 65 77 64 90 91 95 51 
84 56 90 99 93 75 99 51 77 82 81 87 71 53 68 50 80 89 69 67 75 65 61 97 65 97 92 71 87 70 81 97 81 50 85 65 61 80 75 95 70 53 67 54 68 75 64 65 90 94 57 50 78 52 61 60 91 95 73 92 65 0 77 69 87 95 56 75 57 55 78 
84 94 66 98 90 98 73 64 84 95 65 78 57 53 75 88 85 60 50 58 90 58 60 81 61 56 50 71 52 69 52 88 59 98 96 72 63 85 58 95 51 95 50 65 53 83 51 87 87 94 70 69 74 73 96 55 75 90 85 77 72 83 0 51 57 85 93 68 55 96 95 
68 69 74 85 54 56 99 54 54 66 65 50 66 77 82 89 76 82 53 70 64 55 87 58 61 51 79 99 93 95 65 58 63 90 53 54 62 53 55 90 67 99 78 77 85 75 68 90 68 98 74 97 71 97 60 85 59 90 63 55 83 60 70 0 87 98 68 53 98 81 99 
52 88 92 71 57 58 87 93 60 85 97 65 78 90 57 75 71 89 65 89 69 70 86 83 94 84 65 50 64 81 92 56 94 73 73 91 86 90 85 53 68 91 98 92 61 95 74 50 90 78 65 87 59 97 54 97 66 86 68 50 95 88 81 71 0 98 60 92 77 81 99 
68 50 62 99 71 61 63 54 63 65 71 89 78 56 56 73 73 61 83 54 50 63 82 55 79 80 85 82 81 90 94 56 92 58 58 65 85 68 68 53 61 91 64 53 76 66 77 78 50 56 56 56 77 92 50 57 96 94 52 71 51 63 66 99 74 0 78 78 61 73 57 
67 98 54 50 50 62 66 58 75 80 55 82 73 61 62 75 82 79 73 81 97 57 81 59 75 57 58 59 86 87 94 70 55 67 69 87 60 73 87 66 52 64 50 80 92 56 77 65 76 72 73 80 98 97 81 79 59 85 71 71 79 97 79 94 80 96 0 56 69 57 76 
88 79 84 91 90 54 88 79 75 90 71 94 50 95 71 82 62 77 65 66 99 51 51 76 83 74 95 59 65 82 68 82 61 91 52 60 50 80 62 71 72 81 89 73 94 71 81 89 91 72 58 96 56 93 76 50 66 83 74 52 93 73 95 87 60 58 90 0 61 95 76 
66 57 61 81 79 92 87 57 61 60 52 91 68 57 55 50 68 68 93 60 60 73 75 91 77 81 69 81 83 77 58 81 65 58 89 74 64 94 77 64 62 91 71 77 60 62 55 79 81 75 78 95 64 54 59 65 72 55 84 88 77 59 51 65 81 68 55 76 0 84 66 
64 82 66 89 57 95 75 91 85 95 58 86 62 76 54 65 60 81 70 68 66 71 96 70 75 95 87 84 61 89 85 67 62 86 77 80 98 63 90 82 65 88 59 85 53 86 94 76 66 96 81 68 95 53 94 97 84 82 65 86 62 77 72 53 61 58 54 97 81 0 65 
59 59 64 68 87 94 69 97 78 73 89 74 55 70 51 65 84 83 63 81 93 92 87 95 66 95 92 87 55 83 60 62 79 62 75 90 99 80 62 88 95 65 60 93 67 79 87 52 85 60 85 93 70 66 59 61 96 61 79 72 55 99 95 94 58 55 93 96 65 83 0 
