n: 70
m: 8
Pi:U[1-99] 15 21 22 81 33 4 25 53 38 15 89 43 75 70 79 41 83 51 81 78 55 52 10 2 87 56 24 74 82 35 86 97 51 80 5 25 29 14 44 47 89 86 63 86 4 83 71 83 69 30 82 34 35 23 79 18 57 47 21 88 61 42 93 23 71 98 43 94 21 40 
Si:U[1-124]
0 102 64 27 78 74 65 113 12 29 70 86 7 79 22 49 103 102 34 64 15 47 67 25 116 96 120 73 49 79 40 99 105 11 36 94 109 38 25 61 47 62 93 74 104 110 7 13 115 44 61 33 113 33 18 83 98 95 11 32 14 6 64 62 83 95 78 113 103 13 55 
48 0 59 3 37 41 10 17 31 41 4 111 117 32 11 121 69 73 10 104 75 66 62 52 122 49 70 112 90 94 42 30 24 32 44 100 9 113 53 122 120 96 76 61 17 4 5 124 117 55 60 111 24 100 1 111 32 9 28 84 8 65 22 41 84 91 42 113 100 3 102 
26 22 0 59 62 98 38 20 25 38 20 30 59 113 46 9 98 28 3 92 108 107 100 78 116 121 104 117 79 14 20 45 67 114 52 101 97 82 73 20 50 49 49 27 16 68 16 6 28 1 102 61 100 106 61 89 32 24 100 77 63 106 39 44 110 114 21 81 107 44 77 
45 73 35 0 63 102 34 119 38 2 84 44 122 92 86 102 18 14 13 68 43 50 73 123 82 63 41 69 98 60 70 70 5 65 42 106 40 2 91 110 94 106 36 71 105 28 56 58 97 50 107 118 124 80 51 120 101 18 41 109 84 87 11 69 15 103 9 80 14 50 6 
98 54 32 119 0 100 74 92 86 123 100 29 81 74 47 43 31 7 29 11 72 38 28 88 105 13 87 46 55 38 114 107 14 88 112 21 50 67 2 38 5 18 70 97 79 72 77 46 122 97 123 124 47 19 102 32 111 124 23 6 83 104 11 107 103 17 70 73 54 64 31 
110 33 75 105 93 0 23 9 22 124 104 56 35 96 84 83 90 29 29 21 39 94 50 69 79 31 49 46 97 47 123 122 9 110 62 99 71 37 100 58 48 121 15 119 117 114 111 108 114 96 73 7 95 29 74 34 83 92 113 24 68 95 33 61 39 113 74 122 85 18 114 
101 112 21 61 15 40 0 67 109 118 31 8 39 87 116 83 12 76 35 60 31 109 61 31 60 45 95 27 80 36 118 88 113 5 98 89 88 28 94 6 8 27 56 101 18 77 79 10 109 25 112 67 2 90 66 32 66 32 69 73 2 50 60 96 43 44 2 74 53 76 101 
40 73 3 17 59 22 122 0 114 65 49 118 74 37 31 73 16 49 81 29 30 82 72 34 109 17 122 2 52 1 29 74 24 34 90 74 31 46 60 79 64 2 82 39 21 20 79 112 62 69 37 6 62 87 72 119 74 8 17 67 98 28 21 77 10 124 14 111 54 96 10 
47 97 54 105 61 86 17 90 0 70 104 1 23 25 32 87 20 84 40 50 65 6 112 46 78 52 34 106 109 88 97 117 38 58 67 38 17 8 81 98 82 75 61 77 67 69 119 82 3 79 110 92 65 16 8 23 45 11 36 122 122 59 26 123 98 100 30 23 79 19 63 
121 77 64 78 95 113 22 54 39 0 10 63 20 35 73 30 62 90 51 30 2 106 95 13 118 66 32 101 48 53 60 83 94 38 123 56 26 118 88 84 37 31 39 37 69 15 43 79 81 22 70 107 64 91 18 14 73 51 41 19 4 61 61 9 121 85 99 27 34 89 40 
117 97 31 120 102 27 13 30 22 33 0 116 36 100 97 70 38 93 102 15 56 49 5 59 124 38 83 29 117 23 49 44 51 73 39 105 33 55 115 114 114 14 99 70 77 33 94 90 114 24 9 57 11 124 90 41 82 103 116 49 26 6 23 64 47 97 74 23 22 115 4 
7 11 14 90 113 94 55 84 79 71 90 0 29 22 102 64 115 35 24 116 9 99 84 64 12 14 63 66 35 93 73 123 35 102 82 104 71 33 57 78 118 72 8 49 97 22 19 91 13 10 123 11 82 43 122 26 120 116 53 19 116 93 91 11 9 54 100 37 44 99 101 
39 77 68 27 22 60 60 52 55 69 89 54 0 46 37 62 4 37 33 13 56 7 73 118 77 2 99 85 16 55 8 70 106 113 56 33 81 107 51 16 83 100 66 1 13 5 11 65 15 123 7 121 93 92 43 48 99 80 58 71 99 83 35 61 54 87 66 44 28 7 10 
32 107 105 42 38 100 90 41 58 60 67 87 82 0 9 72 16 6 25 53 6 29 107 74 122 96 63 38 93 118 121 68 90 47 99 96 68 65 33 86 119 122 93 43 86 117 123 37 14 6 118 10 6 91 61 3 12 67 45 37 69 32 110 78 110 76 27 6 79 32 82 
63 7 53 113 39 10 64 53 14 88 52 46 41 66 0 47 99 27 38 7 75 80 57 102 42 99 40 11 116 60 62 104 91 18 71 17 83 111 32 110 107 96 124 104 20 5 117 32 59 44 50 15 6 87 69 120 28 116 28 14 40 51 14 99 100 98 78 73 52 10 93 
4 90 91 107 2 43 53 46 19 58 50 23 122 23 95 0 29 21 69 6 17 7 62 53 5 91 51 101 30 32 91 96 69 52 73 51 69 33 65 35 105 47 71 78 15 47 77 117 22 81 61 28 109 7 85 113 39 47 31 72 115 84 92 90 92 30 80 70 87 105 70 
93 92 108 21 88 107 103 54 35 27 100 96 66 39 99 29 0 33 119 31 87 16 13 32 14 22 95 76 70 98 53 54 87 30 88 79 76 100 109 42 108 11 5 108 44 17 35 7 16 21 92 53 33 97 97 29 23 103 116 108 119 52 94 69 18 85 46 114 61 80 4 
40 42 29 121 58 99 5 67 62 16 75 57 71 103 12 117 113 0 91 69 44 91 32 21 70 23 8 56 103 119 79 114 4 14 60 93 95 34 92 88 88 9 61 54 49 78 94 64 28 64 40 114 3 58 124 24 21 107 84 10 73 52 22 46 31 47 100 107 64 27 88 
8 114 94 108 93 35 53 123 59 104 63 45 33 119 81 65 32 36 0 57 120 80 73 20 60 24 62 102 38 107 116 74 107 35 80 93 37 63 111 93 39 43 93 35 90 19 81 65 28 38 116 113 62 121 67 123 114 66 35 110 33 14 75 4 55 66 28 24 3 46 39 
75 91 103 66 69 19 119 53 40 88 118 94 81 11 45 7 1 14 84 0 69 52 99 117 83 105 37 116 98 25 53 113 4 31 87 68 117 29 123 30 48 74 35 101 101 99 37 31 39 123 112 55 9 49 124 111 8 9 79 118 40 46 52 68 4 7 83 37 32 94 30 
24 15 99 85 62 109 40 101 52 43 49 21 94 95 114 37 72 1 85 59 0 108 11 41 64 14 97 103 79 96 87 1 52 55 4 28 38 50 95 54 92 124 29 93 96 62 53 31 75 119 117 66 17 83 16 42 3 57 62 9 118 47 63 61 44 9 14 19 2 124 31 
118 36 54 98 31 70 10 95 56 98 51 111 118 122 95 77 14 28 116 88 80 0 77 107 109 89 20 31 59 52 61 26 103 32 89 35 115 27 105 107 84 81 82 29 67 69 119 73 17 59 110 85 81 46 120 17 63 113 84 87 107 1 15 1 80 33 12 85 83 14 45 
115 98 98 6 57 63 89 124 92 116 60 53 94 56 71 8 12 64 102 13 119 118 0 30 34 32 26 39 2 9 71 108 64 73 67 121 21 56 113 121 44 35 77 29 25 86 93 80 54 78 115 119 61 62 63 65 40 72 66 70 28 48 113 26 50 104 16 85 75 67 119 
77 92 80 79 117 75 69 109 42 82 4 20 97 38 67 42 99 102 70 76 1 111 98 0 39 88 108 46 52 116 23 61 67 91 120 93 16 82 74 61 19 123 110 11 39 124 6 124 9 111 84 60 6 44 121 68 34 18 88 16 62 48 107 102 25 12 105 57 8 7 44 
123 5 122 72 78 66 53 99 57 102 69 13 108 42 43 92 92 45 120 29 41 15 109 81 0 118 13 66 111 108 44 114 107 87 66 88 66 87 90 78 11 10 115 19 107 52 29 82 56 68 90 68 45 23 6 104 68 56 39 44 11 73 52 89 110 121 7 106 6 59 76 
85 78 30 94 7 35 91 38 106 118 36 106 56 65 4 85 81 74 96 52 85 11 20 124 76 0 90 40 51 63 65 105 57 27 98 38 103 55 84 61 122 34 91 27 83 78 11 27 53 41 34 31 84 9 39 19 113 112 113 49 111 101 106 12 72 91 89 105 114 64 44 
83 61 25 60 119 103 83 91 22 50 122 116 13 102 65 46 90 123 20 108 98 87 39 68 68 64 0 84 10 67 71 119 54 40 111 56 42 97 115 108 12 50 52 121 122 44 61 63 101 58 101 64 100 79 39 3 108 74 36 68 41 13 108 78 121 47 7 60 55 55 9 
47 75 104 53 115 7 16 76 39 115 121 103 67 96 21 62 47 57 60 10 106 24 76 121 52 90 91 0 39 116 31 18 52 110 73 93 113 101 118 17 28 76 19 72 30 87 120 110 87 99 83 99 100 82 101 4 6 27 83 22 15 118 75 36 24 49 88 19 114 79 5 
75 111 110 18 91 11 83 89 1 44 38 85 89 75 86 6 53 84 21 84 109 2 40 37 93 32 101 61 0 120 97 76 117 13 40 40 38 76 45 14 69 118 85 34 28 49 37 70 109 85 62 67 41 15 5 53 27 7 92 112 55 12 97 86 29 53 110 38 123 94 114 
68 19 76 37 116 69 55 37 92 44 52 23 114 33 4 1 117 5 34 47 10 30 31 86 101 99 12 118 113 0 24 31 85 97 40 95 41 7 124 25 72 26 21 111 78 78 114 121 41 45 75 83 11 21 29 68 112 9 9 77 61 100 14 77 87 59 86 1 117 78 66 
60 80 107 115 33 124 117 87 23 29 20 34 75 70 122 66 98 38 22 72 67 63 2 123 72 113 120 78 90 123 0 22 73 104 122 33 62 6 8 54 15 80 35 68 11 61 104 32 74 29 2 115 55 75 8 27 46 11 47 48 77 109 53 29 95 79 78 41 116 41 112 
84 76 70 49 94 16 121 81 36 21 8 1 103 2 85 35 121 46 69 17 116 27 116 89 24 8 116 16 19 75 102 0 52 100 7 122 102 2 92 71 75 21 59 28 87 67 30 32 26 95 58 70 6 86 94 14 9 18 91 96 59 49 99 86 5 19 98 111 124 13 53 
78 22 84 13 67 84 61 43 38 20 110 110 90 27 61 66 2 40 18 76 6 29 108 122 95 18 55 76 102 91 28 24 0 91 119 44 22 56 66 65 61 63 3 25 81 9 70 111 7 57 77 48 46 24 114 47 113 50 122 113 77 55 40 83 87 25 34 1 56 110 84 
89 51 22 89 85 41 115 119 29 64 80 31 9 12 4 108 95 109 103 113 35 4 9 31 124 116 68 56 44 84 101 90 57 0 24 116 26 26 75 64 2 19 20 71 44 61 74 38 87 60 32 86 93 81 117 2 41 68 92 14 89 34 18 116 83 37 28 40 36 13 98 
87 8 89 43 104 116 67 102 93 73 15 4 39 15 28 23 18 38 70 104 73 13 60 12 24 44 33 21 121 26 95 81 50 3 0 69 63 1 58 3 79 115 71 16 81 46 1 43 15 95 50 11 35 17 98 98 16 76 69 27 92 111 40 108 27 109 13 47 85 44 11 
56 41 101 123 101 51 36 116 32 11 81 67 51 24 80 58 10 85 76 8 63 61 35 44 93 84 18 22 45 60 85 112 118 1 83 0 4 59 109 104 106 48 8 103 78 35 55 104 20 10 105 23 109 59 59 120 47 86 45 55 123 37 34 51 49 111 86 53 87 10 32 
31 103 112 104 49 124 98 37 30 110 21 106 105 124 84 124 22 107 30 123 113 41 112 94 92 3 50 74 13 66 13 53 87 67 43 54 0 122 67 24 78 45 26 117 120 73 16 91 14 70 24 27 110 117 37 93 48 41 95 124 1 38 81 44 93 112 107 48 105 81 109 
16 69 115 91 80 87 17 32 100 29 116 120 75 67 96 63 108 121 74 95 14 27 87 90 26 66 2 25 77 100 115 12 121 51 41 55 58 0 81 117 107 73 109 77 27 92 95 87 31 90 1 68 7 50 111 85 18 32 104 68 37 36 17 58 19 36 18 41 38 17 66 
108 14 18 109 80 113 39 73 32 69 61 115 39 116 25 114 9 87 57 96 72 91 39 4 85 36 60 89 9 91 37 79 92 2 14 90 121 54 0 3 14 69 34 83 85 52 89 78 46 54 78 39 42 102 124 71 109 55 64 104 28 108 34 94 17 8 107 119 87 117 37 
8 13 94 70 109 118 18 27 51 118 32 24 102 23 121 60 31 90 38 8 88 72 47 102 59 91 63 90 52 24 44 38 74 16 33 49 77 92 13 0 19 106 64 123 112 66 15 61 123 27 95 94 14 53 117 13 78 67 114 110 53 113 25 70 97 96 107 77 81 70 27 
106 89 27 35 92 6 3 2 73 75 75 97 52 102 47 69 82 19 35 36 94 8 72 23 13 20 73 67 24 46 7 69 10 41 37 75 46 87 65 26 0 22 118 43 24 37 69 27 27 56 42 112 65 15 62 83 67 111 15 79 54 100 90 89 99 56 43 93 1 25 97 
53 72 50 91 123 12 37 93 58 105 76 100 25 105 60 9 61 17 16 45 80 103 30 117 53 100 78 37 111 85 78 5 93 97 114 80 114 61 85 2 94 0 75 32 99 104 67 35 10 26 44 59 10 114 108 120 62 30 122 81 78 109 90 90 69 87 56 43 54 114 79 
94 111 4 19 55 50 88 57 70 110 55 19 121 26 100 90 58 38 87 74 54 112 98 14 116 1 121 81 27 85 108 17 72 123 93 42 119 64 56 80 59 26 0 108 56 81 14 77 73 123 31 72 16 89 38 22 96 35 42 87 33 91 100 48 122 42 70 51 80 15 100 
105 37 111 109 23 21 82 112 71 67 69 102 63 113 17 12 95 53 66 91 44 111 101 1 96 98 69 113 8 95 83 53 34 66 111 93 124 24 32 34 76 44 81 0 33 32 29 75 35 86 86 28 70 50 25 89 110 64 5 29 79 72 65 83 34 41 72 57 72 109 95 
99 57 49 15 69 49 40 95 41 66 72 46 119 83 1 78 88 85 111 66 94 58 59 39 10 113 27 97 65 119 50 106 63 55 102 49 69 8 22 45 28 91 42 77 0 88 118 38 100 58 114 22 119 3 17 51 68 1 89 101 121 83 55 19 91 94 97 84 109 116 7 
36 61 7 29 29 33 117 122 1 55 123 120 78 19 85 27 59 114 1 76 68 101 68 121 6 54 55 17 43 74 90 1 47 123 70 30 2 18 40 19 83 46 55 13 3 0 115 87 4 74 11 115 104 77 79 46 106 101 52 56 65 70 119 32 89 3 54 35 75 2 36 
123 96 61 14 74 79 76 95 88 66 24 79 72 97 66 49 105 82 33 20 86 114 25 105 101 93 2 5 23 59 114 16 97 87 45 81 100 104 11 51 26 120 105 23 102 29 0 76 116 111 19 118 117 94 27 106 64 20 41 80 14 16 44 28 31 71 110 29 85 104 110 
43 60 80 86 82 23 12 69 68 103 37 48 46 122 54 69 21 83 56 98 85 116 39 94 43 21 25 62 97 90 18 8 98 123 102 109 26 92 122 35 108 56 117 120 98 10 113 0 14 19 34 90 62 93 36 109 76 52 118 21 25 24 54 72 31 41 11 93 84 111 91 
113 33 37 121 104 101 115 105 94 108 15 105 10 88 90 64 32 33 81 20 3 96 80 93 43 33 34 54 104 48 35 94 108 14 28 113 15 114 13 115 43 117 5 62 46 81 15 20 0 30 7 26 108 56 27 42 64 124 99 115 47 97 47 50 93 27 92 56 116 5 89 
33 77 15 67 119 9 51 35 1 63 84 22 74 41 78 96 21 78 37 113 23 46 14 94 10 39 87 78 105 17 41 87 124 13 75 18 69 9 88 75 84 8 49 50 3 18 35 119 105 0 15 15 120 108 70 122 83 124 99 104 13 85 31 8 87 4 77 16 75 50 67 
61 86 79 120 56 42 8 80 50 109 71 61 84 5 89 52 51 89 102 11 91 19 24 83 37 60 33 83 65 2 28 41 67 71 59 10 92 107 98 124 90 95 81 24 85 92 47 48 90 96 0 91 29 70 43 58 18 45 37 112 22 115 1 119 40 11 73 27 37 7 73 
58 117 60 43 23 24 106 59 98 53 39 48 88 62 86 51 55 24 20 36 10 31 77 65 48 58 108 106 57 58 81 64 98 57 113 73 34 28 20 75 86 115 121 95 4 55 116 98 100 25 24 0 89 121 68 54 6 102 58 74 114 14 72 87 86 77 25 43 108 107 13 
108 38 84 104 12 29 85 92 74 67 41 109 66 110 22 20 98 98 29 111 123 2 1 15 19 98 27 103 74 119 38 2 80 81 6 64 112 5 54 103 64 88 24 39 72 11 49 30 5 24 39 13 0 112 108 54 61 86 27 80 91 58 107 26 51 107 50 85 39 104 95 
40 51 82 5 9 84 120 84 117 116 20 122 84 46 21 31 56 2 81 58 68 25 101 101 15 118 44 16 75 121 7 46 107 123 20 86 47 4 123 107 68 101 8 6 14 37 16 116 44 103 83 19 69 0 107 121 124 57 47 20 39 88 104 48 102 95 19 58 42 18 53 
40 15 111 62 68 103 100 51 104 18 47 31 75 55 89 55 123 101 20 110 115 109 68 39 40 100 20 7 108 43 40 25 22 116 32 99 33 94 68 48 58 45 52 58 106 11 42 79 77 8 77 43 112 6 0 49 106 2 92 95 85 89 36 55 92 70 35 107 53 45 123 
94 24 65 26 75 35 98 80 46 123 75 88 118 13 11 103 13 58 22 72 75 25 47 96 100 6 84 113 61 115 114 42 96 6 37 70 99 65 94 91 111 57 7 18 94 47 106 32 66 4 89 106 35 53 91 0 92 98 76 119 117 114 57 20 31 67 15 65 70 100 94 
91 62 10 90 109 107 3 7 91 53 31 123 102 67 35 22 94 110 27 91 77 123 39 25 99 91 66 78 88 3 111 14 111 83 105 34 52 4 36 47 36 116 109 57 65 94 40 7 45 69 17 111 55 124 29 113 0 10 19 85 109 113 3 83 1 4 43 13 2 98 49 
9 33 103 67 109 122 100 25 123 74 6 16 13 95 51 30 31 91 30 99 90 67 34 123 123 41 23 81 55 43 60 22 84 90 28 61 36 64 18 103 72 109 42 103 29 122 27 50 59 92 35 30 82 2 111 56 18 0 16 94 32 91 98 54 115 104 8 80 65 61 34 
72 36 25 67 2 117 116 82 5 95 38 10 20 92 30 70 113 98 84 40 3 81 70 86 61 19 83 123 53 76 78 28 18 114 69 28 104 63 43 15 33 5 30 38 19 65 26 110 63 70 56 25 93 63 22 91 53 60 0 46 48 22 47 24 57 87 40 107 41 29 16 
26 16 3 16 87 52 30 83 96 39 69 86 112 55 12 11 102 14 88 88 102 104 6 119 16 13 32 8 12 80 9 38 46 77 89 103 28 15 119 32 1 97 3 78 42 63 10 15 55 53 54 121 10 19 87 76 4 107 124 0 123 6 34 114 58 55 76 17 77 48 38 
114 31 36 45 4 121 46 5 20 21 52 97 45 22 23 4 69 59 111 8 9 69 110 13 107 8 12 97 33 92 46 115 13 112 28 114 82 32 41 108 102 35 46 83 39 71 109 23 5 89 75 7 53 53 101 55 52 9 74 88 0 25 59 28 97 87 8 70 55 119 39 
66 35 120 51 121 25 64 39 61 45 15 85 18 74 38 114 41 77 37 64 62 68 99 122 105 9 31 83 27 86 88 87 120 119 114 56 100 19 104 88 42 95 91 49 74 108 75 52 19 116 40 60 56 44 92 95 10 72 92 74 83 0 91 74 113 57 61 40 94 51 73 
73 47 2 83 8 108 44 81 85 71 86 12 17 103 104 124 93 6 95 3 65 82 59 29 14 72 106 26 91 58 36 72 77 98 98 112 103 80 55 97 84 6 4 38 99 54 117 54 7 34 22 48 34 105 98 49 39 98 48 35 16 10 0 78 37 47 73 24 104 33 96 
27 75 82 65 21 74 102 35 95 55 75 38 84 122 24 63 35 114 41 114 108 76 17 44 55 86 86 93 14 68 119 101 110 121 54 97 45 101 116 6 49 90 39 52 66 30 52 115 114 76 19 71 24 35 11 122 6 53 47 63 22 76 102 0 33 57 51 64 65 80 115 
62 28 91 16 92 7 64 72 29 6 91 117 12 63 120 75 61 28 65 92 50 52 117 44 99 124 28 52 67 12 55 76 67 123 12 47 29 97 39 100 63 41 87 85 24 114 69 23 100 89 74 10 61 29 123 113 61 96 100 92 112 1 119 101 0 64 120 17 26 107 69 
39 5 82 104 35 19 23 85 123 46 50 95 12 85 19 93 21 50 52 25 93 56 79 10 7 65 113 4 20 119 30 25 85 90 55 36 103 28 40 85 58 23 21 87 24 57 109 73 112 90 112 7 45 12 110 36 38 32 83 113 48 48 2 115 70 0 37 28 101 121 106 
80 37 89 88 23 116 10 97 8 22 123 74 81 13 107 105 87 73 69 123 84 115 32 95 115 120 21 86 26 76 55 79 21 18 106 48 62 102 58 116 114 4 54 10 122 112 59 63 76 88 2 35 109 4 98 123 65 6 4 42 86 10 8 62 59 20 0 83 109 61 14 
83 28 111 39 32 50 73 29 99 59 31 40 124 72 17 99 91 36 59 52 68 118 66 19 65 90 12 40 14 58 21 17 95 108 95 99 36 67 11 15 11 10 13 36 36 61 80 41 10 81 50 10 59 40 101 26 67 1 85 93 82 5 60 112 111 16 90 0 107 70 12 
62 84 115 87 44 59 60 91 52 42 24 81 74 42 67 29 111 96 81 80 70 74 79 59 112 35 6 43 34 112 107 124 10 105 71 81 66 28 28 34 8 64 81 83 15 26 5 73 110 110 58 67 7 113 20 102 55 98 102 47 2 88 40 59 6 45 27 36 0 83 86 
118 29 121 72 87 62 55 109 5 84 52 101 50 20 84 120 60 61 21 101 121 118 54 15 71 98 111 103 58 108 51 39 24 85 79 51 17 97 102 21 99 63 102 93 58 16 89 43 121 69 18 71 21 59 54 99 107 87 4 57 42 59 14 39 41 115 4 72 88 0 38 
83 63 13 106 76 58 87 103 92 110 64 118 110 34 78 85 87 67 57 73 6 111 18 10 63 118 62 3 48 14 41 44 57 15 35 101 113 43 17 43 2 96 77 76 36 41 33 123 26 76 115 33 76 13 98 79 23 49 64 114 39 91 25 96 104 36 50 8 64 103 0 
