n: 70
m: 8
Pi:U[1-99] 92 70 99 63 63 57 41 71 11 67 86 38 77 74 17 22 52 86 17 57 60 35 15 72 19 79 1 98 23 34 31 31 75 79 94 11 57 61 38 73 4 65 80 57 66 36 2 16 63 5 30 57 87 7 17 63 11 83 79 29 38 75 61 77 99 91 20 70 57 73 
Si:U[1-49]
0 7 13 18 15 28 25 12 16 6 49 49 49 45 10 49 49 49 19 34 12 49 27 49 42 37 49 46 49 25 49 49 39 1 34 4 49 49 1 22 34 49 10 37 49 6 49 49 33 49 49 49 49 24 19 48 40 49 36 28 33 22 49 15 49 25 49 48 4 25 28 
20 0 22 2 12 25 2 22 10 3 15 43 49 31 19 22 31 31 39 49 48 49 49 49 31 18 49 49 13 49 49 49 49 49 49 39 27 49 49 27 22 18 30 7 46 24 37 16 49 49 49 49 43 25 49 21 49 49 25 48 7 49 9 49 49 25 49 10 21 49 9 
30 15 0 10 31 10 32 10 11 17 25 37 49 49 13 49 31 19 45 21 19 6 31 37 43 21 33 4 13 36 31 49 33 10 43 12 24 15 4 21 49 28 13 22 49 45 49 12 49 49 42 1 22 49 49 22 49 4 49 49 13 49 9 49 43 36 49 13 1 49 49 
11 28 31 0 21 21 20 28 18 28 19 28 45 49 45 27 21 19 49 37 22 49 49 37 49 28 49 49 22 1 49 21 49 21 7 49 24 49 25 49 49 24 42 49 49 49 21 7 49 19 19 19 49 49 18 49 33 25 1 37 16 49 22 33 45 12 49 3 30 7 49 
32 18 14 6 0 31 32 28 14 24 49 48 40 39 49 12 19 49 49 49 36 15 40 49 49 49 43 49 16 49 49 49 33 28 42 49 49 43 31 13 39 31 12 15 12 22 48 49 10 49 49 40 49 43 33 4 49 49 49 4 42 43 46 49 24 49 48 36 4 22 49 
8 25 13 17 13 0 2 18 30 21 49 49 21 48 42 24 33 16 49 4 42 49 3 49 39 18 49 43 27 10 7 49 49 49 49 49 49 46 37 49 13 25 49 4 49 27 24 49 33 28 49 15 49 31 37 21 49 46 49 49 49 46 37 16 4 49 49 40 13 34 49 
20 8 6 8 7 28 0 23 31 6 49 37 49 10 37 16 49 49 49 24 6 49 49 37 33 49 16 21 49 49 49 22 9 4 36 49 40 34 49 49 48 43 18 9 9 12 49 43 27 19 1 21 40 1 49 46 49 37 49 45 30 15 49 12 49 49 39 21 49 37 7 
24 14 18 28 30 14 6 0 32 9 45 9 12 49 6 31 39 39 49 49 49 49 21 39 6 49 49 18 39 15 27 45 3 39 21 45 4 4 34 49 36 45 22 37 49 49 31 15 49 36 49 46 10 6 19 39 30 27 25 33 21 19 22 6 49 30 10 49 22 42 48 
8 0 11 16 26 11 1 13 0 20 19 24 40 49 49 33 49 37 28 9 3 16 49 36 18 22 12 39 1 22 49 49 34 19 6 49 3 15 40 37 45 43 49 15 49 43 30 22 49 24 39 43 25 27 49 16 37 49 48 42 45 21 46 40 48 4 27 48 19 6 39 
32 18 12 2 24 10 24 20 0 0 49 42 15 49 22 49 7 27 49 16 4 3 49 49 49 33 27 15 7 49 49 34 15 40 39 49 49 49 49 49 34 22 49 30 33 31 49 21 36 45 7 39 3 49 42 46 43 49 15 49 13 39 13 4 22 27 49 45 21 49 12 
10 19 36 19 10 42 49 48 49 43 0 14 14 27 32 30 31 8 15 17 49 49 49 48 49 12 21 18 19 30 7 49 40 6 36 49 49 49 12 31 4 12 46 49 49 49 49 48 30 49 25 34 49 46 22 49 45 49 16 7 49 19 40 49 49 34 49 43 28 31 49 
22 49 49 7 24 25 49 12 31 39 16 0 32 2 32 4 26 21 10 11 49 40 40 49 13 49 3 49 4 28 27 7 22 49 22 33 40 1 40 10 49 49 21 13 40 49 37 49 1 33 18 43 49 49 3 49 24 25 30 49 49 33 49 18 49 13 49 27 49 49 15 
12 49 49 46 49 4 49 48 49 39 14 14 0 6 31 26 22 16 10 22 24 49 49 49 21 49 7 1 21 49 49 45 49 34 39 49 7 6 3 1 42 10 36 49 21 1 34 28 37 19 49 43 49 1 21 3 49 31 1 28 4 30 48 43 49 49 19 48 36 49 49 
49 7 49 43 28 24 49 7 49 1 17 3 19 0 12 16 27 6 3 26 49 39 12 49 10 19 40 7 1 21 49 49 49 49 39 49 31 49 49 24 22 12 45 49 49 49 12 10 39 46 46 10 49 49 42 21 24 42 10 49 49 27 49 36 18 10 49 45 22 49 48 
49 15 49 49 49 27 12 19 33 6 32 6 18 0 0 16 32 12 32 8 3 3 3 43 49 49 49 1 49 49 28 24 49 30 46 49 49 37 49 30 10 49 48 19 49 49 39 42 36 12 13 27 48 49 48 24 49 31 27 13 22 49 19 30 37 37 49 49 49 30 30 
25 24 39 49 25 1 49 49 25 49 30 13 17 12 16 0 7 26 18 10 49 36 45 25 49 42 1 12 33 4 33 49 37 21 40 22 24 49 22 49 49 10 49 30 42 49 45 21 27 21 13 37 3 49 40 49 36 49 49 42 49 48 34 1 24 42 25 7 49 40 49 
6 49 31 37 49 49 22 49 45 49 22 24 0 1 6 6 0 21 20 32 31 25 9 24 49 43 39 49 25 46 28 3 49 49 21 4 16 36 25 43 36 30 49 49 49 40 49 49 48 49 49 49 12 18 49 49 37 30 49 13 40 12 49 33 49 46 45 12 36 25 49 
49 49 16 46 49 42 46 49 37 15 18 25 18 15 20 29 2 0 15 30 49 49 49 49 10 49 10 13 18 18 49 40 45 9 49 19 49 49 18 34 49 3 42 18 27 18 18 49 45 43 49 49 49 28 42 4 49 31 18 49 36 49 27 4 43 25 49 48 10 49 22 
22 27 49 6 45 49 49 49 21 4 16 10 2 13 20 0 6 19 0 18 42 33 49 12 15 49 49 12 49 33 49 10 39 16 48 49 25 34 49 33 7 42 1 49 39 49 28 48 24 6 49 9 30 42 19 49 49 37 49 49 43 7 24 42 49 49 49 49 43 45 36 
21 49 10 43 49 7 36 30 4 24 27 22 2 10 30 10 30 4 26 0 49 49 49 49 9 40 12 9 22 3 49 3 46 21 49 49 36 49 25 49 9 36 49 49 39 3 1 13 46 31 46 19 49 1 49 49 15 48 28 6 30 49 46 16 49 49 49 7 13 1 40 
12 49 18 21 33 49 49 49 49 43 49 19 4 9 31 21 31 7 25 19 0 14 22 28 28 16 16 14 7 14 45 42 49 12 49 24 22 46 42 12 34 34 21 49 49 24 45 13 19 10 49 42 30 49 21 49 7 48 1 31 16 27 4 40 4 10 45 15 49 42 42 
24 16 30 15 49 49 18 49 42 33 28 25 49 22 40 21 49 19 4 24 23 0 27 24 15 14 25 20 3 26 37 45 25 16 49 45 48 49 12 49 25 43 13 49 36 37 43 13 49 49 22 15 49 37 49 49 28 4 48 49 16 40 28 46 37 3 28 33 49 49 49 
49 42 49 9 49 49 49 49 49 49 10 45 49 7 43 45 21 30 49 34 18 15 0 6 11 15 6 26 4 30 45 49 46 49 49 6 45 49 39 49 7 49 49 19 49 28 9 12 49 15 49 49 6 24 15 31 49 15 48 15 34 19 13 49 3 31 28 10 49 49 10 
16 24 49 6 1 46 3 49 49 42 19 49 49 7 49 49 49 13 49 1 2 13 24 0 12 20 2 9 13 14 25 49 30 37 10 49 49 27 40 49 39 48 40 49 49 49 49 10 36 49 49 49 25 28 49 7 18 21 49 46 49 46 46 49 43 37 39 33 24 39 13 
24 22 33 18 49 6 37 22 49 40 49 22 49 1 49 13 49 22 21 43 10 24 7 28 0 16 12 19 9 4 1 46 48 49 49 46 49 40 25 27 33 49 43 49 49 49 49 22 42 21 39 30 49 4 49 49 45 7 49 49 43 48 49 49 49 6 43 4 49 33 4 
28 49 49 49 25 46 4 49 49 48 18 49 9 49 49 25 43 49 45 34 28 22 23 2 32 0 17 29 20 20 49 49 49 18 49 39 12 45 43 33 12 49 49 1 49 49 18 49 42 49 49 46 49 12 49 12 49 49 49 9 49 43 9 6 15 49 22 49 49 1 39 
49 16 49 49 49 49 12 43 40 10 7 48 49 49 39 48 49 49 36 40 31 22 20 8 16 15 0 1 17 24 30 42 3 48 3 22 12 49 49 49 3 22 49 49 49 27 6 49 49 28 49 7 49 31 25 9 4 18 46 37 37 22 31 49 49 42 21 49 33 49 3 
30 49 45 15 18 49 49 46 49 49 13 27 46 10 49 46 49 49 49 6 29 14 4 15 12 27 18 0 16 12 15 31 46 49 49 3 10 49 40 49 49 12 49 48 49 21 49 3 7 27 46 25 30 49 4 40 37 49 36 25 1 36 16 40 1 15 49 19 7 22 49 
7 6 6 37 33 34 12 49 49 21 49 49 30 39 49 49 21 49 49 6 6 13 32 18 20 26 13 8 0 2 25 7 49 16 49 45 7 49 49 22 10 49 13 25 9 40 49 1 49 21 49 42 30 6 40 3 19 25 49 36 49 49 3 21 49 49 4 39 34 30 19 
49 30 22 49 43 49 34 12 12 13 49 27 49 46 49 49 49 31 1 22 3 14 6 25 26 22 24 17 20 0 49 3 49 49 46 49 49 15 42 49 45 48 49 49 19 18 31 28 37 49 12 6 49 49 7 43 46 49 49 37 45 24 46 34 49 49 49 43 27 49 49 
49 15 46 1 49 27 49 49 49 49 27 42 4 19 43 42 49 33 49 22 49 45 49 27 49 49 10 10 34 37 0 0 6 32 10 4 31 32 19 17 49 28 49 49 22 49 19 28 45 49 49 34 48 4 12 4 1 28 49 21 4 46 21 22 49 9 24 18 33 49 46 
27 43 13 49 49 18 49 10 22 19 45 49 21 49 22 49 49 39 45 36 21 19 49 15 31 49 49 49 49 37 32 0 3 18 4 3 5 10 19 1 27 4 39 7 49 49 16 49 18 1 49 18 3 28 31 16 31 1 28 13 21 31 49 48 15 4 4 40 45 24 36 
16 49 48 42 37 10 25 49 49 49 24 21 49 49 49 45 12 9 48 16 28 46 49 15 49 30 49 27 45 49 15 18 0 23 15 20 2 2 27 16 39 49 22 12 39 27 48 49 12 49 34 49 46 33 1 49 15 21 49 49 49 49 7 7 6 3 49 7 49 27 49 
49 30 46 33 25 49 12 42 49 49 42 19 39 27 46 49 46 37 30 30 33 25 1 6 9 49 49 49 49 37 16 32 24 0 2 25 20 2 20 29 49 21 22 1 33 46 49 49 12 30 28 49 48 49 4 49 24 49 10 10 40 43 48 49 30 49 49 45 49 18 39 
18 33 10 49 49 16 24 3 10 39 33 49 37 48 33 40 34 18 49 6 34 49 37 9 49 49 49 49 34 49 28 22 10 30 0 7 12 7 22 32 49 49 10 46 6 1 49 48 15 21 49 49 43 22 49 34 16 49 49 49 39 34 24 49 31 27 49 49 49 13 12 
4 16 48 49 49 49 45 27 49 30 49 31 40 13 42 49 36 33 49 49 42 33 12 30 22 49 49 10 4 9 20 13 29 4 12 0 10 28 23 6 49 49 27 3 49 49 49 21 25 48 42 10 36 7 16 45 10 33 49 49 22 9 49 10 36 30 42 49 37 49 49 
24 43 49 49 49 46 27 49 27 46 12 43 49 19 49 49 3 45 49 49 49 19 49 49 22 34 19 31 49 9 2 32 24 31 15 7 0 16 16 13 21 49 15 45 49 40 21 13 49 10 42 7 6 4 39 15 45 24 19 34 37 6 42 49 48 49 16 10 46 39 49 
43 49 43 34 9 21 6 4 3 49 43 30 49 49 6 25 1 49 43 3 28 49 19 42 49 49 33 39 25 3 20 3 14 7 21 20 21 0 17 4 15 39 6 49 37 49 49 24 49 1 31 39 49 13 4 10 48 42 33 16 18 16 49 49 9 49 49 49 49 49 25 
10 7 48 3 49 49 31 30 33 30 49 25 1 21 42 39 1 49 9 49 16 15 49 49 9 16 45 22 42 42 7 25 7 8 28 31 31 16 0 10 49 49 15 49 49 49 21 49 49 21 49 25 49 49 49 43 43 31 12 48 12 49 7 18 49 49 49 49 15 16 42 
24 36 40 19 49 7 9 22 49 49 43 16 49 6 25 18 49 22 27 49 1 42 22 16 4 49 12 49 3 18 8 18 12 10 2 14 3 16 7 0 28 3 4 49 9 49 18 4 16 49 49 19 13 30 49 43 49 16 39 49 33 49 49 28 34 46 15 27 37 3 15 
34 9 10 49 34 40 19 10 49 15 49 49 49 46 49 49 12 49 43 40 39 37 22 49 49 19 24 19 43 49 49 46 27 7 7 33 40 21 48 31 0 1 30 12 25 7 16 22 12 26 49 49 9 10 21 28 49 6 16 10 36 49 42 40 18 1 49 43 49 39 49 
33 46 6 1 4 9 10 21 28 49 42 19 21 21 3 13 24 49 49 42 13 3 4 22 49 1 46 25 42 19 49 49 21 33 49 49 25 49 9 18 20 0 5 23 32 10 22 16 22 10 7 31 12 42 34 49 49 28 37 49 13 49 27 31 42 16 49 34 43 49 3 
6 12 49 24 49 39 49 46 49 37 49 49 10 46 25 36 49 49 49 48 49 40 36 49 33 6 49 36 24 19 4 28 43 21 28 39 10 42 12 40 24 14 0 19 6 30 15 2 19 10 34 19 39 1 48 49 12 49 45 16 21 24 49 49 49 39 45 1 49 46 49 
45 49 4 24 42 16 49 49 40 49 49 49 13 49 30 42 7 36 27 13 49 13 49 46 21 39 49 49 49 49 40 49 49 10 49 28 49 28 25 1 22 20 28 0 17 25 17 22 26 16 49 49 45 28 37 49 7 49 4 36 48 1 27 49 7 49 49 31 49 33 25 
49 49 49 7 34 49 7 37 34 45 9 49 31 49 43 45 49 49 49 36 49 49 31 1 49 49 15 25 7 36 6 12 12 25 36 49 49 18 48 49 5 22 12 0 0 15 26 25 1 6 39 10 49 4 27 33 10 30 33 30 49 49 49 19 4 43 49 49 3 49 36 
49 49 19 43 49 49 45 19 21 49 43 15 49 28 36 10 46 49 49 49 49 33 10 27 18 1 49 49 39 40 49 33 31 15 28 46 46 33 49 49 14 18 22 3 22 0 26 6 10 30 49 19 16 49 43 21 49 45 49 49 22 49 4 36 24 24 16 13 49 49 21 
49 49 16 43 4 49 15 25 49 49 49 49 15 49 22 12 33 16 49 13 49 6 49 9 40 31 49 7 49 1 49 25 49 34 33 12 28 49 34 10 1 30 12 5 4 14 0 12 13 21 49 21 46 3 16 37 28 42 49 19 49 45 49 42 49 19 25 49 49 49 49 
49 40 49 25 28 42 24 45 21 3 48 49 21 49 46 49 46 18 49 49 45 49 13 49 25 49 37 39 33 49 49 49 49 42 49 19 33 31 30 49 6 3 14 6 6 28 28 0 4 22 48 39 25 49 46 37 15 9 34 39 12 10 42 49 49 34 49 13 30 49 31 
42 24 25 21 10 49 24 46 49 27 15 45 49 49 49 49 27 49 22 49 49 3 49 49 49 43 48 22 49 49 4 49 49 49 15 45 36 49 16 16 19 12 30 7 24 12 10 10 0 22 15 49 3 49 49 49 49 25 33 49 49 15 3 34 16 34 42 15 27 43 3 
4 49 49 40 18 49 30 49 49 22 49 49 48 49 30 36 6 43 15 25 4 39 10 49 49 19 45 27 25 37 24 19 40 49 37 6 45 36 49 7 18 32 22 5 14 25 20 21 18 0 25 3 27 12 49 12 10 42 45 45 49 49 9 30 49 43 49 42 49 10 21 
9 1 37 6 49 43 49 49 10 19 49 15 49 22 45 39 48 49 49 49 49 33 13 3 49 49 34 49 49 18 30 13 12 31 18 22 24 49 40 49 36 10 28 40 45 49 27 25 7 49 0 6 1 20 18 6 14 23 7 22 49 33 43 37 43 13 46 25 46 13 46 
49 37 40 40 49 49 3 28 22 49 49 27 16 49 48 7 42 13 7 49 49 49 6 43 49 9 49 49 37 24 45 43 49 6 49 49 36 49 49 9 31 40 49 49 37 31 12 9 31 33 0 0 22 16 21 26 16 9 8 14 46 45 1 3 49 48 49 49 12 1 37 
42 28 49 49 18 28 30 46 24 16 49 22 19 9 33 30 28 49 49 49 49 49 49 34 39 48 1 4 16 48 49 39 33 16 39 28 49 3 42 46 25 49 4 13 25 15 49 49 43 49 19 11 0 29 20 10 26 7 15 12 37 49 48 49 49 37 27 49 27 13 10 
34 43 39 49 1 24 49 10 1 33 49 21 49 3 39 49 31 36 49 6 21 13 3 49 49 49 15 49 49 49 49 15 49 49 37 49 49 49 25 49 27 49 39 49 37 49 31 6 49 48 4 21 2 0 9 18 28 27 15 20 27 36 43 49 25 33 13 24 49 49 7 
49 49 1 25 37 49 49 28 37 27 4 49 4 36 9 46 42 40 28 4 49 49 49 49 18 37 49 33 42 49 46 49 49 28 49 15 33 49 34 46 21 49 31 15 45 49 43 24 13 25 26 18 26 20 0 28 14 25 12 25 28 34 6 4 49 49 40 49 49 19 34 
36 49 3 3 4 21 18 49 40 42 16 25 49 31 22 24 7 49 28 49 49 22 10 4 6 49 49 40 46 49 4 1 34 13 45 49 33 33 49 28 42 49 36 49 28 30 49 22 49 13 18 16 13 24 2 0 21 22 24 20 18 49 49 49 42 4 13 49 36 31 49 
25 49 25 49 39 19 9 49 16 49 49 4 10 21 3 4 42 49 13 49 39 49 49 7 45 12 49 30 42 49 48 1 49 49 46 34 6 42 37 49 33 33 33 49 48 49 43 43 49 49 2 12 29 25 32 20 0 24 32 4 37 40 49 49 39 49 33 16 36 16 12 
39 34 49 49 13 33 49 49 16 19 48 7 4 49 49 49 7 18 49 3 46 39 49 49 13 36 49 36 49 49 49 49 43 49 24 49 19 30 49 49 19 9 49 49 45 49 1 49 10 36 32 2 3 24 9 31 16 0 25 7 10 49 4 18 49 15 39 49 4 49 49 
49 43 49 16 49 28 37 48 36 25 40 7 1 49 36 36 36 45 30 39 24 10 1 49 49 49 27 42 22 34 49 4 49 49 22 49 1 30 48 49 9 37 1 40 39 49 48 49 34 49 32 30 32 14 10 30 28 12 0 9 49 34 7 49 49 49 48 48 13 21 30 
25 12 9 16 49 49 48 46 49 28 49 49 42 49 19 49 49 34 33 49 15 49 49 45 49 49 22 49 49 49 10 49 39 36 49 36 7 49 6 33 10 49 40 7 12 33 49 49 25 9 12 10 5 4 21 2 3 18 31 0 1 7 24 30 30 6 12 45 43 6 49 
46 9 49 27 49 28 49 49 9 22 7 7 18 49 30 34 42 30 49 49 1 15 16 49 18 49 22 49 31 43 42 49 49 24 49 6 7 49 33 43 49 19 42 30 1 16 49 6 42 9 49 3 49 18 19 49 49 42 18 49 0 9 7 28 8 22 24 8 24 0 49 
49 49 45 43 49 49 39 49 49 46 16 25 15 25 24 22 37 9 43 49 49 49 42 43 49 18 46 39 49 27 49 49 4 45 49 39 21 15 49 49 30 34 49 49 39 49 39 49 49 25 13 37 19 39 49 19 31 45 49 49 13 0 9 20 12 24 28 18 26 32 37 
27 46 49 49 30 6 46 9 49 49 13 31 49 37 19 49 49 37 37 4 30 10 37 49 49 6 12 25 30 39 9 49 49 49 24 16 42 19 10 16 15 45 12 15 22 9 6 49 46 30 49 39 49 39 15 10 49 10 28 49 26 9 0 12 12 11 29 28 19 3 6 
6 49 10 19 21 16 49 49 31 40 3 49 9 49 10 49 49 46 24 36 46 27 37 46 27 49 19 49 25 33 28 9 37 49 49 49 40 49 43 42 45 49 45 22 43 13 25 37 3 42 49 49 28 45 34 31 49 21 49 15 7 13 27 0 5 12 22 10 0 10 45 
49 36 15 49 18 39 49 3 13 9 49 49 3 49 49 49 25 46 49 49 39 12 4 49 22 49 15 1 49 49 49 30 16 49 33 49 42 39 49 49 49 28 39 49 18 49 25 40 18 49 45 18 6 37 49 49 49 37 18 46 31 6 6 12 0 25 18 32 11 17 34 
18 34 49 37 34 48 49 1 22 36 49 16 49 13 49 49 15 49 49 49 49 49 7 49 1 10 49 3 22 49 3 39 39 48 49 15 31 16 31 42 49 28 10 40 15 13 39 49 49 13 36 49 1 49 33 3 31 49 22 49 6 20 10 8 16 0 32 0 4 32 49 
27 46 31 39 45 49 49 42 46 48 24 25 49 28 19 19 48 24 3 43 34 30 12 25 19 49 49 49 31 49 34 30 24 49 6 6 49 30 25 42 19 49 49 49 48 1 49 22 49 27 10 49 15 19 24 1 34 37 10 15 14 17 8 6 4 8 0 12 15 28 7 
34 28 36 7 25 49 4 31 3 46 49 21 13 3 1 21 28 49 12 34 18 49 46 49 49 49 49 16 15 37 49 24 22 49 25 22 36 15 49 49 13 28 9 46 34 49 45 4 48 49 18 21 28 49 48 49 49 22 9 49 25 2 32 24 21 2 14 0 24 32 49 
49 1 49 31 49 49 43 21 49 40 49 49 49 34 30 18 37 39 49 49 34 40 49 49 15 13 45 16 12 40 33 24 15 33 36 49 12 24 33 4 49 30 37 49 13 34 49 48 49 4 49 6 45 31 49 12 13 40 45 34 10 8 14 1 12 30 22 30 0 32 27 
6 49 15 13 37 49 49 49 40 27 3 9 49 43 37 3 25 36 33 21 49 13 49 49 33 19 49 9 3 49 49 49 22 15 49 6 31 45 49 49 42 28 4 15 25 37 31 28 16 46 49 36 49 46 21 21 34 49 49 46 0 26 5 27 6 30 28 23 17 0 4 
36 49 49 19 10 25 16 49 48 9 48 49 19 33 49 49 49 49 7 21 49 49 15 31 22 16 43 49 24 43 21 49 7 49 16 49 48 31 13 49 4 16 49 49 22 12 1 12 9 27 19 27 49 15 25 37 6 36 49 33 7 12 21 13 30 49 49 49 45 21 0 
