n: 70
m: 10
Pi:U[1-99] 60 64 10 17 96 78 58 95 84 72 61 97 31 65 52 24 46 14 94 63 38 30 88 11 77 76 24 21 62 55 81 18 28 41 76 27 40 8 71 72 75 17 73 2 16 36 87 31 73 72 46 8 23 61 47 34 37 48 45 31 15 4 13 59 52 96 16 27 22 72 
Si:U[50-99]
0 65 77 97 70 65 87 69 64 55 99 70 99 67 82 85 90 51 72 62 50 70 68 74 50 50 91 98 92 79 76 94 95 67 74 66 88 73 81 78 58 71 81 78 77 97 83 90 63 76 94 95 67 73 84 60 72 69 53 99 55 93 56 85 92 77 73 63 81 70 82 
80 0 62 75 95 60 98 98 99 50 52 60 81 67 58 50 89 83 54 50 54 58 96 76 92 70 76 77 89 81 96 86 72 60 71 56 51 52 74 61 98 85 55 89 83 69 73 85 77 98 66 61 85 63 88 92 83 79 70 78 87 56 55 72 89 70 51 77 51 81 86 
72 79 0 66 82 92 61 86 93 62 93 62 73 95 89 92 51 60 86 57 54 80 97 97 70 74 64 58 71 70 84 75 77 66 75 51 55 63 53 85 76 92 66 95 84 83 80 90 77 58 86 84 88 89 50 72 68 65 60 94 70 61 50 56 55 85 50 98 72 77 91 
79 97 51 0 60 76 89 68 59 53 84 61 54 58 92 88 65 80 59 78 67 54 81 69 89 62 88 89 63 82 57 86 68 87 87 90 78 78 65 93 55 71 56 52 70 92 81 51 67 80 68 95 73 82 75 75 76 67 94 60 91 83 71 65 91 66 66 74 85 85 54 
99 92 63 96 0 59 55 78 73 58 69 99 55 72 57 63 75 93 54 92 58 91 75 85 76 79 69 64 50 83 50 59 75 63 60 74 52 96 67 70 90 57 54 89 98 93 60 78 54 67 90 83 68 99 89 52 92 82 59 91 55 53 72 53 57 87 69 70 91 58 74 
96 59 85 88 99 0 88 60 76 70 58 61 98 84 60 91 85 74 91 69 93 86 55 90 65 51 62 63 67 96 50 97 54 75 66 71 53 87 89 53 84 73 79 52 56 54 95 77 74 91 67 91 91 89 84 96 62 53 77 78 85 94 78 66 66 80 62 53 84 60 60 
51 81 73 57 75 88 0 51 92 96 50 87 92 55 51 63 53 59 96 58 63 77 61 71 54 72 52 73 70 83 50 99 93 95 78 82 73 92 58 65 86 75 67 86 61 55 69 97 79 71 56 68 60 53 87 92 68 81 69 89 70 62 77 52 73 57 52 92 71 84 53 
84 67 81 64 78 96 56 0 79 74 60 94 65 97 84 96 94 67 94 90 57 76 66 55 94 87 95 98 78 60 72 97 79 93 95 63 85 87 96 71 63 83 75 99 82 57 99 56 58 61 97 67 71 59 59 78 70 80 78 60 63 74 78 72 80 67 87 81 93 62 64 
52 64 57 96 99 95 80 91 0 77 70 62 57 81 60 73 50 88 97 96 85 70 90 66 60 91 94 77 74 75 98 97 97 83 90 96 75 78 56 76 76 91 56 56 61 95 53 63 74 52 85 62 68 62 71 93 72 88 82 87 97 88 53 74 78 99 92 58 94 91 83 
65 86 64 88 78 56 71 55 59 0 91 95 87 67 82 77 73 65 72 86 88 75 80 67 81 57 54 80 97 93 52 75 67 82 73 50 88 87 56 90 94 52 58 94 52 97 64 68 93 53 73 76 80 63 94 80 91 92 50 57 94 92 78 85 73 69 85 79 50 78 65 
78 91 77 54 92 70 76 89 74 58 0 73 67 63 89 76 92 77 95 60 84 64 57 71 99 63 91 63 89 91 91 93 60 76 92 94 74 81 91 66 63 80 99 91 51 96 67 71 51 75 65 90 64 98 92 64 53 99 71 59 53 68 78 50 70 63 96 67 82 84 56 
68 78 71 96 73 50 97 81 51 99 84 0 81 69 71 86 60 60 92 58 62 81 75 75 93 81 82 80 56 67 81 69 86 56 94 80 59 92 87 99 65 66 89 61 55 88 85 74 67 58 82 97 86 59 84 86 94 98 76 56 99 74 65 52 61 76 69 95 69 92 86 
64 67 86 90 82 57 71 85 89 69 84 89 0 55 89 82 84 57 52 97 65 74 76 78 81 96 67 77 99 68 59 68 83 56 69 90 70 79 52 75 80 91 72 61 60 74 52 85 90 75 71 73 55 57 70 67 94 96 78 97 92 68 54 93 84 92 64 96 82 53 59 
96 73 90 50 84 59 85 52 75 85 94 65 67 0 97 63 56 86 65 95 83 86 55 51 59 59 82 65 90 75 96 81 66 66 83 55 71 76 85 76 56 81 73 73 50 97 86 51 83 98 77 59 73 90 87 81 73 95 72 97 98 80 75 69 81 56 58 64 75 98 98 
85 91 66 99 97 98 52 67 94 95 69 81 91 61 0 79 69 71 91 76 84 66 62 91 85 99 77 99 96 62 64 67 74 55 80 99 94 62 69 60 52 54 91 62 58 78 79 75 86 55 52 72 87 57 77 75 78 63 54 69 77 52 81 94 91 88 75 76 84 95 65 
56 91 58 64 52 98 77 57 83 55 62 52 70 66 69 0 64 83 81 79 79 59 66 63 86 58 88 72 71 54 62 72 87 76 60 55 82 99 91 63 50 53 50 85 55 54 79 87 85 92 74 52 92 75 51 50 85 89 85 67 50 54 84 66 51 76 90 62 56 78 99 
65 73 88 79 98 65 64 87 84 89 84 58 82 55 57 73 0 86 64 68 98 64 75 87 97 73 75 69 94 90 59 55 76 93 54 64 79 51 68 76 99 59 60 80 68 86 94 95 91 52 82 51 66 73 61 69 63 51 56 97 88 62 72 95 57 67 57 76 77 80 99 
77 96 50 84 71 66 66 50 50 68 92 55 57 91 91 63 90 0 70 56 75 83 63 61 73 73 77 86 54 57 64 83 75 63 94 99 60 53 76 83 89 61 64 82 67 76 82 95 92 98 97 89 91 62 53 78 55 87 66 94 88 96 50 99 68 79 76 99 53 74 63 
66 97 79 78 82 69 75 81 93 85 88 81 55 95 51 70 75 96 0 92 81 52 56 92 98 58 88 93 88 62 91 81 67 93 69 94 76 91 59 72 84 72 90 91 75 98 52 87 76 83 65 94 52 63 85 55 61 99 82 83 58 69 84 75 80 84 68 71 55 81 71 
67 78 95 67 55 79 59 97 75 82 52 78 51 88 89 52 56 62 75 0 57 59 83 85 94 86 68 94 68 87 94 76 91 67 88 55 67 76 52 88 79 81 80 69 64 50 91 78 62 69 76 99 67 59 93 86 57 62 90 68 73 61 72 60 84 94 94 62 64 53 77 
66 80 59 83 95 58 65 64 62 87 81 60 83 63 99 76 78 69 56 61 0 52 52 54 87 88 89 99 53 89 65 70 71 74 82 81 51 72 79 52 59 66 98 70 63 72 89 58 80 94 88 81 85 92 74 82 62 53 75 52 85 90 61 52 81 69 62 51 69 61 66 
98 57 59 65 74 87 70 90 70 89 62 71 62 71 82 50 56 61 98 88 75 0 60 74 57 67 96 91 52 84 76 58 71 50 63 85 74 85 74 67 53 96 73 63 97 50 95 63 55 88 50 86 78 82 88 94 91 86 80 71 94 93 56 89 64 80 98 59 86 91 68 
72 61 83 94 79 55 55 89 85 59 63 70 64 64 86 74 63 77 74 66 95 96 0 91 90 60 66 55 52 59 76 70 54 93 58 77 84 79 98 76 50 71 86 87 76 83 68 74 58 51 51 54 66 64 80 70 71 82 71 96 99 85 79 50 98 62 74 82 95 81 85 
84 86 50 95 88 95 61 68 92 57 52 53 68 66 96 59 92 62 75 52 95 61 53 0 55 87 91 72 91 84 58 96 70 79 60 78 78 96 82 96 70 88 81 57 70 83 81 76 55 74 73 54 99 70 81 90 67 62 91 74 87 59 52 80 52 72 63 84 99 66 98 
83 66 58 74 86 86 72 62 91 53 60 66 94 52 72 79 51 83 73 80 98 80 70 92 0 90 50 61 72 74 99 57 65 62 82 95 96 78 53 52 76 76 95 54 72 71 94 52 75 65 66 96 65 61 55 88 60 96 75 78 67 50 98 76 63 63 82 68 79 85 79 
67 66 79 95 97 75 94 87 82 80 93 73 69 50 68 83 91 60 75 97 50 90 80 62 59 0 88 88 94 57 77 89 94 98 83 55 70 91 58 81 75 61 98 80 80 89 58 53 80 95 66 74 59 77 55 69 89 71 61 69 85 54 75 71 58 68 65 97 74 55 69 
58 68 51 64 82 82 66 75 81 69 61 63 67 90 63 70 94 62 85 84 54 74 90 54 90 64 0 72 91 63 61 81 82 67 66 86 80 54 70 70 76 65 89 89 66 78 86 71 80 63 78 90 53 79 79 83 81 73 93 93 50 59 79 91 56 58 68 90 99 73 85 
89 67 87 64 88 93 66 88 71 52 77 81 78 70 62 85 73 97 62 99 69 87 74 59 79 90 67 0 85 91 68 74 95 61 85 61 97 92 69 70 77 51 68 66 58 73 71 55 79 55 94 94 88 95 57 98 78 96 95 78 92 71 82 53 94 85 74 61 64 97 61 
62 59 68 79 62 77 71 57 83 62 72 69 94 83 60 59 62 99 53 54 92 63 74 52 99 85 71 87 0 87 79 94 52 70 84 97 57 84 67 99 69 69 60 88 96 61 67 93 54 95 65 67 55 72 99 72 58 66 90 68 56 99 72 79 79 57 65 76 88 96 63 
62 50 83 80 79 99 82 69 81 78 94 69 60 79 55 98 91 76 65 82 64 56 68 79 65 86 74 83 62 0 66 79 72 82 80 57 70 58 73 87 93 51 73 98 70 64 68 67 51 91 88 86 75 60 85 95 56 53 50 69 93 94 95 85 72 96 92 91 81 61 89 
89 65 99 85 94 73 87 79 73 62 93 96 93 90 57 54 91 99 83 96 89 66 73 61 69 61 61 98 80 92 0 87 50 67 79 86 55 97 67 66 74 95 58 95 69 61 77 84 62 78 86 61 63 68 67 88 96 90 51 72 99 61 54 63 56 57 76 75 91 73 98 
78 54 81 86 83 74 50 75 54 79 84 83 52 55 50 66 69 92 55 95 60 93 92 52 59 50 67 87 53 81 89 0 95 74 55 60 89 74 67 72 95 71 84 62 69 98 56 96 65 53 59 77 90 51 57 82 83 93 91 71 53 88 99 72 50 97 52 59 61 66 60 
75 61 71 78 76 92 63 92 88 57 81 52 66 69 64 74 88 52 73 73 97 89 97 91 95 50 86 67 67 50 95 98 0 83 88 89 71 79 85 63 55 60 80 91 79 60 91 93 67 73 83 61 99 58 55 80 52 71 96 75 87 80 56 78 60 96 87 93 87 81 66 
56 67 61 58 97 92 75 87 74 69 72 92 70 82 80 70 65 81 61 77 60 54 97 79 56 69 80 67 83 81 99 72 52 0 89 80 57 86 98 95 54 69 59 74 91 52 71 68 60 75 75 87 98 94 94 59 68 71 56 95 67 57 89 68 85 93 61 82 61 56 50 
88 66 83 71 81 92 87 85 76 98 77 98 71 97 51 55 60 90 78 78 66 75 93 75 72 56 75 99 65 87 58 77 77 88 0 73 76 51 91 82 78 77 50 89 51 74 50 84 94 52 52 72 76 68 67 73 60 85 59 92 59 56 82 59 77 87 82 81 64 94 58 
98 93 96 58 80 57 80 73 83 73 85 86 87 74 94 71 77 64 59 98 58 62 87 57 60 73 88 91 98 62 93 56 53 81 76 0 63 86 70 85 61 97 94 56 88 82 89 62 98 56 63 90 65 68 64 80 59 90 65 72 71 54 81 77 55 89 57 61 87 50 80 
90 50 58 85 92 72 88 50 67 95 90 93 95 86 91 81 95 76 99 92 72 55 68 73 52 65 64 67 62 65 76 60 80 56 81 59 0 71 75 88 75 66 78 56 86 58 58 75 94 57 91 63 78 97 91 61 68 59 68 69 71 56 81 65 68 54 50 52 79 56 87 
97 82 84 93 84 87 73 88 67 84 71 82 66 97 51 89 53 67 69 65 58 99 51 89 78 88 70 96 59 72 94 83 79 97 80 78 57 0 84 55 72 53 52 78 80 93 75 90 84 58 67 96 79 79 86 56 53 71 88 62 89 57 94 78 51 63 96 98 53 60 69 
50 56 96 63 77 88 79 61 65 95 56 52 62 92 54 78 72 99 76 94 62 73 61 94 87 62 86 51 77 85 64 92 78 82 73 51 76 62 0 73 84 58 60 76 69 63 78 57 96 65 55 87 76 74 70 59 54 84 77 74 67 60 87 68 88 60 96 64 62 71 88 
79 50 89 54 89 80 87 81 82 92 84 51 64 87 95 65 78 60 94 92 81 71 76 70 85 96 63 87 86 83 76 90 75 87 51 89 55 80 67 0 51 94 73 62 77 93 52 99 56 92 66 63 80 61 56 64 79 55 86 78 92 57 94 91 81 91 79 99 70 61 60 
75 75 57 70 87 98 82 57 83 76 77 93 74 59 84 83 93 80 78 73 84 72 55 81 63 78 91 65 80 63 85 66 84 90 91 88 96 67 75 57 0 72 94 80 56 58 98 84 51 72 86 79 89 72 61 76 62 55 88 71 65 88 93 73 92 50 55 86 88 88 83 
93 96 78 77 75 83 97 63 87 64 95 54 59 59 81 61 68 65 85 91 97 98 84 50 98 56 84 69 75 88 97 63 77 64 53 57 70 69 94 77 79 0 72 85 98 67 74 67 70 88 53 58 94 62 67 89 57 98 67 72 65 67 71 66 65 85 88 94 68 57 78 
73 87 58 91 57 58 90 56 75 51 79 82 59 51 71 87 59 99 60 69 89 85 93 93 54 79 67 81 93 61 68 88 77 62 87 66 88 87 77 77 82 93 0 80 71 59 72 57 75 82 84 92 83 54 88 56 90 58 72 68 91 67 71 81 52 62 81 87 88 96 50 
92 76 70 69 75 80 99 91 98 54 69 88 92 70 66 65 69 51 83 73 66 83 97 87 74 61 56 80 79 68 59 55 75 62 78 62 97 81 64 80 50 72 60 0 89 85 98 53 79 91 57 65 71 61 65 74 53 98 89 93 78 52 86 91 57 72 97 78 77 72 89 
50 95 93 79 72 59 96 55 98 52 91 95 91 73 76 94 88 81 87 51 93 60 68 50 93 55 66 91 91 98 57 60 72 92 98 78 76 79 77 51 87 88 52 74 0 96 95 59 76 68 59 84 52 57 73 55 83 63 64 68 70 95 78 89 68 63 83 97 97 62 66 
81 66 55 68 57 59 66 52 86 93 91 65 75 93 76 95 80 72 72 89 71 54 76 62 71 52 73 84 90 50 50 78 98 63 76 79 75 77 89 99 78 56 77 93 94 0 96 88 68 96 78 80 90 85 83 68 54 76 52 52 68 96 84 98 52 66 65 65 89 80 68 
76 69 53 72 94 78 77 67 90 93 54 72 65 77 92 50 85 69 96 70 74 99 81 78 81 63 79 91 55 78 97 50 87 95 90 55 99 85 94 61 99 82 94 93 77 58 0 79 51 99 97 87 66 91 89 59 63 94 76 60 85 92 76 84 92 90 67 91 68 81 60 
95 68 66 54 61 51 82 59 77 62 88 79 64 94 73 61 88 53 62 73 91 63 91 67 65 72 90 70 58 66 87 85 73 91 82 95 81 81 87 86 59 69 70 69 65 69 89 0 64 81 74 64 81 64 67 66 74 88 90 95 77 82 51 92 59 75 73 79 53 99 94 
98 51 53 87 70 55 72 61 52 71 75 59 82 69 98 68 51 79 67 71 76 60 94 92 77 84 92 97 92 94 64 70 79 55 64 57 76 76 66 67 64 84 80 97 77 64 79 68 0 73 58 77 71 60 97 65 69 70 95 81 72 63 89 84 50 63 56 65 82 75 89 
78 64 96 53 69 56 79 97 54 80 77 97 56 94 83 51 53 68 60 74 54 64 78 54 76 72 74 80 87 97 77 92 72 92 88 69 79 59 95 66 60 92 67 50 75 95 60 53 91 0 64 78 61 97 95 84 97 93 71 77 85 65 88 71 78 73 57 90 55 72 90 
61 91 70 68 74 90 61 61 65 95 71 52 83 67 67 97 54 82 76 79 61 69 77 62 88 76 51 54 53 59 80 94 59 82 74 54 89 99 90 69 82 69 80 50 78 50 50 53 65 65 0 88 76 97 83 81 77 63 51 75 97 62 62 97 81 89 59 92 83 64 77 
63 80 64 63 52 95 86 73 92 96 64 75 74 78 77 91 77 84 97 74 51 80 85 93 60 68 68 55 52 99 76 84 79 77 97 53 77 81 86 94 59 50 99 64 52 72 52 92 52 89 69 0 51 60 57 93 67 69 97 58 59 85 93 78 69 77 56 87 60 93 58 
76 97 97 98 97 90 59 86 87 89 56 99 96 57 68 51 65 90 82 62 75 90 82 85 77 70 65 69 77 89 58 77 81 55 57 63 71 97 69 82 93 96 92 53 78 56 72 67 50 86 74 96 0 90 93 78 90 80 81 54 62 56 56 82 97 93 53 70 62 70 64 
59 51 92 86 52 78 51 88 58 58 88 88 63 89 96 82 57 56 55 60 68 99 57 87 59 75 54 77 97 57 73 75 69 95 68 78 83 74 83 63 51 54 66 76 81 50 86 73 81 55 60 79 87 0 72 88 50 69 78 70 53 88 62 86 86 54 86 76 55 56 86 
89 69 68 94 64 89 89 58 91 53 71 64 83 79 83 61 91 88 94 87 81 57 50 88 76 58 94 90 56 80 59 68 79 78 76 72 74 83 81 74 82 80 85 98 73 72 52 98 79 55 73 71 73 70 0 62 91 86 53 91 56 76 83 86 77 91 96 59 50 95 91 
51 54 67 90 64 80 85 84 57 96 51 64 84 59 96 67 99 96 86 85 99 58 53 91 73 83 63 85 86 96 95 67 69 80 85 53 58 81 92 82 76 73 86 53 51 70 87 52 71 50 78 52 84 62 55 0 82 91 64 64 79 74 70 96 57 90 65 99 89 85 95 
57 53 51 89 56 64 76 89 63 77 78 68 50 69 94 89 67 74 64 83 50 56 59 68 90 76 61 78 70 83 51 65 83 59 89 90 76 59 98 83 94 56 78 65 50 67 80 93 66 72 59 67 72 64 54 84 0 82 71 84 59 56 64 67 88 87 54 84 95 80 98 
98 96 84 98 82 81 93 81 77 79 65 97 81 67 62 90 78 79 91 66 50 83 54 62 96 89 85 51 50 67 50 89 63 85 96 92 57 73 88 86 67 58 88 82 74 50 84 60 92 95 89 89 73 78 58 94 55 0 59 83 82 52 55 77 59 69 60 60 88 89 73 
73 82 92 79 66 98 50 54 78 87 94 88 90 92 90 87 81 99 94 76 51 56 54 72 62 68 61 95 69 81 64 77 76 70 59 76 76 87 87 95 69 64 86 89 54 58 51 88 74 87 74 80 80 69 77 93 52 84 0 69 69 73 57 59 55 67 65 62 55 62 52 
67 97 81 86 87 77 86 75 50 63 53 77 60 70 93 80 69 50 51 56 79 57 62 77 52 85 75 54 63 97 75 78 72 66 83 63 82 97 80 99 82 77 51 89 52 61 67 82 85 89 65 86 58 99 51 68 95 75 52 0 56 65 86 62 82 74 94 96 75 84 83 
68 78 63 88 93 74 56 58 83 86 69 66 51 76 57 97 61 64 95 75 73 53 79 78 69 70 74 53 88 76 71 86 83 61 92 62 58 66 90 88 96 94 85 91 91 90 81 90 97 98 96 96 51 75 96 82 75 65 95 90 0 94 84 73 52 90 98 93 70 76 65 
65 84 74 82 80 70 86 81 89 97 92 69 52 92 91 72 72 77 56 67 66 65 65 95 71 81 55 59 51 75 85 50 68 58 50 70 55 63 77 92 50 57 64 64 73 70 65 64 95 59 94 59 86 57 52 83 63 92 76 87 89 0 52 50 62 73 71 53 83 80 66 
95 58 90 96 60 51 52 52 79 51 58 79 64 61 54 90 65 57 89 63 71 80 75 83 74 53 65 74 57 61 56 98 55 52 63 78 60 78 67 79 99 59 95 97 84 51 94 77 69 55 65 95 58 83 84 57 56 91 73 80 89 89 0 64 60 55 53 53 68 72 51 
67 51 75 58 89 60 78 77 83 96 50 60 71 54 58 59 92 74 98 86 95 69 56 85 68 50 98 58 90 95 94 99 87 92 99 57 74 98 74 75 57 59 95 58 74 79 51 92 77 95 92 91 64 52 75 50 62 63 72 56 57 88 97 0 79 66 67 53 70 59 67 
61 79 94 76 68 69 59 69 81 93 90 97 79 83 50 93 55 83 81 53 82 96 62 96 57 86 62 75 65 63 86 71 96 69 58 92 56 90 76 74 50 62 99 63 68 80 87 53 77 98 90 51 67 66 88 60 99 59 62 51 51 78 81 62 0 94 62 81 77 94 68 
62 77 77 85 69 98 50 79 75 78 70 78 79 61 76 78 81 52 51 53 78 69 70 97 72 67 56 63 75 94 94 97 99 76 50 94 52 76 66 58 79 78 93 54 86 67 64 90 56 91 57 97 91 50 51 68 96 55 93 72 63 80 72 59 57 0 61 64 86 76 54 
70 60 80 95 91 71 84 83 69 57 95 96 72 54 51 75 50 72 90 84 55 83 82 99 98 97 96 83 81 71 50 96 65 53 58 65 92 57 86 95 88 88 96 88 75 68 91 81 98 96 94 66 89 98 50 60 91 76 69 82 78 92 66 67 78 87 0 55 51 66 61 
66 55 84 51 53 52 75 50 98 85 85 71 54 88 79 63 64 75 65 95 53 55 93 55 76 56 68 71 77 67 66 84 70 71 92 83 79 70 86 51 95 95 61 93 64 63 71 75 86 66 74 81 50 81 83 76 91 78 95 69 72 63 72 53 64 82 85 0 83 88 72 
57 59 89 92 79 67 65 71 89 76 58 82 92 57 93 77 84 71 62 56 90 64 99 51 67 63 52 51 91 90 53 56 59 52 92 94 57 91 62 50 80 69 93 53 83 53 84 87 51 57 55 99 71 89 70 72 54 51 58 61 97 58 83 56 61 99 60 62 0 67 77 
88 90 53 84 63 89 50 81 59 56 77 55 52 90 60 77 65 81 95 98 93 77 85 76 77 70 62 84 74 88 70 70 72 76 98 60 88 87 66 96 94 96 95 57 58 88 85 71 93 75 72 89 60 67 54 97 71 89 63 60 54 88 64 86 91 85 79 85 61 0 53 
55 52 93 89 56 76 50 88 96 87 83 87 63 58 68 66 98 55 89 88 64 79 88 99 66 67 56 54 83 77 57 57 53 90 77 69 67 60 60 83 56 55 94 55 81 61 79 73 67 90 83 69 53 86 69 81 86 66 98 59 88 72 66 50 50 79 69 66 88 97 0 
