n: 70
m: 8
Pi:U[1-99] 92 52 10 66 40 15 94 98 98 31 21 74 65 15 89 27 59 14 14 13 3 33 24 54 2 27 25 56 55 99 48 35 53 51 41 47 40 50 53 6 32 25 40 71 21 29 46 2 52 35 61 66 52 29 48 31 56 84 86 23 72 59 22 39 1 62 68 18 53 53 
Si:U[50-99]
0 36 64 48 61 38 64 36 49 58 93 99 99 91 99 75 97 99 99 99 99 99 99 99 99 88 79 99 99 99 99 85 84 99 96 97 84 99 99 99 99 99 99 99 99 99 99 75 84 99 99 90 75 99 75 99 99 99 99 99 99 99 99 99 84 82 99 99 99 99 99 
41 0 58 52 52 51 65 38 66 64 99 99 99 99 99 99 99 99 99 93 99 99 91 99 99 99 99 79 84 99 99 87 99 88 99 85 99 99 99 99 99 99 84 99 99 75 87 99 99 99 99 99 99 99 99 99 84 99 99 99 99 99 75 99 93 88 99 99 99 87 99 
61 48 0 34 50 62 58 56 56 45 99 99 99 93 99 88 99 99 99 99 99 99 99 99 94 84 99 91 82 99 99 97 99 99 99 99 99 99 99 99 97 87 99 96 99 99 99 99 99 99 99 97 99 93 99 99 99 99 88 99 99 99 99 99 99 99 85 78 99 99 87 
40 44 60 0 48 36 58 37 44 65 78 97 90 99 99 97 99 78 99 99 99 99 99 99 90 99 78 90 91 99 99 99 96 99 99 76 78 99 78 99 99 79 99 75 94 99 87 99 87 84 82 99 99 99 99 84 99 99 75 97 82 99 99 79 99 96 76 99 99 78 99 
65 58 38 50 0 41 64 66 34 49 81 88 99 99 99 93 99 91 99 99 99 99 91 99 99 97 99 99 99 99 99 99 99 99 99 99 99 99 79 87 99 81 99 84 99 99 99 76 75 99 99 99 99 78 99 84 99 99 99 99 90 78 99 79 99 99 99 99 99 99 91 
56 42 41 54 60 0 40 38 58 61 82 99 99 82 99 97 99 97 99 99 96 99 99 99 99 99 99 78 94 97 99 99 99 90 99 99 99 99 99 99 88 88 99 96 99 91 82 99 99 96 99 99 99 99 79 99 99 91 99 99 99 99 78 99 99 99 99 99 99 99 79 
50 62 45 45 60 60 0 46 48 50 99 99 97 99 99 99 99 99 99 85 99 99 99 99 78 90 99 84 79 99 90 99 84 99 99 78 94 94 99 99 97 93 99 99 99 90 84 82 99 99 99 99 99 88 84 99 78 85 99 91 99 99 99 99 99 94 99 99 99 76 99 
62 33 42 47 48 56 55 0 39 50 99 99 99 85 99 99 82 99 99 97 99 99 90 87 93 99 99 97 99 99 99 87 84 99 99 75 99 99 75 87 99 79 99 99 99 99 79 76 99 99 99 93 84 99 99 99 99 93 99 99 99 99 99 79 99 97 99 99 99 99 99 
55 64 40 44 36 50 37 54 0 50 99 99 96 99 79 85 91 99 99 99 87 87 99 97 99 91 99 84 99 99 94 99 97 99 99 99 85 99 99 84 99 99 97 96 99 97 96 99 91 91 99 99 99 99 99 99 99 99 78 99 99 99 90 84 94 82 99 99 99 99 90 
54 64 38 42 40 34 41 59 47 0 82 99 97 85 99 99 90 91 79 99 99 99 99 99 78 87 99 99 99 99 99 99 99 99 99 85 76 85 99 81 99 99 99 79 99 99 99 99 99 99 99 99 85 99 99 78 99 99 91 90 84 99 99 99 96 79 99 99 84 99 99 
99 99 99 99 87 90 99 75 94 87 0 54 64 46 44 49 37 36 46 34 99 99 99 99 78 90 93 99 84 87 96 87 99 99 99 99 99 76 82 99 75 75 96 88 87 99 78 99 99 84 99 99 99 93 99 99 99 76 99 99 99 75 99 99 99 99 97 99 99 99 99 
99 99 99 99 79 99 99 99 99 96 64 0 36 34 62 40 50 57 52 34 75 99 91 99 99 93 99 99 75 99 90 99 76 90 88 93 99 81 99 99 91 84 76 79 99 97 99 79 93 99 99 99 99 99 99 81 99 99 99 99 88 99 99 99 90 99 99 81 99 99 99 
99 84 85 99 91 99 99 99 82 88 49 50 0 50 51 46 59 62 62 46 84 99 91 87 99 90 90 99 99 99 94 99 99 81 99 76 97 99 96 99 99 99 99 99 99 87 99 82 99 99 99 87 99 96 99 99 99 76 85 79 99 99 93 99 85 99 79 84 99 99 99 
99 99 99 85 81 99 85 85 99 99 40 54 62 0 40 36 53 38 44 62 99 99 99 99 99 99 99 99 79 99 99 99 99 91 82 99 99 99 90 99 99 91 99 99 99 99 91 99 99 99 76 99 99 99 99 97 99 99 99 99 99 99 90 96 97 99 78 99 99 99 99 
99 99 97 81 79 82 97 79 93 99 40 37 56 56 0 55 55 60 52 50 99 93 99 93 75 94 96 85 99 99 84 99 99 99 99 81 99 96 99 76 99 99 99 99 90 87 99 78 93 99 75 99 99 99 84 99 76 99 99 99 99 99 99 94 99 75 99 99 99 82 99 
88 99 99 85 75 99 99 99 99 79 52 54 39 35 34 0 59 62 60 38 91 99 99 99 99 78 93 99 99 99 99 99 99 91 87 99 99 85 99 99 99 99 99 79 81 99 99 99 99 94 84 99 99 99 99 99 82 85 99 99 84 99 99 99 99 82 99 96 99 99 99 
99 76 99 90 99 99 99 90 99 85 50 35 54 44 36 54 0 60 35 45 99 99 81 99 97 99 99 99 78 99 99 99 99 99 84 99 99 84 99 99 99 99 84 99 99 99 99 99 99 99 99 99 99 93 99 99 99 99 99 99 99 99 99 97 99 75 99 99 81 87 82 
97 99 99 96 99 99 99 99 87 99 34 60 46 48 47 44 39 0 60 46 99 99 99 99 78 85 82 99 99 99 99 75 82 75 99 84 99 85 99 90 99 99 99 99 76 99 94 99 99 99 87 99 99 88 99 76 99 79 99 81 75 90 99 99 94 99 99 99 99 99 99 
99 82 99 97 84 78 99 99 99 99 54 64 34 46 36 46 56 42 0 53 99 99 76 97 99 99 99 99 99 99 99 94 99 99 79 79 99 94 81 99 99 99 99 99 96 93 99 99 99 99 88 82 99 99 76 99 99 99 99 84 85 79 99 99 99 99 99 99 88 82 88 
99 99 97 78 99 99 99 99 99 99 38 62 46 42 62 62 50 37 54 0 99 99 78 79 99 99 99 99 99 99 99 99 99 76 99 99 76 99 96 99 99 99 99 78 99 99 99 99 99 90 99 99 99 91 99 99 99 99 78 99 76 99 87 99 82 93 88 99 99 99 99 
99 90 99 99 88 93 91 99 82 99 93 93 99 99 93 99 88 99 99 99 0 48 60 44 52 59 48 45 54 54 99 82 99 99 90 78 79 97 99 82 99 91 99 96 99 87 79 99 94 99 99 99 99 99 99 99 99 99 99 99 93 99 91 99 99 99 88 78 99 99 99 
84 99 99 99 99 99 99 99 99 99 97 79 99 99 99 96 99 79 99 99 56 0 54 49 42 62 50 34 52 34 97 99 99 97 99 75 99 84 99 99 84 75 99 99 78 99 99 99 99 99 99 99 99 99 78 99 99 99 99 85 99 99 99 99 99 99 99 99 99 99 99 
99 99 85 99 99 99 88 99 99 99 97 99 99 88 99 81 99 82 99 87 33 62 0 52 64 40 59 46 49 49 99 82 78 99 99 81 79 99 99 96 99 99 99 94 99 99 99 99 99 99 99 99 99 99 99 76 82 99 96 81 99 99 99 81 84 90 99 99 75 81 93 
99 99 91 99 99 99 99 91 99 99 97 99 99 99 99 99 99 99 88 99 50 55 47 0 62 55 47 42 64 41 99 99 99 99 99 88 81 76 99 91 75 99 99 99 99 99 91 99 99 94 99 99 99 88 79 99 99 99 99 81 99 99 99 99 99 99 99 99 99 81 99 
99 99 99 99 99 93 81 99 76 99 82 99 91 99 99 99 99 84 91 99 50 62 38 35 0 48 53 61 33 38 99 99 99 85 96 99 99 79 99 99 99 84 99 99 87 99 99 99 99 99 94 85 99 99 94 85 96 99 99 99 99 99 94 82 99 99 99 99 99 99 99 
85 99 99 99 99 99 99 99 76 99 99 99 99 99 99 93 99 99 99 99 57 37 38 47 62 0 48 44 66 46 99 99 99 99 99 93 88 99 99 81 99 99 99 78 99 93 78 99 99 99 99 99 85 99 88 99 87 81 99 99 99 99 75 99 79 99 99 84 99 99 99 
87 99 76 99 93 99 99 99 99 99 99 99 99 99 84 99 99 75 99 94 33 38 60 58 62 39 0 65 47 49 99 99 99 84 93 99 99 99 99 85 99 76 99 93 99 91 99 85 99 99 99 96 99 96 93 99 99 99 79 96 99 99 91 99 96 96 99 99 88 99 99 
99 99 99 99 99 93 99 99 99 99 81 99 99 99 99 97 99 99 99 99 61 64 59 36 47 57 61 0 46 44 93 99 91 99 99 99 99 99 99 81 99 99 99 99 99 99 99 99 99 97 99 99 94 93 99 79 99 99 99 99 84 81 99 99 99 78 99 99 99 99 99 
96 75 99 99 99 99 99 91 88 99 99 93 96 99 81 99 99 99 99 99 63 61 54 63 53 60 52 35 0 57 99 99 99 99 82 94 99 99 99 96 99 99 99 99 79 99 96 99 99 99 99 96 99 99 99 99 99 99 99 99 99 99 99 99 75 99 76 84 99 99 99 
78 99 84 99 99 75 81 81 88 90 99 90 99 99 99 99 96 99 84 99 56 36 44 62 43 38 61 48 62 0 99 99 99 99 99 99 99 99 99 88 99 99 99 99 99 99 99 99 91 99 99 99 97 99 99 99 78 99 99 99 99 99 99 99 99 99 99 99 75 99 94 
99 99 87 85 99 99 78 99 99 99 99 99 99 99 99 78 87 93 97 76 81 99 99 99 99 99 99 88 81 99 0 48 46 49 34 66 36 52 58 50 99 99 99 99 78 87 99 99 99 99 81 81 99 82 85 88 99 99 99 99 99 99 99 97 84 99 99 79 99 99 99 
78 87 99 99 99 99 99 99 94 97 99 99 75 99 99 99 99 76 99 82 99 99 99 93 84 99 90 84 99 90 47 0 44 55 65 60 36 52 33 64 99 99 99 99 99 99 99 99 99 99 99 99 99 99 82 82 99 79 99 99 99 79 99 84 99 99 99 99 99 99 99 
97 99 87 99 99 99 94 99 94 79 99 99 99 99 99 99 99 78 81 99 99 99 99 97 99 99 99 99 81 99 33 44 0 40 56 46 52 38 54 52 99 84 99 99 99 99 99 99 99 99 97 99 85 99 93 99 99 99 99 75 99 99 75 99 99 99 99 99 94 99 78 
96 99 88 99 99 93 99 99 91 99 75 99 99 93 99 81 99 99 99 78 99 99 99 99 99 91 99 99 99 99 66 59 48 0 49 52 62 64 48 60 99 99 99 99 81 99 76 91 99 99 99 94 99 99 99 99 99 99 99 99 99 99 99 99 99 99 99 84 99 99 99 
99 97 99 78 99 99 99 99 99 99 75 90 99 94 99 93 99 90 85 99 99 99 99 99 99 99 99 99 99 94 33 65 52 45 0 34 36 38 54 61 85 99 99 99 97 99 99 76 99 99 99 99 99 99 99 87 79 99 99 99 99 82 99 99 82 99 99 99 99 99 99 
99 99 99 99 99 99 99 99 99 75 99 99 99 79 99 99 99 75 99 81 99 85 78 99 99 99 99 99 99 96 62 34 41 52 40 0 43 46 49 64 99 99 85 99 94 99 99 99 99 99 96 93 99 99 99 99 99 82 99 99 97 99 96 99 99 87 99 99 87 99 99 
99 99 99 99 78 88 82 85 99 99 84 99 99 87 99 99 99 99 99 99 99 84 99 99 99 99 99 99 99 99 40 36 59 35 37 34 0 38 35 65 99 99 90 99 96 82 85 84 99 90 99 91 75 85 99 78 99 99 99 99 87 99 99 99 99 99 79 99 94 99 99 
99 99 99 99 81 99 99 87 79 99 96 99 99 88 99 99 91 78 99 82 96 99 99 87 99 87 82 99 99 99 56 63 50 57 39 34 34 0 63 40 88 99 99 82 99 99 75 99 99 99 99 94 99 99 81 79 99 94 76 99 82 99 99 99 99 99 99 99 99 99 99 
91 99 82 99 78 99 84 99 99 99 99 99 90 99 99 76 99 99 87 99 99 75 99 88 91 99 99 78 99 90 48 56 56 49 35 40 36 38 0 41 88 99 99 99 85 99 99 99 79 75 78 99 99 75 99 96 99 99 99 99 84 91 76 99 99 99 94 99 99 99 99 
88 99 82 99 97 99 99 99 79 93 79 88 99 99 99 99 99 99 99 99 99 81 99 81 99 99 99 99 99 99 46 37 38 61 48 50 56 34 46 0 85 90 81 99 94 75 88 99 97 91 85 99 99 99 99 99 99 99 90 76 99 99 99 99 79 99 99 99 99 75 99 
99 99 99 82 99 85 99 99 87 99 99 99 99 91 99 99 76 99 99 99 85 99 76 99 99 99 99 99 99 99 90 91 79 76 99 99 99 99 91 99 0 44 38 52 50 62 64 57 48 34 99 99 99 99 99 94 99 91 99 99 75 99 99 99 90 99 99 99 99 99 99 
99 99 75 90 99 97 99 99 99 99 99 99 99 99 99 99 88 99 99 88 99 82 99 99 99 82 99 99 99 99 99 79 99 99 99 99 99 99 99 99 44 0 46 36 57 43 44 59 52 36 90 91 99 91 99 94 99 93 99 99 99 99 82 99 94 99 99 99 99 99 99 
99 99 99 99 88 91 75 79 99 99 91 99 88 76 99 99 82 99 99 99 99 99 99 99 99 99 99 99 99 82 99 97 99 76 99 99 99 99 99 76 64 38 0 64 62 46 55 39 50 34 99 99 99 79 99 90 99 87 99 99 99 99 90 99 99 99 99 94 96 81 99 
99 84 99 99 99 99 90 76 99 99 99 99 99 82 99 99 76 99 99 99 99 99 76 99 99 99 99 90 99 97 99 99 99 99 97 99 99 99 99 88 54 54 57 0 64 51 54 37 51 46 99 99 93 99 99 99 96 99 93 99 79 84 91 81 91 78 96 99 79 99 99 
88 99 99 99 91 99 97 99 99 99 99 99 99 99 82 99 99 99 99 87 91 79 88 99 94 84 99 76 99 99 99 97 99 99 99 99 99 99 99 96 46 45 56 50 0 48 40 65 36 44 99 99 99 99 87 79 99 99 91 99 99 87 76 93 99 99 99 99 99 99 93 
96 99 99 99 99 99 88 99 87 99 91 99 99 99 91 97 99 99 99 96 81 88 99 99 78 99 99 99 97 99 99 99 99 99 99 99 99 99 84 99 65 62 61 36 66 0 38 54 37 52 88 76 99 99 99 99 85 79 88 99 99 99 75 99 85 99 99 99 78 99 99 
99 99 78 99 99 93 99 99 99 99 99 99 99 91 76 96 99 99 99 99 99 99 99 99 99 99 96 99 99 99 99 99 99 99 99 99 99 99 79 99 35 40 52 50 35 40 0 62 56 37 99 99 99 96 99 99 99 99 99 90 99 99 99 76 99 88 99 99 99 99 99 
99 88 99 93 99 99 99 99 81 99 99 99 91 84 96 99 96 99 76 99 91 78 99 99 91 99 99 76 99 96 99 75 91 87 99 99 99 99 84 99 60 36 54 62 42 49 42 0 58 40 85 99 99 81 99 99 99 99 88 99 99 99 99 99 99 99 84 99 99 99 99 
99 99 99 79 99 88 79 99 90 99 99 93 99 85 99 99 99 99 99 99 99 99 84 91 99 84 99 99 99 99 96 99 99 99 91 99 81 87 93 76 54 62 42 36 62 34 61 64 0 58 99 99 99 99 99 99 76 99 84 99 78 87 99 99 81 99 78 93 99 88 85 
99 99 99 99 99 78 99 79 99 99 90 99 91 82 99 91 99 87 99 91 88 99 87 99 99 99 99 99 99 84 79 99 99 99 94 99 99 99 99 99 58 38 37 43 46 56 36 52 44 0 99 90 96 99 93 88 93 85 99 99 93 99 99 93 88 99 99 99 75 99 99 
99 99 99 85 82 99 76 99 99 99 99 97 99 99 99 99 93 99 93 79 99 99 99 75 90 99 78 99 99 99 99 99 99 99 78 88 94 90 99 78 99 99 85 99 99 99 96 99 99 99 0 40 48 58 38 48 50 47 55 34 87 99 99 96 94 87 79 99 99 99 99 
78 81 87 99 94 99 99 99 99 99 94 99 99 99 99 99 94 99 99 99 99 91 90 99 99 99 87 99 99 99 90 79 90 99 99 99 99 99 75 99 99 84 99 99 99 75 99 88 99 99 38 0 64 52 63 62 39 48 49 42 99 99 99 88 93 99 99 99 99 82 99 
99 99 99 97 99 91 99 99 99 99 99 99 99 99 99 99 87 99 99 99 75 90 99 99 87 99 99 99 99 99 93 99 99 99 99 81 99 85 91 99 99 90 99 79 84 99 99 81 99 99 65 64 0 44 35 60 50 49 65 38 99 99 99 99 82 91 99 94 82 99 79 
99 99 99 99 94 99 99 99 99 99 99 99 97 99 99 99 99 87 76 90 99 76 76 99 84 99 88 96 99 99 94 96 88 99 99 99 79 99 78 94 99 99 94 99 90 99 99 96 99 99 40 56 40 0 58 38 60 35 55 48 99 99 90 99 99 99 99 76 99 99 75 
81 99 99 99 99 99 99 99 99 99 90 99 99 78 99 99 99 99 99 78 99 99 99 99 99 99 99 99 90 82 99 88 75 99 82 99 97 99 99 99 99 99 99 99 99 99 97 81 75 99 39 33 42 50 0 48 62 48 64 65 99 85 99 99 99 88 78 94 99 99 87 
99 75 99 99 99 99 99 99 99 99 99 99 99 99 84 99 99 99 99 75 99 99 96 81 99 79 99 99 88 99 99 76 99 99 88 99 94 99 87 99 99 99 91 99 99 99 99 99 99 87 54 37 52 56 59 0 36 38 54 50 99 99 79 99 84 99 99 99 88 99 99 
99 79 85 99 99 99 99 99 90 99 99 99 99 99 78 99 79 99 90 88 99 99 93 99 99 99 78 99 99 90 99 99 99 99 99 87 99 99 99 85 99 97 82 99 82 99 99 99 82 99 46 58 44 61 45 66 0 41 39 63 99 82 99 99 99 99 99 99 84 99 85 
90 99 99 99 79 99 82 99 99 78 99 84 99 99 99 99 99 99 99 99 99 99 99 76 99 91 99 76 99 75 99 99 87 99 99 99 99 97 81 99 99 99 99 99 99 99 99 99 96 99 45 52 61 43 49 63 57 0 56 50 99 87 99 99 99 91 99 78 99 82 93 
75 99 99 99 96 99 99 99 99 99 99 99 99 91 96 99 99 79 99 85 99 99 99 99 99 99 99 97 99 99 99 99 99 99 87 99 99 90 84 90 94 99 75 99 99 90 99 99 99 99 62 50 46 36 38 35 35 53 0 64 99 99 99 99 97 99 99 99 99 99 99 
88 84 99 99 99 90 99 85 99 99 99 79 99 99 99 99 99 99 93 99 99 88 99 99 99 93 99 99 87 99 99 99 99 82 96 99 99 99 99 99 87 99 99 99 99 88 99 99 88 90 41 50 42 44 51 52 50 58 33 0 99 99 99 99 85 99 99 84 82 99 99 
99 99 84 99 94 99 87 93 99 97 76 99 82 99 85 88 99 99 99 93 99 99 99 75 99 99 93 76 99 99 99 91 96 99 85 99 93 99 88 99 99 99 99 79 99 93 99 87 99 99 99 94 99 99 91 93 87 99 99 99 0 43 36 45 41 64 36 34 35 34 93 
85 99 99 99 99 99 99 99 91 99 99 99 99 79 99 99 88 99 84 99 99 99 84 99 93 87 99 78 90 99 99 90 99 99 99 79 99 99 99 90 99 99 79 99 99 99 99 96 99 82 87 99 99 99 85 99 76 99 99 99 40 0 63 36 46 38 65 34 58 38 99 
99 96 99 99 99 90 84 99 87 82 99 79 99 85 99 99 99 99 99 99 99 85 99 94 78 96 99 93 96 99 87 76 99 88 99 99 99 99 78 96 97 99 94 84 76 99 93 97 99 99 99 99 99 79 99 99 99 99 99 97 57 48 0 35 64 49 60 60 48 50 96 
82 96 99 99 99 99 99 99 99 99 75 99 79 99 99 99 75 99 99 99 99 99 75 99 99 99 93 99 99 99 99 99 99 75 99 99 99 99 99 99 76 99 85 99 99 90 99 99 99 99 99 81 99 99 99 99 90 99 99 76 65 64 54 0 53 48 59 36 41 44 82 
99 99 99 99 99 99 99 99 96 94 94 87 99 99 90 99 87 99 99 99 93 78 84 84 85 99 99 99 85 81 99 99 99 99 99 91 81 99 99 99 88 99 79 99 94 99 99 76 99 94 99 99 99 99 99 99 99 91 96 99 37 52 60 60 0 48 56 52 66 40 93 
99 79 99 88 99 99 99 99 91 99 99 96 99 99 99 76 99 99 93 99 99 99 99 82 99 99 99 99 88 84 99 99 99 99 99 99 94 91 99 99 99 99 99 99 99 99 99 99 99 99 99 99 82 99 99 99 94 81 99 99 37 35 51 39 42 0 36 34 36 46 94 
99 99 99 99 99 99 99 99 99 90 99 91 99 81 99 99 99 99 94 99 99 85 99 99 99 99 75 99 91 99 99 99 99 81 99 91 99 99 99 99 88 99 99 99 87 96 84 99 99 99 99 93 99 84 99 99 99 90 93 99 58 33 39 46 36 46 0 34 42 36 99 
99 90 99 99 99 99 99 84 99 82 91 99 99 82 85 76 99 99 99 99 99 99 99 99 85 99 84 99 90 75 99 99 99 76 91 99 99 99 99 99 85 84 99 99 99 99 99 85 79 99 99 84 99 99 99 78 99 91 99 99 44 49 37 35 56 44 58 0 46 50 99 
99 99 99 99 99 99 99 88 99 99 99 99 90 99 81 99 99 87 87 99 99 99 76 82 99 99 99 99 84 99 93 99 93 87 99 99 99 90 99 99 99 99 99 99 99 99 99 99 99 99 99 99 99 99 99 99 85 99 99 78 34 48 44 63 34 65 58 56 0 54 81 
99 99 97 90 99 85 99 99 84 96 99 99 76 99 94 87 99 99 81 99 99 99 99 99 94 99 91 99 93 99 76 99 99 75 99 87 99 99 79 99 84 82 90 99 91 99 99 99 99 99 99 88 99 99 93 99 99 99 90 78 39 41 61 57 35 40 42 36 66 0 99 
99 99 99 99 99 99 99 94 99 93 99 99 99 99 99 96 99 93 84 99 91 99 99 99 99 99 87 76 99 99 99 99 99 82 99 76 99 99 82 99 85 97 99 91 99 99 76 85 99 99 99 81 99 99 88 79 99 99 99 99 99 99 99 75 99 99 96 99 87 82 0 
