n: 70
m: 4
Pi:U[1-99] 25 11 48 94 69 14 48 6 80 2 53 30 43 2 93 78 92 56 98 28 27 77 81 5 27 10 63 61 95 42 79 19 43 85 17 11 30 28 58 86 90 51 42 13 25 92 49 49 60 44 97 48 41 9 5 29 87 21 82 87 60 69 24 52 36 41 35 91 4 44 
Si:U[1-49]
0 19 1 16 36 5 19 35 23 16 8 41 16 44 35 41 12 21 5 27 44 44 33 12 47 45 40 48 27 45 33 9 16 38 6 16 44 14 49 33 20 40 6 43 26 43 31 18 25 24 31 8 29 41 21 1 5 25 49 29 38 29 48 31 4 29 49 15 28 41 46 
21 0 44 28 4 6 12 7 4 40 29 21 31 21 2 47 7 1 24 20 8 29 48 31 42 17 23 11 8 22 30 30 6 46 17 31 31 46 29 23 8 8 7 31 39 16 3 23 22 11 41 4 4 31 46 32 22 30 30 31 40 3 48 35 28 7 17 36 4 9 8 
15 30 0 25 38 28 32 42 14 16 48 42 42 4 39 13 45 40 13 22 27 15 2 5 17 18 11 38 42 37 16 44 48 15 38 14 43 14 2 10 13 25 49 38 15 22 15 37 42 17 21 12 42 37 1 15 39 20 48 26 3 21 27 44 1 20 29 31 44 27 31 
36 43 36 0 48 8 21 20 45 49 14 49 14 12 34 9 3 14 20 39 20 21 5 16 35 24 9 47 39 24 12 19 13 22 21 2 45 29 31 33 49 4 30 38 41 44 48 17 22 14 43 5 47 13 35 5 25 8 30 48 13 11 45 33 6 4 20 8 38 3 8 
44 22 49 38 0 6 48 42 1 27 1 33 29 27 38 19 11 46 49 19 44 39 43 18 44 43 43 41 32 32 14 32 23 10 40 34 38 18 29 7 2 16 47 1 49 41 38 4 7 25 41 3 11 3 18 47 8 27 46 3 27 2 11 16 40 5 37 29 49 30 34 
6 22 3 8 41 0 22 42 43 49 47 48 26 42 35 25 49 23 32 31 3 23 20 24 19 9 7 18 7 5 31 23 43 46 42 1 13 27 6 3 16 47 17 41 4 39 39 49 36 48 3 9 41 29 33 24 3 22 46 1 42 11 42 48 32 18 44 26 15 14 34 
3 46 18 14 11 34 0 29 19 22 26 19 47 15 28 45 47 32 48 9 47 46 45 9 11 20 33 6 11 27 10 10 33 41 17 46 4 45 19 40 1 7 27 18 3 5 10 15 28 45 34 2 6 35 36 34 27 36 29 42 11 38 44 5 30 49 41 16 32 48 10 
10 12 41 27 25 32 12 0 3 19 32 45 48 5 43 46 32 9 22 27 4 23 22 13 38 31 22 23 21 1 28 5 38 39 17 42 16 23 20 1 41 32 40 24 15 46 19 31 10 11 7 21 12 11 32 10 19 9 39 13 27 22 11 49 15 21 8 8 8 49 7 
35 2 29 36 47 28 7 6 0 39 16 14 26 2 24 45 3 47 35 17 1 37 20 23 38 49 42 8 48 1 19 37 7 24 16 47 13 12 7 45 13 44 41 32 29 30 46 40 48 22 30 24 9 46 16 31 44 24 30 4 40 18 21 7 13 35 33 33 7 30 8 
27 29 23 4 14 34 32 7 41 0 20 45 15 32 23 20 13 2 41 19 17 37 5 47 18 38 6 27 26 36 16 30 22 25 44 39 32 7 2 46 46 22 36 37 34 1 44 28 20 33 17 19 44 29 49 46 32 44 5 23 46 17 46 37 21 28 14 46 22 4 45 
46 38 11 16 4 13 15 30 43 34 0 8 35 18 47 36 10 25 29 20 2 16 38 5 49 10 40 44 21 38 31 17 6 12 42 44 29 12 5 17 5 44 49 46 7 14 4 46 12 36 20 7 36 38 49 18 29 10 29 21 31 8 17 35 31 47 3 45 47 40 44 
36 10 37 49 29 49 5 42 23 16 3 0 43 8 5 39 47 13 13 35 28 13 29 29 10 40 36 14 48 43 25 39 15 30 30 20 37 44 22 5 33 18 37 11 1 45 25 10 10 27 22 36 7 46 27 11 48 9 31 3 26 2 30 39 1 38 48 25 3 41 45 
26 15 23 35 25 48 37 29 45 24 19 27 0 34 32 44 14 20 12 27 14 10 42 4 7 30 16 29 22 49 22 42 8 14 3 34 3 43 45 25 16 42 25 34 5 28 43 49 23 15 23 32 21 5 39 2 39 35 28 38 18 28 4 32 9 3 19 21 37 7 44 
22 25 10 32 49 16 33 2 35 24 45 17 20 0 6 9 27 40 45 49 4 14 31 24 29 22 19 4 34 12 35 20 14 37 14 41 6 46 38 14 28 30 17 39 28 12 21 48 3 34 40 30 32 12 36 28 4 8 42 47 33 42 25 42 20 15 6 27 41 25 33 
24 15 19 45 10 7 47 3 2 26 25 19 14 9 0 20 1 19 6 25 13 5 38 29 15 35 38 35 31 8 47 14 2 10 5 22 38 10 42 43 23 43 27 7 36 34 37 34 17 29 47 29 17 6 42 44 19 43 49 9 44 28 18 34 5 20 25 29 41 39 2 
32 36 37 34 18 41 30 6 18 27 42 12 9 34 18 0 39 32 5 47 1 7 46 43 19 3 47 25 41 3 32 33 32 39 5 25 24 31 25 36 23 11 7 3 17 42 19 15 7 23 22 42 12 10 39 16 44 40 7 2 49 20 19 40 36 12 5 6 19 28 17 
9 28 2 39 6 49 6 46 14 19 12 49 7 11 35 12 0 46 44 47 42 18 15 6 14 7 39 29 2 34 47 27 32 24 35 46 27 7 5 36 32 5 34 27 23 30 47 32 15 36 34 17 20 28 39 8 1 1 46 41 33 12 43 10 49 4 5 13 30 41 21 
25 46 14 13 35 39 5 22 17 30 18 1 3 9 9 42 46 0 25 24 47 38 16 33 33 46 28 41 45 33 1 7 28 27 11 5 26 42 35 3 35 5 7 15 15 20 19 24 15 27 43 17 39 36 49 12 33 2 49 26 40 24 11 7 13 5 30 29 10 30 2 
28 5 7 33 7 29 16 8 18 41 10 8 21 13 6 31 10 32 0 6 33 33 26 31 33 9 21 18 11 20 45 23 15 16 9 20 6 49 15 28 22 15 22 14 10 36 24 20 11 47 22 15 12 10 19 24 22 18 20 16 11 25 15 40 21 38 35 14 34 6 21 
5 31 5 27 38 49 44 23 36 9 1 22 26 1 36 12 41 43 20 0 25 8 33 45 14 2 46 32 40 13 24 29 2 5 46 40 30 20 16 30 37 36 18 37 44 20 21 47 7 12 48 39 33 17 11 17 49 12 20 29 26 43 18 39 26 43 26 13 20 31 9 
49 23 7 12 48 20 18 34 6 44 12 47 32 20 15 24 20 15 13 38 0 3 31 35 38 5 48 16 34 6 25 40 10 28 36 29 35 1 25 45 7 41 12 8 1 28 1 20 23 18 8 4 38 15 45 12 49 17 46 48 26 43 39 18 20 16 8 20 46 36 3 
34 11 48 37 39 42 19 29 38 13 25 21 48 19 34 27 12 26 14 2 34 0 12 16 10 1 4 16 15 7 34 11 29 12 44 40 16 20 14 14 16 16 34 19 11 2 3 44 46 19 4 3 10 28 1 15 12 49 19 32 43 1 25 14 25 5 26 30 28 20 5 
37 10 23 12 14 26 44 46 21 34 4 44 32 18 11 10 23 39 20 9 11 27 0 37 18 16 31 30 41 34 20 23 29 32 40 15 29 46 17 15 7 22 38 49 24 49 22 19 12 6 27 31 14 23 48 18 28 25 11 47 47 47 23 3 37 36 47 15 33 6 19 
9 13 12 27 6 26 16 4 35 32 11 29 21 44 8 30 25 26 14 30 45 10 28 0 21 33 12 23 13 4 6 30 31 39 8 11 16 36 29 35 33 12 15 5 48 25 20 7 4 48 17 2 38 18 43 36 34 49 11 48 26 1 40 21 33 7 48 15 41 2 29 
36 15 3 23 46 38 30 15 19 18 42 24 22 31 45 2 12 8 7 33 35 25 3 38 0 5 12 27 44 2 18 34 11 28 10 41 24 14 29 23 9 9 32 12 12 6 16 49 32 35 21 46 46 6 35 20 27 47 34 9 11 40 45 14 33 3 14 36 46 45 19 
45 12 4 10 6 43 12 10 45 9 32 33 19 15 48 4 35 2 32 37 42 46 31 4 27 0 8 34 15 23 37 45 43 2 37 28 41 43 40 28 26 43 12 44 31 34 28 5 22 44 29 13 47 41 35 14 12 25 30 25 42 32 48 38 48 6 13 3 44 11 46 
38 2 15 26 30 47 46 2 47 10 34 46 5 9 15 2 44 19 47 6 7 39 18 19 14 45 0 15 11 17 24 22 31 34 48 30 38 45 36 32 24 32 3 33 48 31 12 20 44 11 19 49 41 16 9 30 10 9 26 7 45 7 26 30 9 38 43 18 2 15 36 
34 31 36 27 43 41 17 5 32 30 30 21 12 29 22 41 11 37 13 36 33 15 48 1 19 43 6 0 4 37 48 23 8 30 40 37 7 45 7 35 25 17 20 14 21 14 26 40 12 5 49 2 20 26 7 1 25 23 40 10 25 8 8 24 49 42 38 21 43 22 10 
42 16 35 19 43 5 47 40 21 39 36 31 7 19 31 5 11 12 42 14 19 36 17 38 17 26 46 12 0 7 29 23 32 9 30 17 22 47 18 31 38 32 41 47 2 41 46 22 31 18 6 11 3 31 13 45 33 25 44 38 6 34 23 27 1 36 1 10 24 44 8 
32 29 1 8 17 2 46 33 21 32 4 21 49 5 4 30 20 27 11 4 48 1 3 27 42 24 34 3 28 0 39 35 3 45 43 45 31 43 22 27 42 12 36 25 25 27 35 32 15 44 24 34 27 8 47 39 4 7 13 8 26 18 39 29 42 24 14 19 40 5 45 
6 26 49 15 29 26 1 26 12 18 25 14 11 43 46 15 8 40 13 6 5 4 3 33 24 36 34 2 34 29 0 45 15 31 43 12 38 17 46 1 8 29 22 41 28 38 20 18 13 40 20 3 43 3 10 29 47 37 33 22 4 8 33 23 15 24 48 49 23 39 6 
12 35 9 13 34 45 34 21 42 48 19 44 38 35 36 34 8 33 8 16 5 25 42 18 19 32 49 6 9 40 21 0 32 37 35 6 47 19 6 27 5 44 6 10 24 1 12 17 31 38 18 2 22 48 21 44 5 45 7 18 33 35 14 48 46 23 48 23 19 27 1 
33 5 46 16 41 4 30 27 34 29 29 4 34 42 37 46 36 30 12 14 26 16 46 23 44 32 44 36 44 23 41 11 0 6 14 4 31 15 33 17 15 17 25 3 10 7 26 7 36 6 49 34 9 49 28 14 16 4 31 26 20 9 4 42 26 42 33 19 31 31 40 
38 19 2 21 1 19 30 22 29 23 7 31 39 24 29 49 26 24 22 38 18 28 5 3 23 34 5 16 2 19 31 27 27 0 12 28 32 45 34 3 15 3 44 5 33 48 21 27 31 27 29 17 25 37 44 19 43 19 42 5 47 33 6 29 39 45 33 3 34 22 2 
35 5 5 18 39 3 16 31 38 39 6 17 46 21 29 25 28 17 30 32 48 37 32 28 15 4 42 20 38 26 29 45 13 45 0 25 13 34 10 5 1 16 9 7 9 31 10 14 9 17 38 23 35 44 5 31 14 18 18 35 10 42 36 10 6 19 37 16 10 19 43 
2 15 39 7 43 20 12 34 10 44 42 26 32 42 37 24 1 1 10 23 42 34 4 25 18 20 48 9 23 1 46 34 1 1 43 0 16 25 49 33 28 17 2 26 28 14 17 15 11 21 34 16 21 38 10 2 35 36 8 15 18 12 16 41 47 47 4 30 41 27 38 
33 49 29 10 7 21 5 46 12 36 22 48 14 13 36 26 8 8 42 36 17 38 42 17 25 18 38 8 36 7 33 46 49 2 31 45 0 2 47 26 31 41 35 22 1 33 1 38 48 44 18 43 47 16 49 3 48 2 42 1 32 28 47 4 5 6 33 45 17 34 30 
23 24 18 13 26 12 38 2 33 41 29 16 37 23 21 46 2 10 29 8 39 37 48 4 19 6 4 19 15 12 37 37 48 5 11 11 6 0 1 4 47 44 41 43 24 29 11 11 7 16 15 7 37 46 26 23 42 16 43 28 43 34 14 26 21 6 18 34 47 11 5 
12 41 10 30 28 14 22 37 46 20 49 18 21 12 2 40 1 32 32 29 20 17 2 47 10 3 8 43 11 33 2 41 26 46 25 32 43 21 0 16 46 44 19 27 17 33 5 35 3 6 49 15 4 37 14 45 21 14 21 10 49 8 23 41 46 37 9 3 36 34 31 
8 20 23 30 32 26 47 39 2 4 36 38 5 16 34 49 29 16 31 42 16 45 37 38 18 2 1 19 16 29 21 34 26 44 25 28 31 20 40 0 10 30 1 34 29 49 49 27 35 8 15 44 36 2 8 23 21 32 11 30 14 34 15 18 15 41 26 43 11 33 20 
5 26 6 22 25 45 26 7 4 15 31 37 21 49 40 31 23 45 12 13 32 6 19 11 48 11 9 34 37 17 8 33 31 40 37 18 47 14 7 47 0 32 11 13 30 40 20 36 48 44 1 36 48 26 26 40 25 35 46 4 24 2 39 17 9 21 36 37 14 10 1 
23 32 38 9 3 9 41 26 15 12 43 6 10 9 12 34 3 43 22 36 27 39 31 32 6 40 5 1 37 43 45 36 8 29 24 2 18 31 13 46 27 0 28 39 26 10 26 17 5 27 3 25 48 42 16 19 5 6 18 37 11 9 32 48 35 45 13 30 20 38 41 
40 21 9 31 24 28 29 42 47 19 15 33 2 22 20 8 7 44 44 29 43 8 48 45 39 2 22 11 41 49 45 43 37 26 26 2 36 17 38 36 45 44 0 16 30 34 34 19 36 19 33 17 34 28 16 35 49 22 6 24 9 45 27 22 22 19 13 2 12 19 22 
13 11 5 3 1 37 44 15 6 14 35 28 12 48 17 24 49 4 5 19 13 47 10 3 24 25 24 21 19 7 30 13 30 43 25 10 32 20 6 47 26 6 49 0 5 12 47 16 21 14 48 6 4 15 4 18 12 1 29 3 40 39 34 20 34 24 34 21 44 38 43 
46 35 45 17 22 47 33 37 30 46 10 29 30 22 30 29 25 33 44 27 14 24 43 26 38 18 21 11 46 39 46 26 31 45 26 44 10 3 13 34 16 4 28 17 0 28 39 32 18 34 48 24 31 9 31 29 1 14 33 45 2 27 43 38 6 28 12 7 24 44 26 
33 29 4 4 48 46 20 20 3 27 9 40 29 38 14 24 34 10 48 8 22 8 46 36 33 40 35 1 29 47 9 34 18 29 44 41 8 24 43 43 35 44 44 37 48 0 13 35 20 26 9 10 43 20 36 37 30 27 4 4 16 23 17 11 36 4 38 37 49 49 19 
15 21 43 19 32 29 5 24 11 1 29 47 14 29 41 38 25 11 21 35 43 43 46 39 5 43 22 10 18 14 11 7 29 43 16 12 17 28 18 6 3 20 8 38 4 33 0 39 42 41 38 41 10 32 4 2 1 33 47 41 3 39 16 32 10 8 2 15 40 14 1 
27 36 44 35 43 49 48 18 39 37 30 39 36 24 6 47 11 24 37 31 15 48 9 12 20 16 7 34 32 32 29 30 19 40 38 19 38 45 1 48 6 22 8 25 22 38 19 0 46 35 41 24 17 13 24 32 11 13 30 48 24 20 46 30 29 17 15 11 24 13 37 
1 46 23 31 4 35 1 3 14 38 10 34 48 14 40 8 20 15 44 47 24 32 2 5 2 35 41 43 6 43 17 4 40 9 49 12 34 11 19 48 31 20 5 36 27 12 1 23 0 30 21 5 42 23 43 7 38 44 49 17 2 49 20 11 21 6 31 45 11 8 9 
11 25 28 44 25 5 13 30 28 15 17 16 21 40 1 6 28 40 23 29 41 9 40 16 28 33 45 42 48 25 17 36 45 31 47 36 39 5 19 5 41 21 14 14 20 43 41 42 6 0 43 3 25 48 21 11 38 20 25 17 7 43 17 22 39 9 17 13 20 37 45 
41 11 33 9 14 45 27 1 4 11 46 46 39 9 9 4 45 41 19 47 41 29 9 42 17 32 14 17 3 28 25 32 17 31 5 39 14 45 44 28 7 29 37 4 48 44 39 29 12 45 0 7 32 37 16 29 6 43 11 24 12 36 43 34 30 45 38 4 42 19 32 
33 14 6 19 33 47 11 4 1 32 3 40 28 23 21 31 13 8 42 18 10 34 14 23 2 44 40 9 29 41 8 35 35 37 39 3 8 27 5 22 41 49 25 25 7 22 30 4 48 10 29 0 24 28 25 39 23 5 30 14 28 29 48 6 4 46 39 47 20 15 12 
41 27 44 15 33 34 7 18 39 29 21 12 5 24 18 11 37 6 37 29 21 39 10 22 12 36 48 12 6 44 14 26 7 41 20 2 21 49 21 32 14 33 20 26 30 32 20 34 16 38 32 30 0 16 45 32 19 34 37 44 19 10 33 37 5 19 48 45 26 30 15 
7 5 30 14 44 8 45 46 18 39 28 42 27 25 29 7 7 31 29 23 5 46 11 2 19 37 48 46 32 47 23 12 27 7 37 2 35 9 12 37 45 18 7 5 42 30 7 29 21 35 23 21 19 0 24 31 21 5 33 5 34 34 4 48 44 39 29 44 13 39 5 
10 45 27 48 2 47 22 13 36 42 12 14 9 2 22 39 33 5 43 14 15 26 17 4 44 3 27 43 18 42 17 46 14 30 3 37 40 34 40 35 22 5 27 18 30 11 4 2 38 16 44 9 44 21 0 34 7 38 35 19 23 41 26 46 14 10 12 34 40 39 10 
40 39 32 49 7 25 9 44 24 19 27 38 13 36 9 21 5 23 10 19 9 2 8 41 46 27 21 31 30 33 46 41 44 4 43 10 43 27 36 21 17 13 27 44 39 7 5 18 40 33 34 41 40 44 11 0 11 30 24 3 29 31 33 24 9 18 43 17 12 46 20 
36 17 43 26 30 40 31 42 32 45 17 30 10 11 7 49 8 26 28 37 5 45 32 40 7 48 2 24 35 11 4 8 13 29 2 33 12 49 17 4 9 37 14 12 5 4 32 46 16 32 30 30 30 37 46 11 0 42 34 5 18 26 7 40 39 35 26 23 1 12 46 
17 48 36 6 37 47 19 12 48 25 39 22 22 19 23 18 49 2 14 5 43 31 28 5 17 1 41 40 43 9 3 31 11 46 36 19 35 43 22 42 26 31 43 39 44 8 31 14 12 37 9 29 13 41 38 14 41 0 37 5 44 39 25 2 9 26 34 33 48 33 25 
13 45 12 1 14 3 15 48 13 5 49 12 32 26 25 33 44 34 28 32 41 8 39 42 35 16 34 16 39 42 19 44 37 7 32 44 14 3 10 31 30 46 4 17 23 23 30 33 39 34 38 45 13 3 45 15 38 15 0 48 24 25 18 16 39 9 9 28 27 35 21 
1 2 6 30 9 40 49 5 33 37 9 12 30 40 42 32 35 13 37 37 4 33 5 37 28 4 38 31 44 27 27 25 25 47 27 9 36 46 12 5 3 11 22 45 24 6 11 23 37 49 37 40 39 25 34 46 28 37 39 0 24 47 19 37 4 23 41 8 27 24 28 
11 21 46 23 46 28 9 24 2 27 36 28 13 15 49 35 20 11 16 13 32 40 49 36 27 1 21 10 15 8 18 12 24 14 27 27 11 35 38 32 30 23 27 1 9 41 20 46 38 18 34 10 37 48 39 31 23 11 24 26 0 47 20 36 10 43 38 42 39 7 26 
28 17 22 15 2 20 37 3 33 12 33 27 33 44 42 1 33 22 4 33 2 8 32 27 6 24 15 44 33 45 46 24 36 45 22 17 10 31 33 18 19 22 41 46 37 25 48 1 10 12 30 43 16 37 12 8 30 8 25 14 38 0 3 33 21 38 5 34 30 3 20 
42 10 22 22 48 35 15 25 22 5 36 15 20 23 38 30 15 31 18 45 23 1 28 29 26 19 15 11 48 44 33 47 44 32 9 44 34 5 26 22 49 44 23 13 20 44 32 41 47 47 26 31 20 7 28 4 20 20 23 14 30 2 0 24 39 6 34 26 9 18 2 
19 45 33 10 40 1 47 1 21 35 13 12 6 19 7 1 23 14 28 31 49 13 29 18 37 21 3 34 20 32 1 21 6 43 42 35 25 37 38 39 25 30 38 3 26 37 31 31 30 20 31 39 16 38 47 33 24 35 8 15 16 12 21 0 41 20 10 27 32 23 47 
12 27 16 49 9 8 30 30 8 19 30 7 48 13 39 46 16 42 45 24 48 45 38 45 48 37 31 42 7 7 22 15 22 21 2 38 40 49 31 46 23 6 40 31 13 17 39 38 31 1 5 17 3 43 9 21 33 29 41 26 18 23 21 32 0 43 5 9 28 4 40 
9 42 13 37 47 16 11 36 3 27 27 31 12 10 2 18 14 32 23 10 41 30 14 37 34 9 18 42 6 6 15 22 11 16 4 7 31 16 23 45 25 25 43 20 22 32 33 9 34 4 30 35 33 46 7 25 10 47 10 15 20 40 2 23 27 0 33 28 1 23 28 
33 42 13 25 3 27 12 21 35 9 49 1 49 2 15 36 29 30 17 49 16 11 25 40 22 35 22 43 2 1 10 22 16 40 37 45 46 39 7 34 24 47 13 43 26 3 16 30 13 3 25 32 17 28 5 36 36 20 49 36 12 8 28 20 15 33 0 17 23 28 30 
18 19 19 29 46 12 20 1 45 24 47 11 40 23 40 8 40 12 34 18 5 4 36 9 3 3 14 2 31 11 27 49 31 46 48 32 28 39 4 4 45 23 2 9 35 3 9 37 33 1 31 44 31 10 27 25 35 21 3 6 11 14 35 45 17 44 49 0 2 41 47 
32 12 27 14 30 43 31 27 22 13 26 39 49 21 24 30 48 49 21 47 28 15 38 41 7 23 44 11 12 16 44 20 1 5 11 2 21 2 18 27 11 21 4 46 35 45 4 34 15 47 48 49 49 41 19 24 27 35 5 48 10 21 44 26 37 41 46 45 0 2 38 
23 18 23 46 41 25 46 7 9 6 4 35 21 19 40 24 42 11 35 26 8 40 30 37 5 5 34 39 19 6 47 29 23 9 7 12 43 37 26 38 31 11 32 42 45 16 40 33 25 29 22 8 30 6 21 35 44 13 36 39 11 35 39 49 5 36 29 13 49 0 41 
46 12 43 29 40 46 8 26 11 38 10 11 35 36 48 6 22 32 47 5 41 27 45 28 19 14 45 35 22 5 23 33 41 17 5 45 32 14 24 22 20 24 34 26 28 31 1 37 43 41 5 39 46 4 21 4 25 33 16 41 20 41 17 44 24 3 47 11 48 28 0 
