n: 70
m: 10
Pi:U[1-99] 31 32 56 85 96 65 19 35 92 88 80 81 86 72 24 87 96 87 38 38 89 48 82 33 10 83 2 13 74 81 34 46 40 60 27 52 10 80 78 20 84 31 35 86 69 54 15 38 55 46 58 28 49 14 44 35 61 37 71 24 7 86 2 43 14 28 33 12 63 78 
Si:U[1-49]
0 32 11 21 32 39 16 4 44 41 27 47 6 6 3 45 19 16 21 27 2 7 34 3 28 46 11 38 38 21 31 36 48 25 7 35 46 32 41 22 36 7 13 19 25 26 5 33 31 28 6 9 30 49 28 41 37 39 1 44 27 8 40 42 39 49 45 12 1 19 3 
2 0 16 2 15 47 28 20 1 31 32 33 49 7 40 44 49 22 45 49 23 46 21 43 1 30 11 10 11 22 5 37 44 2 28 18 34 11 5 6 32 16 9 35 2 42 46 28 4 36 9 6 32 17 28 11 44 5 6 26 30 10 32 6 20 10 26 24 42 16 38 
18 33 0 12 47 44 38 11 4 9 27 24 11 34 1 15 47 32 29 6 22 27 32 33 20 30 4 20 9 21 7 45 11 14 30 29 42 36 49 6 2 35 22 14 18 48 25 31 41 4 19 48 30 43 40 17 19 41 42 16 40 28 24 39 13 31 16 45 40 8 37 
19 27 13 0 32 44 30 39 28 9 13 47 42 35 5 18 13 49 24 49 2 35 2 34 29 18 13 24 7 23 27 23 12 49 23 9 29 21 26 36 20 14 28 41 27 16 4 40 40 6 16 28 34 20 34 28 39 34 35 39 20 7 49 44 9 41 17 23 39 32 19 
2 8 17 20 0 17 15 45 27 9 5 11 3 24 38 4 28 5 7 43 7 16 16 20 47 45 49 46 34 9 22 9 46 31 6 29 33 47 42 38 9 48 32 18 45 24 12 33 11 7 11 49 22 8 46 45 36 43 46 6 30 29 11 36 17 41 4 21 12 22 46 
43 49 33 48 10 0 33 3 39 25 22 25 2 6 46 45 13 10 33 32 45 41 23 22 10 5 24 8 19 35 12 29 36 15 7 31 42 26 9 34 35 15 28 11 25 22 6 33 34 22 39 28 49 31 27 21 1 34 33 18 47 27 1 24 5 34 3 41 6 39 18 
43 42 28 48 1 19 0 44 18 23 25 29 5 18 18 41 29 16 30 40 30 35 46 11 11 46 42 22 2 28 49 44 37 47 40 4 28 46 46 45 16 11 28 15 47 11 2 33 36 7 7 20 30 9 36 45 28 49 18 10 4 29 8 23 12 47 42 21 36 3 48 
8 27 42 48 34 34 43 0 1 17 14 47 4 7 34 1 30 14 37 41 7 26 1 34 26 28 42 3 40 46 35 9 29 18 42 49 23 14 11 29 21 28 14 41 17 12 43 5 14 4 1 4 8 49 5 47 28 32 45 30 26 12 18 24 23 4 13 35 49 47 33 
11 1 19 19 29 45 6 14 0 22 20 45 44 11 16 48 33 10 9 19 22 17 37 29 21 43 46 28 1 12 47 23 16 47 38 10 32 35 41 25 49 18 5 23 49 37 49 12 43 29 34 43 44 40 11 7 14 45 18 8 39 15 8 1 45 12 44 38 15 15 12 
45 32 6 21 22 8 3 24 26 0 29 40 5 45 28 33 7 48 15 32 18 22 28 15 29 17 18 48 14 27 24 41 48 29 16 11 18 45 15 43 41 48 35 29 19 42 31 17 7 47 45 42 21 21 7 46 18 17 40 11 12 38 18 46 35 37 6 30 11 35 26 
41 19 49 13 13 36 41 14 33 30 0 32 46 47 47 15 14 25 6 14 1 10 32 44 26 39 30 41 8 7 24 24 27 45 18 40 12 37 42 31 31 17 33 23 5 8 16 2 13 17 43 25 14 17 7 44 3 22 1 12 3 16 24 45 46 6 1 22 2 12 20 
21 49 1 30 28 43 30 46 30 29 35 0 7 17 40 8 12 27 27 34 8 42 32 4 2 44 15 1 45 5 19 41 4 7 28 35 10 7 40 41 36 8 27 46 43 42 46 16 36 36 33 46 30 1 14 17 7 28 18 9 17 39 5 17 39 43 12 27 26 34 10 
27 15 13 33 42 38 32 27 31 7 30 22 0 38 12 40 45 28 3 25 13 23 40 18 22 17 6 28 1 27 44 5 8 43 17 24 35 49 20 24 5 2 31 27 6 17 36 26 7 2 1 46 13 39 44 1 16 44 34 40 35 16 25 22 17 20 24 35 30 32 28 
45 38 35 28 9 13 9 48 16 28 46 10 32 0 4 7 5 29 38 34 41 5 33 11 27 1 38 3 31 32 18 23 36 19 42 40 17 43 49 36 30 9 18 13 49 39 49 22 47 16 11 23 22 12 8 16 9 45 19 46 17 33 24 15 17 28 44 37 28 41 6 
5 25 22 21 14 49 20 28 38 39 46 38 49 28 0 3 5 49 46 43 12 14 30 45 43 31 3 39 14 38 39 30 39 49 33 45 8 19 39 38 2 31 8 3 49 32 15 49 8 3 34 38 43 31 18 46 21 20 47 30 44 29 43 43 9 40 10 14 26 47 46 
23 46 39 11 13 33 3 2 29 46 25 32 24 14 22 0 22 40 27 17 45 16 19 8 19 20 26 21 38 38 3 49 30 20 33 29 7 21 21 32 7 44 34 11 24 10 48 16 45 48 39 17 13 25 46 49 22 34 18 18 37 10 47 18 31 30 16 11 42 40 10 
44 31 13 32 2 23 22 10 23 39 25 30 13 17 40 45 0 18 23 47 8 22 3 9 10 25 17 10 32 29 35 36 5 13 17 39 45 17 42 32 28 21 17 2 3 4 23 48 27 26 38 1 39 39 20 46 1 37 6 28 25 20 26 20 34 28 38 23 1 38 12 
17 15 28 16 36 22 46 49 20 27 30 31 8 10 29 31 28 0 29 44 30 39 6 33 13 27 28 46 49 6 7 4 45 49 18 33 43 2 38 27 44 18 29 13 18 44 35 37 19 13 32 21 42 40 5 21 24 7 19 42 15 26 4 33 8 32 17 29 46 48 13 
13 23 44 3 13 1 2 19 29 17 46 3 15 9 48 2 21 3 0 27 34 7 16 45 38 29 48 20 23 16 35 35 27 24 5 19 31 10 40 23 45 9 27 22 36 48 30 47 10 7 41 4 47 38 9 42 15 6 37 2 4 3 21 2 46 14 48 38 38 11 15 
17 30 6 6 1 40 41 29 31 25 34 49 24 24 24 12 41 14 14 0 12 21 27 44 4 47 26 22 7 35 20 10 11 10 3 34 13 36 40 20 48 37 33 12 29 16 49 4 39 32 35 46 26 42 36 41 17 45 6 29 28 26 41 5 46 4 31 47 27 20 45 
46 5 3 9 15 39 7 25 16 24 28 29 11 41 34 26 16 40 43 41 0 41 41 35 19 35 6 45 25 36 19 2 8 48 13 28 45 47 8 10 2 41 1 42 17 7 13 11 23 19 29 24 7 20 35 21 35 45 14 14 2 48 20 48 7 8 15 47 28 8 45 
13 47 40 4 31 24 44 6 31 1 31 37 11 30 47 7 9 37 30 39 13 0 1 17 41 22 13 29 36 29 10 42 43 47 1 22 40 21 41 20 14 36 26 28 13 13 36 36 7 37 45 33 18 15 12 46 48 11 3 42 45 32 27 30 32 45 12 49 8 8 42 
30 7 18 20 4 14 31 40 33 6 33 49 48 27 20 7 30 33 16 15 23 15 0 44 17 42 4 7 39 21 28 49 43 29 23 2 13 11 20 46 3 49 15 36 30 18 48 17 24 16 44 33 43 7 1 11 17 41 32 34 37 41 20 8 34 45 31 19 34 19 35 
31 45 32 9 16 16 16 49 15 17 49 11 9 22 1 49 28 14 26 36 24 19 32 0 42 17 12 25 19 46 7 29 30 13 41 31 32 47 40 8 15 21 3 8 7 34 2 5 13 7 45 23 46 10 25 16 34 23 22 10 37 47 24 30 26 40 24 13 5 7 32 
10 3 5 19 1 42 9 45 27 26 23 2 45 43 49 34 34 9 47 42 34 42 44 32 0 34 32 21 40 9 45 4 14 41 43 14 1 2 10 44 26 39 36 23 21 7 4 39 26 48 42 5 29 30 10 34 22 45 39 47 46 5 16 44 19 22 3 25 22 43 13 
6 2 19 28 47 45 45 17 20 5 16 33 26 49 9 17 39 33 8 5 31 40 37 47 49 0 47 7 30 35 16 12 24 41 48 31 46 49 46 9 14 38 20 5 41 40 27 14 24 34 33 48 41 37 34 28 24 15 28 40 4 30 11 23 1 24 26 36 34 47 11 
7 38 45 41 34 14 5 35 46 41 40 5 33 22 4 19 49 11 11 10 28 15 4 45 33 31 0 23 20 28 33 9 24 25 47 3 12 31 8 40 15 37 7 40 37 16 33 47 45 38 22 45 27 13 2 7 15 2 24 23 49 37 45 27 24 22 16 43 39 19 28 
48 13 45 45 44 46 32 29 15 22 2 32 48 10 2 5 22 22 5 8 26 13 45 20 10 2 12 0 29 42 19 7 23 38 25 34 45 34 8 10 31 23 31 16 48 38 17 25 4 15 46 39 32 47 21 45 41 36 20 9 36 21 46 22 3 15 33 14 27 13 38 
26 18 35 7 42 15 8 14 22 17 12 13 49 29 16 3 1 28 19 6 28 30 36 12 5 24 17 7 0 22 32 3 3 9 13 27 28 41 26 11 42 11 4 26 42 15 49 29 1 47 12 2 38 34 33 32 10 29 14 20 20 36 4 1 18 38 6 22 17 3 37 
45 12 40 44 35 30 14 39 46 1 44 49 46 15 9 20 46 31 23 3 21 39 7 28 38 17 1 22 21 0 43 42 35 36 33 29 25 18 1 1 43 5 26 14 23 5 12 48 46 10 2 29 17 29 43 13 40 21 23 42 41 3 42 31 28 23 38 24 48 26 42 
37 19 27 7 22 23 34 15 14 17 42 45 12 37 7 17 39 6 2 41 11 16 6 34 2 6 43 10 42 25 0 23 45 43 48 3 45 1 10 24 14 4 24 41 34 22 17 27 11 2 20 46 33 29 8 27 9 16 9 21 31 2 9 19 16 26 47 28 40 49 25 
33 15 5 12 41 25 30 23 27 2 35 31 28 13 30 49 38 35 21 47 20 47 37 28 13 28 28 36 11 41 24 0 9 1 16 45 43 35 37 1 43 17 15 29 15 1 22 6 18 16 7 10 13 15 28 42 22 22 7 37 31 2 46 38 9 43 1 10 4 49 10 
36 19 23 9 19 27 49 47 24 28 40 37 41 12 16 45 22 32 3 7 11 14 35 20 46 48 8 19 41 21 12 24 0 25 17 7 47 8 10 35 18 27 43 47 28 42 34 24 32 26 6 49 7 1 45 10 24 10 36 25 39 10 11 24 15 41 43 9 9 37 15 
14 20 46 14 39 5 13 39 11 29 42 8 31 17 11 16 13 30 28 27 45 21 36 38 16 20 41 47 3 26 5 39 25 0 3 32 18 46 3 34 49 18 37 4 3 5 39 30 36 18 47 2 49 23 18 48 12 43 16 29 49 42 30 2 14 33 17 1 1 24 18 
15 18 4 23 3 7 32 47 46 12 2 12 9 11 40 1 35 18 28 1 34 27 20 35 24 45 48 13 28 35 31 33 6 47 0 12 11 34 45 40 41 2 42 41 2 43 32 8 47 2 26 34 5 29 6 48 48 14 21 35 27 23 38 23 27 34 8 11 4 49 19 
43 37 28 43 27 22 35 3 19 21 38 39 25 48 28 20 26 39 18 22 28 7 23 49 25 48 33 10 43 35 30 41 17 32 22 0 41 44 23 46 8 21 10 33 32 15 9 43 21 6 26 26 47 9 7 21 23 40 10 43 42 11 41 46 11 34 40 15 9 18 49 
22 13 17 2 7 10 27 20 19 39 26 24 28 5 43 3 13 8 13 23 46 2 46 8 31 37 3 37 2 17 21 40 11 46 6 14 0 7 33 17 22 29 30 8 41 49 40 17 3 7 4 5 30 28 36 28 29 25 3 41 6 13 19 48 24 40 13 32 5 9 39 
23 26 34 7 2 28 32 41 40 46 27 3 21 15 7 38 27 46 22 15 5 2 38 42 7 9 16 42 46 22 41 14 4 18 19 44 49 0 32 41 7 36 18 47 14 16 1 23 37 38 46 23 18 48 18 45 30 45 34 1 13 20 13 13 20 3 2 25 10 38 46 
23 44 14 29 20 8 9 29 41 30 44 22 6 11 24 23 30 27 13 29 21 18 31 2 30 31 27 21 19 42 5 8 7 10 37 6 29 48 0 29 9 26 5 23 22 35 14 11 34 23 43 9 39 27 33 9 19 30 28 19 30 12 33 40 6 43 5 3 47 17 22 
3 31 33 37 8 47 3 6 9 12 29 31 2 43 24 29 10 40 48 14 34 1 7 40 28 26 13 26 35 32 15 19 34 4 42 10 39 10 31 0 17 45 48 25 43 4 44 31 38 45 25 22 27 10 24 13 25 13 13 25 27 43 4 36 34 32 17 26 38 25 1 
24 19 3 36 40 32 23 11 18 9 2 42 47 46 47 39 8 30 48 18 43 42 36 46 43 41 38 21 2 15 28 33 30 1 47 33 33 13 28 15 0 49 17 38 36 45 43 4 49 39 4 28 35 36 39 38 23 34 46 11 8 47 2 32 27 35 26 8 37 24 39 
47 1 4 17 10 7 2 45 42 31 9 41 18 21 34 4 46 40 22 23 32 36 1 14 29 30 28 44 49 7 26 1 47 31 2 7 21 12 38 10 42 0 17 47 34 10 44 26 46 12 23 43 7 14 30 46 14 4 35 29 29 34 9 29 31 44 45 13 17 37 28 
9 13 27 21 22 16 23 42 31 42 19 15 45 10 6 35 7 26 16 3 4 43 8 7 27 41 36 11 27 29 26 24 33 9 32 7 31 43 44 27 12 33 0 39 47 49 12 47 47 1 41 36 20 27 8 28 49 49 6 22 34 20 17 10 4 37 44 44 38 48 26 
47 43 31 6 49 26 5 34 28 48 11 14 37 37 24 32 20 11 36 30 18 25 14 15 32 29 44 43 45 48 3 20 36 34 22 6 9 29 33 35 30 28 15 0 30 20 48 34 25 31 47 23 47 12 25 32 48 44 35 35 40 19 34 17 5 37 14 44 26 48 26 
24 12 20 28 48 3 14 40 42 19 21 11 39 23 30 19 23 9 19 43 27 45 5 33 34 43 37 10 3 5 22 30 18 49 4 7 8 16 16 22 18 9 7 48 0 15 18 39 18 41 33 40 29 37 19 44 37 30 31 29 45 32 16 10 32 16 37 47 30 7 6 
17 11 16 16 23 36 29 25 30 36 16 8 31 27 38 25 10 43 26 38 44 15 25 15 40 12 18 25 43 48 5 32 25 11 40 24 3 43 47 35 48 41 31 19 24 0 10 11 49 4 25 10 40 40 20 14 47 21 22 3 27 1 36 36 44 46 28 32 20 35 24 
37 19 14 28 6 41 35 47 36 42 18 44 20 22 6 22 41 43 27 4 22 40 17 17 26 11 41 1 11 47 39 33 22 1 35 49 45 19 35 35 39 46 14 30 47 1 0 45 8 25 46 25 11 13 29 11 9 14 8 18 34 27 39 30 33 30 12 19 44 26 4 
37 34 42 19 16 37 32 4 49 11 2 16 38 36 39 14 29 22 24 33 15 19 4 35 40 47 44 18 38 41 34 29 14 40 49 39 29 10 44 23 13 7 45 28 15 39 36 0 30 16 18 9 35 10 13 20 49 35 38 30 8 22 20 40 41 47 47 21 5 13 14 
1 18 38 38 39 7 46 40 3 45 3 2 26 34 15 2 47 14 25 20 28 15 25 37 45 48 42 3 45 41 8 1 17 47 49 30 9 40 47 42 38 30 49 3 22 29 31 48 0 44 29 46 30 28 35 22 19 12 48 28 31 47 11 21 39 5 30 35 15 2 24 
35 19 7 40 7 3 40 3 8 28 24 5 48 37 44 18 17 48 11 28 20 24 44 42 10 45 11 7 23 34 42 19 13 4 9 49 42 38 12 5 31 13 28 42 7 1 19 25 18 0 13 39 12 19 27 39 40 21 39 15 7 23 6 8 24 40 4 38 15 9 23 
5 43 21 41 31 9 37 25 17 1 2 1 48 31 45 3 16 46 34 1 24 28 41 29 8 40 46 2 34 12 13 26 39 13 6 2 38 19 22 25 6 29 46 35 45 48 35 49 1 47 0 39 2 27 45 35 42 5 10 15 34 14 12 28 10 22 45 12 7 36 8 
31 47 3 3 34 42 5 4 26 12 9 46 31 18 1 33 17 39 49 19 46 31 40 13 40 22 29 34 4 37 2 24 12 43 3 4 9 29 20 30 16 27 32 38 12 49 37 7 30 24 36 0 12 22 28 48 44 30 47 38 5 19 5 43 24 36 43 29 3 18 44 
19 26 26 33 15 12 32 18 33 39 22 26 34 27 32 7 38 5 30 41 47 9 48 31 21 29 47 39 15 18 46 25 8 19 15 13 49 47 44 47 12 35 15 33 41 11 12 36 6 32 16 21 0 49 14 20 15 23 28 28 15 28 40 35 24 49 23 42 8 25 35 
14 3 18 5 18 21 33 42 10 21 12 14 39 43 15 4 13 13 40 1 31 12 3 43 39 25 27 44 31 34 24 43 23 25 25 23 39 39 27 39 21 44 30 47 28 33 20 14 46 27 19 25 37 0 39 28 31 2 10 1 15 44 45 4 18 21 22 1 37 34 1 
44 36 33 36 12 11 46 17 40 42 39 28 34 38 42 43 33 14 16 49 12 6 1 4 24 7 16 10 16 44 35 33 41 5 8 15 9 22 42 7 30 40 35 36 28 33 25 3 4 18 21 26 48 8 0 18 32 8 10 45 2 38 38 12 17 2 43 33 13 34 24 
14 39 42 24 7 16 24 27 15 25 47 8 2 30 12 48 10 40 49 37 36 22 21 31 44 38 48 1 3 4 14 38 7 20 25 12 26 37 41 36 41 47 18 2 35 1 18 28 33 12 1 36 10 14 34 0 45 21 25 26 8 27 9 5 5 19 35 48 28 16 44 
35 17 3 17 44 5 15 8 38 40 26 12 11 3 6 19 25 44 10 14 49 18 36 38 35 16 1 20 36 4 4 30 35 22 9 2 45 46 32 1 5 43 5 39 18 42 17 42 21 36 7 40 1 26 8 48 0 44 6 38 37 29 36 48 23 27 46 28 24 5 46 
13 1 38 12 4 49 49 37 46 25 45 37 13 17 44 35 37 32 47 7 40 39 6 45 24 30 49 31 28 37 32 29 40 30 28 19 1 15 22 14 37 4 20 44 10 10 35 13 25 39 12 38 12 5 22 30 27 0 47 10 30 21 28 41 2 38 12 6 5 20 19 
30 20 24 40 20 25 18 43 26 8 16 42 19 7 21 46 8 12 44 2 23 22 26 12 29 27 12 4 14 41 21 33 46 17 42 21 16 34 41 36 19 36 26 32 17 26 39 28 33 17 35 10 24 48 5 28 29 35 0 32 3 33 6 20 8 41 11 31 26 11 23 
21 9 17 1 2 13 40 8 9 31 48 7 16 32 41 24 34 8 11 35 29 32 22 29 28 23 14 16 44 7 27 21 43 26 26 9 11 13 3 12 20 18 12 43 14 24 8 38 9 32 10 8 46 14 49 12 24 26 2 0 44 37 29 40 14 24 5 43 4 19 35 
8 14 45 27 45 15 45 48 20 29 41 39 39 40 49 8 22 21 44 3 6 17 25 39 7 21 35 27 33 38 20 23 10 2 42 2 44 22 35 24 14 23 39 25 36 9 32 39 46 46 6 29 29 14 32 26 24 44 25 40 0 3 42 36 5 48 25 43 13 7 42 
26 32 29 38 9 1 17 9 28 4 16 21 36 49 33 42 46 5 28 29 9 29 30 47 16 44 4 29 5 14 45 42 44 30 45 25 10 7 10 10 34 33 42 11 31 31 28 7 8 22 28 30 25 11 21 43 17 48 28 9 37 0 45 5 6 49 33 34 19 31 3 
49 20 31 41 4 48 22 14 25 37 3 49 15 6 32 1 35 30 45 48 5 40 32 37 21 47 38 13 24 7 41 4 35 13 15 11 15 37 3 6 23 45 12 19 15 16 41 2 48 14 14 39 32 37 15 12 49 29 18 23 3 39 0 16 26 29 24 22 29 9 33 
8 20 32 45 10 19 38 20 41 38 5 22 4 30 21 15 9 3 42 31 7 43 21 15 28 45 31 35 23 3 43 9 30 36 9 6 41 2 13 48 47 44 1 46 16 10 29 10 14 29 6 19 2 26 2 47 46 21 23 23 38 32 13 0 48 9 38 36 12 20 28 
33 24 18 4 1 48 23 30 41 18 10 41 23 43 4 34 41 30 32 38 29 39 44 1 28 6 29 17 13 16 19 17 18 29 4 6 1 47 45 48 21 16 42 22 17 30 15 49 22 49 35 31 48 32 10 2 13 25 46 16 44 11 11 39 0 41 42 7 34 14 29 
18 9 14 19 49 42 24 5 8 8 3 24 34 20 23 18 45 32 6 30 42 32 4 4 2 48 3 20 40 9 7 18 43 33 41 38 31 3 37 30 30 12 23 45 46 7 23 14 21 10 47 25 46 46 10 42 29 39 7 10 23 46 47 11 6 0 41 32 27 40 35 
37 30 38 30 39 24 16 38 23 25 11 42 30 32 8 38 6 38 3 25 30 3 2 22 1 33 11 43 35 49 40 30 42 25 2 14 48 12 14 3 36 15 1 44 31 12 48 2 22 34 11 45 43 42 47 36 38 10 12 17 14 13 44 1 45 18 0 32 29 23 22 
12 33 44 49 3 48 25 35 13 5 48 48 21 4 27 23 29 30 23 47 16 27 1 11 3 1 8 32 34 45 22 28 39 9 36 29 39 11 31 21 27 7 32 2 4 33 30 8 25 43 29 24 33 22 15 6 26 2 48 24 44 7 32 5 3 24 19 0 9 49 41 
45 16 3 47 31 12 34 5 45 8 16 20 43 6 46 48 4 35 39 36 47 45 44 44 3 7 3 24 25 44 45 43 6 27 15 41 14 19 16 25 20 19 21 16 18 31 28 45 1 40 28 14 35 1 26 31 35 11 43 32 24 40 34 41 37 2 1 21 0 34 23 
5 47 45 21 45 16 7 25 24 14 39 19 23 12 15 48 17 25 2 30 29 19 26 16 14 40 35 16 42 32 14 40 14 11 6 19 15 2 20 31 12 46 49 12 28 24 15 26 36 47 31 7 29 19 7 20 24 46 10 11 5 27 23 43 5 7 29 14 17 0 44 
9 5 27 42 45 41 27 36 25 11 8 38 16 49 33 37 11 41 16 16 48 6 12 41 49 6 48 33 45 30 41 19 47 12 26 41 13 30 4 19 31 24 37 12 6 7 2 39 42 35 41 47 37 37 31 29 40 4 42 5 7 37 20 30 29 2 5 34 39 3 0 
