n: 70
m: 4
Pi:U[1-99] 52 65 74 18 1 31 28 98 82 39 93 6 62 46 66 95 77 4 24 31 3 16 22 8 63 58 99 91 84 39 19 61 59 54 99 28 9 30 54 5 58 68 62 22 41 10 97 18 87 85 27 38 50 13 57 56 87 53 33 71 84 41 9 98 34 41 98 6 44 46 
Si:U[1-124]
0 93 55 117 50 122 7 73 8 78 2 69 27 33 18 91 88 79 35 77 54 36 14 10 49 107 24 114 17 61 52 47 73 42 8 19 70 113 64 108 28 79 95 1 6 28 77 42 114 39 111 26 116 24 53 12 118 124 84 105 95 114 21 111 94 17 34 36 25 4 78 
124 0 20 84 40 119 117 85 16 103 109 53 43 96 121 36 54 41 41 64 68 26 112 79 68 17 66 47 43 117 63 51 59 56 14 67 46 25 123 71 5 28 112 38 77 111 53 119 65 111 23 122 55 50 124 100 4 102 41 77 81 46 50 4 105 90 86 97 3 36 75 
14 83 0 64 65 53 40 122 95 44 29 47 40 6 84 101 36 77 29 82 60 44 8 59 46 86 112 47 67 42 59 86 65 89 64 6 71 118 72 22 75 28 73 92 86 12 52 4 58 123 31 22 76 43 84 75 95 35 21 38 38 9 8 76 36 117 114 55 73 44 81 
92 98 32 0 106 72 59 111 22 43 75 49 44 61 85 52 97 24 38 77 20 96 91 93 59 101 65 81 60 76 83 4 120 1 77 64 104 4 74 122 14 55 27 85 73 58 65 104 98 45 13 63 92 65 34 88 107 66 68 58 119 116 42 109 99 116 61 99 41 100 6 
93 70 40 65 0 60 12 72 101 77 66 23 16 37 38 9 79 92 4 45 86 51 103 80 56 112 39 93 88 46 36 67 79 110 78 87 96 84 45 71 34 68 105 35 72 80 117 14 90 102 40 19 117 117 110 35 67 114 15 115 50 98 111 9 97 11 12 101 65 77 37 
43 92 78 42 47 0 43 111 92 105 57 40 105 84 66 116 21 92 2 48 51 71 19 108 31 12 56 44 91 103 4 72 6 64 1 12 29 100 35 96 2 121 115 60 71 77 31 87 16 53 57 56 22 9 78 94 22 81 109 52 59 22 119 12 17 6 49 56 92 63 120 
41 1 89 3 75 107 0 25 27 55 21 41 119 68 32 42 84 5 61 63 1 26 30 25 123 9 42 73 72 11 11 25 96 34 90 35 107 106 29 16 55 90 107 65 96 115 29 100 91 28 20 45 85 9 11 67 9 109 111 25 60 92 124 13 120 57 84 59 22 103 29 
39 83 20 101 7 29 114 0 117 48 48 97 60 83 74 40 89 110 88 34 113 72 32 118 92 13 8 107 95 121 59 41 76 98 116 48 112 40 17 10 72 114 58 73 110 8 109 95 106 112 104 26 27 70 3 4 78 20 39 84 67 114 52 16 21 102 1 92 120 56 49 
22 121 101 103 28 69 102 28 0 92 21 19 25 70 68 94 102 10 99 111 59 59 91 29 54 64 94 52 52 85 117 83 82 59 104 74 54 85 78 99 50 5 19 62 16 78 51 50 3 23 17 68 101 13 34 59 26 3 37 86 64 12 100 90 109 58 98 21 107 17 55 
51 30 104 3 109 41 64 91 55 0 60 11 37 122 30 36 119 7 20 58 75 72 119 10 94 23 75 22 30 29 103 25 107 107 79 44 34 14 108 7 48 67 37 105 48 48 13 3 124 97 64 51 86 114 64 87 42 46 32 57 71 50 28 104 47 91 117 103 33 1 58 
56 84 91 23 89 122 105 64 107 77 0 25 8 96 24 71 93 115 43 7 25 40 115 49 39 110 48 105 89 16 91 59 120 68 52 10 116 75 50 60 47 81 23 120 86 18 10 65 115 104 62 40 13 122 31 23 124 113 108 78 67 19 96 27 65 57 57 47 121 84 48 
7 76 13 23 85 76 95 20 77 70 33 0 92 46 56 78 8 98 42 44 49 110 90 69 122 110 88 83 68 92 39 117 38 2 100 7 96 110 44 53 122 105 122 66 61 96 123 81 82 42 103 26 122 23 39 36 101 77 124 82 59 77 89 52 109 67 86 72 29 49 81 
117 22 75 110 78 36 107 67 69 88 68 67 0 6 61 124 99 120 112 92 114 67 55 25 3 88 57 100 33 98 108 13 64 20 48 66 102 88 119 116 9 102 20 36 123 113 9 26 47 87 55 45 35 93 36 72 115 58 48 35 55 22 23 101 40 73 36 14 27 109 94 
9 38 96 16 122 23 116 16 115 74 42 69 89 0 122 74 121 87 21 82 118 86 52 33 108 123 47 89 65 52 67 90 90 10 23 53 14 9 18 88 96 50 75 15 34 1 95 81 66 39 70 23 100 89 104 105 5 7 116 21 63 46 109 94 39 115 122 69 74 68 7 
114 112 65 28 35 14 109 32 103 59 55 80 25 48 0 62 17 44 29 44 116 82 91 26 91 10 79 48 14 64 64 76 99 56 74 56 2 84 78 38 101 26 108 58 44 59 100 101 120 78 57 21 39 44 44 107 22 118 107 55 48 124 64 89 84 105 30 76 21 20 77 
53 12 114 33 107 37 72 93 39 11 51 24 2 122 32 0 102 15 42 56 31 73 11 42 100 66 73 120 3 118 18 41 95 6 118 91 43 106 42 93 90 110 99 37 99 116 58 71 46 68 18 59 16 123 123 26 19 7 77 121 70 122 95 123 22 25 33 35 10 87 48 
50 39 32 2 95 35 90 97 24 123 120 60 59 30 19 116 0 62 2 50 66 62 57 68 107 41 64 13 103 74 20 7 80 24 29 75 24 8 104 73 82 90 23 81 85 106 110 1 17 121 23 47 9 24 83 36 61 121 89 61 100 124 38 75 11 7 9 37 68 84 54 
110 84 52 103 113 75 19 55 106 115 49 100 83 98 101 26 70 0 2 34 36 121 3 124 13 44 117 89 64 122 90 32 55 33 88 40 14 28 16 22 124 111 124 77 41 37 74 55 65 58 67 55 13 88 62 23 14 66 112 51 67 5 56 106 76 48 40 20 35 14 28 
104 104 55 70 84 17 72 48 123 20 120 24 51 114 75 54 93 19 0 11 67 21 116 57 22 80 81 109 85 35 32 50 115 42 87 1 89 49 39 69 54 61 79 118 47 14 79 117 80 26 72 7 74 72 52 74 46 103 4 22 86 108 15 119 75 16 22 108 85 111 63 
63 40 64 7 98 113 36 10 69 1 71 58 30 56 104 79 39 80 107 0 42 70 3 53 98 19 96 85 102 121 83 100 47 52 115 37 5 74 73 104 60 24 17 108 2 50 28 119 34 9 91 92 18 39 5 15 2 122 13 61 95 76 28 117 90 11 94 98 111 95 86 
90 19 17 77 110 87 40 94 70 65 114 21 96 66 119 10 123 45 113 101 0 58 14 34 71 33 35 27 21 100 91 110 99 52 76 113 61 120 49 10 8 73 72 14 5 41 121 7 113 109 60 26 69 2 73 71 71 70 95 92 20 9 119 45 50 48 86 86 88 50 2 
48 94 109 33 121 47 40 28 30 8 27 97 116 49 30 39 99 119 118 92 8 0 6 108 98 116 120 24 8 16 1 46 31 39 25 35 12 121 47 21 66 37 113 7 49 107 72 97 37 75 17 38 5 118 90 108 33 32 16 44 68 20 2 55 44 70 93 116 67 85 53 
94 85 84 116 89 72 33 90 68 49 64 26 40 124 39 37 107 39 91 90 7 85 0 4 111 48 8 82 6 32 38 94 20 81 106 53 96 47 83 23 54 108 15 19 2 18 89 88 67 99 89 108 56 1 113 97 56 43 36 18 121 73 92 93 115 96 92 41 19 30 42 
22 92 24 113 29 9 56 25 120 38 65 75 101 27 21 113 119 76 69 31 4 113 73 0 49 104 25 45 81 117 23 65 81 101 51 108 53 72 52 62 84 48 1 44 112 97 63 38 57 5 13 96 124 77 108 3 59 124 63 6 109 100 46 93 23 3 48 59 2 69 38 
69 29 27 119 78 99 74 114 96 39 62 20 23 54 83 105 42 14 63 2 4 43 31 2 0 52 10 115 93 68 110 52 2 49 52 85 73 101 92 83 123 46 11 42 50 121 68 93 101 120 13 4 1 48 52 115 63 56 26 19 3 31 110 28 77 104 46 45 8 78 97 
124 13 17 27 32 31 42 97 73 116 53 117 99 25 80 22 46 28 24 58 30 58 75 74 13 0 37 90 72 92 98 25 80 4 115 60 52 76 41 121 34 104 17 36 51 62 23 72 49 72 45 6 7 88 40 45 75 49 119 97 83 21 97 49 47 16 115 68 119 76 38 
82 59 7 111 81 14 21 106 64 35 115 59 69 9 12 10 68 123 120 118 101 81 25 120 40 89 0 119 69 31 110 124 88 110 123 90 47 101 67 124 70 14 39 79 37 114 31 98 52 59 75 60 37 101 84 7 20 91 59 110 77 80 44 49 42 13 23 26 96 82 35 
105 88 24 17 80 51 65 79 41 91 44 55 27 25 23 118 17 39 8 90 22 64 55 124 72 13 22 0 3 62 41 56 27 105 44 104 32 70 18 78 111 119 35 54 35 41 88 19 49 73 52 51 47 33 86 22 108 47 49 14 45 20 17 78 74 7 92 92 60 4 1 
63 97 59 23 52 68 23 25 42 28 68 99 119 91 64 90 50 89 111 12 71 21 103 5 104 13 118 42 0 39 3 45 101 119 12 41 107 78 88 110 120 122 97 28 45 96 91 23 57 86 70 91 96 63 107 62 88 49 82 122 13 1 83 29 60 13 108 98 54 124 28 
74 78 57 6 84 99 70 109 10 42 34 38 41 10 97 49 44 76 85 72 41 9 27 61 45 1 47 87 77 0 26 20 101 69 72 41 71 91 47 39 1 46 93 119 100 119 71 101 107 111 9 111 112 23 19 109 13 14 9 58 123 39 3 62 50 61 64 9 60 64 29 
16 15 56 81 72 8 114 45 50 50 8 37 33 105 75 60 98 55 9 17 80 45 104 39 33 24 84 68 113 70 0 33 98 58 121 84 16 7 118 70 78 102 49 76 112 13 32 98 66 58 32 102 63 95 122 102 16 113 103 40 101 87 61 86 41 69 63 37 98 7 97 
94 29 75 13 10 82 33 113 86 94 54 71 31 29 2 108 71 118 97 65 29 47 28 82 64 35 81 103 22 80 74 0 115 104 79 55 79 3 36 41 22 99 37 77 21 2 111 50 101 27 45 68 112 114 2 76 60 84 26 3 40 14 53 83 15 26 66 8 18 80 51 
122 98 19 78 72 99 39 20 47 111 118 14 100 60 116 124 80 98 27 102 45 13 32 100 73 33 19 16 18 44 27 1 0 72 97 19 124 121 23 68 113 22 8 26 10 6 110 7 119 28 14 88 97 90 63 10 112 32 47 116 23 17 90 5 94 71 25 27 18 26 17 
114 86 102 75 23 109 29 122 28 47 7 77 68 50 40 108 72 54 70 12 32 56 20 113 94 92 19 113 108 53 79 117 96 0 37 41 106 120 95 32 104 4 82 69 71 59 77 61 90 31 118 4 72 92 33 25 2 37 95 48 98 12 35 39 113 21 111 91 62 46 20 
53 6 62 119 113 99 104 68 14 48 83 13 3 18 32 54 21 92 63 121 9 66 118 82 64 28 59 57 92 105 4 72 50 20 0 105 78 87 92 14 59 54 115 109 119 12 116 58 111 80 26 50 27 35 114 110 59 111 55 92 51 106 57 48 30 122 33 60 101 109 35 
73 35 74 66 13 13 14 73 49 37 96 90 19 82 92 123 121 77 105 7 92 59 86 64 4 31 22 84 24 8 101 114 3 26 72 0 52 124 29 79 97 26 45 91 117 5 69 7 76 57 89 48 46 35 105 36 16 93 32 64 48 116 82 48 91 64 6 72 59 17 80 
68 31 17 108 38 8 73 50 13 67 115 101 95 19 77 23 109 91 53 55 67 21 63 70 83 98 71 58 22 54 24 10 115 89 112 58 0 30 98 10 108 110 8 112 44 29 57 49 34 76 41 41 26 49 60 6 96 47 40 19 10 21 36 110 88 5 115 115 81 88 22 
27 17 111 117 111 111 64 57 113 121 113 62 95 2 83 18 17 110 104 5 7 56 22 48 43 48 65 79 49 121 112 19 13 48 96 18 124 0 65 20 39 71 100 1 107 105 55 38 104 46 22 106 110 99 53 10 26 42 100 59 43 98 106 87 11 91 39 116 72 72 102 
78 112 119 9 29 19 80 97 113 123 11 38 98 93 23 42 55 112 85 79 69 57 15 98 99 44 30 68 124 70 91 31 44 9 84 38 2 54 0 18 52 35 45 9 94 38 66 86 95 24 40 24 99 36 123 29 44 53 29 30 89 62 58 79 57 61 79 48 50 10 11 
13 77 73 70 116 85 124 10 100 23 36 119 79 96 101 77 109 74 40 53 41 43 18 25 74 7 119 91 7 79 34 107 34 98 9 22 5 17 23 0 105 76 24 21 108 111 26 87 49 9 115 123 109 16 97 1 110 102 30 36 68 110 13 46 54 25 95 67 76 79 37 
87 58 1 83 69 12 115 47 34 44 62 123 110 32 117 24 25 123 84 64 91 113 48 116 20 122 107 104 63 82 117 120 11 22 108 81 121 124 38 11 0 60 97 8 68 13 60 43 106 2 73 17 104 87 7 52 78 33 68 54 118 58 99 107 115 12 118 10 71 101 23 
78 2 101 80 60 15 89 90 16 11 57 5 105 40 122 124 32 120 31 36 18 18 19 74 59 123 42 124 84 101 98 114 74 57 82 76 70 27 107 2 114 0 58 11 31 50 1 119 38 4 36 96 22 69 55 119 58 108 64 74 41 82 56 46 93 6 1 68 31 41 104 
85 61 7 117 117 115 11 102 92 9 120 45 58 68 105 93 25 120 94 71 20 102 45 6 23 122 99 75 15 73 70 76 4 107 79 93 95 14 29 122 65 10 0 86 26 36 113 3 57 76 89 109 80 84 73 4 29 44 90 31 63 94 67 98 10 88 59 27 40 5 99 
82 38 77 12 39 50 25 67 58 124 18 73 100 20 34 71 24 1 85 30 13 115 79 27 15 61 10 64 71 59 3 37 88 51 77 65 47 70 9 21 122 102 75 0 34 111 38 90 100 29 56 104 18 79 114 28 56 6 29 73 53 15 9 100 120 45 47 44 33 5 63 
106 43 60 99 111 55 37 13 121 120 10 95 96 119 107 84 47 38 37 69 17 116 18 31 37 101 3 37 55 42 109 19 53 87 18 79 60 23 67 93 63 79 8 75 0 43 17 30 120 20 72 52 14 7 3 59 45 17 43 90 66 114 70 123 50 39 40 61 12 65 120 
117 30 45 10 80 82 12 11 7 23 61 35 62 103 51 76 22 13 13 48 96 66 102 37 117 110 16 60 41 116 19 49 117 48 23 92 101 91 32 111 69 67 24 86 79 0 82 91 22 16 50 26 10 10 95 121 77 95 15 95 22 22 89 73 122 112 56 93 102 23 28 
118 1 21 69 77 28 69 57 86 66 51 51 98 66 80 113 109 72 46 63 7 5 110 45 100 58 14 52 92 51 28 46 89 116 35 46 23 89 62 117 82 9 41 44 15 61 0 91 27 94 25 99 21 13 100 118 58 104 2 12 26 80 17 40 52 72 122 79 105 3 119 
76 39 32 60 56 112 65 29 29 118 25 76 17 118 29 83 91 44 107 43 13 112 121 32 83 81 115 61 86 60 85 109 42 44 61 69 41 12 92 50 99 98 97 89 44 46 72 0 82 84 65 108 29 117 108 119 94 116 34 72 100 91 38 100 113 15 94 72 89 94 101 
48 72 39 39 124 97 21 101 99 59 23 115 85 104 6 62 41 94 60 111 19 32 26 71 79 41 10 113 16 42 40 116 34 121 60 79 50 66 91 22 111 26 69 104 80 97 50 10 0 104 107 34 83 59 49 76 66 73 69 11 38 11 55 102 32 88 88 114 97 122 113 
29 14 32 63 87 62 46 34 30 66 47 22 79 66 94 22 73 26 67 8 118 23 112 100 101 117 36 78 41 83 55 40 73 37 24 106 106 103 56 99 71 7 69 10 44 38 18 47 103 0 87 77 33 38 114 34 10 8 42 77 42 117 13 13 67 54 4 81 120 81 42 
82 22 113 107 85 93 90 53 102 115 121 94 74 46 45 111 119 49 26 48 59 23 41 121 24 31 76 115 91 22 3 59 116 16 39 101 100 112 107 123 107 57 9 42 25 82 32 107 35 113 0 79 68 19 25 113 14 5 99 120 76 62 11 121 19 35 64 110 124 20 51 
12 38 45 90 110 63 79 31 84 25 92 101 72 42 47 58 58 23 52 58 75 33 29 73 78 61 42 47 47 43 61 41 89 90 72 50 19 90 122 115 103 110 102 52 31 65 91 49 9 88 118 0 32 87 54 6 46 4 46 80 2 47 13 40 41 22 71 110 117 14 54 
112 115 10 96 75 89 120 33 116 111 42 66 44 45 92 108 51 112 16 85 73 7 48 90 41 15 6 6 85 21 119 100 88 79 72 69 96 113 79 35 118 30 23 33 100 119 102 95 37 23 72 102 0 49 76 13 120 89 85 99 121 25 114 119 34 94 103 111 105 109 76 
56 92 64 54 62 17 97 89 54 30 44 35 46 6 67 45 50 37 59 114 56 30 118 12 28 119 19 23 26 5 72 102 93 93 5 73 39 124 55 61 20 5 107 22 22 48 4 35 118 100 65 82 34 0 69 102 27 110 65 28 15 66 38 38 111 86 47 104 19 55 82 
111 21 67 31 63 1 22 97 38 36 55 6 74 8 39 70 48 103 19 22 54 111 14 38 28 22 76 63 14 120 79 8 7 92 69 81 24 67 37 44 114 80 105 3 50 55 82 31 42 90 33 67 9 62 0 36 96 118 49 89 35 83 66 15 40 99 63 111 66 115 122 
124 88 67 19 119 88 96 11 53 28 10 37 47 11 111 10 61 86 35 111 46 100 98 105 9 35 74 76 17 108 114 37 19 74 62 27 68 5 54 42 6 23 29 16 74 81 60 112 85 31 36 118 79 80 72 0 88 86 112 87 113 43 38 106 72 30 36 121 119 30 77 
44 14 95 70 106 18 55 26 70 26 108 97 71 6 52 68 24 103 35 101 76 44 88 95 45 98 99 3 83 115 85 16 75 92 16 95 21 42 90 24 121 103 110 95 66 55 86 109 65 99 20 2 102 70 24 53 0 103 28 6 109 22 84 98 61 43 84 22 113 29 110 
59 52 8 84 65 72 61 96 12 85 120 72 31 61 61 31 89 68 121 99 58 113 102 63 123 84 108 35 115 116 56 66 7 10 47 73 47 60 108 20 71 60 68 11 33 46 50 15 65 17 44 62 38 39 20 3 51 0 45 90 57 40 60 84 62 56 88 60 33 47 49 
66 13 84 76 79 61 51 119 18 45 72 94 123 34 74 85 43 65 32 52 19 18 37 5 44 51 115 116 72 72 57 42 62 122 114 123 41 23 14 11 25 97 72 73 107 111 7 119 19 22 22 2 106 116 42 124 107 81 0 94 88 29 15 78 70 40 15 93 64 100 44 
37 93 70 97 82 48 1 69 112 64 118 93 123 75 1 97 36 107 12 12 15 24 20 32 3 69 69 124 97 61 18 114 33 119 88 87 117 71 53 85 29 9 108 71 114 88 19 43 74 12 61 33 18 32 2 42 46 17 55 0 44 107 104 73 45 26 25 52 16 5 109 
82 60 116 78 87 71 115 56 112 91 95 25 117 119 47 115 122 95 61 80 93 104 73 49 64 89 85 66 98 115 43 34 30 77 106 115 78 97 119 8 8 51 18 71 42 114 52 50 102 11 36 38 122 114 56 33 28 66 68 80 0 44 56 22 42 74 94 29 87 57 36 
95 49 3 101 84 83 124 20 54 28 118 85 13 122 95 38 45 91 12 80 69 5 66 65 110 83 68 88 85 12 100 64 74 16 39 74 51 113 97 29 119 93 115 11 83 64 81 93 116 92 88 82 38 84 44 89 33 14 122 98 11 0 72 79 7 101 89 17 95 106 37 
1 76 11 11 17 39 58 121 5 54 118 37 48 115 102 96 12 23 96 54 5 95 86 50 64 7 9 105 40 47 51 17 23 34 38 97 13 2 80 67 113 43 10 17 2 99 103 38 118 56 113 23 59 63 64 51 102 12 32 100 2 84 0 72 25 110 4 94 102 4 39 
21 19 15 103 77 22 98 122 5 69 69 19 23 42 26 54 14 46 68 102 76 77 121 68 40 90 118 49 70 89 23 4 17 75 36 76 49 82 123 79 75 87 68 19 109 90 43 51 27 110 60 114 18 4 124 91 105 44 20 71 114 87 88 0 122 112 63 57 13 119 122 
46 41 108 15 33 100 31 46 9 77 120 59 42 112 113 31 48 2 122 42 78 73 12 13 78 71 46 49 99 26 11 95 114 113 68 121 26 109 20 78 45 78 88 14 16 82 77 94 4 23 81 48 58 7 4 75 86 70 65 63 63 56 40 15 0 111 98 36 15 13 53 
20 100 10 45 20 108 108 112 33 103 39 1 92 109 54 64 99 82 46 108 48 103 38 15 106 90 110 98 98 108 33 65 50 96 73 124 122 63 54 68 34 8 73 58 56 74 44 104 8 108 82 48 73 63 70 34 70 123 3 63 62 84 69 45 107 0 62 33 37 96 84 
122 116 113 62 105 98 54 51 104 40 7 63 111 56 121 51 35 79 124 13 77 66 65 56 49 73 23 68 64 35 16 122 115 49 32 52 85 119 99 94 6 122 80 1 36 47 19 80 2 40 79 26 36 36 8 88 19 89 101 19 111 115 58 109 59 35 0 122 53 119 74 
115 13 88 31 77 17 110 23 72 35 89 82 10 9 61 13 93 35 52 116 113 30 6 55 10 99 87 17 50 96 89 77 107 116 115 10 28 71 37 68 91 73 78 26 107 22 79 90 29 107 14 66 28 115 34 120 43 114 13 55 90 33 75 23 21 64 72 0 43 8 51 
77 105 106 81 68 95 84 33 84 30 52 111 34 113 64 63 29 55 32 79 64 77 1 20 41 37 124 110 31 53 19 57 18 116 43 39 16 61 74 31 56 17 99 44 39 107 58 12 103 42 61 112 113 46 95 57 77 61 10 11 75 107 97 14 41 45 28 94 0 30 46 
92 42 71 88 7 116 29 27 44 21 14 21 71 21 29 1 14 12 82 104 7 82 73 73 17 100 65 39 49 89 77 123 72 29 1 74 112 102 35 106 35 104 22 106 109 29 124 83 124 36 51 35 23 93 72 37 45 113 28 15 117 88 112 108 11 44 18 30 50 0 85 
89 69 69 1 120 11 111 120 37 52 8 61 89 39 51 103 63 115 31 72 29 71 61 20 26 45 46 43 12 123 34 18 66 45 82 115 42 56 7 30 77 113 11 57 5 102 122 107 39 34 108 16 108 65 34 26 30 78 122 20 123 46 38 89 122 26 39 54 35 69 0 
