n: 70
m: 10
Pi:U[1-99] 75 29 35 37 75 49 8 72 32 63 5 99 29 55 40 84 66 20 82 28 64 67 52 84 99 17 90 88 77 14 92 62 41 51 44 27 39 62 22 74 31 26 73 4 24 3 18 98 33 49 76 92 25 69 41 43 84 21 99 74 31 53 56 72 5 25 64 39 92 93 
Si:U[1-49]
0 20 30 22 4 4 3 30 20 22 49 40 43 4 49 49 49 28 19 28 25 6 10 49 49 43 40 24 48 31 49 46 49 12 6 15 40 28 16 49 43 49 49 30 49 25 24 15 49 13 49 49 1 34 49 27 49 4 30 49 27 49 24 49 36 46 49 30 49 46 49 
0 0 10 16 4 20 22 14 18 10 30 7 33 19 21 49 13 49 49 39 49 49 21 43 10 21 25 12 21 49 31 45 49 49 21 49 49 49 49 36 25 49 49 18 48 49 49 1 24 45 49 36 48 49 49 46 49 1 31 18 22 22 34 7 30 49 10 10 45 46 43 
21 22 0 2 32 26 16 4 25 28 49 49 7 19 49 39 1 49 48 34 22 28 49 49 49 30 4 42 16 49 21 1 15 49 48 49 49 49 3 30 1 42 49 1 37 36 25 36 49 45 13 10 10 24 49 49 33 18 21 49 45 16 49 1 40 49 10 4 49 24 21 
31 26 11 0 14 6 8 0 32 16 49 1 49 34 31 7 49 42 33 36 19 1 10 6 49 27 48 10 9 36 4 46 49 36 19 46 7 49 9 45 33 34 10 48 49 30 49 6 18 49 33 49 49 37 49 45 34 45 45 21 31 49 10 49 34 49 3 25 9 7 34 
9 9 3 8 0 2 4 8 26 20 4 3 6 40 3 49 49 12 46 18 40 42 49 49 15 39 42 7 12 49 49 49 13 49 42 16 49 16 40 46 49 27 49 49 37 49 49 24 49 42 49 21 42 49 40 49 27 49 6 9 49 49 21 4 10 34 27 39 49 6 49 
20 30 32 31 19 0 20 15 2 23 10 49 30 28 28 6 49 49 21 40 49 24 9 49 27 37 48 31 49 49 33 49 25 46 28 40 49 49 49 49 30 33 49 49 16 49 49 21 49 6 3 31 43 49 34 13 49 1 49 12 49 49 34 49 49 7 49 45 34 42 49 
24 2 28 27 23 20 0 8 14 20 19 28 49 49 49 33 9 12 48 34 31 46 49 49 27 13 7 16 22 43 49 49 49 49 45 49 21 49 49 24 37 49 49 30 33 49 9 7 49 4 34 34 24 49 30 39 49 21 10 34 19 19 3 18 49 3 46 6 49 49 49 
26 16 8 25 4 15 19 0 24 24 48 49 49 12 4 49 33 19 6 6 49 31 4 48 13 49 12 45 18 36 49 19 7 24 18 9 49 48 25 36 46 24 33 49 21 40 13 49 1 3 34 33 18 27 48 49 25 49 3 13 4 49 39 43 36 49 33 40 49 37 1 
30 16 24 24 31 29 22 28 0 6 30 48 4 15 21 40 9 27 9 49 21 25 3 33 45 6 49 34 48 49 49 13 49 18 34 7 7 3 49 46 49 49 31 40 49 39 49 21 33 30 49 9 34 6 49 30 25 4 16 30 10 30 49 34 43 1 46 16 49 28 49 
32 7 20 24 15 9 32 28 18 0 24 49 37 9 18 49 49 49 49 45 40 13 45 30 24 7 27 48 49 7 39 19 49 27 7 22 18 49 33 46 49 49 49 25 48 27 49 49 49 49 9 16 19 36 49 22 10 31 49 24 49 3 30 7 49 37 49 49 40 46 1 
49 49 49 49 33 49 49 28 4 49 0 2 18 23 12 13 4 22 13 4 27 6 18 49 49 48 48 18 40 4 49 49 49 39 45 31 36 39 49 49 49 7 43 37 18 49 49 40 49 49 25 4 36 42 49 46 33 34 4 42 49 3 45 49 49 49 16 49 1 49 1 
10 49 45 49 46 45 46 25 49 40 32 0 8 10 22 11 18 32 13 22 49 15 34 49 1 16 19 13 16 48 27 19 46 16 12 49 49 49 18 49 7 49 27 45 22 49 48 42 49 49 49 49 25 49 9 49 10 49 12 1 40 18 49 49 18 49 49 49 25 27 40 
12 49 9 27 49 37 49 34 49 49 26 1 0 7 8 32 13 20 11 25 33 22 7 49 49 49 31 49 49 49 49 49 49 48 42 28 49 3 18 10 4 40 31 49 49 25 4 43 3 49 33 22 4 34 25 6 33 25 43 49 43 49 27 49 25 37 46 49 46 13 13 
49 46 49 36 13 49 24 45 31 48 17 3 30 0 7 2 30 4 29 6 3 13 16 37 30 45 37 28 49 4 49 33 28 49 42 49 49 3 33 39 49 49 1 49 10 1 49 49 37 1 16 19 49 49 10 7 1 49 49 9 21 45 43 18 49 10 49 34 18 49 7 
49 49 46 19 15 49 1 33 49 1 26 30 29 18 0 6 14 29 18 12 43 48 12 34 6 49 21 4 37 42 10 21 19 36 48 42 42 49 27 42 49 4 33 49 36 22 21 49 49 42 37 49 19 49 49 49 13 49 1 21 49 49 49 39 49 1 49 46 49 45 49 
46 37 49 42 45 37 28 49 49 40 18 7 8 10 28 0 22 22 26 19 9 16 13 49 49 30 49 49 49 1 49 21 39 13 39 49 42 6 46 46 40 49 9 43 4 49 49 27 12 49 49 37 49 27 49 49 48 9 28 22 1 4 45 39 19 49 33 12 49 49 15 
49 4 49 12 49 13 49 33 42 33 23 0 14 1 27 20 0 16 20 6 37 43 45 28 13 49 30 4 36 4 30 49 22 49 21 27 33 25 21 42 22 36 21 49 49 49 49 19 9 22 43 49 19 49 12 18 40 3 25 36 10 13 49 49 13 46 30 49 46 45 12 
49 39 34 30 43 1 49 27 37 36 6 22 27 10 2 16 18 0 26 32 9 49 49 1 6 48 42 7 37 43 49 42 49 36 22 49 3 33 49 19 49 49 13 19 36 48 49 3 36 49 16 43 49 10 7 49 49 15 13 43 21 24 45 27 49 13 22 49 46 36 49 
49 30 3 40 49 36 49 21 3 40 18 21 18 31 13 10 23 3 0 0 49 49 1 6 49 49 6 33 27 49 34 49 46 18 24 7 7 15 33 7 12 13 18 36 16 34 49 7 15 49 49 49 49 21 49 12 12 34 15 49 31 6 37 49 49 25 49 49 6 49 24 
7 19 49 49 34 49 43 24 3 43 8 26 12 25 13 14 4 26 6 0 31 36 49 46 25 49 49 34 49 21 49 21 18 28 9 36 15 22 22 28 34 30 49 22 36 3 13 36 49 24 49 1 49 49 28 9 49 49 1 21 49 10 31 18 49 43 43 49 1 49 4 
24 37 10 49 10 25 24 39 42 24 49 49 49 21 10 36 21 36 19 24 0 25 10 26 29 24 2 12 8 8 49 24 45 25 4 49 15 49 18 16 43 49 12 1 49 10 48 49 4 49 45 49 49 49 49 49 22 12 15 49 49 4 49 19 49 25 31 45 39 49 9 
9 19 49 34 49 28 49 28 49 33 16 18 49 49 49 18 49 49 49 3 12 0 12 28 16 13 18 3 23 14 6 16 46 49 49 42 9 49 3 45 42 37 49 49 49 49 16 49 28 48 37 48 49 27 24 6 49 22 49 49 49 6 42 49 37 31 37 48 49 16 28 
16 18 30 49 49 3 13 49 40 49 13 49 49 7 49 3 27 49 13 27 8 7 0 6 29 28 21 24 22 11 49 42 27 25 19 24 46 31 12 49 49 1 48 30 30 49 43 36 3 45 19 18 49 28 33 21 45 39 49 9 45 12 49 7 6 18 48 49 37 49 18 
22 45 49 33 34 49 10 25 4 45 45 15 24 49 49 15 49 30 49 49 24 27 2 0 17 21 20 25 18 16 12 28 31 49 21 49 31 21 33 49 49 28 46 48 7 30 49 33 10 19 49 49 24 40 37 31 19 40 46 43 39 4 22 22 49 16 19 12 49 28 49 
49 45 49 46 15 16 1 49 21 42 49 49 49 46 49 19 49 22 6 1 13 9 31 12 0 18 26 12 24 8 43 28 49 49 48 49 49 49 6 49 49 18 49 49 16 3 4 1 46 10 49 21 10 13 43 18 15 48 43 40 49 42 49 21 45 40 4 49 33 49 49 
40 49 21 49 42 4 25 49 13 49 49 49 15 42 49 10 49 24 42 49 15 20 14 25 12 0 30 11 15 3 49 16 49 22 13 49 49 40 22 21 9 6 49 34 49 18 22 9 31 15 49 27 49 42 18 18 16 49 46 25 40 10 1 21 15 6 42 24 49 49 49 
1 25 49 43 49 31 31 46 37 3 49 43 48 7 45 43 49 15 49 16 17 12 26 9 29 19 0 4 7 22 39 9 28 49 4 13 49 49 7 49 10 37 49 33 40 49 36 45 16 49 33 49 13 49 49 43 19 13 40 16 18 49 3 24 33 49 49 49 49 6 49 
49 46 10 10 49 46 4 30 12 16 37 1 12 40 49 49 39 43 31 42 22 18 29 10 29 23 27 0 6 29 49 27 31 1 42 13 34 49 25 19 9 18 49 49 45 39 16 45 49 9 9 12 9 31 19 3 46 49 36 49 12 49 12 27 7 49 49 31 46 49 10 
49 15 49 25 48 39 15 10 24 43 49 49 13 49 49 10 42 7 1 22 32 20 4 7 14 13 2 14 0 27 25 49 49 40 49 49 49 49 49 13 49 49 37 34 30 24 31 9 18 49 42 49 49 28 37 3 45 3 48 30 49 34 1 22 49 3 33 48 45 49 22 
49 13 27 9 49 49 22 49 33 46 49 49 34 1 37 31 31 33 3 13 4 5 8 7 15 14 16 10 17 0 12 24 49 16 1 49 46 49 21 49 21 9 13 43 13 21 25 25 48 49 33 27 19 33 15 49 27 19 30 30 45 22 39 49 27 37 49 12 49 49 1 
9 22 39 49 33 31 37 39 28 49 6 28 25 18 30 28 49 49 49 1 49 49 12 33 46 34 40 49 16 49 0 6 1 28 22 31 28 13 10 16 49 33 49 43 22 4 24 9 10 49 49 49 49 49 9 49 49 28 49 6 49 49 49 22 27 45 42 49 6 40 37 
21 27 49 49 27 49 49 49 22 49 49 10 3 49 6 49 43 4 49 31 13 49 49 33 49 1 16 45 49 12 22 0 4 26 4 28 32 19 16 0 40 42 49 49 15 45 48 30 49 1 3 48 48 49 33 49 4 49 18 1 16 49 33 31 22 18 7 7 6 49 21 
49 40 28 6 43 16 49 36 27 40 49 49 49 37 45 48 49 13 22 49 33 33 48 39 42 18 24 30 49 15 2 1 0 5 10 24 4 7 3 20 16 49 30 49 24 18 10 43 46 33 49 49 48 10 21 30 49 49 49 30 1 49 49 15 40 16 18 49 46 16 16 
16 49 49 39 49 22 49 49 33 19 49 36 21 36 18 31 49 49 42 49 49 4 30 25 49 7 34 49 16 28 5 4 14 0 20 14 10 27 15 24 18 40 19 46 49 49 49 42 49 49 18 43 36 6 25 49 49 49 37 49 49 4 49 49 21 49 27 19 49 49 25 
49 42 49 46 49 21 6 46 49 49 49 46 49 22 39 49 7 3 7 49 49 24 24 49 15 21 37 42 31 49 5 22 25 8 0 7 2 3 32 20 40 1 49 6 49 36 45 49 21 10 49 31 49 15 27 40 49 34 6 42 49 15 49 49 25 36 33 13 49 49 49 
39 46 25 24 27 24 49 9 10 15 49 49 39 12 34 49 49 49 49 30 49 49 48 24 49 42 21 33 33 49 0 32 2 12 3 0 10 21 21 6 49 3 4 18 25 10 25 42 9 43 46 28 1 49 49 10 28 31 27 43 25 16 3 49 49 43 3 13 19 10 49 
49 49 49 19 43 49 49 49 40 21 25 39 10 25 30 49 49 24 7 49 24 42 15 7 49 37 49 30 4 49 1 29 28 28 4 13 0 2 26 8 9 49 12 19 22 13 22 24 3 36 1 10 21 49 30 48 48 19 16 49 30 49 49 49 27 28 49 7 49 34 1 
16 49 37 21 7 36 12 10 39 48 49 9 40 49 45 48 9 39 12 48 21 46 49 43 49 15 49 22 49 49 12 1 6 22 0 16 19 0 29 16 22 15 49 25 24 16 49 30 45 21 49 49 49 9 49 46 18 49 30 4 19 49 49 12 49 33 40 49 43 49 49 
49 49 49 24 30 49 22 49 39 49 6 4 39 49 49 24 34 49 37 4 48 28 49 19 30 43 7 34 3 40 17 6 14 15 22 3 14 26 0 8 49 40 15 33 49 6 12 49 49 19 49 15 19 49 16 49 49 34 7 43 24 39 31 49 30 7 31 9 30 30 31 
27 36 25 16 49 37 42 45 45 49 18 49 39 16 7 49 10 49 6 6 10 49 39 49 10 48 4 24 1 16 24 2 20 16 29 2 30 29 18 0 46 49 19 40 4 49 49 43 49 33 49 48 49 31 13 49 49 49 49 49 3 37 49 49 49 49 49 22 49 45 48 
25 49 36 49 36 13 25 49 49 13 10 10 34 49 30 10 13 49 49 49 30 16 49 19 7 49 49 33 33 49 49 49 24 15 49 21 37 4 39 49 0 18 27 26 13 30 9 5 26 14 49 21 12 4 49 48 22 6 24 24 18 28 49 25 22 49 18 42 49 49 25 
24 25 49 49 49 49 10 49 28 13 19 49 31 42 12 42 48 49 49 22 22 42 31 49 37 30 28 43 31 49 49 49 49 49 1 18 49 49 49 37 17 0 19 14 3 21 2 16 21 30 30 21 42 3 22 49 16 49 27 1 13 37 48 31 49 37 18 45 31 39 49 
49 6 49 49 39 37 31 49 10 49 48 27 49 16 21 7 4 18 49 18 46 28 27 48 45 25 49 49 49 49 15 37 46 10 43 48 37 49 18 1 24 20 0 28 16 31 23 5 3 5 49 46 15 18 25 46 49 19 36 49 49 7 49 49 49 21 9 49 49 49 49 
25 12 21 34 49 15 22 9 33 1 27 1 27 27 33 25 49 13 16 49 49 34 31 31 24 49 19 28 49 6 12 19 16 49 6 49 12 36 22 13 30 32 0 0 4 13 29 6 16 32 6 49 24 30 49 28 49 49 49 16 40 49 1 10 40 46 15 46 31 49 31 
34 12 18 36 49 49 31 16 49 3 40 3 27 22 24 36 12 25 15 46 49 49 6 49 49 12 49 28 27 49 49 34 49 15 49 24 49 4 27 42 7 11 6 25 0 28 31 12 28 22 49 49 43 49 40 28 4 49 48 49 49 13 33 16 27 49 49 19 49 49 24 
49 15 45 24 10 49 49 25 10 49 1 4 42 49 49 13 49 16 43 34 42 7 4 49 49 27 49 33 45 18 4 34 6 49 40 49 28 22 33 49 4 25 16 7 23 0 2 4 10 15 25 49 22 33 34 49 49 37 1 49 3 46 3 49 18 39 37 49 49 22 37 
49 49 42 37 49 37 48 36 49 12 25 49 1 9 49 49 10 30 49 49 49 1 49 49 49 49 39 49 34 49 27 49 22 7 49 21 24 48 6 16 22 12 16 14 23 5 0 10 30 27 28 49 49 27 49 49 1 49 25 12 49 40 49 10 13 49 33 10 49 25 49 
7 49 42 42 43 45 36 7 33 4 39 49 49 34 49 49 36 13 15 49 31 49 39 48 49 9 27 9 49 6 49 34 49 9 33 9 49 49 27 22 0 31 1 28 18 14 28 0 31 13 31 49 9 7 42 13 28 49 31 31 42 48 40 10 28 49 37 49 31 49 49 
6 25 33 49 25 21 30 49 21 49 49 25 46 49 49 49 6 49 31 49 49 24 49 39 49 49 49 39 22 30 46 36 49 25 49 28 49 39 49 19 16 30 7 8 7 22 2 10 0 29 27 27 49 7 12 49 49 36 13 6 21 34 24 49 9 49 49 36 12 1 1 
22 16 49 18 49 49 43 12 24 49 15 31 3 45 49 6 49 48 4 22 4 28 21 10 16 34 28 49 24 49 49 49 46 13 49 49 49 24 49 24 16 4 15 22 5 24 4 20 24 0 21 49 49 15 39 49 49 6 45 19 49 46 42 49 12 49 13 1 42 27 49 
25 6 49 22 49 43 22 22 12 36 30 33 49 9 25 40 4 49 49 40 49 49 31 49 31 27 27 49 49 49 49 36 43 24 49 30 19 49 42 30 7 49 40 49 24 49 39 40 49 7 0 8 2 8 2 24 20 28 15 16 22 22 34 28 22 13 40 7 34 7 1 
1 13 49 49 25 22 43 49 16 49 48 39 46 1 4 28 22 12 25 10 49 48 49 12 15 49 22 42 49 39 24 6 49 22 49 49 30 45 24 4 49 49 9 9 7 7 36 49 49 13 14 0 6 12 18 8 14 8 9 26 7 37 49 19 49 49 49 21 49 49 49 
21 28 30 37 49 49 49 25 49 42 3 24 46 37 36 43 33 49 49 49 49 3 49 49 31 30 49 49 40 24 4 19 27 27 4 13 49 49 49 22 49 49 49 10 6 36 49 49 49 48 30 8 0 27 19 20 2 9 24 12 9 25 37 25 12 33 49 43 48 49 27 
1 49 21 9 49 48 33 49 4 25 34 12 21 49 24 49 49 6 46 49 12 12 36 31 49 33 27 49 49 3 43 21 12 48 10 24 49 43 4 43 49 45 49 21 36 49 30 37 15 49 28 20 4 0 7 0 14 26 16 21 22 49 49 43 49 27 49 49 27 27 49 
9 28 33 49 15 24 22 49 31 49 49 49 49 49 49 36 40 6 7 12 49 30 31 36 9 48 49 49 49 22 21 13 49 13 18 39 40 37 42 49 7 1 49 49 3 49 34 7 22 34 0 20 8 12 0 26 11 20 18 32 25 1 21 49 49 1 49 49 46 49 33 
37 13 49 49 43 12 49 49 49 49 49 18 49 49 49 37 22 49 49 16 49 49 27 49 1 46 28 25 33 12 33 40 49 7 30 49 49 19 49 18 25 43 49 33 49 4 48 49 27 49 24 31 10 18 25 0 24 19 16 16 12 37 12 49 48 3 39 30 16 49 49 
49 43 45 21 12 49 49 48 9 1 49 49 42 49 49 9 18 6 49 30 49 49 10 22 49 40 40 39 13 15 39 10 9 49 49 15 49 10 9 49 36 40 27 49 49 3 49 49 10 48 9 6 30 10 2 21 0 21 32 28 49 24 13 49 25 33 49 16 49 25 9 
49 25 34 46 49 25 49 25 49 30 9 49 25 34 25 46 49 4 43 28 10 49 1 49 30 16 49 49 45 1 46 49 3 42 49 49 9 25 49 48 28 49 49 49 49 4 34 49 49 48 2 27 30 18 27 17 14 0 6 20 21 24 49 13 28 49 25 40 6 33 33 
30 43 49 4 42 49 40 13 33 4 10 46 9 46 30 49 49 49 49 49 49 49 42 12 13 49 49 34 19 9 49 24 39 49 7 22 34 49 12 15 49 9 45 49 9 49 49 31 6 49 31 6 14 2 11 21 30 18 0 21 10 31 33 1 49 49 4 49 49 13 16 
42 7 25 1 28 49 49 30 7 48 21 49 4 45 3 49 49 12 37 37 49 13 3 49 43 16 4 22 45 1 4 12 19 49 27 21 24 9 49 19 9 18 49 49 31 49 3 12 49 40 6 2 25 1 4 26 29 22 18 0 36 25 6 49 49 49 28 25 6 16 9 
49 49 7 7 24 49 13 49 37 31 6 15 25 49 49 49 31 21 9 30 9 49 37 46 7 21 46 49 49 10 49 12 37 49 43 18 48 49 49 40 10 49 49 49 27 45 49 49 49 37 49 42 21 15 49 27 6 6 42 49 0 10 12 24 13 9 26 30 32 10 49 
49 49 49 40 31 49 36 40 33 48 1 13 4 22 3 15 39 9 48 42 49 34 49 43 49 49 39 36 4 13 21 40 49 45 9 49 49 49 49 49 21 40 49 49 49 33 49 49 36 49 49 49 49 31 25 1 49 49 34 19 14 0 8 18 27 6 8 18 16 10 49 
46 15 49 49 49 49 25 49 49 39 27 22 12 13 31 28 1 6 37 49 18 13 34 24 39 49 37 49 49 22 49 6 25 1 37 48 28 18 49 25 34 49 34 49 13 6 22 25 9 18 16 49 49 49 27 49 33 4 49 49 24 5 0 16 21 21 16 31 2 16 49 
3 24 34 49 24 15 49 49 1 9 40 49 49 1 49 49 49 48 25 22 36 6 49 49 34 31 49 49 31 22 24 24 49 39 37 49 49 49 36 49 25 39 49 49 21 31 49 31 24 49 33 18 36 19 12 24 34 49 49 9 8 7 6 0 1 26 25 24 22 20 9 
4 49 49 9 49 49 43 37 49 49 49 49 46 49 49 49 49 49 46 19 46 15 27 34 13 22 7 49 1 1 49 46 49 27 49 37 37 45 1 49 30 6 36 49 7 49 48 7 12 1 13 49 45 49 49 30 42 31 21 49 5 6 8 20 0 28 2 14 10 2 15 
49 3 39 49 49 12 16 48 49 15 49 45 49 24 21 31 49 49 49 49 1 49 46 46 49 31 16 49 49 49 49 49 6 30 30 49 37 40 49 18 49 10 15 12 49 49 4 49 21 10 49 46 12 49 1 22 49 42 6 49 8 19 8 9 18 0 3 9 14 21 46 
45 43 49 22 43 40 1 49 49 12 48 49 43 49 45 49 49 49 49 3 49 49 34 15 49 24 13 37 7 7 13 1 39 49 3 49 1 48 49 49 49 49 49 34 43 40 33 49 40 4 49 49 4 6 49 16 25 12 4 49 9 26 2 32 10 28 0 19 28 14 4 
33 49 49 49 27 16 40 31 49 12 34 16 46 49 27 49 49 42 45 1 30 28 30 3 30 49 49 3 49 10 37 36 49 49 49 49 48 10 13 49 49 7 42 49 49 49 22 45 49 39 40 10 24 49 25 30 48 39 12 30 2 24 30 10 17 30 26 0 12 24 49 
10 46 49 36 40 39 49 24 6 9 31 9 9 18 49 15 49 49 4 49 1 49 4 39 46 49 48 42 1 27 19 49 12 49 24 21 43 34 40 49 7 1 49 40 24 42 49 49 43 34 48 36 24 27 4 6 49 49 46 49 25 24 14 26 6 17 18 24 0 28 6 
49 12 30 49 49 25 16 49 49 30 45 46 6 27 42 49 42 36 1 49 27 49 22 49 30 49 49 40 18 49 36 16 4 18 10 37 4 49 39 39 6 37 49 48 49 49 49 33 16 9 3 40 42 49 13 49 12 49 34 49 9 21 16 2 7 6 2 16 1 0 49 
39 33 49 49 19 34 7 48 42 13 49 49 3 49 6 43 49 49 25 49 37 48 43 40 49 45 15 40 34 7 49 22 28 6 49 13 49 36 42 49 28 7 12 43 33 21 49 34 21 13 21 28 37 49 43 31 49 37 7 22 19 49 49 15 49 48 49 49 49 39 0 
