n: 70
m: 4
Pi:U[1-99] 73 60 65 65 48 95 90 10 85 40 1 32 89 37 3 14 43 39 87 87 56 49 85 74 7 85 43 39 80 71 84 6 30 74 76 78 35 28 14 52 95 37 37 90 60 38 63 63 41 62 83 77 96 85 22 81 41 1 55 53 78 19 81 81 30 73 50 71 45 27 
Si:U[1-124]
0 56 38 2 80 74 55 51 53 34 52 124 121 124 55 42 124 12 3 124 124 124 30 124 124 12 13 124 124 124 120 67 81 124 18 10 124 100 109 124 124 124 79 124 124 117 91 124 124 124 124 78 124 124 105 61 78 124 124 114 4 9 124 124 21 108 9 93 82 85 103 
17 0 20 20 59 33 50 22 51 80 121 124 124 115 112 37 124 96 124 124 124 91 120 34 16 124 10 124 124 124 96 69 51 90 124 52 67 66 124 124 39 67 120 103 55 111 124 13 97 82 46 124 124 124 124 124 124 124 43 58 124 124 124 10 124 70 124 42 93 51 99 
76 14 0 34 66 6 55 6 12 37 28 49 124 124 1 124 70 99 63 124 124 3 61 72 69 21 112 36 55 33 124 117 99 124 115 124 72 12 124 55 63 22 124 103 124 87 37 19 51 124 52 42 96 39 124 18 124 124 57 124 48 117 37 15 1 1 124 124 124 102 57 
7 76 2 0 62 36 65 56 80 45 124 97 97 9 111 124 124 108 18 45 124 46 124 105 121 51 124 78 124 81 120 124 106 124 124 124 124 124 51 54 55 124 52 103 24 36 4 4 106 51 124 66 13 12 124 109 124 124 73 124 64 114 63 66 49 111 42 67 66 64 114 
82 34 28 4 0 20 44 65 28 79 76 9 58 108 42 103 124 124 124 46 48 13 124 70 121 12 63 51 105 124 124 124 97 42 82 6 124 39 124 31 25 48 124 124 24 87 88 105 12 111 105 28 87 105 115 124 64 124 124 118 55 97 61 93 49 88 49 24 124 115 90 
69 48 2 1 81 0 64 27 68 60 72 66 124 73 85 106 124 46 124 66 124 124 12 124 115 55 52 27 27 3 124 124 111 1 28 91 124 124 28 102 82 124 67 31 85 37 124 124 103 93 124 75 124 124 49 84 52 19 124 34 24 52 4 120 102 48 124 124 124 124 49 
36 34 6 77 32 68 0 0 76 26 112 103 84 27 96 124 72 84 6 112 124 124 124 13 27 31 103 52 34 124 124 100 81 33 72 118 37 124 112 18 58 124 64 63 3 124 124 105 82 55 103 97 57 124 117 124 124 58 96 24 124 70 75 85 124 45 33 124 124 84 108 
56 64 38 58 18 10 11 0 42 76 96 78 124 124 124 106 124 124 79 124 54 124 124 16 94 15 124 87 73 70 51 39 63 124 73 124 58 111 124 91 81 124 121 70 124 27 69 55 124 124 124 13 21 72 84 24 124 85 124 111 124 102 124 37 18 70 124 88 57 39 13 
69 10 70 75 14 12 23 58 0 50 118 15 91 124 108 124 124 33 66 22 10 118 124 124 78 124 57 28 96 94 115 1 55 124 91 124 76 118 124 124 124 70 84 85 48 124 124 114 124 36 123 67 124 124 52 87 121 63 7 66 18 57 124 45 79 64 33 33 124 33 33 
18 39 70 50 72 54 15 26 8 0 25 124 58 124 100 124 124 93 31 124 124 124 124 33 40 60 37 124 45 124 124 37 73 79 72 97 124 124 67 124 75 31 12 69 124 63 124 124 94 84 22 124 18 63 6 85 124 124 3 28 63 63 66 124 124 43 78 124 93 91 4 
96 21 3 111 63 36 52 106 111 124 0 8 68 48 10 80 36 21 39 74 124 87 105 124 37 124 49 124 18 27 124 124 106 93 10 70 99 84 97 33 123 22 124 124 4 124 45 124 90 42 3 124 16 124 22 124 124 124 85 109 124 124 124 123 51 9 63 81 124 124 124 
85 19 124 124 111 115 124 124 19 22 59 0 61 46 16 57 80 18 26 36 43 31 49 18 70 40 13 111 28 66 124 7 10 124 124 36 34 124 124 111 16 43 22 75 124 124 124 124 124 100 124 81 79 124 117 88 124 124 39 124 124 40 117 124 124 30 12 87 79 124 124 
72 118 106 91 19 124 123 124 31 124 5 8 0 51 61 72 47 22 54 78 84 22 124 114 36 124 78 46 124 75 72 124 124 124 51 124 124 24 124 108 124 25 87 37 121 79 114 21 106 117 27 124 70 124 97 108 7 24 34 124 124 124 124 87 84 124 81 111 124 124 75 
124 67 124 73 7 19 124 18 6 105 64 61 79 0 6 82 6 36 71 19 124 82 124 69 19 33 7 9 61 72 124 33 94 30 124 10 124 21 21 115 22 22 24 124 46 121 72 57 1 90 124 124 118 4 109 124 6 124 24 13 13 61 124 45 124 1 106 97 124 96 105 
28 124 109 124 124 84 124 114 124 124 46 81 2 79 0 26 10 38 29 2 84 73 124 24 124 124 117 109 124 64 124 88 91 124 4 105 33 72 124 4 36 54 54 24 124 124 82 57 118 124 85 124 124 124 112 87 124 3 91 124 33 10 25 78 124 73 102 124 70 67 58 
6 124 123 124 90 124 39 84 9 46 52 51 61 66 74 0 8 25 52 8 114 124 124 78 124 112 91 67 124 124 124 106 19 49 124 124 124 16 69 25 124 34 42 124 72 100 54 88 117 4 69 105 87 99 111 124 46 67 48 124 55 51 18 57 114 123 123 13 82 42 46 
69 30 7 19 85 85 105 49 106 105 9 79 52 21 36 22 0 42 26 32 124 21 124 75 108 13 124 103 34 124 82 124 106 124 124 124 117 124 73 124 100 25 58 21 30 61 25 124 15 112 28 1 109 72 124 124 97 124 48 12 124 1 45 84 99 36 99 13 55 93 45 
27 124 61 124 123 28 12 124 75 33 12 48 21 18 64 46 30 0 14 76 7 124 124 6 120 84 124 36 124 106 82 124 43 69 19 36 99 112 4 28 124 70 124 70 64 79 91 28 6 40 124 124 124 124 124 21 18 64 111 124 72 21 18 51 64 108 124 124 124 124 121 
112 90 70 72 124 124 114 124 124 24 49 8 68 46 70 78 22 66 0 3 124 124 43 124 124 124 94 124 25 124 124 115 124 28 97 90 87 124 69 106 124 76 16 114 124 46 124 124 75 124 60 1 63 96 81 58 73 37 84 54 124 88 124 12 114 55 124 91 36 124 124 
124 36 121 124 40 105 124 78 94 124 14 29 22 67 18 22 34 80 82 0 43 31 13 124 72 124 96 109 82 49 93 124 49 76 102 54 124 70 124 124 124 12 114 105 114 106 115 124 108 45 18 66 60 124 124 124 49 97 121 124 124 31 79 124 115 75 22 124 75 51 124 
124 124 112 124 9 66 70 124 99 36 40 25 40 94 124 99 112 124 120 124 0 10 50 34 10 53 76 36 77 10 124 105 7 90 64 61 96 60 88 13 118 93 96 4 124 124 63 70 124 96 15 42 108 60 46 79 13 93 124 124 54 109 124 117 73 124 124 88 82 9 75 
91 30 21 124 21 54 28 124 6 7 46 43 124 15 49 57 117 124 124 124 8 0 70 16 52 24 38 58 66 26 51 45 69 124 81 4 124 39 94 111 112 115 10 42 43 102 43 87 82 63 124 124 124 4 117 124 109 67 10 85 13 99 124 82 124 30 31 124 124 124 124 
15 124 109 97 30 124 124 124 124 34 124 25 58 99 103 24 112 51 124 124 65 45 0 70 45 40 76 15 53 62 124 75 124 90 124 49 39 118 15 124 124 100 106 22 124 25 21 124 124 48 123 124 124 79 18 103 117 72 99 124 124 75 43 124 118 124 124 67 124 6 54 
22 124 108 37 4 70 72 124 91 118 124 124 103 124 73 57 124 124 58 124 26 30 3 0 74 38 20 70 50 35 120 22 18 37 124 118 124 4 117 115 70 57 124 69 37 67 48 124 90 60 61 67 22 112 64 117 54 123 54 124 49 112 124 58 13 21 54 124 84 37 46 
34 100 58 124 10 75 124 24 124 96 78 103 6 124 49 106 117 124 52 24 27 52 52 74 0 33 20 10 52 79 124 78 124 124 106 124 75 39 124 96 46 124 81 91 43 99 31 124 88 91 124 75 18 96 103 124 22 103 124 118 30 106 13 33 67 108 63 111 45 55 58 
22 124 124 124 12 34 1 106 99 10 111 124 52 97 102 16 124 81 123 124 65 40 42 72 16 0 8 64 26 30 51 28 124 124 124 124 39 34 112 109 22 21 124 82 3 30 7 124 55 70 15 88 124 124 43 124 61 124 70 123 19 124 18 124 79 3 22 30 124 63 124 
106 99 39 12 124 118 94 24 124 88 124 88 72 106 124 124 27 115 45 106 48 24 76 18 79 47 0 0 37 52 121 76 124 60 124 49 76 27 114 49 61 45 21 124 99 111 39 115 49 73 31 124 124 42 124 85 15 124 124 55 27 19 124 82 114 124 120 82 91 24 66 
100 124 66 6 33 15 15 111 25 124 124 124 114 28 121 124 25 124 124 102 9 2 23 50 8 62 60 0 58 16 124 96 39 124 124 124 124 124 124 4 69 88 124 123 124 105 85 124 108 36 124 124 81 93 115 118 124 124 61 117 124 121 58 124 27 21 31 22 7 124 16 
124 31 124 124 93 91 57 48 124 124 96 64 114 124 88 12 21 124 7 79 34 9 35 64 60 4 4 0 0 28 114 124 48 124 40 52 124 124 87 54 106 124 124 76 33 60 34 124 100 16 124 64 90 124 96 102 43 124 124 124 124 36 66 39 70 96 124 97 40 45 124 
124 21 33 60 6 124 124 106 124 124 79 124 28 3 124 105 124 106 28 124 34 33 76 73 16 56 14 78 74 0 124 36 114 57 124 39 124 124 25 43 124 94 111 31 7 13 124 124 124 124 33 15 124 99 39 1 4 1 124 36 13 24 10 124 34 39 7 7 3 60 46 
42 88 117 124 21 37 124 37 124 78 51 124 124 21 55 100 124 124 49 124 21 82 90 9 124 124 88 124 7 7 0 10 50 47 36 40 46 49 42 46 124 124 114 124 123 45 37 124 124 124 61 124 78 12 124 124 124 39 124 124 124 124 90 13 82 124 12 64 124 124 12 
124 58 121 55 66 124 124 1 124 114 114 124 124 67 84 39 99 124 34 43 124 39 124 4 52 12 124 124 30 124 59 0 24 14 43 12 14 26 63 22 124 61 124 66 124 124 124 124 124 9 124 124 112 124 102 103 112 13 124 6 124 54 69 6 124 10 27 69 124 124 64 
124 9 124 124 48 13 124 85 124 124 37 124 96 123 57 73 93 88 124 61 118 84 76 13 85 7 124 124 42 124 29 60 0 37 76 19 81 18 1 27 124 75 28 124 124 124 102 28 124 81 88 118 57 124 124 124 124 103 120 51 124 124 7 124 124 124 4 64 108 100 124 
18 111 72 124 124 97 111 124 18 84 25 43 112 24 67 12 124 108 15 9 6 9 19 124 124 124 124 124 123 61 78 70 48 0 41 80 50 19 46 26 48 124 73 10 124 102 60 124 124 124 19 124 106 60 124 76 45 21 124 76 103 124 7 109 42 90 87 12 78 121 40 
61 33 124 124 100 124 19 27 120 6 124 40 124 55 54 24 91 12 39 124 82 124 66 124 124 124 114 63 124 118 69 20 35 39 0 40 60 64 82 60 124 60 51 36 36 124 94 55 3 124 37 103 114 120 124 72 10 49 4 42 124 121 30 61 48 124 124 85 124 48 48 
49 103 48 121 103 124 124 90 124 124 78 124 64 115 124 75 34 21 27 13 124 124 10 103 100 124 124 124 22 79 52 3 10 34 6 0 16 55 25 26 115 124 124 124 33 124 105 4 55 4 124 24 31 37 45 57 124 109 64 90 124 124 70 124 124 7 124 124 99 124 124 
124 124 124 39 99 124 1 124 58 124 93 124 15 76 31 114 117 124 124 43 100 94 124 124 124 124 40 58 28 76 28 79 23 80 5 38 0 41 74 16 45 99 10 82 124 46 124 124 118 30 124 124 22 18 124 124 124 54 39 124 112 124 102 124 124 124 124 105 124 124 124 
124 124 124 105 124 124 124 124 69 120 9 124 6 97 106 124 121 90 124 117 124 18 15 36 27 124 117 78 124 124 2 42 46 36 16 78 69 0 14 78 109 88 124 4 45 124 124 124 123 73 124 94 108 37 87 31 73 121 121 72 87 55 118 79 33 120 100 58 55 63 90 
46 91 46 124 19 79 21 124 82 31 124 94 72 16 69 97 124 76 43 37 76 70 120 60 124 124 124 124 78 12 30 6 68 32 66 60 10 13 0 31 124 31 124 124 34 90 16 106 109 39 124 55 82 96 124 103 18 42 21 103 84 79 124 55 67 58 124 124 63 124 79 
46 37 36 102 16 121 36 51 36 124 69 69 45 124 85 82 102 69 81 121 60 54 19 75 49 124 117 97 106 85 26 59 55 82 52 48 25 24 12 0 43 93 124 124 124 94 87 90 88 16 124 33 73 124 108 124 94 75 21 34 94 70 4 54 124 6 124 69 106 64 13 
124 124 124 25 55 91 120 79 124 124 1 24 124 52 22 87 16 81 40 9 63 124 4 13 76 124 24 18 19 66 46 27 93 111 112 64 124 69 124 75 0 39 56 34 30 59 22 22 3 56 124 4 16 124 124 81 52 111 124 124 100 15 31 123 24 70 124 82 124 124 39 
124 124 12 85 124 124 82 124 124 124 124 124 109 124 124 4 124 67 124 124 75 114 87 91 124 12 84 124 123 117 4 124 94 120 82 124 124 117 124 124 66 0 42 8 14 52 14 71 5 62 108 100 21 118 42 124 24 33 106 54 70 124 124 18 124 67 124 124 94 31 124 
109 123 124 4 124 123 64 124 124 118 18 48 124 97 124 82 84 123 75 37 12 124 124 117 100 60 112 13 30 24 124 124 112 124 124 7 124 33 57 124 63 11 0 10 4 8 24 0 57 17 97 114 124 124 124 79 124 124 124 85 81 120 3 124 124 111 24 19 91 124 85 
36 118 100 124 124 19 124 52 19 124 34 105 24 90 49 91 124 124 9 124 90 72 52 124 7 88 25 123 12 10 76 75 30 108 91 106 78 121 124 37 73 58 51 0 56 17 16 51 34 69 45 85 7 81 93 13 22 69 52 39 94 93 7 57 36 124 78 124 21 124 67 
108 10 67 57 97 45 27 72 49 9 58 121 100 6 99 36 124 118 124 93 99 124 76 102 75 106 124 6 61 60 105 124 105 82 124 124 67 51 105 31 24 14 20 13 0 39 1 10 33 59 123 124 21 121 109 102 124 99 84 124 94 105 10 57 93 124 124 18 124 60 112 
28 81 111 94 76 106 88 37 100 58 124 55 72 25 75 124 57 1 18 70 96 16 124 93 25 124 99 124 124 6 52 124 124 33 124 94 72 76 117 72 74 75 1 45 52 0 62 12 14 50 31 124 37 124 7 61 4 90 124 66 124 124 84 96 124 124 96 55 64 124 108 
114 67 84 121 99 85 124 42 108 37 124 79 9 33 124 124 72 124 105 124 33 118 124 18 58 81 124 124 12 124 60 124 76 124 54 30 112 124 9 10 23 30 60 2 49 72 0 70 73 64 75 28 88 94 76 121 117 124 124 24 124 6 124 103 124 57 3 105 124 81 75 
124 105 108 120 124 120 108 7 91 69 88 124 124 67 124 43 85 124 55 94 34 91 124 124 124 124 100 70 124 102 124 124 57 25 124 109 124 82 85 124 48 36 19 51 66 8 18 0 30 46 72 84 52 124 10 121 19 16 58 66 63 42 100 105 58 91 124 124 69 124 88 
124 124 73 124 52 124 39 124 124 9 124 124 124 124 124 69 123 22 54 124 99 12 46 78 105 115 99 66 49 124 124 97 123 49 87 33 124 121 117 24 75 43 12 12 36 48 24 2 0 59 114 28 108 3 37 124 124 12 108 12 109 40 124 61 118 67 124 123 79 124 82 
25 121 19 10 88 76 124 121 124 15 124 124 120 54 124 43 3 64 3 22 124 124 82 46 16 124 39 124 7 75 18 124 124 16 124 27 124 121 55 33 15 18 12 45 42 15 4 65 1 0 76 94 18 124 103 123 124 124 124 124 120 124 96 118 124 64 118 37 43 117 120 
18 28 124 72 85 114 124 22 64 124 49 124 124 31 39 19 124 124 7 124 100 90 40 72 27 28 124 79 99 28 124 88 64 55 12 64 124 67 103 96 49 103 124 105 49 105 124 28 96 124 0 34 33 18 35 60 23 43 56 58 15 63 99 106 73 75 108 105 108 124 34 
91 73 7 124 85 13 54 85 100 124 124 124 99 124 114 57 12 88 105 117 124 72 9 18 55 124 124 124 70 21 124 124 124 124 51 87 46 124 39 124 124 6 60 124 3 3 124 79 28 124 71 0 71 24 38 27 28 14 31 41 108 19 124 28 75 124 75 124 124 15 27 
124 124 109 124 36 82 55 24 31 84 124 4 66 60 45 84 124 12 114 49 106 108 118 106 69 34 103 124 124 49 124 61 10 82 60 1 108 39 64 124 16 87 87 55 124 124 55 91 39 124 34 66 0 49 5 62 64 59 43 50 124 19 91 61 21 124 73 72 124 124 124 
72 124 106 39 124 124 91 21 7 94 4 124 46 24 94 124 121 114 124 121 54 124 31 24 25 124 124 102 124 124 109 124 124 25 124 124 7 7 105 106 124 124 124 22 15 30 60 124 48 36 82 30 10 0 72 58 30 47 75 9 91 57 40 30 49 124 78 124 124 76 112 
15 124 123 102 96 124 82 124 91 124 36 33 31 85 124 76 124 7 123 75 25 124 124 33 3 36 1 18 124 103 124 124 73 37 124 124 124 124 22 4 124 4 124 124 124 3 51 124 106 66 30 74 28 79 0 34 26 40 12 60 118 12 36 97 124 115 124 81 106 94 124 
76 30 117 124 124 124 66 4 7 112 39 67 25 36 124 117 61 124 124 103 79 55 124 100 9 124 73 7 124 55 7 124 124 79 61 124 58 88 10 28 19 124 81 10 30 27 4 15 97 103 34 1 67 44 65 0 46 54 30 60 7 12 124 22 12 124 124 66 100 97 124 
36 105 124 82 124 82 124 124 124 39 34 124 12 124 114 1 124 124 117 84 87 37 33 102 28 96 112 124 124 48 60 81 22 69 25 103 75 124 43 55 118 124 18 124 39 124 87 108 61 124 14 44 34 18 6 30 0 9 0 7 18 93 124 33 22 124 39 63 124 81 79 
124 124 12 18 63 124 124 105 49 22 124 112 108 60 36 45 124 124 75 97 124 42 91 124 6 124 15 72 114 124 124 85 124 124 124 112 85 109 121 87 114 124 124 61 72 124 124 9 33 54 28 28 41 69 6 8 58 0 44 53 51 75 124 88 22 124 124 105 57 114 70 
111 124 124 85 124 111 13 124 124 78 36 88 124 124 4 7 124 66 124 96 124 16 124 124 109 21 58 103 91 48 111 78 82 124 10 84 124 73 55 124 94 67 124 57 25 34 124 114 30 124 79 40 48 19 68 32 22 38 0 77 120 109 16 67 13 124 124 114 96 105 124 
67 55 25 124 49 12 51 124 124 124 124 84 124 15 46 70 46 70 39 75 124 72 114 45 124 57 99 31 45 79 100 90 18 124 124 124 124 46 57 105 57 43 39 124 124 79 124 51 22 28 31 50 14 4 21 45 56 50 14 0 100 124 124 121 7 33 124 96 112 85 114 
15 55 91 15 124 58 37 31 76 21 30 87 124 69 115 124 43 3 85 124 99 13 124 124 124 103 124 12 124 84 43 54 69 51 36 13 124 124 70 121 124 70 105 42 72 79 64 124 46 12 124 43 84 36 124 73 69 22 124 124 0 78 58 80 49 32 68 66 14 42 124 
13 85 124 64 124 52 124 124 40 88 46 31 124 58 79 103 24 93 49 124 4 96 19 124 124 120 7 124 124 55 124 108 124 30 1 39 3 115 124 33 124 21 15 108 124 124 48 112 123 117 124 88 36 97 10 124 61 103 108 124 34 0 61 76 38 53 45 17 72 34 124 
124 15 72 28 124 51 114 18 90 124 109 117 124 124 124 12 124 22 66 42 109 109 124 12 124 12 124 99 120 73 52 52 15 6 10 73 112 69 108 9 3 124 28 120 9 124 124 48 124 22 120 108 33 84 124 124 124 124 124 124 77 74 0 43 73 80 68 0 74 49 124 
6 114 76 85 39 16 88 103 121 30 124 1 124 124 124 124 105 51 124 12 124 124 63 13 124 124 79 48 75 105 70 124 124 124 124 124 40 79 124 100 30 13 60 82 102 108 124 124 75 28 108 12 96 66 124 124 37 61 9 124 16 26 24 0 72 9 62 78 76 42 120 
124 124 34 124 85 124 42 99 100 43 45 9 19 85 97 124 28 43 108 40 124 124 124 45 124 124 124 91 94 124 124 39 64 124 16 58 124 94 64 46 124 39 76 24 124 124 102 45 124 63 124 7 72 124 75 124 36 103 124 37 64 79 48 55 0 10 80 68 74 14 6 
57 124 72 102 124 91 124 100 124 75 9 58 100 3 124 28 111 40 13 42 100 85 76 124 45 69 73 91 93 124 124 124 124 82 124 66 124 124 124 24 27 124 55 124 51 100 117 124 10 9 121 82 124 115 124 123 121 124 18 124 39 60 24 81 60 0 71 49 69 60 96 
124 21 42 13 124 123 42 118 82 124 3 49 124 4 105 124 124 33 51 97 124 124 124 85 72 75 67 40 48 124 105 61 124 114 84 124 40 118 40 105 124 64 124 3 93 46 10 124 82 70 43 124 124 124 124 91 55 91 39 19 32 19 54 39 57 65 0 67 9 19 124 
124 34 78 72 124 115 46 39 27 1 28 121 115 124 51 124 93 1 61 15 85 78 69 73 31 124 124 124 57 34 124 124 7 1 124 124 124 9 118 30 124 28 70 124 124 124 1 69 85 114 124 27 6 93 60 46 96 30 19 82 4 45 35 2 32 36 1 0 68 46 102 
82 76 25 40 19 108 79 124 36 124 124 82 88 3 124 84 7 124 67 97 34 72 76 73 106 124 108 67 124 121 124 120 124 69 124 84 93 58 124 64 55 124 124 124 91 69 121 52 124 112 6 124 124 124 124 124 124 12 40 106 6 66 55 75 54 38 34 80 0 58 16 
49 124 97 111 34 124 31 124 124 124 124 28 48 36 124 124 124 124 111 10 124 124 24 6 72 3 78 124 124 112 115 25 124 27 10 25 82 124 124 31 124 51 84 124 124 105 124 124 22 99 114 124 57 36 124 79 108 123 3 124 32 28 66 46 4 50 64 28 43 0 124 
115 124 4 124 124 124 90 66 124 72 124 88 13 9 64 57 124 124 70 102 28 105 124 103 63 100 1 124 28 124 124 108 91 7 93 124 124 67 124 124 124 70 124 124 123 124 13 124 124 124 124 124 9 87 124 124 124 51 13 124 88 70 30 124 18 85 124 124 67 124 0 
