n: 80
m: 6
Pi:U[1-99] 5 82 4 27 11 62 73 20 83 59 88 14 25 99 55 48 43 73 5 90 48 65 26 8 76 73 85 71 21 11 67 57 39 31 82 42 85 53 72 4 71 19 70 25 49 41 19 37 64 64 44 43 63 58 12 65 28 54 35 91 20 91 87 61 28 47 55 29 27 26 95 97 63 43 92 64 56 53 4 32 
Si:U[1-49]
0 8 18 30 26 2 12 3 19 4 30 4 31 10 49 4 49 21 49 49 19 12 4 3 48 36 24 49 49 7 21 37 6 34 24 21 49 12 13 19 45 37 49 3 1 33 49 18 49 30 49 42 19 39 49 12 49 49 37 7 49 10 31 49 22 18 27 46 36 49 49 21 4 10 49 46 49 21 19 49 36 
32 0 5 10 26 15 0 20 1 6 1 6 39 25 42 49 3 37 49 40 49 49 12 4 36 19 12 12 49 49 49 1 40 49 43 49 24 13 9 36 49 34 49 42 13 45 6 49 42 27 49 15 49 48 49 24 33 6 49 33 22 49 33 37 49 19 49 28 4 40 46 18 49 18 49 13 49 37 49 49 49 
19 26 0 23 18 11 30 8 26 26 24 12 27 48 49 31 1 1 21 49 40 18 49 25 30 49 19 49 46 49 13 49 49 13 49 39 49 49 49 9 49 6 10 49 49 49 30 49 49 21 7 27 49 49 49 12 49 13 30 49 33 28 7 49 36 46 49 49 25 4 40 24 16 49 21 9 16 40 49 10 43 
6 1 32 0 28 13 18 26 32 20 27 15 22 3 49 45 49 45 33 49 4 21 49 49 49 42 12 15 49 18 45 40 49 30 22 49 49 34 49 49 49 49 28 10 16 39 37 36 45 30 3 13 31 43 49 45 49 19 24 6 49 37 39 39 21 24 45 49 49 28 49 30 40 39 49 33 4 19 10 28 34 
3 13 13 26 0 10 28 20 14 7 13 42 3 25 49 15 31 49 24 3 39 27 49 18 34 10 49 21 49 21 49 49 9 42 49 9 49 49 49 49 34 31 49 6 33 33 49 49 49 49 49 18 16 30 40 49 49 45 49 46 49 49 34 49 49 16 9 49 27 49 31 49 24 46 49 49 4 49 40 39 3 
2 27 16 21 13 0 32 10 26 10 49 16 49 3 49 49 46 49 45 49 42 24 13 19 16 45 45 34 49 16 3 6 30 49 49 48 34 49 1 43 24 37 49 28 42 49 49 3 49 4 40 4 16 49 39 39 48 36 49 49 43 4 4 49 49 34 4 24 49 21 12 37 49 27 49 49 49 49 40 49 49 
12 23 11 30 25 10 0 30 21 16 49 49 49 30 13 7 49 36 28 27 49 4 30 21 27 49 25 33 49 18 15 46 49 49 33 39 49 49 49 49 49 49 1 10 1 49 22 30 49 30 49 49 1 49 40 15 34 49 27 12 6 13 37 9 12 49 49 49 48 49 49 25 49 49 49 12 13 49 49 9 49 
4 24 12 17 24 26 4 0 2 2 16 28 49 15 49 49 49 49 49 31 4 49 48 49 15 49 25 48 49 49 49 49 48 49 49 22 31 31 25 36 30 45 30 12 49 18 49 27 49 4 49 15 19 49 43 18 34 13 40 15 7 49 16 12 49 49 48 1 40 39 34 49 34 10 49 34 49 36 16 16 9 
4 16 6 6 18 11 5 30 0 29 39 49 28 46 34 13 46 24 21 49 43 49 19 27 15 3 36 4 49 46 28 39 40 1 6 40 1 4 12 36 22 16 49 49 49 49 49 49 10 39 10 25 25 42 1 9 19 42 31 49 49 49 42 24 48 4 49 49 1 49 7 21 45 49 49 1 42 3 49 49 49 
27 26 31 10 7 10 29 8 32 0 36 30 21 49 49 30 49 12 12 34 46 43 3 49 49 49 39 21 37 49 34 25 13 4 13 30 13 33 1 46 27 28 22 49 49 49 15 15 9 13 42 3 39 49 37 34 13 42 25 49 30 42 3 40 22 36 18 30 4 49 46 24 33 34 31 49 33 12 31 49 49 
12 25 21 42 49 49 40 27 13 6 0 16 4 30 4 25 16 31 20 32 18 49 48 49 48 49 49 6 33 49 49 49 30 13 40 49 43 1 28 28 13 43 49 6 30 46 39 49 24 3 49 49 3 49 6 7 39 49 49 13 48 33 49 46 19 46 49 30 16 19 49 27 49 49 25 27 49 49 15 49 49 
33 30 49 37 36 24 27 49 28 49 28 0 29 12 8 24 32 23 28 8 15 39 49 49 37 27 3 13 39 49 49 30 19 1 16 10 24 49 16 36 31 27 18 33 49 49 19 3 49 9 49 1 42 49 12 46 49 33 7 45 49 40 49 34 43 27 4 40 4 18 30 46 49 46 24 36 12 49 39 19 49 
49 39 25 45 21 25 49 4 13 9 22 4 0 10 27 4 12 1 22 25 21 1 28 49 48 9 39 45 1 49 25 49 49 49 49 12 39 12 3 21 43 49 12 39 12 48 30 10 4 21 33 49 49 49 49 49 24 43 4 21 31 49 49 25 28 43 49 6 1 49 49 37 49 49 19 49 49 49 12 45 49 
49 49 4 49 13 46 33 49 25 42 6 8 26 0 2 20 7 15 14 6 10 16 4 9 33 49 49 4 49 28 40 3 49 49 37 36 49 33 25 34 49 49 37 22 49 4 49 49 7 4 34 49 49 49 18 49 13 27 16 49 49 49 49 49 27 49 37 36 45 40 21 33 49 27 10 49 49 37 7 46 48 
21 48 9 36 4 49 49 49 28 36 13 9 27 23 0 6 13 28 22 27 49 43 34 25 7 42 48 30 40 37 15 12 42 49 12 13 49 37 36 7 49 49 48 49 49 42 49 49 16 43 33 18 3 43 13 3 6 49 25 16 10 49 22 49 46 49 40 49 49 48 48 43 49 36 3 45 39 10 49 49 49 
13 49 19 49 49 49 18 7 33 33 4 8 3 22 10 0 19 4 22 6 4 49 49 49 49 22 22 34 48 25 49 31 3 6 4 30 43 42 39 49 49 49 49 49 49 22 36 30 49 37 33 12 39 49 36 49 30 12 31 49 40 19 31 18 16 25 13 43 49 40 45 15 48 49 49 6 18 19 49 49 6 
49 6 25 49 25 49 22 13 43 3 23 26 11 24 29 12 0 31 16 18 49 45 49 36 21 49 49 36 12 24 49 46 33 7 12 46 34 49 48 49 49 24 16 10 4 49 36 49 49 49 36 49 49 28 48 9 49 13 49 15 21 49 18 34 49 49 7 33 49 49 18 49 39 49 49 33 12 36 48 49 31 
48 49 19 19 33 49 30 6 49 43 21 22 20 4 26 25 30 0 2 9 46 49 13 43 1 49 16 24 46 3 37 33 12 22 31 13 49 34 49 15 21 19 21 49 49 37 3 25 25 19 6 19 39 49 42 34 48 49 6 19 21 46 4 49 9 7 33 45 22 36 24 49 42 12 49 3 24 28 49 49 40 
36 25 43 49 9 10 36 49 43 39 29 12 25 2 22 23 13 13 0 23 18 4 49 46 49 49 49 18 49 49 9 49 22 49 6 39 30 49 43 10 1 16 37 37 49 15 33 42 40 45 42 1 18 49 30 37 49 6 49 49 3 43 49 49 34 27 49 49 49 49 30 27 49 4 27 24 49 49 36 15 49 
49 49 18 30 36 21 49 33 15 49 22 8 18 6 6 20 20 27 15 0 49 36 25 46 21 16 34 49 12 33 49 49 10 12 9 49 27 9 49 49 48 16 39 34 49 6 31 49 15 49 31 4 45 49 40 19 49 9 39 6 16 37 49 1 49 34 19 24 49 10 27 1 7 27 27 22 25 22 24 6 31 
36 9 49 46 39 37 43 49 49 10 49 13 30 19 49 49 49 49 49 6 0 14 14 2 1 23 32 31 25 0 37 49 15 49 31 15 7 49 49 18 49 6 40 10 49 33 22 1 49 15 49 30 12 49 19 36 3 49 49 49 3 49 49 43 46 49 21 49 13 18 49 49 22 12 43 46 18 39 18 25 43 
22 16 7 49 27 22 13 34 33 49 25 19 1 13 49 13 19 22 49 31 20 0 28 13 26 2 24 28 32 18 49 49 27 30 42 28 49 49 22 49 12 49 48 22 10 49 48 49 49 49 49 49 49 49 34 49 46 46 21 13 28 49 10 40 49 40 49 28 33 49 49 49 16 28 36 28 49 42 21 25 25 
12 49 42 49 49 49 12 15 27 49 48 30 46 6 3 12 3 16 30 49 31 8 0 8 6 7 17 8 4 24 9 21 49 49 49 46 49 46 43 3 49 49 49 45 49 33 15 49 49 49 49 49 49 49 49 30 49 34 49 49 45 49 4 49 22 49 49 49 22 6 49 49 49 37 49 49 9 28 49 15 1 
49 4 49 49 48 21 9 49 49 49 49 40 4 6 49 22 9 48 21 45 24 30 25 0 1 30 32 26 28 24 49 49 19 49 33 24 46 49 31 33 25 49 45 49 49 48 16 49 21 49 49 27 42 25 3 40 12 40 39 19 1 46 34 36 42 21 49 49 10 49 49 13 12 6 25 27 19 28 27 42 22 
27 49 49 9 48 49 12 18 42 46 49 49 46 22 4 49 49 31 49 49 4 8 6 12 0 0 2 6 22 14 19 37 43 39 49 49 30 49 49 24 37 10 18 24 49 16 37 49 10 25 12 15 39 45 13 49 31 30 49 36 49 49 24 49 28 46 49 42 49 49 49 4 49 39 21 10 49 46 27 24 49 
19 49 12 27 43 19 43 49 42 46 42 49 16 46 43 27 49 43 37 49 31 18 30 6 21 0 10 21 3 12 13 12 37 48 49 49 49 3 4 49 49 45 49 33 49 46 18 18 19 13 49 9 19 42 25 15 49 43 49 49 24 1 49 49 22 46 22 15 49 40 46 48 12 28 49 19 28 18 12 49 7 
7 31 46 34 22 1 27 45 49 31 49 1 46 15 49 49 7 49 28 6 8 8 14 15 4 22 0 19 6 8 49 46 12 28 48 49 3 18 43 4 49 21 6 48 49 49 39 21 49 15 49 40 49 7 6 37 49 43 1 12 12 15 9 36 49 18 43 49 36 46 12 15 46 18 19 21 27 45 21 18 49 
3 49 40 49 1 36 22 37 9 49 18 27 33 49 49 49 15 19 42 15 21 18 26 2 32 21 12 0 23 24 7 18 37 49 49 21 49 4 49 15 24 28 7 49 15 10 13 49 31 49 49 30 25 49 25 24 16 31 49 30 42 49 45 49 25 25 42 24 37 49 34 49 7 49 19 12 49 7 49 49 49 
3 49 45 49 49 49 13 22 37 49 27 19 28 49 31 25 30 16 49 6 8 15 26 32 17 6 11 10 0 17 49 7 16 49 9 4 48 24 49 16 10 49 49 15 34 33 49 4 13 4 22 49 10 49 49 49 9 48 49 49 25 10 18 25 25 46 49 18 49 40 49 45 18 3 45 49 48 25 28 12 7 
45 10 40 48 49 4 49 43 49 19 49 42 1 1 40 45 49 19 49 49 9 18 28 24 8 18 31 16 1 0 4 49 30 42 7 19 34 48 15 49 13 13 33 36 13 49 31 7 7 49 27 49 3 18 4 31 49 49 6 49 42 21 21 45 49 49 49 7 49 49 22 43 49 37 49 49 19 45 46 42 24 
12 49 16 10 49 46 24 49 49 49 49 49 6 33 45 7 49 49 1 48 28 16 40 31 16 49 33 49 21 10 0 13 26 4 23 7 13 1 4 16 34 30 49 18 49 36 4 49 48 49 49 49 49 49 49 49 49 49 7 49 49 3 21 28 9 49 7 49 37 27 49 21 1 9 39 1 42 9 33 7 39 
12 49 49 43 27 49 33 22 40 49 22 49 9 43 49 36 49 27 49 49 25 34 9 39 49 49 37 43 12 18 4 0 6 12 4 7 22 17 31 10 34 49 42 49 49 49 31 39 42 49 46 7 49 39 30 49 49 49 9 34 49 49 40 10 16 15 49 33 49 49 46 27 49 24 49 49 42 28 39 10 1 
37 1 49 49 13 33 49 19 49 49 13 49 49 49 49 3 49 10 49 49 49 1 49 34 42 45 48 19 22 49 4 23 0 9 16 17 20 20 15 3 31 39 22 27 49 49 28 49 3 49 42 49 49 6 49 49 12 46 49 6 49 49 37 4 49 16 18 33 4 6 49 12 49 48 49 49 4 49 49 19 45 
49 18 40 28 31 49 43 40 49 28 49 49 30 30 37 16 16 7 28 9 49 31 36 49 48 49 10 49 49 40 3 26 19 0 4 3 23 8 18 18 12 34 19 7 49 19 49 25 30 39 39 49 49 43 49 24 49 49 49 34 1 19 30 46 45 4 4 49 49 22 49 21 42 45 36 10 39 49 34 4 3 
49 1 49 25 40 30 21 45 34 48 22 39 33 6 46 13 46 10 10 3 28 49 27 18 49 3 25 30 49 16 0 14 2 6 0 19 10 24 2 26 49 3 42 49 16 49 45 37 49 37 19 34 49 15 34 40 34 19 4 37 13 39 49 49 40 30 3 42 49 36 49 37 3 18 15 40 9 49 9 6 34 
24 49 48 43 30 33 45 18 43 42 40 49 10 49 30 49 15 49 49 36 39 49 49 49 1 49 49 39 49 49 6 12 22 28 14 0 31 14 6 12 7 36 31 6 48 49 49 34 40 49 49 49 49 49 49 49 39 21 6 3 34 9 49 49 49 16 49 7 19 3 48 49 49 43 49 48 49 30 49 49 49 
9 49 49 39 49 49 43 1 49 46 6 49 4 19 30 31 22 49 40 49 33 7 10 34 21 21 49 21 16 3 6 7 26 16 18 2 0 27 23 4 12 36 42 49 49 16 28 49 49 36 49 49 33 45 30 40 49 24 49 49 19 40 16 49 21 18 22 49 1 9 3 21 45 49 4 49 45 49 24 49 12 
48 49 49 49 49 1 24 49 45 13 49 28 9 9 49 6 16 21 6 49 48 33 49 18 49 13 7 27 6 49 21 25 29 6 17 30 26 0 28 25 48 37 43 22 10 4 49 42 19 49 6 36 49 49 13 45 46 49 49 7 49 48 48 39 49 40 49 39 49 30 36 49 49 37 49 49 46 13 49 49 16 
42 12 49 27 49 49 7 43 42 49 49 21 34 9 33 45 43 1 49 49 40 49 49 13 18 21 16 46 39 7 7 31 18 13 11 24 25 20 0 28 49 25 21 49 40 22 46 7 1 40 49 18 33 49 6 49 16 49 49 49 16 25 49 49 27 49 3 46 25 22 30 34 7 19 28 30 49 25 31 27 49 
49 3 49 13 34 36 18 49 1 16 37 45 49 24 25 27 45 49 49 43 49 49 27 10 49 42 28 19 19 13 10 5 1 18 13 18 32 14 23 0 4 49 48 49 30 49 49 49 24 36 12 33 49 7 18 18 10 25 27 49 1 49 49 39 36 49 43 18 3 34 49 19 7 13 46 36 49 1 7 49 48 
49 30 45 4 39 49 45 19 49 30 21 49 30 27 6 25 49 49 49 49 15 28 27 49 43 42 9 49 1 34 6 49 36 49 46 19 1 22 48 27 0 32 16 5 5 19 7 4 13 24 4 10 12 49 16 10 34 49 49 15 49 27 49 49 1 48 31 18 49 49 46 31 30 27 37 24 49 40 49 30 30 
49 49 43 45 49 49 43 25 49 39 49 49 45 49 49 4 12 19 28 16 21 18 33 49 42 48 45 40 49 49 49 28 49 10 15 27 34 49 30 34 10 0 6 25 1 25 2 12 26 20 49 30 49 22 49 21 43 10 49 42 49 49 10 25 42 45 49 43 49 48 15 21 33 9 49 49 34 49 6 39 12 
42 49 48 49 49 16 49 49 7 43 49 16 16 33 30 40 10 3 49 46 49 36 39 22 49 24 49 49 49 49 49 49 30 49 39 49 49 10 49 25 22 11 0 25 9 12 20 24 6 4 3 49 6 49 49 28 36 49 36 37 49 19 13 33 49 45 49 6 49 45 21 49 49 49 37 21 49 49 49 49 49 
49 34 49 45 34 49 15 24 49 4 49 46 21 49 7 49 48 49 13 48 49 49 37 49 49 27 49 22 3 49 25 22 15 49 34 4 13 22 4 34 26 31 0 0 32 12 20 30 9 10 46 16 33 27 9 49 43 27 49 30 33 45 46 49 18 33 49 28 49 24 4 16 3 49 49 49 31 49 33 49 43 
40 49 42 24 18 19 49 6 48 3 49 49 49 3 12 31 12 34 49 48 49 49 18 30 21 40 27 12 42 37 30 24 49 9 49 39 45 39 16 30 30 4 12 25 0 13 2 23 4 6 49 15 49 49 49 49 49 1 37 22 16 34 48 49 37 12 49 45 48 49 12 6 49 49 49 49 25 34 49 43 49 
12 25 42 34 49 19 19 49 19 18 15 49 49 49 46 21 49 28 18 21 27 49 49 42 28 9 49 36 49 49 1 9 19 48 16 19 33 9 21 46 16 19 18 1 28 0 2 17 11 11 49 49 27 33 16 34 34 10 49 46 33 34 49 12 36 45 1 45 4 28 42 49 49 27 49 10 49 45 21 7 6 
37 37 49 22 49 48 46 49 16 39 43 43 7 4 24 49 1 9 12 25 48 28 15 48 1 18 49 49 49 1 36 43 48 30 30 37 49 46 1 3 11 2 27 5 12 21 0 28 30 27 25 6 31 21 45 49 21 49 49 1 27 49 39 12 49 27 3 36 49 49 27 6 49 49 10 34 40 28 24 37 43 
49 18 31 7 13 4 18 30 31 24 43 49 27 49 45 3 21 49 49 22 3 10 6 49 46 9 31 25 16 49 46 27 1 19 15 12 49 28 19 7 15 24 14 6 29 4 2 0 11 26 21 4 43 30 1 39 45 46 31 3 30 24 19 46 9 49 46 49 9 15 49 22 33 49 16 49 48 28 15 49 19 
40 1 42 49 37 49 42 34 49 22 49 28 40 49 49 28 30 18 15 49 49 49 49 49 43 24 36 43 46 49 19 49 1 40 3 49 6 48 49 46 9 4 2 14 4 13 24 6 0 23 13 49 37 49 6 25 48 12 12 10 49 36 49 49 34 13 22 49 31 42 49 49 4 49 49 49 49 12 6 49 36 
36 1 40 49 49 37 46 21 33 25 40 9 16 49 10 1 49 43 49 49 49 42 1 39 24 37 49 3 49 9 13 49 40 49 49 30 12 49 30 25 8 1 20 2 8 24 18 12 20 0 12 42 49 49 48 49 15 49 10 24 19 18 49 49 28 9 30 13 43 9 49 49 49 10 1 49 9 16 33 30 49 
49 16 49 49 42 49 49 46 31 15 27 27 49 42 7 49 30 49 6 49 49 49 36 13 27 49 49 10 46 9 49 49 49 49 49 39 40 15 40 49 49 43 36 6 37 18 24 49 46 28 0 7 1 2 17 16 6 10 5 12 4 45 49 49 49 34 49 9 49 21 49 37 24 16 49 49 49 49 48 49 48 
25 12 49 42 9 49 30 19 30 49 49 12 49 49 43 49 49 19 45 49 39 1 31 30 40 49 42 40 49 49 49 49 24 49 49 49 49 9 3 6 34 12 19 6 40 9 49 49 18 9 10 0 28 3 18 2 10 23 22 5 45 39 34 1 19 49 25 10 10 1 49 7 49 49 27 49 49 42 49 12 49 
49 16 18 10 43 46 49 3 40 16 3 49 22 1 49 37 49 28 28 49 19 12 12 36 12 19 45 45 19 49 49 37 49 33 27 27 4 49 49 31 9 46 49 4 21 45 39 28 49 49 1 24 0 21 16 20 30 7 20 4 30 27 49 34 33 6 49 3 49 49 49 49 25 49 34 49 48 49 30 49 13 
45 12 49 6 28 49 28 9 16 21 49 48 21 49 6 42 45 49 49 49 49 28 49 45 4 4 49 18 27 49 25 9 49 16 24 12 49 49 10 18 49 49 1 49 39 45 25 46 45 4 3 20 8 0 8 23 24 4 27 5 3 49 49 24 49 9 49 18 43 39 49 49 49 49 4 25 16 43 16 3 49 
4 22 46 49 36 34 49 22 49 49 22 49 24 49 7 49 40 16 24 49 49 49 49 1 49 49 49 49 10 42 9 49 48 48 49 7 49 49 7 49 49 6 48 22 18 49 43 9 24 36 25 8 16 1 0 27 15 2 30 24 6 49 19 39 9 49 49 6 4 19 3 22 9 49 16 12 46 31 49 49 40 
18 49 34 49 9 49 10 10 25 49 49 13 46 49 49 49 39 49 39 49 49 6 49 49 28 49 45 28 33 45 40 42 13 49 31 36 1 9 31 49 21 6 10 42 48 16 49 49 13 49 5 25 26 14 15 0 11 7 19 22 3 18 49 49 42 49 49 48 6 49 12 49 19 36 12 28 49 19 34 49 3 
25 19 49 39 28 49 43 21 49 43 49 37 49 46 49 4 43 9 42 39 42 34 30 49 49 16 27 49 49 49 49 49 19 31 36 37 31 49 15 49 49 49 31 30 24 3 18 39 49 15 24 32 22 12 20 26 0 14 19 3 9 30 34 15 49 18 4 31 39 34 33 22 49 1 49 16 33 4 27 49 36 
3 31 49 27 30 49 49 36 18 49 49 45 30 49 19 3 10 49 6 49 21 49 49 49 49 49 48 33 1 36 43 49 49 49 49 13 15 49 49 25 49 10 43 37 33 49 12 37 49 36 8 6 7 16 30 14 31 0 23 6 30 49 7 49 39 49 7 49 3 49 24 21 18 6 1 33 49 39 39 30 10 
49 1 46 33 30 22 45 49 6 19 13 28 12 34 43 49 49 6 49 18 21 12 49 33 49 34 49 49 37 13 36 12 49 49 7 49 24 6 24 36 33 49 33 37 49 49 49 49 49 49 16 10 29 18 19 5 2 31 0 17 42 43 36 7 39 33 39 49 46 48 46 49 22 28 37 28 49 10 25 42 42 
43 45 28 49 28 42 34 18 37 49 21 25 31 22 1 9 25 33 33 49 4 49 49 30 33 9 21 4 12 28 6 18 46 39 49 49 49 49 7 12 43 18 49 25 18 22 49 49 49 49 8 23 11 15 6 18 3 27 27 0 39 39 30 12 49 7 46 49 4 13 16 21 40 12 9 28 16 27 24 49 6 
25 22 49 1 45 42 9 49 49 49 45 3 28 19 42 30 49 27 1 28 45 49 42 15 33 1 19 49 4 49 7 27 28 49 18 6 49 49 22 37 49 3 4 18 37 22 22 24 49 9 19 49 25 49 49 49 49 15 49 49 0 13 14 1 24 17 7 21 23 28 15 49 19 46 49 9 9 3 6 33 19 
39 45 45 27 49 24 49 49 49 3 49 18 49 45 37 49 10 6 49 49 42 6 49 7 15 21 3 49 33 45 42 25 30 28 49 49 6 42 45 40 15 49 31 25 45 49 1 34 42 49 18 49 7 49 39 49 19 24 28 46 2 0 18 32 5 2 16 12 8 14 13 49 7 49 39 27 46 49 49 31 49 
33 49 49 25 1 9 3 34 49 40 9 40 33 49 49 49 25 31 46 9 18 30 33 7 30 31 4 34 49 21 49 49 49 49 49 31 33 49 49 13 7 34 3 42 1 36 10 22 49 31 49 7 49 49 4 21 39 1 34 24 18 2 0 1 24 17 32 2 4 26 49 22 24 49 27 12 49 1 49 49 9 
21 49 28 13 13 39 31 49 42 16 49 12 7 27 19 49 12 49 49 49 1 49 46 49 46 12 19 13 12 42 49 10 49 49 46 49 45 31 4 34 49 9 49 49 7 31 48 49 49 49 49 18 49 49 49 39 4 49 13 25 25 20 10 0 6 32 26 6 20 31 49 24 10 49 12 18 49 49 49 15 49 
3 30 22 3 21 49 49 16 49 45 31 16 49 34 49 36 49 37 42 48 49 15 4 43 40 13 25 31 31 28 49 49 28 49 49 18 16 49 19 49 46 49 25 16 49 7 30 12 49 31 39 42 18 3 13 7 33 42 42 46 15 10 27 3 0 24 27 14 24 7 3 1 49 42 27 4 25 49 49 49 49 
49 49 18 48 49 49 16 49 13 1 49 21 15 49 31 45 37 1 21 49 7 49 42 48 49 28 49 49 18 21 49 1 49 46 21 49 34 3 31 49 31 36 49 49 49 6 39 9 49 9 49 49 3 39 31 49 22 13 22 49 30 10 14 27 4 0 27 23 1 17 49 49 30 39 15 49 49 49 49 49 48 
15 36 16 1 10 34 49 13 49 22 1 3 30 49 12 16 49 27 7 39 49 43 10 7 16 48 49 22 12 22 1 49 13 39 21 49 49 21 49 10 34 49 49 27 46 49 40 49 16 49 43 49 46 49 49 49 49 48 22 16 14 2 13 8 28 22 0 2 28 28 19 27 36 31 49 49 4 49 49 49 28 
49 49 49 49 6 49 49 49 25 49 24 49 49 49 22 15 18 16 49 49 10 49 49 12 42 49 10 28 25 15 33 6 49 31 16 49 22 7 6 45 46 49 49 18 43 49 49 36 28 49 49 49 7 3 49 10 6 39 49 48 5 5 15 24 10 27 2 0 28 30 37 12 7 49 49 28 16 46 10 9 46 
24 49 49 15 43 49 37 1 49 49 49 49 49 49 49 49 15 49 34 49 21 49 40 15 16 13 10 49 13 4 12 27 3 45 37 45 9 45 42 30 37 49 9 12 49 6 9 15 49 48 49 7 18 49 49 49 49 49 49 49 15 28 25 22 8 10 26 6 0 6 22 10 15 40 1 49 49 18 22 34 16 
22 4 15 27 48 18 49 37 45 19 49 33 39 49 4 30 48 22 7 48 15 49 40 40 4 49 49 13 49 49 42 49 49 49 3 49 18 9 39 49 9 1 6 33 49 49 40 49 49 49 49 49 9 49 13 10 49 49 49 34 9 19 29 27 29 9 13 32 30 0 49 28 19 30 21 24 24 24 40 4 13 
49 9 15 49 33 49 43 39 49 49 49 15 30 40 49 49 49 49 49 45 21 10 9 49 49 49 49 9 7 49 24 30 49 33 49 28 49 49 12 15 49 49 7 24 48 24 3 49 46 46 1 49 7 4 49 6 28 39 49 6 48 49 49 49 43 30 49 21 25 1 0 24 10 9 3 20 2 8 0 4 49 
49 9 49 34 49 49 49 6 49 25 40 49 36 34 49 49 16 16 37 49 12 16 49 49 13 49 16 33 37 15 4 24 27 16 4 36 49 6 49 42 13 37 31 4 3 49 40 46 40 49 46 34 49 43 6 42 25 42 43 21 49 33 49 33 49 28 49 49 33 15 32 0 2 26 23 30 22 8 8 15 25 
21 49 39 6 49 49 49 49 36 37 22 34 49 13 10 48 49 40 22 49 13 9 49 33 46 31 49 16 31 49 49 49 15 22 3 49 27 30 10 40 6 27 10 49 9 15 28 24 49 4 49 24 4 49 49 27 48 15 49 39 49 49 46 7 49 19 49 30 25 37 18 2 0 13 16 24 10 28 6 8 49 
10 9 12 33 49 21 6 49 19 49 39 49 49 46 49 49 49 49 19 36 30 49 49 49 49 24 49 49 12 12 43 12 42 19 4 49 49 49 49 7 49 39 49 49 48 49 6 30 10 4 49 21 9 49 31 48 42 3 49 25 49 49 48 12 49 40 49 45 49 43 25 21 7 0 10 31 7 30 7 32 12 
49 49 49 19 7 10 21 6 27 10 33 24 16 27 7 9 28 33 39 12 49 10 49 49 30 42 21 28 16 28 4 22 4 19 1 49 46 12 49 27 21 42 49 30 49 12 49 28 15 49 49 25 7 49 37 49 37 21 49 4 33 49 49 49 30 49 10 49 49 48 28 28 25 6 0 25 28 9 16 16 31 
49 49 1 49 33 31 30 13 49 13 49 49 24 39 49 49 21 28 49 25 49 48 9 49 49 24 49 3 49 49 49 49 48 49 49 18 49 45 49 24 49 1 49 45 34 30 49 12 49 12 18 25 37 19 27 39 27 22 21 3 36 49 49 49 49 46 49 49 25 25 26 8 32 19 14 0 8 32 9 20 24 
27 31 49 22 25 16 9 49 49 49 49 49 49 49 25 4 49 15 22 37 33 13 18 49 9 49 28 1 39 49 13 12 49 49 49 49 6 49 49 16 49 49 27 49 42 49 25 3 10 27 46 31 49 49 12 10 6 27 6 4 28 49 49 24 49 49 49 49 49 16 8 4 4 16 6 20 0 32 30 10 30 
48 46 30 43 49 42 49 6 21 9 27 30 28 12 49 12 7 49 49 49 49 42 4 49 10 1 49 40 49 3 49 12 10 6 49 15 10 49 49 48 21 19 31 33 28 9 49 48 15 49 49 49 42 49 31 49 16 34 9 48 19 49 49 10 46 49 6 27 7 33 7 29 30 12 20 12 27 0 6 12 49 
46 33 49 6 37 36 49 49 42 36 49 43 49 46 33 9 49 15 34 37 45 21 19 16 15 28 15 28 1 25 10 34 28 49 7 40 27 1 36 34 13 22 28 49 28 16 49 21 49 49 49 18 39 49 37 31 49 49 16 49 21 49 30 46 37 49 4 15 49 16 1 7 4 4 30 24 17 22 0 30 49 
49 7 39 28 49 12 22 49 49 49 25 37 18 24 49 49 49 7 36 49 4 49 49 49 49 21 13 37 45 9 49 13 12 34 34 49 46 16 21 49 36 49 37 49 33 49 46 30 6 13 39 18 48 18 30 49 34 49 49 21 37 9 36 36 49 49 16 48 27 49 4 29 8 26 28 29 8 9 8 0 37 
34 46 49 49 25 49 4 9 7 48 39 39 46 49 25 13 45 21 36 45 45 39 4 46 7 49 49 49 7 7 21 49 49 49 49 46 22 31 49 12 10 1 15 49 34 49 3 45 49 42 49 46 49 49 49 45 19 42 18 49 34 49 16 3 49 46 39 22 27 49 16 1 39 49 36 33 49 10 49 49 0 
