n: 80
m: 4
Pi:U[1-99] 91 84 72 5 11 47 93 59 80 58 37 12 63 83 9 40 28 22 94 91 74 22 34 87 70 59 88 29 99 28 91 93 71 80 83 31 84 95 33 84 29 21 14 94 42 41 43 96 6 2 56 25 58 55 27 29 39 12 63 20 96 45 87 27 8 50 3 48 70 11 39 33 16 40 49 89 50 14 16 19 
Si:U[1-99]
0 28 58 57 20 31 30 48 20 18 51 34 12 99 99 99 78 99 99 18 99 16 99 99 3 99 13 60 99 28 99 99 12 70 79 16 55 39 99 30 99 78 48 31 57 61 76 99 58 88 9 99 99 93 99 64 25 99 45 61 61 84 99 28 99 99 81 99 99 99 93 67 99 54 63 91 42 15 99 99 69 
6 0 64 58 23 64 47 58 9 60 99 75 96 99 91 99 82 64 22 94 19 99 28 99 27 97 88 70 96 13 79 37 78 75 99 99 99 96 99 55 3 15 99 90 4 63 99 43 42 13 93 99 96 99 99 99 99 99 99 99 24 99 99 43 99 99 99 9 25 49 87 24 93 99 99 70 99 99 99 24 12 
24 5 0 11 58 14 27 34 22 46 99 13 97 13 99 94 99 72 27 99 15 57 99 99 46 99 72 37 40 33 99 99 75 42 42 37 57 90 99 58 99 99 99 99 99 31 97 34 43 99 67 99 58 99 72 45 99 51 87 28 61 99 49 61 99 99 28 3 45 39 99 39 99 19 1 33 99 99 72 73 19 
36 58 40 0 19 25 16 55 61 51 88 99 70 73 99 30 99 99 6 66 45 99 19 24 58 99 88 90 30 12 13 54 61 99 13 99 27 99 99 99 99 99 99 73 82 99 1 64 9 78 99 40 61 37 99 75 99 69 13 12 46 99 27 34 15 79 31 94 31 99 60 99 30 99 99 45 99 36 97 99 51 
35 27 18 59 0 18 28 32 54 10 31 3 99 99 49 24 25 99 99 99 39 40 99 99 99 99 51 70 99 96 58 66 78 99 85 19 99 99 73 99 99 42 16 75 16 36 57 3 15 99 13 99 64 99 99 9 99 27 3 82 66 4 99 97 99 10 81 21 70 73 99 60 76 99 61 99 45 10 46 99 99 
54 56 58 46 6 0 46 9 8 42 99 99 88 90 1 43 99 99 39 99 55 99 94 99 75 72 52 99 99 22 85 10 99 69 99 99 48 99 99 1 10 84 82 99 91 1 42 79 31 67 99 99 66 1 99 87 99 15 99 12 81 21 42 99 57 46 22 99 9 42 13 99 85 99 99 6 99 97 76 12 15 
4 14 28 34 15 25 0 21 36 4 30 36 34 21 75 99 99 99 75 1 25 91 45 99 66 99 82 66 84 49 97 79 96 99 79 99 12 99 81 60 99 99 69 25 99 69 75 24 99 60 99 73 99 99 57 58 42 99 99 99 99 82 55 97 99 52 99 99 78 7 99 72 37 1 30 58 28 97 27 4 99 
36 60 56 17 35 63 6 0 62 59 97 99 72 58 63 40 99 19 99 22 30 46 39 99 99 99 81 70 93 99 57 16 10 99 9 28 76 64 85 22 31 48 99 99 15 99 99 99 64 99 22 54 84 99 31 60 28 12 30 99 99 66 99 99 52 99 9 64 25 88 33 3 3 10 15 99 99 99 99 87 51 
5 0 23 24 50 46 58 12 0 59 45 70 61 1 99 99 99 99 93 16 28 61 24 99 28 97 90 64 78 99 87 99 99 99 18 72 16 43 99 99 31 15 99 99 99 99 99 57 99 99 51 16 99 93 69 99 30 99 99 16 90 99 45 99 9 79 99 19 34 99 49 97 99 22 87 90 82 99 22 99 99 
12 42 64 25 32 52 54 27 46 0 99 99 99 67 99 55 31 57 46 10 99 42 39 99 99 84 31 27 99 28 99 99 40 91 6 3 99 52 88 99 7 54 99 99 1 36 61 40 78 45 99 67 99 99 54 28 3 99 12 10 99 99 99 66 30 99 99 99 99 97 40 1 79 99 55 61 63 55 48 13 99 
57 51 81 99 10 64 28 99 99 99 0 8 18 4 1 11 59 36 66 39 15 19 99 94 99 99 49 99 91 55 99 55 46 99 99 28 99 99 76 73 60 99 99 72 94 99 55 70 94 99 19 99 27 76 99 15 99 99 10 94 93 37 25 70 51 99 87 99 69 13 82 99 99 99 45 10 1 42 99 99 51 
27 12 99 99 78 33 72 21 99 99 65 0 58 41 9 36 36 64 16 42 99 99 13 99 37 99 70 57 21 99 36 36 27 82 75 99 99 64 99 99 99 99 63 67 9 43 60 99 99 99 15 3 27 99 99 48 37 37 99 99 66 18 85 7 99 99 37 99 57 21 64 99 28 10 27 31 40 31 30 99 49 
84 40 18 43 99 99 21 55 10 34 7 3 0 8 6 25 23 42 7 36 31 57 30 34 99 73 99 1 10 33 99 99 99 34 70 12 78 46 99 4 42 58 99 88 19 12 99 99 99 76 99 99 66 25 60 64 99 96 99 99 99 99 99 27 6 19 99 99 39 52 87 99 16 34 69 16 25 99 75 99 48 
61 99 84 99 54 28 67 52 99 99 55 21 40 0 34 6 38 16 32 34 99 6 51 99 99 99 99 97 99 61 36 99 6 13 99 24 99 90 99 99 99 90 54 67 28 99 40 30 79 51 99 55 18 52 99 58 99 97 99 99 7 9 43 73 99 99 96 30 24 31 67 28 99 88 70 97 33 99 99 99 76 
81 18 25 99 85 73 99 99 69 99 44 40 60 16 0 62 31 30 58 12 7 99 57 94 99 99 99 16 99 36 99 21 99 99 24 70 99 64 3 82 99 99 51 46 69 4 1 99 99 49 40 24 91 22 99 99 97 70 19 99 99 3 27 24 94 16 99 76 46 99 36 99 33 99 99 46 19 76 7 87 94 
49 61 99 19 99 99 72 58 99 90 18 14 16 58 40 0 65 32 1 32 55 34 4 75 42 43 99 84 78 97 99 64 99 39 82 90 67 99 3 99 28 22 99 99 99 99 73 99 76 99 87 3 88 36 48 36 99 31 21 10 90 28 75 78 99 10 10 58 61 81 30 99 64 99 88 10 99 88 21 85 31 
94 99 69 99 99 99 1 42 39 99 46 40 10 60 46 50 0 29 18 21 40 24 99 99 99 99 99 88 99 61 99 7 21 84 99 42 18 99 57 34 93 99 67 87 16 16 51 64 3 99 81 99 63 99 31 36 94 13 99 90 24 99 85 99 99 15 99 94 46 64 99 99 99 58 40 6 67 64 70 24 99 
10 51 99 12 72 99 99 81 94 85 21 10 58 8 38 4 17 0 8 40 24 60 99 75 99 99 99 27 99 10 85 75 36 99 64 37 1 84 99 25 99 87 13 99 18 19 58 99 27 99 10 21 99 3 99 99 84 43 61 99 60 87 94 42 99 99 78 99 85 13 99 30 96 31 3 3 99 99 69 99 34 
73 96 99 16 39 30 99 36 94 70 1 9 6 48 40 26 9 18 0 26 99 75 87 54 99 99 10 54 42 43 63 63 99 96 99 48 99 99 37 16 15 99 90 78 87 3 25 93 22 99 58 99 9 97 16 40 58 39 99 52 51 99 58 99 63 9 99 99 22 52 99 99 99 75 30 52 97 21 99 52 99 
63 51 88 22 4 49 7 34 46 55 65 6 58 57 6 62 46 13 65 0 99 76 99 78 7 93 72 33 99 91 84 54 99 99 99 99 96 54 28 22 87 99 12 54 99 3 99 69 99 31 75 52 99 99 99 99 48 99 99 94 48 75 75 37 12 79 24 76 46 99 58 99 39 99 48 99 75 91 33 70 7 
28 36 58 18 31 51 45 97 93 34 99 97 97 45 96 45 36 99 99 97 0 26 42 30 8 33 15 13 63 36 40 10 12 99 99 99 66 31 99 60 27 4 43 99 99 16 93 55 75 13 99 1 99 19 34 10 85 82 82 99 99 97 99 85 31 6 99 87 66 88 99 99 99 90 99 84 13 36 85 99 33 
99 21 81 72 99 49 99 42 99 99 99 99 81 99 19 18 88 18 39 30 56 0 10 34 38 64 18 64 4 12 66 67 99 85 51 36 9 99 69 99 64 54 64 99 99 99 99 99 67 85 99 36 99 99 24 99 99 79 9 99 58 36 46 25 64 43 99 45 99 99 31 99 72 99 13 67 49 49 99 13 99 
64 33 54 99 7 75 84 81 42 52 93 99 58 79 25 99 36 91 99 1 40 54 0 0 34 62 12 54 55 52 99 99 99 99 99 99 75 75 99 91 82 99 76 33 27 73 58 99 4 87 99 99 34 58 16 24 99 58 72 99 88 46 30 82 99 99 55 60 7 82 76 57 28 4 82 37 78 28 54 70 16 
6 99 33 15 58 99 40 99 13 91 22 28 27 99 99 99 99 93 99 6 1 35 34 0 62 66 13 29 50 48 36 99 94 42 97 42 27 99 99 21 99 49 51 99 99 81 27 99 28 76 61 36 27 97 99 67 63 99 73 67 61 99 99 45 52 48 99 34 99 54 99 82 90 99 99 99 91 9 99 73 19 
19 10 99 99 57 73 99 6 97 22 99 66 99 99 33 99 24 88 30 72 55 39 33 54 0 63 8 15 54 43 99 99 33 99 88 87 4 99 73 15 99 51 99 36 94 91 18 99 12 99 99 45 99 90 99 75 99 99 60 57 76 63 27 99 99 99 76 99 27 99 30 3 10 64 85 99 82 39 99 3 61 
45 73 99 82 21 42 99 64 85 99 99 37 99 48 99 99 49 1 39 99 35 52 6 2 7 0 22 16 9 9 81 52 99 76 66 60 1 99 97 99 99 43 7 99 99 99 99 99 82 61 76 18 66 97 99 3 42 99 99 79 16 91 18 96 99 91 99 99 99 99 99 67 13 25 30 99 99 99 99 69 99 
99 19 12 87 15 40 9 43 7 37 21 54 66 99 13 72 79 6 79 72 25 51 5 1 3 27 0 50 17 52 46 9 99 99 3 21 24 99 52 37 85 99 72 69 84 99 10 15 99 30 84 67 99 99 45 99 69 43 49 57 99 52 91 43 66 99 54 31 99 99 99 37 27 99 67 93 99 99 99 73 28 
99 97 16 99 60 99 57 43 99 31 99 99 21 22 49 99 90 36 6 94 16 26 21 42 51 4 6 0 18 20 27 37 99 45 3 10 4 81 1 93 99 99 12 73 99 57 4 52 99 99 99 25 99 6 55 99 60 99 99 99 30 1 4 75 99 28 51 99 31 99 99 99 99 99 43 99 99 99 36 4 81 
70 90 99 13 99 30 7 99 99 45 99 25 99 99 99 43 45 87 58 99 43 46 0 40 34 61 56 13 0 24 99 99 19 99 24 24 4 91 99 79 99 30 97 10 99 69 6 91 46 27 99 7 15 52 73 99 9 99 43 45 60 99 21 22 57 28 99 36 99 24 99 60 99 99 99 99 99 99 37 99 99 
36 15 60 37 82 99 99 69 99 30 39 99 73 99 81 99 99 72 99 33 18 63 60 2 18 11 1 18 26 0 99 99 99 36 99 73 69 76 99 28 39 3 10 99 7 79 99 48 99 21 9 79 19 99 99 99 81 99 18 82 21 84 99 10 85 30 4 99 99 18 97 54 60 87 99 99 3 99 61 85 99 
9 63 27 49 99 81 10 21 72 4 99 36 99 36 99 99 99 99 57 99 52 99 55 54 81 15 99 37 24 87 0 17 17 62 60 35 20 64 56 3 21 51 48 96 99 88 30 99 99 15 99 42 99 48 67 94 22 94 91 55 99 48 99 1 99 90 99 31 61 99 99 75 99 66 99 16 57 42 15 24 99 
99 69 21 49 82 99 1 99 84 87 21 99 99 69 25 81 7 87 40 3 6 99 49 19 10 96 19 87 99 40 31 0 26 34 14 1 43 38 62 66 99 19 99 99 99 99 79 99 34 93 13 99 99 18 18 13 9 78 75 7 97 99 36 69 67 99 99 13 90 99 99 36 4 45 99 99 54 99 37 48 51 
99 63 99 43 96 99 97 85 99 42 64 58 99 30 28 10 7 99 55 24 34 39 90 24 79 99 72 99 87 21 50 32 0 61 24 26 48 30 14 42 34 45 99 42 99 43 99 36 94 18 15 99 99 99 81 3 79 49 31 99 39 1 76 99 84 99 99 19 99 99 63 46 1 84 75 99 63 19 99 99 99 
99 72 19 6 57 46 93 33 18 15 82 46 99 99 22 34 52 99 39 99 99 99 52 6 99 99 99 55 99 9 46 36 4 0 48 22 6 48 18 52 9 70 99 40 99 52 99 99 52 49 88 72 73 99 99 99 3 64 19 33 84 99 49 3 54 99 99 91 99 99 99 99 99 96 99 88 99 30 99 99 94 
99 99 99 99 99 52 99 84 66 90 99 99 69 99 30 99 40 69 99 82 4 70 40 99 90 78 99 3 99 22 60 14 52 22 0 55 1 17 22 50 30 88 78 13 99 67 28 99 85 79 99 96 54 78 19 94 99 52 99 99 88 67 99 91 16 99 33 99 99 91 99 99 18 40 70 54 99 91 40 99 31 
33 40 97 99 30 48 70 1 99 51 99 72 99 99 99 99 27 93 94 99 73 55 99 99 87 22 12 21 31 1 49 19 6 59 1 0 45 21 58 2 78 99 49 99 99 21 99 75 84 97 72 76 13 99 75 67 79 13 99 99 49 99 99 99 81 99 99 16 24 49 97 99 97 55 99 33 1 13 64 99 99 
27 96 99 43 99 75 66 7 78 21 60 16 99 99 3 9 55 99 69 55 99 99 12 99 84 73 99 99 4 99 24 45 1 36 20 58 0 12 48 22 99 99 99 84 40 99 16 99 54 15 78 39 99 94 31 64 99 88 99 9 54 78 39 60 90 87 99 18 99 85 99 10 91 63 73 30 67 99 42 99 13 
42 42 40 99 81 85 24 82 60 36 78 99 99 19 91 34 48 36 24 99 99 99 97 15 99 66 99 99 99 99 32 44 3 17 12 41 16 0 21 28 76 61 27 99 99 99 99 99 99 36 6 34 99 4 99 99 99 99 21 61 99 28 24 13 42 73 70 99 99 99 75 99 99 99 51 99 79 54 99 99 25 
60 48 99 27 60 33 6 66 25 99 82 70 66 61 52 99 16 72 33 79 58 99 99 51 69 58 99 36 12 10 50 40 18 63 46 41 38 18 0 48 99 21 99 30 70 78 99 63 49 37 30 99 99 3 28 99 99 88 18 99 10 99 99 73 99 24 25 34 79 99 6 99 99 99 31 6 69 57 76 64 61 
67 99 99 30 99 40 37 48 99 99 99 52 99 18 66 16 69 90 19 30 72 19 99 99 99 33 6 40 6 73 11 56 33 46 22 63 26 40 16 0 96 33 3 49 61 99 99 28 55 99 51 96 10 82 69 9 27 33 97 78 46 51 54 31 13 99 22 13 99 30 64 91 90 99 61 3 30 79 99 25 99 
60 73 99 99 24 67 82 73 60 81 84 37 45 99 99 1 66 99 64 99 99 12 1 76 99 99 66 99 78 46 99 99 72 87 90 43 99 28 99 99 0 9 20 5 26 0 9 50 34 54 99 99 99 99 45 73 66 97 54 78 81 45 99 99 58 43 99 24 99 99 99 99 99 30 57 99 12 43 36 99 12 
31 48 6 37 70 99 22 97 30 99 64 99 61 43 18 24 96 99 99 10 51 51 99 12 99 87 84 70 49 49 22 99 99 69 99 18 21 52 48 73 21 0 11 20 34 9 1 63 55 28 88 99 99 48 75 1 66 63 43 99 99 84 3 99 30 54 67 81 28 58 19 31 99 36 25 99 99 84 3 99 99 
99 70 48 31 12 99 99 99 13 94 99 99 99 40 21 97 91 99 99 54 46 99 3 36 58 42 67 6 99 28 99 99 28 18 27 48 99 15 99 82 56 38 0 58 6 8 49 31 48 22 49 99 72 19 93 81 99 9 31 99 99 99 70 96 99 55 99 1 58 70 99 48 42 36 99 25 39 99 99 99 42 
54 48 99 34 78 99 61 99 21 72 70 63 69 61 99 34 81 52 99 4 99 99 42 19 90 99 99 76 99 12 99 15 99 93 6 30 42 87 72 99 2 62 57 0 30 4 58 42 2 25 15 99 99 72 99 99 91 52 99 78 99 99 37 99 99 55 84 69 85 4 99 99 52 99 96 99 39 63 21 91 19 
97 58 31 27 21 99 99 99 46 99 85 52 79 24 37 28 16 88 90 99 28 19 97 88 28 99 99 99 3 25 99 49 1 10 99 99 99 16 99 90 52 42 15 28 0 18 58 30 10 42 57 99 99 91 91 99 82 99 37 24 99 99 6 73 66 99 99 7 99 99 1 19 52 1 3 57 81 99 88 81 52 
24 40 55 94 99 99 87 24 76 33 99 40 45 72 9 99 99 51 99 99 36 99 99 61 25 22 75 75 99 76 99 10 97 33 57 67 99 99 52 81 65 56 0 52 38 0 30 32 36 56 27 30 99 99 79 16 6 99 1 16 99 27 99 99 90 21 15 55 6 99 37 99 99 54 3 99 99 75 81 21 99 
99 33 51 67 94 99 40 18 99 75 39 7 99 52 28 99 99 63 10 48 37 82 16 99 99 99 34 10 99 64 99 99 31 64 99 46 36 99 55 31 58 64 36 24 55 62 0 6 14 64 9 58 99 58 63 99 39 3 99 99 99 7 88 15 99 76 22 99 46 99 54 27 76 99 99 25 99 60 1 99 10 
99 58 49 99 94 99 99 64 15 67 22 99 51 99 78 18 49 99 84 64 93 72 76 99 49 70 99 30 93 84 82 99 45 3 99 15 27 27 75 67 51 42 2 65 22 53 26 0 29 34 99 10 99 66 33 99 99 96 18 99 99 55 79 94 40 82 34 7 99 99 39 9 21 99 27 76 51 99 99 99 99 
94 70 99 99 75 99 58 76 25 37 57 99 46 99 33 45 7 99 1 39 52 99 99 27 21 42 31 99 99 30 22 88 99 99 13 10 99 84 87 84 24 3 58 0 36 63 18 52 0 16 99 22 99 99 73 60 99 67 10 76 88 57 31 99 33 40 10 88 99 45 4 99 99 99 3 54 99 99 90 99 99 
99 91 36 66 49 78 10 99 34 99 99 49 40 99 99 60 25 34 75 93 48 90 90 19 49 99 99 64 46 3 6 99 85 43 87 21 67 99 99 99 52 40 44 22 64 52 23 62 34 0 85 97 19 82 87 12 46 15 72 88 75 18 99 79 99 33 99 99 99 99 88 78 99 70 99 67 99 99 94 19 39 
91 31 33 79 13 36 37 9 21 99 94 4 73 99 94 99 90 99 7 64 82 99 25 45 99 64 75 40 85 34 31 3 52 99 48 1 22 99 40 99 99 99 99 78 6 49 42 60 3 22 0 5 51 1 48 2 61 4 17 43 24 64 60 99 22 15 43 87 1 99 69 99 60 24 99 96 21 79 99 99 72 
46 99 99 76 6 99 12 76 99 39 99 99 30 48 99 99 42 18 91 99 99 4 99 99 69 99 57 63 28 15 18 3 1 99 99 96 37 99 99 99 99 7 27 93 96 99 85 99 87 97 16 0 32 20 50 14 20 33 39 30 78 99 99 39 99 99 76 99 6 75 15 34 99 33 7 99 99 99 81 99 49 
75 37 97 37 40 54 15 99 36 99 42 21 52 54 99 82 43 99 49 24 99 99 36 99 61 69 42 40 15 3 40 39 51 99 33 27 87 99 76 99 99 99 99 18 79 99 99 12 31 90 48 12 0 47 3 13 42 30 42 64 99 60 42 99 33 79 66 79 99 30 69 34 70 45 87 37 78 3 46 99 81 
99 99 28 19 99 99 99 30 57 99 15 99 99 49 6 37 12 1 9 33 99 51 18 99 45 99 99 96 25 99 91 57 84 7 91 99 99 66 76 22 69 57 15 45 99 99 55 51 88 99 44 26 27 0 42 2 52 8 60 40 81 6 63 58 67 79 25 7 34 99 76 91 67 99 79 99 91 49 3 96 96 
99 75 99 99 99 34 99 7 24 72 9 15 19 99 76 22 64 99 49 96 99 99 33 64 70 99 99 30 99 99 39 7 10 99 99 99 90 97 99 99 99 99 58 99 99 24 13 49 84 31 41 64 60 31 0 12 26 64 50 46 99 58 33 88 99 99 99 46 10 37 57 39 61 22 99 88 99 25 99 91 99 
99 15 99 37 99 99 75 16 99 24 99 49 99 99 99 49 94 99 45 99 99 22 99 72 64 40 76 99 88 99 10 99 93 99 55 99 99 31 75 31 99 67 51 67 36 52 99 19 94 99 18 45 34 55 10 0 31 53 44 36 45 99 99 60 99 73 10 73 99 78 99 64 99 61 99 99 73 55 99 82 40 
40 1 99 82 31 64 99 99 96 43 78 64 18 1 99 36 94 99 15 99 99 99 99 99 19 88 99 64 99 99 99 99 99 3 99 99 40 99 60 99 40 99 99 99 73 58 84 28 45 99 54 34 3 43 41 47 0 22 26 47 69 13 22 22 58 34 99 40 99 54 58 99 67 99 99 45 94 96 19 63 99 
69 99 27 90 81 1 99 18 46 99 91 99 91 99 99 99 54 99 97 99 99 24 12 37 99 99 66 84 39 99 13 31 96 33 55 99 94 96 99 4 99 3 66 84 99 3 19 48 70 99 42 18 52 65 36 62 0 0 49 46 24 99 90 72 99 34 30 87 99 63 99 57 99 72 82 42 10 88 70 45 99 
76 18 99 99 61 93 99 28 37 99 63 99 46 15 28 99 99 6 85 21 49 27 60 49 43 40 78 99 18 99 3 64 99 99 22 18 93 21 24 36 40 93 99 25 12 16 99 15 24 99 53 8 18 18 4 61 36 44 0 63 69 99 60 99 66 99 40 99 63 27 51 79 46 12 99 99 88 66 99 18 99 
64 99 4 31 43 13 54 99 60 84 99 27 9 6 27 99 99 30 18 31 99 69 99 99 88 88 82 67 58 61 21 90 9 99 39 48 85 81 64 66 84 99 33 12 99 30 99 13 99 99 26 1 26 38 11 54 4 45 60 0 99 99 60 3 48 99 99 69 99 99 90 37 87 99 16 87 28 10 78 88 99 
69 1 73 99 51 15 46 69 99 30 99 1 99 99 31 33 96 99 99 70 99 84 45 90 99 99 88 82 64 81 99 84 99 99 37 28 30 34 52 45 99 37 10 42 19 99 58 79 78 7 66 31 88 18 48 97 99 16 34 34 0 56 6 52 64 20 5 46 10 44 31 99 60 1 99 4 99 22 99 99 99 
3 61 16 99 57 99 43 61 79 99 99 67 55 99 99 42 99 58 94 9 19 4 12 99 99 99 27 99 99 28 99 24 52 18 51 6 99 99 12 31 99 99 99 99 99 79 99 46 57 99 96 42 99 66 88 99 70 13 90 99 58 0 16 53 15 38 64 38 6 33 4 64 99 81 99 99 97 99 99 99 99 
99 99 19 31 99 70 13 15 1 67 99 30 99 99 99 82 99 58 10 4 99 18 82 78 57 40 93 99 99 99 28 99 84 33 42 99 94 34 99 88 99 18 42 10 58 48 30 36 39 99 42 7 81 63 99 55 79 99 99 88 30 66 0 16 37 54 37 64 47 14 19 55 99 99 6 33 99 99 75 99 37 
78 75 99 84 90 52 99 28 85 36 99 84 36 67 60 25 99 6 66 99 99 6 57 43 46 42 91 15 99 63 6 4 27 99 6 76 99 93 99 90 78 99 22 99 78 48 99 99 99 19 7 48 58 3 58 99 99 67 96 99 42 15 3 0 9 18 56 61 38 56 10 6 99 99 99 22 75 99 43 19 79 
99 31 18 9 99 64 22 64 99 99 4 57 96 99 99 57 99 99 99 72 40 12 45 27 99 30 94 99 24 10 7 99 99 13 15 13 85 6 99 69 9 3 99 94 99 93 63 66 61 99 4 43 99 99 63 49 99 51 27 27 35 63 14 39 0 48 35 30 40 63 99 19 99 99 76 78 24 99 12 99 30 
64 99 99 99 66 99 33 99 43 67 67 1 37 99 51 99 6 28 55 91 99 16 99 39 99 99 93 6 24 19 67 99 99 60 99 55 33 54 63 99 99 34 99 99 99 99 81 6 48 99 16 57 25 19 99 67 99 99 99 99 38 25 1 24 3 0 2 60 42 65 99 99 3 87 33 79 78 72 72 30 84 
33 99 75 99 99 84 12 82 9 36 73 40 12 42 99 99 99 99 99 99 21 97 99 51 7 22 7 99 45 34 31 93 99 40 61 16 99 12 63 99 99 43 93 99 22 36 99 76 99 48 13 99 99 75 33 49 99 87 99 34 28 24 22 49 2 40 0 6 46 16 99 9 45 76 99 76 34 22 39 43 99 
19 13 31 24 85 43 97 97 99 4 99 27 10 43 33 66 99 93 79 10 75 18 21 99 60 99 85 99 57 30 39 93 99 48 99 7 61 99 99 99 66 99 79 28 99 51 54 99 99 21 61 99 99 99 99 51 13 99 45 97 14 58 62 15 6 12 43 0 18 66 57 16 73 24 72 99 39 15 45 99 61 
33 99 99 15 43 99 27 48 67 76 96 52 67 19 78 34 64 99 87 99 55 60 91 94 91 99 88 99 63 37 99 99 73 42 99 99 19 99 60 99 34 10 99 99 46 73 40 7 55 42 37 76 73 99 99 18 99 87 36 96 50 41 22 23 28 21 10 39 0 7 93 48 90 99 99 85 57 82 12 70 87 
75 99 81 75 97 52 88 72 12 27 69 99 54 99 70 15 10 48 99 61 72 99 99 63 99 4 63 58 37 99 34 15 90 66 88 99 6 57 99 39 99 15 42 99 99 9 9 79 99 40 85 88 31 9 99 99 99 99 46 57 26 60 19 2 50 36 47 35 6 0 99 72 99 54 48 45 82 54 85 4 22 
21 99 12 99 64 91 69 58 99 88 76 19 88 28 64 3 99 67 46 34 75 36 99 39 90 90 79 40 27 87 99 42 43 33 99 99 3 30 99 93 39 99 39 96 40 88 81 39 37 99 99 51 45 88 87 99 1 99 7 99 31 99 99 82 87 22 46 73 73 99 0 52 64 24 11 36 53 30 12 39 21 
99 99 99 99 99 18 4 9 97 99 9 79 99 43 16 99 99 94 61 37 4 27 75 99 85 99 58 93 99 99 84 99 39 99 10 73 16 69 99 9 99 37 75 24 18 99 48 99 99 66 34 67 7 34 99 52 99 27 99 3 99 99 99 99 72 99 99 12 45 99 51 0 18 64 22 54 10 11 56 30 72 
36 99 57 99 99 10 21 66 93 99 52 9 99 99 34 99 99 99 39 4 37 99 99 99 16 96 25 94 99 99 99 99 99 54 36 90 97 45 60 94 34 63 99 82 39 70 3 49 12 60 70 99 78 78 99 99 85 99 99 54 99 99 79 12 87 99 99 99 39 61 36 45 0 5 12 14 40 44 40 18 51 
37 66 28 76 73 99 61 70 94 99 30 90 99 99 91 99 99 64 99 33 81 4 84 27 99 3 3 30 81 64 99 15 99 97 91 93 97 25 34 46 60 39 99 73 72 31 30 99 34 61 76 91 55 33 99 42 31 73 99 30 99 94 24 99 99 85 99 76 18 66 4 33 12 0 34 26 49 7 53 51 1 
99 3 85 63 34 99 6 99 40 99 99 28 54 99 96 57 18 99 99 63 75 45 90 99 30 99 99 21 99 99 82 99 28 99 15 37 6 12 78 81 72 37 99 36 27 57 99 37 99 51 13 27 99 31 99 30 57 99 99 42 36 39 81 84 99 37 99 13 82 67 36 38 30 15 0 35 48 32 34 23 27 
96 37 90 99 99 99 48 94 24 99 57 99 72 12 99 46 87 99 58 99 99 54 84 76 45 81 99 58 99 93 33 99 58 1 81 57 22 73 15 21 84 79 99 99 90 67 31 99 91 99 69 88 99 99 99 99 96 99 72 52 84 61 88 99 87 99 99 16 66 19 33 44 48 56 28 0 33 14 48 61 37 
55 75 63 87 60 99 70 70 58 99 15 96 22 99 34 99 27 45 99 99 99 99 61 99 99 34 93 48 72 37 99 99 75 99 54 15 34 99 3 94 49 76 4 99 96 16 15 42 31 88 34 73 3 66 25 99 18 40 84 72 69 99 99 69 99 67 99 42 99 16 3 53 28 12 9 52 0 43 4 65 99 
85 22 99 60 34 90 99 99 58 15 76 69 22 99 49 7 40 99 79 88 24 13 99 99 66 99 99 36 99 99 39 15 63 76 90 99 99 42 64 99 99 85 57 99 73 99 55 24 24 22 99 85 99 15 40 90 72 58 87 67 79 72 88 15 87 46 40 33 52 13 25 9 55 4 23 46 10 0 50 66 82 
45 99 57 99 99 93 99 48 99 81 99 81 99 99 99 67 36 40 24 99 99 25 81 99 49 99 93 70 99 22 3 60 49 69 48 51 72 99 21 99 99 67 79 40 99 60 99 51 99 43 19 30 96 99 96 40 99 99 87 99 99 91 84 48 99 37 18 99 99 69 59 61 2 20 14 62 36 60 0 44 36 
99 10 31 51 99 99 18 49 99 27 7 99 91 85 99 19 99 99 99 66 99 99 99 99 99 30 1 46 99 3 81 96 99 51 99 99 33 69 6 99 99 67 16 64 3 99 99 18 91 34 4 63 99 81 99 99 99 39 99 84 31 99 99 91 58 99 18 52 99 57 6 30 18 54 57 6 34 8 0 0 99 
63 99 84 99 64 94 99 99 99 99 4 6 72 19 75 99 99 6 46 72 43 99 99 97 19 99 90 99 58 58 87 57 81 28 87 70 16 3 99 99 99 28 81 13 85 72 73 88 13 55 49 99 34 99 99 46 69 31 13 91 99 99 18 79 99 99 16 67 46 79 81 72 33 28 70 99 40 99 25 76 0 
