n: 80
m: 10
Pi:U[1-99] 61 90 90 43 89 46 87 74 28 98 98 99 66 45 24 86 86 81 11 54 6 37 68 73 80 36 41 27 82 37 54 15 88 21 54 87 15 18 11 17 56 17 19 45 70 91 28 96 46 77 56 94 30 16 63 55 11 15 10 9 9 56 59 53 54 54 65 29 69 43 43 12 9 7 39 31 80 72 8 9 
Si:U[50-99]
0 56 85 94 50 56 95 65 60 50 91 82 62 60 65 76 54 88 86 85 97 51 53 85 82 58 71 97 73 65 73 85 62 55 88 83 72 88 93 92 56 82 91 76 98 88 61 55 83 69 74 93 75 54 90 59 58 98 82 86 55 84 60 60 79 70 54 83 94 89 52 83 58 98 55 99 85 94 86 57 58 
95 0 77 57 57 85 57 59 56 74 61 84 73 62 86 75 53 63 56 65 67 91 63 86 57 65 72 85 84 90 84 79 59 52 72 87 74 96 51 66 85 67 54 55 63 78 61 54 73 59 55 80 83 96 88 50 69 85 57 82 65 90 57 77 83 92 66 94 54 60 62 72 99 98 72 98 69 63 77 72 72 
58 61 0 68 80 75 81 88 98 79 68 98 56 98 57 76 89 57 91 83 84 54 60 75 70 59 76 98 57 89 82 83 56 54 87 50 51 84 60 68 64 89 95 91 59 78 99 61 99 96 74 51 59 60 67 53 50 82 69 51 93 86 57 81 73 93 76 77 84 52 92 84 81 64 74 54 99 94 95 66 54 
93 95 78 0 59 61 67 50 73 91 51 81 89 77 86 74 79 73 64 52 54 76 96 84 65 64 61 60 80 85 59 74 53 63 95 84 70 89 51 51 68 74 59 87 65 97 96 82 62 73 93 54 75 59 56 84 63 73 66 90 96 57 54 90 58 89 78 65 52 94 97 80 59 97 96 90 80 79 74 52 79 
52 93 61 89 0 85 51 65 59 92 57 55 98 63 80 60 88 57 54 91 50 90 87 96 50 92 63 59 90 71 55 96 75 77 85 67 82 71 71 99 78 71 59 61 77 70 80 54 80 79 90 54 59 77 59 90 68 71 57 65 87 53 97 63 72 53 94 84 68 55 64 70 89 69 91 96 85 69 82 90 77 
65 59 72 58 99 0 68 72 86 68 57 54 71 73 99 60 54 53 87 99 77 83 92 81 60 75 67 97 81 61 88 58 56 60 63 51 98 77 91 61 72 68 66 85 58 52 72 89 74 71 94 64 77 86 84 73 98 52 91 71 58 55 87 72 51 53 68 60 55 67 76 81 86 57 60 94 59 56 92 50 79 
57 85 76 71 84 96 0 71 69 61 69 50 58 74 82 98 93 69 84 66 50 59 94 58 66 70 96 81 96 81 80 92 69 86 97 75 52 55 55 98 97 65 82 59 80 53 99 80 75 64 81 87 86 97 62 67 94 94 81 97 59 74 53 51 70 93 73 56 73 59 68 62 64 79 81 50 91 61 73 94 71 
82 51 62 75 73 89 68 0 84 86 73 73 98 90 55 89 75 52 59 91 60 92 78 82 59 62 55 83 87 66 53 93 89 69 79 51 90 71 68 77 72 79 80 59 93 86 55 89 77 69 72 79 62 94 87 58 89 63 78 57 98 74 63 84 95 73 87 79 80 78 74 75 53 55 95 67 70 92 63 74 92 
91 87 63 71 62 88 57 61 0 56 51 99 73 54 62 73 62 64 97 86 55 54 53 52 55 91 73 61 78 75 98 94 89 97 74 98 57 70 98 92 93 59 82 55 88 86 63 60 56 79 90 65 62 72 63 53 67 59 84 73 62 55 97 74 92 79 73 65 98 54 97 71 63 72 69 72 65 91 69 87 70 
69 64 74 88 84 64 70 58 57 0 57 85 99 87 89 67 87 99 77 86 93 75 64 50 66 74 90 61 95 55 73 50 93 58 50 74 75 86 96 59 84 81 99 96 67 64 56 58 50 72 78 94 59 87 59 56 71 92 59 97 94 65 75 55 77 59 94 73 81 59 63 75 51 96 58 82 80 72 74 77 94 
92 75 64 56 52 96 99 62 53 85 0 96 57 71 56 50 90 63 73 81 76 73 93 92 73 72 83 65 54 63 53 56 71 54 58 79 83 89 76 69 93 58 87 99 93 65 63 84 71 82 69 96 79 85 67 58 63 68 78 84 91 79 82 69 68 57 94 95 90 96 95 58 64 71 53 53 99 87 83 69 70 
72 69 63 72 97 75 84 90 82 62 62 0 95 81 60 81 53 72 93 91 59 82 65 66 83 57 78 58 51 80 83 68 95 81 61 51 80 80 94 54 89 84 57 96 61 68 51 62 84 96 71 63 87 73 85 59 68 73 65 98 91 67 56 62 52 97 52 60 95 73 77 74 90 79 53 93 73 73 58 79 94 
76 84 78 77 76 86 87 67 87 83 91 96 0 51 55 69 54 78 96 79 65 76 86 87 58 50 90 95 75 94 92 55 76 57 65 55 72 54 52 85 95 54 55 90 84 70 98 91 91 73 56 54 84 87 73 57 68 61 52 76 58 64 62 95 63 85 85 61 92 86 64 72 73 83 58 72 50 88 72 81 59 
61 95 75 84 54 75 75 66 98 87 70 91 59 0 97 55 72 66 94 67 93 85 89 61 93 67 69 56 59 84 66 92 93 84 86 63 87 71 85 64 57 92 79 70 79 56 57 53 96 82 61 64 60 68 99 75 50 86 91 98 97 68 55 82 84 99 98 97 84 73 93 95 84 93 80 93 78 98 98 68 67 
81 75 51 51 75 75 98 81 69 68 51 66 81 52 0 64 50 86 95 97 97 98 97 59 96 64 76 56 78 92 86 79 78 62 80 83 67 92 76 98 70 74 71 92 93 89 50 92 97 78 58 54 60 56 88 64 62 75 64 91 98 92 65 80 87 57 93 72 75 70 97 73 67 55 68 74 89 82 74 80 88 
71 96 56 53 99 53 76 80 72 97 52 94 56 72 89 0 98 78 96 60 74 50 77 82 91 55 85 99 90 84 59 51 65 54 72 80 99 75 97 60 63 82 50 65 85 54 57 50 91 72 57 83 70 83 76 88 90 59 51 54 78 89 97 56 86 61 70 65 75 58 67 96 66 97 91 85 72 96 97 81 76 
94 75 67 92 79 96 68 84 93 53 52 85 79 68 89 71 0 81 75 91 90 80 97 96 75 60 50 63 90 71 75 59 68 51 95 88 75 83 52 82 97 88 56 99 57 85 83 81 94 50 50 74 59 74 55 85 77 57 88 99 77 84 86 62 96 69 58 52 63 89 59 54 60 63 73 66 83 81 59 62 98 
61 64 88 87 80 78 56 88 74 53 68 88 68 57 86 68 99 0 94 94 74 77 70 93 58 72 59 90 50 73 87 74 97 83 64 95 64 63 78 57 75 98 71 90 66 65 73 87 58 80 63 59 65 77 58 68 94 89 61 82 66 93 86 87 96 97 64 53 54 59 72 75 67 59 71 66 83 62 76 84 56 
50 78 63 80 50 82 92 90 78 74 81 94 84 81 74 64 90 88 0 67 98 65 86 76 75 93 88 61 75 89 97 69 59 68 85 83 70 83 71 51 75 60 78 52 83 81 82 52 87 73 62 78 58 78 80 74 76 96 92 87 71 58 96 68 75 77 71 83 64 80 98 94 60 51 51 58 98 89 83 69 60 
59 94 70 66 80 83 96 71 68 56 93 78 68 52 82 87 51 57 56 0 99 69 62 70 85 94 84 92 69 90 65 78 72 53 88 69 53 61 87 53 64 83 79 77 71 96 96 92 65 68 82 70 84 58 79 83 78 52 74 77 81 94 79 99 83 58 82 86 96 72 61 94 58 91 84 51 53 74 97 71 78 
70 69 69 81 68 77 93 76 70 54 68 63 89 98 86 65 94 72 76 80 0 72 98 85 96 84 93 60 59 76 53 99 55 61 77 74 50 67 86 77 70 63 82 83 82 93 55 51 86 57 72 82 60 55 51 89 88 90 93 76 80 60 64 64 52 69 51 69 78 90 77 78 92 94 72 66 95 63 64 88 88 
88 98 61 90 84 86 76 94 85 57 61 81 52 69 74 78 67 52 75 95 66 0 51 96 90 68 52 66 68 72 69 73 53 76 86 83 90 78 74 95 85 56 93 92 90 95 75 75 85 69 69 92 74 70 83 72 96 78 60 60 99 54 80 95 81 84 94 60 85 54 60 58 95 66 84 99 64 56 93 85 70 
56 74 96 50 99 72 96 83 55 87 57 90 91 58 97 72 90 61 94 89 54 54 0 68 53 59 70 88 90 80 93 58 94 70 54 86 70 61 55 90 92 97 89 64 93 97 85 78 65 58 57 76 69 98 55 99 64 50 51 62 52 88 82 75 83 58 66 53 56 70 59 66 59 62 67 66 78 86 73 70 97 
90 53 50 65 89 58 58 53 62 96 83 89 56 58 52 79 52 86 84 56 76 73 86 0 69 98 98 72 92 67 94 68 58 74 53 73 54 95 82 95 63 77 79 86 74 74 80 75 84 59 95 58 81 50 84 96 93 66 76 92 85 68 92 54 61 94 75 73 74 52 85 69 85 96 81 77 79 59 98 75 61 
90 75 82 97 67 85 83 51 88 62 83 74 64 50 59 80 91 61 81 52 53 88 85 94 0 79 51 84 94 90 52 63 98 86 64 83 85 84 89 84 99 99 97 51 90 89 74 70 90 83 83 52 58 51 88 62 80 62 96 54 84 78 85 91 83 70 66 62 80 59 50 75 91 65 91 81 77 64 68 50 98 
76 50 61 77 75 70 83 77 85 57 69 50 78 99 95 77 89 71 82 98 72 51 88 66 74 0 51 96 84 68 89 51 50 91 61 57 67 90 53 83 58 59 86 70 55 88 89 84 89 64 69 58 92 77 73 96 84 96 78 74 96 60 78 79 86 60 69 98 83 62 55 89 52 92 82 87 53 91 90 96 60 
78 94 98 59 97 80 85 64 67 87 83 69 82 89 53 77 74 62 52 65 62 69 90 79 92 76 0 98 62 51 97 83 90 64 56 78 80 88 86 83 97 52 52 65 74 99 78 65 50 96 88 55 94 96 66 69 65 50 69 90 78 62 69 70 84 96 64 55 72 61 85 83 91 94 96 94 54 66 71 68 71 
97 53 94 63 90 72 59 78 78 87 73 58 73 89 78 99 99 73 72 61 65 64 83 92 87 50 76 0 88 58 65 82 50 74 76 75 92 72 79 90 73 64 54 63 79 91 67 52 66 84 88 86 94 51 74 74 96 54 83 71 64 81 93 66 77 79 77 53 86 87 98 57 87 98 95 86 67 72 92 77 82 
53 63 79 91 55 64 59 88 52 80 59 76 71 87 55 86 66 60 60 52 50 61 93 53 61 88 59 97 0 57 62 64 88 96 90 60 63 82 82 55 91 80 73 75 53 82 97 53 86 85 90 65 84 97 74 60 85 59 79 63 90 59 52 58 71 85 93 65 82 68 82 50 99 98 82 86 86 82 75 70 86 
87 72 81 67 70 70 63 78 65 79 97 60 70 69 52 88 65 75 81 92 77 81 80 53 64 87 55 76 99 0 64 79 51 61 59 77 80 99 95 92 94 51 82 68 51 92 65 81 67 66 85 85 59 97 54 81 94 75 77 58 97 87 69 82 69 96 65 74 84 96 80 80 71 54 51 84 66 73 56 56 93 
87 95 64 53 79 61 70 86 83 55 80 60 75 79 75 51 85 67 87 84 76 68 54 84 55 81 65 97 53 51 0 87 80 97 53 93 89 97 70 99 57 98 76 54 76 55 67 62 87 93 82 73 78 90 72 96 62 60 54 92 89 98 98 76 90 58 54 50 97 70 84 61 99 93 52 98 88 78 83 83 92 
50 66 66 75 85 82 96 56 86 91 56 56 77 64 88 88 69 82 97 81 89 94 83 71 66 74 54 80 59 80 60 0 71 67 88 94 73 93 55 82 86 92 93 68 50 75 90 85 63 52 74 65 54 54 84 59 59 70 97 89 80 65 55 85 91 60 52 94 58 67 54 85 62 73 82 83 98 82 86 59 68 
67 80 78 59 70 66 94 84 74 97 76 76 90 79 64 91 70 69 85 94 83 66 51 77 79 80 91 63 96 94 86 91 0 63 75 78 55 52 62 93 72 56 71 95 74 59 84 61 87 61 76 61 69 83 53 85 68 62 64 94 91 57 65 94 65 56 78 52 99 86 53 80 97 64 88 66 84 68 80 74 62 
96 85 79 74 90 99 57 97 81 70 74 66 90 78 73 59 58 75 95 89 50 70 97 88 99 82 95 61 62 96 98 88 54 0 60 96 76 90 65 80 92 56 83 58 54 97 66 81 54 55 91 71 55 86 74 68 89 56 61 81 52 55 57 64 88 70 82 99 52 76 67 78 68 61 81 66 69 64 51 78 69 
50 82 62 89 65 88 60 55 61 94 89 98 99 88 62 86 80 81 74 82 55 98 50 84 73 68 99 72 68 91 89 90 97 50 0 80 52 71 71 67 64 98 99 79 88 73 88 67 52 54 73 59 75 50 63 81 97 95 79 60 60 76 68 96 84 89 65 70 62 87 60 82 70 50 90 77 56 92 78 66 83 
96 95 78 94 52 77 85 81 50 53 75 95 91 92 72 68 70 62 98 50 50 88 89 69 61 81 68 92 63 80 56 77 54 59 90 0 74 95 82 92 62 66 97 69 53 86 73 53 90 85 60 89 63 65 64 80 89 71 87 93 73 69 50 85 52 76 53 86 62 53 86 51 86 52 92 97 65 68 96 91 59 
84 87 51 94 61 98 51 99 85 94 71 61 80 52 60 68 91 81 67 98 57 98 92 70 91 72 95 97 77 87 86 69 98 64 91 97 0 86 59 65 69 64 89 95 69 83 66 72 65 54 85 58 86 98 56 99 53 82 54 82 79 53 57 67 70 74 70 95 58 92 74 72 65 89 82 81 67 53 91 53 52 
91 58 88 88 53 55 72 51 60 84 86 97 59 97 82 72 61 73 83 73 58 65 95 75 84 87 95 70 71 84 85 69 74 61 95 69 89 0 79 73 71 88 60 53 64 70 59 79 83 71 69 75 64 72 94 78 94 91 92 81 86 72 99 54 73 54 72 78 71 52 98 72 54 89 87 57 51 78 92 56 68 
94 97 96 70 72 81 58 83 99 77 69 53 60 82 86 54 54 75 81 90 74 77 86 77 70 70 81 64 98 73 77 99 76 59 84 63 64 85 0 56 58 69 68 58 72 67 96 56 70 56 77 87 97 94 63 59 93 86 87 65 95 71 75 58 91 54 53 53 74 54 56 81 65 91 99 71 88 91 56 82 59 
61 99 78 71 97 91 84 91 57 87 61 59 61 82 91 74 54 74 51 51 84 76 51 76 60 51 98 98 56 58 64 60 83 65 55 63 59 56 87 0 60 80 60 92 73 66 81 90 83 60 59 65 79 54 89 96 64 74 58 77 61 70 72 81 94 93 80 78 63 91 97 98 72 91 85 92 82 99 66 81 77 
75 85 55 98 63 66 91 59 95 50 52 79 57 56 58 61 63 60 91 79 58 69 60 79 86 68 76 70 79 97 64 55 79 64 89 91 60 50 69 56 0 68 75 60 93 66 65 99 88 53 52 96 58 88 80 52 58 95 89 53 78 76 51 84 96 81 84 88 60 63 84 99 94 60 64 80 71 58 97 96 66 
65 95 66 62 71 89 83 63 63 57 70 58 63 53 53 82 81 54 89 62 72 92 79 59 78 76 83 55 56 90 78 62 80 86 61 97 65 82 50 70 64 0 76 98 93 68 94 99 57 94 90 61 85 51 77 95 76 53 73 50 55 54 72 71 90 97 63 90 75 59 63 77 62 91 73 80 68 76 71 76 65 
71 75 98 54 98 81 70 50 91 74 78 61 99 67 58 58 80 76 64 55 88 94 57 69 81 77 63 75 63 91 66 76 99 67 62 94 96 61 67 62 84 99 0 66 64 64 55 96 86 73 58 68 83 77 71 53 64 83 60 63 67 81 81 82 96 95 82 90 78 79 56 84 57 72 79 76 98 80 96 98 77 
67 79 97 56 78 64 64 94 70 98 54 87 51 61 65 71 67 96 58 96 75 63 57 70 79 74 74 54 85 84 50 60 96 78 57 86 81 70 94 54 63 64 65 0 65 71 65 74 59 77 82 64 63 52 98 70 62 62 72 88 59 64 69 93 52 52 61 53 65 89 68 90 95 97 56 88 81 76 70 53 63 
80 97 74 94 92 67 74 83 90 61 57 74 77 56 62 85 54 56 67 65 95 90 98 89 93 96 80 53 99 74 97 62 52 82 82 93 51 50 65 50 82 55 90 53 0 60 57 82 57 57 72 73 50 75 57 95 58 50 61 88 62 72 87 77 88 57 76 71 69 79 58 56 77 81 64 70 59 96 67 97 90 
89 75 88 60 89 74 99 98 55 82 79 56 89 72 60 85 64 57 70 57 99 63 67 77 96 65 75 59 71 92 93 98 57 57 96 66 87 89 57 97 71 54 94 51 61 0 73 57 62 87 98 71 75 61 75 84 76 51 99 68 95 76 55 96 54 50 75 52 64 84 63 50 83 79 55 92 65 53 57 86 83 
84 83 96 55 99 71 84 52 90 60 77 52 73 93 64 52 62 57 60 74 86 69 96 66 86 56 84 66 72 64 68 64 91 91 94 77 54 80 55 69 81 55 99 73 72 62 0 54 59 53 94 74 92 82 72 99 82 86 57 65 84 93 88 78 92 97 88 70 65 74 68 96 87 84 86 79 76 52 84 65 71 
62 66 81 78 83 59 70 71 51 93 99 78 56 72 94 96 86 53 73 55 94 60 66 79 91 69 61 50 90 66 78 52 96 70 96 66 62 70 83 81 68 82 64 91 65 61 97 0 78 93 73 97 78 97 69 91 84 67 72 99 66 71 54 52 96 94 69 53 90 75 60 78 86 76 87 90 94 61 93 72 54 
84 69 78 66 96 74 86 55 53 88 80 65 98 83 86 91 60 77 82 77 72 85 57 96 95 68 56 58 52 54 57 87 85 80 84 75 52 99 99 68 76 92 70 76 80 51 62 94 0 88 67 58 90 60 97 65 88 97 77 90 77 84 59 86 74 76 66 86 90 50 51 99 60 60 87 94 93 96 59 78 73 
62 92 99 86 86 81 69 89 84 80 90 52 59 84 65 73 79 58 65 83 95 88 60 62 61 67 84 73 70 58 99 93 69 84 76 54 53 89 89 89 81 86 72 83 98 57 75 69 93 0 54 71 93 98 52 50 78 93 58 70 65 52 59 56 78 60 56 56 65 90 53 83 59 96 79 50 94 55 79 88 87 
61 66 52 58 77 62 94 58 85 65 64 69 60 71 71 99 98 87 52 64 59 63 53 99 58 72 70 74 95 57 80 73 75 84 92 81 98 50 87 77 78 60 51 81 98 80 91 51 62 79 0 78 73 70 66 99 53 68 75 61 83 93 88 92 62 74 94 51 93 52 76 83 89 72 77 68 96 67 54 66 76 
68 60 61 53 61 51 93 94 86 55 65 67 67 81 60 85 76 57 72 64 69 78 50 62 62 73 74 76 67 55 53 73 85 86 77 93 95 72 67 82 78 91 60 72 69 98 55 68 92 58 85 0 58 87 77 79 83 62 87 76 58 87 87 92 98 95 58 51 99 81 78 55 97 70 99 90 72 63 64 98 74 
83 50 59 90 67 51 64 68 51 71 97 64 57 53 51 91 61 58 59 85 80 76 63 74 94 83 86 79 73 84 98 51 90 92 84 57 51 97 65 57 64 97 77 52 80 73 80 76 62 52 53 50 0 83 66 73 64 64 81 81 85 56 82 69 91 67 93 72 84 52 77 62 72 76 68 54 82 91 79 88 92 
75 91 65 53 58 56 88 55 75 82 72 62 89 94 83 78 99 85 88 87 86 84 59 90 65 81 54 98 81 63 69 67 54 97 57 51 58 86 69 50 69 66 67 93 76 55 82 94 67 76 52 67 74 0 84 61 57 57 69 67 83 87 88 72 83 76 96 83 97 85 92 64 71 86 88 82 84 96 72 57 76 
51 97 78 51 70 91 68 89 72 50 84 51 96 95 64 55 59 67 63 79 98 79 73 64 79 68 87 77 53 72 63 63 57 94 88 83 54 86 50 82 63 58 66 73 75 78 64 81 94 57 53 76 77 80 0 82 51 64 82 54 52 90 62 73 58 73 57 84 58 54 52 80 83 52 66 87 85 70 85 80 55 
72 59 88 91 80 58 91 88 84 90 78 77 63 68 77 88 51 81 70 61 97 71 58 58 95 53 96 74 95 76 50 80 60 65 62 82 96 50 52 73 89 60 74 54 67 95 96 92 70 71 79 62 90 79 71 0 75 75 85 76 60 53 54 97 90 74 85 70 62 67 92 60 92 86 52 89 99 92 57 99 84 
53 73 98 66 74 98 75 55 98 86 64 73 64 87 95 91 53 89 79 59 85 81 72 73 79 50 77 60 73 53 61 79 78 58 72 75 69 73 99 66 94 91 64 84 92 84 66 74 79 52 70 69 53 55 67 74 0 61 61 89 66 55 77 61 67 56 83 62 52 54 73 70 72 71 64 52 83 91 63 86 64 
95 67 97 78 60 63 69 73 86 80 62 61 60 90 91 62 67 85 59 52 51 87 83 95 65 60 61 85 76 69 72 51 53 63 64 87 51 88 74 58 89 54 97 99 99 92 97 89 79 74 53 96 70 74 79 88 66 0 97 58 90 92 69 71 50 63 63 52 72 92 67 69 94 58 52 74 58 66 53 64 99 
81 58 62 65 79 81 53 76 96 62 50 91 89 78 58 72 82 60 70 72 67 69 64 66 94 98 53 80 81 62 70 94 59 87 52 98 96 98 50 74 90 76 54 93 95 61 53 95 66 61 96 60 98 65 58 91 89 69 0 65 50 78 64 92 61 72 52 98 68 56 78 94 73 73 92 88 74 92 75 99 66 
74 60 87 86 55 69 82 74 87 52 69 93 99 61 86 88 62 59 75 93 77 79 77 67 95 86 98 92 74 71 64 65 58 66 70 73 54 93 59 73 96 59 67 99 65 88 93 87 91 65 93 62 56 71 78 81 97 67 94 0 55 76 66 84 71 62 98 82 63 69 83 61 66 70 57 91 82 62 84 91 78 
67 74 57 78 70 63 93 71 83 87 65 95 88 59 89 83 87 69 89 59 92 72 78 71 63 61 96 73 73 79 76 51 52 86 84 83 94 94 99 81 92 93 99 68 57 77 71 56 76 79 75 99 63 95 66 94 91 76 70 71 0 72 62 88 92 59 69 92 72 75 85 96 98 94 52 76 64 85 96 86 86 
94 56 55 97 64 88 84 93 74 68 57 51 74 64 61 61 79 63 53 82 55 95 56 78 50 92 61 69 59 53 92 61 82 84 53 89 81 85 92 75 68 92 68 96 89 95 81 57 79 67 57 56 99 55 95 96 64 68 52 98 79 0 56 81 79 72 59 55 76 95 64 96 84 58 59 98 90 61 67 61 97 
83 81 63 96 96 89 72 83 79 88 77 67 52 73 86 71 91 74 92 89 88 95 57 95 76 60 64 82 89 61 65 78 93 98 50 96 53 76 69 62 88 94 73 57 68 86 54 65 67 59 55 76 71 60 92 66 79 58 72 88 85 69 0 84 77 91 75 75 69 75 77 84 50 66 73 91 57 78 89 62 83 
66 87 56 89 78 97 95 73 71 87 75 70 67 89 57 99 81 80 60 95 66 67 92 77 68 68 90 75 77 51 67 62 82 93 66 88 63 92 54 86 96 89 59 56 92 78 58 98 54 78 77 69 63 89 61 80 68 86 72 84 87 94 96 0 81 60 54 81 88 73 71 87 62 51 61 65 57 80 56 86 68 
88 95 81 83 71 61 86 96 94 82 67 85 81 73 96 99 74 52 51 95 66 72 66 83 50 80 99 67 92 77 77 81 58 62 51 84 51 55 94 55 54 83 50 94 74 66 80 92 67 68 88 96 69 77 68 71 79 57 92 70 55 66 62 51 0 62 89 83 63 60 80 90 68 63 60 73 93 60 81 77 56 
51 99 79 54 62 70 74 97 93 58 99 69 92 60 50 51 86 97 57 73 84 95 93 96 51 61 86 80 55 69 74 82 77 92 93 54 52 85 81 66 72 89 53 68 76 89 55 87 91 57 88 60 60 60 84 99 98 93 72 70 91 59 87 52 71 0 80 95 97 99 51 62 62 67 97 84 66 65 78 66 72 
50 91 95 80 61 77 72 81 95 57 55 86 71 89 67 88 76 69 56 78 57 98 63 73 75 80 93 53 60 57 84 65 60 91 68 63 66 94 80 79 54 59 64 72 50 89 98 74 52 95 77 98 94 81 87 68 56 85 68 80 94 60 89 71 50 73 0 91 52 62 61 75 72 68 72 67 87 83 94 58 89 
60 67 92 54 51 92 70 79 68 85 67 71 87 80 52 73 90 52 97 88 79 98 99 73 82 68 52 86 63 68 57 69 88 75 92 63 85 91 75 51 63 61 58 92 66 74 55 90 82 70 58 74 91 92 98 54 80 54 84 70 62 74 96 59 52 74 82 0 67 75 55 97 83 61 86 85 99 79 86 81 53 
98 77 94 57 64 82 74 85 78 51 89 98 59 78 78 64 69 75 52 69 82 58 58 53 70 58 67 54 87 61 74 82 66 80 82 77 79 82 52 81 68 99 68 73 76 76 82 51 71 61 92 71 65 65 98 74 89 69 80 63 66 87 59 71 78 57 58 67 0 79 76 65 99 50 89 51 91 61 87 86 58 
88 67 80 71 80 83 59 80 79 92 96 78 59 61 60 84 71 82 52 70 62 57 64 90 82 56 95 74 52 53 76 89 78 94 80 87 69 93 70 63 75 91 87 85 57 95 98 56 94 98 52 89 51 50 68 96 95 90 88 74 86 73 77 79 58 79 84 66 97 0 67 96 62 69 71 64 78 61 95 88 89 
91 76 69 63 84 67 68 56 73 84 59 99 94 94 80 89 74 52 57 91 99 60 71 55 89 59 75 68 83 92 67 58 94 93 86 80 90 62 76 72 73 56 68 77 71 55 75 51 77 89 85 84 93 92 62 80 86 72 85 61 57 72 65 59 60 95 84 71 96 94 0 59 62 96 64 60 66 64 69 54 70 
56 60 85 82 79 54 56 76 99 76 90 84 83 82 82 80 53 88 83 70 99 89 75 67 92 51 87 70 52 92 53 63 80 68 57 81 87 89 96 62 92 96 73 50 78 92 88 82 67 63 69 53 70 86 53 79 88 78 91 53 57 90 93 61 96 88 64 62 50 94 60 0 75 80 85 64 52 93 72 78 59 
62 85 55 62 95 50 99 77 89 91 88 81 62 89 93 70 82 58 65 96 88 53 90 50 90 73 57 62 97 78 54 53 53 51 74 56 81 93 98 53 61 99 94 85 98 99 98 60 90 84 96 61 87 67 85 98 85 73 71 96 82 99 63 59 67 55 73 74 50 56 76 66 0 93 83 80 94 97 66 60 66 
72 58 58 61 70 78 88 74 53 53 62 72 78 83 51 54 50 96 81 57 65 93 99 70 88 69 77 58 75 91 72 70 65 73 67 82 78 92 87 53 76 59 95 63 82 70 66 64 62 81 86 78 84 50 59 58 56 78 73 61 59 79 80 88 90 68 80 88 76 83 51 83 71 0 92 83 94 82 65 91 67 
65 50 92 86 90 85 91 92 71 87 72 52 93 52 98 88 73 82 65 92 84 74 90 57 70 70 83 95 94 91 60 97 72 82 97 86 98 94 98 63 85 63 93 95 80 50 80 92 50 60 51 56 77 88 63 93 85 78 55 51 83 63 85 86 88 95 77 94 80 88 67 58 83 94 0 97 63 94 90 52 51 
59 67 58 90 65 73 70 78 71 56 68 50 82 89 69 52 89 91 81 79 60 64 87 53 90 95 55 53 91 84 69 56 53 86 93 83 80 51 68 96 72 69 88 56 76 53 72 79 84 90 97 98 91 61 94 76 78 64 90 68 86 57 59 74 99 65 89 91 71 71 70 54 74 95 63 0 68 66 57 63 93 
93 55 74 72 60 61 74 70 69 83 94 82 52 74 52 83 53 53 64 81 62 96 71 85 61 87 81 65 83 54 96 69 55 69 51 63 88 92 91 73 81 71 88 68 90 85 88 60 90 55 77 79 62 50 82 53 79 54 70 74 96 70 93 71 62 58 99 84 95 85 72 75 75 59 94 89 0 71 92 96 55 
58 73 75 61 79 69 94 76 77 57 82 60 97 89 71 67 84 52 70 53 99 73 70 95 98 85 54 94 97 77 94 59 90 71 81 55 61 74 95 84 66 64 60 73 86 63 61 64 88 51 59 57 71 74 53 67 68 90 83 82 62 56 97 92 94 94 93 86 81 87 54 74 63 94 92 63 83 0 56 60 82 
71 88 79 79 72 94 79 66 50 65 54 95 52 61 51 60 78 59 82 81 87 82 95 56 92 92 72 51 83 65 63 60 50 70 96 51 52 89 54 62 65 62 61 93 93 72 79 95 76 94 83 85 60 84 99 69 78 76 77 67 83 85 93 78 51 59 66 81 61 79 88 56 83 69 98 93 75 69 0 59 84 
92 59 92 88 71 78 90 90 67 92 67 77 79 66 92 71 59 67 57 72 94 56 79 80 61 75 70 57 83 80 69 81 86 75 79 97 92 66 73 91 94 57 93 67 82 71 51 71 75 55 94 61 67 78 68 90 74 50 51 67 60 92 91 52 96 86 73 98 63 67 67 64 52 63 95 82 79 97 79 0 91 
75 67 56 54 62 98 98 99 55 68 58 53 54 56 91 75 68 90 62 73 69 92 72 56 93 92 85 89 80 99 50 62 57 52 63 64 55 69 78 65 96 84 72 96 93 82 80 78 58 91 87 92 76 54 95 72 86 60 65 53 53 92 92 99 77 89 99 92 58 54 89 63 69 52 62 71 54 74 95 56 0 
