n: 80
m: 2
Pi:U[1-99] 7 22 43 16 1 9 90 45 46 34 5 9 13 25 99 71 53 32 94 42 58 30 75 29 62 39 39 13 52 83 46 78 14 40 85 13 81 70 75 33 98 95 73 64 71 99 7 57 30 27 53 4 54 9 8 87 40 14 49 64 27 49 54 56 76 76 9 83 51 16 74 75 90 35 37 17 7 35 34 42 
Si:U[1-124]
0 7 30 49 55 20 64 22 59 78 124 124 54 28 117 82 124 69 13 46 93 124 124 55 78 94 111 66 34 124 82 94 33 124 9 1 63 48 18 99 21 124 27 21 93 124 36 97 115 124 3 45 78 118 76 24 124 13 43 93 124 124 124 79 124 118 124 87 124 90 76 102 55 28 124 45 36 76 124 3 105 
68 0 70 82 39 73 18 40 38 62 46 51 121 49 90 30 124 57 82 91 81 100 124 124 124 124 124 88 40 81 124 67 102 106 124 36 118 49 27 79 124 124 124 124 13 124 6 124 97 108 124 124 124 90 124 124 124 124 124 94 55 124 112 117 124 99 124 124 124 81 96 7 64 58 33 124 106 118 67 112 124 
42 80 0 12 26 74 53 19 4 70 94 81 124 93 124 48 39 124 124 94 124 115 124 124 1 66 36 57 58 31 1 60 3 96 112 124 28 124 37 49 124 4 36 3 117 79 124 72 123 124 124 97 112 79 124 124 124 124 124 124 18 106 61 21 112 117 124 45 124 124 124 124 93 69 28 34 124 84 100 25 15 
66 2 16 0 42 48 25 68 66 8 124 124 58 66 69 124 121 31 84 61 70 96 75 28 58 4 48 124 124 55 70 76 124 25 124 16 10 124 124 82 124 124 123 105 124 124 124 124 13 37 87 123 7 19 105 70 124 91 124 124 72 4 112 90 78 124 13 16 124 124 51 124 124 124 54 87 31 105 7 42 31 
46 5 66 55 0 39 5 12 16 56 115 73 124 97 90 124 124 124 52 124 78 124 124 36 124 124 79 81 43 111 48 15 75 103 117 82 124 49 124 124 6 76 12 124 88 124 124 75 96 1 124 28 124 124 13 48 105 33 111 124 124 57 114 13 124 93 124 82 63 124 124 72 124 12 102 19 28 123 67 124 124 
80 14 26 46 14 0 72 42 6 77 120 124 124 124 54 124 66 7 51 106 124 124 9 70 124 52 124 124 124 73 39 12 79 73 106 117 124 13 124 124 114 124 18 43 99 108 57 124 124 24 15 22 72 88 43 124 124 46 19 81 106 124 9 78 120 124 123 31 124 75 36 124 124 124 124 120 15 4 85 124 124 
6 11 35 70 42 42 0 8 23 3 67 124 25 124 124 124 18 124 111 4 124 52 114 124 124 9 55 33 70 124 106 31 43 64 124 22 4 124 103 12 48 124 124 9 85 114 111 120 124 64 15 52 124 69 115 124 3 117 124 79 124 24 36 124 10 124 7 124 121 72 124 114 124 102 124 54 100 76 18 124 124 
52 33 13 47 25 3 72 0 50 32 124 124 124 124 124 94 94 124 124 124 42 73 124 87 30 84 85 124 63 124 70 124 30 85 124 124 124 76 124 111 124 66 124 124 21 124 60 124 31 124 124 94 124 36 31 124 100 124 100 124 6 117 124 45 13 124 124 118 42 67 60 22 124 124 3 124 124 84 22 1 19 
66 82 82 46 68 22 58 41 0 72 12 87 124 124 124 16 111 124 55 7 1 124 124 124 81 63 84 42 16 76 124 34 124 10 115 16 51 117 21 109 115 105 3 90 72 124 12 34 124 60 12 15 124 58 102 124 124 99 124 90 124 61 124 124 10 57 124 124 88 124 124 72 124 114 124 45 52 69 118 66 124 
32 24 39 62 24 5 32 34 73 0 94 124 124 87 22 124 15 124 108 124 108 78 100 124 124 82 124 46 69 76 82 45 123 109 124 42 124 52 124 72 124 94 52 49 124 88 124 10 16 73 6 124 4 103 76 69 106 124 40 87 121 72 124 73 124 108 99 85 124 124 6 124 124 124 22 21 124 67 46 88 124 
79 109 115 39 43 67 124 79 124 124 0 11 38 28 54 76 25 80 74 81 13 124 1 111 124 54 58 124 111 106 99 105 124 42 124 52 18 36 3 124 27 124 124 124 124 30 48 55 124 66 124 27 24 24 70 124 37 6 124 124 124 58 21 94 124 124 121 124 76 58 78 114 12 9 124 124 114 70 19 124 124 
25 30 21 97 73 33 21 124 124 54 74 0 61 82 10 71 53 15 33 40 90 124 16 111 49 21 124 124 30 49 25 117 72 16 100 124 124 24 69 58 49 54 124 124 124 85 124 109 105 109 66 111 124 124 118 81 45 87 87 18 96 27 124 124 105 58 124 34 124 18 124 6 93 112 97 18 124 124 4 124 124 
111 37 124 63 124 7 124 115 55 46 36 65 0 16 22 28 61 38 54 4 124 124 124 124 93 124 91 93 124 124 27 124 70 124 118 85 124 46 120 93 124 124 112 114 124 124 52 124 114 10 87 124 109 57 124 108 124 124 124 124 124 124 124 97 88 55 64 124 54 124 39 124 124 124 30 78 124 54 124 102 124 
124 85 85 124 91 124 78 124 64 124 46 24 3 0 30 38 37 56 79 16 54 124 124 124 6 120 124 94 66 51 124 7 124 123 49 124 112 66 124 124 21 124 40 96 10 124 117 33 1 51 30 6 103 25 124 124 7 124 124 124 52 124 124 124 124 63 54 73 43 118 61 124 124 124 112 67 124 18 124 85 124 
81 112 124 76 124 124 69 124 70 124 61 37 18 30 0 56 82 11 18 29 69 30 3 124 124 124 40 124 124 124 124 55 105 40 124 1 124 18 39 24 54 63 124 55 64 42 124 124 91 105 49 39 124 88 112 45 124 124 10 124 112 124 72 124 124 112 3 124 124 124 124 96 124 124 49 124 52 63 1 124 72 
66 103 124 124 91 118 3 103 124 123 63 72 2 44 68 0 0 14 49 45 124 4 124 78 124 85 124 93 45 21 111 55 121 34 124 46 102 3 21 124 124 88 124 21 109 31 30 45 76 40 66 51 111 124 4 91 111 79 94 18 124 124 124 49 88 10 9 21 33 117 31 22 78 124 93 21 117 90 102 70 124 
124 88 124 108 112 27 6 124 106 118 54 13 44 0 10 15 0 43 82 23 25 124 124 10 124 90 52 90 103 90 63 124 124 69 34 124 124 106 124 25 96 97 123 63 93 124 93 115 97 124 72 94 124 51 61 100 124 124 99 108 115 82 22 4 82 109 124 36 51 82 124 124 64 124 75 72 118 61 21 124 124 
73 31 31 124 111 88 124 84 73 79 61 4 4 77 64 41 32 0 22 76 84 109 91 49 124 124 90 88 51 108 120 124 40 124 13 1 124 123 124 124 124 94 16 48 75 124 120 124 124 124 66 97 124 124 124 58 124 37 61 103 78 93 124 124 79 124 124 72 124 49 124 124 124 33 124 4 12 124 123 106 124 
124 120 124 76 105 63 124 124 13 124 82 70 78 41 20 34 13 23 0 76 124 76 124 7 15 111 114 124 21 124 33 99 105 39 90 120 54 124 64 21 18 31 51 115 61 66 28 99 39 66 124 69 64 10 117 124 124 124 73 124 124 124 124 63 67 79 124 124 124 124 124 64 30 124 63 72 48 124 124 112 18 
124 73 124 121 42 124 87 58 111 22 46 13 79 10 41 1 16 10 9 0 55 109 124 124 27 45 58 100 123 67 87 109 124 105 43 124 124 124 124 124 30 124 124 12 70 97 124 70 124 106 7 27 1 124 124 57 124 46 124 124 124 124 34 124 124 124 117 75 54 70 124 124 124 67 33 124 124 124 19 22 124 
55 3 124 88 124 106 67 37 4 10 4 78 70 124 103 15 72 124 124 75 0 54 48 22 44 67 45 8 4 11 124 124 49 79 60 58 105 103 124 46 124 124 124 18 96 105 78 124 124 57 124 96 31 67 124 96 57 73 15 124 4 124 46 63 52 124 64 108 88 82 55 124 124 48 69 124 13 124 90 124 55 
37 42 123 124 18 124 24 124 124 70 124 124 3 25 73 42 66 124 24 124 6 0 33 70 35 6 35 38 49 46 124 124 96 124 124 30 84 55 124 100 124 99 124 45 124 55 58 37 121 124 124 46 114 100 124 124 27 15 117 52 91 22 124 72 40 124 124 124 124 21 124 34 124 103 124 124 87 124 124 42 124 
124 69 73 12 121 88 72 124 124 124 85 124 4 45 124 124 97 42 124 84 6 70 0 59 80 38 42 40 51 50 48 66 85 124 124 124 124 124 91 96 124 124 75 58 42 105 60 124 124 124 99 1 124 97 114 124 76 6 82 124 40 124 115 124 124 124 102 124 42 63 124 105 96 111 117 124 4 124 48 124 115 
124 114 34 88 25 109 112 25 105 124 124 88 87 19 124 16 19 55 31 124 58 13 45 0 11 44 82 17 54 46 121 37 124 69 25 18 57 13 124 124 19 31 124 124 81 124 124 124 124 112 15 36 13 58 124 33 27 49 123 70 118 99 45 105 124 124 123 48 79 54 36 42 85 115 73 124 25 124 108 124 124 
124 124 79 1 39 121 114 79 124 93 124 124 124 42 114 124 124 85 54 81 62 18 60 14 0 24 44 6 68 78 124 124 42 1 85 81 37 124 25 57 33 112 16 124 90 45 81 111 6 124 124 124 49 64 117 97 124 54 85 6 52 87 124 93 124 69 45 124 124 124 124 102 97 124 6 4 28 109 34 124 84 
124 39 82 124 124 124 124 124 124 123 55 124 124 94 90 124 124 64 124 124 69 48 7 22 79 0 64 58 56 65 124 49 124 73 105 84 36 18 124 45 124 82 69 124 124 124 114 120 40 106 124 91 124 102 4 108 124 60 124 84 100 22 124 124 124 124 115 124 91 124 124 37 124 124 1 124 124 124 97 22 124 
85 37 97 124 124 19 57 124 124 124 124 124 9 75 102 76 115 121 124 124 28 12 56 3 33 36 0 70 54 72 124 78 106 42 124 124 64 106 70 124 12 124 84 55 54 40 15 120 100 13 124 124 88 124 121 43 58 87 124 124 9 52 124 49 25 19 106 36 124 18 124 124 124 124 124 24 40 25 121 124 124 
45 124 73 103 99 22 124 64 109 93 120 28 28 124 15 124 124 106 100 124 64 53 46 61 25 80 10 0 80 20 40 124 69 15 4 36 124 103 124 28 120 57 124 124 55 124 7 124 124 124 7 103 24 60 42 55 13 124 55 33 49 4 51 84 121 15 124 124 43 82 43 79 79 12 1 60 124 124 124 28 66 
124 63 117 94 46 81 124 109 22 51 36 124 21 124 108 124 96 124 79 36 46 40 13 56 44 22 52 20 0 53 124 75 76 36 16 118 46 96 63 124 1 124 124 3 13 124 34 114 96 42 49 36 25 49 124 105 124 4 64 64 7 124 124 13 19 54 108 124 9 72 4 124 124 31 39 124 52 16 106 6 69 
48 124 124 124 52 124 49 55 51 123 106 117 124 124 124 13 9 96 52 28 9 24 28 68 41 2 80 32 54 0 111 51 67 70 117 70 90 124 124 124 40 12 124 1 124 48 117 93 81 51 99 57 46 124 123 124 96 4 12 124 79 112 67 73 117 67 124 124 84 70 124 124 111 124 37 70 70 124 69 124 124 
124 7 43 124 78 66 124 33 13 91 124 124 31 124 27 124 106 103 124 42 120 13 102 55 34 69 97 124 103 124 0 40 26 50 59 20 4 2 78 25 72 124 1 124 76 79 81 55 124 124 124 24 76 124 124 27 118 124 124 97 85 118 124 25 124 124 124 6 88 79 54 12 63 21 55 96 124 79 37 3 124 
37 10 94 117 94 111 102 48 124 124 108 124 36 124 36 84 124 124 99 124 115 6 115 3 106 67 45 21 124 124 68 0 2 29 60 81 46 30 80 14 34 124 124 16 124 124 124 111 111 31 7 39 124 102 124 111 9 124 70 55 90 124 106 118 31 63 76 111 28 4 124 106 30 124 124 55 67 30 61 63 124 
124 49 21 7 78 109 37 124 124 114 64 24 124 102 124 117 114 6 60 115 124 124 124 63 40 15 49 124 124 78 72 64 0 24 20 26 26 3 60 13 108 67 114 124 69 36 124 124 123 76 109 31 124 33 21 99 124 12 124 124 124 124 109 124 124 124 57 124 124 124 124 42 124 124 33 124 55 49 124 124 124 
48 102 43 16 36 124 124 15 124 124 124 124 124 16 112 3 52 102 124 124 124 124 124 124 33 13 28 46 31 99 51 39 34 0 59 25 81 44 29 16 96 109 18 124 39 100 108 112 124 15 124 70 99 124 124 24 124 67 120 60 94 124 124 52 121 37 111 124 6 109 4 84 124 105 81 124 45 117 76 36 118 
124 54 52 42 124 16 22 124 82 124 1 124 48 124 94 72 24 54 124 124 37 1 60 94 21 124 96 87 124 124 44 62 60 12 0 20 68 52 45 32 63 78 22 16 108 82 124 46 124 25 124 118 124 124 69 1 124 1 112 24 118 124 124 16 88 124 124 67 33 90 124 124 106 114 115 9 51 124 82 124 84 
124 49 51 124 33 16 118 18 124 124 73 58 114 13 9 124 73 4 10 54 117 100 124 118 73 12 124 70 124 16 26 35 24 56 51 0 76 8 57 28 82 124 124 28 6 19 70 52 124 124 124 124 108 124 103 124 49 60 28 51 90 114 106 88 19 121 78 60 69 124 91 19 60 114 124 33 13 112 81 115 33 
48 124 58 121 76 84 48 105 1 69 12 64 124 1 43 67 109 124 124 106 121 30 124 31 124 111 78 30 82 100 70 54 60 82 38 65 0 36 24 24 39 124 123 25 39 12 124 87 70 52 96 64 19 103 102 120 124 42 52 18 51 117 94 87 124 124 6 103 3 118 99 124 124 75 31 124 124 85 91 36 124 
67 49 124 124 124 60 99 61 93 48 73 51 16 75 91 124 36 9 124 124 24 124 124 18 40 124 120 9 124 84 24 20 2 72 72 24 72 0 15 58 124 102 94 46 124 124 124 39 124 90 106 124 46 124 63 48 108 78 40 54 66 73 124 24 76 16 73 88 124 105 115 124 15 124 19 106 64 124 45 124 61 
124 22 124 100 121 30 9 33 124 7 124 21 63 96 6 112 123 43 124 52 124 30 97 57 124 55 21 94 96 112 78 34 13 32 43 15 24 40 0 14 84 124 108 87 55 45 40 124 124 124 124 124 99 108 108 115 22 105 90 124 108 96 124 103 91 111 70 7 124 6 102 93 57 124 84 124 18 85 45 112 42 
105 52 108 36 124 124 43 88 124 22 49 37 91 85 49 10 124 88 124 3 90 124 100 81 124 124 124 16 58 9 36 32 78 23 20 6 56 70 27 0 124 124 85 124 102 108 124 124 124 79 48 64 82 124 84 64 81 15 7 33 124 124 124 75 66 124 52 91 91 22 124 115 37 51 85 58 31 124 69 84 91 
106 63 1 58 100 54 124 100 54 9 4 91 96 66 124 24 124 111 1 4 114 124 63 124 124 93 55 124 82 124 124 124 34 48 67 40 18 124 15 69 0 76 56 60 46 60 72 32 67 27 18 124 124 19 91 124 66 124 124 84 124 124 124 72 124 103 114 118 124 34 124 27 124 124 37 99 70 102 117 124 124 
124 43 12 61 102 45 124 25 52 54 124 61 55 120 124 124 18 70 73 124 21 124 10 28 124 124 85 82 124 105 70 90 37 55 28 118 105 124 100 78 62 0 28 74 50 54 20 8 29 29 124 3 123 124 124 118 124 114 120 76 19 69 43 22 6 124 124 124 91 10 43 21 78 34 72 124 109 124 124 100 124 
79 124 123 27 16 93 3 124 124 124 51 4 112 12 115 46 124 39 90 85 124 124 31 120 106 124 48 124 21 124 124 94 124 124 93 121 9 6 91 73 50 59 0 3 58 75 39 18 16 76 57 124 124 124 63 124 19 124 94 79 100 46 111 78 67 21 124 124 124 103 124 22 66 124 124 27 66 124 124 124 78 
124 15 82 124 124 124 39 93 39 118 85 82 42 124 124 70 115 124 124 66 4 81 105 6 120 60 33 85 24 124 69 124 21 18 3 124 73 124 66 115 70 40 21 0 25 62 61 64 7 28 124 60 118 124 103 124 97 124 111 124 124 124 124 73 88 4 54 84 12 112 67 6 124 103 124 85 117 94 106 124 124 
124 76 124 124 124 115 6 22 106 4 54 31 81 57 78 124 124 4 124 13 124 124 124 73 99 124 37 67 12 31 46 13 73 69 106 93 124 19 24 108 74 44 64 55 0 74 17 14 25 72 124 118 124 73 22 124 15 124 124 55 15 78 31 12 124 55 43 60 105 121 36 124 102 40 7 112 117 124 124 57 123 
82 73 63 25 28 21 16 99 124 70 108 3 87 124 7 55 42 49 45 124 124 58 58 124 31 124 124 72 106 124 124 102 124 91 72 120 124 124 100 100 53 31 4 19 14 0 79 28 37 77 63 6 1 124 124 91 124 124 124 91 124 124 69 124 66 82 124 46 55 90 30 19 36 111 124 124 124 120 72 124 39 
70 6 45 124 43 81 87 124 15 70 124 111 124 124 124 124 124 49 42 42 21 102 121 10 124 124 57 60 124 19 21 124 124 16 70 124 102 73 28 45 23 62 61 28 35 77 0 79 34 18 124 109 124 51 124 60 21 18 46 124 124 124 124 72 124 121 85 124 93 18 124 34 87 124 124 103 91 91 108 124 18 
24 108 124 9 46 124 111 124 69 124 99 124 91 124 69 124 13 55 49 124 124 76 112 124 124 124 124 45 124 13 103 99 124 76 124 30 21 79 124 124 75 24 78 77 78 42 41 0 81 50 57 33 124 124 124 54 34 109 124 49 124 49 124 124 82 43 124 124 97 124 7 124 124 39 85 46 24 124 112 124 52 
124 1 124 124 124 55 45 70 96 93 69 13 22 124 124 18 124 124 76 1 66 109 124 124 124 52 124 109 118 115 49 76 76 105 39 121 51 21 124 124 9 2 17 39 32 81 66 12 0 64 124 61 46 124 48 10 93 105 43 30 120 96 124 4 124 102 88 22 117 4 22 76 4 90 75 124 88 42 124 49 123 
124 79 58 15 124 52 81 124 124 105 118 87 124 75 124 124 124 124 108 90 120 48 105 73 124 124 36 124 117 124 82 85 124 60 124 76 81 90 15 97 79 2 43 36 72 6 26 66 6 0 4 31 124 73 36 124 124 108 33 105 78 10 79 22 124 124 124 19 124 124 124 124 124 90 124 115 124 45 121 114 90 
124 124 124 34 66 10 124 91 124 124 25 124 55 64 25 115 36 4 73 124 16 114 33 79 19 124 124 79 28 13 85 124 114 39 22 76 81 124 54 88 58 124 76 34 46 124 124 13 121 63 0 26 76 2 59 12 54 50 64 38 42 124 90 100 124 124 31 108 124 55 124 82 124 124 124 34 34 31 124 9 60 
124 30 81 22 40 37 124 12 124 124 63 70 7 124 69 19 100 60 3 124 94 124 124 12 24 21 58 124 34 72 63 34 124 12 4 124 124 6 24 42 88 25 34 124 111 124 120 124 24 75 60 0 68 58 54 68 16 34 46 18 33 124 6 39 7 124 1 124 124 97 124 124 76 102 103 124 100 123 27 124 28 
33 73 42 100 60 124 61 124 25 124 123 124 9 118 19 124 124 67 123 124 109 6 33 124 21 124 124 36 9 55 57 45 124 51 48 37 57 124 118 33 124 93 124 124 75 124 70 48 108 124 68 34 0 67 9 22 45 23 18 34 102 28 33 124 124 31 124 22 1 124 27 27 9 124 48 124 124 36 124 117 96 
67 124 75 36 4 100 117 124 124 124 124 115 3 60 55 105 25 124 124 1 124 6 124 124 117 124 108 124 60 124 124 124 102 34 124 124 124 93 97 48 124 22 124 58 48 111 45 45 31 124 68 51 44 0 70 8 81 22 1 82 124 30 124 48 124 103 124 75 69 15 124 85 57 82 61 72 4 22 121 3 69 
105 124 124 91 27 28 55 3 87 124 124 112 54 124 87 124 109 15 124 10 124 16 124 124 124 97 73 84 106 60 124 82 124 118 124 124 90 114 1 124 40 103 34 79 48 105 124 22 124 43 6 38 48 59 0 34 24 7 76 6 124 67 124 124 45 121 124 124 76 46 124 84 37 28 96 114 13 124 124 120 103 
117 124 51 124 85 1 124 123 12 124 91 27 25 34 91 10 63 124 112 120 1 12 18 85 124 124 7 121 111 121 124 118 28 124 124 124 39 124 75 109 3 102 124 28 46 48 124 67 3 22 64 58 50 20 31 0 57 24 45 49 111 85 6 96 85 37 73 114 124 124 87 124 124 90 124 72 124 45 21 10 1 
124 4 124 124 43 124 124 124 79 124 124 13 48 30 124 124 124 88 124 31 124 112 124 124 124 124 85 108 124 124 28 28 124 124 96 109 70 7 7 58 124 124 124 112 112 16 118 124 124 28 47 57 20 7 59 46 0 44 80 82 124 106 100 9 124 124 42 64 124 61 94 124 43 124 55 28 52 81 37 90 124 
124 34 124 124 63 124 9 43 64 124 124 45 124 91 123 16 54 124 78 124 124 16 124 34 124 124 115 124 66 72 69 102 54 121 76 124 124 111 67 66 118 90 40 100 121 90 27 118 87 75 14 47 20 50 6 46 17 0 34 14 124 111 124 64 94 75 30 87 124 124 22 124 51 121 96 100 60 19 75 28 114 
103 58 4 70 124 111 9 124 60 117 100 109 124 81 124 19 18 124 25 84 55 67 124 124 124 88 9 120 102 93 19 42 75 45 43 37 4 84 34 6 63 123 124 21 15 15 123 109 13 54 78 7 64 24 64 13 5 26 0 22 124 61 24 124 24 49 28 124 22 52 33 57 46 124 120 124 99 84 34 91 124 
124 37 67 124 85 124 64 124 111 105 84 64 118 124 64 111 124 100 124 78 124 124 124 88 124 108 124 94 25 124 15 120 51 48 124 15 124 117 106 43 79 124 124 108 19 33 124 84 124 124 44 44 24 43 43 48 49 60 64 0 42 108 27 114 15 102 12 31 39 52 84 124 9 15 124 120 49 40 124 124 124 
124 60 57 124 124 19 109 97 30 67 58 75 9 124 58 81 4 124 39 102 73 124 124 88 124 51 124 120 72 124 73 124 124 13 6 45 124 63 51 124 69 15 49 124 67 124 27 97 27 124 124 93 76 118 124 124 28 45 124 106 0 58 38 20 4 40 24 20 63 4 6 76 60 124 124 46 61 31 22 39 124 
124 124 55 124 124 124 16 115 69 124 69 111 124 93 75 124 78 85 124 19 108 105 124 36 48 124 90 54 58 88 99 109 31 124 10 100 124 102 124 99 19 4 124 3 43 93 124 124 102 10 100 123 37 66 124 96 103 21 124 78 67 0 35 11 70 68 57 13 31 14 124 124 124 124 61 66 96 124 108 61 124 
21 100 102 124 124 108 9 9 124 124 124 109 43 67 124 60 124 124 124 124 124 57 97 124 57 52 9 124 51 54 90 124 124 124 121 91 42 124 21 124 124 81 124 4 45 66 124 75 3 21 112 12 124 10 117 118 51 124 124 94 60 48 0 14 79 37 42 69 66 82 124 124 106 91 52 25 118 124 52 88 124 
76 124 75 124 90 96 49 64 105 39 124 99 124 123 1 124 124 39 36 124 124 10 34 43 106 99 85 124 25 124 58 15 124 124 124 61 124 6 30 124 54 28 90 93 124 100 124 97 124 123 124 111 124 21 124 31 97 9 46 121 22 26 76 0 46 49 81 53 44 22 124 91 34 124 16 106 6 37 99 13 124 
124 7 9 42 124 4 97 54 33 42 34 124 124 82 124 6 124 124 124 124 61 124 61 124 108 19 43 124 13 3 13 124 79 124 67 100 124 72 109 124 100 64 100 105 123 124 87 91 49 1 124 124 37 75 123 46 115 7 108 81 67 50 7 82 0 8 44 44 24 54 124 124 124 118 109 124 16 124 124 124 100 
124 33 111 124 10 21 102 15 124 124 124 124 114 88 6 124 124 108 118 61 39 19 54 84 124 124 124 36 43 54 94 58 16 1 93 124 70 124 90 124 22 81 124 6 124 115 124 4 121 88 22 1 43 124 63 124 108 22 124 18 46 58 12 21 28 0 30 42 50 80 111 58 124 124 117 28 39 124 15 124 18 
114 124 27 124 97 106 108 57 124 124 124 43 69 43 124 12 70 42 10 69 120 13 124 124 48 21 124 63 124 124 46 105 100 61 124 28 124 124 54 42 111 124 52 40 57 124 9 90 124 18 73 24 103 124 124 13 108 124 124 124 2 73 14 34 26 26 0 55 51 54 28 115 124 10 124 124 105 108 82 124 43 
51 124 76 13 124 49 114 124 124 4 124 106 103 22 124 124 63 96 51 70 40 22 115 63 84 124 124 124 72 115 124 124 12 3 87 124 124 31 12 120 112 118 124 28 69 124 124 58 117 103 124 124 15 114 102 124 124 24 109 120 35 8 80 2 76 40 0 0 58 67 85 124 27 97 34 33 115 85 124 124 79 
91 57 103 22 124 46 40 124 117 18 90 97 124 25 120 18 124 124 124 72 91 124 100 19 114 124 72 124 90 120 124 124 19 124 30 1 124 100 124 96 1 51 48 76 52 114 121 124 121 124 51 124 43 124 124 61 124 73 19 124 72 9 49 62 46 32 71 7 0 62 15 105 124 30 121 124 87 42 97 124 124 
94 67 96 51 124 103 28 52 21 102 102 57 124 100 124 121 124 124 124 15 114 64 1 124 94 61 88 66 19 42 73 19 37 79 10 124 124 82 124 63 99 124 60 33 124 57 72 57 46 64 105 99 124 46 124 99 72 4 4 37 50 18 5 76 71 19 43 76 70 0 124 33 124 73 18 9 111 6 124 46 40 
124 108 6 114 49 28 42 18 19 49 100 124 18 124 64 43 88 90 124 15 121 124 102 37 96 52 46 21 124 120 79 124 63 124 28 45 124 124 22 124 18 82 111 124 105 34 124 124 75 42 28 100 105 84 124 124 124 39 78 124 93 10 124 88 99 124 124 118 111 55 0 52 58 82 17 16 32 4 7 28 124 
124 48 120 10 124 6 100 123 57 21 124 57 10 67 103 118 15 46 18 124 55 15 124 42 124 124 24 34 22 72 81 124 106 69 69 3 124 124 94 96 100 87 55 124 99 103 115 54 34 124 24 124 93 76 42 109 124 124 124 124 124 111 124 88 124 48 24 10 123 79 4 0 12 62 4 69 8 57 28 2 120 
30 88 124 6 124 124 30 4 85 76 106 12 40 70 124 55 3 114 103 73 73 124 73 124 55 96 124 25 58 124 124 87 33 75 27 66 124 51 22 124 10 124 7 124 67 124 88 79 43 118 7 69 124 124 115 124 82 124 105 48 93 124 39 31 124 124 117 58 9 49 44 62 0 20 6 36 43 74 0 20 84 
124 28 88 124 36 124 18 108 124 52 124 112 81 124 75 124 84 124 21 72 84 123 123 124 7 106 39 124 3 21 28 16 4 13 100 90 106 124 124 84 120 4 124 93 115 124 36 124 124 31 124 124 124 91 84 55 124 33 40 124 120 124 88 124 19 9 124 61 124 124 14 63 49 0 22 47 15 28 64 40 12 
109 76 99 124 112 124 124 19 64 70 124 124 124 78 124 124 84 124 109 40 24 124 124 94 124 124 124 31 73 124 100 40 123 124 84 58 15 124 28 25 24 58 70 124 124 124 78 25 79 75 12 96 124 15 81 69 3 124 33 124 73 124 36 36 4 124 21 97 39 106 12 52 40 69 0 18 60 29 12 47 49 
34 49 69 43 124 54 124 70 55 7 57 124 124 106 37 124 42 36 124 124 124 124 124 124 36 6 81 72 96 124 88 124 124 102 78 85 123 124 124 21 124 3 90 100 78 49 70 124 96 124 109 124 121 124 106 52 13 84 90 88 76 57 76 78 70 91 36 82 10 124 42 2 57 2 82 0 79 16 5 4 124 
124 46 124 64 49 54 69 7 37 31 124 111 108 36 115 39 124 124 103 84 124 10 36 79 112 31 124 12 124 91 1 72 72 124 67 124 85 114 124 124 124 124 64 124 42 36 96 10 124 18 124 112 124 37 112 103 124 118 1 111 124 55 124 108 22 99 82 70 124 124 74 53 52 27 48 48 0 21 80 50 123 
124 124 9 124 121 24 33 72 12 124 49 3 99 105 93 36 85 124 48 67 117 124 66 49 124 103 109 49 15 34 124 124 61 124 124 124 12 18 94 123 15 103 54 31 124 124 10 69 69 22 124 31 75 28 96 124 76 43 124 124 66 75 39 124 124 57 15 124 124 124 18 19 54 15 20 36 77 0 81 76 31 
39 124 109 108 108 124 27 124 124 64 57 124 124 79 117 124 117 28 124 73 9 60 16 124 39 102 124 124 63 124 124 124 10 112 124 28 112 124 124 124 124 30 99 124 57 97 124 30 1 124 97 124 66 124 79 124 124 9 124 66 81 124 36 73 84 7 124 73 124 124 13 26 77 52 58 36 40 54 0 22 13 
106 78 103 61 52 124 39 25 124 16 105 111 124 124 42 111 124 49 124 90 51 52 124 124 114 72 22 10 40 13 63 124 124 25 55 75 124 124 124 87 75 61 114 27 31 124 124 94 70 25 67 124 124 93 96 124 124 57 124 37 79 109 112 88 124 55 97 69 124 99 18 75 52 67 30 44 55 13 54 0 120 
22 124 123 76 124 58 10 124 94 36 124 124 124 84 54 69 16 124 87 124 124 124 124 46 48 90 124 103 66 124 27 33 124 121 43 15 27 117 67 57 124 78 3 124 124 54 124 22 124 3 96 10 124 72 94 37 6 106 115 16 106 124 76 52 124 93 69 16 42 124 124 30 124 124 124 7 124 124 90 105 0 
