n: 80
m: 8
Pi:U[1-99] 77 82 55 64 54 93 81 50 51 66 67 63 67 24 99 41 23 67 49 66 90 1 73 67 58 22 16 33 12 70 1 36 39 90 56 93 75 88 32 95 2 17 32 75 82 49 16 12 91 21 2 96 62 99 40 81 93 9 7 55 59 76 56 85 43 96 68 20 68 99 47 67 40 61 81 9 91 32 46 17 
Si:U[1-99]
0 60 28 56 49 41 23 50 7 38 72 21 31 46 91 99 73 99 99 22 52 99 99 25 99 72 54 1 66 99 45 3 78 99 72 64 30 61 12 99 60 94 99 22 99 63 99 55 99 4 72 90 99 99 52 99 99 58 4 99 99 99 75 99 99 99 99 96 99 28 99 99 94 76 99 27 30 99 70 28 1 
22 0 39 60 37 18 2 65 6 37 72 87 99 99 34 15 21 99 9 69 99 43 78 31 99 99 76 99 13 76 39 66 99 99 36 93 51 25 13 99 99 88 99 99 46 72 15 76 60 7 61 45 99 40 55 67 94 52 78 34 34 7 99 73 99 93 81 81 18 52 31 99 31 79 45 99 9 27 55 99 55 
42 45 0 21 64 0 8 32 36 26 33 99 21 87 85 99 99 37 63 60 63 6 79 34 54 60 99 3 54 36 99 42 99 99 99 88 34 99 99 6 99 99 43 99 79 60 84 37 70 3 99 31 85 82 24 58 99 61 25 33 51 84 51 90 10 99 48 49 99 99 28 94 99 93 81 58 15 66 87 69 31 
2 65 16 0 23 21 24 50 57 3 99 85 99 9 94 99 99 67 99 96 60 87 99 99 99 13 49 19 72 69 7 12 79 99 16 99 24 99 96 94 9 49 31 49 6 99 81 39 25 99 4 90 99 99 99 99 99 60 99 25 16 79 10 58 96 87 91 99 1 54 25 7 99 34 72 99 46 39 99 12 99 
21 40 61 58 0 7 58 47 6 48 21 99 66 66 10 39 72 99 40 81 24 40 99 72 1 99 99 99 94 99 70 48 99 58 25 40 99 87 99 99 49 55 99 3 25 99 99 99 91 99 99 9 9 15 90 99 61 70 37 99 99 96 31 82 99 99 99 99 99 85 42 58 93 7 21 40 94 7 87 9 16 
18 32 60 56 62 0 34 48 48 52 15 99 99 43 75 40 64 16 97 99 18 4 97 87 30 15 16 63 45 93 30 99 45 99 99 99 93 30 99 48 45 27 78 99 99 69 64 15 93 33 99 13 10 63 84 99 42 52 99 3 99 58 69 93 46 97 34 51 10 61 81 61 99 46 49 82 99 34 97 69 99 
60 56 56 42 62 45 0 35 22 19 69 19 79 36 39 10 24 69 99 99 99 45 99 72 99 70 99 24 99 18 88 4 99 99 99 37 58 99 21 57 99 40 42 58 24 75 96 7 99 99 70 99 97 99 10 27 82 99 21 99 57 99 67 90 70 78 99 15 99 69 84 99 72 24 36 9 99 84 79 96 97 
2 34 48 54 37 3 64 0 2 52 99 99 97 73 13 3 58 46 99 99 7 99 99 99 79 69 99 21 99 99 99 99 7 99 94 69 99 21 93 72 99 73 99 99 10 58 99 55 94 99 99 28 73 42 99 99 99 99 94 99 19 99 18 99 7 99 43 22 75 99 42 99 99 46 87 22 24 67 99 94 6 
25 13 65 41 44 58 8 46 0 50 99 99 99 99 99 88 99 54 75 31 99 49 58 61 99 45 99 87 96 52 69 19 88 99 99 99 42 12 99 67 48 99 81 88 99 3 99 99 99 1 82 82 51 72 76 99 99 99 99 99 49 70 94 51 37 60 69 99 99 58 37 99 67 99 64 48 99 78 12 21 99 
37 34 58 16 36 50 28 35 48 0 99 99 6 99 99 3 76 30 84 84 97 37 85 51 33 99 99 85 99 6 93 37 54 28 99 18 84 99 64 99 99 99 99 12 85 73 99 91 99 81 99 66 12 67 84 93 57 99 99 42 36 97 97 91 22 10 99 99 99 4 30 99 99 22 87 46 99 97 87 99 99 
99 99 30 12 15 61 37 36 4 54 0 40 18 11 56 44 62 36 32 3 99 84 57 27 99 99 85 99 99 37 19 49 99 85 99 99 99 19 87 75 99 90 3 69 99 27 99 99 49 52 99 10 1 99 99 99 7 79 43 34 61 99 36 24 99 43 6 70 82 99 87 99 25 70 69 99 16 99 99 60 96 
99 9 99 6 99 15 76 99 85 57 10 0 41 6 33 23 45 62 26 55 72 87 22 37 31 76 60 99 99 13 99 45 99 69 54 42 6 99 91 3 96 99 99 99 6 63 99 99 99 99 19 94 99 9 99 94 64 99 99 13 99 49 30 99 43 1 97 54 99 99 55 99 60 99 99 99 99 99 63 93 61 
10 46 96 21 1 67 99 27 99 76 59 3 0 48 48 25 57 58 20 26 99 6 16 99 63 28 1 99 36 97 57 99 99 76 37 99 39 99 51 78 99 58 46 99 99 97 99 99 99 61 99 99 49 85 64 61 40 22 93 76 49 99 72 99 9 99 69 84 24 12 48 40 7 99 7 99 43 13 99 99 99 
99 99 45 16 13 9 99 93 22 99 9 12 48 0 59 28 3 64 64 30 39 81 99 7 12 84 99 90 3 45 99 7 99 82 85 70 24 78 15 87 99 60 99 58 43 33 99 52 58 52 10 99 48 79 99 9 99 94 1 37 99 27 10 88 72 3 39 55 78 99 31 99 99 48 79 94 60 61 37 99 30 
99 99 84 54 99 57 27 45 79 78 27 23 38 10 0 30 12 34 56 48 27 36 76 7 99 21 13 99 67 99 99 6 67 81 37 52 99 34 42 30 99 69 13 99 99 99 94 99 31 61 37 99 61 75 97 78 12 79 51 10 88 75 46 99 39 37 67 36 67 43 99 40 78 25 99 73 10 99 78 46 21 
99 12 73 28 84 82 90 87 49 81 44 58 16 60 2 0 50 38 19 15 54 99 99 64 99 90 99 99 90 99 99 96 43 88 48 72 1 12 90 99 99 46 97 99 9 81 51 24 19 72 99 6 99 88 85 99 99 4 58 99 3 13 30 76 7 99 99 99 3 99 99 85 66 99 82 85 88 99 85 46 99 
99 57 99 99 57 99 51 43 70 43 57 57 26 8 20 14 0 46 40 29 52 12 99 40 99 99 99 85 90 51 7 99 25 64 99 37 99 99 99 9 99 94 61 49 64 99 37 94 42 24 99 99 4 12 99 46 52 99 88 27 64 99 21 99 78 54 99 99 60 99 87 63 99 99 99 88 13 43 99 93 63 
99 66 99 99 33 57 46 99 1 63 18 56 34 37 23 60 58 0 31 46 99 99 99 37 64 99 55 99 30 99 12 79 99 99 99 1 24 88 67 1 31 49 99 12 99 1 24 52 48 99 60 51 13 99 3 81 66 94 99 30 93 1 10 82 99 99 43 99 3 9 37 18 91 63 76 63 7 99 64 88 3 
99 99 45 76 99 99 63 99 88 63 22 10 26 27 22 34 43 37 0 9 99 96 99 63 99 99 99 99 97 99 99 99 91 94 3 99 22 99 99 4 9 31 75 78 60 99 91 48 99 61 52 99 94 64 99 75 99 99 99 51 15 99 73 99 51 99 19 99 94 93 57 99 99 49 99 12 36 21 99 52 37 
99 63 76 99 78 42 99 3 49 1 36 53 60 13 30 59 40 24 24 0 52 49 54 93 91 54 99 97 73 55 99 24 7 78 84 40 28 24 99 60 79 99 99 99 43 99 6 19 99 54 90 6 61 46 99 6 31 9 99 30 87 3 54 49 22 99 18 91 99 99 6 97 54 99 55 64 96 61 78 67 27 
10 99 99 19 45 70 75 30 99 99 19 87 33 27 99 99 27 99 99 99 0 56 57 66 25 14 63 30 50 45 81 87 82 99 85 42 99 12 79 4 16 99 51 51 1 99 99 90 99 87 70 6 4 99 46 72 6 99 72 36 99 25 99 34 99 39 81 99 52 99 99 75 99 82 99 16 54 99 40 48 99 
72 82 99 93 7 99 13 99 54 99 66 54 69 99 99 96 99 99 15 72 42 0 28 26 10 48 10 40 34 22 45 82 61 99 46 99 13 40 99 15 99 99 99 99 1 52 63 66 22 9 99 99 96 99 61 46 99 10 22 99 64 99 99 99 10 99 36 99 85 99 67 13 54 52 93 40 13 99 28 99 45 
19 7 78 55 18 99 1 99 69 97 19 27 78 25 93 72 96 99 40 99 42 40 0 59 21 13 26 20 48 51 99 52 99 79 3 81 99 39 91 99 99 93 99 79 99 37 43 63 7 99 75 51 99 3 73 99 18 46 78 66 33 90 99 18 43 70 15 99 15 42 99 30 27 85 99 99 76 67 58 99 94 
99 85 99 1 99 91 88 19 82 90 84 48 99 99 15 70 4 49 43 99 7 12 20 0 2 63 16 44 52 7 88 55 96 99 58 99 36 99 37 15 91 99 49 99 57 96 9 45 76 79 7 4 93 99 27 85 37 99 39 31 21 54 66 99 76 19 33 66 99 73 6 16 99 27 76 99 54 99 15 99 37 
66 99 99 48 99 79 60 28 69 27 99 97 87 48 99 15 99 10 99 21 24 46 25 36 0 22 16 9 65 60 37 39 7 91 99 60 99 3 78 19 45 99 99 75 45 99 73 99 61 13 88 22 69 42 40 94 3 61 39 96 27 99 40 40 99 25 99 3 57 64 40 82 82 96 99 63 99 87 99 99 63 
99 66 46 81 99 28 13 99 34 70 18 19 1 13 99 51 99 99 99 94 48 32 64 33 58 0 21 49 56 30 96 30 81 12 99 7 69 63 99 99 99 81 13 99 45 73 99 49 19 51 99 88 18 3 43 99 61 99 12 76 9 28 88 99 72 70 99 94 4 88 99 7 99 51 99 99 81 81 66 21 99 
73 99 99 99 99 99 39 99 66 81 99 88 45 99 78 55 99 6 97 61 20 22 44 1 38 30 0 22 64 36 99 99 99 31 7 99 99 99 99 99 3 99 39 97 27 1 97 40 93 48 34 51 19 40 21 96 99 34 99 67 78 16 96 3 7 91 64 88 99 99 99 57 99 99 42 48 25 79 99 72 4 
57 99 46 90 99 99 24 51 9 10 13 99 99 48 99 60 4 30 81 27 37 54 14 34 58 22 49 0 50 60 45 99 97 64 61 99 30 40 99 28 19 30 70 51 48 99 45 99 15 99 96 28 63 51 75 10 99 99 84 1 3 99 90 42 99 21 63 51 99 76 96 99 99 87 81 82 61 99 99 99 34 
99 52 42 99 15 39 94 99 99 58 84 85 49 99 60 45 30 3 61 55 34 51 42 42 0 34 18 40 0 64 69 34 28 34 99 99 6 99 99 90 58 99 99 66 13 10 9 40 12 46 99 99 4 91 55 99 99 99 40 99 99 28 99 87 85 99 12 19 9 91 57 4 15 94 93 64 9 99 64 3 99 
99 18 99 39 96 90 99 99 79 67 16 7 99 46 87 93 88 46 93 90 24 15 38 6 6 64 6 66 44 0 99 99 75 45 99 60 99 45 76 99 99 61 82 28 76 99 64 99 99 9 99 99 99 99 99 28 81 18 90 28 69 70 24 88 99 42 24 60 99 31 99 69 84 39 31 34 99 84 99 99 12 
60 60 99 79 45 99 87 60 99 88 99 99 99 99 99 99 85 70 46 99 25 99 60 90 33 22 99 61 99 6 0 42 56 35 25 36 10 63 35 26 99 24 90 73 90 96 99 61 99 69 57 3 48 99 99 30 6 9 9 66 13 84 99 1 99 37 3 13 12 99 52 24 63 81 37 63 99 99 72 10 88 
99 73 22 25 6 99 99 99 99 99 78 93 37 99 6 99 99 18 21 99 96 99 88 99 22 99 12 9 43 99 63 0 21 34 43 2 18 8 23 42 99 99 99 52 61 30 78 64 84 60 99 99 99 99 55 99 25 99 9 99 69 31 99 15 99 99 99 61 99 99 58 58 28 81 27 55 60 99 99 99 10 
73 99 99 99 76 49 99 66 19 9 99 99 33 99 84 69 99 99 48 99 99 99 75 84 99 31 99 99 99 22 50 15 0 57 24 46 56 44 1 38 72 43 99 99 99 87 30 21 52 99 88 73 49 81 87 99 99 75 13 99 12 99 99 99 12 93 1 99 99 27 48 48 84 85 64 96 84 42 30 99 7 
90 61 99 99 9 46 61 99 99 76 88 7 57 28 52 64 10 39 99 40 55 24 52 7 99 57 60 30 87 3 53 39 20 0 26 43 61 0 22 1 99 88 36 76 52 88 54 4 48 99 99 99 1 99 70 99 99 10 99 12 24 27 16 82 99 66 52 96 64 99 48 99 99 99 99 99 61 40 99 91 99 
21 6 13 99 49 99 99 99 6 30 33 15 6 81 99 61 99 34 55 97 39 24 33 99 93 55 99 97 99 99 54 44 28 32 0 54 37 18 46 59 19 99 99 16 69 31 24 24 69 94 31 3 49 55 4 99 43 9 99 46 39 97 99 99 69 99 18 99 57 75 99 37 64 9 37 43 18 45 1 13 1 
97 21 99 31 88 99 99 99 99 97 70 66 54 90 15 81 64 6 99 30 4 33 30 30 1 31 57 21 66 25 65 6 43 14 12 0 54 46 7 2 99 99 99 61 39 22 31 58 69 48 99 97 99 99 6 99 64 21 99 24 99 69 87 99 63 99 99 43 31 51 99 16 99 58 42 99 99 51 54 99 76 
70 60 99 49 94 69 49 99 69 73 27 13 69 37 55 99 99 72 55 99 15 79 91 19 7 43 73 51 72 99 61 55 28 14 26 55 0 49 47 57 66 34 99 99 33 4 39 99 99 99 99 99 99 25 13 15 33 58 99 99 54 99 99 4 99 51 51 43 40 60 12 15 19 28 70 90 99 18 96 51 99 
87 67 70 97 6 99 82 9 99 19 79 7 99 63 99 4 7 99 30 99 66 4 99 18 99 70 99 60 15 12 4 1 2 9 52 12 24 0 43 7 66 88 36 72 28 96 6 99 99 7 99 48 63 99 70 24 99 73 39 28 73 69 7 66 15 51 99 63 72 99 99 99 48 75 72 73 45 48 3 79 99 
30 21 7 64 99 70 99 69 99 99 99 7 18 58 99 99 70 30 30 58 99 99 61 99 3 99 58 9 43 99 48 49 5 43 33 13 28 34 0 6 88 81 99 87 99 99 99 99 99 75 3 99 88 99 99 73 97 69 42 90 12 99 12 97 36 4 16 24 84 99 99 99 6 99 70 9 22 99 94 99 99 
58 99 75 99 24 84 72 99 13 33 3 99 94 55 55 99 99 96 84 99 99 18 99 67 36 45 75 22 99 16 41 25 6 51 59 53 11 35 64 0 22 72 21 57 99 31 99 21 99 99 24 99 99 82 99 99 99 99 93 82 57 93 99 99 78 99 99 76 99 99 60 99 48 46 97 96 39 90 13 7 99 
99 99 99 99 45 57 40 99 57 12 99 51 99 99 99 99 99 99 64 99 28 90 60 21 82 54 99 99 34 42 52 82 3 99 99 99 99 99 99 99 0 12 52 25 14 42 3 27 3 3 54 99 99 19 15 31 36 1 78 94 12 99 99 46 99 82 99 46 34 99 90 99 1 99 16 6 99 43 67 10 39 
75 99 99 64 43 60 13 99 45 99 99 72 99 99 34 91 99 7 99 46 31 99 60 99 1 45 99 37 99 99 96 61 21 54 97 99 99 99 49 7 40 0 51 3 53 6 29 52 22 2 84 21 99 10 36 99 61 99 99 99 60 3 99 84 99 64 99 99 25 25 3 57 37 99 99 99 70 99 46 75 97 
79 99 99 99 76 31 60 99 27 21 24 94 1 51 99 99 99 30 99 34 99 61 99 64 85 67 99 64 99 79 99 70 18 54 87 13 25 99 99 99 60 52 0 37 50 64 32 32 2 60 58 12 3 36 99 76 16 48 99 18 93 97 99 99 99 99 99 94 99 21 99 46 46 48 78 99 90 24 40 45 63 
18 22 91 76 78 99 88 22 99 52 27 99 87 96 60 99 51 21 99 87 54 54 40 99 82 3 99 99 64 72 15 93 99 36 19 45 99 99 18 99 10 12 6 0 5 65 31 54 17 62 87 94 66 57 99 99 45 96 99 1 7 90 22 28 99 99 31 99 99 9 58 99 85 84 30 99 99 63 99 99 99 
99 81 30 13 39 27 43 49 43 99 99 69 91 51 76 3 63 27 99 99 99 99 60 1 96 13 93 70 99 19 69 9 99 33 99 69 24 69 9 12 12 13 52 66 0 18 41 48 29 0 99 48 19 27 57 16 99 99 76 99 99 96 90 37 24 1 91 99 99 99 37 99 99 99 37 99 39 78 76 94 99 
36 91 51 99 88 72 90 75 99 97 99 99 99 13 93 40 67 99 12 33 1 99 51 19 99 39 99 48 24 58 12 96 45 49 16 10 99 84 54 99 4 50 40 20 5 0 39 53 61 54 12 99 91 99 76 4 99 18 63 93 40 30 27 9 99 37 99 19 99 37 99 99 48 55 67 99 78 96 19 99 99 
10 15 99 25 43 82 55 78 37 72 1 64 99 99 64 99 19 66 67 99 36 79 99 97 99 7 24 48 16 10 42 43 94 66 18 99 91 70 81 28 46 10 65 38 36 56 0 27 24 39 99 40 22 99 13 99 82 94 99 88 39 87 99 49 16 4 43 39 99 13 90 9 99 43 91 99 99 99 45 16 57 
58 6 16 82 28 36 84 10 16 22 79 18 99 51 99 54 58 66 99 37 72 99 99 40 93 99 99 12 99 69 57 88 12 4 60 70 93 99 51 9 10 60 7 45 8 2 22 0 16 42 84 1 99 27 69 99 13 75 99 24 99 99 96 61 39 63 22 99 99 99 4 99 46 99 67 21 18 61 99 40 97 
19 99 70 1 22 67 99 37 94 91 99 99 66 73 15 1 99 99 99 37 61 10 4 99 36 19 21 45 99 36 99 99 99 99 67 99 48 97 31 99 38 32 60 54 42 5 30 7 0 9 99 99 70 46 99 52 63 66 88 82 99 99 99 67 99 19 39 85 54 78 93 6 99 99 88 61 3 13 33 96 99 
12 99 99 76 99 36 28 7 99 99 99 99 70 99 7 99 36 99 69 37 76 99 99 24 99 76 21 99 76 99 94 73 76 66 99 1 84 99 67 39 11 29 36 34 27 29 40 17 18 0 64 1 99 25 75 13 61 99 96 21 37 67 40 99 39 7 39 99 42 99 99 13 15 97 99 1 39 52 37 22 99 
99 99 99 99 63 99 99 21 52 99 81 18 16 57 31 99 99 99 54 99 81 99 99 99 60 99 57 51 99 33 69 99 94 33 58 22 72 99 99 78 99 99 99 4 45 19 69 69 46 96 0 5 58 19 20 34 57 56 49 30 94 72 99 99 99 99 64 72 99 19 36 99 52 99 52 43 45 1 88 58 21 
46 99 43 99 42 55 73 99 21 99 99 70 99 79 84 99 99 15 99 82 33 31 21 85 97 90 99 99 57 99 1 36 72 61 45 66 19 49 81 99 79 87 48 67 37 19 91 72 58 48 32 0 50 6 46 52 27 60 54 42 58 60 30 27 93 73 99 30 99 16 87 48 13 54 75 99 91 91 91 45 39 
84 99 99 96 54 73 99 78 99 33 84 99 22 91 52 99 96 7 93 99 99 96 12 61 84 48 16 22 54 46 99 58 79 99 99 99 81 6 67 99 99 55 90 99 96 99 39 99 28 99 51 64 0 60 10 42 43 30 18 34 99 99 61 96 63 63 99 21 3 99 91 99 99 43 99 99 76 99 15 57 64 
75 99 58 96 40 55 66 99 99 99 15 99 28 99 99 99 27 24 6 99 3 27 99 63 91 40 81 28 99 16 54 99 99 99 54 99 69 79 87 99 96 99 99 99 99 78 63 99 42 99 56 53 46 0 21 64 30 33 18 20 73 60 43 7 99 99 99 39 99 85 18 28 99 99 96 75 78 99 69 96 70 
87 60 49 93 40 34 87 43 99 99 42 60 99 99 45 13 84 25 57 99 99 96 67 99 76 99 99 48 99 99 99 99 99 28 99 16 43 84 42 51 63 93 99 99 10 16 36 57 99 66 57 23 48 22 0 60 18 6 58 6 36 99 27 99 99 99 99 10 99 99 39 51 99 72 45 81 22 61 96 9 33 
1 99 1 15 36 99 66 99 66 36 81 99 61 37 10 99 76 3 63 64 94 4 63 99 99 39 99 88 99 99 64 99 49 99 96 31 99 99 88 58 99 99 1 99 45 67 99 78 99 66 43 29 2 60 54 0 17 14 26 14 99 93 46 34 13 75 22 25 99 78 99 21 15 45 99 97 99 52 79 19 25 
21 19 27 15 82 19 99 73 72 72 99 85 3 58 99 99 49 21 78 63 99 73 99 60 78 13 84 39 16 93 82 99 99 99 24 99 13 99 69 12 4 34 36 16 99 99 30 60 84 16 5 14 64 28 60 44 0 1 1 41 99 97 70 3 99 99 46 99 99 99 94 4 84 94 99 88 97 16 64 72 1 
6 84 58 99 99 99 6 21 84 12 99 42 99 7 19 21 88 49 99 99 99 57 27 99 7 90 60 90 21 96 99 61 99 24 90 16 72 39 72 16 42 45 42 99 99 39 69 72 99 66 33 0 41 24 0 1 11 0 18 6 10 76 91 52 87 40 39 99 46 3 27 25 99 99 18 61 73 16 82 99 60 
22 99 94 99 99 99 54 78 99 90 99 10 99 48 99 99 25 25 99 85 3 12 6 1 99 99 72 10 75 99 84 94 61 57 19 99 99 99 85 94 99 99 33 99 94 99 22 84 28 99 42 52 63 3 48 18 31 16 0 36 99 27 34 99 88 43 67 33 84 27 45 30 51 61 28 31 67 69 7 34 49 
99 33 99 63 99 99 19 57 79 18 73 60 9 91 99 18 99 58 4 88 82 99 99 46 54 39 27 99 63 24 99 54 87 99 99 99 58 84 52 6 67 46 90 31 45 99 99 99 85 99 34 37 14 40 32 45 28 31 29 0 99 84 90 67 39 99 60 19 99 99 13 99 55 57 16 72 66 99 99 57 99 
39 99 46 99 28 99 99 99 99 22 99 3 64 60 99 60 36 99 7 99 99 99 99 85 69 99 54 27 45 21 12 97 99 82 99 81 70 57 7 88 99 76 69 99 81 99 66 99 93 58 7 72 4 99 69 99 99 30 90 99 0 50 30 26 14 47 0 6 6 59 99 1 9 75 45 76 81 21 69 21 64 
99 99 42 72 99 99 99 99 10 51 16 99 99 78 22 6 28 99 3 87 30 99 85 99 28 99 21 99 46 81 28 96 99 10 22 76 99 99 96 99 90 19 99 99 1 97 18 12 99 99 99 76 99 99 69 99 99 69 99 75 42 0 54 36 37 56 52 43 62 26 99 61 99 99 72 24 99 1 60 49 63 
9 99 99 87 4 99 99 90 4 99 99 42 99 99 18 99 42 30 64 81 70 28 96 31 75 99 18 99 9 99 25 91 10 60 21 99 72 94 45 99 22 85 30 99 66 84 75 16 55 39 67 1 66 88 12 99 10 99 4 4 34 56 0 38 44 22 22 17 54 11 3 99 69 99 99 99 12 79 84 27 3 
99 31 99 52 99 99 99 99 99 99 99 40 61 60 79 40 78 99 99 58 46 99 73 99 1 99 99 42 30 94 43 99 66 66 99 66 45 99 99 99 55 3 57 97 99 36 21 88 79 85 99 99 33 99 45 99 99 34 12 93 24 58 46 0 22 32 34 60 38 51 27 99 99 12 64 21 97 54 3 60 63 
43 67 99 76 9 99 99 99 60 99 49 28 52 22 99 99 57 75 99 99 36 91 73 58 66 21 64 45 99 99 16 79 79 99 42 60 45 82 6 99 99 64 40 99 81 99 99 33 78 37 99 99 81 49 94 43 4 99 73 97 8 15 29 27 0 38 34 51 35 27 22 99 10 70 99 99 99 88 99 99 60 
99 99 99 36 69 42 3 97 82 55 54 99 51 30 81 78 45 57 6 1 99 82 30 6 99 25 9 67 58 87 18 93 99 43 99 82 99 69 99 51 99 99 12 99 99 73 99 88 99 99 99 99 45 24 99 72 69 58 99 84 14 2 50 25 38 0 54 10 4 63 90 78 99 99 67 66 99 99 22 99 99 
28 99 61 18 84 76 73 73 99 99 72 87 70 57 39 99 99 48 99 99 85 46 18 99 12 93 99 99 85 99 99 99 81 99 99 72 99 58 99 16 37 58 99 75 15 58 6 10 99 84 9 99 99 99 6 67 99 99 87 75 40 34 8 22 59 17 0 66 54 48 4 75 37 70 19 99 94 81 40 81 99 
28 10 90 99 73 57 30 99 99 99 99 99 94 99 52 99 99 60 24 93 99 85 22 63 99 88 4 99 99 75 61 18 99 99 73 28 45 99 13 99 28 99 96 99 99 25 37 96 7 9 99 30 25 99 57 99 25 99 37 99 21 48 40 29 9 30 52 0 1 34 99 99 99 78 55 93 63 99 99 99 97 
99 58 99 12 99 99 46 46 3 22 99 10 70 72 40 24 99 99 37 99 97 99 70 99 99 46 22 99 99 72 96 4 4 99 99 4 99 48 43 99 97 21 45 99 21 99 99 99 85 16 99 99 61 99 40 99 55 63 58 33 8 45 18 19 10 27 34 51 0 59 99 99 33 31 57 51 99 16 25 43 99 
24 15 99 87 94 99 94 78 70 99 94 52 99 73 27 81 18 99 63 85 21 76 99 76 99 81 54 96 63 24 24 99 4 30 49 28 52 94 75 99 99 54 99 99 99 6 28 19 22 15 99 31 99 12 58 66 99 13 24 3 60 36 64 64 20 0 56 53 8 0 99 15 99 18 99 99 21 79 99 40 33 
99 3 9 99 21 70 99 99 22 28 88 99 69 99 30 34 33 99 99 99 99 99 84 58 99 73 99 99 99 12 99 75 99 99 6 99 48 99 24 13 15 99 99 99 99 27 19 36 75 31 15 43 97 99 40 99 58 3 99 93 99 99 99 15 49 51 91 99 16 4 0 26 23 32 30 50 51 54 43 52 69 
4 39 63 90 99 27 7 99 52 31 45 90 81 99 13 85 97 63 51 99 99 81 99 99 78 99 54 60 67 84 69 13 49 66 18 99 99 48 37 45 91 51 64 63 99 99 57 99 7 99 1 99 99 58 99 99 99 99 33 99 91 99 72 99 99 99 48 99 39 99 59 0 6 38 59 23 36 16 35 12 75 
99 33 49 99 67 13 28 6 12 99 60 79 4 85 19 78 82 34 3 18 7 99 46 99 13 99 99 99 94 52 36 99 79 72 66 18 30 37 99 82 99 69 78 99 34 37 43 99 99 66 36 45 99 84 43 7 99 85 99 39 87 57 64 99 64 99 87 91 24 27 36 30 0 15 12 59 56 22 56 12 1 
76 57 57 99 85 99 19 24 78 10 24 99 99 96 99 19 99 33 21 78 99 12 94 54 99 58 99 97 91 99 30 99 73 1 13 21 1 55 99 99 99 15 58 99 16 13 73 3 99 99 97 1 99 99 99 19 28 99 99 87 99 28 21 99 51 21 99 60 1 99 0 25 54 0 44 19 62 7 51 36 99 
99 36 99 99 97 27 99 3 99 25 33 88 99 94 48 99 46 52 4 69 57 12 87 99 99 6 79 78 28 25 58 28 30 79 57 99 61 67 99 99 15 99 46 25 73 87 99 37 22 99 69 42 30 99 99 46 93 67 58 52 81 99 22 87 18 40 93 99 13 99 60 42 14 42 0 55 51 16 6 62 66 
94 4 99 67 72 99 39 99 72 30 40 99 46 99 72 10 99 45 99 81 91 18 99 28 99 46 79 99 99 27 9 99 96 97 99 99 99 45 45 39 99 6 93 97 99 6 67 99 61 99 33 84 16 55 90 13 67 99 76 99 18 63 31 18 99 90 99 49 85 91 24 12 58 23 23 0 40 40 48 53 73 
27 99 66 10 85 49 13 30 58 93 61 12 57 48 90 73 28 10 34 13 12 61 73 99 12 79 99 99 99 52 34 90 45 99 60 12 85 10 99 87 99 96 87 1 99 99 99 10 67 72 99 25 24 25 99 99 94 99 63 63 18 10 72 31 43 66 99 99 36 78 31 36 26 11 21 8 0 48 6 47 45 
24 99 76 99 99 90 85 99 61 99 34 9 63 90 31 99 94 52 60 99 69 79 99 70 87 99 99 81 19 6 6 99 58 88 48 60 76 99 99 27 54 99 99 27 84 27 75 45 99 6 99 51 15 61 9 10 99 19 99 99 99 66 10 99 99 55 99 99 69 22 40 60 37 21 19 22 0 0 35 6 42 
54 9 99 99 99 99 7 73 85 6 52 99 99 99 99 90 54 85 57 70 99 90 97 99 6 52 99 66 66 22 6 91 66 88 12 99 99 24 99 99 3 99 97 27 99 85 99 22 25 28 99 99 99 99 99 60 6 54 13 12 99 66 7 4 90 61 34 99 85 6 23 39 49 12 4 48 38 28 0 18 13 
57 99 18 43 63 33 52 12 51 99 99 37 52 99 97 99 58 13 64 33 99 25 90 12 99 99 99 55 46 99 90 69 25 99 99 78 88 6 46 55 27 51 99 99 78 99 48 99 39 99 99 18 85 46 64 99 28 4 19 37 51 81 99 99 25 78 69 49 24 93 2 4 46 59 34 30 39 22 21 0 99 
99 99 48 72 64 3 99 31 99 67 99 99 78 99 6 18 19 99 36 40 88 63 78 31 99 88 99 21 58 99 99 37 19 99 39 52 99 45 28 48 67 82 73 39 9 55 37 18 57 42 4 66 99 9 24 79 9 87 99 63 87 24 16 99 10 99 99 99 40 69 64 7 72 31 96 25 81 24 99 36 0 
