n: 80
m: 2
Pi:U[1-99] 26 46 20 17 73 82 56 89 63 6 58 83 76 17 85 25 73 86 79 95 21 56 77 85 84 78 26 13 43 98 14 88 50 94 55 48 97 92 57 96 33 88 97 72 63 31 29 59 87 56 83 32 75 80 44 33 72 61 80 56 48 54 92 27 40 31 85 56 39 41 32 87 50 12 9 42 31 69 99 97 
Si:U[50-99]
0 61 54 52 60 56 57 42 66 38 99 99 99 99 96 99 99 85 99 99 99 99 88 99 99 87 93 99 99 99 99 99 99 99 91 99 91 99 99 99 99 99 99 97 75 99 78 99 99 99 99 97 99 90 99 99 82 99 99 99 82 99 99 99 91 78 99 99 99 84 85 99 99 93 99 99 99 76 99 99 99 
50 0 56 48 42 44 42 33 58 54 99 99 99 82 99 99 99 99 85 99 99 99 99 90 99 99 87 75 99 81 99 88 99 94 99 99 97 99 99 75 99 99 99 87 99 99 96 99 76 99 82 99 99 99 99 99 99 88 85 99 99 96 99 84 99 99 99 99 78 99 94 99 99 99 99 99 88 99 99 99 99 
64 46 0 35 51 45 64 52 41 35 99 99 99 99 99 84 99 81 99 99 99 99 81 99 82 99 76 85 82 99 99 99 99 99 99 79 99 94 99 99 99 99 99 88 99 81 93 99 99 99 99 99 82 79 82 99 84 99 81 99 97 99 99 91 99 97 99 81 99 99 99 99 99 97 99 96 99 85 99 99 99 
52 64 50 0 37 40 40 63 50 54 99 99 78 76 99 87 99 99 99 81 93 84 99 82 99 99 99 99 84 99 99 99 99 99 99 84 99 76 99 99 99 99 99 99 84 99 99 78 99 99 99 99 99 78 99 99 76 82 99 99 99 99 99 97 99 78 99 99 99 99 99 99 99 99 99 99 94 99 91 99 96 
54 34 38 41 0 35 34 40 41 46 99 88 96 99 99 99 99 99 99 88 99 99 99 99 99 96 99 99 76 99 76 99 79 93 99 99 99 99 99 99 99 99 99 99 99 99 93 82 79 99 99 93 99 99 99 99 99 99 99 84 99 87 79 99 99 94 75 99 99 91 99 99 94 99 99 99 76 99 99 96 99 
34 45 48 51 46 0 62 50 42 58 99 82 91 99 99 99 99 99 99 99 99 99 99 75 99 99 99 99 99 99 91 99 99 99 79 99 99 99 99 93 87 99 97 99 99 79 99 81 99 96 99 99 99 99 99 75 79 99 75 99 76 75 99 99 99 85 99 99 99 99 82 99 99 99 94 99 81 99 99 99 99 
50 58 34 52 49 38 0 46 54 62 99 99 99 78 91 99 99 99 99 99 76 97 99 99 99 99 76 99 81 99 99 93 99 99 99 90 96 81 88 99 99 99 99 99 78 99 99 84 99 81 88 99 99 81 99 84 99 81 99 99 99 99 76 79 84 79 99 88 99 99 99 85 99 93 99 87 79 99 99 99 82 
50 52 65 34 52 48 60 0 58 52 99 99 99 99 78 99 99 99 99 99 96 96 87 99 99 76 99 99 96 75 99 99 76 91 94 99 99 87 91 93 99 93 99 79 99 76 87 99 99 99 99 84 99 99 99 99 99 79 88 99 99 99 99 90 85 84 97 99 99 99 99 75 99 78 99 99 99 97 99 99 99 
44 53 38 36 61 42 34 57 0 48 99 99 97 99 99 99 99 84 99 99 99 99 81 99 99 79 99 96 99 99 99 88 99 99 82 99 99 99 99 99 99 99 99 99 99 91 84 99 99 94 99 78 99 97 82 99 90 99 87 99 87 99 99 99 99 97 99 88 87 99 99 99 99 99 99 99 99 99 99 99 99 
63 40 54 41 40 65 64 50 50 0 99 94 99 99 99 99 99 78 96 99 99 99 99 99 99 79 99 99 99 99 99 97 84 99 99 99 88 87 99 90 99 99 99 94 99 99 93 76 99 99 85 88 99 81 76 90 99 99 99 99 93 99 99 99 99 88 99 99 99 99 96 99 99 99 99 99 99 99 99 99 99 
87 99 99 90 90 87 79 99 99 99 0 44 43 35 46 59 56 36 52 58 99 85 99 99 99 93 99 97 94 87 99 93 88 99 99 99 99 87 99 99 99 97 99 99 99 99 85 84 99 99 85 96 99 99 99 99 94 99 99 99 99 99 96 99 99 99 85 99 99 97 93 99 99 99 99 87 99 99 99 99 99 
99 99 99 99 99 99 78 99 99 85 62 0 36 52 53 46 34 47 58 46 99 99 79 99 99 99 99 81 99 99 82 99 99 99 96 99 97 91 99 81 99 82 99 99 75 99 81 99 81 99 90 99 99 76 99 99 96 99 99 99 99 99 99 99 99 99 85 99 99 99 99 99 93 82 96 99 90 99 99 96 91 
96 99 99 82 99 78 99 99 99 99 50 40 0 64 35 44 54 39 62 49 93 99 85 99 93 99 99 99 99 87 99 76 99 99 99 99 91 99 75 97 99 81 79 76 99 90 99 96 99 99 99 99 94 96 99 99 88 99 97 99 93 99 99 99 99 99 75 99 99 90 99 99 85 99 99 99 94 75 75 91 82 
99 82 99 99 96 99 97 99 99 99 42 36 44 0 61 64 35 63 42 34 99 99 93 99 94 79 94 99 99 99 96 91 99 96 84 90 99 90 99 99 99 99 99 99 99 97 88 94 99 99 81 90 99 99 99 99 99 78 87 99 99 99 99 99 99 99 99 99 82 99 96 99 99 99 99 99 99 99 99 99 81 
94 99 99 99 99 76 99 99 81 99 64 38 61 36 0 40 48 59 49 47 99 99 90 81 91 99 99 88 99 99 99 97 93 99 96 99 99 88 99 99 99 97 99 99 99 82 99 99 96 91 76 91 87 85 99 99 99 91 78 99 99 78 99 99 99 99 99 99 99 94 99 87 99 99 99 99 99 99 99 99 82 
99 99 85 99 99 99 75 99 99 88 42 54 42 61 44 0 43 34 45 34 99 99 99 99 99 99 99 99 82 99 93 88 99 97 99 99 99 99 97 76 99 99 85 99 99 99 99 99 87 99 94 99 99 99 99 99 87 99 99 99 93 99 99 85 99 99 99 84 99 99 99 81 99 99 78 99 88 99 99 94 99 
99 96 99 99 99 84 99 99 99 99 61 35 40 57 48 44 0 48 34 45 99 99 99 99 81 99 99 99 82 99 99 88 93 75 99 87 99 99 78 99 75 99 81 88 99 88 99 99 94 91 99 99 99 99 99 99 88 85 79 99 81 99 82 99 78 99 97 99 99 85 99 99 99 99 99 91 99 97 99 97 99 
99 99 99 99 99 96 99 99 99 99 58 50 58 37 62 60 44 0 44 34 84 99 99 99 81 75 75 90 99 79 76 82 96 99 94 87 99 99 99 87 99 99 97 97 99 99 99 99 99 99 99 91 99 99 90 99 82 88 99 99 91 88 99 78 99 99 99 99 90 99 85 99 99 99 99 75 99 99 99 88 76 
99 99 99 99 99 99 81 99 99 99 66 33 36 54 46 42 40 64 0 52 96 99 99 99 99 99 99 99 99 99 75 99 99 99 99 99 88 99 99 99 84 94 82 99 99 81 99 84 94 97 75 99 96 96 91 87 76 99 84 99 90 99 99 99 94 99 99 99 99 99 93 99 99 99 99 99 82 99 99 79 99 
99 99 75 87 99 99 99 94 99 99 58 52 50 56 64 36 47 63 45 0 99 99 88 82 99 99 87 76 99 85 88 99 99 84 99 99 99 99 78 99 94 99 99 99 99 99 99 99 99 99 99 88 99 87 99 99 99 99 82 99 99 99 99 99 99 99 99 99 99 99 99 94 99 84 78 99 99 81 84 85 93 
78 99 99 99 99 99 99 99 99 99 99 99 90 81 99 81 99 90 99 90 0 46 34 42 50 60 51 46 58 52 78 82 99 99 79 99 99 99 99 99 84 99 81 82 99 99 99 99 78 99 78 99 99 99 99 94 99 99 84 99 99 99 88 99 76 99 87 99 88 99 94 99 75 99 82 99 99 99 99 99 84 
99 99 96 90 82 99 99 99 84 93 81 79 99 99 99 75 99 99 99 94 58 0 50 40 65 48 58 43 34 54 94 99 99 99 99 99 99 99 99 99 99 99 99 99 99 82 99 99 99 81 99 99 99 99 96 99 90 99 99 78 84 99 99 99 99 99 84 93 99 99 99 78 99 99 99 99 99 99 99 99 87 
99 85 99 91 87 99 99 87 99 99 99 99 76 99 99 99 99 99 99 81 43 44 0 50 62 34 48 34 48 46 99 99 99 99 78 75 99 79 99 99 99 88 90 99 87 99 99 99 96 90 99 99 99 99 99 99 99 99 99 99 99 99 99 99 99 78 99 90 96 99 99 99 99 99 84 75 90 99 99 97 99 
99 99 99 96 99 88 99 99 78 99 76 99 99 91 99 99 78 81 99 99 51 42 54 0 54 60 60 33 58 47 81 99 81 82 99 99 97 99 99 99 99 97 94 94 99 99 99 99 99 99 99 91 97 99 78 87 99 99 99 99 99 87 99 99 76 85 99 99 99 75 99 75 99 99 99 99 99 99 82 99 99 
94 79 99 78 99 85 93 99 93 99 99 99 99 79 99 81 75 99 99 99 51 47 45 64 0 42 38 41 33 42 99 99 87 94 99 99 75 99 99 99 99 84 99 91 99 99 93 81 96 99 99 99 84 99 99 99 99 99 78 99 99 99 99 99 88 99 87 99 99 84 99 99 99 94 99 99 84 99 99 99 99 
99 99 81 75 99 99 99 99 87 99 99 99 99 99 99 99 99 99 99 78 46 37 58 38 53 0 47 40 42 45 99 99 82 93 99 99 99 93 99 99 99 97 99 99 99 94 99 81 97 99 82 76 99 99 94 99 94 99 90 99 97 93 99 99 99 99 75 99 99 99 99 81 99 99 99 81 99 99 79 99 99 
99 99 97 99 99 99 99 99 99 94 99 91 88 99 75 75 99 99 99 99 42 44 48 36 39 42 0 38 36 48 99 97 99 99 99 99 88 99 75 99 99 97 99 99 99 99 87 99 99 84 91 99 99 97 79 99 78 99 94 99 99 97 78 99 94 99 99 99 99 79 75 99 85 99 84 99 99 99 99 99 99 
99 99 82 99 99 75 79 75 99 99 99 99 99 99 88 99 99 99 99 88 43 62 47 46 60 40 45 0 44 46 99 79 99 99 99 90 88 99 88 90 81 88 99 99 99 99 99 99 99 84 99 99 76 99 99 99 99 99 76 99 99 84 99 99 99 99 99 99 84 99 99 93 99 99 99 99 82 99 81 75 99 
99 99 90 99 94 99 93 99 99 99 93 99 99 79 99 78 99 75 99 75 66 56 54 62 60 56 50 48 0 42 99 99 99 87 99 99 99 99 81 99 99 82 99 99 99 76 99 91 99 99 99 99 99 99 99 82 96 91 99 97 99 99 99 99 76 99 99 99 99 94 88 87 87 99 99 99 79 99 99 75 85 
85 99 99 99 99 99 99 99 99 85 99 99 99 99 99 82 84 99 90 99 36 44 38 48 49 50 37 46 64 0 99 76 99 99 99 75 81 99 99 85 88 88 99 99 78 84 94 99 99 81 99 99 99 75 99 99 81 93 79 99 99 99 78 99 96 99 99 79 99 99 99 99 99 99 75 99 99 99 78 99 78 
99 88 82 99 99 90 76 96 99 91 96 99 87 99 99 87 99 99 99 99 99 82 85 99 87 88 99 90 76 99 0 41 37 35 48 44 36 52 62 54 99 99 99 99 99 75 99 79 79 99 99 99 99 99 99 99 99 99 93 99 88 99 99 97 99 99 99 78 99 90 85 99 99 99 99 76 99 99 99 81 99 
85 76 99 99 99 99 84 99 87 81 99 99 99 99 99 99 99 99 99 75 99 99 97 99 82 99 90 99 76 99 62 0 57 57 43 65 61 35 63 58 84 97 97 99 99 94 99 99 99 99 88 99 76 87 99 82 99 79 99 99 82 99 85 99 75 84 78 99 91 99 99 85 76 84 99 97 99 99 99 99 99 
81 99 99 93 99 99 88 84 99 99 99 99 90 82 99 99 99 99 88 99 99 99 99 81 99 99 99 76 99 84 33 35 0 45 64 33 56 34 33 56 99 99 99 99 82 99 96 76 99 75 91 99 99 87 88 99 99 99 99 79 99 99 99 99 99 99 84 99 96 99 97 99 75 94 99 88 85 97 97 87 99 
99 99 75 99 99 91 99 99 99 75 99 99 99 99 97 99 99 99 99 81 81 99 99 79 99 99 99 99 99 99 33 60 49 0 44 36 37 34 40 43 99 99 94 99 79 99 94 76 99 78 99 87 99 99 87 99 76 99 99 97 99 99 99 99 87 99 99 93 99 97 99 99 99 88 99 99 99 99 99 99 93 
81 99 99 87 87 99 78 99 99 99 99 99 99 99 99 78 94 79 81 90 99 99 91 76 87 88 99 99 99 99 51 60 43 60 0 57 40 35 45 46 99 76 96 99 99 99 99 99 99 99 99 99 99 79 99 79 99 99 99 99 94 99 78 99 88 99 99 99 99 99 99 99 91 99 99 82 91 99 96 99 99 
99 99 99 99 97 99 99 99 99 91 99 93 76 99 99 87 99 99 99 90 91 87 99 99 99 99 99 88 99 99 36 48 48 60 47 0 46 46 37 34 99 99 76 99 75 99 99 99 84 96 82 94 99 99 99 99 97 75 78 99 99 81 99 79 82 87 90 99 91 99 99 99 99 75 99 78 99 99 99 94 99 
99 91 88 99 99 99 94 94 99 99 87 99 99 99 99 99 99 93 94 91 99 99 99 99 79 87 99 75 99 99 53 45 42 36 50 50 0 38 59 42 85 99 99 75 75 99 99 99 99 99 99 99 99 88 99 94 94 99 99 91 90 99 99 99 99 99 99 84 99 99 99 99 93 99 94 75 99 99 99 99 99 
97 84 84 88 99 99 87 99 99 99 99 99 99 99 99 78 99 99 99 99 88 94 99 78 99 99 99 93 99 99 41 50 43 62 48 63 60 0 52 59 99 99 96 99 99 76 93 99 99 99 75 75 99 76 93 91 99 94 99 84 87 99 97 99 99 88 99 99 99 90 87 99 99 99 99 82 82 99 99 99 99 
99 88 78 99 99 93 99 99 99 79 99 99 99 99 99 99 99 81 99 99 99 99 85 99 99 99 76 99 99 99 36 50 45 61 64 61 55 49 0 40 93 99 99 84 99 99 82 99 99 99 99 99 99 90 99 99 99 99 99 99 99 88 99 99 82 99 99 99 99 82 99 99 99 99 99 99 76 99 99 99 99 
99 99 99 99 99 82 99 99 99 99 99 97 99 99 99 99 99 99 99 99 84 99 99 81 99 99 99 84 99 99 52 58 42 34 36 43 61 47 48 0 99 97 85 99 94 81 99 99 99 97 99 81 99 99 99 94 99 75 99 88 96 99 99 93 88 78 99 91 93 76 78 85 99 99 88 82 99 90 85 99 99 
99 99 94 99 82 85 99 99 93 99 99 87 99 79 99 99 75 88 99 82 99 99 91 99 96 85 90 82 82 99 87 99 97 99 97 99 99 99 99 93 0 44 35 54 64 52 38 58 49 53 82 99 78 99 85 99 99 88 90 99 99 99 99 78 99 75 94 99 75 99 99 99 91 99 99 99 99 99 81 99 99 
99 99 99 99 76 99 99 99 99 99 99 91 99 82 99 99 90 99 99 99 99 99 99 99 99 99 93 99 99 99 99 99 99 99 99 99 75 99 99 99 48 0 34 45 58 49 45 56 43 50 99 99 99 79 99 99 99 97 99 99 99 99 99 76 94 96 99 99 99 99 99 99 99 99 99 88 99 87 99 79 99 
96 99 99 82 91 99 99 97 99 99 99 81 99 99 99 99 88 99 99 99 99 79 99 99 99 99 78 87 79 99 99 99 99 88 99 99 99 99 82 94 44 58 0 50 50 43 49 64 44 40 99 99 99 99 99 99 99 99 82 76 99 99 99 99 99 99 99 82 99 99 99 81 99 99 99 99 99 99 99 99 99 
99 76 76 87 99 99 99 99 99 78 79 99 99 99 99 79 81 99 99 97 99 99 99 99 91 99 99 99 76 99 99 99 99 79 85 99 99 99 99 99 60 52 58 0 47 51 49 59 52 60 99 99 99 99 99 99 91 99 99 99 88 99 99 99 99 99 99 99 99 99 99 99 99 99 78 99 99 99 99 99 78 
99 94 99 99 99 90 97 99 99 99 99 99 85 78 99 76 99 96 99 99 99 99 91 99 85 99 99 99 75 87 99 99 99 93 99 99 99 99 99 82 54 54 52 60 0 63 66 64 58 49 99 99 99 99 99 99 99 99 93 99 99 99 99 85 88 99 99 99 99 99 90 91 99 81 88 76 99 99 99 94 93 
85 85 82 85 99 99 94 87 99 99 99 76 99 99 99 99 99 99 99 99 78 99 99 99 99 99 99 99 99 99 88 99 99 90 94 99 79 99 91 99 38 65 50 62 45 0 34 59 44 35 99 91 99 79 82 99 99 99 88 99 99 87 87 99 75 99 99 85 99 97 99 99 99 99 99 85 99 76 85 99 99 
99 90 75 99 99 97 88 99 99 99 85 99 82 85 99 79 99 78 99 99 99 99 99 99 99 99 75 99 99 93 99 99 96 99 97 99 99 99 87 99 46 65 48 37 58 62 0 45 50 60 99 99 99 90 99 75 99 99 99 99 99 81 99 99 99 99 99 99 97 99 99 78 93 99 99 99 82 99 99 99 99 
99 99 81 99 99 97 93 87 97 82 99 99 99 99 94 75 99 99 99 99 99 99 99 99 99 88 99 75 93 99 99 91 82 99 99 99 99 99 97 99 35 58 60 64 56 62 58 0 48 37 75 99 99 84 79 99 99 99 99 91 99 81 99 97 99 85 99 99 99 99 99 85 99 99 99 99 99 88 99 99 75 
97 99 94 97 99 93 78 99 99 99 99 99 99 99 99 99 99 99 97 99 82 99 99 99 99 99 99 99 76 99 99 82 99 99 99 85 99 91 99 82 66 39 45 54 64 38 33 40 0 55 99 99 99 99 99 76 81 76 87 99 76 85 99 99 99 99 99 99 99 99 85 99 99 99 90 99 99 99 99 87 99 
99 99 99 99 99 91 99 99 99 99 99 81 99 99 99 99 99 99 97 99 99 99 84 99 76 99 99 99 99 94 99 96 99 87 75 99 99 99 79 99 52 42 40 62 36 61 50 39 56 0 99 84 99 78 76 99 85 99 99 99 99 85 99 94 94 99 99 91 87 99 99 99 99 99 88 99 99 99 99 99 84 
99 99 99 99 99 99 99 99 99 99 99 99 93 99 99 99 79 99 75 99 99 94 99 99 82 99 99 99 81 97 99 99 99 99 99 91 99 99 99 87 99 99 81 81 99 99 99 99 99 99 0 58 54 51 44 38 63 36 45 36 99 99 99 81 99 99 99 99 79 99 91 99 79 93 88 99 99 99 82 97 99 
99 88 99 99 88 78 99 91 99 99 99 99 99 81 81 99 93 90 99 99 99 82 99 99 99 99 99 99 99 99 88 99 87 99 99 99 91 75 99 84 99 99 99 99 84 99 99 99 99 93 51 0 44 42 49 60 38 35 52 63 81 99 99 99 84 99 99 99 99 84 99 99 85 88 99 99 99 87 87 87 99 
84 99 88 99 99 85 99 99 99 91 99 99 85 99 99 99 91 99 84 76 97 99 91 78 79 99 82 99 99 90 99 97 99 99 93 99 99 99 99 91 96 75 99 99 99 99 99 99 99 99 45 50 0 38 57 54 55 46 36 49 82 99 91 99 99 99 96 99 78 99 93 91 99 99 87 99 99 99 91 99 99 
99 99 99 99 99 99 99 99 85 99 76 99 99 96 99 99 99 93 94 78 99 99 75 94 79 76 99 99 99 99 78 99 99 99 76 99 99 84 99 99 76 99 87 99 99 99 99 79 99 99 44 34 34 0 51 41 34 46 33 39 99 84 99 84 99 79 99 99 97 99 99 99 99 97 94 99 75 99 99 99 79 
90 99 93 75 97 99 99 99 99 99 99 99 99 99 76 90 99 94 76 99 99 88 99 99 99 99 99 99 99 76 99 99 99 99 99 99 99 99 99 93 99 99 99 75 99 84 99 99 99 79 61 60 44 34 0 40 55 47 54 61 99 99 87 99 87 88 82 99 99 94 99 99 96 99 99 84 99 79 79 99 99 
99 99 82 87 99 99 90 99 99 99 99 99 99 76 99 81 99 82 99 99 99 99 99 99 99 99 81 99 94 99 99 90 99 99 99 99 87 82 99 99 99 99 99 99 99 99 99 99 99 99 39 36 46 36 62 0 39 56 35 39 99 84 79 94 75 87 93 99 99 99 99 99 99 84 99 99 81 99 99 93 99 
75 91 99 78 99 99 99 99 99 99 99 99 94 99 99 75 85 99 75 99 96 75 91 99 99 99 99 90 99 99 99 81 96 76 99 78 99 99 99 99 99 99 99 99 99 99 99 87 99 99 64 48 37 61 49 64 0 54 34 60 91 94 99 91 76 99 99 99 90 87 99 91 99 99 99 96 99 99 99 99 99 
84 99 78 79 88 85 99 88 93 99 99 99 90 99 75 97 99 99 97 99 99 99 99 99 99 99 99 99 87 91 99 99 99 88 99 99 99 99 99 99 97 99 87 88 75 91 99 99 99 91 56 65 45 50 61 36 50 0 39 33 99 99 99 88 99 99 99 99 90 99 99 99 99 99 99 99 99 99 88 79 78 
99 99 96 81 93 78 84 91 84 99 99 97 99 99 93 99 94 99 99 99 99 99 99 88 99 99 85 88 96 88 99 90 99 85 99 99 91 99 99 99 99 76 99 75 99 75 99 91 99 97 62 52 64 58 33 62 54 58 0 36 84 99 94 99 91 99 99 99 99 93 99 99 93 99 99 99 76 99 99 79 99 
99 99 75 99 99 99 99 99 91 99 99 99 99 99 99 99 99 99 99 78 99 96 99 99 82 99 99 81 99 75 87 76 99 85 99 99 99 91 99 99 97 99 79 96 84 99 99 99 99 99 58 46 42 54 50 44 44 46 54 0 99 99 82 87 99 99 99 99 96 99 99 99 99 99 79 99 97 99 81 99 99 
84 88 99 99 99 99 75 99 99 99 97 99 99 99 99 99 99 99 76 94 99 99 99 99 76 99 75 99 85 99 99 76 99 99 99 99 99 99 75 99 99 99 75 75 96 99 99 78 99 84 99 99 99 99 94 99 99 75 99 97 0 34 54 61 56 48 34 39 53 62 99 87 76 99 99 99 75 99 99 99 99 
87 99 99 75 99 88 99 87 99 94 99 99 79 99 99 99 99 99 99 99 99 99 91 85 99 99 87 99 99 99 99 87 99 99 99 99 78 99 99 99 99 99 82 99 99 99 91 99 99 79 99 99 99 99 99 79 99 99 99 75 60 0 36 60 62 48 66 50 35 65 99 85 99 84 99 85 99 88 99 99 99 
88 99 90 99 79 99 99 99 99 99 85 78 99 99 99 99 87 99 75 99 99 82 97 75 99 99 79 75 99 99 85 85 99 99 97 99 94 97 87 88 99 99 99 99 85 99 99 90 84 99 99 81 99 99 99 99 99 99 85 93 44 64 0 44 48 42 48 54 49 46 99 99 90 91 99 82 93 99 99 97 99 
85 87 88 99 75 99 99 85 94 99 85 97 90 79 99 99 99 91 99 99 78 99 87 99 99 99 99 75 99 97 99 97 99 99 99 99 99 99 99 99 97 99 99 99 99 99 87 87 99 99 99 76 91 99 99 93 99 75 99 87 53 58 33 0 60 66 44 42 36 39 99 99 99 99 99 99 87 99 99 99 76 
99 99 99 99 99 94 99 99 97 99 81 81 88 99 88 79 79 99 99 96 99 91 78 99 97 79 99 99 93 99 99 99 99 99 99 99 99 99 82 99 99 91 99 99 99 79 96 99 78 99 99 99 99 99 99 99 99 99 93 76 50 54 48 36 0 45 59 41 50 56 82 99 99 85 99 99 99 96 79 99 87 
99 91 99 99 99 99 99 81 78 99 99 99 93 90 99 99 99 90 94 99 85 99 99 99 99 79 79 88 99 87 97 94 99 99 87 99 99 99 99 99 99 99 99 99 99 99 90 99 99 99 99 81 99 99 99 99 75 90 78 82 45 65 50 50 40 0 34 39 62 43 99 99 84 99 99 99 99 88 99 99 99 
99 99 99 94 99 99 99 99 99 78 99 99 87 99 78 99 99 99 99 99 99 99 99 94 99 99 99 82 79 87 99 99 99 94 99 78 99 99 99 99 99 76 99 99 88 99 99 85 79 97 84 75 99 99 99 88 99 99 96 99 64 34 44 56 58 48 0 39 53 37 90 99 99 85 99 87 99 99 96 99 93 
87 99 99 79 78 99 78 99 78 99 85 99 99 99 99 99 99 99 99 99 99 99 99 88 99 78 88 79 99 99 75 84 99 99 99 99 99 99 81 99 90 87 96 99 99 99 99 88 99 99 99 99 99 99 99 99 99 99 84 90 46 59 44 58 40 54 37 0 38 33 91 99 99 87 82 85 99 90 99 99 93 
99 85 99 88 87 96 99 90 99 99 91 99 76 76 78 99 88 99 99 96 99 99 99 99 99 99 99 87 99 99 99 99 99 99 99 96 99 99 99 94 99 99 99 99 99 99 82 99 99 75 94 99 99 84 99 91 99 87 99 99 54 46 41 62 66 59 44 61 0 39 99 99 99 85 82 99 99 99 99 99 99 
91 87 93 99 88 93 99 99 93 99 99 99 99 90 99 93 99 76 96 99 99 75 99 99 81 75 99 93 99 99 99 99 84 99 94 87 99 78 99 99 99 78 99 99 99 99 99 82 99 99 99 90 88 78 99 99 99 99 99 99 39 33 46 66 60 57 56 66 60 0 99 99 84 93 99 97 99 78 99 99 99 
99 87 91 99 99 99 99 99 99 99 99 81 99 76 93 99 99 99 99 78 99 91 99 99 99 99 99 99 99 99 99 99 82 99 99 81 75 99 75 99 99 99 99 99 99 99 99 99 99 99 99 99 78 82 99 99 99 88 82 85 84 99 99 99 99 99 99 99 99 99 0 54 46 36 48 37 42 36 52 56 87 
91 99 99 99 99 82 85 79 99 99 99 99 91 99 94 99 99 99 99 93 96 88 97 99 96 93 88 94 88 99 81 82 99 94 99 99 91 99 99 99 99 87 85 90 99 99 82 99 99 99 99 90 99 82 99 81 99 99 97 79 99 99 99 99 99 91 99 79 87 99 46 0 64 37 64 36 46 65 48 48 99 
99 94 99 99 85 81 99 99 99 99 99 99 99 99 99 85 93 99 99 99 99 99 99 99 99 75 75 99 99 78 88 99 99 99 99 84 99 99 99 99 90 99 99 99 99 91 99 99 99 99 99 99 99 99 97 99 99 99 99 99 99 99 84 99 96 99 96 99 99 99 52 62 0 50 46 54 44 64 48 40 79 
99 99 90 81 99 99 87 99 91 99 96 99 99 99 99 99 99 99 99 90 99 99 76 99 99 99 99 99 99 99 99 82 75 99 99 99 76 99 85 99 99 94 79 99 93 94 99 87 90 99 99 99 97 84 79 99 99 99 96 99 99 99 99 99 87 99 99 99 99 94 64 36 63 0 52 57 42 38 44 35 99 
99 99 99 99 99 99 99 99 88 99 99 76 99 99 99 99 99 99 99 76 99 94 99 99 99 99 87 81 99 99 76 99 90 99 79 99 99 99 99 99 99 99 99 99 99 87 99 99 99 99 88 99 99 99 99 99 99 99 99 99 99 78 99 99 99 97 99 94 99 96 42 33 54 50 0 42 34 46 44 66 99 
99 99 99 99 99 94 93 91 85 99 87 99 99 99 90 81 99 99 99 94 85 99 99 99 99 99 90 99 99 99 75 99 87 99 99 87 99 99 99 99 75 76 75 99 75 99 99 99 99 78 99 84 99 99 76 99 99 99 99 99 99 88 99 99 93 99 85 99 99 99 33 64 60 60 48 0 45 43 53 44 78 
99 88 99 78 99 97 99 85 99 99 99 99 99 99 99 96 99 99 99 99 82 99 99 99 99 99 99 99 99 85 82 99 99 76 99 87 99 99 99 99 85 97 99 99 99 81 82 76 99 99 99 93 99 99 87 99 99 82 91 99 99 94 99 99 99 99 82 99 99 99 54 48 59 55 34 36 0 62 59 51 99 
99 99 99 99 99 96 99 99 99 99 99 75 99 82 99 99 81 99 99 91 99 97 99 99 99 99 87 99 99 99 99 97 99 99 75 82 99 99 99 99 99 91 99 99 99 99 84 99 99 99 99 99 99 99 99 99 99 99 85 99 99 99 93 99 76 99 99 87 99 76 44 42 64 48 35 63 64 0 39 33 90 
99 99 82 88 99 99 99 99 99 94 99 78 99 99 99 76 99 99 99 99 99 78 99 90 99 99 99 82 99 82 99 99 79 75 99 99 99 99 99 99 88 99 78 99 99 99 99 99 84 99 99 99 99 99 99 91 99 99 99 76 99 99 99 99 97 99 99 94 99 99 58 44 36 38 61 40 44 34 0 33 99 
96 99 99 99 99 99 99 99 99 99 99 81 99 90 99 99 99 99 99 99 91 99 87 99 99 99 99 99 99 88 99 99 99 96 99 75 99 99 84 99 99 99 99 99 75 99 99 99 99 99 99 93 93 96 99 99 99 78 99 99 90 99 99 99 99 99 99 84 76 99 58 46 42 34 40 44 49 41 62 0 99 
91 99 99 99 99 99 99 99 84 99 99 99 99 99 99 99 99 82 87 99 99 99 99 97 99 96 99 76 76 99 99 82 82 99 99 78 99 97 99 93 81 99 87 99 75 99 99 99 88 99 75 97 96 99 93 99 99 99 84 99 99 99 76 99 99 93 85 97 99 99 99 99 99 99 90 99 85 76 99 88 0 
