n: 80
m: 10
Pi:U[1-99] 94 41 69 97 55 64 13 18 77 27 11 45 67 21 13 97 73 2 91 39 27 13 28 84 52 42 85 5 22 3 53 58 1 56 39 17 8 51 15 2 11 85 80 13 32 20 64 35 37 99 35 16 47 61 58 28 89 57 49 5 13 45 65 84 4 52 54 8 22 18 97 68 75 22 32 78 78 29 7 90 
Si:U[50-99]
0 55 81 96 82 82 96 88 53 58 55 58 61 94 67 51 97 61 64 68 72 85 80 73 68 82 53 59 96 50 76 83 96 55 54 89 71 84 64 61 53 77 94 60 95 71 78 90 95 90 73 58 92 98 81 64 88 74 68 70 74 90 78 83 95 85 54 77 55 84 96 76 60 69 59 50 95 67 57 52 53 
82 0 60 89 68 62 78 74 64 70 89 72 84 56 67 68 67 98 61 77 88 66 69 88 62 66 56 86 97 64 96 55 74 51 71 80 50 85 86 95 91 85 97 52 75 60 86 99 84 96 55 56 50 58 90 72 97 59 68 93 94 97 61 94 50 62 76 67 54 68 96 70 55 53 74 60 81 88 81 82 54 
92 74 0 52 58 66 53 71 56 98 77 72 54 53 83 98 96 87 75 62 68 55 99 97 69 59 53 69 70 95 54 63 85 99 62 61 82 68 72 57 59 88 68 58 88 56 51 55 87 92 69 76 88 60 79 94 93 92 66 69 75 76 90 83 90 84 75 68 92 93 70 78 74 97 66 93 56 84 80 87 52 
80 74 74 0 63 67 97 72 52 93 67 74 76 74 50 91 67 96 86 82 64 87 63 94 73 87 79 72 88 88 72 50 86 62 84 73 95 86 74 56 87 83 98 90 63 72 84 59 68 89 57 92 93 54 98 58 65 86 70 61 50 92 82 86 68 71 82 99 68 75 88 99 74 92 64 55 98 50 79 97 61 
93 67 70 82 0 83 94 97 81 95 69 92 51 63 68 99 55 78 51 56 64 99 80 89 65 55 87 56 96 50 77 72 99 60 68 53 70 71 97 63 57 70 82 73 66 75 96 51 91 73 57 84 85 62 73 86 58 54 60 71 62 91 80 76 59 51 99 60 97 68 51 56 65 59 89 99 62 75 53 86 66 
56 60 88 98 65 0 52 65 78 63 85 83 66 57 61 63 72 58 96 60 94 62 59 69 98 77 56 52 82 91 64 93 59 50 76 60 65 59 58 92 67 88 91 93 82 80 94 68 78 83 73 90 82 85 75 92 64 84 99 79 92 60 89 79 99 99 69 85 77 95 85 61 94 62 62 80 71 84 81 61 77 
94 56 82 87 88 56 0 71 73 61 90 69 53 84 81 61 65 92 81 78 56 53 94 78 90 51 71 62 86 94 74 94 82 82 55 69 53 61 58 53 66 64 65 77 61 92 99 96 82 68 98 90 94 87 87 98 79 96 65 62 76 91 89 52 54 57 91 83 77 93 93 60 94 86 98 82 80 75 75 61 91 
75 74 59 73 64 54 66 0 93 86 77 86 77 88 83 88 65 56 88 61 55 50 73 57 94 90 86 78 60 89 58 66 79 57 53 95 50 60 59 96 88 66 57 70 73 84 81 99 58 81 58 97 63 97 57 88 76 96 59 70 91 92 89 97 65 97 74 85 75 65 51 86 63 73 58 71 99 66 94 81 91 
58 50 71 94 83 97 83 61 0 58 55 60 79 64 50 68 89 50 86 77 58 97 75 67 80 61 93 66 71 92 74 70 91 78 99 62 67 57 69 56 72 59 88 77 94 98 56 53 75 55 85 98 90 63 64 87 72 80 83 79 75 88 71 51 60 72 69 89 81 86 59 56 62 73 57 74 93 83 99 94 69 
88 74 89 67 98 56 95 69 85 0 55 63 86 74 56 73 80 81 54 53 91 86 57 76 53 59 75 67 91 97 52 68 70 54 88 78 75 72 96 90 90 52 78 74 91 96 54 50 92 82 66 77 78 63 52 71 60 50 74 75 75 58 90 99 52 82 75 73 94 58 64 86 57 77 87 73 87 82 58 53 78 
61 59 68 94 61 62 66 99 78 67 0 84 87 94 62 87 58 88 95 93 78 79 54 94 55 83 79 88 89 94 85 58 91 52 87 94 87 80 61 53 81 51 81 60 89 77 75 89 94 77 64 79 50 87 54 56 92 96 61 99 67 73 73 96 76 93 54 75 64 72 68 95 58 95 90 62 55 52 74 97 70 
52 84 60 73 62 64 98 64 64 99 78 0 97 83 88 59 89 54 99 82 62 93 66 80 87 86 97 57 53 87 91 84 50 99 95 58 68 63 86 97 62 66 69 77 69 92 76 69 95 68 66 76 92 73 97 88 74 81 71 95 96 78 98 76 82 89 84 59 52 63 92 85 81 67 61 79 81 86 87 72 58 
86 60 76 54 68 88 53 73 65 87 60 68 0 91 90 72 52 80 83 56 62 70 80 56 82 97 62 52 73 51 78 72 94 80 94 78 84 50 96 88 79 84 70 61 50 69 81 66 58 93 77 89 92 66 67 79 95 96 99 93 98 70 91 55 67 93 80 76 60 90 52 96 55 75 63 97 57 54 93 57 83 
51 70 63 94 53 99 62 90 60 64 98 80 94 0 73 60 56 57 78 93 57 97 87 56 52 54 70 90 92 82 92 60 56 69 57 87 99 89 96 84 92 88 94 60 51 74 50 53 92 86 65 68 81 84 59 55 64 67 73 98 79 77 65 89 83 55 60 94 64 72 58 95 90 95 92 51 80 64 88 59 79 
76 57 60 84 60 84 56 74 50 89 98 96 81 94 0 61 70 72 62 76 60 78 90 93 88 93 81 65 78 54 64 61 99 84 68 64 96 66 73 64 80 86 64 69 53 95 78 76 56 98 78 67 54 84 53 94 90 57 81 84 86 99 90 79 69 97 95 54 84 68 75 61 87 91 92 85 81 92 82 60 80 
82 87 92 81 88 82 58 50 51 85 98 53 69 69 51 0 51 77 85 73 96 58 97 51 90 94 99 53 54 91 72 94 64 87 96 94 72 88 57 82 98 64 77 75 86 59 55 95 80 68 78 58 55 61 54 74 98 81 88 93 85 93 81 65 60 91 93 58 57 75 54 97 69 51 91 57 50 59 66 50 82 
61 62 64 92 71 95 86 51 61 54 72 60 99 52 70 54 0 69 79 52 55 88 79 96 62 83 92 71 72 77 69 58 53 99 93 89 64 87 69 60 77 71 58 90 64 83 67 96 51 94 90 81 89 96 92 93 67 96 67 90 53 64 84 62 52 90 53 74 60 66 58 68 57 77 91 74 56 56 93 98 82 
67 78 82 77 93 96 69 82 71 63 90 69 77 79 65 68 67 0 78 94 55 60 60 90 58 83 53 79 63 93 61 95 69 59 92 67 92 80 70 53 53 78 50 97 54 92 73 85 81 87 50 93 83 98 85 53 97 95 52 63 78 59 68 83 63 67 65 93 91 58 50 61 55 57 87 76 73 93 55 85 96 
55 60 87 73 55 56 96 69 61 73 55 84 88 83 73 78 62 90 0 76 69 57 63 50 55 72 83 93 70 67 60 82 90 85 72 71 60 74 90 95 76 50 79 59 58 86 55 51 55 66 99 75 97 79 94 50 50 51 71 67 93 84 80 59 75 65 68 65 86 52 79 54 80 92 96 72 53 98 83 73 80 
85 98 92 57 82 98 95 94 69 83 78 71 53 89 97 55 84 95 72 0 77 50 65 87 60 90 91 77 71 87 82 59 80 96 69 79 68 55 54 93 84 88 59 71 62 71 76 92 75 63 99 63 88 86 98 87 89 50 93 89 77 89 74 92 60 90 64 61 71 59 51 91 68 70 60 70 88 54 71 70 54 
72 90 54 57 62 95 97 63 90 65 87 69 63 81 59 50 63 98 86 92 0 80 99 55 78 86 55 53 83 86 59 63 70 98 86 75 53 66 50 87 50 85 73 71 78 95 89 55 74 70 90 58 81 52 77 68 62 86 83 54 59 56 69 83 51 90 73 78 73 94 96 92 79 93 96 75 58 97 63 59 69 
82 88 99 89 54 68 80 65 74 75 76 80 82 98 78 74 83 76 95 72 94 0 74 94 93 79 54 96 65 73 62 60 69 55 90 50 97 69 66 51 62 51 69 58 92 94 97 85 82 65 58 83 88 70 54 80 98 57 67 94 95 56 52 91 70 71 83 88 87 65 63 80 86 59 85 66 72 92 70 54 96 
66 62 71 84 89 51 63 63 91 96 99 90 92 55 54 81 56 90 84 92 61 83 0 96 96 88 95 58 84 67 94 52 95 79 62 95 51 66 89 87 58 86 87 54 82 70 95 78 84 68 60 56 57 67 97 92 95 80 96 98 75 56 90 54 66 57 90 76 67 73 58 88 54 97 59 82 96 78 84 63 66 
65 85 50 89 94 70 68 63 64 92 78 68 52 59 89 93 75 62 76 73 84 65 76 0 90 87 56 85 64 66 55 74 67 91 87 98 63 58 82 86 57 95 84 87 95 93 72 94 58 59 93 82 77 84 54 65 51 57 92 89 53 82 85 88 52 56 79 53 69 64 65 64 71 56 87 85 79 73 60 88 94 
96 56 83 71 61 77 58 64 87 62 96 95 55 87 70 51 96 72 66 87 59 71 65 81 0 87 99 70 66 77 97 86 50 97 93 81 79 57 90 60 95 89 54 84 90 96 52 63 79 72 62 73 54 50 79 64 81 78 79 90 50 92 54 55 98 65 57 55 90 92 94 73 73 84 79 76 66 63 57 98 80 
68 57 53 87 94 51 61 89 57 72 77 92 53 68 75 89 68 67 81 59 67 52 56 70 64 0 94 90 63 72 54 98 51 58 78 61 64 94 79 86 61 68 87 71 89 57 76 85 97 78 95 88 58 98 62 81 64 94 68 92 78 58 69 56 97 61 79 73 92 61 53 74 90 94 59 75 77 99 74 83 63 
81 69 90 60 92 67 90 67 57 55 69 78 59 90 87 96 61 71 77 99 86 96 72 50 88 73 0 51 71 78 80 80 84 78 88 78 96 71 76 89 89 83 67 66 94 71 90 64 86 87 52 75 57 87 83 74 53 54 79 76 60 72 88 65 94 54 83 80 63 66 54 70 89 70 51 82 57 95 95 89 58 
50 82 69 73 81 66 71 79 71 55 72 90 69 51 68 62 61 70 63 53 77 67 59 78 59 87 59 0 74 74 76 73 68 94 92 99 85 51 76 79 50 65 77 90 62 85 70 73 76 76 76 51 85 70 80 69 92 64 69 88 58 61 55 82 54 85 62 51 82 85 56 63 51 95 79 91 57 65 68 52 70 
51 61 78 99 76 99 57 60 96 61 90 98 92 89 59 71 55 78 89 97 89 74 82 56 57 51 65 65 0 73 60 69 84 79 74 86 63 84 90 64 76 67 64 93 72 70 94 73 65 91 87 75 78 97 93 86 90 84 97 86 95 83 63 85 73 96 90 88 82 82 62 59 66 76 53 87 93 64 71 69 61 
85 93 59 77 92 60 70 92 50 64 54 63 70 53 55 63 69 54 67 92 56 61 82 85 55 70 57 90 62 0 81 69 60 52 70 62 95 85 86 78 62 52 73 50 67 51 77 78 95 58 59 55 96 77 60 79 67 68 70 70 64 68 51 87 91 54 67 75 60 56 64 64 65 70 88 83 61 92 69 81 59 
66 66 78 74 99 80 97 51 69 92 77 69 74 79 76 73 90 89 88 93 64 70 63 65 66 80 67 76 81 55 0 72 92 63 90 60 93 67 59 85 91 99 51 98 96 72 50 70 79 87 52 51 74 76 93 57 59 63 96 67 75 79 55 99 65 99 80 87 97 53 88 79 60 76 94 69 65 94 90 99 75 
96 68 67 71 62 57 91 90 84 50 78 74 71 94 80 98 67 80 54 53 83 52 97 55 79 82 53 72 74 59 61 0 64 75 74 97 52 70 83 95 61 75 99 94 85 52 93 83 75 81 69 89 55 63 71 82 71 72 56 69 61 88 82 76 75 59 64 95 97 84 53 76 66 91 88 74 66 83 91 55 99 
58 79 69 65 62 75 59 82 88 62 50 73 70 84 87 57 93 61 75 67 95 83 69 61 68 87 52 88 92 91 69 56 0 75 89 61 97 50 91 88 58 63 74 90 63 59 57 82 99 68 82 94 69 63 88 72 95 57 59 67 70 98 60 68 90 79 68 74 81 87 81 83 86 89 74 78 65 90 98 60 62 
78 65 52 83 93 50 96 96 99 72 70 61 91 65 76 59 96 76 97 88 77 94 58 62 86 78 99 60 92 89 57 78 55 0 76 78 59 63 81 75 63 95 97 85 53 65 90 56 62 59 94 92 74 54 73 57 95 71 62 59 93 50 67 56 90 51 70 73 80 75 77 96 75 60 99 92 88 86 71 55 79 
70 52 99 95 77 61 52 71 94 73 57 85 93 55 77 55 78 86 99 69 79 84 51 86 54 74 70 73 64 89 61 69 53 51 0 83 76 74 99 81 93 85 54 50 68 73 64 84 85 91 70 96 96 94 74 90 75 90 76 69 52 61 53 53 56 86 70 85 74 84 92 93 55 98 90 51 57 89 92 66 71 
70 90 87 78 83 56 86 83 60 84 84 93 99 82 70 67 76 92 55 72 75 54 64 75 58 65 97 62 52 62 88 54 87 84 56 0 60 90 62 98 59 93 83 84 88 69 72 50 77 72 96 72 75 72 50 97 62 63 89 85 85 68 93 54 99 60 78 84 67 82 96 82 83 80 62 58 58 69 87 69 70 
70 81 85 70 71 84 94 65 51 91 89 71 57 98 99 87 65 66 77 84 51 51 89 73 92 54 51 78 91 86 56 76 67 74 58 80 0 57 68 94 96 93 89 84 56 52 76 83 90 75 63 55 55 77 52 97 51 75 89 56 61 53 81 81 68 69 62 72 52 54 70 98 94 66 53 54 68 79 67 65 71 
85 97 77 95 86 89 74 73 73 72 67 73 77 92 54 51 91 65 58 99 75 62 74 98 86 75 75 65 73 57 76 90 53 62 81 75 88 0 98 87 91 76 87 91 56 82 66 50 95 70 94 56 91 66 74 80 82 76 56 92 99 73 75 56 89 94 92 67 88 79 94 73 83 75 86 83 88 53 62 95 77 
96 65 76 66 51 63 84 60 58 53 71 75 63 99 61 52 62 98 61 76 99 89 99 54 72 61 56 63 68 61 86 52 84 66 63 61 76 51 0 74 51 86 52 84 93 71 61 61 77 79 60 59 51 69 90 66 67 56 58 84 93 67 79 90 55 75 70 59 73 95 60 69 54 87 64 96 78 50 90 55 86 
60 69 90 76 59 78 72 65 90 89 98 72 86 98 54 82 83 50 90 65 78 51 76 65 86 61 78 87 90 79 63 98 74 66 80 80 74 73 52 0 94 86 92 73 69 90 98 50 71 98 65 61 81 63 66 72 68 84 79 92 59 65 52 79 98 69 79 84 62 55 85 65 64 99 55 60 96 64 78 51 87 
62 50 66 97 60 58 64 70 66 58 68 63 79 54 91 96 60 74 92 55 59 65 69 54 79 65 89 59 52 54 56 88 94 54 62 61 50 94 54 78 0 51 88 97 85 74 73 55 81 56 79 86 77 75 80 89 96 68 54 87 99 54 61 91 79 79 59 67 82 85 91 59 76 55 55 65 67 55 50 78 73 
71 93 63 76 93 62 91 54 53 77 65 58 77 56 84 72 97 50 72 64 92 52 79 59 50 94 52 76 73 64 50 64 98 53 92 55 95 67 52 89 84 0 65 64 59 54 93 73 53 94 71 92 59 94 52 73 93 69 72 58 57 62 92 97 60 82 93 68 65 91 89 77 99 68 71 85 55 89 91 72 60 
51 91 62 59 57 71 96 97 97 71 89 68 85 69 76 75 86 57 70 83 78 57 76 87 80 56 66 63 74 51 77 87 81 60 51 60 94 81 79 61 79 91 0 70 83 78 79 56 53 66 55 98 56 63 73 62 98 66 99 79 75 74 77 95 62 94 73 75 54 77 99 51 82 90 76 97 55 83 82 84 58 
68 83 78 69 67 64 70 88 85 64 78 63 59 92 95 86 93 62 93 85 85 70 65 62 68 62 92 93 93 89 74 76 56 78 93 55 98 88 53 65 94 69 69 0 59 77 68 71 94 73 92 84 99 86 88 74 80 55 50 79 92 65 75 89 99 72 58 54 76 59 67 56 93 61 92 54 91 74 98 79 62 
72 73 84 76 58 70 96 71 75 87 60 61 60 96 84 66 82 86 50 65 71 53 61 60 53 70 87 96 67 69 69 64 69 81 93 89 58 83 75 67 95 98 72 72 0 80 60 53 85 93 87 68 99 62 60 60 72 54 95 64 88 51 63 52 51 89 53 86 90 77 73 92 76 58 86 92 62 66 67 88 52 
66 98 80 87 71 56 78 86 99 86 90 87 64 59 86 51 86 94 70 85 89 88 99 99 96 92 61 52 78 85 95 78 94 77 76 58 94 53 57 64 72 80 93 83 91 0 97 68 74 70 84 80 92 94 77 60 98 92 89 84 58 63 82 55 61 54 60 83 92 99 71 53 58 94 55 56 84 69 66 93 95 
83 68 65 82 53 89 54 81 59 57 75 76 55 67 84 68 88 89 72 79 59 89 72 65 74 80 53 62 88 72 83 72 98 76 83 74 57 59 58 56 53 71 70 96 80 96 0 51 68 78 53 80 51 54 51 66 61 61 76 99 64 96 89 82 64 97 74 84 70 53 78 64 68 64 69 54 68 74 84 82 94 
52 68 83 92 81 91 56 60 62 87 74 92 90 76 99 94 67 64 62 77 91 95 97 63 90 88 59 90 88 77 75 59 65 83 73 55 77 61 72 72 88 95 85 95 67 78 74 0 93 95 83 97 53 68 96 76 91 61 62 94 52 80 80 53 95 97 91 67 80 95 95 50 70 86 88 93 53 98 88 91 57 
94 77 86 88 91 98 68 96 73 57 51 53 72 93 78 55 99 69 81 99 51 88 80 63 64 91 84 67 80 93 93 97 89 88 52 90 51 82 74 77 84 51 54 85 93 95 95 90 0 66 65 90 61 95 68 67 54 61 60 79 87 75 84 75 93 75 77 93 94 77 87 82 93 94 50 53 97 98 99 92 71 
97 53 90 94 70 89 86 99 70 80 82 79 84 83 61 75 80 76 89 86 57 84 91 86 84 67 52 80 59 91 53 50 63 70 73 93 60 96 83 91 99 78 87 67 63 61 98 62 51 0 80 78 80 61 59 66 60 82 81 88 76 62 85 52 98 94 60 73 88 79 83 98 61 82 60 65 83 52 74 60 63 
77 78 63 64 56 81 54 75 71 78 95 82 75 83 81 94 65 74 90 50 75 72 79 75 59 64 79 90 59 86 56 83 56 55 54 88 82 91 67 99 76 56 69 78 60 86 99 74 60 94 0 93 87 79 73 98 93 61 88 76 81 71 60 85 55 59 86 85 50 74 89 60 62 93 65 53 54 52 95 57 94 
63 81 76 88 84 76 71 73 95 95 70 71 72 54 72 87 82 80 96 59 87 72 88 60 72 99 60 70 53 66 58 52 73 56 75 65 91 53 98 84 86 93 80 92 57 62 82 56 63 67 82 0 68 52 75 64 99 57 67 89 74 94 99 76 79 77 71 92 82 67 51 62 66 71 83 54 70 83 98 62 81 
81 86 83 54 61 90 55 65 80 91 82 51 76 75 61 94 78 80 81 90 59 87 98 60 87 75 84 50 73 72 57 68 89 88 53 89 65 91 81 57 75 73 68 87 88 78 86 84 99 66 70 90 0 59 94 90 83 98 51 60 71 60 58 91 70 52 77 67 80 90 80 62 97 63 55 82 91 60 66 69 83 
50 90 70 98 73 63 79 89 78 89 53 92 84 60 96 55 69 89 93 88 53 63 93 93 55 53 53 68 59 86 92 80 80 55 71 56 77 88 88 57 83 63 50 72 58 64 58 82 82 56 91 51 66 0 74 66 59 68 52 51 60 50 58 56 99 53 61 93 66 70 73 56 99 51 50 60 55 81 76 75 60 
96 52 51 93 52 71 69 55 67 58 75 90 70 90 61 82 77 91 52 71 73 67 97 73 73 83 79 77 54 75 60 79 65 50 76 99 53 77 55 83 63 56 89 78 70 96 55 61 54 72 83 77 64 94 0 83 76 90 73 91 67 81 58 76 81 96 84 70 93 55 80 70 73 99 59 83 53 59 69 88 64 
54 82 59 98 99 90 82 73 71 67 77 55 80 80 96 88 94 90 86 58 74 82 90 93 71 81 55 59 98 50 60 92 91 97 63 82 55 83 80 65 75 68 72 77 96 52 55 54 70 78 68 80 88 61 98 0 79 70 54 53 76 93 50 93 67 77 71 85 87 87 61 69 69 64 70 69 86 56 60 78 77 
53 66 98 60 70 82 83 50 89 55 73 97 89 69 54 89 82 98 95 94 53 77 87 62 55 63 81 53 61 94 89 78 84 79 98 58 68 97 89 95 69 53 84 99 90 67 77 67 64 69 89 51 95 55 95 62 0 93 88 78 83 73 74 91 76 85 94 83 63 53 99 81 51 61 97 82 64 85 64 72 97 
75 57 83 99 87 94 59 59 62 95 69 64 71 67 76 74 86 80 99 86 53 95 84 50 72 85 77 95 53 87 55 54 62 99 97 69 54 87 66 60 90 64 93 70 57 78 51 80 76 96 51 57 68 67 90 67 95 0 75 79 90 89 68 53 67 53 73 53 67 79 98 56 89 87 66 79 74 98 88 88 57 
91 70 99 97 60 75 55 50 91 97 62 82 68 71 79 86 85 62 91 71 57 62 95 62 63 80 60 93 75 96 69 53 63 82 98 58 90 91 85 59 59 52 68 92 55 70 95 98 84 86 97 51 88 63 53 67 71 65 0 65 83 65 95 52 66 95 53 87 71 78 81 67 76 92 87 53 76 88 92 58 59 
51 58 66 69 68 62 66 61 81 84 81 81 61 94 90 78 51 69 95 73 66 66 74 53 86 51 98 86 54 88 83 90 79 88 98 75 79 80 77 59 78 92 78 92 71 94 85 71 67 98 86 97 99 51 63 58 84 76 81 0 70 78 91 73 91 82 65 90 88 53 89 93 82 78 70 88 73 88 83 57 69 
78 59 75 79 57 65 54 50 57 98 84 88 61 79 52 61 76 53 86 83 96 52 84 52 51 96 85 93 75 50 86 51 93 55 57 98 57 93 95 70 90 83 97 96 73 78 83 73 50 62 88 97 75 83 98 59 54 83 67 75 0 62 71 93 72 90 87 55 83 94 93 55 69 96 67 51 52 63 78 89 75 
91 86 89 94 94 80 82 81 61 96 98 60 91 52 67 75 73 94 51 75 59 60 78 62 82 94 60 72 96 64 53 54 56 58 50 76 80 71 80 89 60 62 51 95 59 64 60 88 51 82 72 76 57 65 66 55 83 63 93 58 67 0 95 64 71 64 97 96 69 85 86 91 62 62 56 98 73 75 78 99 57 
68 67 65 55 55 98 95 68 90 68 58 85 75 50 57 79 58 72 76 50 93 61 94 62 75 97 55 82 66 74 86 65 55 99 72 50 65 54 70 76 64 97 80 58 72 81 51 62 98 79 64 74 97 67 60 53 57 56 69 78 83 77 0 72 87 54 98 68 69 60 64 57 71 70 75 80 89 56 79 98 95 
94 60 74 90 91 84 62 52 59 64 83 70 80 56 72 59 54 99 96 92 83 53 76 74 84 84 76 55 57 50 81 59 92 78 63 79 90 82 51 53 84 72 60 98 96 75 87 68 76 86 68 92 95 60 97 63 99 67 94 72 67 75 77 0 72 62 67 65 53 60 55 85 57 79 55 79 62 83 50 64 68 
95 66 93 85 83 97 94 73 80 74 56 96 98 56 76 89 57 61 56 63 71 81 78 67 95 64 53 95 73 70 78 72 74 87 88 61 68 58 53 72 51 97 54 67 94 61 72 84 65 58 54 75 76 86 72 69 93 60 80 85 58 79 87 63 0 83 52 54 94 84 51 61 52 55 57 99 71 79 68 64 58 
93 95 97 83 70 70 67 88 60 80 65 66 64 90 90 50 96 73 79 65 58 93 61 70 52 59 91 62 75 98 62 54 82 86 67 65 86 89 73 57 76 86 76 68 89 63 86 62 78 94 61 51 85 51 81 55 99 72 90 58 81 97 55 66 95 0 91 60 59 73 54 68 76 59 77 80 52 72 72 75 56 
70 92 54 56 75 91 63 55 77 82 54 62 60 92 55 76 64 87 70 58 99 70 93 63 91 71 82 76 60 79 50 88 77 87 76 88 92 56 60 56 91 79 64 63 88 87 86 73 97 95 68 55 74 63 57 88 97 85 84 67 82 80 62 92 50 81 0 62 87 77 77 85 74 70 97 59 50 74 60 68 71 
82 76 81 64 99 57 76 86 78 72 55 87 90 58 74 84 85 59 93 91 94 59 75 82 53 99 71 70 87 95 53 96 60 63 94 67 80 82 96 99 78 75 76 80 92 96 73 79 82 66 98 58 68 87 99 67 72 94 83 94 88 61 88 87 95 69 79 0 77 55 93 82 73 78 88 69 61 94 91 81 70 
64 86 93 87 69 59 54 86 62 98 56 58 92 99 84 56 91 96 79 89 65 94 72 59 70 56 91 73 97 59 52 76 95 97 87 84 94 95 82 52 73 74 86 53 82 74 65 92 73 52 97 88 64 57 98 53 80 95 56 81 89 79 60 67 57 96 56 91 0 75 72 56 86 98 72 71 91 69 98 70 78 
69 92 99 56 67 81 57 55 89 62 74 82 85 81 60 78 64 74 76 56 53 79 77 86 86 80 50 84 94 50 93 81 84 58 92 72 55 98 59 81 98 73 59 99 75 90 87 55 70 86 76 55 52 51 80 80 51 82 93 69 87 70 73 59 57 52 68 54 59 0 72 50 63 69 64 93 91 78 50 85 51 
72 93 93 76 56 50 64 77 60 85 69 85 77 72 74 65 83 94 70 97 65 50 65 76 50 77 50 91 91 60 96 89 67 50 67 93 84 59 64 67 70 62 88 70 60 63 86 58 58 66 70 74 72 62 69 61 55 62 83 99 62 69 56 97 65 66 75 50 75 67 0 68 77 60 63 61 63 92 92 73 66 
58 68 92 68 88 76 66 90 92 78 91 54 93 81 80 98 86 56 77 59 92 68 96 50 98 53 79 77 83 97 69 88 79 94 58 61 93 55 61 81 59 56 56 54 66 68 78 72 55 64 66 60 90 69 55 95 85 72 87 85 80 82 92 86 98 87 79 86 74 91 90 0 69 85 77 54 72 92 59 84 93 
78 60 77 57 55 64 60 50 60 51 56 84 91 85 83 90 82 68 58 61 64 85 72 69 87 61 63 67 97 75 50 58 75 99 94 96 70 92 51 58 55 77 54 61 95 95 99 63 70 58 55 79 87 66 72 98 78 69 79 74 66 75 54 98 79 57 58 67 51 93 58 55 0 54 57 83 80 92 56 61 72 
97 50 95 86 69 83 59 64 52 61 61 93 72 56 68 61 69 70 76 89 94 99 60 74 99 65 80 89 70 87 98 63 74 63 90 89 97 67 72 74 72 73 97 64 51 83 82 91 97 70 91 79 91 52 70 71 50 62 91 53 84 66 60 74 67 62 58 76 86 72 78 64 50 0 61 58 85 52 76 81 82 
54 93 92 99 65 52 52 77 66 57 58 81 57 80 97 56 76 51 76 99 57 96 68 52 58 96 60 91 59 59 55 82 82 92 66 57 93 64 95 83 81 93 92 53 90 98 68 68 98 83 72 78 92 99 90 63 54 89 87 63 60 52 82 71 56 97 95 57 89 69 67 99 73 90 0 57 89 97 95 99 57 
80 88 66 78 52 53 85 56 50 81 60 83 52 56 67 82 97 57 75 91 83 98 91 59 78 81 57 66 61 91 67 94 77 67 93 84 56 68 50 82 77 83 71 65 67 54 51 63 54 90 51 73 76 92 71 51 60 53 69 52 88 60 75 81 95 95 70 90 90 50 76 84 51 78 63 0 94 84 63 87 96 
53 82 75 97 55 64 88 69 84 67 78 82 73 64 71 90 99 91 90 50 99 67 70 68 51 57 52 72 66 60 68 92 51 58 98 73 73 71 88 56 77 51 76 94 79 97 84 98 54 98 70 56 71 88 66 82 94 86 97 50 69 77 92 63 82 74 61 94 52 82 88 90 58 66 97 63 0 68 80 53 52 
71 79 99 93 87 59 82 53 69 74 67 54 62 99 71 60 82 57 87 67 54 90 55 73 79 55 50 93 66 87 89 93 56 56 99 95 56 84 57 53 79 78 97 61 60 99 81 98 58 52 53 72 65 54 77 57 68 96 59 68 78 59 94 87 91 86 67 90 65 83 87 88 92 56 88 69 55 0 62 98 87 
99 76 50 64 95 92 93 54 95 86 59 87 72 71 95 55 63 52 62 91 66 78 88 57 65 80 70 73 64 50 97 56 84 87 77 80 66 79 88 79 77 71 78 80 94 52 59 84 76 53 80 97 76 64 71 92 72 94 97 53 58 69 68 85 90 83 85 89 75 58 62 69 73 91 57 75 93 85 0 55 81 
73 96 56 81 85 94 73 71 79 87 93 76 61 98 69 83 88 57 92 98 61 82 83 78 88 79 85 84 86 94 64 90 51 64 82 97 78 56 72 84 88 72 92 71 91 67 74 75 67 64 88 96 56 59 61 52 90 92 84 84 74 52 65 75 52 75 53 96 72 76 94 73 59 85 75 98 60 84 61 0 61 
71 56 70 74 89 61 57 90 88 70 93 88 63 78 86 64 70 78 78 57 51 89 85 99 56 69 82 54 55 53 55 69 62 67 69 77 84 98 63 83 69 73 92 94 62 51 92 95 83 86 98 73 52 72 72 83 78 56 62 63 84 73 59 60 79 57 54 90 77 55 58 87 69 56 89 55 79 70 83 75 0 
