n: 80
m: 10
Pi:U[1-99] 82 12 10 69 43 9 77 85 39 62 13 65 15 31 73 62 51 68 59 9 44 26 42 29 90 57 6 31 90 94 67 82 15 94 12 21 95 72 2 7 52 12 41 48 68 78 62 95 87 33 15 5 62 77 92 16 53 75 47 84 18 2 31 63 96 38 31 20 65 42 77 35 65 73 12 77 74 28 65 44 
Si:U[50-99]
0 54 63 64 60 49 37 46 53 55 90 99 90 87 79 99 99 99 99 99 99 99 99 81 81 99 99 99 99 78 78 99 99 76 81 82 82 78 99 94 99 99 99 78 99 81 93 99 99 79 82 99 94 99 76 96 93 91 99 94 78 99 99 96 99 99 99 91 79 94 99 99 99 99 99 99 88 99 94 99 99 
65 0 56 44 53 49 61 58 61 50 91 99 99 88 99 99 99 96 82 99 99 99 99 99 99 99 94 99 94 99 90 99 93 99 99 99 99 99 99 79 99 90 99 93 99 87 99 99 81 94 99 75 99 99 99 99 99 99 99 99 99 99 99 94 96 99 99 99 94 93 99 99 99 99 99 99 99 99 99 99 99 
44 40 0 43 55 48 37 46 62 63 99 99 99 99 99 97 84 99 76 99 99 99 99 99 99 94 99 76 99 99 99 99 91 99 93 99 99 99 99 99 99 99 99 99 99 99 99 99 99 99 99 99 99 87 99 99 99 87 99 99 99 99 99 99 99 84 76 99 99 99 79 90 99 99 99 99 94 90 99 85 99 
60 66 54 0 44 41 60 44 47 56 99 93 88 99 99 99 99 78 99 99 99 81 97 99 99 97 82 99 78 90 99 96 99 99 99 99 81 99 99 99 79 99 99 99 96 99 76 99 99 99 99 99 99 99 84 99 99 99 96 99 81 88 99 99 99 99 99 93 75 99 99 87 99 99 99 99 99 99 99 99 99 
48 38 55 50 0 40 46 42 66 38 78 99 99 78 99 87 99 99 99 99 99 99 99 99 99 99 82 99 85 99 85 99 99 99 99 99 99 99 99 99 99 99 99 99 99 99 99 85 99 78 99 99 99 99 87 99 99 99 99 99 99 93 99 99 99 99 82 99 88 99 94 99 99 99 94 99 99 88 96 99 99 
66 43 34 53 54 0 61 44 40 45 99 99 99 99 99 81 99 82 99 99 99 81 76 82 91 99 85 93 99 99 99 88 99 99 82 99 99 91 79 99 97 99 90 99 99 99 93 99 99 87 82 81 99 99 99 94 99 99 99 99 99 99 99 97 99 84 99 99 99 97 99 84 75 99 99 99 99 87 99 99 97 
50 52 59 35 52 39 0 37 46 40 99 99 90 99 99 99 99 99 79 99 99 99 99 99 99 99 99 91 75 99 99 87 99 85 99 99 99 96 99 87 76 99 99 99 99 99 99 99 82 79 87 81 93 99 99 99 87 99 99 99 99 78 88 94 87 99 99 99 99 79 99 99 99 99 99 99 99 99 99 84 78 
35 48 60 56 46 36 46 0 40 55 88 99 84 99 84 99 99 76 99 99 84 99 94 99 84 99 87 99 99 99 82 99 99 99 99 99 78 99 99 99 87 99 91 99 99 90 81 78 99 99 76 99 99 79 76 90 75 99 81 99 96 99 99 99 99 99 88 97 93 99 87 99 99 99 99 78 99 99 96 99 87 
45 48 40 64 48 61 66 38 0 52 91 76 99 99 94 99 87 99 99 99 79 99 99 99 99 99 99 99 99 99 88 99 99 81 88 99 99 99 99 99 99 99 99 99 99 99 99 76 99 76 99 91 99 99 99 99 99 99 97 78 99 99 78 99 99 99 82 99 99 99 90 97 99 81 99 99 76 99 97 99 99 
49 40 46 42 57 52 38 47 55 0 78 87 99 99 99 99 99 99 93 96 99 99 99 99 99 99 99 87 99 91 79 99 96 99 99 99 99 99 99 99 99 99 99 99 99 99 99 99 99 99 75 99 99 99 75 99 96 99 99 99 99 99 99 99 75 99 91 94 88 79 99 99 99 99 99 99 99 99 99 97 99 
99 99 99 84 79 99 94 99 99 99 0 60 35 48 52 44 38 35 44 34 99 99 99 99 99 79 99 82 99 99 79 78 99 88 99 75 99 99 99 99 99 99 99 99 99 99 99 99 99 99 99 99 96 97 99 99 81 99 81 99 76 99 99 99 78 79 99 99 99 91 79 99 99 99 99 99 99 99 99 85 99 
90 99 81 99 88 79 99 99 88 99 42 0 44 56 53 38 52 49 48 50 90 75 99 96 99 99 99 99 99 76 99 84 96 99 99 99 85 99 99 99 96 84 99 99 99 99 99 99 99 99 99 99 99 99 97 78 99 85 84 85 99 99 99 99 99 90 99 97 99 79 99 97 99 99 99 93 99 99 99 99 99 
85 99 76 99 93 85 99 85 99 99 38 56 0 48 38 56 62 50 61 61 99 99 99 99 99 99 78 99 99 99 93 99 99 99 99 99 99 99 99 84 99 99 99 79 99 99 96 99 99 99 99 85 81 99 99 99 76 99 88 99 99 99 99 99 99 99 91 99 84 81 99 94 90 99 75 99 99 99 99 99 99 
82 99 99 90 97 91 90 99 88 84 42 64 62 0 33 49 37 37 51 55 99 99 75 94 99 75 99 82 91 99 99 99 99 99 99 99 97 84 99 99 97 75 99 99 94 99 99 99 99 99 84 99 99 99 99 75 84 78 97 99 99 99 99 99 99 99 99 99 99 99 94 82 99 90 99 96 88 97 99 90 99 
99 88 82 99 99 99 91 99 76 99 46 54 34 36 0 54 50 53 38 60 99 91 99 99 99 91 99 99 99 99 97 99 99 99 75 99 99 81 99 99 76 99 85 99 99 99 99 85 99 78 99 99 99 99 99 99 99 99 99 99 79 91 96 94 99 99 99 99 87 99 99 94 99 96 99 90 99 99 99 99 99 
84 99 81 99 78 94 82 99 99 93 46 39 54 40 42 0 47 39 63 38 99 99 99 99 93 99 99 75 82 99 82 93 99 99 97 99 88 96 99 99 99 94 97 99 99 99 99 84 99 99 99 99 91 85 99 99 99 99 99 99 88 78 99 85 99 96 99 99 99 99 99 99 91 99 91 99 99 81 99 81 99 
99 75 99 78 79 99 99 99 78 99 59 39 40 39 62 51 0 48 58 61 78 99 99 94 99 99 99 81 99 85 99 99 99 85 99 99 76 99 99 99 99 99 99 99 99 99 94 99 99 99 99 99 99 99 99 99 99 85 99 87 99 76 79 99 82 90 99 82 99 81 99 99 99 99 99 99 78 99 99 99 99 
99 99 99 79 99 76 81 99 99 90 40 56 54 62 54 52 52 0 52 62 99 99 78 84 99 99 99 99 99 99 87 99 81 99 99 99 90 76 99 99 87 99 99 99 78 78 84 99 99 96 91 85 99 93 99 99 99 99 99 78 99 99 99 99 99 99 78 99 99 99 99 99 99 99 99 99 85 99 97 99 99 
99 79 99 99 99 99 87 99 99 84 44 64 56 66 64 50 52 58 0 34 94 88 90 99 91 99 82 99 99 90 99 99 99 99 99 99 93 99 99 99 99 99 99 99 99 99 97 99 99 99 99 99 94 79 90 99 99 99 99 99 91 99 99 75 88 99 99 99 88 99 99 99 99 99 96 85 78 99 79 93 79 
99 76 99 99 94 99 99 99 99 99 47 38 52 33 49 40 60 34 60 0 82 99 79 99 88 99 99 76 99 99 99 99 87 99 99 99 99 82 81 99 99 84 75 99 99 75 99 99 81 99 99 99 94 99 91 99 99 99 99 99 93 99 97 99 99 99 84 99 90 93 99 99 99 99 99 96 99 93 99 99 99 
87 99 79 99 99 99 99 99 99 99 99 99 99 99 99 99 99 99 99 99 0 44 38 40 38 56 58 64 40 53 99 75 99 99 99 99 99 99 76 81 99 87 93 99 76 99 99 99 99 99 81 99 79 99 99 88 99 99 90 99 99 99 99 99 87 99 82 99 99 99 99 99 99 99 99 79 87 99 99 99 99 
82 99 99 99 99 99 99 99 99 99 99 99 99 99 99 99 99 99 99 99 42 0 51 52 35 48 57 38 45 50 93 99 93 99 99 99 99 99 99 99 99 99 99 90 99 76 87 84 99 91 99 97 81 82 99 99 93 82 94 99 99 99 99 99 99 99 99 99 99 99 99 99 85 99 99 99 99 75 93 99 99 
99 84 99 99 79 99 99 99 91 99 99 93 99 82 99 99 99 99 99 78 35 64 0 52 53 42 41 52 36 54 90 99 96 99 78 99 99 99 99 99 91 99 99 99 99 99 99 99 99 99 96 99 99 99 99 88 99 99 99 76 99 99 94 99 99 91 99 99 99 99 99 75 99 99 90 82 99 99 90 99 84 
99 87 99 78 99 99 99 78 76 79 99 94 84 99 99 99 99 99 99 99 50 63 41 0 49 34 58 48 54 48 99 99 76 99 99 99 99 99 99 76 99 99 84 99 75 87 99 99 99 99 78 99 99 99 75 99 99 81 99 99 99 99 94 99 99 99 97 99 76 99 91 82 99 99 87 99 85 99 99 99 79 
94 99 99 76 99 99 87 75 99 99 99 99 81 99 99 99 99 94 79 99 51 43 42 37 0 49 49 64 65 55 99 99 99 78 94 99 82 99 82 99 99 99 99 76 99 99 99 99 94 91 79 99 99 99 91 97 99 91 99 99 93 99 99 88 99 94 94 99 99 99 87 99 99 90 99 90 99 99 99 99 99 
99 99 90 99 99 87 99 82 94 81 99 99 99 76 76 99 99 99 99 97 50 53 36 48 34 0 35 45 44 46 99 99 99 99 99 88 79 99 99 99 85 99 99 99 99 99 99 99 99 99 99 99 76 75 91 99 84 99 78 99 99 99 82 99 82 99 87 99 99 99 99 99 75 99 99 99 99 99 85 97 99 
99 99 99 75 99 99 85 99 99 99 85 99 99 79 82 99 99 99 75 97 36 60 52 37 60 42 0 62 49 64 99 99 93 99 85 82 99 79 96 99 99 99 99 99 94 90 99 99 99 87 99 97 99 99 76 99 99 99 99 99 99 99 99 78 99 99 99 81 91 94 99 85 99 96 99 85 94 99 99 99 99 
99 96 99 99 75 87 99 79 90 84 85 88 85 99 99 99 99 99 97 99 42 58 62 49 58 54 62 0 34 57 99 99 99 99 99 99 99 99 99 99 99 99 99 93 99 93 99 82 99 99 99 99 79 99 99 79 87 87 85 76 94 99 99 99 85 99 76 99 99 99 99 99 99 88 94 99 75 99 99 99 99 
99 99 99 99 99 99 99 99 99 99 82 99 99 99 99 79 99 99 99 99 56 66 50 48 49 34 44 64 0 64 99 99 99 99 93 99 96 85 99 79 91 99 99 99 88 99 91 99 99 81 94 99 82 99 75 79 99 99 99 91 99 99 99 99 99 99 99 91 85 99 76 99 99 81 99 99 85 99 99 79 99 
99 99 99 99 99 99 82 78 99 85 99 90 96 93 99 99 99 99 96 99 55 66 40 50 49 37 64 42 51 0 84 99 81 99 99 99 76 99 96 99 99 99 79 99 99 99 99 78 99 99 99 79 99 99 94 99 99 75 99 99 99 99 99 99 99 99 99 99 87 99 91 87 99 99 99 99 99 99 93 99 99 
99 93 96 99 99 99 99 99 99 99 94 99 99 76 99 99 99 82 91 99 79 91 78 97 99 82 99 76 99 99 0 42 56 39 50 49 65 46 59 34 99 82 99 96 99 91 84 99 99 99 99 99 96 99 99 99 99 99 99 99 99 99 78 99 99 99 81 99 99 75 99 99 76 99 99 85 99 91 94 99 75 
91 99 99 99 99 99 99 99 99 99 99 99 93 99 99 99 99 99 78 99 97 99 99 99 99 99 99 81 99 99 64 0 66 54 44 39 37 62 62 44 99 96 96 99 99 99 99 99 99 99 99 99 93 99 99 99 99 87 99 99 81 99 96 96 96 99 84 99 99 99 84 99 94 88 88 99 93 75 99 99 99 
84 88 99 81 99 99 99 94 99 99 99 99 99 99 84 88 88 99 99 99 78 99 75 99 99 99 84 99 99 99 57 44 0 38 56 57 44 34 50 44 99 99 99 76 91 99 99 99 99 90 99 99 99 90 99 99 99 99 99 99 88 99 99 99 99 99 94 81 99 96 99 99 99 99 99 97 99 99 99 99 88 
91 97 99 90 78 99 99 99 99 88 87 75 99 91 75 99 99 78 76 99 90 99 99 99 99 97 99 99 99 99 60 49 64 0 42 42 57 58 62 44 79 90 76 99 99 99 99 85 99 99 99 99 99 99 99 99 99 99 90 99 99 99 99 99 99 90 87 93 99 87 99 85 99 78 99 94 99 85 99 99 75 
91 90 97 82 99 99 79 99 99 99 99 99 99 87 99 90 85 99 99 99 99 96 99 99 99 99 99 97 99 99 64 56 49 54 0 62 50 48 49 58 81 82 91 99 99 99 99 99 99 75 81 99 99 97 99 78 99 84 99 81 93 99 99 85 99 99 99 99 99 99 87 88 99 99 99 85 76 99 90 99 99 
99 75 99 99 99 99 99 99 99 99 99 99 99 85 99 99 99 99 91 99 99 99 99 99 78 84 99 99 99 99 56 60 56 58 62 0 42 64 41 64 99 90 79 99 90 99 88 99 99 99 99 99 99 82 99 99 99 99 99 99 99 79 99 99 75 99 87 99 99 99 90 81 99 99 99 99 99 99 99 99 94 
99 99 99 93 99 99 84 99 99 75 94 99 96 91 99 99 99 99 99 99 85 99 99 85 99 87 82 99 99 99 52 58 50 64 47 62 0 54 63 39 84 99 99 84 99 99 99 94 99 84 97 82 99 99 96 99 84 79 91 99 99 99 99 99 99 99 90 99 99 97 99 99 81 93 91 99 99 93 99 99 99 
99 84 99 96 97 93 99 96 99 99 85 76 99 97 87 99 99 99 99 99 90 85 79 99 99 82 99 99 99 99 44 52 52 45 42 54 64 0 57 42 99 99 99 99 99 99 99 99 88 93 99 99 99 99 99 99 99 99 99 99 82 75 99 99 99 91 81 99 99 99 99 99 99 99 84 99 99 76 99 99 75 
99 99 88 79 81 99 99 99 99 99 99 99 99 99 85 99 99 78 99 99 99 99 76 99 99 99 99 99 90 99 46 41 52 62 58 56 40 52 0 42 96 99 99 99 99 99 99 99 93 99 99 99 99 99 99 99 99 85 99 99 91 99 99 99 99 84 99 99 99 76 96 99 99 93 99 78 99 79 99 76 81 
99 99 78 88 99 99 99 99 99 87 91 99 99 88 99 88 99 99 99 99 99 99 99 99 99 76 93 99 99 99 58 62 36 42 50 45 36 51 64 0 99 99 99 99 84 99 84 82 99 99 96 99 99 99 82 87 84 96 99 97 99 99 99 99 99 85 99 99 99 99 99 97 96 99 82 99 99 99 75 91 99 
91 97 99 99 99 99 91 99 91 99 99 99 99 81 76 99 99 99 94 78 82 90 99 99 99 85 99 96 96 99 99 84 94 94 99 99 99 99 99 97 0 59 42 58 60 66 44 48 63 59 99 81 99 99 84 84 99 99 99 91 93 99 99 90 96 97 99 82 99 99 99 99 99 99 99 99 91 99 99 99 99 
99 90 99 99 99 99 99 76 85 99 99 85 85 75 76 99 88 94 99 99 88 82 75 99 84 99 75 90 99 99 76 99 99 99 99 97 99 87 99 99 42 0 38 36 49 66 48 33 64 61 88 99 99 99 88 99 99 81 99 99 99 81 99 99 99 99 99 99 99 78 99 99 78 99 87 91 99 75 91 97 99 
99 99 90 99 99 79 76 99 96 96 99 99 81 99 99 99 97 99 99 99 99 99 99 99 99 99 99 94 99 99 99 99 99 81 99 93 94 99 88 99 34 60 0 60 58 50 37 66 43 60 99 87 99 99 79 99 99 99 99 99 99 99 99 90 99 94 88 96 99 99 99 99 99 99 99 99 99 99 99 99 99 
99 99 99 99 85 99 99 99 99 99 99 75 99 99 99 99 84 79 99 99 99 99 99 99 88 82 93 99 99 99 87 84 99 93 85 99 99 99 99 78 58 34 51 0 40 60 48 64 39 52 76 79 99 79 99 99 99 99 99 99 78 94 99 99 99 99 99 99 99 99 91 99 99 99 99 99 99 99 99 99 90 
79 99 81 99 94 99 85 99 78 99 99 99 99 99 90 76 99 94 99 99 99 78 99 99 99 99 99 75 99 82 99 84 96 90 99 99 97 99 99 99 64 51 54 44 0 48 35 64 61 48 99 90 99 99 99 99 99 81 99 79 99 75 99 99 94 85 99 99 99 97 87 99 99 79 99 85 79 87 99 99 96 
78 99 99 99 99 99 99 99 99 99 99 99 99 87 75 99 97 99 87 81 99 99 78 99 99 76 99 99 99 82 99 93 99 99 84 99 99 99 87 99 36 36 33 48 50 0 36 56 60 57 99 99 99 84 90 99 99 99 99 99 99 99 99 84 85 79 99 99 99 99 99 76 99 99 99 99 99 97 99 82 99 
81 99 99 76 99 99 96 99 91 85 99 99 79 99 99 94 99 87 99 99 99 94 81 99 76 99 99 79 88 91 99 99 99 99 99 79 99 99 99 99 64 46 56 47 64 40 0 39 52 38 93 99 99 99 87 99 90 99 81 99 99 99 99 99 99 99 99 99 99 99 88 99 99 99 99 81 75 99 99 99 99 
99 85 99 99 90 78 99 97 85 84 99 90 99 84 99 96 75 99 75 79 99 99 99 99 99 99 81 99 99 99 99 99 99 99 93 90 81 99 99 99 43 53 66 43 44 61 54 0 49 36 99 99 99 99 91 99 99 84 97 99 97 99 96 78 99 99 99 99 99 99 99 99 99 93 91 99 99 84 99 99 99 
99 99 84 82 84 99 99 81 99 99 99 99 99 99 75 99 84 85 99 99 78 99 99 87 99 84 76 99 97 99 99 99 88 99 99 99 99 99 87 91 44 49 56 46 43 34 52 33 0 64 85 99 93 99 84 91 78 99 99 99 99 76 99 99 99 82 78 79 90 90 99 99 99 79 99 99 99 99 82 85 94 
99 99 91 99 91 84 99 76 99 99 99 93 99 96 99 99 99 99 99 99 99 76 99 99 78 99 99 90 93 75 79 85 99 99 99 99 82 99 99 99 34 54 45 45 64 54 55 36 37 0 99 99 81 99 96 99 99 99 97 99 81 93 99 99 99 81 87 99 99 99 99 99 99 99 99 99 82 99 91 85 99 
99 91 99 99 99 99 97 79 99 99 99 99 99 99 76 85 99 84 99 99 99 99 79 99 99 99 99 99 99 84 99 99 99 99 99 82 99 99 99 99 99 99 99 82 99 99 84 99 99 99 0 43 45 62 43 65 46 51 38 40 99 99 99 99 81 78 99 99 81 99 99 99 99 99 99 87 96 99 99 99 99 
99 82 99 93 99 99 82 91 93 93 97 99 99 99 78 91 99 75 99 99 97 94 99 99 81 99 99 99 99 99 93 99 85 99 99 75 99 99 99 99 99 99 99 79 82 97 99 91 99 99 38 0 48 63 64 59 34 44 52 42 99 99 99 87 99 99 99 81 99 99 99 99 99 99 99 99 99 99 96 76 91 
79 99 99 99 99 99 99 97 99 99 99 90 99 88 99 99 99 85 99 99 99 99 76 99 99 82 99 87 99 99 99 99 85 99 99 99 75 90 85 99 99 99 99 99 99 99 99 99 76 82 55 54 0 65 60 62 58 52 56 44 99 99 99 99 99 99 99 87 99 79 88 99 99 99 99 99 99 88 99 93 99 
76 99 99 99 82 88 99 99 76 99 99 99 90 99 99 99 99 93 99 99 99 99 99 96 99 99 99 99 99 99 85 99 99 91 99 99 96 85 99 99 99 94 85 99 99 99 99 99 99 82 45 64 46 0 59 59 37 37 48 39 78 99 99 99 99 99 99 91 90 99 76 82 99 99 99 85 99 96 99 99 99 
99 75 90 99 99 99 99 99 99 91 99 99 99 85 82 88 93 99 99 99 90 88 99 99 99 99 97 99 96 99 84 99 99 75 99 99 99 99 99 99 99 99 99 84 99 81 99 88 99 99 63 44 62 63 0 46 48 36 54 62 99 99 99 82 99 99 99 99 88 99 90 99 85 79 99 99 99 99 99 99 99 
99 81 99 99 91 78 99 78 99 99 99 99 99 99 75 99 99 99 99 88 99 90 84 99 87 99 99 99 99 99 99 88 99 99 94 78 99 88 99 99 99 96 99 99 78 99 99 99 93 94 62 66 47 52 59 0 49 50 52 48 99 94 99 87 81 91 90 88 99 94 79 99 99 99 99 99 99 99 99 99 99 
82 91 99 99 90 99 99 99 99 81 90 99 99 88 82 99 99 99 90 99 99 99 99 99 99 99 75 99 99 75 99 78 99 99 88 99 99 93 99 99 85 99 90 99 90 99 99 99 99 99 56 44 55 34 42 57 0 43 50 55 75 99 99 99 96 99 76 99 99 99 93 99 99 88 99 87 99 90 99 99 99 
99 99 99 99 99 91 99 99 99 99 99 99 99 90 99 99 99 75 99 99 99 79 78 75 85 99 99 87 85 99 99 99 99 99 99 85 87 99 99 94 99 99 99 99 99 99 99 99 99 99 66 51 66 66 39 42 59 0 46 59 93 99 99 99 94 99 99 84 99 78 99 99 75 76 96 97 99 99 99 90 99 
99 99 99 76 99 99 82 94 75 99 90 99 91 99 99 75 94 99 99 91 99 99 99 99 99 99 99 99 99 99 99 99 99 99 99 99 99 99 99 99 99 99 99 99 87 99 99 99 99 99 58 38 55 38 50 37 43 41 0 61 99 82 99 82 99 99 99 94 99 99 99 99 99 99 99 84 91 99 76 94 99 
99 99 76 99 78 99 99 85 76 82 79 99 99 97 87 76 99 99 99 99 99 99 91 99 99 99 99 96 99 79 99 99 76 99 96 94 99 99 93 78 99 99 99 99 99 99 76 97 99 88 49 60 56 59 36 53 44 62 42 0 81 99 88 94 99 93 94 99 79 99 99 99 99 99 75 99 99 99 99 87 99 
99 99 82 99 99 81 76 97 84 99 99 90 99 99 99 99 88 88 84 99 99 85 99 99 99 78 99 87 99 91 99 82 99 99 81 91 76 99 94 90 99 93 99 99 99 75 97 99 99 99 75 99 99 91 76 99 78 99 75 99 0 53 60 42 44 59 61 64 56 33 99 99 99 99 99 99 99 99 79 82 81 
99 99 99 99 99 96 99 99 99 99 99 99 99 99 99 99 99 99 99 99 99 99 82 79 99 99 81 99 99 88 99 81 99 99 99 88 99 88 78 82 90 91 76 99 82 99 82 99 88 99 91 99 99 88 99 99 99 99 99 88 40 0 46 41 34 56 60 64 58 61 99 99 99 99 75 99 90 99 99 99 99 
91 99 99 99 91 99 99 99 99 87 99 99 97 76 99 81 99 99 99 99 91 99 99 99 99 76 99 85 99 99 99 99 85 99 99 93 75 99 90 99 99 81 93 99 85 99 99 99 99 91 99 85 99 99 91 84 99 87 99 99 40 50 0 54 52 46 58 43 64 42 85 99 96 99 99 99 75 90 78 99 99 
99 93 99 99 99 99 99 99 88 99 99 82 99 76 99 99 99 99 99 99 99 90 82 82 99 99 99 76 99 75 99 99 99 78 99 90 84 99 99 99 99 99 99 94 99 93 99 79 90 91 99 99 99 99 99 91 99 99 99 99 52 44 60 0 42 52 40 54 36 56 99 75 99 99 99 99 81 99 97 99 78 
88 90 99 84 90 76 99 91 99 99 76 99 99 82 99 99 99 85 79 99 99 99 99 99 99 81 99 90 99 99 99 99 99 99 99 99 99 99 99 99 99 99 75 99 99 99 99 79 99 99 99 78 91 99 99 84 88 99 99 99 58 56 42 43 0 46 43 42 44 44 96 99 99 90 85 99 99 99 78 99 99 
99 99 87 99 99 99 99 99 99 99 97 99 76 99 99 99 99 99 99 99 99 75 99 99 99 99 75 76 99 99 97 99 99 75 99 99 99 99 93 99 99 99 99 99 99 85 99 99 99 99 99 99 99 78 99 78 94 99 90 99 62 53 50 55 62 0 50 62 61 60 91 99 99 99 99 99 97 99 85 93 99 
99 99 94 91 99 99 88 99 99 99 88 81 99 99 88 99 99 99 94 99 82 75 75 99 99 97 99 99 99 99 99 99 88 78 99 99 99 88 78 88 90 99 82 79 93 93 99 99 99 85 99 99 81 87 99 76 87 99 78 99 62 49 52 48 45 41 0 33 50 54 99 99 99 78 99 99 99 99 85 90 88 
99 99 99 99 90 87 99 99 81 84 99 90 94 99 88 99 99 99 93 99 99 82 93 99 99 99 99 99 91 99 99 99 99 79 99 99 99 99 99 90 90 93 99 99 97 87 99 91 87 82 78 99 99 75 99 99 99 99 90 99 48 42 34 40 66 44 46 0 52 38 94 96 99 99 97 82 99 99 88 99 99 
99 85 99 99 82 81 99 99 99 99 99 79 99 96 99 99 90 99 87 99 99 85 99 99 87 85 99 99 99 99 99 99 99 97 99 99 91 99 99 99 99 99 99 99 93 96 99 96 99 85 99 99 99 99 99 99 99 99 97 99 66 57 66 46 52 61 40 62 0 59 99 99 99 99 99 99 94 99 81 99 88 
99 99 94 99 90 78 75 79 99 99 99 78 91 99 99 99 81 99 99 99 99 81 99 99 90 99 99 90 87 84 90 75 97 96 99 85 82 99 99 99 99 99 99 99 99 99 99 99 99 79 99 85 84 99 99 99 84 99 78 99 54 38 55 45 54 39 62 58 44 0 99 75 99 87 99 99 93 75 88 99 99 
99 99 99 76 99 99 99 99 99 99 99 99 99 99 99 99 75 85 99 90 99 85 99 99 99 88 99 81 81 99 99 99 99 99 97 99 99 99 99 96 99 99 78 99 99 99 99 96 99 91 99 99 99 88 99 99 99 99 99 99 99 99 97 99 99 99 99 99 99 99 0 60 40 46 50 40 40 60 39 50 91 
93 99 99 99 99 99 99 84 96 99 99 99 90 99 99 79 99 99 99 97 99 99 99 99 99 99 99 97 99 99 99 91 79 75 99 99 91 99 82 99 93 78 99 90 90 99 99 99 93 97 99 97 99 99 99 99 81 99 94 99 99 99 99 91 79 99 99 88 99 99 42 0 61 38 40 58 60 40 60 46 93 
99 99 88 99 99 97 99 94 76 85 99 84 99 99 99 99 76 99 99 91 99 99 94 99 82 99 99 99 99 99 99 82 91 99 99 99 99 99 99 97 99 78 97 99 75 99 99 99 99 99 99 99 99 99 81 99 91 91 93 90 99 99 99 82 99 85 99 99 99 76 39 55 0 33 66 48 36 48 59 42 99 
96 99 99 99 99 99 93 99 85 99 99 99 90 99 99 99 91 79 99 99 85 99 78 99 85 99 99 99 99 99 99 99 99 99 75 94 79 91 99 99 99 99 99 99 99 87 99 78 99 97 99 87 99 97 99 84 99 99 99 99 99 99 99 99 99 99 99 99 99 76 48 51 55 0 38 42 64 46 57 39 99 
91 97 82 87 99 99 91 99 81 99 99 99 99 99 99 90 99 99 78 96 99 99 99 97 99 93 99 87 97 99 99 99 99 94 99 99 99 97 78 99 99 99 99 99 99 99 99 79 99 79 85 99 84 99 93 99 99 99 99 99 99 99 99 99 99 99 99 99 78 99 53 50 42 58 0 53 60 36 47 34 87 
99 88 99 78 99 88 99 87 84 99 99 99 99 75 99 99 87 99 99 99 99 90 99 90 93 99 81 99 79 99 99 99 99 99 99 99 78 79 99 76 82 75 99 79 99 99 82 99 90 99 91 99 99 99 76 99 94 99 87 84 99 85 96 99 76 99 99 99 99 99 58 40 66 62 52 0 60 60 52 43 93 
99 99 99 90 99 99 90 99 99 99 99 75 85 85 99 99 84 99 87 99 85 85 99 99 90 82 99 99 99 87 99 99 99 99 99 99 99 99 99 99 99 93 75 99 90 99 99 75 99 99 99 99 99 99 99 87 82 93 99 99 99 99 99 99 99 99 81 75 99 99 34 34 42 59 44 56 0 50 36 44 99 
99 99 85 99 99 99 99 99 99 99 99 99 79 91 99 99 99 99 88 99 94 99 99 99 97 99 91 78 99 99 99 99 99 99 99 99 99 99 99 99 99 99 99 99 75 99 99 99 99 99 82 99 99 84 99 99 99 99 99 97 99 99 99 75 99 99 99 93 87 99 61 38 59 60 62 60 54 0 54 42 97 
99 99 94 99 99 99 85 81 99 99 90 99 82 99 91 99 75 97 99 93 99 99 99 99 99 99 99 91 96 99 78 99 79 99 93 99 99 99 96 75 99 97 99 99 90 99 99 99 99 81 99 99 96 82 87 85 94 91 91 99 84 75 99 99 99 99 99 99 99 99 35 53 47 34 34 42 54 60 0 62 99 
99 88 99 99 99 99 99 99 99 99 96 99 99 99 76 99 99 99 84 99 99 99 99 96 99 75 99 99 99 99 99 99 99 97 84 99 99 99 99 94 85 99 99 99 99 99 97 99 99 93 99 99 99 99 96 99 99 99 99 75 99 79 99 99 76 99 99 78 99 99 48 43 41 60 54 62 53 49 54 0 99 
99 94 75 99 99 78 97 99 99 99 99 99 99 99 99 99 99 99 99 99 99 79 99 99 99 99 99 99 90 99 99 99 99 90 99 99 87 99 99 99 78 99 99 90 78 99 88 99 99 99 99 87 99 99 99 99 99 99 99 99 99 91 81 99 99 93 93 99 99 99 99 87 99 99 99 84 99 79 99 99 0 
