n: 80
m: 4
Pi:U[1-99] 15 20 29 49 17 19 94 79 1 23 58 35 97 66 28 56 43 19 10 73 36 92 44 15 71 80 56 64 55 29 54 91 5 57 16 63 55 77 57 21 11 45 62 48 89 59 45 88 26 64 86 23 68 64 29 20 31 20 37 14 22 23 52 83 90 16 36 22 75 78 34 51 91 2 85 70 69 96 26 33 
Si:U[50-99]
0 48 34 52 44 43 52 50 42 66 99 99 99 97 99 99 99 84 99 99 99 99 99 99 82 90 99 99 99 87 99 99 97 99 87 94 99 91 99 75 99 82 99 82 81 99 94 82 99 90 94 79 99 99 99 99 99 99 84 99 99 99 99 99 85 99 99 99 99 99 79 99 99 90 99 99 99 99 76 82 99 
60 0 44 59 64 39 53 37 45 50 99 91 91 99 99 99 99 99 99 99 91 91 96 99 99 99 99 99 99 79 94 99 99 84 75 84 99 87 99 84 99 99 99 82 99 79 90 93 99 99 99 99 99 99 99 87 99 99 99 99 99 99 99 99 91 99 99 99 99 93 79 99 90 99 76 76 99 99 94 99 99 
44 45 0 56 58 61 36 40 38 38 90 99 85 94 99 99 99 84 99 87 99 99 88 99 99 99 99 99 99 99 82 99 99 84 99 76 99 97 76 79 99 99 99 81 85 99 99 99 96 99 99 99 87 99 91 99 99 99 99 99 76 91 99 99 99 88 96 99 99 99 88 97 99 99 81 99 99 99 99 99 99 
63 64 58 0 37 39 38 48 56 64 99 99 99 97 79 99 76 76 96 99 99 99 99 99 99 88 99 93 99 99 78 99 99 99 99 78 99 99 85 99 76 99 96 78 99 99 90 99 76 99 82 81 99 99 99 96 99 93 99 99 99 81 99 99 75 99 90 76 75 99 88 99 99 99 99 75 96 94 90 82 99 
36 60 49 48 0 34 44 34 52 54 99 99 99 99 99 99 99 88 91 76 99 90 94 99 96 99 84 99 99 99 82 99 76 99 99 99 99 99 99 99 76 82 99 99 99 99 99 99 99 99 99 94 75 75 99 99 78 99 99 99 87 99 99 99 99 96 99 99 99 99 99 99 99 79 99 82 82 94 99 99 99 
51 46 39 56 49 0 56 56 62 63 99 99 99 99 99 99 88 99 99 82 75 99 99 88 99 99 99 78 99 99 99 97 75 99 99 90 99 99 99 99 99 99 99 99 76 84 90 99 99 99 94 93 99 99 99 99 99 85 99 99 96 99 99 87 99 99 78 79 82 99 84 99 97 99 99 99 99 90 99 85 99 
59 34 52 62 39 50 0 48 52 48 96 99 99 99 99 99 87 99 79 99 99 99 75 87 99 78 99 99 99 99 93 99 84 99 99 84 99 99 99 99 88 78 99 90 85 99 88 99 99 99 99 78 94 99 99 96 99 96 99 99 84 76 99 99 81 99 76 99 96 99 99 78 90 99 99 99 99 78 91 99 99 
64 59 42 55 48 51 34 0 56 46 85 99 99 96 99 99 85 93 99 99 78 76 99 82 81 99 99 99 99 78 99 99 99 99 99 99 99 99 99 99 99 99 99 91 99 99 99 99 99 90 99 78 99 85 99 99 99 99 75 99 99 88 99 99 99 99 99 79 99 99 99 93 85 90 82 78 99 99 79 99 84 
44 49 62 38 56 40 66 42 0 55 97 81 99 99 84 87 99 99 99 99 99 99 99 85 78 96 99 99 99 84 96 75 84 76 99 97 97 99 99 99 99 99 75 84 99 76 99 99 99 99 99 99 99 99 82 99 99 99 99 99 90 99 90 99 99 99 99 96 85 99 99 96 79 99 76 99 99 99 82 99 87 
50 39 60 40 56 46 46 61 38 0 93 99 99 99 84 99 99 79 82 76 99 99 99 91 99 99 81 99 99 87 99 99 99 99 78 99 99 99 99 88 99 99 99 99 99 99 99 99 99 94 99 78 99 79 99 99 99 99 99 99 99 99 99 94 99 99 99 85 84 87 99 82 99 97 99 99 99 99 99 99 99 
84 99 99 99 94 99 99 99 99 99 0 65 57 51 34 40 52 52 56 57 99 99 99 99 87 99 99 99 99 99 81 99 99 99 99 99 99 99 99 99 99 99 97 99 85 99 99 99 99 99 93 99 99 99 99 99 99 99 75 99 93 99 78 99 99 99 84 99 99 99 99 99 99 99 99 99 99 99 99 99 78 
99 99 99 99 99 99 84 99 99 99 60 0 48 63 38 61 62 61 45 47 84 99 99 79 99 99 99 99 85 99 99 99 99 99 99 99 99 99 99 78 99 99 93 99 81 99 99 99 99 90 99 99 99 99 93 99 99 99 82 99 99 91 99 93 99 99 85 97 82 99 90 87 99 94 99 99 82 94 99 99 99 
99 91 99 99 99 99 81 87 99 99 62 60 0 57 60 42 66 62 52 58 99 99 99 99 99 97 82 94 99 85 99 99 84 99 99 99 99 91 99 97 99 93 75 99 82 91 99 99 99 94 99 82 99 82 99 99 99 99 76 99 99 99 97 99 99 99 99 99 99 99 93 99 99 99 97 94 99 81 99 99 79 
99 84 99 99 99 99 84 99 99 85 59 48 49 0 36 42 44 61 50 64 81 99 99 99 97 99 99 99 97 99 99 99 99 90 99 99 99 91 99 96 99 75 78 99 99 93 96 99 84 99 81 99 76 99 99 99 99 99 99 99 91 99 99 99 85 99 99 99 99 99 99 90 99 99 99 88 88 99 90 99 99 
99 97 99 85 99 99 84 99 75 99 36 34 56 49 0 33 48 34 59 44 99 99 91 90 99 99 99 94 99 99 99 91 99 99 99 99 99 99 99 99 99 99 99 94 99 99 99 99 99 99 99 75 76 81 99 99 99 99 99 99 99 82 79 88 99 79 99 93 93 99 99 91 99 84 99 91 87 94 99 90 99 
91 88 84 82 91 91 90 99 99 93 50 57 61 60 46 0 43 60 63 62 99 97 85 99 84 99 93 99 99 96 99 76 99 99 99 97 75 99 99 99 99 94 99 99 78 82 87 99 93 99 99 81 99 82 97 99 99 87 96 99 99 99 79 88 97 99 76 99 99 96 82 85 99 75 99 99 87 99 99 85 99 
99 85 99 99 99 99 99 99 99 99 33 60 40 38 44 40 0 60 40 36 99 87 87 76 99 99 99 79 87 82 85 94 99 99 81 99 99 99 99 99 99 84 76 99 99 88 99 99 99 82 99 81 99 75 99 96 88 99 78 99 79 99 97 75 99 96 90 99 99 99 99 99 88 88 99 96 99 87 99 93 99 
81 82 99 99 99 99 99 99 99 99 48 47 57 58 44 42 37 0 36 52 75 99 99 99 99 85 99 99 99 91 99 99 75 99 96 99 87 76 99 99 85 99 97 99 84 99 99 99 99 78 84 99 99 99 99 99 99 91 99 85 99 90 99 97 99 99 99 87 99 99 84 85 93 82 79 88 94 99 93 99 99 
84 99 99 99 99 99 99 90 99 99 64 50 36 36 42 39 64 36 0 64 99 99 99 99 84 99 99 99 82 99 75 99 93 99 99 99 75 99 99 91 88 96 99 99 82 99 99 99 99 87 99 99 76 87 99 99 99 99 85 99 99 99 99 88 99 99 99 99 99 99 99 90 99 99 93 99 99 99 87 99 90 
99 99 99 85 99 99 99 99 99 99 37 55 61 44 57 39 58 57 63 0 99 99 99 91 78 99 99 99 99 90 81 99 97 99 75 99 99 99 79 85 99 99 99 99 99 99 99 99 99 99 99 99 99 99 99 93 99 99 99 87 94 99 90 96 94 99 99 99 99 79 99 99 99 99 99 85 97 78 99 79 99 
99 99 99 99 91 99 88 99 99 99 99 75 99 99 99 99 99 93 85 97 0 55 40 60 56 50 51 46 62 38 99 99 99 99 99 93 99 99 99 99 99 85 99 81 90 88 99 99 90 99 99 90 99 97 99 99 99 96 99 99 99 99 91 99 99 82 99 99 75 96 99 99 99 79 93 93 99 99 76 82 99 
99 99 99 99 84 99 99 78 99 99 99 99 99 99 93 99 99 75 99 88 40 0 39 48 55 52 36 57 36 53 82 93 82 99 91 99 90 99 81 97 99 99 99 99 82 99 93 99 91 99 79 99 99 99 96 99 99 82 99 81 99 99 99 99 99 99 99 99 99 88 99 99 94 99 99 99 99 99 81 82 99 
99 99 91 85 99 84 99 99 99 99 99 99 99 99 84 84 84 99 99 99 51 57 0 35 38 50 45 62 51 40 94 93 99 99 97 99 99 99 99 99 88 99 99 94 99 99 99 99 87 99 84 96 99 99 97 99 79 99 99 99 99 99 84 99 85 87 99 91 99 99 99 90 99 94 99 99 84 97 99 99 99 
99 87 93 99 99 99 99 82 99 99 97 99 78 99 84 76 99 99 99 75 60 64 50 0 41 47 58 44 56 52 99 99 99 99 99 91 75 99 93 99 88 99 76 99 99 87 76 99 90 99 84 99 99 99 99 99 99 99 99 99 99 85 99 99 99 99 85 99 99 99 99 99 99 76 82 99 99 84 99 99 99 
99 99 99 99 96 99 84 99 99 99 99 99 99 99 79 99 99 99 99 99 36 42 46 42 0 41 44 56 56 42 99 99 82 99 81 99 99 99 97 99 91 79 99 99 90 99 99 99 99 99 99 99 99 99 99 99 82 99 99 99 76 99 99 99 99 90 99 99 90 81 99 99 81 99 99 99 99 99 99 99 99 
99 99 99 94 99 99 81 99 99 99 99 99 99 99 99 99 99 99 81 99 43 60 61 57 34 0 50 36 64 65 99 87 99 99 99 99 87 99 99 82 99 99 99 99 99 99 99 99 99 99 84 99 99 99 99 99 99 79 88 99 96 99 78 99 99 87 78 87 99 99 81 99 94 97 99 99 99 99 99 99 99 
88 84 90 99 90 99 99 96 85 94 99 99 99 99 81 81 99 99 99 99 34 64 46 47 61 44 0 36 34 50 99 99 99 99 99 99 99 88 99 79 99 91 99 99 99 99 76 99 99 82 99 84 99 99 82 84 99 99 94 99 99 84 99 99 84 99 99 99 97 99 99 88 91 99 99 99 99 75 99 99 76 
99 85 99 91 99 99 99 99 99 81 99 99 99 99 99 99 76 99 99 99 40 36 45 46 40 57 40 0 37 46 82 84 99 82 99 99 99 99 99 99 99 99 99 99 99 99 99 99 76 99 99 99 99 99 81 99 99 99 99 99 91 99 99 99 99 99 85 79 99 99 99 99 99 78 99 93 99 99 91 87 99 
99 99 99 99 99 82 81 99 96 99 90 75 88 99 99 99 76 99 99 81 60 38 48 45 38 66 42 59 0 48 99 99 99 99 99 99 99 78 99 99 99 99 99 96 99 99 93 87 99 99 99 99 99 99 99 99 99 99 93 99 94 99 93 84 99 99 99 99 99 99 99 99 87 99 99 99 99 76 96 84 99 
99 99 99 99 99 82 99 99 99 99 99 99 99 99 75 88 99 99 84 99 55 51 62 66 43 60 40 48 36 0 99 82 79 99 99 99 99 99 99 99 94 94 97 88 99 84 99 99 82 99 81 76 99 91 99 99 99 99 99 97 99 99 99 99 91 99 99 99 99 99 84 99 91 99 99 99 84 99 99 99 93 
99 87 99 99 99 99 99 97 99 99 93 99 99 85 78 99 96 99 99 99 99 90 99 99 79 90 99 99 91 99 0 49 44 63 53 44 41 66 44 42 99 99 99 85 99 99 99 90 99 90 99 94 99 90 79 84 99 96 99 99 99 99 99 99 96 87 99 99 93 99 99 90 93 99 99 79 99 99 87 99 81 
99 99 99 99 99 99 99 96 99 99 99 87 87 97 99 79 84 84 81 99 99 99 99 99 99 99 93 99 99 99 42 0 44 35 39 56 43 44 61 44 75 85 99 99 99 99 99 99 96 99 99 99 99 99 94 99 99 99 99 99 85 99 99 99 99 99 99 84 75 99 99 99 99 99 76 99 99 99 84 97 99 
99 99 99 96 99 99 99 99 99 99 78 99 76 97 99 99 99 99 99 97 99 93 85 99 99 84 91 99 99 81 34 59 0 52 60 63 40 46 45 50 99 76 99 76 99 99 99 90 79 99 79 99 99 96 87 99 99 87 99 99 99 85 99 99 99 99 81 99 90 99 79 99 76 99 99 99 99 81 99 79 75 
84 99 99 99 84 94 99 94 97 99 84 93 99 99 99 79 85 99 99 75 91 99 99 99 97 99 99 99 99 99 43 52 35 0 38 65 50 60 40 46 87 99 99 99 99 99 99 90 99 99 87 99 99 94 99 99 99 99 99 93 99 99 99 99 99 99 99 84 85 99 91 99 99 99 96 88 99 84 99 99 99 
99 91 90 99 99 99 78 76 99 99 99 79 99 99 99 99 99 99 79 79 99 88 93 99 99 99 99 91 79 75 35 54 38 64 0 49 35 63 50 64 99 99 99 99 99 79 99 94 99 90 99 99 99 99 99 99 94 99 99 99 99 99 97 94 88 99 99 99 99 99 99 99 99 99 99 99 99 99 84 82 99 
96 99 84 94 94 99 99 99 99 99 99 99 99 99 96 91 99 99 81 99 99 99 90 97 99 84 99 99 78 99 36 64 62 48 49 0 49 50 40 38 99 99 99 99 99 99 82 99 96 99 99 99 96 93 99 99 99 99 99 94 99 99 99 99 99 99 84 87 99 99 93 99 99 81 97 99 99 99 99 99 90 
99 99 99 99 99 99 99 99 93 99 99 99 79 99 99 99 76 99 90 97 99 99 99 99 81 99 99 82 93 99 39 44 37 57 50 54 0 58 45 44 76 84 99 99 82 88 99 99 99 99 99 99 99 99 87 99 99 88 99 82 99 99 99 99 76 99 99 99 76 84 94 99 96 99 99 99 87 99 99 99 99 
99 91 85 88 97 99 99 99 99 88 99 99 99 99 90 99 99 75 78 90 97 99 76 99 75 99 79 78 99 99 52 51 46 60 52 34 52 0 51 42 99 99 97 90 99 99 99 99 99 79 96 99 99 99 99 99 99 99 99 99 99 99 99 96 75 96 99 99 79 99 97 99 99 99 78 90 99 99 76 99 99 
99 99 99 87 99 99 76 88 99 99 99 99 99 85 99 99 99 99 99 99 99 99 99 97 99 99 99 99 88 99 54 60 52 54 66 37 52 41 0 48 99 93 94 99 99 99 99 87 99 99 99 99 81 99 99 99 97 88 99 99 97 99 84 99 99 99 99 88 99 99 99 99 91 79 99 84 99 99 99 99 99 
99 99 99 99 99 97 87 99 99 99 99 99 99 96 99 90 99 99 76 99 96 99 99 91 99 99 88 99 99 99 52 49 42 39 43 64 52 55 56 0 88 99 99 99 93 99 99 99 94 99 99 99 97 99 99 76 84 99 99 99 99 79 99 99 90 76 87 82 99 94 99 99 99 85 99 99 99 79 87 99 99 
84 99 99 99 99 99 99 99 99 85 84 99 99 97 99 96 99 99 99 84 78 84 99 99 99 99 91 84 99 99 91 94 99 91 99 99 78 99 78 99 0 44 53 52 38 54 61 34 56 40 81 99 99 99 99 88 99 79 90 78 99 99 99 99 87 99 99 99 99 99 99 99 99 99 99 99 99 91 79 99 99 
99 78 99 99 99 99 99 99 99 99 81 99 99 99 75 99 81 79 99 99 99 99 78 99 99 99 99 99 99 76 79 81 99 99 99 88 99 91 81 93 53 0 42 54 54 37 42 33 43 34 99 99 99 99 99 99 99 85 90 99 99 99 99 99 99 99 99 99 99 99 99 97 81 90 78 99 99 91 99 99 99 
99 99 99 75 99 84 82 99 99 99 99 99 96 96 94 99 99 99 99 99 99 99 99 99 99 87 99 99 99 99 99 99 99 90 99 79 99 99 94 99 52 51 0 60 66 51 40 46 64 63 84 99 99 75 90 82 99 97 99 82 96 99 99 96 99 97 75 99 97 81 88 99 99 99 96 99 99 99 75 99 85 
99 99 94 88 78 99 99 99 90 99 99 99 99 76 99 99 99 99 99 99 99 99 99 99 99 99 81 99 99 90 99 99 78 97 99 99 96 99 99 99 38 50 43 0 56 52 55 55 58 58 99 99 99 84 78 99 99 99 99 99 99 87 81 99 75 99 99 99 99 99 99 99 99 99 85 88 99 99 94 99 99 
99 94 99 99 99 99 99 99 99 96 99 99 99 99 99 79 99 99 99 99 81 99 99 99 99 99 99 91 76 81 99 84 76 99 97 99 76 91 96 82 43 60 64 47 0 40 37 38 58 36 75 99 99 99 99 99 96 99 99 99 99 87 99 99 99 99 79 94 99 90 78 99 99 99 99 99 78 99 99 99 99 
91 99 99 99 94 99 99 91 93 78 99 99 90 99 99 99 99 99 99 99 99 99 91 99 99 85 99 99 87 99 81 99 99 99 99 99 99 96 99 99 39 50 48 61 59 0 51 46 53 53 99 91 99 99 99 91 99 99 99 99 99 75 81 99 99 99 99 99 99 91 99 99 99 99 78 82 99 99 99 99 99 
99 82 87 96 99 85 88 79 99 99 99 81 75 99 99 99 85 99 99 99 99 79 97 99 99 88 91 99 99 99 82 99 99 99 99 78 84 75 99 99 56 54 49 35 65 59 0 54 56 41 99 99 99 99 99 91 93 99 99 99 99 76 91 81 82 99 97 99 97 99 99 99 99 97 99 94 81 99 99 90 99 
99 99 99 94 99 87 87 88 99 99 81 99 97 99 99 79 99 99 94 99 99 99 99 99 99 99 84 99 99 76 99 75 97 99 99 81 99 99 99 99 62 47 50 58 61 43 60 0 48 34 93 99 85 99 82 88 99 99 99 99 99 99 99 99 99 81 99 99 99 78 99 99 99 99 99 99 99 99 99 99 99 
76 93 91 99 99 99 99 99 99 75 79 85 97 99 99 99 99 99 99 99 99 99 99 99 78 99 99 99 99 82 99 79 99 99 99 99 99 76 99 99 53 36 61 54 46 55 58 53 0 36 87 99 99 85 99 99 78 99 88 99 99 99 99 84 99 99 99 78 76 99 99 75 99 96 99 99 75 99 99 99 99 
99 99 99 99 99 97 99 85 82 84 99 99 88 99 84 99 99 99 99 99 78 99 99 91 99 99 81 99 99 90 99 99 99 99 99 99 99 96 97 99 60 59 66 60 64 58 56 64 34 0 99 99 99 78 99 99 99 99 99 99 99 99 93 99 99 99 99 99 99 99 99 94 85 99 90 99 85 99 99 85 79 
99 88 82 99 99 99 99 99 93 99 99 99 99 99 99 99 99 75 99 94 99 99 97 99 99 99 99 99 99 99 78 93 99 99 99 99 99 99 99 93 96 99 84 99 99 85 99 76 88 99 0 46 36 40 45 37 60 42 48 48 75 94 93 99 85 99 93 99 99 99 99 78 99 99 99 99 99 85 99 99 96 
99 85 99 88 97 99 76 99 90 99 79 99 99 99 75 82 99 99 99 99 99 94 75 99 99 99 99 84 99 99 99 99 99 99 99 76 99 99 99 99 87 99 99 94 99 99 85 85 99 99 43 0 38 63 41 48 42 49 60 44 99 99 81 87 99 96 79 87 99 99 99 99 99 99 99 99 99 99 99 84 99 
99 99 79 99 97 99 99 99 99 99 99 79 99 99 99 97 99 82 99 75 99 94 91 99 99 96 99 99 99 81 99 99 94 93 99 99 79 99 99 99 85 90 99 75 99 81 99 99 99 99 49 58 0 54 48 51 51 40 65 39 96 96 99 99 99 81 99 90 99 99 99 99 99 99 99 94 75 99 88 99 85 
88 99 99 99 99 84 99 99 99 87 99 99 99 94 75 99 79 99 99 85 99 75 99 76 99 99 99 97 99 85 84 99 79 99 99 99 85 99 81 99 99 99 88 99 97 99 90 99 99 99 63 44 36 0 51 50 42 50 56 35 99 99 99 75 75 99 99 99 99 76 99 90 99 87 82 99 81 78 99 99 99 
93 99 99 99 99 99 99 99 91 99 93 79 99 99 99 99 99 90 99 88 99 99 99 76 81 76 99 99 99 99 99 99 97 87 99 99 82 99 99 88 99 99 99 99 99 93 99 99 84 91 36 64 48 34 0 41 42 36 64 53 99 88 99 99 99 99 99 99 84 99 99 99 99 99 99 99 99 99 99 79 99 
93 99 99 99 96 99 99 99 99 99 99 99 85 78 99 81 75 94 99 99 99 85 82 99 99 99 97 85 78 97 99 99 99 99 99 79 79 99 99 99 93 99 99 99 99 99 99 99 81 76 62 61 54 43 44 0 64 42 46 34 99 99 97 99 88 81 81 76 75 99 99 99 84 99 99 78 99 93 99 99 99 
99 99 99 99 99 94 99 99 99 99 99 99 96 99 99 99 99 99 99 99 82 93 99 90 99 99 84 76 99 99 88 99 99 99 99 85 85 99 97 99 99 99 99 99 91 82 99 81 99 99 62 60 54 48 56 54 0 61 34 46 79 99 84 99 99 90 99 99 99 75 99 99 82 99 99 99 99 99 79 99 99 
99 99 99 93 99 99 79 99 75 99 99 90 99 99 81 91 99 99 99 96 99 99 79 99 99 99 99 99 91 99 99 99 97 76 99 99 99 99 93 91 99 78 99 93 99 99 99 99 97 99 40 34 42 41 56 53 48 0 61 58 99 84 99 94 99 99 99 99 99 99 99 99 99 99 99 99 99 91 99 99 99 
99 99 76 99 94 99 96 82 99 75 99 99 99 99 99 75 93 99 99 97 99 99 99 99 87 99 99 99 99 99 81 99 99 97 99 78 93 99 93 99 99 88 99 99 81 91 79 76 99 94 52 34 50 39 46 44 48 35 0 40 99 82 99 91 90 99 96 78 99 99 99 99 99 93 99 99 88 99 90 87 99 
99 99 99 99 79 99 75 99 99 99 82 99 85 78 99 99 88 99 99 99 99 97 99 99 87 96 99 99 76 99 99 99 99 99 84 99 94 99 76 99 79 99 85 99 79 99 88 90 99 99 34 63 36 54 46 61 55 58 39 0 78 94 88 99 99 97 99 99 75 99 78 93 93 76 76 97 99 99 99 99 99 
99 99 99 78 99 85 99 99 99 99 99 99 99 79 99 99 99 99 99 99 99 99 99 99 99 99 99 99 78 79 99 91 99 99 82 75 99 99 88 81 94 99 97 99 96 99 99 99 99 99 82 97 99 99 99 82 99 99 99 99 0 46 39 42 34 61 40 54 65 40 99 99 82 99 76 99 99 79 94 99 99 
99 99 99 99 99 99 93 99 93 99 99 88 99 82 90 93 99 99 99 85 82 75 97 99 99 99 99 82 99 99 99 99 99 99 99 94 99 99 82 99 99 99 99 85 79 88 99 99 99 99 99 93 99 99 99 99 99 99 99 99 47 0 46 46 57 60 49 38 40 58 99 85 90 99 91 99 79 82 99 99 99 
79 99 99 99 99 99 91 78 84 99 96 99 99 99 99 96 99 99 99 99 99 99 99 87 99 99 99 99 99 99 99 99 94 76 99 99 99 99 90 99 94 99 99 99 99 99 99 99 97 99 87 94 79 75 99 99 99 99 96 99 56 54 0 58 36 38 42 61 56 58 99 76 85 99 99 99 99 81 99 99 99 
99 99 94 99 99 87 97 99 85 99 99 78 99 99 88 78 99 99 99 99 79 75 99 99 91 99 97 76 99 90 99 99 99 99 76 99 99 75 99 99 93 99 84 99 99 82 99 99 99 99 99 99 99 97 99 99 99 99 99 99 37 47 66 0 49 35 54 48 64 38 88 93 99 97 99 99 88 99 99 91 99 
99 99 99 99 99 99 88 99 99 78 99 99 75 91 79 99 90 99 97 99 99 99 99 99 99 94 99 81 97 99 85 75 99 99 99 91 96 99 99 99 99 99 94 90 99 99 90 99 99 94 99 85 99 99 78 96 99 88 99 99 49 64 34 60 0 54 44 50 40 56 99 94 99 99 93 99 99 99 99 93 99 
99 96 99 79 99 76 97 99 99 99 99 99 99 99 75 93 90 99 94 99 99 76 99 99 99 82 99 99 99 99 99 99 96 99 99 96 99 99 99 79 99 99 99 99 99 93 91 99 87 88 82 99 99 99 84 99 99 99 79 76 56 34 52 48 60 0 52 37 64 46 99 76 99 99 99 99 99 99 99 99 99 
99 99 87 96 99 99 99 99 99 78 96 79 79 99 82 99 99 99 85 87 99 99 76 81 96 96 85 99 99 76 99 99 99 88 85 99 99 99 85 84 99 99 99 99 99 99 99 87 99 99 99 75 90 99 99 99 99 99 99 99 40 35 50 39 64 35 0 36 48 50 99 99 93 99 91 99 99 99 82 99 99 
99 99 99 99 99 99 75 87 99 99 93 99 99 78 99 99 99 99 91 99 99 99 99 99 99 94 90 75 93 99 76 97 99 78 75 93 99 99 99 99 85 99 85 99 99 99 88 99 81 96 99 99 99 99 99 99 99 99 99 99 46 43 58 65 38 49 56 0 58 62 99 78 94 94 99 99 90 99 99 99 99 
99 88 99 99 99 99 99 99 99 78 97 82 79 99 85 99 81 99 99 78 99 99 99 90 99 99 99 99 99 96 97 99 99 99 99 84 82 99 81 99 96 97 94 99 99 85 76 99 99 99 99 99 97 78 96 91 99 99 99 99 40 36 47 48 56 34 42 53 0 58 87 99 99 84 99 78 88 99 96 96 91 
99 99 99 99 99 99 99 99 99 94 96 99 97 79 99 90 91 97 99 99 99 99 99 97 99 99 76 87 99 99 99 99 93 99 93 99 99 99 99 78 82 94 99 99 81 93 99 99 99 76 99 99 79 99 99 99 99 99 99 88 40 49 59 62 56 60 43 64 48 0 99 78 99 99 99 87 99 99 99 91 99 
94 82 84 75 99 99 82 99 94 82 99 99 79 99 99 99 88 99 99 99 99 99 99 99 78 99 99 99 99 99 99 99 97 79 94 99 99 76 91 99 79 99 99 76 99 99 99 87 99 99 99 99 99 99 93 99 99 99 88 99 75 99 93 99 99 99 99 99 99 99 0 66 41 61 42 54 58 39 40 50 99 
99 97 99 99 99 99 99 99 99 99 99 99 79 96 99 75 99 99 99 99 99 99 99 99 99 79 99 99 99 99 99 99 75 99 97 87 99 78 99 99 90 99 99 99 99 99 94 99 99 99 99 90 99 85 99 99 99 91 96 99 79 99 99 93 99 85 94 99 90 75 50 0 64 43 36 49 35 36 63 48 84 
81 99 93 99 87 91 99 99 99 87 75 99 99 99 99 99 99 99 99 81 99 99 99 88 99 99 99 99 76 99 99 99 93 99 99 99 99 99 99 99 99 99 99 99 99 99 99 99 87 99 99 81 88 88 79 99 99 99 99 99 99 99 99 99 99 84 82 99 85 90 55 44 0 33 34 41 64 54 63 41 85 
93 99 78 99 94 99 94 99 99 82 81 99 90 99 99 99 99 82 99 99 99 99 75 84 99 99 99 99 99 99 99 99 91 99 99 99 90 99 99 90 99 76 93 75 99 99 99 99 99 99 79 99 99 99 99 99 99 99 99 76 99 99 99 76 99 99 99 99 99 99 48 56 48 0 57 55 56 40 57 54 99 
99 76 99 88 99 99 99 93 99 99 88 99 85 99 99 99 81 99 99 81 99 99 99 99 93 93 99 99 99 99 99 99 99 99 91 99 91 88 99 99 99 99 99 78 99 99 93 99 90 99 99 99 99 76 99 93 99 99 96 99 99 99 99 99 99 99 99 99 99 99 33 46 40 62 0 55 35 64 59 47 81 
99 99 99 99 99 99 99 79 99 99 99 99 99 99 99 99 76 99 96 85 97 99 99 99 90 99 99 91 99 85 84 85 99 99 99 99 99 97 88 99 87 99 99 88 81 99 99 96 82 99 94 91 99 96 85 81 99 76 99 99 79 99 99 99 99 75 99 82 99 99 61 58 41 34 62 0 37 62 45 48 99 
99 99 96 99 99 99 97 99 85 96 99 99 87 99 99 99 99 84 99 88 99 99 85 99 79 94 88 99 88 99 99 96 99 99 99 99 90 99 99 99 76 99 99 99 78 84 99 99 84 97 99 90 99 99 99 79 85 99 76 99 99 99 99 75 75 99 99 75 99 99 57 51 63 47 50 55 0 45 60 49 97 
99 99 99 99 99 87 97 93 82 82 81 99 78 99 99 81 99 99 99 99 99 99 99 85 96 75 99 84 99 99 82 99 99 82 91 87 99 99 99 75 99 99 79 99 96 99 75 99 99 94 99 99 99 99 85 99 99 90 99 99 87 91 99 99 99 99 76 99 99 99 40 48 52 36 35 57 38 0 58 44 99 
99 99 99 88 99 97 79 99 96 79 99 99 99 99 99 91 99 79 99 99 99 94 99 99 91 99 99 99 81 99 99 99 96 99 99 99 90 99 99 79 99 99 90 99 99 99 99 85 96 99 90 94 99 94 99 99 99 99 99 78 99 99 99 99 96 76 99 99 99 91 58 38 42 54 55 58 56 58 0 58 99 
78 78 99 99 81 99 85 88 99 99 99 75 99 99 99 79 99 87 99 79 99 96 81 99 99 75 99 97 99 75 99 99 99 99 76 93 84 99 99 99 99 78 99 79 99 99 99 99 82 99 90 99 99 99 97 99 99 99 88 99 87 99 99 78 82 99 99 99 91 99 60 44 38 62 65 56 48 48 33 0 79 
99 99 99 81 79 99 99 94 99 99 99 81 99 75 99 87 99 99 99 99 99 99 99 97 82 99 99 99 87 99 99 99 84 99 96 82 93 99 97 99 78 99 84 99 99 99 99 88 99 99 99 76 99 99 99 99 99 94 99 99 78 96 99 99 99 99 99 78 99 81 99 99 93 79 99 99 96 99 99 99 0 
