n: 80
m: 10
Pi:U[1-99] 78 33 61 8 21 98 16 71 18 73 56 86 15 92 94 34 80 42 92 46 7 56 4 93 77 85 68 77 71 24 34 68 81 26 30 44 86 9 93 92 82 59 99 72 37 10 57 28 13 93 26 45 56 79 24 20 76 9 5 93 90 95 74 19 96 92 39 9 46 43 8 1 96 30 55 56 91 14 23 8 
Si:U[1-99]
0 55 48 56 41 48 64 10 65 18 99 91 99 1 99 4 99 7 33 18 52 99 99 99 85 54 70 24 16 55 70 99 66 99 99 4 97 99 82 99 40 9 52 22 99 79 33 99 99 99 99 70 99 22 75 25 99 61 81 99 63 94 54 28 78 43 63 67 99 99 1 58 39 33 39 88 99 30 78 78 36 
42 0 39 20 56 12 42 30 48 24 52 34 19 99 99 99 81 93 99 51 85 94 99 84 99 97 63 90 99 73 54 54 99 96 12 97 15 58 55 45 67 99 34 99 99 94 99 70 99 99 91 28 22 97 99 99 99 99 99 16 1 84 99 27 25 57 22 24 99 81 94 73 99 99 99 27 94 99 39 99 40 
38 54 0 14 28 25 28 8 57 46 3 69 99 99 88 99 99 36 99 21 7 45 69 85 99 99 99 75 94 70 99 99 99 1 99 73 39 72 99 61 97 87 61 99 12 22 99 91 94 79 42 31 54 48 99 7 99 4 19 99 7 48 52 87 1 99 85 99 99 25 96 91 75 43 18 99 4 31 40 69 99 
25 9 2 0 18 43 54 20 17 22 99 15 99 55 66 64 99 99 99 10 24 15 60 21 19 16 93 99 63 82 66 93 54 97 39 10 70 99 99 99 66 99 63 85 64 9 25 4 99 99 99 99 93 99 72 99 85 69 94 27 18 22 58 37 60 99 99 99 27 31 52 13 99 99 99 96 63 99 55 31 57 
46 32 8 58 0 8 58 56 65 52 9 10 70 82 99 99 94 99 99 6 69 1 27 34 99 16 52 63 33 6 99 99 91 45 84 31 99 79 87 99 99 87 55 31 99 99 75 99 99 39 78 99 27 63 61 37 61 39 21 99 64 75 99 84 99 99 99 61 43 63 61 99 76 55 39 42 99 37 76 99 70 
42 20 34 14 2 0 38 25 44 49 57 99 99 85 99 42 34 31 49 94 91 81 99 99 85 30 6 99 87 99 70 61 99 70 63 49 84 99 99 96 67 99 99 9 37 99 25 30 19 73 99 4 99 99 96 70 99 99 99 48 99 36 99 9 99 13 99 54 93 40 99 99 88 13 42 22 99 6 66 99 75 
48 54 30 56 64 10 0 18 16 5 49 99 4 39 69 30 99 99 96 99 24 72 39 99 99 99 99 27 10 99 66 66 3 19 99 48 97 99 58 39 13 99 88 90 48 10 18 4 63 22 3 99 99 63 99 84 3 99 87 27 99 3 43 99 33 99 1 4 16 9 99 54 57 12 70 63 69 99 10 22 99 
32 61 65 12 45 7 28 0 18 32 99 57 99 99 99 46 33 7 21 85 99 93 75 99 36 99 40 58 9 72 25 81 54 99 57 46 73 99 15 81 99 78 99 25 99 57 99 99 16 99 30 66 99 16 99 99 58 78 99 90 99 99 99 39 99 22 16 15 99 67 99 99 18 93 79 63 25 46 13 99 99 
33 14 61 0 26 8 16 42 0 46 13 55 99 39 15 9 99 72 15 22 99 7 51 91 99 87 63 75 91 99 85 94 99 13 57 33 49 85 84 54 45 28 99 97 7 54 1 99 61 91 99 97 99 70 36 99 61 46 70 6 94 52 99 19 24 19 99 16 46 6 7 10 30 99 12 99 55 66 7 12 3 
32 66 63 63 62 9 20 22 34 0 99 99 99 28 99 4 30 25 57 4 48 40 55 28 61 99 99 87 99 84 61 27 52 99 22 46 64 54 99 39 18 72 99 55 99 99 87 85 49 99 18 99 27 67 40 99 99 27 96 37 49 21 58 36 99 33 30 33 90 99 28 34 99 22 31 72 70 99 64 25 72 
99 4 99 43 84 49 67 99 96 99 0 8 13 16 56 43 4 5 45 48 58 99 99 19 99 40 57 1 48 19 99 15 97 99 99 99 42 99 66 49 78 67 73 64 99 99 42 99 99 99 15 99 75 78 99 99 79 90 99 76 99 99 28 58 28 36 43 57 99 90 43 66 18 99 52 25 72 99 69 90 99 
13 25 99 70 55 39 72 99 3 70 19 0 26 21 31 5 37 32 40 11 79 93 73 85 99 55 27 18 63 99 99 99 19 81 88 99 99 99 99 52 73 99 25 55 99 99 33 12 49 79 16 69 99 99 96 7 70 4 82 43 99 96 69 94 57 16 97 36 33 45 97 16 97 99 31 84 82 42 19 99 76 
84 82 28 99 13 10 99 18 99 94 43 24 0 59 50 30 56 47 18 40 99 3 18 99 48 99 54 6 49 99 99 76 10 99 99 76 91 19 99 58 24 99 99 13 13 27 28 51 99 99 99 99 99 37 99 16 40 34 9 15 84 99 25 42 99 58 66 45 82 99 97 90 91 6 97 94 36 52 24 24 58 
19 99 99 34 48 99 69 85 82 64 35 52 39 0 24 20 12 62 16 53 7 39 19 99 99 48 88 54 99 88 64 99 99 10 99 97 51 37 37 99 81 99 69 70 3 72 82 99 12 99 10 99 4 99 72 99 43 6 99 99 60 34 99 99 61 49 99 72 99 75 39 94 99 81 21 24 46 99 99 96 99 
42 99 99 99 15 91 52 99 85 99 58 31 8 53 0 39 33 22 54 3 6 43 99 99 39 66 28 67 42 99 66 99 99 99 21 37 99 99 99 79 82 99 99 39 99 99 82 99 36 15 10 25 48 99 6 1 27 45 46 34 99 55 12 54 3 57 96 33 70 94 36 87 99 99 45 76 27 99 54 55 34 
18 48 48 22 33 81 63 99 99 79 48 42 62 27 26 0 0 20 16 47 79 25 75 84 18 87 73 99 99 3 48 99 27 99 93 99 99 99 31 99 10 99 99 54 99 99 31 99 99 43 99 99 94 18 82 99 12 99 64 28 99 25 37 69 6 6 1 97 90 30 99 9 99 99 99 27 99 99 99 99 99 
75 99 99 96 16 39 99 36 57 43 64 44 52 32 34 27 0 26 8 1 64 99 99 19 28 78 9 25 52 99 99 99 60 94 57 99 73 48 76 39 99 67 99 7 33 43 45 81 99 7 99 97 33 66 99 6 66 9 63 55 87 85 99 97 99 1 94 99 85 99 82 13 31 99 51 21 88 67 99 24 99 
99 99 1 21 13 99 99 99 99 99 53 16 53 57 40 24 62 0 19 20 99 16 99 3 99 99 99 94 60 46 78 99 49 99 99 39 84 75 15 82 63 40 45 99 31 28 16 27 7 99 3 4 99 51 9 84 88 99 99 63 97 85 99 33 9 99 25 99 99 99 99 51 21 48 58 72 43 10 85 60 91 
99 51 64 70 24 78 15 99 78 91 51 35 14 56 54 20 30 57 0 65 51 28 36 63 57 99 93 99 10 9 99 99 99 54 46 33 99 99 99 28 99 94 4 58 42 99 99 51 6 27 33 19 97 69 99 55 70 36 99 13 54 96 67 42 99 94 12 18 63 19 93 99 99 9 49 99 19 99 39 99 76 
15 28 96 99 99 99 66 99 1 13 55 32 19 52 0 44 8 50 32 0 64 34 97 48 34 10 75 13 99 46 69 94 63 22 46 90 99 93 37 33 51 36 13 66 79 99 88 84 99 99 99 99 78 99 22 99 45 19 12 99 75 99 60 19 99 99 82 84 33 99 99 19 4 36 99 52 99 42 18 99 6 
99 34 7 48 7 6 99 99 27 28 34 84 18 33 19 99 99 99 99 99 0 34 12 23 40 6 61 37 46 18 88 6 60 15 42 25 99 9 99 99 76 58 31 99 99 15 64 94 54 54 37 99 22 99 48 99 99 70 10 88 61 99 99 99 99 18 4 3 12 99 84 60 22 85 70 93 1 66 99 75 99 
39 66 82 22 9 99 99 82 99 58 64 48 42 99 52 66 99 99 99 99 50 0 16 24 16 36 52 57 36 55 99 88 79 91 99 90 24 99 49 36 99 75 34 25 99 72 99 42 61 42 66 70 9 99 25 76 18 99 31 18 7 4 24 99 76 12 24 99 99 9 99 60 99 10 99 28 22 99 78 57 72 
31 99 99 99 90 37 99 99 99 21 34 87 97 39 99 45 88 84 1 99 60 14 0 60 0 49 4 17 20 34 39 63 99 39 99 99 99 99 69 9 73 94 36 99 40 58 25 99 99 99 13 99 27 99 60 99 42 99 99 99 15 99 99 63 99 99 99 99 99 99 4 99 76 99 99 99 99 90 99 99 99 
52 72 60 69 99 97 48 99 75 99 99 99 99 31 3 94 25 99 55 69 27 45 36 0 32 46 14 56 26 27 40 99 85 99 42 99 64 99 99 84 99 67 99 10 99 99 85 7 99 12 99 99 99 99 73 99 60 27 66 97 39 63 99 57 99 15 18 94 43 99 57 9 99 37 52 49 10 84 99 3 96 
99 99 18 99 75 34 99 12 97 75 97 94 55 36 94 6 99 99 46 40 60 38 37 50 0 56 25 56 53 38 99 81 75 99 55 22 16 67 85 24 61 37 49 1 54 52 72 99 87 48 99 99 81 7 85 70 84 48 18 25 18 99 85 39 94 25 88 54 46 69 99 99 99 84 99 51 34 13 99 22 55 
49 99 69 34 39 6 31 64 79 19 48 1 85 97 99 28 99 99 99 99 26 6 38 30 12 0 62 39 26 66 33 99 25 15 25 55 99 99 66 99 99 66 30 54 99 99 99 99 25 97 99 75 99 45 99 64 99 99 42 10 1 88 99 99 99 78 49 90 82 69 99 42 57 67 16 52 51 99 31 99 90 
99 70 12 82 19 94 31 42 15 13 99 99 99 31 99 49 1 27 99 99 58 36 4 16 56 50 0 1 57 39 99 87 64 99 37 24 99 79 13 99 69 12 48 18 7 99 58 88 3 25 21 42 81 96 13 13 85 10 43 48 90 57 55 3 19 99 99 99 57 99 49 99 16 99 99 48 6 55 99 33 99 
3 99 99 51 51 16 99 66 25 97 34 99 99 40 76 99 99 99 61 99 2 1 62 65 1 57 17 0 55 58 54 99 93 99 34 90 4 70 13 33 99 34 21 61 99 36 81 25 99 45 99 58 49 9 99 99 99 24 33 99 22 15 60 46 10 42 99 99 99 91 99 99 87 15 94 46 76 99 30 99 36 
99 27 99 19 21 88 27 99 10 7 28 73 48 51 48 46 48 79 27 99 24 52 25 0 4 39 53 34 0 22 99 90 27 99 40 61 99 79 36 24 99 99 70 33 81 48 73 13 13 22 16 52 58 57 36 31 99 6 72 27 96 99 3 7 99 55 19 31 31 9 91 99 81 96 99 46 78 7 37 76 31 
45 61 81 18 6 99 67 91 52 61 85 99 79 3 99 1 99 99 99 99 2 2 8 60 18 40 38 46 60 0 99 36 18 99 99 99 22 7 99 99 85 87 54 16 99 37 66 81 99 99 99 7 99 7 16 21 99 99 81 99 79 10 46 82 37 73 70 94 67 99 9 10 69 99 99 99 1 99 82 54 99 
99 37 49 99 31 99 99 31 99 45 12 4 42 99 99 91 99 7 79 52 99 7 99 81 49 55 99 3 70 99 0 50 10 54 18 16 42 42 48 16 39 99 99 34 19 3 99 73 99 28 61 54 87 42 61 13 93 99 75 99 39 51 88 66 99 13 99 30 27 22 99 99 93 34 99 99 3 69 81 99 69 
76 30 36 99 1 61 58 43 58 99 39 99 99 19 99 87 94 46 54 99 99 79 85 57 58 28 99 33 99 99 39 0 13 1 51 52 38 64 13 42 99 99 64 99 87 55 3 99 82 4 96 88 99 99 13 87 13 61 70 52 87 97 99 60 94 99 90 46 66 99 99 10 49 69 99 33 45 99 99 99 12 
99 24 15 99 49 19 99 4 99 24 76 99 49 39 96 84 60 99 64 99 99 78 96 54 42 27 76 6 99 99 41 57 0 8 9 26 8 39 57 36 99 72 7 28 99 34 33 99 99 99 28 28 99 99 99 99 99 99 99 46 57 43 25 16 85 48 99 99 79 55 99 12 99 87 12 99 19 99 22 99 70 
99 99 99 99 99 1 99 99 18 99 72 99 99 75 99 99 99 85 99 87 99 42 36 97 9 63 99 70 31 45 30 42 37 0 18 50 54 35 30 16 99 99 99 31 91 99 88 99 81 88 85 99 48 99 10 60 7 51 88 99 85 99 67 34 10 22 99 78 99 60 91 99 99 99 15 61 9 43 28 99 82 
27 15 34 99 1 99 45 3 46 85 67 99 73 12 51 99 21 88 63 70 64 54 99 40 99 99 99 99 57 99 54 22 66 55 0 21 11 65 29 22 81 99 99 99 1 39 90 6 22 99 99 85 18 99 58 97 58 87 99 30 37 48 28 33 99 61 46 72 99 27 34 99 43 34 99 72 99 81 97 99 30 
99 99 99 69 99 7 99 99 99 99 99 99 99 99 19 67 99 99 85 99 99 49 97 99 48 79 99 51 81 54 46 54 13 62 49 0 5 30 62 60 27 46 81 51 99 99 27 9 75 82 31 43 3 99 99 99 99 99 70 79 16 64 99 67 57 99 3 43 10 97 99 78 48 36 58 63 70 99 51 99 99 
99 3 99 52 99 40 99 4 99 99 69 88 22 76 33 10 99 91 97 43 99 99 99 84 99 55 4 99 93 51 23 40 48 20 5 54 0 54 52 57 99 73 99 49 33 99 99 3 76 13 27 99 97 96 52 70 99 72 99 99 99 99 58 99 55 93 99 16 99 27 93 46 99 99 99 99 48 96 81 22 99 
72 91 99 58 99 99 13 99 42 43 67 19 51 99 99 94 27 40 99 78 87 90 99 99 99 90 99 99 79 76 14 39 42 3 3 7 52 0 16 32 99 91 1 81 99 37 96 30 25 52 18 64 91 70 69 76 99 19 7 99 99 30 55 34 25 99 66 76 99 94 39 57 99 19 99 99 99 99 55 51 30 
69 91 27 94 99 15 99 66 40 99 88 99 6 70 99 99 99 94 99 39 99 46 93 99 93 99 99 99 99 91 20 33 23 44 54 35 28 39 0 21 99 63 78 99 99 99 99 94 67 46 33 54 57 64 79 81 88 79 99 96 93 70 37 99 99 57 90 99 99 73 4 99 49 99 99 99 99 64 4 99 99 
10 6 42 99 24 99 15 76 37 42 82 99 72 55 12 99 48 99 99 15 27 48 99 15 99 34 99 88 99 99 36 31 13 57 60 8 18 60 37 0 22 45 99 99 27 99 54 99 99 72 99 99 54 94 99 22 51 63 31 88 99 45 99 99 33 69 49 67 99 99 99 96 13 61 96 52 6 99 12 42 99 
99 79 99 99 99 54 79 43 60 63 6 99 99 84 99 79 1 57 10 48 97 55 57 99 16 99 22 99 79 99 90 99 99 99 99 99 1 72 99 25 0 54 15 18 12 22 14 34 33 42 3 60 28 25 99 99 99 9 42 84 99 54 51 72 63 61 64 15 99 81 12 18 99 84 61 61 99 99 99 99 33 
87 81 31 33 30 16 99 99 99 60 46 99 28 7 64 99 37 81 99 81 43 99 96 37 99 6 31 18 99 81 84 78 99 99 99 61 15 99 91 63 39 0 47 56 8 28 53 32 16 58 51 99 30 81 73 73 33 88 85 84 99 81 42 99 27 79 99 99 99 99 87 64 78 58 61 16 99 54 97 10 84 
60 12 99 97 99 99 99 72 21 36 87 96 96 99 63 96 99 99 12 85 34 99 48 79 99 3 99 99 40 63 67 40 67 73 99 99 57 79 16 34 23 10 0 48 56 4 7 58 14 32 75 99 99 93 99 99 99 82 99 70 61 63 70 27 1 13 3 57 33 88 46 55 49 99 73 46 82 99 85 21 93 
81 99 99 90 64 27 99 39 99 99 90 70 88 19 96 99 99 99 99 99 99 99 99 37 99 81 99 31 58 7 79 43 64 73 66 99 90 28 99 99 30 20 39 0 58 37 36 36 40 45 99 64 99 16 67 99 73 45 18 99 81 88 42 70 99 9 99 45 99 99 34 54 87 67 99 24 75 99 99 96 99 
40 99 90 16 46 25 99 99 27 9 66 27 99 40 42 85 99 60 99 16 94 99 24 36 99 84 99 99 75 10 99 81 25 1 30 21 46 27 99 94 10 36 35 18 0 63 19 38 56 58 16 55 99 99 82 99 99 75 39 31 99 55 99 78 99 24 12 48 99 45 99 99 99 37 22 40 99 79 99 99 13 
99 4 99 19 99 36 99 94 99 66 99 99 99 99 46 87 49 18 82 97 93 99 66 99 34 24 40 99 99 94 21 84 96 9 99 10 70 48 52 99 56 39 14 14 26 0 22 53 14 38 49 99 99 28 99 99 1 34 99 49 99 25 96 99 61 67 25 99 31 90 99 99 49 42 37 46 90 61 97 10 99 
99 45 93 99 9 85 99 15 76 16 69 48 99 3 66 99 91 99 54 15 78 94 99 48 58 99 91 88 30 90 70 33 49 40 42 18 78 79 99 40 42 43 43 2 50 29 0 35 11 23 37 99 9 64 81 99 99 6 16 99 54 99 51 99 99 99 99 97 99 67 99 54 67 40 22 43 46 30 99 66 99 
66 99 31 22 99 3 87 73 93 99 99 24 49 99 99 99 99 13 49 99 63 12 1 46 51 81 93 99 99 99 63 99 90 99 58 99 91 99 99 99 16 39 13 3 62 20 4 0 8 43 99 25 99 93 61 18 88 72 99 73 16 99 99 73 67 99 19 99 99 85 99 99 85 99 99 48 46 51 43 99 3 
99 21 73 99 13 52 99 25 85 1 79 1 51 99 99 99 99 99 99 99 79 99 46 99 45 99 67 99 99 73 21 99 72 79 99 93 91 88 99 88 20 16 64 59 22 65 6 2 0 54 78 99 27 99 49 99 99 91 99 60 81 52 49 85 55 64 99 99 54 99 55 45 60 99 99 67 75 99 99 9 73 
99 55 99 99 12 16 54 99 6 99 18 24 34 49 46 99 99 91 84 99 99 66 33 36 79 7 93 39 54 99 99 99 99 19 7 99 28 84 99 7 12 40 50 34 66 50 40 62 64 0 19 13 99 99 99 21 40 31 93 67 99 37 99 99 99 36 70 30 21 99 75 99 93 33 99 19 79 99 73 66 99 
99 42 94 13 58 99 49 99 54 99 27 66 75 66 81 82 99 49 30 99 31 99 99 30 99 4 99 90 46 19 99 40 60 28 64 22 33 99 13 85 64 99 99 43 99 22 46 82 99 99 0 6 62 30 56 12 30 6 63 61 48 48 99 16 99 36 78 69 99 99 1 73 99 99 99 99 30 84 87 99 63 
34 37 99 30 13 21 93 36 93 30 90 96 99 88 99 16 99 79 69 69 27 24 64 46 99 87 18 99 66 10 99 97 99 82 37 36 66 57 99 24 22 99 1 99 7 48 10 99 69 22 21 0 12 25 60 27 17 12 55 60 88 31 87 99 7 69 93 61 99 36 19 33 84 94 93 99 51 34 99 99 99 
42 99 49 61 96 18 96 78 99 82 31 82 34 33 99 18 99 94 6 99 75 99 28 79 99 87 99 99 99 99 58 37 54 99 3 99 28 66 18 10 78 99 99 40 58 99 88 99 97 99 8 36 0 44 33 20 64 15 48 40 88 78 45 25 91 91 99 99 99 99 99 99 99 99 99 99 78 88 99 94 52 
84 51 13 15 64 81 9 64 76 76 99 85 99 99 61 12 13 99 49 6 99 30 69 55 72 7 33 99 99 76 25 70 66 60 88 46 39 28 99 36 75 73 28 99 10 99 72 99 60 28 40 52 62 0 24 44 14 16 60 28 49 30 82 40 99 45 99 94 99 69 97 99 99 99 93 25 54 93 99 24 75 
45 46 34 37 70 67 99 99 99 45 66 45 66 90 85 99 64 99 64 99 57 99 69 70 13 99 82 82 99 15 79 9 99 40 99 99 43 99 96 66 99 81 70 3 76 99 72 99 4 91 17 25 48 4 0 24 40 35 52 55 94 87 60 99 99 99 67 13 60 81 99 1 99 99 99 99 70 96 28 19 99 
34 63 99 42 99 22 99 94 81 99 21 99 99 87 99 78 99 97 99 88 99 79 48 99 99 22 99 67 75 99 96 48 93 99 49 70 61 33 27 99 99 46 99 28 60 99 99 48 37 75 41 37 64 41 60 0 44 62 34 38 99 99 58 88 99 24 91 88 85 58 99 76 99 99 99 99 58 99 3 31 45 
70 99 99 6 94 21 24 4 49 99 12 99 64 27 87 81 63 69 76 76 48 69 99 99 60 16 99 12 22 15 9 99 85 97 78 99 64 54 42 99 91 99 99 66 99 84 99 99 1 90 64 1 27 38 18 16 0 2 61 46 1 60 99 90 99 10 97 99 99 99 99 99 61 15 99 99 37 28 93 97 72 
60 69 12 99 99 99 51 69 69 57 28 99 27 58 33 94 99 99 99 87 99 46 90 99 91 97 30 99 31 72 99 78 99 99 33 72 58 72 99 9 99 31 99 45 99 67 78 66 30 84 42 35 31 48 42 12 42 0 50 22 39 69 64 99 6 76 70 70 37 79 57 97 36 99 99 36 99 40 67 84 43 
99 18 54 99 18 42 99 99 99 84 99 99 99 99 99 3 52 97 63 79 64 99 99 12 52 99 99 34 24 97 75 88 75 99 93 39 84 99 22 99 99 33 81 99 10 6 99 10 42 54 12 24 52 13 51 55 37 50 0 57 49 57 45 63 69 99 10 99 99 90 9 18 12 82 88 43 61 84 7 99 43 
99 31 99 48 99 28 34 99 97 99 99 99 33 60 85 18 84 99 94 99 15 13 31 51 99 43 90 48 40 99 88 40 37 37 24 13 45 63 99 40 99 12 39 21 55 99 99 99 6 10 19 40 50 66 28 37 54 18 43 0 73 10 40 84 87 48 48 6 69 99 99 28 99 99 99 99 33 97 15 1 99 
10 99 99 45 36 99 67 27 70 99 99 99 61 99 99 99 6 99 93 48 99 27 99 99 40 99 99 99 99 91 99 16 99 99 75 63 70 99 90 79 67 99 52 99 63 46 3 99 99 55 54 12 99 85 99 99 76 64 58 52 0 52 42 50 62 56 28 42 42 32 78 99 46 75 31 99 13 91 64 63 88 
85 87 99 84 70 99 21 70 57 99 52 99 25 37 37 72 48 4 81 99 99 12 91 99 99 99 52 28 49 39 9 25 60 33 19 76 99 6 97 30 99 99 13 88 60 99 18 99 43 76 73 31 70 82 31 63 46 18 99 99 12 0 47 41 15 58 36 34 7 12 6 82 99 66 37 99 40 99 24 42 99 
66 99 15 99 99 36 51 73 99 93 10 28 99 99 93 37 31 60 54 34 99 67 24 25 24 61 99 49 52 84 75 99 99 99 99 99 54 97 33 13 51 61 60 49 99 15 64 37 7 99 82 93 58 75 46 69 99 33 93 72 61 34 0 42 56 37 66 11 4 28 99 43 67 58 69 99 12 40 16 43 63 
99 19 79 25 99 99 99 99 99 30 10 99 30 99 99 91 6 40 25 69 99 99 99 99 99 96 73 28 99 73 60 7 99 93 13 93 78 19 99 99 99 99 99 99 3 76 15 46 37 13 81 99 19 99 13 99 42 19 99 99 35 62 10 0 2 45 26 4 64 8 99 22 69 73 99 52 27 99 99 99 10 
1 99 24 31 94 37 42 99 99 30 6 99 99 93 96 99 76 55 69 51 64 96 54 99 99 99 99 99 93 6 3 19 99 81 7 99 81 6 31 82 7 52 75 99 99 99 87 27 10 49 99 18 6 99 69 81 99 81 60 99 6 35 36 63 0 32 17 30 26 58 99 33 24 45 99 99 91 82 46 22 99 
72 96 82 99 78 58 72 99 99 99 82 21 82 66 45 52 99 99 99 39 99 37 27 18 99 99 18 34 99 99 27 99 79 31 99 52 99 72 24 99 99 99 9 55 45 99 52 15 30 99 46 49 72 58 40 1 99 99 99 99 20 62 48 6 54 0 39 11 32 1 99 81 61 48 60 33 99 49 15 76 10 
1 49 10 99 99 99 99 99 66 88 99 27 64 37 99 99 99 67 79 75 13 99 99 72 28 45 18 64 61 54 39 97 81 30 99 4 27 21 69 99 99 99 19 87 99 13 73 99 99 19 45 99 61 69 99 99 46 99 81 16 41 28 18 46 18 65 0 40 64 61 99 21 40 93 82 72 4 69 99 69 79 
64 99 46 21 99 36 99 45 7 28 30 78 15 72 78 10 45 99 99 99 99 10 99 33 18 99 88 7 99 99 99 48 19 99 99 15 16 99 79 91 7 78 18 12 79 33 31 99 16 40 99 37 87 57 99 13 6 85 99 63 52 43 51 11 46 50 63 0 18 5 49 99 99 99 99 10 99 99 40 37 54 
99 99 99 3 99 99 99 87 99 34 19 10 99 93 54 99 99 66 21 46 40 99 84 1 33 99 94 99 99 34 91 75 55 52 99 1 25 33 21 70 21 96 99 51 99 99 12 34 99 94 99 99 13 1 99 99 99 15 72 99 54 8 32 25 60 46 39 13 0 28 99 97 39 79 31 37 4 21 99 57 33 
6 94 99 21 99 24 46 99 78 99 84 54 99 27 45 16 72 99 99 27 99 18 48 70 99 1 99 99 1 99 99 99 99 99 99 28 4 99 99 43 16 16 99 99 40 28 1 43 99 73 37 61 12 99 67 99 1 93 67 73 38 10 60 66 36 53 60 63 35 0 99 49 9 99 42 45 67 66 69 37 91 
87 84 99 57 49 22 21 16 99 81 43 90 96 99 1 99 99 58 30 99 3 97 99 66 93 82 4 99 57 99 99 3 99 51 45 99 31 63 99 99 69 99 99 75 22 51 76 99 40 99 99 25 96 57 99 85 21 37 99 99 99 99 69 81 99 3 99 88 39 48 0 64 24 54 17 20 48 58 32 13 16 
99 82 48 48 63 99 99 16 82 30 3 54 36 58 90 99 79 4 99 54 39 99 99 99 99 99 64 10 99 12 66 25 4 12 13 18 72 4 76 99 78 40 90 99 52 82 25 99 48 99 99 99 39 4 25 66 99 46 84 24 99 90 13 99 52 58 99 31 12 48 4 0 63 44 58 50 50 36 6 24 75 
37 28 99 75 60 16 87 99 66 13 37 99 15 99 99 99 7 28 90 69 33 4 39 94 24 13 84 99 99 4 99 22 25 99 12 28 55 99 99 21 30 73 99 99 99 25 99 10 99 99 99 99 99 99 61 99 21 70 43 7 12 99 10 39 63 13 72 99 99 99 63 32 0 62 28 30 39 29 10 32 10 
96 1 64 22 99 76 18 9 46 99 99 66 99 25 88 16 7 99 99 99 24 46 99 3 99 99 4 99 79 70 49 99 42 49 88 99 46 67 99 99 84 99 99 85 99 99 99 55 99 48 99 63 99 97 15 40 22 18 99 19 99 99 91 79 99 10 12 73 60 99 50 9 50 0 29 39 34 23 50 11 99 
84 99 99 57 93 99 99 49 55 61 99 13 99 28 99 99 34 93 45 24 99 15 75 97 88 73 15 99 70 16 99 79 99 76 94 90 58 96 61 21 3 27 99 99 99 10 15 76 30 19 30 25 99 43 99 55 10 85 99 99 27 96 48 33 73 99 60 30 57 96 56 48 58 34 0 25 36 23 16 54 99 
82 97 99 12 94 66 13 22 88 73 45 24 99 15 97 61 99 99 99 19 42 99 46 99 99 81 99 28 19 99 4 99 3 93 99 99 99 36 99 99 28 99 84 99 64 91 48 55 79 99 99 99 70 99 79 9 93 12 99 66 18 39 70 94 99 15 39 18 6 99 28 16 25 5 26 0 51 32 60 38 16 
30 24 34 24 58 60 18 99 16 61 96 79 99 99 78 66 99 99 75 88 99 99 94 99 3 99 49 46 96 99 10 99 99 60 22 52 57 99 1 63 99 43 85 85 76 7 99 84 96 99 79 99 33 99 21 1 42 99 90 99 28 78 99 63 99 99 94 75 1 99 57 36 41 12 32 38 0 64 21 0 58 
99 84 99 99 7 99 82 64 39 84 66 99 57 25 99 90 16 70 58 99 99 82 4 88 36 99 61 42 13 99 99 99 99 60 99 67 99 52 99 99 27 99 31 99 1 73 36 99 19 27 88 99 34 24 99 96 99 7 16 22 60 39 99 49 75 99 55 61 12 76 14 35 1 37 61 10 34 0 42 23 61 
84 82 94 61 90 69 99 99 34 99 4 96 91 30 99 99 46 99 99 67 90 99 81 99 37 99 21 99 99 16 99 63 13 79 61 99 97 7 99 99 9 82 57 66 99 18 43 99 3 76 43 64 21 99 48 87 99 99 10 99 34 7 75 99 12 99 97 18 55 99 50 25 12 57 12 37 42 66 0 18 99 
36 82 66 57 37 76 99 42 43 99 22 91 85 99 88 24 76 99 88 94 99 22 99 87 99 93 99 99 34 57 99 49 99 43 99 57 46 99 21 99 61 99 22 99 66 99 93 66 24 6 34 99 1 99 90 81 55 52 6 58 99 99 64 99 37 19 99 91 34 90 52 58 14 35 8 10 54 60 40 0 45 
99 99 33 51 28 99 13 75 49 81 15 63 99 1 99 99 84 94 6 99 13 57 30 94 70 75 66 99 15 28 99 51 99 99 79 25 22 93 24 72 99 90 99 99 52 73 99 52 99 96 99 99 99 63 99 82 99 57 99 78 42 99 99 54 1 10 1 12 97 6 57 99 18 3 78 55 96 99 6 99 0 
