n: 80
m: 4
Pi:U[1-99] 56 29 50 63 22 26 14 51 41 2 43 75 96 47 95 2 85 4 44 64 73 16 11 70 37 33 91 54 40 46 35 77 77 92 63 91 54 76 83 64 65 64 59 50 38 57 70 45 13 94 30 45 72 91 86 4 38 11 36 53 80 89 43 96 96 88 98 80 91 62 43 51 3 81 29 28 89 29 14 64 
Si:U[1-49]
0 43 5 48 8 30 38 10 48 21 33 1 40 24 35 35 43 1 48 25 26 17 48 24 15 43 10 30 46 42 27 30 29 45 28 16 21 39 22 34 7 2 22 47 1 29 20 44 12 39 42 25 45 47 49 28 26 13 5 48 7 23 28 6 1 37 28 2 1 7 23 47 16 26 37 6 46 8 37 10 16 
2 0 15 9 11 10 45 6 32 46 44 41 10 33 6 7 22 19 10 15 25 46 5 28 8 19 38 48 39 38 34 27 31 14 41 9 33 30 48 12 35 9 45 47 42 37 29 36 43 22 36 33 35 49 45 2 21 45 8 21 11 2 1 33 32 49 35 16 4 48 31 3 24 22 40 44 25 45 39 37 20 
33 42 0 43 28 22 38 49 30 35 32 39 41 20 43 16 25 19 42 47 27 13 6 12 28 11 48 1 11 4 7 25 8 10 46 19 31 18 25 3 40 41 25 37 7 4 16 37 2 25 2 23 16 47 25 39 36 11 30 34 32 40 12 37 7 3 43 42 47 18 16 16 4 27 29 48 10 3 36 29 11 
25 6 34 0 45 29 12 22 20 24 20 28 4 10 23 28 32 10 15 34 20 36 8 6 48 6 34 26 16 18 17 48 5 26 1 46 2 40 25 7 17 10 39 2 14 17 30 40 14 9 19 31 28 16 8 41 35 17 18 43 12 47 32 5 5 35 19 24 42 6 19 1 36 43 28 49 21 14 36 43 48 
32 38 37 33 0 8 28 23 2 47 15 32 45 30 13 20 47 33 12 1 16 13 27 14 1 4 45 18 42 26 17 21 21 44 18 44 4 9 28 29 7 1 6 24 41 6 14 8 25 34 7 39 44 1 2 19 29 39 20 2 28 43 31 48 19 7 17 21 30 44 22 32 34 30 20 49 15 44 25 39 4 
36 3 29 14 28 0 48 10 34 28 23 36 43 19 30 27 7 17 4 30 31 3 15 34 43 12 14 35 18 27 35 6 26 31 12 30 30 38 26 46 18 18 6 13 11 17 44 47 8 47 24 26 12 36 44 1 40 9 17 41 27 42 20 34 17 41 25 42 11 22 2 18 41 8 6 37 33 36 11 11 47 
31 7 27 7 15 30 0 3 5 43 10 45 48 38 39 19 48 20 36 15 28 33 23 5 7 39 14 46 37 43 11 5 40 29 27 6 11 39 28 26 13 18 34 49 23 21 38 43 21 11 22 32 45 10 45 48 46 40 39 42 31 47 18 19 23 46 31 9 5 24 14 4 41 8 1 28 5 15 41 1 22 
36 29 45 42 21 35 48 0 1 19 25 44 29 37 5 20 30 25 16 22 30 14 18 9 15 5 32 23 1 12 15 11 5 35 33 29 40 37 32 8 5 3 9 49 5 2 4 31 7 34 37 47 11 2 24 34 37 38 21 48 27 34 46 32 49 13 37 19 14 21 41 5 11 8 48 33 12 31 5 46 7 
16 35 28 21 23 19 40 35 0 48 34 6 12 9 2 6 38 6 38 34 6 5 27 4 20 14 35 37 4 35 5 48 42 1 13 44 14 24 33 4 21 6 25 29 33 40 7 42 46 1 16 46 27 2 21 9 25 29 28 46 33 34 16 30 15 35 33 38 28 7 25 31 17 49 35 13 39 30 44 48 35 
47 46 21 19 20 43 47 30 41 0 2 48 44 15 36 5 48 48 5 12 26 25 39 31 8 35 40 29 34 46 6 6 17 7 17 10 20 1 19 29 11 30 17 40 47 24 33 32 47 37 21 5 29 36 11 28 9 27 10 3 47 19 11 3 42 12 16 43 13 7 12 46 44 45 41 15 9 45 19 10 32 
13 48 27 37 14 49 12 26 48 33 0 18 10 3 12 9 27 34 5 49 39 17 11 6 35 47 28 44 1 18 2 47 39 46 3 5 16 41 47 49 24 21 17 34 46 17 45 8 33 11 9 20 21 44 29 25 31 41 10 12 27 17 25 21 30 25 47 39 15 29 28 16 13 45 3 13 41 14 3 31 8 
36 12 4 34 38 31 3 15 44 42 19 0 15 44 1 10 4 47 27 23 15 18 26 33 4 1 47 48 24 1 44 12 46 12 1 7 14 23 45 26 45 45 34 19 41 31 9 12 33 35 21 16 28 30 39 15 41 17 38 15 41 36 3 14 24 12 27 11 8 35 33 45 26 30 4 35 22 45 30 32 46 
37 49 4 8 25 15 49 33 32 23 11 44 0 13 41 17 6 15 10 4 13 48 39 24 1 38 5 15 8 7 29 27 29 9 22 6 39 26 12 17 39 21 40 3 27 47 42 9 5 14 24 46 38 38 23 15 12 28 42 5 49 3 23 36 38 37 20 20 32 48 27 40 19 24 30 15 40 22 26 18 16 
3 3 5 31 1 7 4 43 32 10 2 44 31 0 32 6 49 8 20 8 46 4 1 36 8 9 23 3 32 12 18 42 31 40 48 24 33 44 42 8 27 45 11 16 42 37 48 11 18 23 30 27 48 47 28 18 29 2 16 29 24 17 42 18 36 25 20 41 28 5 24 9 47 13 37 30 4 11 24 45 49 
47 10 23 48 5 29 8 40 11 31 30 40 12 34 0 41 34 30 11 2 1 7 23 7 15 15 11 38 39 30 11 16 18 24 13 33 38 11 8 9 48 41 3 19 17 28 6 8 37 36 39 13 17 42 21 43 35 6 42 39 30 40 20 12 10 48 5 45 16 33 42 34 8 30 12 3 37 3 4 11 23 
29 39 14 12 33 44 49 46 9 37 44 20 6 38 43 0 25 35 10 16 29 13 17 41 18 19 32 44 36 26 46 29 17 8 17 49 4 30 5 40 44 19 7 10 43 46 47 20 12 39 6 9 6 48 40 18 40 8 2 20 28 10 45 11 38 26 26 16 40 41 37 41 11 31 46 39 39 4 4 43 33 
5 19 35 14 12 43 34 27 21 17 31 25 21 29 37 18 0 2 21 24 15 23 40 40 36 6 24 3 23 8 7 2 2 6 24 28 12 8 17 17 1 2 39 19 5 24 37 19 32 46 12 9 1 27 39 44 30 40 31 27 9 15 21 31 12 2 39 2 40 6 17 1 42 17 48 42 26 26 27 39 20 
20 11 5 24 35 23 3 35 27 15 11 3 39 44 21 30 10 0 21 4 10 35 35 38 24 2 38 26 9 40 25 42 39 33 8 40 20 29 25 14 26 9 25 24 15 46 41 3 21 21 2 1 35 2 8 39 29 31 35 36 10 20 30 29 23 47 24 6 20 31 7 36 13 41 33 37 23 4 32 2 4 
13 22 41 31 38 9 41 37 30 8 49 11 17 23 10 46 13 4 0 28 23 9 38 6 18 22 31 3 7 2 43 1 5 10 25 11 5 40 49 23 18 8 14 34 28 34 41 12 20 15 41 19 44 39 9 29 7 19 31 36 10 37 48 40 1 12 43 12 48 10 14 28 30 21 4 21 25 31 17 39 35 
14 18 22 35 29 36 1 8 30 25 2 20 28 28 7 9 49 25 5 0 46 20 15 32 22 41 48 13 23 25 18 34 39 31 20 5 40 32 4 35 4 45 6 41 39 2 40 8 4 44 19 15 6 39 29 4 42 22 47 5 4 39 37 3 30 3 48 39 30 38 40 17 19 37 19 37 49 15 11 12 25 
32 9 15 10 29 38 48 10 25 47 39 6 8 14 41 48 6 48 13 19 0 8 36 27 46 36 13 33 46 1 26 27 8 11 12 16 27 16 40 31 35 45 49 33 39 45 47 32 5 18 18 40 5 6 46 4 26 30 12 38 31 21 5 12 26 49 41 35 4 47 44 33 33 38 41 25 21 22 17 36 16 
20 13 8 5 31 28 15 9 36 21 22 30 27 25 10 9 17 37 47 41 25 0 15 19 26 40 18 14 37 19 34 10 41 24 14 22 49 23 31 7 18 3 11 31 17 32 21 23 37 38 25 38 41 48 43 22 45 17 45 37 13 34 26 5 37 40 7 14 43 37 46 33 18 1 36 36 39 3 15 14 12 
47 35 23 36 29 46 48 32 26 4 48 11 31 8 8 7 30 42 42 15 27 45 0 49 16 14 23 35 19 24 27 46 41 1 23 10 12 37 6 49 19 23 33 8 21 42 19 8 25 31 10 30 28 8 8 35 40 25 46 32 36 21 12 19 24 19 39 20 12 20 38 16 7 35 37 47 9 49 1 6 37 
47 38 40 47 8 14 48 49 35 29 45 45 40 11 31 12 18 37 29 47 42 39 40 0 13 36 49 17 29 10 22 45 16 41 24 40 46 43 9 4 25 46 31 21 12 28 40 45 21 14 34 8 44 4 33 4 44 37 14 12 2 44 22 38 44 12 36 33 38 6 39 32 35 9 44 25 48 3 9 20 27 
21 28 34 20 22 23 15 36 31 9 18 2 40 46 20 41 26 32 32 13 6 48 5 15 0 24 4 25 46 43 38 35 14 35 15 41 12 1 4 20 22 31 28 40 47 40 41 1 11 48 33 19 18 18 2 31 7 36 45 35 14 20 45 16 26 38 47 14 16 2 9 26 36 38 17 21 44 29 20 16 46 
20 10 5 18 34 41 15 3 16 20 36 15 43 25 40 3 22 42 19 33 2 42 12 28 6 0 15 45 45 24 21 13 45 48 26 23 26 12 47 9 9 35 28 42 23 13 3 39 23 24 10 16 21 1 42 26 30 13 23 13 44 32 9 42 20 42 41 17 12 24 23 17 32 4 19 45 17 5 6 6 15 
15 34 1 44 43 16 31 33 47 4 28 21 31 30 27 35 45 28 7 3 15 33 19 3 16 8 0 23 11 22 35 18 40 1 5 2 13 22 21 8 20 38 22 22 21 49 34 47 20 9 21 13 24 35 16 45 21 39 38 35 37 29 36 28 41 21 3 22 6 1 10 48 39 39 29 14 30 22 24 24 28 
22 15 48 4 45 31 43 4 45 2 32 49 3 24 27 37 39 42 23 43 26 5 12 12 38 31 33 0 28 38 32 27 14 35 41 34 6 7 48 31 30 27 31 40 47 47 26 17 19 21 32 5 36 31 34 34 17 20 35 47 39 42 30 20 44 47 17 27 14 33 6 43 36 30 44 26 33 9 21 12 28 
29 2 1 43 16 3 27 43 10 20 35 38 9 29 39 10 40 42 43 48 23 4 44 43 13 45 24 14 0 38 25 38 13 28 42 16 31 29 31 30 22 40 16 31 4 39 25 46 38 8 40 31 43 23 14 47 14 9 1 14 30 25 20 3 28 21 45 45 14 36 25 48 7 8 33 9 27 45 4 4 27 
3 37 11 40 16 49 47 1 12 45 17 33 32 30 16 31 10 26 9 26 44 3 43 12 41 35 15 39 6 0 31 30 28 12 17 6 49 32 11 5 47 38 26 30 16 27 27 42 47 44 29 19 18 39 37 25 15 19 3 33 1 38 15 15 32 30 47 9 26 39 20 42 22 22 30 27 4 13 48 45 48 
23 27 8 36 11 38 19 28 46 5 10 14 5 13 38 26 26 32 13 8 11 31 29 6 12 15 48 42 40 11 0 31 6 36 45 34 42 5 22 36 38 8 38 13 3 33 39 6 22 31 49 22 26 18 2 23 40 10 20 23 7 44 10 14 46 42 15 16 47 11 19 45 37 39 43 38 13 6 39 7 44 
27 37 20 9 24 8 49 5 40 45 48 17 34 22 22 44 39 47 22 36 42 38 12 41 48 10 37 5 20 15 32 0 25 29 48 24 36 24 41 18 17 17 43 46 12 28 39 46 45 19 41 6 20 35 10 21 39 18 39 10 15 23 21 39 35 10 8 9 43 7 6 25 48 21 36 2 2 31 13 12 46 
26 44 26 9 8 48 43 4 45 43 18 32 16 1 31 20 25 18 47 11 34 4 43 21 16 49 37 6 37 43 46 25 0 8 22 17 10 20 6 19 27 43 43 22 12 4 34 21 44 24 29 33 21 16 35 5 41 36 4 15 34 20 19 40 42 41 44 36 43 28 21 42 3 26 15 42 16 30 27 43 20 
12 19 8 9 49 31 48 7 8 42 17 15 2 13 4 46 31 37 35 7 46 26 15 48 18 4 7 5 26 7 35 22 5 0 25 17 5 12 11 10 12 9 11 8 47 18 34 39 17 17 17 26 49 35 40 46 32 32 48 33 21 27 14 47 37 40 38 14 3 18 48 38 28 11 8 15 8 16 47 2 4 
17 19 20 39 39 43 23 13 12 26 11 29 25 43 8 5 24 49 34 21 4 14 21 26 43 18 12 5 11 47 27 14 35 6 0 48 31 46 6 39 12 24 39 32 4 9 43 43 31 35 47 2 5 15 45 34 45 15 20 2 18 15 42 45 9 28 25 26 6 47 49 22 20 28 12 1 19 33 28 37 15 
33 42 5 12 8 5 30 20 17 15 7 34 6 38 18 26 13 22 32 1 42 46 27 37 27 23 44 48 25 14 24 10 13 35 38 0 28 46 24 48 12 32 6 33 16 11 17 38 4 49 47 25 6 27 13 2 44 22 39 40 29 34 18 1 11 12 15 4 7 18 41 15 38 11 49 23 43 35 29 38 49 
46 5 39 30 48 20 1 20 1 26 15 25 46 39 30 22 16 33 22 44 24 9 28 49 49 41 15 30 10 42 12 16 20 12 17 33 0 27 34 30 34 17 26 29 13 15 35 18 38 21 38 23 31 15 31 47 9 46 3 20 30 44 20 42 24 27 34 17 27 46 14 31 49 3 33 4 4 24 25 3 19 
23 31 16 37 18 1 6 49 23 24 1 12 26 20 26 33 24 2 43 30 9 4 12 4 41 18 35 47 5 34 5 13 21 14 48 6 42 0 36 29 9 18 35 7 44 38 14 5 2 38 19 26 38 29 48 2 8 36 9 28 48 42 12 14 27 37 2 48 2 32 11 9 21 11 6 25 29 26 33 43 43 
20 43 15 31 17 32 16 29 22 24 1 9 44 41 4 39 46 29 44 28 45 10 14 18 30 48 38 48 25 4 42 22 15 42 45 32 35 34 0 10 23 45 40 29 21 47 38 49 41 32 31 6 23 26 47 39 43 27 24 2 8 26 4 19 10 1 34 4 9 4 35 35 3 27 34 12 37 2 44 2 43 
15 7 23 37 45 36 27 40 17 31 46 12 16 30 15 22 30 28 33 23 25 14 40 31 38 6 12 28 1 12 49 18 26 29 17 10 27 1 13 0 42 47 28 33 36 36 43 19 1 25 44 16 29 22 1 19 48 38 5 19 48 2 2 22 7 5 5 23 29 19 43 46 25 10 1 35 21 19 18 32 26 
9 43 42 39 48 32 25 39 35 33 11 39 36 13 40 49 43 49 9 46 40 46 1 46 5 48 46 38 43 49 36 5 26 19 1 6 21 19 26 21 0 16 43 24 26 15 13 41 30 26 23 34 30 43 32 2 2 31 16 47 11 41 37 34 33 32 16 42 23 2 43 3 27 20 13 43 8 44 16 32 40 
13 26 24 45 47 26 48 29 11 27 38 12 45 43 39 28 37 9 14 48 49 32 25 9 4 10 33 6 15 14 12 31 25 40 18 41 40 49 24 34 28 0 13 35 32 33 39 14 24 39 36 44 5 43 3 39 15 2 4 35 28 39 30 45 40 37 43 30 43 47 42 16 39 9 29 30 2 29 27 49 43 
23 9 1 27 23 39 29 16 22 30 21 47 40 12 17 13 12 7 38 11 29 28 25 48 7 34 12 2 13 22 2 30 38 4 47 47 15 4 16 42 38 37 0 14 4 42 24 30 36 12 35 2 39 35 34 41 10 43 41 14 11 43 17 32 11 36 38 36 44 45 17 8 44 43 6 35 36 42 41 9 17 
48 38 47 36 13 21 34 27 36 40 33 40 7 8 25 23 7 9 30 22 18 21 46 35 18 4 27 23 25 15 49 47 7 46 31 30 24 36 7 1 27 45 26 0 46 36 18 27 17 43 41 39 47 47 1 24 49 24 31 22 49 34 21 18 49 48 16 8 38 28 39 24 18 8 16 37 25 32 17 26 9 
9 23 14 20 9 20 11 49 7 45 7 29 27 48 14 6 12 18 11 45 7 49 18 13 8 10 49 40 44 26 23 13 39 48 24 31 8 37 1 16 10 48 35 13 0 31 11 25 28 25 45 14 15 30 37 34 31 41 1 35 49 13 26 39 21 8 7 38 28 34 45 27 41 17 26 11 16 49 2 29 31 
27 18 7 26 19 19 32 45 22 27 30 19 46 7 34 30 8 23 15 18 7 42 24 44 4 29 39 1 20 27 21 16 26 42 17 30 15 37 15 1 43 26 9 29 41 0 15 26 45 4 16 23 47 47 17 37 21 32 6 48 25 37 12 6 21 17 41 49 22 22 3 13 43 15 16 32 11 27 25 6 5 
37 37 19 9 5 15 12 36 28 16 31 29 48 2 23 31 43 40 48 25 32 42 6 48 8 18 19 17 31 29 41 19 21 36 21 41 31 21 30 32 5 9 48 31 8 5 0 34 26 29 8 28 36 37 13 31 1 28 35 10 9 4 16 28 3 10 37 9 22 5 7 35 46 4 13 42 6 2 23 13 34 
28 34 10 4 40 32 5 30 45 15 23 28 19 21 17 13 4 19 17 37 8 21 46 17 1 2 12 29 27 35 21 4 24 19 22 25 21 39 6 34 29 45 9 1 5 22 3 0 43 40 12 19 7 38 35 28 16 16 17 6 13 19 13 36 8 37 6 5 24 32 24 5 27 34 20 49 13 24 15 16 32 
17 18 47 1 16 20 17 8 5 30 38 17 28 13 4 9 41 36 27 30 35 30 33 1 41 42 16 36 19 27 21 12 38 33 42 21 16 4 28 5 16 17 32 35 31 14 20 45 0 1 27 43 15 32 42 5 14 2 46 1 20 4 18 9 3 11 3 46 16 46 32 49 5 9 17 38 44 49 42 5 26 
6 40 29 26 10 18 15 18 47 45 36 48 22 18 21 29 33 24 44 46 39 8 37 29 14 18 17 33 24 44 4 2 30 23 28 34 24 39 26 5 27 8 33 30 36 31 3 48 3 0 23 10 2 28 6 29 47 28 8 38 6 21 14 18 25 29 26 21 19 11 25 9 33 1 16 17 23 47 42 35 42 
14 28 44 40 16 14 30 48 9 21 17 19 43 12 25 45 11 35 35 26 12 10 2 20 18 17 12 29 33 44 48 10 15 33 3 47 33 40 11 32 1 4 23 28 46 7 45 24 39 6 0 45 19 24 18 44 1 45 26 22 14 34 28 17 25 14 34 16 14 39 10 2 39 29 40 4 13 36 30 31 4 
31 35 29 18 16 31 35 43 34 47 6 19 3 35 3 39 27 35 25 20 9 7 35 27 8 26 20 30 19 38 11 2 49 39 22 14 30 27 9 18 6 37 19 13 13 31 14 11 7 7 29 0 8 46 9 21 6 29 24 33 3 9 45 30 46 48 2 19 44 18 3 47 42 24 46 9 17 46 17 15 41 
20 4 22 22 31 29 25 31 11 18 17 10 32 7 23 24 35 43 21 23 15 4 45 10 30 34 46 39 36 14 43 4 25 7 25 48 13 26 32 38 37 38 4 48 35 25 22 22 26 8 16 36 0 28 44 12 47 35 49 32 46 2 42 37 27 26 12 9 18 47 23 38 36 4 48 2 20 48 34 39 29 
48 38 44 17 4 43 21 7 24 26 40 26 41 26 1 36 9 12 4 13 20 6 26 17 1 19 29 40 26 6 25 37 45 2 46 4 23 38 12 25 49 8 26 47 17 10 11 32 10 49 1 22 9 0 32 20 20 33 45 33 6 2 4 17 10 2 30 31 32 7 44 39 43 33 41 38 38 26 29 33 25 
45 13 5 21 10 10 24 19 3 10 38 25 22 30 29 49 3 17 25 9 42 7 20 38 25 36 33 27 49 39 16 28 28 32 34 40 30 24 46 11 13 6 28 11 2 3 26 44 42 32 12 7 30 4 0 2 47 24 7 33 17 46 20 14 39 7 9 23 34 15 49 2 37 35 28 15 47 23 22 35 18 
5 12 6 23 18 32 18 41 24 12 33 24 49 7 42 6 41 28 9 43 46 30 37 43 8 20 46 19 30 9 41 2 13 10 28 2 9 49 1 2 35 35 40 18 37 32 11 31 7 11 17 37 48 9 19 0 45 21 12 12 27 46 1 8 22 28 21 19 16 24 1 31 45 47 13 4 22 14 27 24 31 
33 27 17 34 14 7 17 32 38 47 41 45 12 31 49 37 30 9 20 14 44 45 16 23 46 49 48 39 19 40 28 38 22 18 2 33 14 19 3 48 17 49 12 35 38 49 42 48 17 3 18 25 16 3 10 7 0 44 3 1 6 34 38 45 39 12 19 6 30 5 3 49 14 44 25 7 32 45 45 2 26 
22 5 32 1 45 41 7 11 33 11 29 31 3 49 13 3 5 46 32 24 45 31 27 25 15 1 35 39 34 25 11 16 10 25 31 8 28 5 33 48 22 48 5 22 32 10 46 35 16 48 15 48 21 44 44 47 11 0 32 28 8 41 1 7 40 26 34 34 47 32 24 44 27 49 16 14 23 14 4 24 1 
23 23 12 17 36 21 10 34 12 13 48 49 29 15 41 39 43 48 17 31 45 43 25 3 36 12 16 21 49 29 7 12 35 10 1 29 11 36 12 8 30 47 38 49 11 11 12 45 49 45 3 48 29 8 11 16 4 2 0 4 17 8 48 10 34 33 5 24 35 12 14 38 36 23 35 38 4 43 6 15 46 
9 12 49 12 26 1 31 17 47 6 32 11 33 25 18 48 43 48 38 42 34 49 24 13 28 38 40 4 39 25 26 15 27 49 22 4 10 48 32 37 30 6 18 24 35 43 23 9 32 10 42 19 19 14 16 23 30 9 24 0 20 20 41 19 47 15 14 29 29 37 22 47 6 16 27 14 48 9 17 36 5 
34 27 18 36 37 23 28 32 5 16 21 23 20 10 28 19 26 9 13 31 30 15 41 26 46 13 10 15 21 42 28 41 6 24 37 23 7 12 40 10 15 34 19 43 41 11 49 27 38 24 10 8 8 21 13 42 16 14 17 3 0 4 14 43 24 39 5 46 49 1 38 5 23 16 11 48 39 46 45 22 20 
28 39 44 17 8 27 3 10 17 25 29 31 35 23 25 32 31 4 18 5 48 7 12 43 18 12 20 43 47 22 42 20 46 23 4 15 14 16 40 26 29 33 28 7 38 27 37 16 47 33 46 42 34 44 14 29 24 35 2 3 31 0 21 47 14 2 3 25 13 5 3 28 45 26 36 30 18 16 18 18 17 
31 22 37 46 2 3 13 2 13 9 13 20 4 5 21 33 3 46 13 3 7 13 21 12 19 35 25 14 20 44 9 45 8 40 49 29 47 16 9 23 8 35 14 44 38 12 39 32 24 3 48 45 32 26 2 11 28 27 11 37 42 7 0 26 5 33 24 22 10 49 18 31 25 3 14 11 3 41 49 10 5 
15 45 19 12 4 4 38 13 25 18 4 46 35 19 13 16 10 21 37 21 49 36 49 36 46 10 24 45 3 41 4 14 14 41 46 39 46 4 10 49 5 1 38 7 40 5 4 28 39 46 23 9 34 25 12 30 29 41 34 28 19 25 37 0 40 47 39 41 30 20 14 32 37 22 45 45 19 3 29 30 43 
16 36 11 30 18 5 24 42 30 5 8 34 21 46 33 24 35 43 2 8 6 5 39 34 17 36 24 14 17 29 46 5 26 42 19 25 23 18 16 18 17 16 1 14 19 11 36 10 14 20 24 2 39 4 29 49 44 13 47 29 33 34 32 1 0 46 44 5 17 36 26 28 49 41 10 25 23 32 3 26 11 
49 31 43 4 6 24 37 37 12 19 11 6 41 12 12 33 9 23 21 26 46 26 1 22 4 35 8 7 8 8 12 4 35 22 49 34 31 16 21 11 39 48 20 6 13 42 1 9 34 9 18 22 22 35 39 39 1 40 45 21 36 26 2 49 21 0 18 11 12 15 14 26 5 21 48 6 41 16 29 3 32 
25 22 46 9 44 26 3 48 21 12 36 10 46 36 24 47 48 32 22 26 3 24 20 36 2 14 44 16 39 29 23 38 42 31 46 38 7 11 19 2 49 23 33 40 46 20 44 27 21 44 15 25 22 5 32 40 35 23 14 13 27 17 11 39 30 7 0 47 11 19 39 30 24 31 37 31 11 16 20 29 27 
2 14 17 19 7 4 23 25 41 11 33 10 42 33 34 6 20 18 45 2 16 11 16 36 25 45 30 19 44 34 33 22 35 17 44 3 44 6 40 23 21 35 35 41 28 30 33 1 46 14 20 10 37 43 4 23 33 38 41 26 2 19 36 43 20 38 20 0 43 45 18 46 2 38 26 4 46 3 25 43 21 
28 35 36 10 20 5 33 24 9 9 28 39 2 24 22 43 42 16 28 29 18 49 9 16 21 35 35 22 37 8 38 35 7 37 35 7 20 32 37 45 13 28 8 20 19 2 37 1 5 28 42 39 14 44 47 45 15 16 36 23 43 29 13 36 17 9 22 6 0 13 24 9 15 7 42 36 38 10 16 47 37 
13 26 37 49 49 26 49 39 41 14 16 17 14 30 32 33 17 6 1 46 18 1 17 3 26 11 41 11 48 49 21 22 38 2 31 27 16 6 20 39 24 47 11 33 48 26 30 26 43 46 19 40 40 37 38 43 4 6 2 13 4 41 37 10 26 18 11 12 18 0 7 47 4 27 45 44 47 30 41 35 25 
42 32 41 1 23 12 33 27 13 37 4 42 21 16 31 19 2 43 8 13 17 40 11 17 15 13 30 12 15 24 38 16 45 11 33 9 20 25 42 24 30 38 26 14 42 12 3 20 49 8 11 37 43 20 47 25 41 12 23 34 9 10 45 8 17 42 7 7 33 28 0 30 9 21 3 47 26 21 7 38 31 
43 34 35 26 22 8 35 33 14 37 13 16 20 13 37 40 20 14 25 12 24 13 9 42 8 36 49 13 34 23 4 6 48 42 41 18 48 7 15 15 41 47 8 37 49 12 2 39 23 44 42 38 22 25 13 37 48 35 35 19 26 35 1 34 21 37 3 43 24 31 23 0 5 47 49 12 33 48 26 35 35 
7 15 1 5 24 48 28 23 32 27 26 45 15 28 6 22 49 14 24 30 36 24 7 4 36 15 12 37 1 47 46 31 7 45 49 23 14 49 2 21 33 11 48 37 19 3 34 43 47 25 17 28 32 4 38 14 42 4 13 19 19 13 45 25 3 35 33 37 36 5 32 23 0 27 30 42 40 29 21 4 26 
32 23 18 27 1 6 8 30 17 30 48 17 34 29 47 32 49 43 28 47 38 24 46 35 41 20 34 33 16 27 21 12 35 34 44 37 33 40 27 22 35 49 23 28 5 11 7 7 38 2 7 9 48 48 39 28 15 2 35 31 14 18 43 31 1 27 10 47 30 3 2 41 1 0 46 48 12 28 2 34 7 
33 23 25 46 24 24 48 18 8 24 6 29 13 30 24 47 38 48 38 7 6 31 2 12 32 27 8 49 22 35 47 39 7 39 3 16 36 43 21 20 6 43 14 41 3 34 26 46 10 47 26 2 43 7 25 23 27 44 8 37 33 31 13 43 12 48 20 42 46 20 40 36 25 22 0 19 3 35 35 3 23 
18 18 39 37 30 10 8 25 47 7 33 21 29 40 29 48 45 16 33 2 13 8 46 12 22 18 41 3 30 17 44 13 38 32 15 36 32 13 41 7 7 22 26 40 14 46 38 1 11 26 29 46 19 43 15 6 49 33 48 9 33 33 8 49 25 33 18 33 39 14 35 12 5 31 4 0 34 38 25 31 27 
9 47 25 10 29 47 5 19 23 3 4 13 1 42 21 18 21 7 39 29 28 17 40 39 3 43 6 34 24 42 40 5 35 45 22 20 46 11 24 40 43 45 17 32 46 49 48 49 43 6 15 10 38 34 46 1 15 6 23 35 8 8 22 31 20 24 45 29 47 15 23 32 41 35 34 16 0 37 27 35 40 
30 8 13 45 37 3 26 26 15 4 19 42 27 25 7 22 4 23 45 11 31 30 23 12 47 17 29 39 6 46 22 31 24 33 23 24 31 17 47 22 20 26 41 26 47 45 26 15 44 18 16 28 31 37 4 21 21 44 12 14 34 42 37 42 14 44 10 46 32 44 44 35 29 17 17 23 15 0 6 2 34 
25 38 9 26 34 32 7 38 41 47 46 37 7 1 45 20 34 38 35 34 17 37 21 38 31 26 41 16 27 36 45 5 7 38 9 1 32 16 33 42 9 34 9 47 36 12 34 46 7 46 8 5 46 17 2 29 12 16 3 3 17 31 2 31 28 38 48 41 13 49 49 48 41 24 40 41 16 2 0 24 9 
48 47 9 42 4 30 14 36 23 44 30 38 29 13 30 27 44 44 20 11 45 32 17 23 28 24 19 19 24 28 10 35 20 12 1 25 40 9 5 30 14 10 41 30 7 3 21 14 15 6 41 7 35 40 20 32 12 34 26 42 39 26 18 20 47 45 20 26 30 17 28 23 11 11 21 13 31 27 17 0 20 
12 7 28 7 3 14 20 8 40 40 10 22 13 49 49 40 13 39 31 23 15 28 13 31 27 4 45 38 14 14 30 30 44 25 26 10 9 17 2 45 26 5 28 27 16 27 29 18 37 9 18 23 24 6 13 39 12 11 2 13 8 14 4 30 44 6 2 10 20 25 28 9 19 21 15 48 2 36 4 31 0 
