n: 80
m: 8
Pi:U[1-99] 92 35 91 76 92 54 45 42 77 41 85 34 33 98 9 82 79 4 64 67 67 31 60 79 46 49 44 5 73 69 67 21 8 34 42 71 9 68 14 97 22 96 41 55 33 82 51 9 96 25 22 98 33 19 10 54 96 60 49 78 25 6 24 65 88 65 97 97 71 45 45 21 46 95 11 65 35 16 81 24 
Si:U[50-99]
0 85 79 78 65 99 96 94 82 61 51 54 55 70 83 67 76 62 98 68 77 97 76 67 69 72 88 79 86 66 87 60 81 92 97 85 50 90 96 95 78 94 54 94 58 54 55 87 61 78 90 92 60 57 72 81 71 88 53 70 91 94 88 84 57 53 55 62 76 71 99 58 91 57 95 54 81 78 69 75 73 
75 0 50 58 55 93 82 58 77 62 95 61 51 74 52 95 61 56 86 87 70 89 69 82 58 69 93 54 66 57 82 63 55 72 62 64 53 83 90 64 54 85 96 67 75 55 51 65 57 76 70 89 81 58 61 93 95 92 52 59 91 62 57 64 52 55 98 74 56 84 95 69 69 91 52 90 81 60 69 56 74 
51 91 0 59 93 62 69 89 80 66 97 98 91 84 75 89 55 86 77 88 55 81 91 76 62 74 71 68 70 75 75 73 51 62 82 89 77 51 91 97 52 50 61 79 95 71 80 60 66 70 95 94 79 98 72 74 54 59 52 68 95 96 99 53 87 65 74 84 96 83 76 63 50 95 68 70 98 98 50 64 67 
92 83 58 0 81 86 50 82 63 69 58 74 77 50 92 90 73 91 95 63 99 88 74 70 87 76 91 76 65 89 63 85 85 65 99 72 82 82 66 74 60 89 73 73 56 68 87 70 95 65 87 54 53 56 81 96 88 99 64 93 72 81 58 79 92 70 68 69 74 62 55 99 94 67 72 90 63 64 69 63 72 
62 98 74 66 0 77 63 67 92 89 97 98 67 73 71 54 65 91 99 57 91 92 98 71 51 50 81 53 72 79 70 61 96 65 97 84 71 92 60 66 73 99 76 72 92 86 99 93 89 54 56 81 71 74 98 54 96 57 79 59 88 62 56 99 73 93 82 94 89 65 61 99 99 84 66 70 81 95 80 90 85 
92 66 98 50 82 0 70 53 78 89 82 79 76 81 92 90 58 54 57 60 55 78 87 57 63 58 78 69 89 78 75 50 63 80 74 50 53 78 81 63 62 71 61 71 54 63 68 90 58 65 98 53 55 93 74 76 64 58 76 86 62 53 55 96 80 65 67 81 55 73 86 94 76 50 71 56 67 64 70 82 66 
53 60 50 59 64 88 0 82 72 84 82 69 61 78 57 57 69 88 59 71 63 91 51 85 78 53 90 94 51 57 87 54 92 98 78 89 71 80 89 99 59 50 91 54 93 93 89 85 77 83 85 60 86 68 95 63 90 86 50 78 56 78 65 60 58 78 99 82 55 60 92 98 79 64 71 57 83 77 56 56 89 
77 57 95 78 54 74 99 0 73 86 58 59 58 90 94 51 78 73 88 95 71 64 60 80 88 65 88 56 72 97 62 78 88 85 97 81 97 51 61 53 67 77 97 56 95 78 73 59 91 94 93 60 66 94 70 87 99 54 66 51 93 97 50 87 60 71 58 93 59 66 52 84 81 88 80 63 64 58 67 90 98 
89 78 58 51 53 59 66 50 0 64 90 98 82 96 61 70 53 87 79 91 56 99 55 64 79 80 81 79 85 71 55 92 90 85 71 69 56 53 75 92 61 60 59 80 51 57 84 78 89 96 74 64 70 94 99 76 92 74 68 99 60 70 86 98 59 96 75 78 90 86 69 89 68 77 83 99 53 95 61 89 53 
70 79 63 57 94 60 73 92 80 0 62 53 86 97 55 77 65 56 55 99 83 92 85 50 87 87 63 69 56 51 81 97 56 52 82 76 51 57 75 71 82 75 73 78 88 91 98 98 60 83 50 75 59 93 75 86 56 84 83 92 81 55 83 53 92 90 89 97 54 92 50 52 63 95 68 60 56 71 89 56 84 
65 94 98 69 81 86 59 88 62 53 0 86 86 89 91 95 65 56 94 90 55 74 96 53 71 71 83 98 67 71 87 53 86 91 58 72 73 74 64 84 56 98 74 81 98 51 70 60 84 50 79 63 96 65 81 71 88 96 78 92 67 93 97 82 75 52 58 96 95 94 77 85 54 53 72 64 67 81 92 85 74 
76 90 77 53 84 51 58 60 74 56 50 0 63 80 95 65 59 89 62 98 75 52 78 60 62 72 52 85 76 83 82 62 78 91 84 54 70 85 83 60 94 86 93 91 67 99 55 55 82 59 97 52 67 95 98 92 70 61 70 71 88 51 80 97 88 72 80 64 72 92 58 80 89 79 69 65 60 59 99 96 84 
87 98 92 95 94 83 53 68 69 71 51 95 0 93 85 58 71 92 76 60 85 95 64 50 68 59 70 80 67 63 51 70 54 84 53 95 81 90 62 64 87 58 95 75 88 52 90 79 57 50 78 68 96 61 52 72 61 97 94 83 78 63 70 52 83 78 82 55 98 83 55 66 56 77 84 74 80 63 53 68 86 
78 89 80 90 61 88 95 78 89 77 83 78 74 0 77 52 88 84 91 54 51 66 51 59 91 90 63 84 82 81 97 89 79 99 99 95 76 83 79 54 56 94 51 66 61 75 71 90 68 99 94 76 86 77 81 67 92 93 75 96 56 58 84 61 51 89 94 60 55 83 97 68 65 96 95 54 76 65 97 52 65 
56 71 77 60 57 76 58 75 93 55 74 70 67 68 0 97 64 68 67 63 74 91 76 89 51 66 98 82 99 97 77 68 73 76 87 80 76 82 83 79 78 60 61 82 65 90 87 65 77 79 53 91 68 96 62 57 91 79 78 63 94 55 98 69 81 86 89 55 62 75 62 72 85 78 64 62 53 88 58 75 97 
59 98 71 72 97 57 93 56 69 99 75 64 64 82 94 0 93 85 53 61 68 69 50 92 91 69 85 56 67 63 62 92 68 67 95 86 79 61 79 74 88 70 58 66 69 95 64 73 64 54 81 76 62 59 55 68 65 61 57 91 61 84 51 58 61 93 53 68 60 75 63 97 85 66 50 63 67 62 75 90 53 
72 97 51 85 79 73 65 99 92 82 82 56 93 86 57 88 0 50 93 55 88 77 75 69 99 66 72 76 91 61 77 70 85 69 82 77 85 60 79 89 76 73 96 53 74 92 91 90 70 88 99 82 85 83 83 68 89 83 73 77 65 50 80 60 96 55 84 64 92 70 59 99 97 57 50 75 64 83 71 66 95 
64 60 98 67 69 91 60 89 99 93 74 83 71 75 84 72 51 0 59 93 76 77 99 73 70 83 73 79 79 63 55 72 83 62 68 52 70 65 70 67 81 76 92 66 79 84 65 61 80 69 83 75 79 65 82 77 98 54 88 67 55 78 61 75 88 57 80 86 63 95 59 91 84 81 61 57 61 79 69 72 62 
74 65 56 55 51 96 69 52 55 94 85 66 82 66 55 75 72 96 0 50 69 74 98 66 80 50 56 82 64 95 71 80 56 67 54 65 74 84 91 93 89 82 74 74 84 87 80 87 68 97 93 59 77 89 72 96 68 66 93 54 98 54 70 66 55 64 97 86 69 53 84 98 96 91 89 60 75 94 58 82 62 
57 65 93 51 57 90 61 61 78 57 72 51 71 94 74 88 99 92 75 0 69 79 69 66 53 82 70 82 80 99 70 73 81 79 69 52 94 61 53 58 85 71 99 98 62 59 99 74 78 73 77 56 79 68 59 59 96 63 93 56 96 96 94 95 61 59 82 94 54 75 82 78 94 99 53 52 54 83 51 89 58 
83 56 62 66 56 97 75 89 72 98 50 89 67 66 51 86 51 83 89 53 0 56 51 73 53 55 83 75 69 50 86 96 82 79 67 75 86 51 65 58 84 89 68 89 77 71 83 56 96 54 59 94 87 61 82 95 63 60 60 92 75 93 59 93 58 64 65 90 75 70 97 57 71 54 75 79 68 66 51 61 90 
58 88 52 87 63 89 75 97 97 79 98 90 61 88 72 66 73 72 52 79 51 0 85 51 89 92 53 88 99 94 64 82 99 62 73 89 91 51 74 81 89 90 78 79 95 71 57 62 87 51 69 72 87 58 62 79 96 62 78 55 93 76 91 82 93 70 76 78 57 89 76 68 75 58 74 97 81 66 89 85 51 
89 94 79 82 51 86 82 65 66 70 59 60 75 91 94 64 67 55 71 62 58 52 0 77 71 58 51 97 51 91 74 53 64 96 70 99 54 56 80 56 60 56 57 55 86 69 81 63 55 81 72 71 74 90 58 98 86 55 87 64 70 95 82 77 74 83 81 97 52 54 59 80 51 53 51 84 90 79 65 61 89 
92 51 89 55 85 97 92 92 77 59 79 83 55 55 87 56 74 89 61 97 57 74 81 0 81 92 60 82 50 54 50 70 55 81 91 91 70 63 74 88 98 85 99 78 73 96 68 58 76 55 72 52 92 54 59 83 97 95 68 65 69 60 58 71 69 87 71 84 88 62 50 58 55 85 89 87 78 63 98 96 53 
80 62 88 66 85 56 85 67 75 97 68 51 65 60 91 94 71 81 63 55 52 60 54 52 0 63 54 74 65 99 53 97 73 85 75 68 60 55 59 86 82 66 70 88 78 59 67 70 67 81 50 61 69 95 73 58 54 50 67 80 98 67 52 85 51 55 72 98 62 69 88 58 97 68 88 57 95 75 71 89 58 
95 89 70 79 53 99 67 65 80 72 74 60 87 96 83 99 91 72 81 66 69 73 61 72 70 0 50 89 58 90 73 98 86 78 58 62 55 69 97 77 74 80 65 85 81 99 88 72 75 78 50 96 76 57 61 75 52 54 74 60 80 55 72 98 91 71 63 90 98 64 99 78 84 76 96 99 77 96 72 72 98 
81 98 75 87 87 54 77 91 85 52 51 78 82 96 69 73 97 82 69 71 79 91 51 87 65 53 0 78 81 51 83 85 74 85 92 79 87 65 89 52 96 67 79 85 71 99 68 77 85 99 92 86 74 54 81 69 53 73 79 67 81 81 93 73 82 86 51 89 60 54 56 83 77 52 99 58 92 67 91 68 67 
83 73 76 64 50 80 58 77 61 50 95 96 64 67 58 81 95 75 57 54 82 88 78 83 52 69 91 0 95 64 64 50 67 94 81 76 77 58 76 73 95 97 63 79 90 79 96 86 79 61 59 91 64 99 95 53 58 95 91 96 83 71 62 86 55 65 54 62 74 65 88 98 85 88 52 85 97 72 66 67 58 
52 80 66 64 66 59 81 85 99 91 74 85 88 53 99 68 86 94 63 51 72 81 80 97 54 64 92 79 0 89 79 63 60 67 78 63 67 95 62 52 82 70 85 99 74 52 82 50 93 88 59 70 76 75 71 65 56 83 94 77 83 84 68 53 89 81 88 71 96 72 73 91 59 94 58 75 83 88 89 81 76 
54 84 56 67 75 99 52 76 97 51 84 89 91 79 88 55 74 53 78 54 95 59 98 52 89 52 87 69 97 0 65 94 99 67 95 78 71 66 90 78 65 59 68 81 96 68 98 89 82 90 85 66 82 67 77 56 74 91 58 80 51 86 99 89 73 70 53 64 71 57 75 76 75 59 99 50 90 95 60 73 72 
67 96 73 61 82 78 98 67 82 85 98 94 60 60 78 54 90 99 71 81 94 98 90 79 74 79 71 73 98 90 0 82 55 56 91 96 81 55 71 53 96 73 90 51 63 68 76 54 92 81 90 85 89 64 87 68 76 85 81 96 98 89 94 98 68 96 80 70 52 99 77 73 50 91 86 74 63 68 51 59 69 
87 71 63 79 74 58 93 63 99 88 59 75 54 92 69 77 83 94 70 52 78 74 83 99 81 92 95 92 66 67 53 0 53 57 83 77 53 78 68 98 94 50 64 77 56 98 71 98 97 76 53 77 55 60 58 90 66 50 87 74 91 71 69 55 76 56 68 74 96 84 63 77 78 77 94 59 85 95 86 84 52 
71 97 70 61 68 62 92 50 75 80 51 96 64 92 88 81 99 51 52 53 70 83 78 70 72 68 53 86 66 66 60 98 0 62 57 84 56 88 99 79 54 75 61 51 53 75 64 78 91 64 71 59 50 64 74 84 96 90 61 53 54 72 87 79 91 58 84 82 56 50 79 71 92 78 61 61 67 57 77 91 72 
68 70 97 62 62 79 58 73 76 84 63 58 91 78 73 92 79 50 74 90 82 82 50 75 96 64 71 81 56 59 82 67 54 0 59 97 66 98 95 70 76 72 51 81 51 92 60 86 63 50 95 77 64 59 51 89 57 68 75 83 60 79 51 95 67 79 83 51 61 63 97 89 63 74 59 68 97 65 57 88 95 
75 82 75 72 90 91 81 99 91 92 63 76 99 81 93 66 63 57 53 58 82 88 72 88 84 62 83 53 61 92 50 86 92 80 0 98 85 92 76 79 89 71 52 70 73 58 94 68 93 82 72 78 55 53 89 77 65 80 87 57 97 99 75 56 62 78 54 98 53 95 72 54 96 81 57 62 99 71 89 89 73 
70 59 94 79 60 70 55 88 59 84 58 84 80 59 71 53 70 97 66 51 90 81 53 76 50 93 88 76 63 96 94 64 98 77 52 0 95 83 84 97 79 94 58 99 69 64 83 71 81 78 57 81 52 71 78 73 82 81 77 97 74 71 51 53 86 62 91 64 93 52 78 73 58 61 77 52 91 75 52 62 78 
74 82 79 79 75 63 65 57 86 92 50 85 68 64 55 57 80 69 87 98 52 75 56 67 84 98 87 61 98 68 57 50 86 57 86 93 0 67 53 73 55 54 75 86 66 50 81 85 55 52 86 54 56 86 63 64 95 92 85 66 60 51 55 78 69 58 78 68 58 50 90 97 84 70 71 77 55 89 92 57 66 
74 83 93 63 87 96 62 89 93 54 83 75 53 63 76 66 84 64 99 67 93 97 96 75 54 65 70 79 71 73 52 51 84 79 60 55 60 0 79 79 86 57 81 52 76 72 80 61 97 95 96 94 57 80 74 96 94 58 51 90 77 83 50 97 69 67 69 98 57 95 62 60 56 70 54 80 86 53 66 67 89 
86 96 64 96 97 63 60 89 91 91 98 71 68 75 71 89 87 63 68 70 58 98 89 79 86 74 94 78 88 55 64 71 97 84 82 86 86 67 0 52 90 88 96 94 53 80 95 51 50 86 73 58 62 56 65 62 89 87 63 67 84 73 63 98 86 58 84 75 61 79 71 61 69 86 68 53 87 67 60 58 58 
62 73 54 58 66 59 54 88 67 87 96 65 71 63 51 67 59 70 59 99 90 89 60 83 92 97 64 59 94 93 87 76 85 71 69 71 57 93 86 0 90 62 80 66 73 50 92 97 96 66 71 59 79 99 97 94 50 69 67 71 84 78 51 60 92 96 55 65 96 67 57 72 62 81 90 69 80 68 64 79 57 
69 86 70 83 61 77 93 84 83 72 91 82 82 57 67 66 50 58 86 57 82 76 83 56 65 76 86 69 60 90 91 95 50 87 65 80 58 93 57 71 0 90 56 70 88 74 68 81 96 92 54 76 69 91 88 85 62 98 75 89 83 63 61 80 95 92 79 56 77 85 99 66 66 97 68 53 69 81 82 97 75 
50 70 72 82 63 83 94 74 85 81 95 62 70 91 77 90 53 56 53 93 51 51 85 77 69 51 61 98 96 50 55 91 84 83 76 53 65 81 82 83 68 0 53 62 85 85 59 77 98 53 96 89 63 74 76 96 76 80 76 91 75 52 61 73 70 78 63 82 87 52 65 71 78 70 89 90 77 88 64 55 81 
83 92 90 63 99 75 58 84 89 88 50 79 53 97 50 70 62 67 98 78 97 75 69 83 85 97 97 59 72 74 80 70 89 92 54 88 84 93 63 67 79 51 0 68 72 71 73 82 85 73 74 54 76 90 85 99 71 66 68 53 77 56 60 75 86 64 79 96 62 88 71 54 70 80 99 76 51 96 70 56 90 
62 54 76 71 87 84 70 78 57 90 82 72 93 57 69 74 65 59 53 75 97 94 72 96 90 81 57 94 93 63 88 75 90 74 87 72 51 93 87 97 57 69 81 0 89 76 56 70 89 99 54 52 78 50 69 61 99 96 73 84 57 88 91 79 69 69 61 92 99 78 83 94 94 82 82 59 92 64 70 87 59 
54 97 80 71 54 74 60 64 64 75 54 51 94 97 67 63 98 80 91 61 95 50 77 69 77 96 76 54 64 83 86 51 94 93 97 88 70 69 66 55 64 72 85 88 0 91 64 60 51 59 89 96 77 94 73 83 51 73 64 76 77 80 90 76 54 92 59 96 64 80 92 74 75 52 52 87 63 66 79 75 79 
75 78 94 53 55 84 96 95 75 98 54 88 94 60 87 58 83 97 68 64 96 61 94 90 65 69 56 53 90 56 88 62 83 64 86 54 92 95 56 60 94 70 70 64 93 0 94 52 98 68 94 54 71 87 89 67 97 87 79 73 87 59 58 96 59 68 57 94 99 77 70 96 82 97 55 93 76 73 51 78 82 
72 57 76 75 51 92 73 67 85 84 91 65 79 55 60 58 53 74 60 55 60 82 80 91 74 54 67 72 54 80 98 99 77 91 96 53 76 87 68 86 56 58 77 74 67 57 0 76 60 80 58 50 71 79 74 64 56 53 62 73 96 79 62 93 60 82 55 81 97 74 55 72 80 68 98 57 66 72 64 78 79 
82 72 88 58 90 97 67 72 58 99 54 68 53 67 81 74 62 84 75 66 74 89 72 55 56 99 57 79 52 66 71 58 60 90 57 54 96 77 96 66 97 58 56 80 97 83 96 0 60 90 53 62 94 86 63 55 74 70 62 65 95 87 77 70 51 93 71 82 65 83 79 97 64 94 84 77 96 93 63 50 80 
53 75 58 76 51 96 95 86 85 92 82 56 78 83 67 89 57 90 99 58 99 51 96 97 56 88 52 95 76 58 93 60 84 63 63 79 72 50 66 53 60 86 54 76 70 98 88 52 0 52 52 98 64 73 95 70 70 68 65 76 59 78 55 80 69 94 92 61 75 80 57 97 80 51 61 51 59 99 77 85 75 
54 91 99 81 71 74 65 68 92 54 99 54 52 99 80 68 56 84 65 93 70 75 74 79 53 50 91 66 98 66 83 65 76 79 84 56 95 71 74 66 67 70 89 56 98 50 62 96 65 0 61 83 97 83 97 90 76 72 96 61 64 92 59 58 94 58 68 91 64 51 62 77 65 95 98 81 55 94 61 71 71 
60 78 81 52 73 54 60 65 90 68 64 75 68 63 64 82 93 66 70 64 65 62 68 76 89 73 94 85 81 63 74 86 96 84 64 96 93 60 66 83 94 60 73 63 60 98 83 93 58 99 0 90 50 77 53 51 78 66 88 85 53 80 62 93 55 85 80 96 79 60 87 60 72 85 58 74 53 62 56 65 57 
68 67 62 64 82 78 72 72 71 64 87 81 87 96 79 76 60 58 68 57 52 94 56 70 56 59 98 85 82 98 52 53 94 69 66 98 60 88 92 63 72 59 99 77 53 85 70 99 75 68 95 0 55 59 87 92 74 93 75 90 94 91 89 58 76 84 88 90 50 93 58 92 82 90 85 74 78 70 78 83 85 
64 63 83 81 89 78 62 51 99 96 98 61 66 73 76 74 83 74 74 61 65 68 98 58 98 73 65 61 98 68 63 68 78 92 74 73 62 61 57 90 85 52 69 85 74 82 61 83 98 83 92 81 0 61 53 93 81 87 87 70 83 71 93 73 52 75 53 53 74 50 70 53 74 91 53 67 62 83 77 99 54 
55 95 72 68 80 57 92 57 78 50 65 87 75 58 67 53 85 75 62 72 70 85 88 78 56 79 65 71 75 86 67 58 84 72 90 74 80 93 77 99 78 61 79 94 77 83 90 74 50 97 66 64 76 0 59 60 50 51 79 74 81 80 88 82 90 93 71 50 54 54 53 85 73 79 96 74 71 66 73 61 54 
50 67 93 97 64 66 86 79 53 74 57 64 78 75 96 59 93 56 69 83 80 89 95 51 82 50 63 81 80 91 97 92 54 77 91 98 64 87 69 73 71 59 69 71 53 89 54 68 54 56 62 80 53 80 0 73 63 51 74 87 81 89 96 94 52 77 96 60 59 51 72 73 94 56 89 92 90 66 69 71 78 
59 88 76 67 72 79 76 53 59 55 55 90 53 81 55 79 98 88 79 75 69 75 83 85 61 69 52 60 85 56 74 93 51 57 75 73 86 91 94 66 86 51 98 93 80 64 72 99 57 79 99 97 95 69 82 0 74 63 80 63 89 62 81 81 95 62 97 65 89 76 57 58 97 96 80 75 83 74 82 88 70 
66 75 94 75 82 64 85 84 83 65 75 85 96 80 67 93 94 52 83 95 97 89 77 69 58 85 53 54 98 50 68 60 77 67 61 66 69 58 96 56 90 90 55 98 81 86 63 69 96 67 52 62 65 87 67 63 0 55 55 68 60 82 85 73 76 85 50 67 67 69 76 84 58 54 92 52 85 51 71 93 75 
93 57 54 66 96 59 88 71 56 94 77 71 73 76 94 58 82 57 98 57 84 94 75 62 65 74 72 64 87 68 74 95 82 98 74 80 53 50 95 52 89 88 53 65 82 55 77 80 96 65 73 90 98 64 98 96 50 0 72 80 67 55 70 60 81 92 84 87 77 70 94 53 80 62 71 99 92 60 66 85 58 
60 94 79 77 61 81 82 73 84 78 91 62 66 66 61 82 60 52 51 96 93 65 68 90 53 89 90 93 96 55 50 70 57 56 69 64 85 51 79 73 86 79 83 75 51 80 65 72 95 71 96 91 95 98 69 70 57 73 0 66 73 65 56 92 95 77 76 66 66 66 98 94 99 67 61 55 68 91 81 82 67 
99 52 50 97 92 70 91 90 93 64 69 93 80 65 64 86 96 94 83 97 51 81 78 54 61 96 76 92 79 85 67 80 84 95 84 82 65 77 91 92 59 62 86 93 69 55 67 58 94 59 56 78 52 65 84 89 92 75 94 0 66 91 94 76 94 80 80 57 60 53 89 85 88 97 72 92 64 91 74 90 96 
53 95 86 96 93 98 96 65 57 85 71 66 88 69 78 94 62 91 61 74 86 79 87 80 71 84 59 74 71 50 56 99 59 58 73 72 70 80 53 82 85 95 52 88 53 70 66 75 99 86 90 84 61 83 93 96 50 61 86 60 0 78 51 79 84 80 62 94 93 80 77 54 59 59 92 97 60 97 82 87 67 
54 54 55 99 87 93 87 55 80 69 82 51 52 91 70 81 81 95 93 87 92 88 88 55 87 92 50 52 53 81 82 84 96 86 75 71 82 57 75 60 52 74 84 88 71 85 53 69 92 66 90 62 91 98 78 98 76 87 85 77 90 0 95 98 72 81 90 96 96 60 72 63 79 70 56 57 85 85 83 85 89 
67 76 58 58 78 79 54 75 88 75 90 72 97 75 76 90 61 64 58 75 90 51 56 52 64 69 95 82 90 54 82 85 72 98 96 67 88 72 54 60 93 92 55 91 60 86 68 93 97 60 60 54 74 95 53 80 64 79 96 79 77 96 0 81 78 58 58 54 71 96 83 65 95 92 99 77 78 53 91 81 90 
99 80 82 58 61 90 93 81 94 65 74 54 55 53 67 81 55 88 65 50 55 71 77 74 65 93 62 90 87 67 89 96 72 65 94 88 98 51 53 73 75 58 85 97 67 78 87 65 69 93 69 66 90 70 78 80 76 96 93 69 60 72 71 0 75 86 99 93 75 88 95 85 90 98 91 83 86 69 57 79 97 
86 87 81 51 96 66 63 50 79 89 75 68 95 60 61 92 75 94 88 91 86 97 60 60 54 61 96 68 80 90 73 58 96 68 89 81 64 98 62 95 85 98 94 87 62 76 96 64 98 92 83 51 79 89 70 90 89 75 75 82 66 93 56 79 0 55 85 95 54 60 86 78 55 75 97 80 57 80 99 70 84 
92 88 77 96 73 66 78 50 62 64 86 76 76 88 88 96 60 57 79 82 72 73 79 67 72 98 52 66 80 83 97 80 98 72 91 75 90 97 83 76 65 94 90 58 99 83 98 84 92 69 63 53 89 51 68 88 76 61 77 76 65 66 96 96 79 0 92 90 80 55 82 84 79 96 83 76 59 88 61 60 92 
72 98 61 68 94 96 55 75 76 61 94 62 78 51 76 59 70 66 73 78 92 60 90 99 99 69 52 79 80 96 90 63 72 74 62 50 77 99 66 57 76 94 79 66 58 95 63 69 61 95 69 59 75 60 52 69 69 80 68 63 87 63 80 60 89 60 0 51 75 71 64 87 76 52 58 91 90 78 75 58 72 
97 76 60 82 58 65 61 63 74 64 77 85 92 83 92 77 90 82 61 78 86 92 89 76 71 53 68 70 81 89 84 90 95 98 78 99 58 60 64 91 63 89 97 64 53 72 68 56 62 73 75 86 99 58 97 58 53 76 86 84 69 86 84 73 76 51 77 0 80 64 71 93 76 53 89 71 87 69 81 71 52 
73 72 64 67 71 61 93 97 67 56 75 59 76 91 96 88 54 53 66 98 73 62 76 97 58 98 71 85 54 65 93 63 68 91 65 85 93 87 89 50 79 89 75 72 96 76 52 60 77 75 95 88 72 70 90 85 67 67 81 52 61 87 93 97 91 68 79 88 0 67 99 68 73 99 81 76 81 54 71 52 61 
91 91 67 75 83 78 85 99 97 78 65 64 70 87 87 68 83 91 94 63 64 69 81 95 50 71 85 53 51 83 54 92 78 93 54 75 87 59 91 91 50 66 84 93 68 90 93 93 55 55 60 87 77 57 88 71 69 61 97 98 75 78 97 58 51 74 95 67 70 0 66 63 64 59 94 84 80 64 50 53 68 
60 55 80 93 96 57 88 85 83 66 81 82 54 85 87 95 84 83 57 73 67 98 75 54 85 68 63 81 87 65 51 64 62 94 90 52 85 63 52 65 92 82 56 73 86 69 57 96 75 50 69 69 98 51 78 50 73 59 85 85 87 98 66 85 64 94 81 52 83 85 0 91 84 79 87 91 96 93 77 80 67 
71 57 83 54 89 94 77 51 86 88 95 94 74 61 75 82 68 63 84 52 51 59 68 73 53 93 80 98 55 80 85 56 76 90 89 52 88 69 71 82 83 73 78 63 71 70 60 89 90 61 82 60 94 60 96 55 58 50 87 89 67 55 87 84 86 76 68 96 73 97 90 0 87 62 90 70 60 59 67 95 51 
52 50 96 98 61 98 74 75 91 83 61 62 79 57 60 57 70 98 87 69 65 81 66 67 64 51 87 68 97 97 72 73 56 68 68 50 62 73 84 58 87 62 91 57 77 87 85 82 66 80 81 77 71 59 64 57 80 50 85 81 96 76 88 66 81 93 80 54 66 91 96 81 0 70 54 58 68 85 73 77 91 
69 98 52 64 74 51 82 71 67 85 67 52 94 53 56 79 60 77 85 90 78 56 58 57 87 71 52 52 83 62 64 52 94 82 93 95 68 61 59 62 72 70 90 95 95 57 56 76 71 59 60 64 76 74 78 80 84 82 93 68 97 50 56 56 95 70 57 98 72 79 86 69 58 0 55 57 62 79 70 81 97 
67 83 85 51 76 68 73 80 85 63 50 72 99 51 79 79 91 87 63 96 92 50 59 82 95 52 82 57 80 66 57 82 59 63 53 70 90 62 85 74 68 75 93 96 98 91 68 54 78 98 63 56 70 98 52 59 50 57 86 77 65 79 52 59 73 79 83 67 90 94 80 76 72 59 0 80 81 83 98 72 52 
87 88 83 82 85 70 56 70 83 74 87 97 75 58 73 77 52 73 59 56 87 59 60 69 85 64 66 51 77 96 73 95 72 91 90 58 53 99 67 55 66 81 54 57 80 79 60 51 74 76 56 60 70 64 58 75 59 66 70 99 51 86 98 55 89 81 84 93 52 91 64 85 77 89 58 0 51 73 71 68 55 
77 98 81 51 71 58 83 81 52 90 80 64 92 73 52 92 99 76 70 94 82 78 86 60 89 78 61 51 63 57 80 98 54 95 80 61 87 76 63 62 59 98 53 50 92 51 55 97 75 60 83 56 68 89 61 69 67 91 97 88 99 80 67 61 72 53 97 95 92 61 66 99 51 76 65 95 0 62 93 82 87 
61 94 98 85 87 54 79 68 70 55 87 60 99 96 53 80 95 66 87 60 68 69 84 58 90 54 95 94 57 90 64 53 98 83 71 52 51 65 56 99 64 91 61 52 95 82 98 54 97 53 68 91 61 70 70 69 90 65 89 90 99 71 86 55 61 83 59 89 53 89 84 81 85 86 78 93 85 0 63 72 62 
86 77 81 71 60 60 81 55 57 83 57 92 70 92 94 63 67 90 72 92 97 97 96 91 52 59 82 85 81 65 82 56 60 69 69 86 66 83 77 61 93 60 97 65 51 84 67 93 71 56 70 88 55 75 90 56 70 69 62 65 56 91 64 99 55 73 84 84 97 67 81 62 57 97 89 65 59 66 0 92 50 
65 78 50 75 74 68 69 60 65 91 87 61 90 74 86 83 62 99 59 85 52 62 84 95 73 94 84 70 54 84 61 59 80 68 66 85 51 87 88 83 78 92 79 51 78 66 68 68 64 59 92 88 65 60 65 50 80 80 81 90 78 80 69 56 54 68 82 91 60 72 81 92 70 59 83 61 79 93 58 0 94 
88 52 94 70 52 74 50 88 97 95 69 86 60 77 64 56 71 81 81 87 92 74 71 62 82 91 61 87 74 62 80 77 88 69 69 60 79 95 77 85 88 90 92 63 91 77 93 77 79 63 58 65 75 65 54 54 68 93 98 57 61 80 75 94 59 58 72 71 52 73 88 76 86 83 89 97 57 85 74 53 0 
