n: 80
m: 4
Pi:U[1-99] 81 84 50 56 73 11 71 83 54 34 74 24 37 23 29 58 56 1 81 66 19 49 56 72 55 10 5 91 79 87 16 41 59 48 34 91 29 16 37 30 78 96 54 33 46 79 88 42 25 78 26 62 8 85 21 97 1 78 67 59 5 87 93 3 22 60 99 30 37 69 98 44 43 55 45 63 96 34 23 79 
Si:U[1-49]
0 21 19 32 47 35 39 23 37 19 38 46 25 40 29 38 24 23 12 22 31 37 41 27 37 29 47 40 44 29 12 9 3 38 45 31 23 41 43 16 42 45 5 6 45 45 36 20 4 28 34 25 2 9 21 9 37 39 23 10 44 10 1 37 24 19 5 28 2 25 18 26 10 45 6 4 35 14 21 40 8 
31 0 21 8 24 25 30 15 13 29 39 12 49 3 32 11 32 13 40 15 47 30 41 17 27 13 20 16 21 19 6 41 2 47 37 21 9 8 18 5 35 20 31 32 1 12 8 17 22 12 45 11 21 2 15 29 18 24 4 11 45 16 18 12 1 13 11 1 8 8 44 8 19 5 36 37 28 39 28 37 31 
5 43 0 19 37 7 22 33 17 48 43 45 1 47 16 31 13 14 48 7 11 48 48 34 32 45 42 6 26 35 48 36 16 22 31 3 9 17 49 34 5 45 40 46 8 42 45 11 38 1 12 23 4 18 1 10 34 31 48 6 17 42 18 20 11 21 28 27 27 35 7 3 11 37 12 9 12 42 7 12 2 
28 17 21 0 34 43 24 48 41 36 23 20 9 21 49 21 19 30 15 28 49 47 21 47 21 41 44 24 22 6 37 5 20 26 10 4 11 47 29 36 14 43 43 13 8 37 23 7 37 40 12 33 25 19 20 22 6 23 24 9 4 40 36 35 25 42 12 36 33 11 30 36 23 14 28 24 19 2 17 44 30 
37 27 31 12 0 14 12 16 26 2 21 25 9 31 23 9 22 18 43 49 22 4 4 49 17 37 29 30 19 22 41 42 40 33 6 41 43 32 16 36 26 43 48 12 21 35 45 35 27 29 17 35 24 8 48 7 18 28 43 31 40 32 8 38 46 39 35 31 18 8 49 32 49 20 47 4 48 6 7 49 45 
13 28 16 16 21 0 10 10 20 41 10 34 15 40 18 26 49 30 21 33 40 17 10 17 43 33 32 14 25 3 25 17 25 11 48 4 39 25 41 41 44 42 22 1 29 13 1 9 2 46 29 18 9 32 29 24 15 10 3 20 18 47 26 49 38 43 25 3 29 8 16 40 3 49 7 25 26 37 45 19 37 
27 18 33 23 10 12 0 8 9 40 19 41 21 37 12 17 13 39 42 5 46 12 28 9 5 41 19 14 6 33 15 48 35 12 34 35 43 21 10 21 21 11 14 42 42 21 17 29 10 12 22 38 47 44 37 7 28 21 12 28 40 16 24 25 1 1 14 35 37 38 37 30 13 14 40 9 15 8 24 23 29 
45 31 35 5 45 17 38 0 9 28 28 21 49 29 2 31 49 15 39 3 30 35 24 3 18 38 8 20 28 49 22 17 37 18 33 14 33 31 19 21 43 36 18 14 17 12 38 7 14 3 46 35 19 47 8 24 14 19 22 29 32 46 34 47 46 5 21 13 44 43 33 28 35 47 33 34 21 46 1 20 3 
16 23 33 26 27 27 16 42 0 29 22 45 46 43 28 3 27 19 47 14 14 2 19 30 13 27 35 14 22 37 43 7 43 49 23 21 3 35 44 22 10 5 45 14 33 49 10 26 26 12 43 27 16 48 4 11 6 11 45 46 6 42 6 12 30 38 25 21 28 1 23 17 28 32 42 36 30 22 6 19 28 
36 19 2 1 49 7 44 10 41 0 5 39 37 46 11 42 22 18 34 8 35 15 42 49 43 49 39 17 45 20 34 25 5 38 18 1 34 44 13 39 25 20 20 33 39 31 35 48 46 2 28 45 21 3 41 14 23 4 44 3 31 21 7 21 28 24 13 28 48 9 11 29 14 46 40 42 45 18 6 5 27 
43 17 34 26 47 9 17 19 14 28 0 3 43 45 48 9 10 26 42 43 9 20 44 1 34 6 10 4 21 2 19 25 32 29 18 38 27 16 40 3 38 10 25 44 24 32 13 11 6 8 21 33 39 24 2 2 28 16 21 32 47 21 38 40 3 20 22 7 18 1 40 28 29 29 12 9 36 27 3 5 36 
36 42 8 41 22 19 45 22 20 28 25 0 29 1 29 1 13 20 30 43 18 26 28 16 33 10 47 11 15 14 40 37 46 34 14 15 22 5 26 11 46 39 8 10 28 49 8 35 9 38 3 10 46 36 26 45 4 12 42 3 43 5 13 32 5 36 44 14 37 9 17 23 6 37 26 46 28 4 20 13 38 
12 21 41 39 34 9 19 16 6 13 17 12 0 41 30 17 15 25 26 17 28 15 11 10 22 18 7 22 29 4 46 26 26 20 46 22 5 14 12 49 37 7 27 34 36 38 40 15 33 5 45 31 9 31 38 14 49 2 11 23 30 21 33 22 26 30 19 36 39 44 22 1 1 20 24 32 2 29 36 2 5 
36 42 25 8 46 22 31 15 28 1 24 27 7 0 48 36 39 26 37 24 5 19 13 29 14 17 11 48 28 2 35 18 21 11 24 37 14 1 3 7 48 4 18 26 11 14 13 6 19 29 14 6 49 27 43 36 43 10 4 35 10 11 42 44 44 17 18 29 37 12 35 28 21 24 41 9 48 4 34 13 4 
12 2 23 32 4 33 20 27 18 6 30 15 47 9 0 40 44 17 23 7 16 37 36 24 45 25 14 1 49 47 18 28 46 3 11 39 34 8 37 22 32 10 39 8 5 35 33 5 42 3 37 30 34 32 4 37 25 25 3 30 49 31 9 25 9 8 48 1 4 30 46 1 33 20 5 4 14 2 2 12 24 
28 11 5 21 11 6 29 45 29 22 27 40 11 11 42 0 35 8 14 31 49 28 23 19 6 7 41 14 8 7 42 9 3 11 28 7 35 27 47 49 15 40 40 19 41 7 24 26 4 45 9 42 11 41 31 33 38 38 6 8 11 20 43 45 46 10 14 48 22 49 28 22 5 13 4 40 3 14 6 18 30 
28 12 47 33 18 29 8 15 9 11 22 40 2 32 46 16 0 29 10 48 43 16 22 31 4 19 35 33 1 33 2 41 41 41 3 11 41 5 36 24 21 3 10 26 44 19 27 44 15 6 33 38 26 41 31 9 13 20 34 29 18 12 17 27 13 5 45 25 36 24 1 24 23 36 28 26 25 20 36 43 41 
42 15 39 26 22 18 30 22 8 44 25 13 12 47 12 8 32 0 18 27 44 7 31 2 24 17 49 2 17 9 22 46 24 17 6 44 18 42 9 21 46 40 14 31 33 8 11 10 5 32 9 25 1 31 12 22 48 16 27 13 11 26 23 22 1 8 48 3 11 40 11 26 37 16 44 5 28 13 48 1 39 
33 2 9 13 4 15 41 23 13 28 7 46 49 38 12 46 5 12 0 14 38 1 39 26 40 12 16 23 21 31 12 36 24 39 39 30 14 47 3 47 27 49 47 42 9 19 11 5 24 39 27 24 14 40 16 1 36 5 34 5 2 26 40 21 37 22 16 32 35 7 31 16 30 35 23 39 16 24 39 13 26 
26 21 46 20 29 38 19 24 29 3 27 5 9 44 21 18 39 44 14 0 26 39 36 46 7 6 22 6 5 46 25 9 9 47 34 23 48 9 34 5 21 45 42 4 9 28 23 16 47 32 36 45 39 4 45 45 12 10 37 19 8 18 17 28 5 22 36 49 10 34 19 36 47 13 5 14 9 23 44 26 19 
12 6 33 12 12 31 29 36 10 40 27 6 36 42 42 12 15 6 17 47 0 1 22 36 4 49 19 38 3 27 41 42 13 44 39 24 12 43 39 11 6 30 13 48 23 24 7 18 27 20 49 33 12 11 6 9 7 11 47 17 10 13 47 28 48 40 44 24 28 37 2 1 16 8 40 48 20 35 19 7 38 
30 24 38 10 3 8 48 26 1 28 6 41 39 18 7 48 2 2 35 7 49 0 16 49 17 40 3 42 46 43 5 9 4 2 47 48 35 40 16 32 36 10 21 5 31 18 42 19 1 10 15 34 11 17 25 21 5 38 14 4 29 49 27 20 42 8 36 17 19 6 37 17 41 12 45 32 27 34 41 35 22 
44 36 11 46 41 18 45 42 2 4 4 24 47 38 12 1 11 39 16 35 26 18 0 20 19 2 19 24 19 33 46 24 19 16 18 4 15 49 49 22 16 13 39 32 8 25 14 43 13 47 14 39 20 9 21 33 38 29 30 24 34 8 8 2 39 34 31 27 28 2 17 30 43 18 45 2 49 30 9 29 40 
11 36 2 3 47 17 16 48 46 49 21 25 29 2 42 48 26 15 17 29 41 24 24 0 31 42 17 29 4 41 46 1 15 3 21 22 19 34 3 10 13 46 6 26 7 7 27 31 43 25 44 33 9 6 2 38 12 15 7 35 1 36 22 34 49 12 46 41 2 44 47 9 48 14 6 21 23 35 18 33 10 
25 6 47 35 35 4 7 17 17 15 18 10 5 8 49 26 39 42 8 40 20 20 34 29 0 30 26 14 33 7 31 5 2 44 41 42 42 29 20 11 23 15 40 7 28 16 29 9 13 12 19 45 19 38 39 27 31 43 13 13 19 22 29 37 23 12 22 21 7 27 17 38 1 16 4 23 39 44 5 21 45 
20 5 25 27 14 19 28 37 36 30 49 48 31 48 17 9 28 43 7 36 12 5 25 8 5 0 11 39 37 11 47 2 12 43 17 8 35 20 14 2 39 42 7 36 35 32 29 21 44 48 43 36 16 41 14 45 12 41 12 11 29 6 19 49 1 35 45 13 45 22 15 32 19 32 10 41 8 25 26 17 43 
12 1 42 36 7 19 42 6 3 19 35 46 33 5 44 3 38 38 2 49 44 15 24 26 5 40 0 22 48 39 6 48 27 30 29 21 37 7 43 39 25 21 33 17 29 23 7 38 1 44 39 45 27 33 46 25 28 5 37 30 28 10 27 45 31 11 38 20 19 36 36 3 15 33 24 6 10 14 41 26 32 
29 18 37 19 42 40 36 1 40 32 23 40 26 42 5 31 27 8 20 46 27 26 20 32 16 19 12 0 16 28 25 28 46 9 8 45 10 29 13 48 36 21 47 20 20 3 48 15 17 22 39 5 16 17 4 21 48 47 22 13 2 30 11 34 23 49 49 47 9 22 23 35 19 32 48 17 46 17 21 37 38 
8 44 20 33 14 19 11 22 42 20 49 18 8 21 46 10 42 27 32 41 45 24 24 37 44 45 18 42 0 32 7 20 33 27 14 43 30 35 28 32 7 28 35 48 26 11 18 44 7 9 28 9 19 13 18 33 40 38 20 36 32 37 15 41 43 24 40 2 1 7 36 7 15 13 38 45 47 14 27 11 2 
9 16 42 15 8 24 29 4 7 29 22 41 10 22 31 35 17 48 29 35 13 12 36 43 36 3 26 12 46 0 40 47 1 9 44 12 38 45 27 8 22 21 49 28 45 14 4 16 17 17 37 1 38 20 21 8 48 1 28 1 22 41 16 4 43 11 44 22 4 6 33 24 10 47 47 44 46 2 1 47 9 
12 37 42 14 14 8 37 20 20 34 1 5 24 41 20 6 18 24 23 24 15 47 24 12 30 17 12 41 27 39 0 10 17 46 17 18 46 18 26 44 17 45 17 18 48 32 12 35 37 38 30 39 34 30 45 4 23 11 19 28 47 24 10 38 34 32 27 42 33 48 32 48 38 8 10 12 1 31 27 23 29 
3 17 30 40 17 16 41 37 28 23 15 26 19 29 3 11 46 11 44 13 27 15 17 13 46 35 34 30 8 19 39 0 13 28 15 3 41 28 20 42 19 49 48 28 18 1 10 32 21 21 19 27 48 45 36 24 45 3 31 6 36 30 28 9 8 35 21 16 37 45 30 20 16 17 31 13 16 14 43 42 23 
43 19 22 46 21 16 46 32 20 22 30 23 40 46 39 13 23 48 42 23 19 5 3 19 13 33 31 14 38 10 27 3 0 22 42 26 40 39 7 42 9 31 46 5 36 7 31 5 49 7 34 9 15 48 4 41 14 43 1 40 5 33 7 25 30 26 34 44 7 44 3 31 10 29 15 14 1 26 13 16 28 
27 28 5 38 19 2 8 11 18 39 12 7 7 24 22 45 27 39 1 2 14 34 14 10 9 1 5 22 27 23 46 16 23 0 4 21 32 18 10 4 44 24 45 17 13 13 30 22 18 29 31 1 37 11 24 28 34 49 5 14 34 31 24 40 26 39 15 8 34 40 30 42 12 5 11 44 10 13 28 36 41 
44 47 7 16 11 42 43 22 46 37 47 15 37 19 45 44 12 15 1 44 24 27 22 36 25 2 4 34 21 37 2 5 15 12 0 40 44 12 21 31 36 18 28 41 41 5 17 35 1 49 28 45 20 5 45 2 24 4 32 8 24 45 21 2 4 46 41 39 43 12 28 34 41 28 39 38 23 20 42 19 35 
44 6 49 47 6 7 6 31 22 24 47 1 15 41 41 19 42 10 2 44 19 32 17 49 49 17 5 35 15 49 40 31 32 13 42 0 49 26 47 8 11 26 43 42 4 12 6 27 34 22 33 2 29 41 33 27 12 24 48 23 38 26 4 22 44 7 25 40 28 21 27 44 36 8 34 31 28 41 4 46 21 
33 9 45 32 15 33 3 32 39 7 42 24 14 17 6 34 29 6 47 49 34 7 6 41 5 42 13 34 44 11 47 46 16 2 1 9 0 39 31 45 37 43 17 17 20 3 38 48 48 20 14 17 19 39 39 47 32 27 30 44 28 18 39 33 20 14 40 47 9 27 49 38 32 25 32 3 17 42 46 44 43 
45 21 23 27 33 9 8 2 7 13 2 35 5 42 9 46 12 19 43 40 11 17 24 12 13 22 39 8 40 14 17 37 12 10 37 27 37 0 41 18 5 30 35 11 40 11 36 43 23 21 18 26 48 31 31 45 12 7 41 3 18 6 48 13 29 39 40 30 41 8 6 5 20 1 13 6 36 21 39 14 9 
27 28 25 36 4 46 27 30 2 29 1 33 1 22 42 1 11 29 20 20 6 42 32 45 21 27 22 25 32 38 3 48 26 24 5 22 2 21 0 8 25 20 40 42 46 30 44 17 14 31 17 16 7 25 17 22 32 40 31 25 44 21 44 22 2 21 33 25 11 18 44 44 31 29 4 47 11 37 31 16 8 
35 7 19 27 28 48 44 35 43 13 31 4 48 30 17 35 11 16 10 14 43 26 28 3 28 19 46 22 25 44 19 4 31 12 41 43 11 48 15 0 24 42 18 23 31 19 7 12 15 47 27 22 16 17 9 41 49 30 22 31 3 11 18 41 31 9 16 11 16 18 40 25 46 10 11 15 29 17 37 45 38 
38 19 3 19 21 20 5 42 14 1 30 15 12 13 7 39 13 40 36 20 13 9 23 25 43 3 26 20 4 37 5 24 30 22 8 28 47 1 19 38 0 9 34 2 41 12 28 19 26 34 32 21 35 31 33 29 42 25 46 46 37 18 17 45 44 11 31 37 12 30 31 13 26 49 41 32 4 2 48 16 14 
42 3 1 42 25 42 45 49 1 45 22 26 11 18 43 4 15 28 3 1 7 31 36 30 42 35 31 8 40 20 29 34 1 43 47 33 5 45 31 1 10 0 41 25 1 36 8 40 4 31 36 6 18 33 39 8 39 25 35 38 14 47 28 32 9 3 45 32 45 6 47 18 33 2 10 18 32 16 38 28 26 
24 30 36 5 45 11 2 31 12 4 37 40 26 36 3 41 7 14 33 47 24 39 29 25 42 20 39 29 2 43 44 28 13 26 45 29 35 21 37 31 17 20 0 38 12 12 43 9 31 1 31 5 25 17 30 26 40 14 49 21 29 22 16 10 31 27 26 26 27 41 7 25 16 4 35 39 38 19 14 34 41 
26 29 42 43 27 49 12 24 39 46 23 17 29 30 10 45 32 40 38 38 49 44 40 3 30 15 10 38 35 12 7 35 28 12 18 13 39 25 31 30 2 48 15 0 42 5 14 37 36 29 44 17 30 41 25 29 48 8 42 23 3 48 49 44 22 49 20 48 48 25 44 12 33 19 3 16 18 16 7 33 9 
6 26 5 48 13 1 42 12 23 17 7 35 29 17 22 31 44 34 7 41 43 19 42 6 36 13 40 45 21 3 45 8 12 25 8 3 17 45 38 38 28 8 30 31 0 27 28 48 7 1 7 18 2 27 27 47 31 39 17 30 18 26 41 43 20 22 22 32 36 11 18 4 9 10 3 19 30 15 14 19 48 
11 28 33 19 25 36 34 35 43 43 14 8 31 30 20 7 30 27 2 24 3 31 13 26 34 8 48 40 6 47 29 9 13 30 5 36 22 6 35 23 40 39 49 36 28 0 29 42 25 31 29 33 11 33 13 21 19 35 39 5 26 3 15 34 24 44 2 45 31 48 24 6 37 5 34 21 38 27 46 33 20 
42 46 19 8 37 28 24 13 3 12 40 5 2 48 11 4 6 13 3 44 26 36 20 46 12 24 21 4 13 39 31 9 43 38 16 8 44 4 46 45 21 26 23 14 24 9 0 48 48 27 22 10 15 24 22 29 25 17 18 9 17 14 15 39 33 3 4 26 35 38 8 13 37 18 26 33 24 23 18 47 12 
14 44 38 16 18 38 47 49 27 19 29 46 43 47 6 35 21 38 21 48 18 43 12 3 8 31 19 10 30 13 15 17 11 36 30 6 42 10 32 33 7 43 14 45 16 44 23 0 19 11 7 3 13 27 45 15 40 12 31 25 46 46 39 1 13 47 2 3 30 13 35 45 39 40 5 10 10 36 30 22 29 
26 13 3 1 49 25 12 35 1 30 5 9 30 25 17 32 49 17 6 40 26 9 46 29 44 17 41 23 36 12 26 6 26 18 18 38 40 26 42 14 1 35 14 49 6 7 12 12 0 40 21 8 48 4 27 28 14 23 43 18 25 25 7 14 34 36 38 39 7 28 9 5 13 45 31 3 45 45 27 2 10 
39 8 23 24 16 14 6 15 40 29 12 20 28 23 19 14 34 45 16 36 49 7 44 14 2 31 43 16 40 47 14 35 35 31 46 4 8 17 39 22 30 47 13 10 46 4 48 25 49 0 3 25 37 29 32 36 30 14 5 39 7 9 36 19 41 44 45 48 1 1 34 35 1 34 46 36 47 30 43 6 44 
38 17 30 5 20 47 3 24 43 49 21 24 16 26 23 49 9 38 42 17 7 21 35 39 38 29 9 48 25 10 43 7 33 37 9 18 28 14 37 24 17 14 46 33 22 41 19 42 38 10 0 49 40 11 42 24 33 16 35 16 41 22 16 45 23 10 35 3 2 49 21 43 10 38 13 29 23 22 49 44 22 
25 24 21 14 39 10 4 45 15 48 33 44 31 27 5 39 9 43 39 40 28 43 12 31 6 2 13 46 38 26 22 3 29 34 44 13 40 7 18 47 32 22 43 49 26 29 38 38 12 2 16 0 28 41 30 20 14 1 22 48 20 16 18 24 12 24 8 11 32 8 46 24 15 9 16 5 35 33 31 39 7 
12 23 4 46 26 12 20 34 21 21 15 24 3 33 34 17 41 2 6 30 40 17 44 16 37 49 49 23 20 16 30 44 7 9 27 43 29 31 27 40 16 7 15 2 35 1 13 16 15 10 4 35 0 16 14 48 43 36 16 17 26 9 12 36 47 48 9 31 24 4 28 45 6 10 21 43 23 14 46 37 23 
49 31 48 44 16 12 5 44 17 7 30 28 27 31 22 24 14 24 33 42 5 39 7 26 21 41 21 42 33 42 40 44 16 28 13 41 22 9 2 39 36 6 34 2 27 9 9 5 28 48 40 7 31 0 5 29 9 34 15 9 30 43 24 29 49 19 47 17 3 15 34 3 28 15 31 34 44 28 48 20 16 
27 40 12 45 25 32 20 23 19 12 45 6 35 20 31 44 23 22 44 35 14 49 36 35 13 26 22 28 21 4 24 23 22 7 43 43 9 30 33 14 2 40 34 36 28 34 17 6 8 38 21 6 19 6 0 26 18 24 19 14 19 33 11 38 17 2 2 9 41 4 36 32 45 24 5 3 18 13 20 27 49 
46 1 29 40 45 24 23 18 39 17 9 7 18 16 23 36 33 47 1 9 7 37 12 10 24 6 13 1 31 34 13 6 44 38 30 7 44 35 6 26 20 42 11 41 7 47 21 46 26 4 5 5 25 13 41 0 15 14 33 10 27 42 12 37 27 13 40 23 15 25 4 20 23 6 42 3 39 41 12 35 8 
38 20 3 3 13 19 16 27 15 42 7 18 18 39 14 39 8 45 26 29 14 22 4 15 30 17 35 36 12 6 36 44 26 13 8 37 10 41 7 17 44 32 27 5 41 7 34 7 15 8 44 9 9 28 47 30 0 48 30 22 11 42 43 1 34 11 13 36 47 41 10 39 24 46 5 9 43 1 23 3 40 
18 39 8 35 47 16 34 48 3 11 23 1 7 32 25 26 30 32 13 5 2 15 35 4 25 33 35 11 14 6 18 43 23 4 42 26 15 9 7 9 38 27 41 2 1 9 15 20 15 32 2 42 27 16 27 17 49 0 6 12 1 12 18 15 23 31 25 27 16 25 21 6 30 11 15 41 3 48 4 19 18 
44 31 32 16 17 6 44 44 20 7 2 1 25 12 34 8 11 17 6 32 44 34 37 1 12 18 6 39 1 18 32 8 30 3 27 20 42 30 6 41 22 17 27 21 13 43 14 7 20 13 39 5 2 25 48 13 38 5 0 41 18 31 24 30 44 25 41 47 12 22 21 8 35 43 37 42 24 42 28 2 20 
1 38 23 38 4 48 35 15 21 36 21 7 15 48 27 16 9 3 45 42 7 11 28 45 38 36 11 3 3 27 32 6 29 43 35 39 24 26 35 36 35 23 26 24 16 48 9 8 46 48 32 19 46 11 43 35 10 8 5 0 47 19 36 25 19 33 1 35 46 12 47 18 1 41 28 47 30 49 11 1 31 
1 45 25 30 17 13 26 35 35 34 44 39 34 29 39 13 2 14 5 18 6 1 47 2 15 43 46 13 3 42 45 12 47 11 10 30 2 25 8 47 49 20 46 36 8 2 46 24 39 9 44 22 6 18 23 30 48 38 5 6 0 12 27 47 38 6 10 42 34 24 24 19 1 47 42 23 12 31 28 22 24 
44 8 44 22 48 5 41 18 11 36 28 15 26 45 42 28 38 15 41 45 26 44 32 47 1 48 17 12 48 1 41 21 45 43 5 19 47 4 45 7 23 13 24 46 35 42 46 10 47 37 14 45 28 14 44 42 11 7 3 37 28 0 15 48 30 8 6 2 2 45 36 41 1 1 49 20 21 30 14 4 38 
15 40 44 21 21 37 5 44 5 49 44 24 38 24 43 49 17 45 40 40 31 33 14 18 26 24 15 22 17 21 13 37 46 18 26 39 6 3 36 34 38 23 16 15 23 5 43 47 45 11 1 13 2 39 18 20 49 49 26 38 3 32 0 36 19 16 31 19 7 49 23 23 48 17 16 19 40 7 42 20 14 
46 15 14 19 26 12 5 34 48 10 34 22 33 7 5 11 40 25 4 7 6 12 47 27 28 29 46 28 23 16 43 4 1 39 46 38 24 10 3 13 19 30 26 17 15 19 31 34 6 32 13 45 34 45 14 26 22 45 16 46 29 16 21 0 42 16 25 47 33 26 34 14 8 45 31 44 5 42 17 41 11 
27 11 23 20 33 15 28 23 4 33 28 39 16 11 2 22 13 28 36 39 15 25 33 3 23 33 9 30 47 2 34 38 32 13 42 41 8 43 9 13 8 4 47 5 36 1 32 36 45 41 31 14 15 7 17 20 31 43 37 37 7 40 31 28 0 25 24 46 6 20 45 8 33 32 37 34 15 49 31 13 49 
38 7 40 44 11 43 16 12 23 16 21 31 49 31 39 28 35 21 17 41 20 14 48 48 43 36 30 8 5 18 44 12 40 28 45 27 30 48 7 14 19 41 38 22 49 22 7 12 39 45 38 9 11 32 15 1 37 46 39 28 7 15 13 46 31 0 3 27 44 1 43 28 28 42 38 43 9 9 6 26 22 
8 48 34 42 47 6 32 10 12 49 23 4 12 3 39 33 20 11 16 36 34 18 18 11 16 15 41 20 14 28 25 24 44 24 23 36 43 34 42 49 41 14 42 37 31 43 42 7 14 29 49 7 26 39 45 13 17 45 12 7 38 3 26 11 7 15 0 19 30 13 13 17 32 11 25 26 12 19 23 34 28 
6 29 41 17 22 38 37 22 32 38 11 40 4 35 10 34 21 30 43 24 32 35 11 31 32 45 7 32 13 23 3 41 21 43 29 22 3 19 32 27 45 19 30 33 31 25 47 19 7 4 2 12 3 10 23 18 32 15 22 13 29 24 17 25 32 7 34 0 34 47 4 7 38 28 43 42 27 24 41 41 33 
21 15 43 37 33 35 20 33 44 43 39 32 31 30 14 8 17 23 21 17 24 38 42 3 29 39 48 5 21 46 2 25 43 44 40 14 49 4 2 41 42 23 10 46 47 38 12 46 36 48 12 41 20 35 16 34 23 18 34 36 19 24 42 29 43 46 25 47 0 1 10 33 1 12 18 26 35 10 10 4 47 
4 5 4 23 4 23 12 8 49 15 43 43 1 12 44 46 15 33 17 37 42 19 25 14 33 23 7 45 1 32 6 5 11 26 47 4 38 40 2 49 24 49 30 24 14 3 32 45 36 30 11 45 2 24 38 17 26 1 28 47 43 4 12 4 27 34 14 31 39 0 26 13 41 26 47 6 49 29 42 15 34 
13 41 34 11 29 44 6 31 8 35 9 16 31 36 32 15 18 6 22 34 17 4 29 32 3 47 20 10 8 21 19 6 49 11 15 4 2 12 4 46 8 1 47 18 41 33 1 40 14 13 16 2 27 35 10 33 8 37 36 19 40 27 48 30 47 46 25 27 32 43 0 46 27 9 14 26 42 18 6 31 20 
46 5 23 13 36 16 25 21 9 30 35 37 18 28 48 1 5 9 8 25 19 48 38 13 28 28 36 42 45 20 23 14 42 21 17 5 38 43 45 10 10 41 22 12 38 37 34 47 42 24 37 29 13 12 30 15 38 38 13 32 3 12 9 42 1 26 38 41 3 39 26 0 46 8 2 12 4 46 17 39 24 
15 24 48 43 25 34 22 35 44 34 8 15 6 14 39 25 27 26 16 27 30 27 5 28 35 34 34 30 39 36 29 27 20 31 16 31 39 6 22 39 16 14 30 21 20 47 37 5 21 37 39 48 1 41 24 28 11 4 3 39 32 21 15 2 3 11 16 19 24 10 1 1 0 45 5 25 41 26 5 4 34 
40 7 26 16 11 24 4 6 31 29 48 46 7 1 29 8 36 28 32 30 24 28 19 49 37 8 30 34 14 30 17 24 31 23 28 32 10 34 37 30 22 20 22 7 41 49 45 23 25 3 40 40 47 12 31 2 13 36 15 43 16 5 38 22 35 20 45 35 40 36 7 29 13 0 29 5 45 3 37 14 24 
4 32 48 40 24 18 48 5 5 1 35 42 5 46 47 34 25 23 42 19 35 15 11 26 40 14 7 23 19 29 13 4 15 39 31 42 34 33 16 48 31 34 3 27 15 30 43 49 5 46 33 25 30 31 17 17 48 43 32 34 39 33 31 16 18 12 6 4 23 4 30 19 8 37 0 39 30 38 3 22 44 
26 34 49 36 11 1 5 17 10 10 23 31 23 15 32 48 38 4 40 48 9 44 9 5 33 33 36 8 17 1 35 22 42 39 48 15 6 47 39 13 2 41 25 42 31 8 42 11 17 46 32 42 46 32 19 5 20 30 49 38 21 5 10 15 16 28 49 44 37 42 1 43 23 20 45 0 26 11 5 48 23 
5 45 9 35 43 40 42 1 5 23 28 11 24 19 43 35 4 24 36 29 29 29 37 25 37 35 25 46 2 26 23 24 8 10 47 19 42 34 48 24 35 6 4 18 36 6 43 36 35 5 8 35 22 20 40 25 22 35 8 49 47 25 44 40 31 7 21 34 37 36 24 49 27 23 30 33 0 31 49 35 38 
30 35 49 27 36 11 2 45 37 37 45 26 31 30 35 2 11 10 26 11 11 24 36 26 38 18 34 2 44 20 1 30 38 41 23 46 7 8 37 34 41 3 43 39 12 22 8 28 15 43 15 25 32 28 41 22 12 12 17 41 14 24 46 34 26 12 44 10 41 39 7 25 13 30 11 46 29 0 1 14 11 
27 7 10 30 15 28 40 31 35 36 12 4 28 23 12 22 16 49 42 28 47 26 17 18 23 22 16 39 17 6 31 38 43 48 34 3 22 25 19 32 37 5 45 7 11 28 21 45 28 35 27 12 39 38 5 41 21 14 40 21 21 9 4 44 7 3 17 32 29 48 18 40 48 45 25 25 27 16 0 10 31 
11 8 48 3 27 12 6 29 34 49 3 38 29 3 42 17 16 24 49 27 37 47 44 3 42 18 6 27 10 40 2 6 22 39 33 1 2 30 46 47 31 41 25 10 41 15 15 18 42 1 41 27 48 22 21 21 5 9 6 27 45 1 10 19 6 30 21 29 5 30 18 22 35 19 1 25 36 2 22 0 34 
17 43 10 41 21 41 1 23 14 2 26 9 11 44 43 39 12 44 18 5 30 49 42 31 23 9 13 3 30 15 34 3 45 11 7 4 46 30 17 1 43 6 36 31 17 39 26 26 11 17 38 30 42 18 30 41 13 13 10 9 5 45 47 25 30 17 5 47 37 49 42 27 38 13 26 14 12 21 44 11 0 
