n: 80
m: 2
Pi:U[1-99] 1 10 95 13 93 79 19 15 56 21 87 99 11 42 92 29 91 30 6 80 22 53 39 83 48 59 91 93 85 51 44 41 6 7 68 41 89 32 2 26 10 35 36 79 24 5 83 91 86 81 95 88 40 89 49 4 62 26 33 78 47 71 82 53 87 75 18 73 34 27 70 74 17 44 24 3 77 86 42 20 
Si:U[50-99]
0 56 40 54 66 45 59 58 36 54 99 99 99 88 99 91 99 82 99 99 75 94 99 99 99 99 82 99 99 99 99 94 99 99 99 99 99 99 99 99 99 99 99 91 99 99 99 99 99 91 99 99 78 99 99 96 99 94 99 99 99 99 99 99 79 99 87 96 99 96 99 82 96 99 99 99 99 99 99 99 99 
66 0 44 45 61 36 64 62 48 57 99 93 99 99 76 99 99 99 81 75 99 99 99 99 99 99 99 99 99 99 99 99 99 99 99 99 99 99 84 99 99 99 99 99 99 99 99 99 99 99 99 91 99 99 99 99 99 99 99 96 97 75 99 99 99 99 91 99 99 84 99 99 99 99 99 99 99 99 99 99 91 
50 64 0 51 46 40 64 45 52 48 99 99 99 75 99 99 99 99 99 99 99 99 99 90 78 84 85 99 99 99 99 99 99 99 99 99 93 99 99 97 84 99 85 99 99 75 97 91 99 99 99 99 99 99 99 99 97 99 99 99 87 94 99 87 99 99 99 99 79 99 90 90 99 99 88 99 99 87 99 76 99 
61 64 48 0 34 40 62 46 54 56 99 96 88 93 99 99 99 99 99 99 88 99 99 99 97 97 99 93 97 99 99 90 99 96 99 99 99 99 85 99 99 84 99 99 99 88 96 94 99 94 99 99 99 99 99 99 99 99 99 81 99 88 93 99 99 99 99 99 81 99 76 84 79 81 99 99 99 81 99 99 99 
38 42 41 48 0 62 63 50 64 43 99 97 96 99 99 90 99 99 99 79 85 99 99 88 99 99 87 99 99 97 99 99 97 96 99 99 99 99 99 96 96 97 99 99 99 99 78 78 87 99 99 94 99 90 99 99 93 99 99 99 90 97 99 99 99 79 99 99 81 99 99 99 94 93 84 75 99 85 99 82 97 
59 52 41 61 42 0 42 34 59 52 99 99 96 99 99 82 94 99 99 99 99 88 96 99 99 99 99 99 99 99 99 99 99 99 99 99 75 99 99 99 99 99 99 99 99 99 99 99 99 93 99 99 99 99 99 99 88 99 94 93 99 99 93 90 99 87 97 99 97 99 99 99 90 99 99 99 84 87 99 81 99 
47 40 58 46 60 34 0 34 56 61 99 99 99 99 75 78 99 99 99 99 85 93 99 99 99 99 99 99 99 97 85 90 97 99 79 96 99 99 88 96 99 99 99 99 85 99 99 91 99 99 85 79 99 99 99 79 99 99 79 91 99 99 99 76 99 75 97 99 99 99 99 99 87 99 99 82 99 99 81 99 99 
53 38 49 58 61 47 53 0 53 64 99 87 99 99 99 82 88 99 79 91 99 93 99 87 99 78 99 99 99 90 94 99 99 99 82 78 99 82 99 99 87 99 99 99 99 81 99 90 93 90 99 99 99 99 75 99 94 99 99 99 99 99 99 99 99 99 99 99 99 99 99 99 91 99 99 99 82 99 99 99 94 
63 51 62 49 47 56 64 52 0 63 93 99 99 79 75 99 99 99 99 76 88 99 97 99 99 99 99 99 99 99 99 99 99 99 99 99 96 99 79 99 78 99 90 84 96 99 99 99 99 99 99 99 99 99 78 99 99 99 75 99 99 76 99 99 99 99 99 99 99 91 84 94 85 99 99 97 99 81 99 99 76 
36 48 59 60 38 56 50 40 58 0 75 99 99 99 99 99 93 99 99 99 99 81 87 99 99 99 97 99 99 99 96 93 99 99 76 99 99 99 99 99 99 99 93 99 99 99 81 99 99 99 99 99 84 99 78 99 99 99 99 99 81 84 99 99 99 93 99 97 81 99 97 99 99 99 84 84 82 99 99 94 81 
99 99 99 99 88 97 99 75 99 99 0 36 59 58 60 51 34 60 34 64 99 99 90 91 99 99 99 99 99 78 99 99 99 88 99 99 99 82 84 97 99 94 99 99 99 99 99 85 88 76 99 99 99 78 99 90 99 99 99 99 99 82 99 88 99 99 94 90 87 99 75 96 99 99 97 99 99 96 82 99 99 
99 99 99 99 99 99 97 99 84 99 56 0 38 63 62 48 64 40 49 64 79 99 99 99 75 99 75 85 99 99 99 99 99 90 99 75 97 94 99 99 88 79 99 99 88 94 87 99 99 99 99 96 99 99 82 99 75 99 99 84 99 99 99 94 99 99 99 99 88 99 87 91 88 82 85 99 96 99 84 99 85 
99 99 99 81 93 85 99 97 81 76 64 52 0 57 39 60 48 48 54 35 99 99 99 84 99 90 94 94 99 99 78 99 99 99 99 75 99 99 99 99 99 99 99 99 99 99 99 99 84 99 99 99 99 90 99 99 99 99 99 99 99 99 94 97 91 99 99 99 79 99 97 97 99 99 99 99 88 99 90 99 99 
78 75 99 99 99 90 79 99 90 99 40 35 55 0 40 50 33 56 53 59 99 94 99 82 99 99 75 99 99 91 99 99 99 99 99 99 82 99 99 99 99 87 99 96 99 99 99 99 99 78 99 93 99 99 99 99 81 99 99 99 99 99 78 99 90 99 99 76 97 90 99 99 82 78 99 99 79 94 82 93 85 
78 99 99 99 99 99 79 99 78 81 64 58 51 44 0 64 39 42 42 56 96 99 79 99 99 99 99 87 82 97 99 99 78 87 99 99 99 94 99 99 99 99 99 99 99 99 99 99 96 99 99 99 99 99 90 99 99 99 99 99 99 99 76 78 99 99 99 99 99 99 93 88 99 99 84 82 99 93 78 99 99 
99 82 99 99 99 93 99 99 99 97 34 36 46 49 66 0 42 34 48 62 99 99 99 82 99 99 81 99 99 99 99 99 99 99 94 99 81 75 99 99 99 99 99 99 78 99 99 99 99 99 99 87 99 99 99 78 99 78 94 99 99 99 99 85 99 81 99 76 99 99 94 99 81 91 99 99 99 99 99 91 99 
90 88 99 78 99 99 96 99 99 85 36 55 35 33 33 37 0 58 35 34 99 99 99 99 96 99 99 96 99 99 99 99 88 79 93 99 88 94 85 99 99 99 99 99 76 88 99 99 99 99 99 75 99 93 99 99 99 99 87 94 99 99 99 99 99 91 99 90 99 81 99 99 99 99 99 99 76 87 99 99 99 
93 99 99 88 99 99 99 99 99 99 33 54 62 40 64 50 48 0 37 41 99 99 99 99 76 99 99 99 99 79 99 99 94 99 99 99 99 99 99 81 84 99 85 87 99 99 99 75 99 99 88 99 99 99 99 99 99 99 99 99 99 99 99 99 99 99 75 96 99 94 99 91 99 99 99 85 99 76 99 75 99 
99 99 90 81 90 99 99 93 99 99 58 42 42 54 58 64 64 51 0 44 99 99 81 81 84 99 99 99 97 99 88 99 99 99 78 99 99 76 99 99 75 76 76 90 99 85 85 99 99 82 76 99 88 99 90 99 82 99 99 99 99 99 99 88 90 99 99 99 99 76 99 76 91 99 87 84 93 81 88 99 99 
76 99 99 99 99 99 99 99 94 91 50 35 36 49 58 44 43 49 42 0 97 76 99 99 99 99 76 99 99 99 99 94 99 99 94 99 99 91 99 99 99 99 99 99 99 99 99 94 99 99 84 99 99 76 99 94 75 99 99 99 99 79 99 99 99 79 78 88 79 99 79 99 99 90 99 99 99 79 91 99 99 
99 99 99 99 99 99 99 75 93 88 99 90 99 99 99 99 93 99 99 90 0 35 40 48 34 61 45 41 53 56 93 99 99 99 85 75 99 99 99 99 82 99 87 99 93 99 99 82 79 99 99 97 99 93 88 99 99 99 90 79 90 84 99 99 99 99 99 99 96 99 99 99 75 99 99 99 81 99 99 99 93 
99 99 99 99 99 99 79 99 99 84 84 99 79 90 99 99 94 99 82 85 53 0 52 53 53 58 63 40 42 58 99 99 87 99 99 99 75 91 99 99 85 99 91 99 99 75 99 99 99 99 84 99 99 99 99 76 99 99 99 99 99 99 99 99 99 99 99 99 90 97 79 99 93 78 99 99 99 99 99 99 99 
99 81 99 99 79 99 99 99 99 99 79 81 87 87 93 99 99 99 99 84 56 52 0 64 46 60 51 57 52 41 78 99 99 99 99 99 94 99 85 99 99 99 75 99 88 99 99 94 99 99 99 99 99 78 99 97 99 99 99 82 99 85 99 93 99 99 99 99 99 85 99 99 99 99 99 99 99 99 99 76 99 
78 79 79 76 99 99 99 79 99 99 99 99 99 78 99 99 99 99 99 96 50 38 34 0 47 49 41 54 58 39 99 99 99 94 99 78 99 99 87 99 99 99 91 90 99 90 99 99 99 99 82 99 82 75 99 99 99 99 99 99 99 94 99 99 85 91 96 97 99 99 81 97 99 84 97 78 79 99 99 99 88 
87 99 99 91 99 85 99 99 99 99 99 93 99 85 97 82 99 99 99 99 66 38 33 42 0 65 34 57 54 39 91 99 99 99 81 99 99 99 99 99 97 78 78 99 99 99 90 82 99 93 81 99 75 99 99 99 99 99 99 99 75 99 99 99 99 99 99 99 99 99 99 99 99 99 99 87 99 99 99 79 99 
99 99 99 99 99 79 99 78 99 99 93 99 99 99 76 99 78 99 99 99 52 62 43 58 54 0 63 51 59 56 90 81 99 99 88 91 99 99 82 99 99 78 90 99 99 99 99 99 96 96 99 99 99 99 99 99 97 84 99 75 99 99 99 87 99 99 99 99 88 99 99 99 84 93 99 96 99 99 99 90 99 
99 85 99 99 99 90 99 99 99 99 99 99 99 93 99 76 87 99 99 99 45 56 62 54 58 34 0 57 47 51 96 78 81 99 82 79 99 99 99 99 87 99 99 91 99 99 99 99 99 99 99 99 99 85 93 99 79 99 96 99 99 82 81 99 99 99 99 99 99 99 76 99 99 99 99 99 99 99 99 99 99 
99 99 99 99 99 99 99 99 99 99 99 76 82 91 79 99 76 99 99 99 45 40 63 42 43 49 48 0 33 62 99 99 82 99 88 99 99 99 99 99 88 88 82 99 99 99 78 99 99 99 99 91 99 99 99 99 99 99 99 85 99 99 91 99 94 85 87 99 88 99 99 96 99 99 99 94 99 99 99 75 99 
87 99 99 99 81 99 99 97 99 99 99 96 99 99 84 99 79 75 99 93 49 66 52 59 66 45 43 60 0 50 85 99 87 76 99 99 99 93 99 99 99 99 99 99 78 99 85 99 82 99 84 99 99 90 99 87 99 99 99 99 76 99 99 99 99 99 96 99 99 99 99 99 79 99 94 91 99 99 85 99 99 
99 99 82 85 99 99 99 99 99 99 91 99 87 99 99 99 99 96 99 99 34 64 56 38 42 54 48 64 38 0 94 99 99 75 99 79 99 99 76 99 99 87 99 84 84 85 88 99 75 94 99 99 99 93 99 99 99 91 99 99 99 99 87 99 99 99 79 99 81 82 99 99 79 99 97 99 99 94 99 87 99 
99 99 99 79 99 99 81 99 99 99 81 99 84 99 99 99 99 99 99 93 78 99 82 99 99 99 99 99 99 99 0 37 34 44 40 52 58 34 40 57 99 99 99 97 91 90 94 99 99 96 99 99 99 99 99 78 99 99 99 81 99 99 99 99 99 85 99 99 99 85 99 99 99 96 84 99 99 99 99 99 76 
99 99 99 99 87 99 94 99 99 84 99 99 99 99 78 99 99 78 99 99 76 99 99 99 81 99 99 99 99 99 50 0 36 42 64 35 55 38 62 64 99 99 99 99 99 99 99 99 99 99 94 99 99 99 99 99 99 99 84 99 99 99 99 99 84 99 99 99 99 99 99 99 76 99 96 99 99 99 91 99 99 
99 99 91 99 76 76 99 99 99 82 99 87 99 99 96 94 99 99 91 99 97 99 99 99 99 99 99 99 99 99 54 45 0 52 59 59 42 66 41 64 99 99 99 78 99 97 97 75 79 91 99 99 97 81 99 99 99 99 99 99 99 85 93 94 99 99 99 99 91 99 99 99 99 87 99 99 99 99 93 99 99 
78 99 79 99 96 99 90 99 88 99 87 99 99 99 81 99 99 99 99 99 99 75 99 99 94 99 78 99 99 99 36 46 61 0 36 55 64 56 55 60 99 76 79 99 79 99 99 88 99 99 88 99 84 99 76 79 99 79 99 99 99 96 99 84 99 99 99 85 99 97 78 99 99 99 99 99 99 99 81 99 79 
99 79 99 99 99 99 99 99 99 91 78 99 85 99 99 94 99 99 99 99 99 99 87 84 99 99 99 99 99 99 63 62 58 54 0 56 56 60 54 54 99 99 99 99 99 99 79 99 75 81 99 88 99 99 84 99 99 99 99 99 85 99 99 99 99 79 88 99 91 99 90 99 81 99 75 99 99 91 82 99 99 
99 99 99 81 99 99 99 78 99 99 99 99 99 99 99 99 99 96 99 99 99 97 81 99 94 79 99 79 99 87 51 52 36 53 39 0 38 65 38 46 99 88 99 99 99 96 99 99 91 99 99 99 99 99 78 82 99 82 99 99 84 99 99 88 85 99 99 99 99 99 82 99 99 99 99 99 99 99 99 99 99 
79 94 79 88 99 93 99 99 99 81 90 94 99 99 99 99 75 99 99 99 81 99 99 99 99 99 99 99 99 99 44 55 36 58 61 41 0 58 60 35 99 99 99 99 99 99 82 99 99 99 99 99 99 93 99 99 81 99 84 99 99 81 85 91 78 99 99 99 99 99 99 99 99 99 99 99 99 99 99 99 90 
99 99 99 99 99 99 99 99 99 99 75 99 99 85 87 96 96 99 99 99 99 99 99 99 79 99 99 94 99 99 42 40 58 55 44 37 44 0 59 60 99 99 99 97 99 99 99 99 99 99 99 99 96 82 99 99 99 90 99 99 99 99 91 99 79 99 78 99 88 99 99 99 99 99 99 82 99 99 99 81 94 
99 81 99 79 82 99 88 99 99 99 93 99 94 99 99 88 99 76 99 99 99 99 99 99 84 99 99 81 99 99 60 65 42 34 54 57 60 52 0 50 76 99 99 78 99 85 99 99 99 78 99 88 99 75 82 99 87 99 99 99 78 76 99 81 99 99 99 99 99 99 99 78 81 94 99 99 99 99 87 91 99 
91 99 99 99 99 99 99 82 99 99 75 81 82 99 99 76 99 84 99 99 99 99 99 99 99 99 99 99 99 91 59 66 33 38 52 40 38 42 47 0 99 99 99 99 82 99 99 99 99 99 99 99 79 91 88 99 75 99 84 87 97 99 99 99 99 94 94 99 76 99 99 99 99 99 78 99 82 99 99 87 99 
99 99 81 99 99 99 99 99 99 99 99 81 91 99 99 85 99 78 99 94 99 99 99 99 99 99 99 93 99 99 99 99 82 99 99 99 99 99 85 85 0 55 41 34 46 62 60 44 34 52 82 99 99 99 97 99 99 85 99 97 99 99 96 91 85 90 99 99 99 99 99 96 99 90 99 99 99 99 99 99 99 
99 99 91 76 81 99 97 97 99 99 99 99 99 99 97 99 99 76 87 99 99 99 99 99 99 87 99 84 99 96 99 76 99 99 99 99 99 76 76 91 63 0 40 53 51 36 35 61 36 56 99 99 76 99 99 90 99 75 75 90 93 99 84 99 91 99 84 99 75 99 99 85 78 99 91 99 99 99 82 99 90 
81 99 99 99 99 99 99 99 99 99 99 99 99 99 99 94 91 99 85 99 99 99 99 99 99 78 99 99 99 99 99 97 99 99 94 99 88 82 99 85 46 57 0 53 60 49 46 44 45 52 99 99 87 97 99 82 93 99 99 91 84 99 81 99 99 99 99 99 85 99 94 78 99 99 90 99 84 99 99 99 99 
99 99 85 99 99 99 88 99 76 99 99 99 99 99 99 78 99 99 99 99 99 99 93 85 99 99 99 79 99 96 94 99 96 85 99 99 99 99 99 96 44 59 49 0 58 42 44 40 46 54 99 99 99 78 97 79 99 99 99 93 94 81 99 99 94 85 99 99 99 99 99 76 99 99 99 99 99 99 94 99 99 
93 96 99 99 90 99 99 99 99 96 99 99 99 84 85 99 99 99 99 99 99 99 99 99 90 99 99 99 99 99 99 96 99 96 99 85 99 90 88 99 46 42 36 40 0 61 48 51 65 58 99 99 99 99 99 99 99 96 99 99 99 93 99 99 99 99 99 99 99 99 97 99 99 99 99 99 82 99 99 99 99 
99 82 99 99 90 76 99 75 94 81 90 99 81 78 99 99 99 81 91 87 84 99 99 93 99 99 99 88 99 90 99 99 76 99 96 85 99 99 99 94 55 38 49 45 60 0 38 49 42 43 99 76 99 99 99 99 99 99 93 99 99 99 99 99 99 81 99 99 99 99 99 87 75 99 99 99 99 82 99 99 99 
88 99 99 99 91 75 79 81 91 99 99 90 79 82 81 91 90 76 97 99 99 99 84 76 93 90 81 99 99 90 78 76 99 99 99 99 99 84 99 85 47 40 59 38 62 59 0 40 48 49 79 85 99 99 99 99 99 99 88 99 99 91 99 99 99 85 99 99 99 99 84 93 99 93 99 99 99 85 99 99 99 
99 99 94 99 97 99 99 76 99 99 97 79 99 99 94 99 99 99 76 99 99 81 96 99 99 99 90 99 99 99 99 99 99 82 99 99 99 99 99 99 40 42 33 48 46 39 41 0 33 54 99 99 99 88 99 99 99 99 84 99 99 99 82 84 91 85 99 99 99 99 99 79 85 99 99 99 99 99 84 99 76 
82 82 85 85 93 99 99 78 81 76 99 99 87 99 99 99 88 85 78 85 99 99 99 96 99 75 99 99 99 99 99 78 99 99 99 99 99 85 99 99 38 56 52 60 36 61 36 52 0 52 90 99 99 99 84 99 99 99 99 99 99 99 99 99 99 99 99 99 99 99 90 99 99 99 99 99 99 99 99 99 99 
99 99 81 99 94 82 82 99 97 99 99 88 99 99 99 99 99 99 99 94 79 99 99 99 99 99 85 99 99 99 97 84 99 99 96 99 94 94 99 99 34 47 56 57 34 40 48 41 51 0 99 99 99 90 99 99 99 99 99 99 99 99 76 81 85 81 97 99 99 87 99 96 99 99 96 99 99 97 99 99 99 
99 99 93 99 99 99 99 88 78 79 99 99 99 91 99 99 99 99 99 99 99 99 99 99 82 96 99 99 99 87 81 99 84 99 99 96 99 99 93 93 84 99 93 99 99 99 99 99 99 99 0 44 61 54 66 37 66 58 36 43 88 75 99 99 99 90 99 99 99 99 99 99 99 87 75 99 99 91 99 81 99 
87 99 99 99 75 99 85 99 99 88 99 99 75 99 99 99 99 97 96 99 99 99 99 99 79 99 99 94 99 99 90 99 84 97 94 99 99 99 99 79 99 99 96 82 99 99 99 81 99 78 60 0 46 61 56 53 57 60 52 40 88 99 88 99 99 99 99 99 99 93 99 99 88 81 99 99 78 99 99 99 99 
99 90 99 76 97 99 94 75 99 99 99 99 99 99 99 99 90 93 99 99 79 99 91 99 99 94 79 99 79 99 99 76 99 99 99 99 75 99 99 99 99 99 99 76 90 99 88 99 99 84 48 62 0 52 52 38 36 51 63 44 99 99 99 79 99 99 94 99 99 99 99 99 99 87 99 93 76 99 99 99 81 
99 99 99 99 99 99 99 99 82 99 99 99 96 90 99 99 84 99 99 88 99 99 85 99 82 99 87 79 99 99 99 99 84 78 99 87 99 90 99 99 99 84 84 99 79 99 99 99 94 99 40 43 44 0 38 42 58 50 62 60 87 99 99 99 81 99 99 99 99 99 99 99 99 99 99 90 99 99 99 78 99 
82 84 99 99 99 88 99 99 99 99 99 90 99 99 99 99 99 99 99 99 99 99 93 91 99 99 99 99 82 99 99 99 99 99 99 99 99 99 99 99 87 99 94 93 81 99 99 79 99 99 50 58 34 66 0 37 34 60 58 50 94 99 99 91 99 99 99 99 96 99 99 99 99 99 88 99 93 99 94 99 99 
99 99 99 99 99 97 99 99 88 99 99 78 94 88 90 99 99 99 99 99 99 99 81 99 99 99 99 96 99 81 99 96 99 99 99 96 99 84 85 85 91 99 99 99 99 99 99 99 81 96 66 48 45 65 65 0 48 47 59 46 99 99 99 99 99 99 99 99 99 99 90 99 96 87 99 94 99 99 85 99 99 
99 99 99 99 99 99 99 99 99 99 99 99 99 93 97 79 99 94 99 99 97 81 99 79 99 99 99 99 99 99 99 99 99 99 81 99 99 99 99 99 79 99 99 99 87 99 99 99 99 99 36 36 45 46 44 60 0 38 38 61 99 99 99 81 85 99 75 99 99 99 99 90 99 99 99 99 99 85 99 91 99 
93 94 99 99 99 99 87 99 99 99 99 88 81 99 99 93 81 97 99 99 82 99 99 87 99 99 78 99 99 99 99 79 99 99 99 99 99 82 84 99 94 99 90 97 99 99 99 99 99 88 46 56 51 56 63 38 59 0 62 58 99 99 99 93 87 99 99 82 99 84 99 96 90 99 99 99 99 99 97 99 99 
97 90 99 99 99 79 99 99 82 87 88 99 99 99 99 99 99 75 99 99 99 84 88 93 99 91 81 99 99 99 99 99 78 96 99 99 99 99 99 82 99 99 84 99 93 84 99 99 99 99 33 60 59 61 52 55 38 33 0 48 82 99 84 99 99 99 99 99 99 99 78 99 99 99 76 99 79 91 85 99 81 
99 99 96 99 99 99 99 99 99 99 76 75 99 91 82 99 99 99 99 99 97 75 99 99 99 99 99 97 99 99 99 99 99 99 99 99 99 99 99 79 81 99 99 99 99 99 94 99 99 75 41 42 40 64 37 57 44 40 52 0 78 99 99 99 99 76 94 99 81 97 99 99 99 99 99 99 97 94 99 99 99 
79 99 99 87 99 99 99 99 75 75 99 75 99 76 88 97 75 99 99 99 99 81 99 99 99 78 99 99 99 99 99 99 99 76 99 88 99 99 99 85 93 99 99 99 78 99 99 99 99 76 99 99 99 99 79 99 99 99 99 79 0 44 46 56 34 45 62 46 44 66 99 99 99 99 99 99 99 99 99 99 99 
81 99 99 99 99 99 99 94 97 99 76 99 99 99 94 99 82 99 99 99 99 99 99 99 99 99 99 99 88 99 99 94 99 99 99 99 99 99 97 99 99 99 96 99 91 82 96 96 97 96 99 99 93 99 93 99 79 99 99 97 57 0 54 63 60 48 65 43 44 66 99 85 99 94 99 99 99 99 88 99 99 
97 99 99 99 91 75 99 96 99 99 99 99 81 99 99 99 99 87 99 88 99 99 91 99 99 88 96 93 99 75 99 99 82 99 99 99 87 99 79 99 99 99 93 97 87 96 99 99 75 90 99 99 99 99 94 88 79 84 99 99 53 52 0 54 52 58 46 65 42 62 99 84 88 99 81 84 99 79 75 96 99 
99 99 99 99 91 99 96 99 99 99 99 99 81 99 99 99 99 93 99 75 99 99 97 99 76 82 99 99 99 99 99 99 99 75 88 99 99 99 76 99 99 99 81 99 99 81 99 99 99 81 99 99 99 84 81 99 79 99 99 99 52 54 50 0 51 55 39 58 59 66 99 99 90 99 99 99 99 99 78 93 99 
99 93 99 99 99 99 99 99 87 76 94 99 99 99 99 99 97 96 75 96 99 99 97 99 94 99 96 88 99 99 90 75 91 99 99 99 99 99 99 99 99 99 99 99 99 76 99 82 99 97 99 99 99 99 99 99 94 99 84 99 36 55 53 64 0 62 40 54 50 35 99 99 93 90 99 99 85 99 99 87 99 
99 99 99 87 99 81 99 94 99 99 99 88 76 99 99 99 99 99 99 81 91 90 82 79 84 99 87 97 99 75 99 91 82 99 99 99 99 97 99 99 99 99 99 99 94 91 97 99 76 99 93 99 97 99 99 99 99 99 87 99 51 48 57 50 50 0 64 47 57 52 99 99 99 99 78 99 99 76 99 99 78 
94 85 99 99 99 99 84 99 99 99 99 99 99 99 99 99 99 93 99 85 99 99 99 99 87 99 99 99 99 99 99 94 99 99 93 99 99 87 78 82 99 99 99 99 88 99 99 99 94 99 99 85 99 99 99 90 78 81 84 99 43 59 60 58 64 35 0 35 55 54 99 85 99 99 99 99 99 99 99 99 99 
99 99 99 96 76 90 99 99 99 85 97 99 99 78 99 96 99 99 99 99 99 99 84 99 99 97 99 99 90 99 99 85 93 88 99 99 99 82 97 91 96 99 91 99 81 96 99 99 99 79 97 99 96 99 99 99 84 81 78 99 60 39 50 42 48 38 52 0 48 39 99 76 99 99 99 79 99 99 99 99 99 
99 94 99 99 99 99 99 99 99 99 99 87 99 99 99 99 99 99 99 99 85 99 99 90 99 99 75 99 97 99 99 99 99 99 97 99 87 99 93 99 99 99 99 99 99 78 99 99 76 99 99 81 99 99 99 85 87 81 90 99 62 62 40 49 52 58 50 51 0 51 99 99 99 99 99 84 99 99 91 87 99 
99 99 75 99 99 99 99 99 99 99 82 99 99 85 99 99 99 99 99 99 99 99 81 99 79 84 84 79 99 88 78 88 94 99 75 99 94 99 94 99 99 99 96 99 99 96 99 85 99 99 99 99 75 99 87 79 99 99 99 94 54 40 43 48 54 52 50 50 48 0 99 99 99 94 99 84 99 93 99 78 99 
99 99 99 99 99 99 85 99 99 99 75 99 99 94 99 99 99 99 99 99 99 76 99 99 99 99 99 96 78 99 76 87 99 90 82 97 78 99 99 87 99 99 87 99 99 96 88 99 99 99 99 99 99 99 99 99 99 99 99 84 99 99 99 99 99 99 88 99 82 99 0 56 62 66 60 44 55 55 62 62 99 
99 99 99 84 76 93 81 99 94 99 99 99 82 99 84 81 99 78 99 97 99 99 99 99 99 99 99 99 85 99 99 99 99 99 99 99 75 84 99 88 99 99 78 99 99 93 99 79 76 99 97 84 99 99 87 96 93 99 99 99 99 99 99 85 81 99 99 99 99 88 44 0 64 40 50 56 66 54 41 62 82 
99 99 99 96 99 97 99 99 99 99 99 99 99 78 99 90 99 99 85 96 99 99 99 99 99 99 93 99 99 88 79 99 99 99 99 99 99 99 99 99 99 99 94 99 93 75 88 99 99 99 94 99 99 81 81 90 99 99 99 99 99 99 81 99 96 99 99 99 99 99 35 38 0 42 42 42 60 64 42 60 91 
99 97 99 99 99 99 84 81 99 99 99 90 99 99 76 99 88 99 99 99 99 99 99 99 99 99 99 99 99 99 99 94 99 78 99 99 76 99 99 97 99 99 88 99 99 99 79 90 99 99 99 99 99 99 99 99 99 99 79 99 99 99 99 88 75 93 99 99 99 99 65 42 66 0 62 41 42 36 52 40 99 
99 99 99 76 99 75 84 88 99 82 78 94 99 99 99 99 99 99 99 94 99 99 99 99 99 84 99 99 93 99 99 99 88 79 99 99 99 99 99 99 79 90 99 99 78 99 96 99 99 99 76 90 99 99 79 99 99 99 99 99 99 97 99 99 99 99 99 79 84 99 60 37 44 65 0 47 39 50 58 36 82 
99 99 76 99 99 99 99 99 88 99 99 99 99 99 99 99 99 82 94 99 99 99 99 99 99 99 84 81 88 99 99 99 99 99 99 76 99 93 99 88 82 88 99 99 99 82 99 87 99 99 99 87 99 99 99 99 99 94 99 91 88 99 99 76 99 82 99 99 99 99 58 49 46 64 37 0 40 61 40 48 90 
99 99 88 84 99 93 99 99 99 99 99 99 99 99 91 99 99 81 99 99 93 99 99 99 99 90 99 81 99 97 99 85 99 99 87 99 99 99 99 99 99 99 99 99 81 99 88 99 99 82 99 99 99 90 76 99 99 99 99 99 99 76 99 99 99 99 99 99 99 90 51 39 33 33 50 44 0 58 45 60 93 
99 99 90 99 99 99 85 99 82 99 99 99 88 99 99 99 99 99 99 99 99 90 99 76 99 99 99 99 99 99 81 99 99 99 99 97 99 99 94 99 99 99 99 99 88 99 90 99 94 99 99 99 99 99 99 93 99 96 87 99 88 88 93 82 99 99 90 99 99 99 58 40 35 59 48 58 38 0 39 44 99 
99 99 78 99 99 82 75 84 99 99 99 99 90 99 99 99 99 99 99 99 99 90 99 99 82 99 99 99 99 99 99 78 99 76 99 75 99 96 99 99 99 84 99 99 93 90 99 97 87 99 99 99 99 97 99 99 99 94 91 99 99 99 99 75 99 99 99 99 99 99 64 49 65 58 64 42 34 61 0 34 76 
94 99 99 99 99 99 96 99 93 99 99 99 99 99 99 99 99 99 82 99 99 82 99 99 75 99 99 99 99 99 88 91 79 76 99 99 99 99 99 90 99 99 99 82 96 99 99 78 99 99 99 99 79 99 99 87 99 99 99 99 99 90 99 93 99 94 99 97 75 99 54 54 62 48 66 60 38 42 52 0 99 
99 99 99 99 99 99 99 99 99 99 99 99 78 99 99 99 94 99 99 99 99 90 99 99 99 99 99 99 99 99 99 93 99 90 81 99 76 82 99 99 99 99 99 79 99 99 99 99 99 99 99 82 99 93 97 99 99 79 99 99 99 91 99 93 91 99 94 88 79 85 78 88 99 99 99 90 93 99 99 99 0 
