n: 80
m: 2
Pi:U[1-99] 1 90 50 1 40 42 45 91 10 2 57 55 70 14 62 41 68 26 95 63 51 80 90 78 13 45 66 18 16 30 77 21 53 39 68 33 29 17 35 57 42 24 17 79 48 63 67 84 38 85 26 98 49 19 74 2 92 2 6 62 42 40 41 77 6 9 95 38 87 31 53 61 6 88 63 74 23 87 22 7 
Si:U[1-99]
0 63 68 45 76 8 42 27 31 54 47 4 54 61 93 15 72 71 15 84 20 1 52 17 3 31 15 95 22 61 21 78 24 78 64 93 8 64 98 12 44 69 75 69 80 30 24 43 3 54 75 54 22 53 69 52 12 88 2 22 54 12 94 65 60 6 22 94 88 47 10 6 22 35 7 58 98 46 73 55 40 
62 0 77 49 74 74 56 48 61 52 74 6 59 61 75 34 44 84 24 34 8 41 41 97 86 85 24 58 18 40 48 73 68 88 96 72 58 7 56 7 27 80 38 23 73 12 65 17 13 8 19 57 85 66 36 79 5 53 84 63 60 59 62 53 3 6 78 47 74 48 98 26 88 98 21 13 49 46 84 76 39 
5 34 0 86 90 95 45 65 61 93 39 80 23 18 93 12 1 74 16 63 55 27 17 21 2 71 5 32 27 33 44 79 54 42 82 84 72 31 73 67 92 24 94 67 51 22 90 16 95 31 48 37 51 63 11 67 54 4 78 11 79 43 86 52 33 32 51 1 84 79 66 54 23 89 7 83 50 14 22 26 67 
72 51 25 0 67 75 51 93 52 67 80 46 74 97 75 58 71 61 99 3 8 99 56 62 7 6 47 17 33 4 66 43 64 76 79 64 89 69 91 1 15 1 31 70 84 2 28 84 92 76 10 73 15 6 9 18 79 78 22 95 59 24 79 73 38 41 89 95 9 39 96 6 87 84 29 1 42 57 23 37 62 
52 91 38 99 0 42 85 81 25 45 74 90 13 80 85 92 49 87 45 79 70 13 29 75 84 41 60 59 89 59 57 46 9 65 92 28 30 82 83 49 50 81 21 48 91 36 50 38 67 70 38 74 49 59 42 99 19 65 99 63 89 63 76 83 29 81 78 82 23 66 33 20 56 56 68 29 39 50 8 47 93 
82 80 26 55 13 0 47 25 67 26 81 48 34 61 33 70 2 47 48 27 38 51 53 29 39 75 17 15 87 28 35 60 84 39 27 58 10 95 54 95 86 79 15 71 15 62 81 71 39 23 15 37 71 89 39 13 85 72 75 90 95 44 84 61 93 56 6 97 1 23 27 23 96 25 79 77 17 3 96 59 45 
23 14 63 42 2 73 0 74 74 63 38 6 27 98 85 92 8 3 2 50 75 53 49 98 34 2 6 77 77 16 77 91 88 93 82 99 2 36 29 35 22 24 81 99 35 78 82 90 8 4 13 86 92 86 18 43 28 68 12 25 18 69 67 16 91 2 90 1 75 58 54 18 98 43 1 47 15 93 62 18 92 
32 88 14 34 98 27 99 0 55 60 99 92 93 43 80 70 22 92 77 7 75 44 86 47 8 79 39 62 11 8 50 85 61 64 5 83 78 21 38 90 76 3 92 80 46 32 19 68 12 75 10 50 59 18 44 21 30 21 4 48 75 21 23 81 19 94 36 53 73 17 63 96 26 92 69 20 88 66 51 40 63 
11 62 23 43 33 15 66 58 0 29 59 11 71 75 58 57 75 17 59 86 65 90 40 84 42 1 10 78 81 50 77 18 58 17 59 21 41 57 4 23 3 69 90 37 58 43 76 50 11 37 21 1 63 23 67 80 66 74 17 54 10 36 56 31 48 75 44 60 40 32 92 22 98 25 49 30 10 41 84 2 24 
62 11 37 76 9 50 31 35 1 0 36 99 16 3 91 36 53 10 17 37 81 35 32 54 12 40 61 65 41 6 85 96 56 74 85 65 88 62 43 56 49 63 95 74 72 57 43 91 58 4 67 63 23 49 48 53 32 13 35 39 38 90 58 23 49 25 27 29 56 91 93 7 77 55 13 52 92 66 43 24 12 
31 28 53 24 2 86 37 56 11 84 0 15 44 29 96 91 64 56 67 42 68 32 76 34 93 76 96 65 34 74 92 93 52 38 26 94 98 4 43 92 26 38 83 9 26 98 60 67 40 88 97 70 10 41 28 70 15 35 6 87 45 59 64 76 79 43 35 47 62 57 42 72 6 41 12 98 72 67 42 10 69 
64 88 67 83 71 25 79 30 7 67 34 0 95 51 47 55 11 84 89 92 71 13 78 53 77 83 39 42 15 70 62 82 89 8 63 88 80 40 21 98 27 3 26 37 59 87 49 24 72 18 72 82 58 45 97 34 56 24 27 66 42 63 18 97 15 89 38 79 82 99 81 13 68 10 65 99 65 94 36 64 88 
28 60 3 45 13 83 28 86 94 18 21 67 0 21 32 11 77 22 26 57 87 59 74 93 7 44 27 21 92 71 68 45 98 56 48 23 69 16 75 47 59 89 39 28 57 55 87 51 54 61 62 74 36 68 80 79 39 13 44 33 2 66 40 46 56 52 1 26 99 74 86 29 55 99 87 92 40 34 83 65 51 
85 19 16 64 73 35 70 37 38 61 47 1 70 0 94 17 11 1 2 98 81 32 89 81 51 95 73 44 56 98 93 49 90 79 49 36 53 67 31 94 86 97 87 67 73 91 72 3 65 48 68 80 97 45 1 92 39 15 65 73 63 83 24 74 21 17 87 35 95 20 48 32 97 12 78 84 4 40 26 69 93 
90 33 26 61 46 18 84 81 32 82 52 76 19 8 0 27 33 87 42 65 93 24 54 10 5 8 61 8 55 96 28 61 92 21 29 88 92 88 63 17 57 75 9 49 57 82 34 19 97 48 70 9 35 20 57 82 91 23 34 20 52 94 38 70 59 2 91 47 26 45 32 81 47 20 59 86 9 83 46 19 33 
57 39 41 87 47 19 1 16 42 49 43 15 14 82 53 0 91 21 31 28 3 57 27 92 24 34 48 27 63 9 60 64 46 63 7 84 17 47 7 69 11 9 16 86 59 20 53 47 73 59 17 97 97 60 32 44 59 27 31 59 55 79 54 74 62 94 74 66 63 62 68 97 87 65 30 25 15 64 88 49 67 
46 34 6 92 77 48 33 61 7 85 94 41 15 88 58 5 0 83 39 7 42 10 16 86 42 21 38 41 75 24 93 87 93 82 55 24 25 89 75 54 24 34 3 81 83 81 90 53 89 47 31 19 35 6 61 92 46 29 8 39 96 50 51 29 24 59 55 4 61 59 73 87 90 53 17 61 90 95 96 30 42 
25 57 63 96 53 1 95 86 24 68 90 47 67 70 85 74 10 0 67 75 70 8 25 92 70 50 65 23 50 81 24 57 69 55 55 31 51 12 85 6 63 80 88 86 41 55 60 81 25 24 4 87 94 33 88 44 20 66 33 36 11 86 40 69 4 79 99 94 2 35 10 55 86 60 65 90 24 84 77 75 1 
11 18 81 73 3 21 46 76 24 49 29 21 51 26 24 86 58 59 0 55 76 93 14 95 39 19 10 77 38 56 34 73 64 22 97 33 36 62 72 72 79 32 53 72 92 62 23 57 24 85 86 8 68 12 63 62 99 74 63 70 65 42 86 32 59 49 31 46 46 77 79 57 63 34 27 4 99 91 19 44 48 
69 2 86 67 69 27 99 19 74 38 50 57 51 10 82 66 21 55 23 0 85 18 34 79 18 46 45 33 83 62 78 45 81 54 57 80 57 32 99 44 80 92 32 54 55 38 21 5 71 85 61 57 43 6 41 77 22 62 94 49 48 27 9 30 97 21 70 57 86 87 62 65 63 24 10 78 96 5 76 4 48 
18 73 33 97 68 56 25 92 22 12 24 89 34 39 84 53 25 87 46 24 0 81 72 24 98 29 44 47 55 57 43 65 8 3 17 20 14 92 8 96 3 3 18 87 78 74 56 35 27 28 92 58 9 94 13 72 21 9 73 63 49 74 71 21 10 72 55 34 77 51 86 5 44 60 32 23 50 76 4 40 90 
90 30 59 69 16 50 45 96 87 74 93 24 95 86 29 99 33 94 70 64 53 0 37 57 44 64 91 96 33 22 92 3 44 74 53 19 70 38 10 98 37 48 82 19 50 14 56 74 69 44 87 37 52 60 63 76 85 45 32 91 35 74 77 49 2 15 55 72 59 11 43 87 17 61 21 33 89 49 54 19 21 
57 37 47 75 17 15 85 17 58 11 4 57 63 91 54 62 78 51 98 22 82 61 0 55 56 76 33 99 77 64 2 57 60 53 88 78 76 27 53 10 71 18 68 63 25 69 10 40 91 16 83 24 87 44 88 24 98 1 57 45 9 69 63 14 48 51 28 97 2 74 70 6 88 9 20 47 94 66 52 68 47 
22 26 45 85 47 27 65 72 94 29 56 30 3 21 38 53 67 58 73 44 20 79 99 0 83 26 4 88 4 96 96 86 33 48 77 10 71 19 74 96 58 44 61 16 11 24 11 21 1 48 57 34 67 22 80 26 93 79 59 85 25 65 11 60 69 75 36 59 21 51 20 17 70 39 99 76 92 91 9 10 96 
31 10 22 26 19 40 55 19 34 83 33 38 34 33 3 23 84 66 89 28 2 68 73 75 0 21 39 99 73 45 21 38 12 79 40 25 15 15 13 30 57 73 12 23 76 69 41 71 62 12 36 68 65 98 97 4 7 65 56 65 79 56 70 44 79 70 90 66 58 82 82 22 25 33 51 43 42 58 85 2 34 
59 56 36 74 58 28 12 21 31 3 4 48 28 96 17 60 79 96 26 18 66 56 2 37 12 0 51 91 45 85 11 9 48 16 50 88 9 71 70 16 49 78 60 25 50 82 93 89 31 30 9 1 45 74 73 13 98 77 11 96 4 11 89 7 54 93 20 91 66 60 82 32 6 92 94 36 51 36 85 50 40 
86 79 11 76 94 57 14 49 81 96 64 57 86 55 99 72 68 86 90 73 44 32 60 73 81 31 0 83 77 10 50 28 3 2 7 2 74 29 76 96 47 6 87 49 1 61 6 24 32 15 97 98 12 77 1 92 7 84 53 98 89 76 61 26 60 88 39 89 70 8 77 57 85 38 84 24 32 75 96 84 77 
8 53 74 8 90 65 34 41 44 44 64 67 50 69 54 35 17 49 8 99 3 29 74 25 42 94 34 0 70 11 77 34 12 22 47 67 21 34 28 90 78 92 13 71 29 38 87 17 73 66 68 34 84 27 53 30 49 2 75 75 89 59 32 34 42 93 81 74 98 69 10 47 62 41 36 36 95 55 28 72 98 
14 79 59 39 26 75 56 14 2 42 15 40 79 22 67 75 52 38 2 76 1 76 74 41 79 22 5 47 0 30 33 85 25 39 15 75 21 27 67 58 7 52 30 58 71 29 13 99 58 18 64 85 26 88 15 60 62 63 36 97 87 76 79 12 2 60 12 27 34 56 40 29 28 13 25 39 94 58 49 75 19 
67 95 82 20 34 16 6 2 67 52 93 22 19 67 9 57 42 47 82 46 8 55 75 68 61 97 56 50 43 0 38 89 62 47 11 42 79 46 11 25 33 45 33 44 17 48 60 94 28 93 7 75 86 87 63 64 64 8 26 4 6 29 84 59 61 76 60 20 41 55 76 6 74 99 28 68 7 82 5 36 40 
25 47 94 29 94 17 13 54 40 80 21 64 33 10 2 99 44 47 5 94 2 30 94 70 63 46 28 99 31 30 0 27 11 85 19 42 99 23 92 1 81 29 21 23 11 66 80 92 94 14 85 76 19 69 28 78 6 79 24 26 98 20 76 95 48 75 58 80 7 13 15 15 36 35 88 82 36 81 88 2 77 
84 39 65 69 4 93 50 66 95 76 28 68 77 3 4 62 31 89 62 21 83 75 8 19 3 69 29 25 35 98 23 0 6 25 88 57 20 42 10 46 85 59 71 68 93 33 96 32 79 40 23 81 37 76 95 12 85 31 15 24 9 54 75 46 4 52 88 73 45 23 19 74 95 37 50 94 73 92 8 30 93 
74 60 86 83 12 3 22 60 63 58 77 34 28 7 94 10 99 12 70 7 32 28 68 66 83 51 29 78 54 86 96 79 0 4 69 74 98 15 62 96 82 34 23 43 50 4 96 40 62 10 9 58 43 89 3 83 57 79 91 70 58 80 78 90 19 46 34 32 81 99 22 85 51 10 99 52 10 87 74 46 97 
92 1 77 41 25 10 16 9 41 64 52 63 41 19 33 34 25 79 79 77 97 92 7 37 99 34 75 25 65 22 94 8 76 0 4 64 8 29 10 82 3 21 84 45 73 72 40 96 27 27 28 43 85 71 55 68 5 20 68 41 72 90 35 31 30 68 84 7 37 61 48 53 17 53 53 16 14 33 78 23 25 
25 75 45 92 53 75 14 70 42 72 12 74 44 52 33 19 73 10 16 99 65 95 52 67 95 11 30 32 22 72 6 55 10 53 0 24 7 2 48 94 84 66 11 53 11 43 69 81 29 1 2 35 73 15 98 43 89 60 5 62 77 70 21 56 21 18 26 39 99 29 66 43 61 47 51 40 50 39 10 2 49 
58 96 91 21 94 21 54 53 56 58 64 75 50 33 55 55 25 91 34 15 58 33 47 11 74 99 26 17 45 88 49 49 51 81 11 0 33 66 53 63 71 14 10 55 1 55 75 41 68 77 4 97 72 4 54 3 60 80 78 23 72 54 99 44 2 29 30 16 36 78 27 29 77 64 64 48 16 94 3 83 79 
87 49 65 74 8 48 71 63 67 85 45 59 4 4 46 27 11 34 67 75 63 41 52 12 94 14 45 76 81 93 79 15 80 71 66 4 0 98 10 2 54 14 69 50 26 9 52 18 67 61 73 19 59 59 37 67 30 80 20 19 8 68 54 20 78 31 97 66 42 4 89 41 52 32 84 11 67 92 24 26 43 
74 75 84 89 8 67 44 37 42 85 3 93 91 80 60 72 92 36 63 36 22 52 47 55 66 50 86 76 55 22 82 33 49 65 96 79 46 0 34 33 81 5 34 99 26 92 50 28 83 38 79 81 48 42 44 99 83 17 76 86 56 34 11 17 76 17 90 21 12 67 90 87 13 66 78 88 70 65 63 76 85 
60 32 17 24 18 47 26 70 8 63 46 29 92 54 56 84 74 53 1 82 9 54 32 38 52 4 31 20 83 95 80 96 29 88 94 2 49 93 0 52 63 59 89 1 77 90 71 95 91 92 9 26 75 89 21 53 30 54 68 10 95 49 65 97 95 95 90 55 15 67 19 4 70 5 87 89 53 35 34 50 7 
70 31 50 38 81 88 65 84 77 4 29 11 20 76 98 99 63 62 4 96 15 92 93 75 6 11 83 78 35 28 89 85 71 43 23 88 3 50 37 0 6 2 14 88 72 51 25 32 75 50 90 34 37 84 29 91 46 34 4 18 75 94 84 56 7 26 56 23 50 97 84 62 11 29 50 65 61 72 79 15 13 
54 12 49 51 68 3 37 3 55 44 81 84 55 85 95 35 11 92 31 90 56 89 78 66 54 50 18 90 95 84 51 29 79 34 41 86 30 43 75 46 0 89 28 34 6 76 2 21 80 84 64 50 63 75 59 92 72 18 37 64 73 38 29 10 19 85 81 30 6 62 68 37 96 8 7 12 66 69 65 59 27 
13 22 17 67 58 2 23 83 90 81 18 57 96 15 49 98 37 53 73 16 48 14 94 66 25 95 52 25 73 36 53 20 83 30 90 32 46 28 14 55 52 0 10 60 67 24 83 50 38 87 11 17 72 1 95 76 64 53 48 10 40 1 12 81 94 11 19 44 51 84 99 8 90 5 99 56 30 2 76 51 94 
59 99 68 22 67 69 17 27 19 75 52 92 29 87 49 18 79 47 34 98 54 20 94 73 68 31 25 68 27 91 32 62 33 41 80 72 41 30 56 87 42 50 0 19 92 19 72 95 12 2 64 37 75 65 2 2 1 35 51 13 23 29 43 72 94 39 28 16 83 46 53 89 59 28 29 38 45 64 96 31 84 
8 57 48 99 9 96 1 74 9 93 5 45 82 62 62 53 17 30 27 6 61 27 13 8 65 54 94 19 10 82 96 17 60 43 65 99 54 20 27 89 54 19 94 0 96 29 97 69 35 20 47 75 69 1 72 29 44 12 82 50 53 50 17 88 78 53 32 73 11 93 51 55 33 69 73 84 17 78 54 4 54 
77 69 15 87 71 4 98 35 96 99 97 77 53 66 74 32 94 3 86 20 21 31 25 49 12 11 11 37 47 64 28 14 34 57 75 44 82 62 94 66 52 29 63 52 0 60 10 46 48 9 64 28 5 39 1 14 74 85 17 68 47 44 48 45 16 31 39 92 43 34 94 16 32 20 93 72 20 45 52 85 94 
54 94 60 14 17 31 60 91 42 66 87 54 76 43 44 73 62 36 63 55 22 20 30 6 50 87 22 47 35 92 75 64 21 95 46 25 96 67 84 84 86 8 85 39 39 0 76 52 97 30 21 97 82 17 56 24 60 59 71 26 19 27 31 47 44 1 51 96 62 21 44 85 75 33 79 41 66 1 61 80 97 
56 28 20 9 63 18 3 26 53 39 1 93 48 13 15 9 46 25 3 92 93 6 67 22 88 32 96 19 89 87 79 45 83 63 40 79 57 71 51 6 34 93 90 95 92 9 0 13 26 53 56 50 22 81 35 80 59 40 79 96 16 43 41 16 33 22 40 46 83 50 76 51 22 41 8 72 45 42 25 90 46 
28 3 96 16 89 77 16 22 68 40 45 26 17 94 56 2 1 58 74 35 17 53 68 98 41 53 33 26 65 53 1 62 25 88 33 67 88 57 26 23 19 93 76 39 9 11 64 0 71 27 9 1 46 46 87 78 55 19 65 90 40 71 97 61 51 56 17 59 72 67 37 14 51 95 73 13 61 95 66 7 86 
82 41 77 21 29 13 46 36 88 42 57 12 12 36 72 64 21 41 94 55 87 14 72 68 1 18 79 13 88 83 34 3 9 37 50 72 39 20 49 61 47 69 3 43 49 28 27 67 0 97 98 85 10 18 73 37 78 88 82 23 93 75 22 49 3 53 78 24 5 68 5 81 12 90 4 35 23 15 45 93 55 
21 4 22 57 30 26 98 15 88 14 40 96 62 34 11 6 48 72 46 61 78 53 30 62 13 49 4 72 24 73 36 96 95 9 9 4 16 17 62 66 82 71 65 43 52 35 46 42 79 0 40 15 29 68 99 77 86 97 62 71 74 20 76 88 76 39 65 87 58 57 11 37 71 21 41 81 28 82 15 90 69 
17 88 18 19 75 86 73 35 38 45 34 16 61 85 96 35 14 55 67 4 28 65 17 25 41 59 21 12 98 49 62 91 83 40 69 53 99 25 84 61 10 32 30 1 66 16 81 59 17 57 0 39 76 25 88 71 77 69 32 64 63 87 33 81 59 31 79 79 33 44 55 91 93 31 21 54 15 60 6 33 38 
7 93 73 61 10 6 9 22 34 54 1 36 84 13 32 42 4 66 2 97 36 95 20 20 19 70 26 5 19 80 81 29 42 6 15 73 52 82 29 39 61 2 13 20 85 72 31 13 85 68 98 0 73 74 45 24 72 13 4 85 26 62 55 26 43 10 87 25 93 15 29 24 93 36 31 5 86 33 95 4 24 
5 82 47 93 29 28 55 79 98 58 19 46 26 12 86 59 71 89 49 16 80 96 4 88 66 38 53 66 42 53 76 86 24 93 11 23 38 46 56 32 75 19 24 72 31 84 21 98 72 31 86 53 0 62 49 32 92 94 76 71 14 2 38 94 15 7 53 43 92 35 89 84 24 95 33 19 32 23 62 29 66 
53 92 44 72 42 47 98 80 43 18 64 89 50 71 7 75 2 42 60 1 75 12 43 77 19 89 1 26 64 61 89 60 29 31 9 17 29 90 35 55 61 80 68 22 40 93 95 17 28 63 11 87 23 0 36 26 88 19 53 4 59 93 93 32 84 94 96 80 10 38 72 55 19 97 16 53 43 21 79 5 93 
49 38 40 2 42 96 44 9 57 17 39 72 30 81 66 56 34 70 39 19 37 40 1 78 31 69 25 52 38 22 53 90 9 28 21 41 95 40 97 63 47 91 34 61 56 9 18 97 63 73 98 84 27 93 0 73 75 59 31 28 96 85 19 63 93 84 22 67 32 9 9 6 81 38 49 72 93 15 60 41 24 
85 57 75 44 32 21 40 6 68 43 23 51 79 42 12 16 37 17 13 26 79 81 37 57 24 48 26 32 75 2 74 69 72 52 50 57 71 27 31 24 88 71 50 91 89 6 90 40 78 31 20 36 65 22 58 0 48 13 71 62 49 33 67 39 70 43 95 62 35 26 22 32 83 13 14 91 77 71 72 25 63 
19 85 52 83 21 94 56 29 10 66 8 45 12 12 31 55 55 58 84 71 69 44 57 82 83 90 95 50 21 99 23 33 60 52 7 27 76 71 21 46 84 85 14 13 29 31 21 49 34 39 17 6 74 79 38 19 0 50 71 48 49 85 8 81 42 66 31 65 99 15 33 44 43 32 44 24 51 14 54 48 63 
14 54 71 15 54 29 5 72 37 79 7 57 59 13 41 3 76 54 16 80 33 63 43 20 28 30 68 74 7 14 23 78 47 15 11 32 48 4 98 52 48 38 83 47 49 3 38 9 22 15 34 93 18 31 49 56 6 0 60 55 92 6 63 72 8 13 38 13 14 43 50 33 17 60 91 6 38 6 28 43 7 
76 58 77 89 2 64 74 54 37 99 2 83 49 19 78 14 46 7 9 66 8 32 16 64 98 39 5 97 7 52 24 87 9 45 83 40 70 63 25 97 97 93 35 16 68 2 21 58 51 12 48 83 57 1 57 19 51 10 0 23 11 47 53 87 37 35 95 58 71 14 76 72 81 89 38 28 19 39 53 12 20 
40 59 47 47 26 56 32 54 7 59 76 56 29 31 53 44 91 54 39 15 18 84 62 48 25 46 92 20 24 49 6 23 32 57 14 86 17 29 72 87 55 95 5 97 73 64 96 85 59 64 4 99 91 61 90 31 1 13 34 0 45 27 19 16 70 48 47 42 4 65 92 2 72 33 40 85 61 37 63 4 21 
8 49 27 76 66 95 77 24 49 69 45 11 39 7 28 28 76 15 64 14 13 77 17 1 51 60 28 67 95 76 33 94 54 36 22 55 54 28 64 18 4 74 91 97 93 46 70 24 89 31 48 20 4 88 69 72 80 35 65 32 0 45 58 74 62 51 96 83 86 13 62 71 33 75 48 6 91 85 38 14 84 
66 48 8 25 65 91 84 5 27 69 65 62 1 92 5 43 98 57 4 10 68 12 37 85 42 51 37 94 83 57 77 41 87 9 34 61 75 4 46 21 96 22 48 20 74 1 83 54 34 20 41 68 9 40 53 29 60 61 77 17 71 0 35 46 55 46 32 7 82 48 25 82 71 97 55 97 51 40 10 72 51 
35 46 51 83 11 71 57 62 36 98 2 64 71 42 94 21 84 11 21 71 31 11 62 50 67 37 38 27 69 3 17 36 17 55 44 39 31 81 78 12 74 82 66 17 12 15 36 18 61 28 92 21 72 83 63 43 52 71 83 32 30 31 0 58 23 54 55 31 17 50 97 32 29 69 35 90 46 50 45 25 17 
42 26 70 60 79 9 86 76 54 17 79 51 74 47 76 13 32 51 72 31 71 72 35 68 27 69 28 6 75 55 56 9 16 30 47 84 35 65 41 50 55 70 56 23 7 97 39 17 34 44 88 12 11 59 2 4 77 97 79 3 89 71 3 0 7 11 72 21 22 62 90 82 40 23 53 79 30 2 7 95 58 
95 39 94 98 42 97 29 69 12 66 91 60 69 35 38 79 92 77 99 59 83 16 66 67 81 11 2 76 43 31 25 46 28 73 38 91 48 16 6 56 16 9 56 12 66 72 88 22 84 60 42 68 25 12 41 58 47 88 19 28 74 54 99 42 0 93 91 60 3 63 33 29 80 57 44 78 33 68 66 76 69 
97 73 48 91 90 93 77 23 68 40 87 94 22 89 52 91 7 88 23 21 39 16 86 51 6 90 58 48 94 34 80 32 15 52 52 52 81 96 70 51 20 7 79 6 7 49 4 98 74 67 28 98 33 86 98 11 27 67 94 62 45 69 41 4 97 0 34 26 69 63 74 68 11 15 3 37 79 17 50 5 10 
35 85 58 7 30 16 4 9 39 59 32 41 5 74 14 71 35 63 27 51 82 50 35 38 40 96 24 24 72 15 8 61 73 70 18 91 14 36 66 94 38 99 49 3 11 31 95 90 8 64 84 61 85 36 58 45 5 24 25 39 64 56 47 60 77 22 0 51 60 55 39 49 3 91 89 26 38 88 27 48 72 
89 9 89 26 2 59 7 54 91 15 99 70 93 18 88 44 42 11 96 83 35 76 75 22 55 43 41 16 74 69 95 66 70 59 97 81 55 98 28 26 1 61 78 72 34 46 69 40 87 83 61 31 17 57 64 84 2 79 63 1 38 33 14 49 42 13 34 0 70 58 13 4 17 62 2 41 3 1 57 11 79 
78 61 34 40 13 63 54 19 70 40 9 29 56 46 88 11 75 74 37 58 36 53 95 47 93 25 82 21 63 58 54 34 42 57 16 40 13 77 83 47 45 25 19 34 69 17 23 73 46 81 96 84 31 89 91 2 77 32 92 21 90 66 87 28 91 58 21 36 0 86 26 97 51 50 55 58 47 74 26 19 34 
7 28 33 37 19 16 4 76 43 19 43 53 62 82 19 57 99 66 14 36 56 72 55 26 85 57 87 79 97 49 26 49 30 91 52 73 61 62 30 2 90 78 17 53 97 22 38 39 66 88 65 43 1 23 21 49 58 91 14 35 57 60 52 59 42 46 86 43 73 0 58 41 10 80 11 33 33 17 63 63 12 
85 45 67 11 5 77 31 26 46 63 13 34 34 73 55 20 38 28 86 76 73 40 13 21 78 80 48 31 34 7 84 94 37 3 92 2 56 13 34 43 84 71 70 89 70 4 8 55 49 37 26 9 3 28 16 92 75 6 2 88 4 66 21 66 37 31 57 29 1 28 0 64 59 18 92 28 52 73 17 57 38 
96 39 54 42 43 42 43 69 83 49 10 9 67 66 71 98 12 70 10 45 56 53 10 60 21 15 80 33 4 41 44 4 64 34 98 49 97 76 75 79 79 40 41 15 26 53 2 43 37 50 16 2 73 97 8 63 80 15 25 68 29 43 20 74 48 4 54 60 50 31 62 0 78 95 47 25 68 77 69 93 82 
2 36 36 97 66 75 41 30 39 78 73 82 15 68 58 28 55 97 56 52 97 39 59 15 93 86 99 92 57 42 26 81 25 45 40 72 53 67 84 1 18 38 99 1 66 70 77 29 21 58 81 18 91 36 17 63 55 15 41 55 93 80 12 94 33 99 94 31 70 25 45 89 0 59 8 29 68 70 36 35 64 
44 35 68 6 62 20 94 46 38 74 6 36 57 72 59 75 80 81 68 3 94 30 1 14 11 16 52 63 17 95 9 25 70 37 61 42 50 35 51 79 49 59 39 18 37 59 58 81 19 98 8 84 52 22 34 23 92 40 32 69 71 95 38 96 77 14 3 71 67 22 57 59 96 0 69 64 87 80 67 86 49 
12 20 87 48 28 50 62 22 85 65 5 53 67 72 87 73 15 56 87 16 3 66 86 81 40 11 37 67 22 32 97 79 40 82 82 71 72 84 60 4 75 98 34 54 83 28 43 64 50 63 27 4 78 43 12 39 52 57 83 82 19 37 40 8 74 93 14 82 82 17 32 72 63 44 0 71 26 57 86 39 78 
24 56 97 42 44 24 20 84 48 3 88 28 19 22 9 9 64 98 10 14 21 43 91 15 78 52 48 65 32 40 97 6 72 61 79 70 41 63 16 67 83 6 67 34 1 46 85 17 98 67 98 84 63 24 71 67 21 86 49 55 62 12 35 85 47 33 84 43 45 31 62 67 81 68 1 0 83 30 10 40 5 
11 34 42 37 16 19 52 60 77 13 86 71 96 41 37 10 2 95 23 14 66 41 72 80 84 35 2 66 38 56 7 96 47 86 74 31 87 99 14 1 85 67 37 86 5 38 69 79 78 13 21 72 71 11 19 28 15 49 36 20 8 8 98 70 93 46 54 37 3 71 33 94 73 43 59 21 0 55 98 67 18 
63 81 91 83 14 53 6 34 8 54 18 59 80 30 53 34 73 95 76 45 91 2 18 88 68 67 52 8 51 46 84 19 11 50 79 26 47 2 96 92 8 2 62 13 42 63 37 36 47 68 3 21 1 55 12 8 74 62 37 83 25 11 49 32 57 28 50 34 13 29 32 72 43 90 45 80 88 0 99 14 85 
82 27 4 61 24 75 61 72 94 20 44 95 95 72 53 11 88 84 93 46 14 6 77 89 1 60 26 26 62 81 13 98 17 96 5 72 1 85 60 75 54 69 50 53 97 25 99 37 41 91 44 39 79 72 77 49 95 15 19 32 90 63 26 44 54 92 78 23 54 49 21 24 98 47 59 87 16 91 0 71 49 
17 12 99 97 95 76 58 22 91 80 63 87 76 57 60 9 50 97 41 26 56 14 92 50 9 50 72 70 34 58 72 9 93 50 80 10 46 92 67 45 27 3 77 3 68 75 43 17 13 31 61 11 12 11 97 70 20 33 15 91 97 74 38 43 99 68 25 4 20 18 47 15 39 35 63 53 95 64 24 0 80 
82 65 64 73 98 45 83 3 72 79 58 43 94 2 39 57 50 20 16 35 65 84 93 74 23 40 31 97 21 1 77 12 54 79 67 77 52 48 27 90 16 88 80 25 27 54 4 39 80 2 73 31 24 60 67 56 38 61 25 16 69 48 46 49 43 59 2 44 57 79 4 14 91 37 64 51 98 78 49 94 0 
