n: 80
m: 6
Pi:U[1-99] 79 31 15 85 22 50 49 23 61 72 37 23 37 21 84 78 7 41 10 10 64 6 45 87 2 67 27 53 1 16 1 20 8 71 88 60 33 18 78 26 61 73 61 12 21 12 17 33 47 17 73 82 71 78 2 64 59 84 13 19 52 8 4 83 39 99 78 11 84 94 17 81 66 97 96 46 46 5 30 52 
Si:U[1-49]
0 28 7 49 17 34 13 6 4 13 23 1 19 3 11 26 26 4 28 33 43 38 4 34 39 28 1 31 46 16 17 19 19 15 45 43 41 49 29 36 34 19 23 37 24 44 6 13 48 38 49 7 22 38 37 1 3 27 19 37 23 49 26 47 15 5 33 45 5 46 45 37 43 40 36 6 25 15 42 18 11 
3 0 35 26 41 45 34 11 5 5 29 30 9 10 21 18 40 28 32 3 40 44 40 27 35 4 14 8 47 17 17 19 32 37 31 30 21 13 23 29 13 18 46 29 4 26 21 19 39 31 3 12 16 3 8 15 40 37 18 48 33 25 4 49 43 5 39 26 7 30 48 3 15 27 47 38 48 37 32 38 46 
1 35 0 25 31 44 6 16 5 5 14 13 33 23 24 1 6 39 28 33 13 19 27 25 17 30 18 2 49 40 22 25 29 36 3 6 13 5 7 6 21 47 46 2 47 45 6 12 34 5 44 25 32 26 42 16 15 25 28 36 13 11 24 3 39 48 13 28 35 42 9 16 27 34 13 46 19 12 39 6 27 
1 30 32 0 7 33 35 33 37 15 6 16 32 43 29 29 7 5 2 39 23 5 26 27 35 43 24 33 40 6 41 26 19 16 49 20 42 3 48 42 5 33 10 45 25 12 44 17 1 38 34 38 35 19 13 34 43 25 21 28 41 8 45 40 35 12 7 32 34 46 42 19 42 12 34 14 11 35 17 48 40 
47 46 36 9 0 29 19 42 46 1 1 12 14 24 30 19 8 7 28 45 4 35 23 1 48 22 10 40 39 24 28 4 6 17 17 18 39 34 47 23 33 28 26 8 48 1 42 33 42 10 42 18 46 21 40 18 27 21 25 35 49 48 29 37 46 43 32 29 32 24 44 17 44 30 23 14 11 19 3 17 11 
29 7 39 1 42 0 18 44 38 39 2 34 23 13 32 31 15 40 6 30 47 20 39 19 18 31 14 34 6 13 21 15 5 3 42 46 43 11 25 42 4 14 24 23 34 24 3 33 24 1 45 37 9 12 34 47 1 9 43 29 13 21 45 20 34 31 41 42 18 28 12 19 21 14 22 26 46 14 14 39 24 
17 45 6 43 47 24 0 15 43 47 46 48 39 17 43 29 3 33 34 31 17 46 5 25 23 35 13 24 6 49 18 29 39 3 42 36 48 18 2 34 29 21 33 15 33 26 18 16 16 17 32 22 37 7 3 19 35 9 24 7 32 13 22 32 1 14 25 34 30 16 3 23 13 4 13 17 23 4 20 27 20 
29 12 30 7 14 23 27 0 30 38 16 14 25 28 45 1 31 26 7 11 40 25 4 40 23 15 23 21 9 44 7 24 27 18 19 27 36 44 34 2 7 4 49 16 37 24 28 23 26 45 9 16 38 37 23 6 45 27 32 18 26 1 48 26 41 8 19 13 19 12 20 5 47 39 16 49 48 7 20 30 45 
22 27 15 30 32 18 21 21 0 27 6 1 25 16 4 44 6 37 45 14 34 26 21 10 4 44 34 21 27 30 13 38 41 22 30 25 17 38 27 1 8 35 12 20 10 18 47 17 30 25 34 11 40 33 42 46 15 41 32 46 14 8 35 45 27 40 43 11 40 1 14 41 18 35 22 10 19 35 30 31 30 
10 23 43 12 41 42 13 3 25 0 33 46 12 25 11 27 47 24 33 37 11 2 10 31 21 10 48 24 34 22 10 26 32 24 13 4 13 41 30 36 14 19 15 42 48 46 39 33 7 13 20 20 32 40 6 25 17 5 10 10 43 18 13 16 47 45 14 24 6 7 37 2 21 29 48 40 47 6 8 20 14 
21 6 1 41 17 36 41 2 39 39 0 34 42 26 41 9 33 35 32 24 5 22 39 24 39 46 29 21 40 49 25 42 15 27 43 21 38 20 19 28 41 16 29 42 27 34 19 43 26 44 49 16 13 49 5 8 28 41 31 6 14 3 47 11 24 38 48 21 10 19 11 17 12 17 18 30 35 39 44 9 41 
46 20 32 48 4 17 30 41 34 17 9 0 40 4 41 29 21 44 19 31 31 38 43 46 49 7 39 24 36 18 23 17 46 26 8 40 26 24 27 9 25 28 1 46 25 45 6 39 1 15 2 4 39 6 32 27 43 40 33 22 25 36 11 33 31 13 11 8 42 21 33 26 19 1 19 42 21 31 26 22 22 
37 21 47 3 27 31 46 39 31 4 27 31 0 14 41 3 23 27 29 14 44 42 41 11 38 28 16 13 25 33 38 30 27 28 36 48 6 21 37 34 6 29 21 29 23 25 26 5 11 15 19 40 30 32 17 44 12 2 43 7 47 24 25 2 32 46 8 41 22 4 28 5 10 3 35 47 11 38 9 22 26 
43 36 31 27 4 21 11 20 47 4 21 19 18 0 21 17 1 22 40 6 24 3 41 8 29 40 38 6 43 5 26 37 34 48 11 26 5 41 30 36 23 3 22 32 43 1 12 37 7 47 46 11 47 37 29 25 45 37 46 7 20 19 27 15 27 4 32 21 41 20 46 5 5 34 27 37 25 17 8 47 20 
9 47 24 10 27 19 16 13 6 8 2 18 10 33 0 35 46 16 11 10 9 7 16 37 23 11 15 46 2 30 43 12 36 35 25 5 24 38 30 10 19 20 15 7 18 32 7 34 15 15 34 37 19 36 5 42 38 24 12 6 38 33 32 22 20 19 13 7 15 22 15 47 30 32 41 27 46 40 10 17 32 
1 12 6 43 39 43 15 12 11 48 27 25 48 27 20 0 8 38 31 9 15 36 22 39 25 49 31 41 8 40 26 16 24 39 17 7 38 10 44 45 39 32 41 38 8 40 47 35 26 30 23 4 43 42 22 48 6 19 7 9 37 6 12 18 35 10 9 4 31 24 29 34 18 13 15 28 37 35 11 25 20 
9 36 19 24 10 32 47 27 47 25 3 19 7 27 35 21 0 44 15 36 17 13 34 38 31 49 41 3 36 24 21 39 1 24 2 7 8 14 40 23 9 3 24 4 27 40 43 4 32 8 24 13 42 13 39 28 25 4 7 46 27 7 11 15 29 13 34 20 3 18 49 21 28 6 34 14 18 40 15 6 26 
4 46 30 12 36 28 10 10 41 5 35 30 6 19 28 41 35 0 8 20 46 42 35 48 43 13 26 41 35 4 19 38 38 6 27 37 35 19 31 49 42 24 22 42 37 14 42 38 40 37 43 9 1 19 28 26 49 4 43 41 34 3 20 37 4 10 38 36 20 15 35 29 29 44 26 18 31 36 49 46 12 
17 40 36 26 7 11 17 17 20 43 1 5 35 34 37 16 10 9 0 30 21 17 33 41 13 32 14 25 49 48 27 38 20 23 12 3 25 42 39 25 21 43 23 25 34 5 5 49 22 17 10 33 49 46 10 34 38 32 11 26 35 37 37 40 37 22 19 33 37 46 47 2 10 18 19 46 44 44 40 16 7 
47 39 46 47 16 44 10 1 21 39 4 37 17 6 1 3 6 46 20 0 22 2 20 7 48 37 21 21 28 37 17 28 7 1 39 39 28 6 25 18 44 47 38 39 10 8 39 34 4 12 10 38 36 30 47 25 37 14 32 36 40 25 23 47 46 49 15 3 16 32 39 14 41 15 9 18 18 23 44 11 1 
21 23 38 43 3 32 22 45 38 12 24 33 28 45 43 6 3 10 7 35 0 2 28 22 7 11 12 7 18 27 32 22 47 28 32 27 6 9 12 15 7 21 7 21 2 32 39 8 30 14 27 13 47 7 32 32 38 36 15 40 26 7 25 34 19 1 36 20 18 37 39 28 41 36 34 15 44 5 29 20 2 
34 5 39 26 29 4 47 31 38 40 45 44 6 3 27 18 31 25 44 32 49 0 21 9 13 45 45 18 29 35 27 42 13 1 4 30 45 5 6 29 28 18 41 2 47 18 8 10 1 48 18 6 42 12 34 40 18 30 24 3 38 6 39 24 20 31 17 34 26 20 11 38 38 37 42 5 49 2 49 14 26 
26 48 43 41 29 1 11 10 12 3 7 5 14 39 40 23 28 23 29 36 49 12 0 12 40 23 34 25 20 43 49 34 47 17 45 21 32 30 46 45 32 19 13 1 15 32 40 11 43 32 20 32 48 1 4 33 22 2 14 13 3 42 4 40 26 22 39 17 3 13 1 20 15 42 14 33 1 35 15 2 26 
26 15 12 41 36 24 25 10 5 44 31 42 42 37 46 25 43 48 32 28 25 17 38 0 13 41 9 9 28 45 42 30 39 43 18 33 37 9 7 17 26 43 22 21 17 30 13 31 37 24 40 23 34 5 41 25 2 1 35 24 19 7 13 5 1 24 39 25 3 38 39 42 28 2 24 45 31 42 42 37 16 
14 45 37 34 23 39 48 23 46 18 17 41 4 17 25 39 46 33 23 41 1 33 35 31 0 26 11 18 46 40 24 20 25 37 25 11 24 1 11 44 29 22 30 6 21 15 46 3 44 5 13 29 4 18 31 40 20 34 6 16 24 9 2 9 26 43 43 33 25 33 6 3 24 1 12 6 24 33 10 43 43 
33 3 16 47 6 33 24 49 30 33 21 37 45 44 32 49 27 25 15 28 29 8 5 49 29 0 30 30 22 20 28 24 40 27 2 19 30 23 48 16 46 36 11 46 46 12 6 33 49 27 45 44 18 48 9 14 42 3 43 48 13 11 49 7 20 15 45 2 22 47 37 32 32 49 12 23 30 32 23 41 35 
43 39 19 49 9 37 8 37 20 42 13 30 44 42 36 16 38 15 20 18 39 37 15 35 12 33 0 24 15 41 20 48 3 28 46 25 41 1 2 34 7 14 36 3 23 39 45 49 45 46 16 1 33 27 12 13 15 34 29 21 25 7 7 38 47 6 34 28 48 3 2 3 42 8 39 18 35 19 40 18 49 
39 42 6 8 23 4 16 39 26 19 23 1 37 12 12 5 12 32 33 25 42 20 41 49 33 10 2 0 37 40 38 11 11 49 31 8 4 23 46 42 18 25 33 32 3 16 3 39 35 44 40 44 7 13 20 45 32 4 45 11 40 10 34 24 12 1 32 2 34 31 24 1 40 16 42 39 47 47 24 42 29 
32 8 11 23 21 16 9 49 35 24 46 15 22 43 47 49 43 27 24 26 35 17 15 1 29 41 29 17 0 10 9 45 34 20 33 31 2 35 7 10 16 12 46 15 24 6 48 2 4 44 15 20 49 4 33 33 2 43 13 27 45 3 21 39 42 45 6 25 30 36 8 24 6 17 33 19 33 31 20 12 15 
3 3 31 47 17 18 9 42 2 41 14 39 40 8 29 32 49 16 34 30 11 46 32 23 9 40 38 17 29 0 38 2 27 39 22 33 43 35 46 37 29 45 2 46 11 39 47 28 26 25 31 3 49 7 20 14 23 12 41 21 21 19 44 25 20 6 20 40 19 4 25 21 18 6 40 4 22 48 20 31 25 
13 38 10 29 16 18 40 43 38 42 34 41 38 41 45 20 1 40 42 15 13 29 15 13 49 46 16 1 43 13 0 16 33 44 22 32 20 23 25 35 38 15 31 41 17 26 23 36 11 19 16 24 24 5 33 39 48 19 22 35 12 25 31 43 31 47 39 34 38 30 11 36 19 27 33 10 46 25 26 30 1 
21 36 11 18 10 4 17 35 27 27 15 1 3 21 32 20 15 16 34 45 33 30 1 40 15 30 46 49 5 11 30 0 22 25 26 26 17 19 49 36 39 14 43 49 11 15 48 20 23 10 30 16 47 14 15 32 39 40 43 1 28 12 46 1 3 19 13 26 8 19 29 18 15 3 38 10 42 33 36 24 21 
32 45 7 22 7 20 19 4 22 9 44 26 24 2 24 3 41 16 17 13 17 42 7 37 29 3 12 27 9 28 38 46 0 7 26 43 13 34 12 33 46 47 46 21 34 35 16 14 47 29 32 20 32 6 33 18 38 30 45 1 29 21 15 31 48 31 10 17 1 49 38 23 1 15 47 49 29 5 31 38 15 
35 32 37 37 2 49 19 38 30 47 27 35 30 44 30 47 16 39 19 40 44 25 28 33 14 8 32 22 23 4 14 38 3 0 1 2 7 40 26 42 40 38 19 5 47 42 32 19 13 7 23 7 22 13 28 25 34 34 49 42 1 39 48 10 9 19 34 42 40 3 13 24 49 33 23 12 16 22 3 23 18 
46 20 2 19 37 44 4 11 46 41 26 37 11 16 14 19 32 19 18 45 24 24 30 34 30 24 27 3 30 18 31 6 36 36 0 41 29 48 14 4 25 49 9 46 8 1 22 49 47 41 40 39 6 18 42 48 5 30 13 44 34 23 2 44 19 27 15 17 3 41 5 5 33 21 24 28 12 4 43 5 11 
22 5 43 34 7 8 42 23 40 41 42 31 29 11 38 33 2 4 10 21 28 28 12 10 41 30 20 26 30 5 15 31 26 5 5 0 42 16 2 11 4 43 34 49 4 12 19 3 42 12 7 38 15 20 6 47 24 34 11 15 4 45 40 49 18 38 43 32 33 3 19 29 40 15 17 29 1 28 9 36 11 
18 17 40 35 46 20 37 48 2 33 10 12 31 42 13 20 47 24 8 11 30 38 29 42 39 2 3 6 8 48 18 38 5 48 35 21 0 36 5 40 42 41 49 10 40 43 48 7 43 37 8 33 14 9 44 26 15 36 2 27 17 27 26 28 21 10 31 6 37 6 33 1 39 35 18 25 42 1 12 34 48 
1 44 15 6 32 41 7 47 19 36 39 41 20 34 46 43 38 3 31 12 37 25 8 45 4 4 46 3 5 2 2 49 2 48 17 31 21 0 17 11 21 12 34 19 12 48 29 15 39 3 43 4 16 43 10 19 32 44 43 26 31 27 15 12 25 32 24 40 27 13 11 4 38 39 32 20 26 36 46 48 3 
23 3 48 18 5 37 11 6 14 49 4 46 33 41 43 25 5 24 31 26 37 44 49 26 37 4 32 13 33 17 30 24 8 20 28 10 46 27 0 13 2 12 36 6 47 13 4 3 15 42 28 3 20 28 7 33 30 15 15 26 29 47 26 24 12 14 18 35 41 32 17 25 14 27 45 33 28 2 14 17 33 
15 42 42 11 14 14 41 44 43 20 3 47 7 12 12 43 3 12 19 47 16 27 39 41 31 41 12 49 34 28 14 1 41 42 41 42 10 39 20 0 42 34 44 20 33 7 17 12 29 30 27 13 40 24 31 24 20 33 7 26 2 5 20 43 15 41 6 27 36 48 17 35 35 12 40 44 49 10 31 3 48 
12 26 45 49 12 36 38 34 36 41 7 41 24 2 4 34 1 25 47 30 31 22 18 10 2 26 9 9 44 42 40 32 13 10 17 49 43 44 16 25 0 4 24 12 40 20 11 35 42 28 10 25 12 22 16 40 30 30 24 42 17 49 14 41 4 23 41 4 38 34 2 6 44 25 16 47 26 9 29 38 19 
35 17 6 41 20 44 13 44 30 26 3 29 29 42 29 44 46 35 4 15 22 14 40 15 24 3 29 10 49 32 24 31 38 4 24 9 30 4 38 21 49 0 32 38 10 22 14 4 42 37 44 46 45 12 11 2 39 15 47 6 44 19 5 49 22 16 15 47 22 29 21 40 16 9 31 38 47 32 29 27 40 
26 20 49 2 26 16 19 21 43 3 31 49 40 7 49 19 31 3 33 15 13 47 29 34 36 32 22 20 39 44 32 8 44 16 30 30 33 2 45 33 45 8 0 34 28 49 11 15 38 10 6 22 7 22 38 35 31 30 12 7 41 35 37 25 42 22 10 49 17 42 4 38 32 33 39 37 39 2 5 34 29 
11 46 18 36 8 40 27 32 46 13 7 31 21 39 35 22 33 28 22 12 4 9 27 3 49 48 17 39 29 40 4 22 47 3 18 42 5 8 48 25 9 2 39 0 49 12 35 35 2 14 32 9 10 17 36 20 17 37 38 24 44 10 19 30 38 43 18 5 11 32 4 9 14 1 49 44 22 41 34 18 36 
46 43 27 20 23 42 49 20 11 27 5 35 26 43 20 26 36 7 25 22 22 48 49 30 36 5 35 30 25 43 23 40 19 45 10 28 45 36 21 30 28 10 2 22 0 19 49 45 33 35 11 18 11 48 7 36 1 40 43 23 37 2 3 38 14 44 45 18 20 6 9 2 25 33 12 34 1 41 4 19 31 
4 46 18 25 31 22 25 28 22 29 8 39 17 1 45 35 5 49 6 39 42 21 13 3 3 34 29 32 25 29 24 5 24 3 36 44 38 33 15 5 34 15 49 18 17 0 25 10 24 39 25 20 38 33 38 15 14 32 33 16 10 5 40 37 24 23 15 47 19 41 27 23 39 24 28 22 39 46 41 16 1 
10 19 22 44 47 47 10 31 37 33 13 25 19 44 24 25 20 17 10 30 34 24 46 42 2 47 6 14 35 38 18 35 34 38 5 44 29 42 31 20 44 48 35 27 47 38 0 35 8 33 42 13 31 12 4 21 14 18 9 34 18 30 38 3 14 26 7 18 9 20 22 33 35 26 48 37 19 12 22 31 29 
30 32 36 28 27 28 21 37 22 4 41 19 46 4 31 49 30 5 40 43 7 34 47 49 37 25 26 3 37 42 31 21 7 16 35 8 23 26 8 17 37 34 20 17 17 29 24 0 36 20 47 11 22 13 37 27 12 11 44 47 46 24 19 31 38 1 1 4 26 41 40 2 31 47 15 14 20 41 25 8 20 
35 19 12 28 33 40 10 18 1 26 43 10 35 24 11 44 8 7 9 31 18 8 25 11 13 17 45 42 31 31 43 29 42 20 8 13 46 28 10 4 40 28 14 1 19 21 48 21 0 27 7 27 27 15 28 47 16 35 6 24 28 48 6 23 20 16 34 3 45 37 45 31 15 48 40 48 22 37 44 39 38 
6 2 24 23 39 36 37 1 41 27 17 10 33 41 32 37 29 12 24 16 45 38 30 43 27 9 28 38 46 11 41 45 43 4 27 1 25 14 27 11 27 32 44 29 4 35 40 15 23 0 4 49 25 26 21 18 12 37 26 41 10 42 6 16 38 2 49 37 12 11 43 24 17 41 46 23 42 47 29 6 40 
24 47 14 20 28 15 1 1 25 31 1 43 44 34 3 4 20 18 37 32 25 41 38 31 41 48 20 34 4 15 11 42 38 48 9 26 44 21 4 46 36 6 42 39 43 42 19 41 32 35 0 4 10 17 21 8 7 23 19 14 47 31 41 22 23 20 19 8 42 47 41 31 22 14 39 14 29 16 37 12 31 
18 7 40 29 38 19 32 40 26 36 35 13 40 45 23 29 14 47 44 33 13 8 2 25 19 33 26 41 4 26 48 11 27 44 45 33 23 12 5 38 33 10 11 21 40 1 4 39 26 2 37 0 22 38 40 35 36 10 22 6 36 45 3 37 29 45 45 12 30 5 28 33 23 25 46 41 17 15 30 42 1 
4 8 40 39 15 19 42 30 34 25 24 37 14 30 11 37 30 7 43 2 45 6 30 15 15 3 26 28 21 11 4 1 43 14 37 29 4 27 24 22 25 14 35 47 36 7 35 8 22 48 10 35 0 38 45 12 23 17 16 10 10 25 5 20 41 9 12 18 24 33 31 42 18 6 37 24 14 2 30 9 3 
3 15 36 4 3 44 35 2 35 7 13 36 31 10 20 13 23 4 4 3 17 31 39 2 30 47 5 37 49 5 22 43 31 48 21 35 10 13 17 12 42 45 12 49 47 16 36 47 40 21 46 40 29 0 31 12 5 21 20 33 8 26 6 9 27 18 34 36 48 25 22 47 16 27 13 9 24 48 10 48 40 
32 35 39 43 21 22 30 24 49 20 49 40 20 17 26 42 25 46 13 8 13 33 21 16 14 4 19 29 16 13 41 15 10 6 21 37 17 10 31 13 44 10 25 24 22 49 22 48 39 35 26 14 24 15 0 15 49 18 6 14 1 7 12 17 33 24 16 20 25 11 47 21 27 43 31 23 16 14 14 14 49 
12 30 10 7 9 37 4 7 49 29 14 19 10 44 42 16 18 16 24 24 1 1 10 27 42 25 4 29 45 19 13 41 18 36 35 23 47 12 7 20 10 48 15 3 29 4 41 21 20 1 5 2 24 20 14 0 33 29 24 5 25 45 30 27 27 8 12 28 30 13 24 3 30 45 49 19 26 32 42 17 35 
42 4 22 31 10 47 38 49 46 34 36 42 5 24 29 25 22 10 5 41 34 49 21 36 46 36 29 28 18 36 21 31 4 42 38 10 21 46 24 27 43 19 4 20 45 3 10 33 19 3 48 43 23 4 29 25 0 31 31 11 13 6 40 41 5 14 49 21 20 8 43 8 48 47 30 45 16 38 4 13 4 
39 5 11 8 7 37 1 4 16 38 2 44 17 6 2 1 36 25 9 44 20 7 31 38 35 22 35 43 1 17 26 22 1 42 47 42 4 31 18 11 44 30 28 20 16 35 2 11 20 17 22 14 1 18 16 36 39 0 29 21 6 43 38 26 9 12 11 7 49 4 24 7 32 49 12 4 7 1 19 19 19 
42 1 2 22 30 6 45 41 33 9 23 49 46 48 6 21 34 48 33 10 19 17 13 21 29 35 11 39 39 30 27 34 48 33 22 17 12 45 24 22 4 2 47 3 46 45 19 44 29 37 42 8 24 25 5 35 28 19 0 23 1 6 19 30 38 43 28 17 29 45 38 41 8 22 13 26 45 45 29 20 33 
5 49 38 21 23 22 1 28 16 28 33 31 14 22 16 17 6 24 17 45 30 30 41 36 32 25 5 19 11 29 1 5 35 10 35 47 31 19 22 33 21 4 33 24 18 9 10 30 35 20 42 28 43 42 40 32 10 9 14 0 37 33 16 43 18 10 11 8 36 40 16 29 10 1 16 22 21 48 41 43 10 
29 27 23 47 18 18 47 47 36 6 6 12 32 4 23 27 29 13 19 21 43 23 24 46 20 46 27 48 18 37 17 23 30 16 35 15 27 44 36 1 10 3 28 33 27 32 38 25 47 9 30 11 31 15 30 38 20 34 1 31 0 18 44 11 24 37 12 47 16 4 40 32 4 17 31 47 40 26 25 46 28 
7 18 27 24 34 46 42 31 36 45 43 28 5 3 5 30 34 19 32 27 39 6 31 46 19 26 29 32 25 4 34 39 14 8 30 46 39 25 38 35 46 31 11 33 20 9 39 30 24 34 22 28 20 45 32 44 44 21 33 26 6 0 33 21 40 23 15 10 27 47 19 38 28 29 7 44 11 37 39 10 19 
2 9 17 28 29 45 5 34 47 28 30 11 4 3 41 35 2 34 29 3 19 34 36 4 12 48 19 28 10 10 47 5 43 4 32 23 1 30 3 17 18 33 7 32 46 49 22 49 10 1 33 26 25 32 13 8 24 30 42 9 48 40 0 32 9 48 38 18 13 16 25 16 41 27 37 25 3 6 46 5 26 
43 29 47 47 37 34 36 38 5 20 27 20 42 18 45 23 23 3 5 47 1 41 35 37 13 49 30 28 31 2 7 8 36 11 24 23 37 36 34 24 18 18 23 17 5 23 43 10 21 8 17 47 6 28 29 25 43 5 32 48 45 16 27 0 28 48 23 14 22 24 36 22 3 2 28 42 36 22 30 1 47 
25 33 14 41 3 26 22 16 2 27 36 34 33 39 8 37 2 36 48 25 13 29 45 20 7 37 13 26 43 33 28 31 3 3 15 49 24 39 26 37 5 25 34 43 2 47 21 34 43 33 41 26 12 2 37 10 48 13 19 41 42 23 32 5 0 3 23 36 33 9 8 32 10 30 26 41 39 11 27 41 49 
18 49 49 47 5 27 24 44 45 12 20 21 25 32 7 29 15 12 4 40 25 4 18 45 35 23 35 37 9 3 29 32 5 4 1 20 31 36 21 1 28 16 32 27 17 6 21 40 49 5 9 22 2 25 44 39 43 40 47 40 12 19 2 49 9 0 47 25 32 5 45 31 49 27 8 27 16 9 49 14 1 
32 22 48 46 33 41 35 33 36 12 28 12 29 38 1 10 9 42 35 11 46 26 36 45 5 5 34 20 6 48 19 35 2 5 25 2 49 17 9 11 17 16 45 3 3 27 12 39 15 19 2 43 13 41 15 22 22 3 28 5 37 14 15 12 32 47 0 28 35 3 27 26 49 14 28 47 24 41 34 4 17 
5 23 36 43 32 36 6 37 24 39 10 14 35 30 17 27 15 12 21 47 32 20 19 11 34 9 13 7 5 47 33 49 8 15 43 8 23 17 7 1 37 22 8 6 25 20 47 19 37 14 11 32 44 33 18 14 26 5 25 10 15 47 41 37 30 48 41 0 45 17 3 33 39 38 43 41 11 31 37 30 30 
21 44 24 13 14 46 21 43 7 9 45 28 18 37 10 5 12 30 49 39 20 47 6 13 24 4 30 16 1 37 33 30 26 41 36 27 48 35 40 21 18 6 22 39 28 18 39 42 28 42 46 17 40 13 11 16 6 44 42 34 7 23 24 33 40 29 46 18 0 23 44 43 9 41 31 8 6 26 24 4 37 
36 19 19 39 17 26 11 23 22 14 9 43 19 44 21 44 18 42 18 36 7 18 6 28 49 18 33 31 28 32 34 31 15 25 7 16 21 6 18 14 26 33 7 23 27 12 16 46 44 46 37 31 14 26 13 32 13 37 27 3 40 11 3 14 36 26 1 11 3 0 30 36 9 38 29 21 49 10 34 39 14 
39 11 35 41 3 45 43 15 35 32 8 38 27 26 2 31 23 39 9 33 40 24 39 17 40 41 6 15 38 40 1 32 36 42 2 32 21 4 47 3 39 5 20 32 19 47 38 6 33 6 36 40 43 45 8 10 48 6 31 22 46 26 18 39 47 2 13 2 5 8 0 14 16 13 40 1 11 21 9 34 21 
25 27 7 22 30 14 1 19 4 13 20 10 36 44 24 5 35 3 33 21 12 1 20 6 41 21 6 45 19 24 45 15 23 13 4 41 9 18 12 32 10 1 17 41 6 21 49 14 6 15 49 11 24 33 42 33 34 22 9 7 16 44 25 43 29 35 11 16 13 38 27 0 27 41 43 38 32 27 15 10 27 
6 3 41 14 20 14 31 46 46 39 15 34 1 15 43 39 4 46 26 5 48 46 10 47 14 48 40 11 1 20 2 3 13 25 33 34 17 6 45 27 15 23 29 11 28 12 18 42 17 44 35 43 31 46 46 28 4 30 31 25 4 23 13 29 23 1 7 24 41 21 6 22 0 34 44 47 12 30 18 42 47 
25 23 25 38 46 31 10 10 19 13 45 23 15 47 2 9 30 18 22 29 30 28 40 27 28 26 38 28 49 38 6 26 35 31 13 8 11 5 44 34 9 3 14 49 23 38 10 46 25 15 8 12 13 33 38 16 29 36 36 20 9 24 10 23 36 30 34 24 14 39 42 49 31 0 35 22 3 43 14 28 27 
15 35 37 25 43 25 16 45 18 24 18 34 9 37 22 18 47 16 41 44 43 41 41 41 16 30 37 35 11 3 46 13 38 14 46 12 13 37 4 28 19 37 1 44 45 12 1 34 13 13 35 21 37 18 12 48 14 18 36 30 24 7 44 37 19 4 19 18 7 8 7 25 36 43 0 2 18 11 18 13 9 
15 26 34 15 7 34 31 20 47 6 44 28 42 44 22 18 29 4 16 48 40 20 26 31 1 5 25 16 37 42 9 41 22 1 9 13 46 10 31 31 31 30 6 15 37 6 9 41 5 20 30 49 32 32 10 19 7 11 35 10 21 32 29 44 24 19 35 11 33 33 14 43 11 47 20 0 43 20 3 36 45 
7 3 22 9 33 45 45 41 5 34 17 43 8 41 22 40 29 40 6 27 4 43 49 31 27 16 28 7 20 4 40 38 6 32 39 13 38 46 42 43 19 12 40 36 26 46 24 41 2 5 2 13 35 15 27 28 9 8 8 7 2 12 27 27 28 19 22 15 42 26 33 30 30 22 6 44 0 10 38 28 4 
42 49 21 25 32 32 16 25 11 29 20 9 11 23 14 45 30 32 37 3 38 43 13 28 43 42 2 42 19 36 34 22 26 10 42 26 38 13 46 10 38 40 23 3 21 25 16 21 32 43 4 33 35 32 14 35 35 49 26 16 47 42 6 36 23 39 15 32 41 9 29 35 16 15 47 43 13 0 5 1 11 
16 20 3 23 49 17 48 44 2 40 13 46 21 18 13 7 26 37 19 29 15 22 38 27 8 40 30 48 31 47 29 13 33 19 27 40 2 23 28 24 33 28 42 49 42 2 23 1 40 42 20 47 39 22 25 2 36 26 33 25 48 2 17 11 36 42 42 37 43 26 15 15 12 38 6 20 47 12 0 36 4 
48 45 27 31 1 15 21 29 32 14 23 9 49 18 3 10 5 36 43 3 4 40 14 17 27 7 29 37 45 7 34 25 14 11 2 40 32 26 29 4 31 10 37 2 31 8 4 36 6 15 26 48 2 42 41 5 7 16 12 24 25 33 42 30 31 30 14 32 31 45 23 39 15 10 18 8 22 39 47 0 14 
28 39 4 45 21 19 49 21 7 43 35 3 1 12 16 1 20 31 10 19 16 20 38 8 42 24 46 31 1 41 22 5 23 23 18 15 15 35 36 8 43 46 38 7 46 16 34 11 31 28 12 31 1 44 5 5 5 6 9 16 21 25 24 22 2 42 7 38 4 34 46 12 31 20 18 42 6 22 27 27 0 
