n: 80
m: 10
Pi:U[1-99] 57 78 83 83 5 30 41 17 28 93 95 5 16 66 38 27 22 4 67 19 35 88 43 17 51 17 58 9 76 78 59 8 69 40 54 83 62 9 9 54 20 91 67 42 22 60 41 13 15 92 32 90 62 34 20 77 91 34 3 95 85 6 60 93 44 23 33 68 85 26 74 13 67 79 65 83 98 67 83 80 
Si:U[1-99]
0 65 64 31 64 39 36 6 20 22 99 61 99 85 85 73 99 99 16 27 31 69 99 1 10 99 60 99 99 25 99 24 99 1 27 93 99 78 99 99 9 52 99 99 99 76 99 96 7 30 52 99 99 75 99 34 31 99 76 63 75 18 85 12 1 69 18 99 9 99 70 99 39 99 91 52 99 99 78 90 49 
1 0 61 2 22 42 34 14 62 57 82 63 28 39 76 67 66 99 99 58 39 99 99 13 99 99 33 99 55 99 40 30 37 94 76 84 33 13 73 72 27 99 21 58 84 39 24 97 16 99 99 99 99 34 3 99 85 60 61 99 64 13 10 58 99 78 99 97 99 66 46 49 52 99 52 66 42 19 99 99 7 
6 63 0 24 6 51 4 50 60 12 64 88 91 58 36 6 21 85 99 18 99 76 88 75 4 58 10 99 27 99 66 7 99 61 99 99 99 81 37 27 46 94 99 99 30 99 99 64 99 18 39 66 99 76 63 99 81 99 85 79 54 99 72 99 67 39 4 31 99 61 99 97 99 10 99 99 99 58 99 88 91 
4 23 30 0 26 41 4 32 36 44 60 72 7 76 10 99 99 96 6 99 99 22 66 7 99 45 51 87 99 34 99 99 79 84 37 16 78 78 69 27 84 73 84 57 85 84 99 99 99 63 75 99 97 48 46 73 99 36 99 33 99 69 99 99 24 15 10 25 51 99 99 45 99 63 99 99 12 36 58 84 54 
50 45 6 33 0 17 65 41 48 6 39 91 70 7 69 99 99 6 99 10 48 34 46 91 99 54 30 12 99 36 88 99 73 99 1 99 82 13 99 88 99 99 99 99 99 88 1 99 87 97 81 99 60 99 99 73 99 87 4 99 99 67 99 4 28 99 55 99 60 6 99 6 99 99 19 99 99 69 99 99 99 
6 28 48 19 32 0 18 12 30 30 99 25 90 99 73 13 99 99 1 9 54 72 99 99 81 40 34 67 15 99 99 91 96 81 79 99 91 85 10 99 48 99 75 33 99 99 75 99 99 99 52 99 64 72 60 97 99 99 90 57 57 40 39 43 99 99 48 94 99 94 90 99 88 70 99 39 69 30 40 99 99 
32 43 44 26 66 24 0 43 41 28 85 99 4 45 99 27 57 88 12 99 99 99 99 88 7 42 13 99 45 99 57 99 21 96 99 99 81 61 87 99 88 15 99 90 88 82 27 99 99 40 54 48 6 87 61 40 99 70 54 21 6 13 61 30 39 54 46 39 57 85 46 37 45 4 99 99 66 99 76 58 87 
46 46 32 62 21 32 28 0 32 10 75 25 99 37 99 99 72 99 43 96 93 99 99 16 99 51 99 70 78 34 64 99 90 99 37 99 57 99 43 99 99 57 69 99 36 34 70 99 66 99 34 99 99 70 99 99 79 90 85 28 99 69 60 99 57 99 34 88 42 1 79 99 91 55 99 19 19 99 99 99 42 
63 50 12 48 23 27 20 27 0 44 99 99 10 58 13 91 72 40 37 76 99 99 99 99 94 88 99 99 7 63 84 99 99 55 37 99 99 21 49 99 4 99 13 73 96 4 99 99 4 99 99 99 99 85 73 12 76 15 66 99 55 6 99 99 90 66 51 37 99 55 99 99 60 34 99 45 24 93 66 99 99 
39 12 20 22 24 56 35 22 8 0 87 84 85 34 37 99 69 99 28 87 75 99 7 40 31 48 94 1 99 34 13 99 99 51 34 16 99 25 99 43 24 46 4 99 55 70 99 15 90 6 30 33 70 63 54 99 99 1 94 99 12 18 72 99 24 99 12 99 75 76 99 7 99 9 99 12 99 99 97 6 90 
73 84 99 99 1 99 61 7 99 46 0 56 32 46 59 56 16 39 52 27 78 31 64 72 18 99 69 24 76 9 57 72 39 16 99 96 99 73 61 99 6 63 6 99 60 40 93 72 96 70 48 40 99 78 90 99 66 90 48 99 22 61 66 21 66 99 94 99 43 37 6 99 99 52 1 51 94 99 99 99 99 
99 88 99 18 82 99 30 96 99 43 4 0 8 4 53 58 16 17 5 63 99 70 57 90 99 99 96 99 64 64 70 94 82 72 99 99 99 90 82 49 99 25 48 4 10 99 84 42 99 51 58 85 99 49 94 18 15 33 19 60 73 15 88 67 99 99 88 96 99 99 4 99 57 13 99 99 99 99 52 37 30 
72 81 99 55 84 99 16 55 70 99 4 33 0 45 28 38 38 14 48 53 66 99 42 96 19 99 34 22 99 99 33 99 64 99 82 99 97 21 78 57 55 67 91 51 64 99 64 99 21 97 99 25 27 28 45 88 51 13 9 99 24 99 28 99 99 34 99 99 84 96 99 69 99 58 99 91 24 34 18 16 99 
99 96 57 99 18 99 99 58 81 12 24 44 14 0 49 18 46 30 49 6 64 12 3 99 31 31 97 99 30 46 99 99 79 99 58 58 12 73 61 12 52 73 15 99 99 75 99 93 99 96 25 24 28 18 31 99 82 99 99 88 69 63 94 90 39 99 87 99 1 46 27 99 13 99 94 72 39 99 66 51 46 
99 66 1 4 54 40 31 99 27 99 28 21 30 38 0 16 58 33 66 38 99 63 21 99 30 25 73 69 97 94 99 99 72 99 99 99 99 3 69 16 43 9 94 1 99 60 99 79 99 66 99 4 81 87 40 99 99 10 99 99 67 66 46 7 99 99 94 99 88 99 97 24 63 15 99 10 15 58 99 30 88 
54 54 94 45 99 99 21 94 91 99 41 24 18 66 46 0 65 27 2 38 99 99 87 13 90 43 18 49 97 76 99 15 67 22 61 51 13 48 99 4 99 99 36 87 99 57 10 3 78 84 99 99 99 15 33 99 81 79 99 37 57 72 99 18 52 99 99 99 24 51 67 64 99 66 99 82 10 24 99 99 99 
99 99 22 99 91 34 16 87 99 84 64 44 64 16 55 9 0 14 49 3 67 99 66 37 4 87 58 84 70 99 99 13 82 99 25 99 85 78 78 99 45 49 28 67 31 99 30 54 99 94 22 88 25 52 99 99 79 40 75 99 94 48 99 96 99 16 99 30 99 78 21 99 90 70 39 10 67 49 61 40 99 
84 99 33 99 99 18 99 51 16 99 31 58 66 64 44 36 4 0 41 31 24 51 22 15 99 99 46 88 97 99 13 66 73 79 72 97 24 21 99 10 99 81 99 75 63 25 1 6 99 99 22 99 99 55 99 34 97 99 93 36 94 99 27 99 75 18 82 66 30 51 18 75 13 57 99 39 27 66 76 24 99 
99 82 99 99 13 99 42 19 99 73 18 1 22 43 55 58 52 23 0 64 99 12 28 63 16 69 48 99 39 79 99 46 25 67 94 99 75 99 51 21 45 45 33 9 99 16 63 72 48 61 30 30 99 33 9 91 1 51 88 10 70 55 42 99 99 51 40 45 52 76 22 15 99 33 55 99 19 99 99 67 21 
61 88 78 36 55 99 99 99 6 99 29 3 15 46 58 62 64 49 34 0 24 52 99 99 99 7 21 99 43 99 99 99 99 99 61 42 69 90 99 99 43 64 70 99 42 33 66 10 79 99 69 45 99 55 79 81 75 43 99 99 43 99 82 66 99 67 46 75 31 43 25 99 36 16 33 9 67 99 76 99 13 
54 63 31 45 3 90 99 49 94 99 99 75 96 99 99 55 91 99 99 99 0 26 6 20 31 54 41 24 43 45 45 99 22 99 99 99 93 99 99 42 9 45 76 48 97 12 81 33 64 19 22 99 75 85 13 99 99 69 73 15 13 99 99 99 27 99 99 33 99 99 99 99 94 12 78 99 52 9 75 88 22 
93 57 55 15 99 30 73 99 99 52 24 99 49 99 99 78 54 64 99 70 8 0 55 55 59 45 21 4 34 26 63 19 99 51 49 99 15 79 33 57 64 25 43 99 15 78 99 10 64 31 99 46 99 4 99 87 99 49 27 3 43 99 84 57 97 37 99 99 99 91 10 67 22 67 99 96 99 99 76 48 58 
27 12 99 94 99 93 93 64 99 69 48 27 48 33 60 99 42 99 31 99 19 14 0 48 12 26 16 16 10 24 6 22 3 55 99 99 28 18 34 42 85 94 30 15 99 99 30 94 13 69 70 52 99 33 49 43 52 99 13 3 42 91 91 99 55 94 63 99 33 99 85 27 33 99 84 82 42 99 55 25 99 
85 39 99 66 99 43 99 99 99 99 99 99 85 99 99 36 10 99 99 66 64 49 38 0 32 5 46 0 37 40 43 99 93 99 99 16 99 78 39 51 88 42 99 99 99 61 99 85 85 48 7 70 3 60 39 18 10 61 99 96 99 99 49 60 99 31 36 96 61 69 43 66 81 99 75 18 31 27 99 99 31 
63 40 85 25 99 99 99 24 48 99 99 1 99 99 88 79 99 24 55 99 34 42 37 5 0 37 22 37 51 22 99 96 24 24 96 7 34 3 30 99 99 99 37 99 33 97 99 99 72 55 99 4 81 99 78 66 82 84 24 81 84 99 64 87 99 99 18 49 63 99 31 12 78 16 99 99 63 19 79 90 93 
99 27 67 99 99 40 66 63 46 42 79 99 55 99 99 99 90 37 99 21 30 10 30 12 66 0 21 26 52 58 85 87 15 37 7 15 94 12 9 10 91 99 15 55 99 67 84 31 99 75 87 99 28 99 99 99 60 52 57 64 18 99 40 64 64 99 99 99 84 99 93 82 46 13 54 75 99 25 6 99 30 
96 21 99 3 1 49 66 99 87 67 16 99 51 12 99 63 99 99 97 54 29 25 33 41 52 55 0 53 35 33 99 75 97 34 46 52 99 4 37 57 22 99 25 99 99 66 99 99 12 99 27 51 94 21 87 1 66 99 12 99 84 16 18 99 24 18 99 49 99 90 33 78 15 99 87 28 60 99 19 99 99 
54 19 79 85 99 24 99 49 78 99 99 97 16 99 36 73 99 19 99 99 10 26 50 26 53 29 39 0 4 61 6 99 52 49 99 99 99 58 99 13 61 61 99 66 79 15 7 51 99 24 48 45 46 94 52 24 99 99 99 15 40 88 99 43 85 67 27 22 6 99 99 27 99 46 57 63 34 99 75 42 43 
99 42 55 13 37 51 15 25 99 48 61 99 99 99 99 78 37 19 57 9 45 25 27 44 7 58 40 22 0 63 99 99 99 54 7 27 99 99 22 45 25 6 12 75 87 99 49 99 76 93 99 36 99 99 99 49 78 10 37 49 99 69 19 13 1 27 45 88 78 12 37 93 99 99 25 52 99 99 99 99 99 
61 99 99 55 99 99 99 90 99 99 84 82 99 99 33 94 6 60 99 25 58 44 38 23 38 22 38 45 38 0 99 69 81 90 16 99 99 99 9 99 6 99 99 40 4 99 99 48 99 99 7 60 99 24 99 61 99 18 13 54 99 99 87 48 90 43 99 24 84 40 13 3 99 73 49 64 4 7 93 84 73 
99 81 99 99 99 55 99 99 97 42 99 7 57 99 99 43 10 27 79 37 69 1 90 60 90 69 99 99 99 99 0 36 24 14 50 7 36 65 1 56 76 45 31 34 52 99 99 22 99 84 31 99 99 99 24 79 99 67 63 34 99 6 75 90 99 99 90 64 51 9 81 67 64 99 79 99 12 42 99 99 90 
76 12 87 99 88 99 54 37 78 22 52 3 84 96 1 84 85 63 70 99 72 99 19 99 58 79 99 73 73 88 65 0 24 17 4 32 63 53 44 66 82 99 13 37 7 97 99 99 99 94 99 94 58 99 99 60 3 93 18 99 40 99 97 99 34 99 57 81 99 99 48 99 81 84 31 85 64 46 99 58 36 
99 99 60 99 22 42 99 99 99 63 45 7 3 48 99 99 57 99 51 46 75 15 99 31 99 51 64 91 67 87 8 22 0 59 4 42 24 2 20 1 54 28 66 16 88 99 99 91 6 72 24 15 99 64 72 21 99 39 87 9 36 99 99 21 73 25 75 99 99 99 99 10 18 43 43 87 45 73 99 99 99 
99 99 24 99 82 34 82 52 57 43 43 99 79 99 67 3 55 99 99 49 19 99 93 43 99 99 99 22 99 37 36 13 48 0 59 52 18 40 10 10 99 99 99 99 90 78 94 82 84 99 69 37 12 99 12 63 25 91 9 99 51 99 39 36 96 49 99 99 99 99 3 84 48 42 84 99 99 94 16 55 99 
52 69 10 55 99 78 64 99 99 63 12 99 73 69 61 97 99 13 99 99 4 16 99 84 73 46 96 99 7 99 62 26 24 37 0 10 1 63 14 58 34 99 25 15 99 99 54 99 52 28 99 99 97 99 79 48 99 99 30 99 99 99 97 99 4 43 18 39 30 16 4 87 99 90 58 91 99 6 15 58 10 
78 99 99 58 99 70 99 85 13 63 12 99 22 99 25 36 37 90 28 75 81 82 46 93 69 96 28 99 99 30 24 51 42 56 1 0 8 38 57 12 94 99 76 61 99 99 91 99 79 99 87 25 21 40 49 99 99 46 66 99 93 90 21 87 99 99 99 99 85 94 99 22 99 88 82 99 99 60 58 96 9 
31 3 6 1 99 99 55 9 97 39 99 99 37 99 82 40 99 99 6 99 99 39 15 99 64 88 63 82 12 58 64 28 44 60 26 3 0 40 43 66 94 99 99 99 93 99 73 10 70 21 99 36 3 13 99 52 99 97 54 90 99 18 63 96 99 99 88 99 91 54 93 67 10 99 66 99 99 99 45 79 99 
54 75 58 94 99 81 10 16 24 99 25 37 25 18 49 93 24 99 73 99 75 99 12 28 99 99 27 22 69 37 39 39 64 18 25 51 36 0 39 43 40 99 99 54 99 21 99 99 40 99 99 96 6 99 24 36 99 97 99 99 76 34 99 99 99 99 99 67 81 99 99 99 90 13 90 31 99 99 99 78 52 
73 64 84 12 1 97 99 99 36 88 94 63 94 99 69 39 27 99 34 82 30 99 64 58 99 37 99 99 72 45 42 47 8 14 10 46 8 60 0 39 46 99 76 99 7 15 7 4 99 94 63 22 64 57 99 99 6 57 90 99 39 43 99 34 13 99 78 55 15 48 73 69 88 63 24 21 99 99 99 99 99 
99 12 91 45 33 24 28 99 99 3 94 69 99 34 16 75 99 46 13 51 63 99 99 69 99 87 40 99 6 99 58 17 8 64 54 16 12 59 10 0 33 78 99 99 24 37 54 45 73 84 99 61 51 42 79 82 31 99 99 61 99 19 99 99 99 6 99 99 99 99 99 99 6 48 99 57 52 61 63 34 99 
69 12 99 70 57 99 84 64 39 99 39 15 99 61 9 99 99 97 99 78 85 99 43 31 99 72 99 99 99 25 40 52 99 85 87 99 49 99 99 40 0 46 17 5 62 60 51 44 32 59 99 81 73 99 19 81 99 72 99 99 18 28 52 93 99 60 67 27 91 33 46 91 22 94 58 7 90 10 54 28 63 
99 19 54 57 64 99 6 84 99 85 99 27 99 82 99 19 28 51 73 99 54 99 82 43 99 99 99 93 28 75 64 43 82 30 51 99 99 79 34 67 30 0 5 2 64 19 11 22 33 5 99 25 99 99 99 72 94 16 57 79 37 99 99 24 66 99 99 15 76 78 99 27 90 4 99 40 99 69 99 61 34 
3 28 88 64 1 10 76 55 40 99 57 24 55 46 45 99 90 7 28 99 99 25 9 60 24 55 85 99 99 46 99 99 85 28 99 88 46 28 1 64 58 14 0 10 2 56 22 58 65 62 57 99 99 99 99 87 75 19 45 70 99 99 6 99 99 3 75 22 99 36 72 51 85 48 52 73 19 18 99 97 6 
52 99 28 88 3 31 58 19 12 19 30 91 82 99 99 99 85 48 99 96 99 61 99 99 73 33 76 90 9 99 67 64 91 91 15 45 12 24 99 1 3 54 24 0 54 26 34 44 46 24 69 88 64 72 85 49 9 99 99 94 48 99 87 99 99 12 82 43 99 99 99 99 90 10 27 99 69 45 91 85 99 
57 28 67 22 99 99 99 87 84 99 3 99 91 99 31 28 99 24 99 99 99 61 10 99 61 99 78 13 99 58 15 78 79 36 99 67 67 99 99 66 64 57 54 46 0 62 60 54 12 20 28 99 57 55 84 16 30 87 60 94 99 73 99 21 73 99 28 82 99 90 85 13 99 99 45 99 36 27 66 97 40 
99 99 25 57 99 99 99 19 81 1 45 63 94 61 99 4 63 61 9 66 70 60 99 16 90 82 90 15 61 87 36 99 18 34 99 60 99 61 37 99 46 56 9 16 2 0 55 54 54 62 84 67 99 10 99 40 18 25 87 18 42 9 99 19 12 45 99 88 54 99 34 4 82 64 1 30 49 99 88 70 67 
39 99 99 99 87 93 99 99 12 58 7 99 85 31 84 99 10 54 85 91 79 91 34 99 55 85 28 99 99 87 82 99 10 99 10 99 99 99 99 99 6 2 8 46 6 65 0 60 24 46 91 81 79 49 43 64 13 10 99 96 99 85 1 99 99 21 99 99 55 78 42 99 1 94 99 99 60 27 52 21 28 
88 99 66 99 99 22 99 3 99 99 67 69 61 57 31 57 46 99 15 31 99 81 36 67 25 99 99 43 61 46 99 3 10 70 48 99 94 99 97 24 66 62 23 56 32 46 9 0 46 64 66 99 54 48 40 87 70 99 99 99 99 49 36 99 6 54 28 49 72 34 34 1 64 99 99 3 99 99 21 99 93 
54 88 99 13 99 99 99 82 99 87 55 99 99 90 64 99 99 99 57 4 58 78 37 33 91 99 99 46 30 66 1 60 88 18 99 75 99 90 3 99 6 18 64 17 36 44 21 46 0 23 99 28 99 46 13 52 51 99 37 99 99 48 28 46 30 52 99 31 64 19 99 99 36 70 16 99 21 99 99 99 99 
61 84 99 99 49 99 67 84 99 82 63 60 93 99 54 49 99 69 4 10 99 58 69 99 79 27 70 25 67 34 67 99 21 99 46 19 72 99 66 99 4 18 66 19 32 24 56 54 6 0 99 37 31 57 12 37 63 10 99 19 19 13 91 99 99 99 99 99 91 18 49 99 66 97 87 84 99 13 97 99 99 
91 51 93 37 39 99 4 99 43 28 99 64 99 94 99 7 79 16 4 6 99 99 60 22 48 78 99 84 40 9 25 30 82 67 67 99 57 9 10 99 99 99 91 46 99 16 99 61 99 99 0 35 6 4 36 45 6 6 4 38 33 93 93 99 99 55 99 99 75 25 16 72 34 91 99 99 99 99 49 87 99 
99 33 99 73 24 31 34 67 99 63 60 99 99 45 28 99 99 99 99 67 99 94 81 36 99 30 99 99 12 99 99 99 76 1 67 99 93 55 67 99 52 37 6 43 13 99 81 48 99 97 12 0 36 61 23 25 45 4 40 61 67 34 76 58 96 90 99 9 99 9 63 99 85 12 99 97 99 52 99 73 52 
79 94 13 76 33 37 19 99 10 99 3 99 1 54 99 99 99 99 99 99 99 99 87 99 42 99 30 99 99 82 15 90 99 79 99 99 67 7 99 7 99 84 99 42 34 57 99 39 99 16 34 16 0 62 62 30 29 45 10 28 99 84 16 72 78 19 58 28 99 99 93 84 43 70 54 99 13 99 33 99 84 
27 37 99 18 99 33 99 99 88 99 99 63 99 24 99 76 99 78 99 99 99 99 99 16 99 75 99 99 30 30 99 99 99 99 9 48 75 81 99 99 99 99 99 99 96 99 39 46 69 58 64 0 49 0 20 7 31 27 51 33 99 37 82 22 37 99 99 99 85 15 99 61 61 99 99 66 45 94 94 99 69 
99 99 91 34 99 16 69 52 13 75 42 99 1 99 99 37 96 70 99 99 82 61 7 99 22 99 7 45 99 19 66 78 22 99 66 4 28 19 99 15 99 87 99 48 99 99 12 58 63 99 50 65 12 9 0 42 58 64 4 40 85 78 99 99 99 55 99 42 99 99 9 7 93 99 55 21 13 60 99 3 9 
16 1 58 30 99 58 99 39 13 99 40 94 27 66 81 19 99 99 99 69 99 33 46 19 31 57 82 99 93 97 99 99 40 52 69 51 30 99 19 45 61 99 57 19 99 10 67 67 58 99 41 52 54 1 18 0 36 50 60 42 18 99 90 24 99 99 72 64 99 99 42 84 54 99 13 25 99 99 99 99 99 
3 88 99 99 24 79 12 30 99 58 99 43 61 18 99 99 9 1 67 99 84 99 82 99 21 87 49 42 16 99 51 45 78 43 99 40 99 22 78 97 46 16 45 46 6 99 99 15 36 99 51 44 46 16 9 60 0 16 1 34 31 99 22 46 90 39 90 99 15 88 94 99 96 27 99 99 60 99 33 99 67 
99 54 63 99 64 99 60 91 99 3 52 60 48 99 12 99 84 12 9 84 3 99 94 63 40 99 99 10 16 49 99 99 46 58 19 99 66 22 46 58 99 30 99 72 16 73 91 55 12 57 16 40 64 54 61 32 25 0 66 24 99 34 72 60 52 87 7 33 99 10 15 99 73 88 16 46 21 99 48 99 75 
99 12 99 99 99 13 88 10 99 84 18 90 99 90 72 37 99 99 99 99 63 99 96 15 25 7 88 79 99 99 99 99 99 99 99 99 31 54 18 55 66 99 70 1 99 46 99 99 13 99 57 26 43 30 30 57 2 37 0 24 99 69 60 67 99 63 66 72 70 99 63 99 99 99 81 34 99 9 33 60 48 
36 99 99 57 69 58 99 75 63 82 99 99 78 67 16 61 45 99 39 1 88 48 69 99 40 75 33 99 99 99 99 40 99 75 99 66 60 27 99 49 99 99 34 12 99 49 67 22 70 99 27 8 32 5 18 24 2 38 36 0 79 15 96 99 46 55 16 31 99 46 99 43 99 3 99 9 67 40 48 99 99 
16 99 99 58 52 61 78 75 90 30 97 7 99 51 99 99 6 21 99 33 99 99 99 99 99 99 42 16 99 99 75 51 63 3 76 25 91 22 66 99 99 16 51 67 69 24 99 7 67 99 49 22 76 99 99 82 99 60 7 42 0 6 28 64 10 11 62 36 52 9 99 99 1 87 99 42 40 66 57 55 99 
1 93 99 72 73 39 99 97 81 37 36 21 97 22 75 82 84 99 55 34 28 84 61 46 99 88 28 64 75 78 99 82 64 69 61 10 99 70 73 99 99 49 21 49 99 37 36 34 48 16 99 99 99 24 25 99 79 64 88 18 30 0 27 13 52 26 45 3 44 6 27 75 99 76 88 46 22 52 99 3 13 
99 99 78 99 99 1 61 84 97 28 45 73 99 82 16 82 99 9 75 99 99 99 99 93 15 60 99 49 36 75 58 61 40 99 19 60 72 60 31 22 99 99 46 99 67 99 58 78 78 16 43 16 57 99 54 99 99 99 73 25 2 6 0 50 8 15 57 40 18 2 34 82 33 60 99 99 99 36 99 24 16 
99 91 90 18 84 36 99 25 66 43 31 99 99 99 70 79 16 99 16 99 99 99 66 99 66 99 46 54 42 99 99 21 99 40 99 91 57 12 9 99 84 3 27 55 99 99 25 99 34 99 99 99 99 9 99 40 82 31 4 93 24 60 34 0 2 58 1 55 18 21 27 75 99 99 6 88 70 12 99 10 9 
99 99 87 28 43 99 82 99 58 16 99 99 15 33 87 99 99 99 99 99 99 93 28 88 61 99 30 10 81 46 49 9 70 99 99 99 90 99 94 85 99 4 73 37 6 54 96 99 99 37 13 69 99 40 70 99 99 99 88 58 48 26 20 36 0 20 48 7 40 12 76 96 10 21 99 99 73 55 16 37 54 
43 99 99 45 66 34 12 54 99 99 88 96 61 34 67 28 15 99 45 61 7 99 99 99 7 61 99 99 84 99 57 97 99 72 16 49 36 31 25 99 99 34 22 3 66 99 99 99 36 58 13 99 99 1 99 30 99 34 13 60 49 16 45 54 23 0 12 51 21 52 9 99 99 99 99 99 94 13 99 51 39 
9 99 99 3 58 90 21 84 99 46 16 55 64 87 28 84 31 90 96 45 3 99 18 99 60 45 73 99 22 39 31 16 99 10 43 12 36 99 57 9 72 49 99 82 99 99 99 84 21 99 15 72 99 19 96 52 58 99 99 99 41 25 50 60 0 34 0 18 7 25 42 27 12 63 96 99 3 46 99 91 99 
99 99 48 99 43 99 99 90 9 99 99 99 99 30 40 18 52 99 76 84 99 61 72 9 55 10 99 51 12 90 99 52 45 19 99 69 97 99 99 99 48 15 7 57 37 91 99 45 99 75 99 99 82 99 99 99 99 4 99 37 64 57 61 22 22 0 40 0 18 28 99 99 60 70 43 99 28 40 99 70 87 
99 16 3 63 99 16 76 3 99 75 99 64 18 99 57 4 13 82 9 99 76 66 99 99 10 90 55 99 76 75 99 91 99 72 55 99 45 22 75 66 18 72 46 99 99 99 99 9 21 9 99 75 6 78 99 75 79 99 99 67 18 64 29 56 11 58 60 50 0 39 10 91 75 87 82 66 49 36 16 42 10 
81 99 96 99 99 18 3 66 99 52 31 78 21 99 99 99 99 34 28 99 16 19 34 30 99 33 55 99 67 55 69 15 78 67 66 9 99 99 69 16 18 72 13 99 99 99 4 49 99 96 55 99 84 13 51 99 99 99 27 48 49 43 56 44 20 20 56 60 54 0 16 3 99 99 34 3 64 12 85 13 6 
45 34 99 7 27 33 48 99 19 58 78 99 99 99 52 99 99 99 69 99 99 34 94 99 1 3 99 70 91 30 78 99 99 99 87 88 57 96 67 99 21 99 24 99 24 84 99 21 75 36 33 82 46 99 99 99 67 99 57 6 99 88 51 99 49 94 99 43 99 99 0 60 52 14 8 58 44 52 35 34 88 
75 7 64 99 66 19 90 99 54 43 99 33 99 18 99 99 99 81 99 99 99 9 36 99 99 94 99 78 99 10 99 58 16 87 79 99 99 27 34 99 66 81 99 99 99 46 18 99 99 93 51 39 96 76 81 16 84 78 42 99 99 39 13 12 99 22 37 94 9 6 47 0 61 13 42 24 24 59 58 26 3 
49 99 33 96 99 10 99 91 99 91 99 99 99 13 99 99 99 99 55 69 99 99 7 19 66 99 46 99 99 43 99 99 36 75 91 1 99 99 99 9 99 99 99 34 99 61 84 15 60 7 87 99 13 99 99 15 30 33 63 12 85 33 99 88 55 3 42 72 93 91 28 18 0 1 55 22 8 12 66 37 6 
76 99 73 55 70 63 61 99 6 93 33 99 99 99 82 76 64 99 24 66 9 34 45 39 76 99 9 61 64 99 99 46 87 99 42 99 99 40 57 99 84 99 22 99 6 15 21 78 58 97 6 99 90 97 7 39 63 93 22 99 79 64 99 1 69 63 19 99 99 99 66 63 55 0 30 15 18 6 18 9 82 
40 99 31 99 58 28 63 51 61 90 99 79 99 99 99 25 99 90 7 49 24 31 24 4 99 70 99 12 91 99 3 21 82 73 99 99 46 21 72 73 45 75 99 61 81 84 99 69 99 16 61 69 51 48 99 99 4 15 15 99 99 43 37 94 99 12 99 48 99 99 10 34 35 28 0 50 12 38 28 2 21 
99 34 99 39 99 99 88 78 27 99 42 9 99 75 48 49 3 99 99 76 99 81 99 99 99 21 99 49 19 7 45 99 61 3 16 99 60 99 70 93 28 12 99 84 69 99 99 99 99 99 99 99 33 99 57 99 64 61 91 33 76 90 99 84 99 52 24 9 99 99 10 8 52 48 42 0 24 38 10 43 73 
46 99 99 55 7 99 99 87 99 27 99 12 99 99 25 87 60 67 93 99 28 66 4 81 99 99 27 99 21 99 19 99 40 63 45 99 9 99 99 3 7 25 99 99 99 3 63 99 99 27 67 10 40 81 63 60 52 33 1 99 79 6 1 99 82 99 49 99 90 99 48 38 45 25 56 48 0 4 20 28 55 
99 99 78 19 99 3 25 22 84 6 33 99 81 66 99 24 79 99 40 73 99 64 28 54 49 27 54 4 49 99 13 61 69 99 99 42 99 22 99 54 99 97 99 73 99 99 19 99 3 99 87 99 99 99 36 99 99 61 27 10 61 99 21 31 99 58 99 4 67 99 50 25 62 64 4 55 10 0 51 42 42 
28 78 15 43 48 52 33 27 99 49 99 64 99 99 1 70 99 27 99 99 58 87 37 99 3 91 99 19 99 33 99 7 99 22 1 4 3 55 99 99 39 58 54 90 57 79 15 60 99 96 97 40 99 99 93 99 99 99 3 81 25 28 39 36 99 48 99 99 10 21 20 40 54 39 30 38 7 54 0 60 81 
28 25 55 42 91 48 91 99 96 58 99 99 28 99 75 73 87 99 67 1 99 49 81 76 36 94 31 16 1 99 54 33 99 99 99 99 99 21 72 6 99 75 27 99 99 99 16 3 19 1 46 48 99 64 18 75 90 42 67 67 84 31 99 99 91 4 99 58 75 55 50 7 19 48 43 42 6 1 26 0 99 
31 54 97 57 99 21 15 6 3 70 75 99 15 13 93 27 9 99 37 99 51 49 99 75 99 75 39 18 36 82 88 49 63 30 34 99 99 27 99 91 16 99 1 99 84 63 43 99 52 99 82 99 99 30 81 85 75 99 99 10 79 43 99 79 96 99 40 60 99 64 97 55 99 99 21 99 58 60 99 96 0 
