n: 80
m: 10
Pi:U[1-99] 12 21 36 47 56 36 16 21 66 4 3 71 21 10 49 50 72 62 51 85 62 77 69 8 70 62 73 44 77 3 56 74 61 29 1 93 70 54 39 5 86 39 62 73 42 32 1 66 5 9 42 15 64 79 47 94 16 51 92 29 32 3 14 70 11 80 75 5 78 64 99 93 45 17 7 18 37 69 25 30 
Si:U[1-49]
0 23 41 34 27 38 4 15 45 20 48 7 33 19 39 38 19 44 3 2 8 2 33 18 24 4 7 16 14 28 9 5 24 43 25 28 39 5 14 12 37 23 41 32 1 13 6 6 28 15 14 26 41 7 28 21 45 10 49 20 9 49 11 32 40 42 2 32 42 24 16 28 18 47 20 48 4 5 48 3 46 
36 0 19 1 8 44 16 24 29 17 25 29 20 10 40 49 49 32 33 11 28 3 49 46 16 16 6 6 1 38 40 33 39 30 3 7 20 9 34 29 49 7 32 19 4 14 16 34 41 19 37 42 3 48 12 11 6 32 17 4 28 17 32 45 3 29 34 36 13 18 10 40 35 38 6 18 21 6 27 35 32 
33 7 0 14 38 20 15 47 41 39 24 31 3 39 11 4 38 22 2 43 26 33 26 8 3 45 11 31 14 30 8 46 2 27 20 31 1 3 21 8 4 49 19 4 46 16 44 34 40 34 48 13 15 20 37 19 22 41 29 5 47 36 39 37 40 17 29 13 1 38 16 18 21 8 9 48 28 1 33 15 29 
19 6 40 0 32 11 14 33 2 10 23 24 3 6 17 18 28 12 18 29 20 6 11 19 27 12 11 23 12 40 4 4 18 3 37 41 45 29 11 14 1 27 28 21 41 1 23 21 37 24 3 29 36 3 41 24 6 5 18 12 1 42 21 2 18 38 16 7 41 4 36 32 5 20 49 38 5 3 45 13 2 
40 5 35 35 0 13 10 19 33 42 38 26 34 27 35 11 12 40 18 43 12 29 8 20 10 19 10 49 19 31 5 20 3 46 3 43 49 13 5 43 9 30 12 5 5 44 34 14 41 43 5 25 14 17 30 29 12 31 36 15 3 33 30 37 46 43 12 12 29 16 14 4 3 46 42 22 41 32 25 22 35 
48 17 48 29 43 0 21 8 10 5 1 39 37 38 30 32 9 31 32 36 10 24 23 24 43 40 3 10 1 31 47 13 45 11 14 28 40 17 48 38 29 32 24 44 44 11 10 34 42 9 7 41 20 26 24 43 36 38 16 4 3 39 29 35 49 29 22 38 47 16 5 1 3 1 24 48 1 33 19 19 12 
49 6 45 8 8 48 0 13 9 12 19 15 15 38 14 34 40 31 12 5 7 30 22 15 18 3 13 12 38 12 15 38 35 17 35 7 19 9 21 1 34 37 8 19 39 28 9 26 4 19 8 38 35 29 28 5 10 30 26 40 20 48 41 34 38 23 29 7 9 24 19 39 29 32 28 6 8 19 14 16 10 
37 30 4 32 35 18 25 0 31 20 49 31 25 6 35 29 26 4 9 11 44 25 19 12 7 21 20 38 15 27 12 33 7 46 10 42 16 42 48 12 16 22 6 38 18 30 23 43 42 49 14 4 15 2 10 27 5 7 3 10 32 16 44 2 49 46 11 46 3 18 22 18 36 17 12 46 18 37 39 12 43 
6 13 19 33 44 9 3 10 0 19 42 12 36 36 7 23 45 5 30 22 7 27 40 4 5 46 37 42 20 1 28 24 29 42 15 14 45 31 12 40 9 4 17 2 24 12 47 12 32 38 11 44 4 27 19 11 38 34 29 7 42 43 34 49 11 3 32 31 29 13 44 24 35 9 35 9 13 9 20 30 21 
32 30 43 34 3 48 35 33 31 0 24 22 31 28 16 10 31 21 41 11 46 36 23 24 31 15 48 42 42 44 8 12 45 39 46 22 5 19 23 18 49 41 49 47 44 44 18 29 35 44 26 39 38 12 24 20 47 12 16 41 37 29 21 32 14 17 10 39 43 37 26 33 32 44 12 43 17 35 39 44 32 
8 16 16 5 14 19 6 48 11 25 0 49 46 40 35 32 22 1 29 31 10 49 21 11 34 30 42 18 3 34 35 10 48 17 3 22 48 15 14 16 42 46 44 6 10 8 43 31 34 25 13 33 44 21 26 3 17 32 22 42 2 13 44 46 26 31 49 10 13 31 11 3 44 32 4 6 10 38 31 8 1 
40 32 34 6 24 39 45 11 32 37 13 0 23 16 34 19 13 46 33 4 9 10 16 43 22 29 4 36 20 3 48 39 37 7 19 3 27 42 33 46 32 20 24 3 27 45 29 49 14 10 4 36 28 48 1 29 45 21 4 22 47 3 2 3 2 18 41 32 4 49 27 31 1 47 21 48 34 11 23 31 47 
18 39 5 11 21 45 29 33 39 44 3 10 0 4 19 32 28 45 30 38 13 39 43 36 8 25 10 45 7 10 43 25 44 27 28 41 26 2 4 12 39 22 30 15 36 26 18 33 20 22 6 19 22 26 35 12 22 29 14 18 27 40 33 49 2 32 5 21 39 31 9 8 18 17 14 3 7 34 46 13 48 
36 17 5 32 48 23 9 7 21 20 32 37 45 0 39 26 41 9 16 26 46 19 8 36 26 25 4 26 13 35 38 34 25 37 22 19 33 6 11 47 46 38 27 19 32 44 49 12 32 45 31 28 15 29 33 33 46 35 36 2 35 19 49 33 20 8 15 43 14 21 35 38 32 4 1 9 1 13 43 16 3 
45 32 17 30 40 7 13 27 13 11 19 34 9 2 0 26 14 37 11 43 41 35 49 21 15 48 3 48 16 11 21 26 2 23 35 7 40 25 14 22 20 22 37 23 49 48 1 23 9 39 31 9 7 30 8 41 15 39 5 14 49 25 4 21 24 32 23 22 3 2 10 17 49 20 28 17 3 11 9 48 10 
24 24 37 32 41 5 12 19 21 17 44 44 22 39 29 0 28 32 8 28 21 34 31 39 20 49 47 47 35 19 32 14 33 33 38 30 14 8 27 18 37 20 16 11 23 46 32 18 15 2 45 44 43 23 14 43 10 49 13 28 46 12 6 33 11 37 19 7 24 11 39 41 18 10 33 13 4 38 41 43 18 
43 2 21 19 9 26 36 33 24 19 48 28 34 10 3 6 0 41 40 47 10 48 13 48 36 26 42 26 28 41 31 46 42 18 1 33 26 45 6 3 37 8 11 2 35 40 3 10 23 2 46 15 30 48 46 45 14 44 39 44 32 29 26 11 2 20 33 1 44 1 35 29 32 28 16 38 10 12 39 26 17 
10 15 11 30 9 11 41 49 44 1 29 25 18 22 15 17 29 0 1 6 4 34 31 40 34 15 42 24 37 2 9 44 37 47 23 44 25 41 49 47 10 14 20 2 34 24 6 29 36 3 7 8 18 6 45 48 30 15 40 46 7 13 27 44 46 22 9 33 18 19 30 35 38 3 12 13 23 3 12 33 37 
39 46 20 11 2 11 8 2 28 19 49 42 32 4 41 38 19 20 0 28 12 39 7 34 8 49 26 3 47 1 45 47 22 29 45 11 32 34 46 1 12 12 24 37 29 24 10 27 12 38 23 29 27 45 9 14 34 21 22 5 39 25 17 42 28 3 17 45 10 29 41 17 12 32 23 26 18 1 20 44 12 
49 7 3 38 47 26 29 19 15 37 6 25 3 38 9 47 40 32 16 0 27 47 49 18 22 9 11 8 49 19 43 9 31 13 6 39 32 8 23 44 21 32 15 18 41 37 23 1 38 1 18 46 21 4 34 26 42 25 47 15 21 9 2 28 36 9 26 24 6 23 19 43 29 12 43 11 23 31 27 22 2 
36 15 13 23 10 11 12 11 14 35 11 16 9 15 24 6 5 39 24 17 0 1 19 49 41 40 45 17 14 30 40 42 35 34 13 19 39 4 14 36 37 33 48 46 34 22 38 24 39 18 3 16 39 3 36 40 16 15 49 22 14 14 13 24 48 31 22 24 18 19 25 22 23 21 24 14 48 26 36 42 28 
6 20 35 1 44 11 40 35 24 2 18 49 25 27 41 47 10 14 30 23 29 0 11 28 8 11 18 14 29 41 37 32 46 6 41 43 43 14 30 12 21 12 8 6 28 26 30 35 44 39 9 21 37 22 4 15 45 16 7 19 23 17 45 29 12 32 33 16 34 10 35 43 29 42 36 40 12 35 34 6 27 
35 11 16 45 35 41 23 33 29 27 44 27 46 47 49 44 37 14 27 45 48 39 0 12 49 2 35 35 21 33 3 33 9 43 47 7 33 16 38 1 23 20 28 21 33 41 17 48 48 18 28 24 29 41 3 49 43 13 20 9 49 40 44 17 38 38 18 29 33 42 18 21 4 30 46 17 14 43 25 23 29 
7 31 9 19 45 5 7 11 18 13 15 3 35 20 10 8 26 18 7 33 20 24 29 0 15 38 33 14 29 37 29 21 8 26 30 7 19 2 37 33 23 19 22 21 11 26 39 15 47 47 27 16 19 14 41 21 25 21 30 27 32 10 37 8 19 12 24 16 32 29 26 29 10 46 41 29 29 44 10 47 5 
46 2 45 41 34 4 17 38 13 17 2 3 25 4 10 2 27 43 17 46 34 37 17 45 0 32 16 42 39 34 49 17 12 43 25 40 14 20 14 15 27 15 25 2 24 26 46 35 48 4 44 9 13 29 14 42 20 48 2 15 47 27 15 15 10 32 14 13 26 5 20 43 47 17 1 41 7 46 18 1 35 
27 17 28 30 38 40 47 9 18 18 27 49 16 3 37 29 5 16 25 19 8 10 39 8 16 0 35 1 18 44 49 48 22 49 27 19 28 30 18 17 13 10 22 15 29 32 49 34 16 21 31 21 37 24 4 21 30 37 7 35 33 49 14 43 43 49 28 13 34 47 25 19 30 45 14 6 36 39 32 1 49 
45 23 23 23 26 38 22 49 19 33 40 26 21 20 19 13 26 15 33 6 13 16 13 38 36 26 0 42 27 16 46 16 33 5 11 17 14 46 4 20 17 8 45 7 2 34 4 43 27 12 14 9 18 26 44 47 47 32 5 11 29 43 9 38 15 43 29 9 43 20 44 2 30 26 34 27 11 1 6 27 38 
46 25 34 5 6 31 13 48 4 10 16 2 31 29 14 9 49 9 7 38 31 6 27 47 17 49 33 0 46 36 42 47 30 29 36 31 16 24 13 16 46 24 27 39 43 29 40 4 45 1 4 23 5 29 12 25 45 11 21 26 9 17 30 19 36 5 4 47 35 34 47 44 48 28 1 13 17 15 31 44 28 
18 14 2 30 44 46 42 41 20 17 15 31 40 9 22 26 2 15 13 44 7 6 12 14 33 33 37 4 0 39 30 17 5 21 30 41 14 7 48 6 25 13 46 4 19 11 16 33 49 14 11 24 35 32 44 40 47 8 49 31 32 12 12 1 5 15 12 1 14 48 19 13 20 47 39 30 35 11 36 16 23 
12 30 27 28 16 9 26 40 15 19 40 8 25 29 30 28 7 21 39 45 4 31 28 12 4 5 48 4 28 0 38 29 5 24 4 47 45 49 28 6 7 14 36 31 38 35 9 9 24 30 10 43 17 15 14 29 4 46 32 33 2 21 28 17 41 41 3 34 18 24 49 33 35 25 5 20 34 27 6 46 7 
19 18 10 38 30 9 24 28 30 16 30 2 3 10 30 23 26 40 32 29 6 35 5 13 33 33 2 15 2 4 0 37 2 23 18 22 31 21 39 32 26 44 2 37 36 49 43 24 35 6 9 7 5 14 30 5 26 34 7 45 44 16 24 49 30 39 41 19 32 34 8 5 12 41 1 2 7 7 14 44 18 
32 41 16 23 30 13 23 19 25 8 45 18 21 39 17 1 37 39 27 4 4 5 6 15 40 20 11 10 4 13 21 0 30 8 35 26 17 47 4 25 48 19 41 25 18 6 21 12 12 9 22 35 35 47 35 13 45 4 31 16 16 2 14 47 41 33 17 4 27 34 34 34 37 39 37 12 36 40 1 34 25 
36 24 3 48 21 26 3 40 16 16 7 40 32 47 12 40 49 35 41 24 27 22 27 36 5 8 34 9 36 24 7 47 0 18 44 20 39 46 30 12 27 5 45 23 48 13 25 29 4 6 35 8 12 24 25 28 16 38 29 43 47 42 9 49 42 33 2 4 21 22 19 32 47 36 29 49 38 4 13 45 27 
29 45 17 7 17 4 32 26 15 14 26 49 7 37 5 22 21 14 32 10 2 36 28 15 47 18 8 31 17 33 39 6 17 0 26 16 20 28 46 33 8 49 11 21 47 40 39 2 29 8 9 42 15 21 29 3 20 32 17 30 38 27 47 48 19 47 37 26 41 11 21 46 4 38 42 30 19 16 43 19 14 
36 9 10 47 32 12 24 45 9 25 29 21 28 24 38 28 35 17 38 21 19 17 18 1 6 31 5 14 23 27 12 42 13 31 0 17 47 7 24 43 36 27 38 34 5 26 7 7 34 14 7 37 31 15 28 36 27 48 45 35 5 43 49 41 37 6 4 32 16 26 22 22 44 32 2 48 6 21 48 19 43 
9 9 36 4 22 7 1 17 38 1 24 4 37 6 22 9 25 3 46 32 8 33 11 14 36 44 19 25 36 15 5 5 13 10 11 0 11 37 49 26 17 13 43 6 15 32 23 30 28 12 7 21 4 25 7 42 34 11 32 38 47 31 27 34 20 48 38 44 16 25 34 20 40 15 30 48 38 23 3 10 49 
33 22 39 2 31 19 26 42 21 36 21 15 17 15 10 33 19 13 22 39 13 4 20 20 21 11 18 24 21 20 46 35 2 25 47 31 0 39 21 35 6 6 4 42 37 22 41 27 23 42 27 42 27 5 25 42 4 28 2 41 17 11 26 36 11 26 39 46 34 12 35 26 49 45 19 23 46 5 48 27 2 
36 48 2 9 46 2 47 27 8 2 44 35 25 21 35 19 10 9 41 13 36 4 43 32 20 25 15 34 37 21 42 5 15 49 3 5 31 0 38 3 41 32 31 18 8 14 44 23 28 36 13 11 46 22 35 10 22 2 5 3 42 42 4 8 41 14 36 33 15 22 18 45 48 16 17 3 17 36 13 34 44 
17 30 32 12 4 46 1 8 29 23 45 31 23 10 22 28 19 44 6 13 35 37 47 42 25 35 31 18 14 2 35 26 33 17 21 20 30 14 0 5 3 46 15 17 14 1 30 49 18 28 28 31 20 15 21 40 43 26 26 44 29 12 7 35 11 49 33 43 10 24 42 37 27 20 20 22 15 41 20 36 37 
16 16 10 6 5 5 48 18 29 7 47 34 38 11 12 20 36 15 40 2 39 39 15 17 13 5 26 7 8 20 49 35 41 49 49 6 41 2 5 0 11 42 45 37 10 3 45 7 14 9 7 47 2 6 13 14 29 32 12 24 11 17 17 12 22 12 40 34 34 25 45 32 27 23 39 24 11 10 7 23 14 
9 12 3 42 16 36 7 21 10 39 42 8 32 1 26 14 3 41 46 36 44 20 28 21 38 4 13 42 38 42 13 8 34 24 25 47 49 23 20 30 0 43 36 25 46 42 31 32 39 29 17 37 41 31 5 40 25 2 16 27 43 42 23 46 33 48 43 8 42 17 32 12 11 35 6 7 45 16 44 40 27 
29 17 23 7 30 19 44 33 32 43 46 30 36 29 37 8 1 4 21 21 18 12 17 28 19 4 35 36 34 19 35 32 12 16 49 23 39 1 42 40 6 0 45 1 13 8 10 23 2 14 37 2 7 33 26 40 3 46 9 19 9 35 21 11 17 36 1 43 42 40 28 2 29 1 2 46 31 46 37 17 36 
30 8 46 29 22 38 48 46 20 27 39 49 31 6 15 43 29 18 5 27 18 33 20 4 23 28 5 43 38 9 16 14 18 15 26 6 38 11 36 19 3 17 0 3 13 45 44 12 8 26 10 33 23 47 4 20 16 1 32 17 41 36 2 17 11 15 32 37 41 42 8 15 16 20 28 48 11 12 39 13 6 
12 47 37 14 7 20 30 46 6 36 31 11 15 27 47 31 16 45 2 16 43 12 4 20 48 1 7 22 10 26 46 36 37 43 16 45 48 33 5 24 25 13 47 0 4 22 10 12 31 15 1 30 18 4 9 5 6 21 5 21 39 23 28 44 37 26 26 4 34 48 15 48 41 17 39 39 45 2 19 6 28 
24 30 13 27 28 13 8 39 14 17 27 41 17 45 25 9 26 22 39 15 39 26 39 5 41 22 25 17 44 4 46 45 9 19 48 22 43 36 4 32 35 38 16 7 0 37 26 26 17 3 31 18 42 48 34 4 41 47 14 3 18 30 27 15 24 46 13 10 23 49 43 16 34 36 8 31 41 7 38 11 14 
6 42 22 22 33 24 12 17 25 32 49 29 24 4 4 16 4 8 18 32 35 37 49 24 26 23 29 5 23 11 18 18 21 17 28 38 6 5 44 19 43 14 41 17 20 0 47 26 20 46 45 39 1 24 15 17 32 8 42 26 41 37 42 36 42 40 46 49 32 8 44 12 23 26 24 23 29 23 10 32 24 
43 12 14 13 17 14 22 12 18 46 18 35 48 11 21 18 11 12 32 48 31 9 1 35 31 45 29 4 7 42 38 44 14 39 34 40 16 8 28 18 29 26 9 42 27 31 0 25 14 3 40 30 14 15 30 8 12 2 20 31 35 9 33 28 4 27 34 8 49 1 40 4 4 24 18 39 12 9 11 23 29 
8 46 20 41 39 19 44 25 22 24 12 36 43 37 29 23 38 25 31 29 38 3 9 10 40 5 48 46 32 11 37 37 30 44 30 46 30 28 48 4 8 18 12 9 37 33 28 0 20 14 20 48 42 37 19 15 11 10 39 25 31 15 17 42 25 40 16 11 40 45 27 12 37 14 13 10 37 10 2 29 30 
1 3 47 43 2 12 42 6 36 47 34 29 44 34 37 28 29 8 26 36 39 29 7 44 48 35 23 18 13 9 12 24 2 8 33 3 3 46 6 16 46 44 11 16 11 7 24 35 0 17 29 11 40 21 30 37 13 18 45 29 23 18 4 30 24 37 12 47 13 7 45 23 19 13 8 38 24 33 24 25 6 
26 45 2 8 34 15 13 36 44 17 27 5 13 39 43 45 4 19 30 5 29 35 28 8 13 45 9 18 46 4 1 22 4 22 45 42 35 47 9 11 36 48 15 33 14 20 45 32 20 0 1 34 47 1 4 32 32 20 1 5 45 4 4 1 6 8 8 17 1 45 18 16 44 14 29 23 10 26 17 46 35 
5 9 46 10 32 19 1 40 27 23 20 3 11 42 49 36 17 19 16 22 43 10 43 4 39 17 2 26 9 23 25 26 34 10 43 32 40 5 34 26 47 36 6 41 24 48 43 9 7 41 0 31 46 14 29 28 38 6 21 4 14 6 10 37 42 20 47 18 28 46 49 11 40 49 47 13 4 9 7 29 45 
8 16 39 22 19 37 30 19 38 43 12 26 33 7 8 23 41 20 32 33 6 8 25 22 22 47 15 20 25 17 10 2 4 25 37 3 16 22 28 42 30 26 36 32 46 36 48 29 40 3 48 0 18 13 5 42 7 19 14 44 40 37 33 23 8 13 24 39 46 43 36 37 17 32 44 3 16 5 21 21 9 
3 4 3 14 28 21 33 19 49 38 44 38 4 26 48 45 35 38 6 13 14 22 21 48 2 33 45 1 8 6 13 30 29 28 29 33 45 11 24 33 11 4 27 21 13 25 33 44 4 29 45 46 0 46 21 46 23 33 1 16 23 37 47 4 41 46 14 42 27 7 45 45 40 45 47 1 10 19 29 49 26 
26 49 12 28 28 38 24 18 5 30 5 25 8 19 19 21 22 36 22 43 47 27 19 36 43 34 4 38 33 35 29 6 35 36 49 12 48 48 15 5 14 38 6 31 10 40 41 42 47 28 36 5 49 0 33 22 5 4 37 36 14 24 9 24 30 16 18 20 35 12 30 29 6 38 20 29 14 24 39 7 16 
26 37 39 11 3 10 5 38 47 25 33 7 23 17 38 41 44 4 29 26 14 33 4 28 27 10 35 43 28 26 4 48 20 12 32 16 30 31 14 17 4 47 38 30 22 27 24 41 19 3 1 49 34 18 0 49 28 42 31 10 3 19 36 34 20 37 28 45 40 48 2 18 14 27 25 36 41 19 31 29 9 
11 46 42 26 49 43 12 9 21 36 4 29 37 24 37 7 12 15 33 29 4 35 29 9 34 48 46 14 13 8 34 26 22 30 21 21 44 18 17 12 46 7 15 40 47 41 40 49 20 21 45 3 4 35 30 0 11 18 38 19 23 49 48 29 7 14 3 8 27 11 39 26 23 23 1 36 34 41 18 16 7 
48 11 13 43 16 15 44 1 9 27 35 38 47 14 39 46 8 30 18 26 16 36 3 2 9 10 24 31 1 44 19 3 13 22 30 13 28 11 48 30 21 19 33 19 23 1 32 26 37 41 5 18 25 18 48 11 0 47 42 48 1 4 3 17 16 1 13 2 13 19 23 22 16 5 39 30 26 37 42 36 2 
36 6 32 34 29 47 17 39 1 30 37 38 38 48 31 31 4 12 22 30 39 27 6 7 46 21 47 5 33 40 35 44 13 9 26 33 37 8 42 22 45 34 12 5 7 10 23 7 1 25 4 24 28 21 18 24 32 0 6 26 3 8 16 15 8 7 20 9 44 33 13 39 40 13 40 31 36 21 23 26 40 
27 17 40 33 28 27 47 35 30 40 2 44 45 2 28 46 17 48 32 45 16 43 37 35 44 27 47 32 32 5 20 18 48 4 15 27 7 23 35 2 2 8 33 32 3 17 25 43 41 48 15 24 30 28 37 9 11 17 0 9 44 3 4 10 11 11 43 34 31 18 46 46 24 29 29 24 2 10 12 19 40 
2 47 20 11 35 25 18 14 5 8 8 2 37 32 18 25 40 12 47 13 16 49 8 33 25 1 30 27 49 44 31 33 25 33 22 35 31 47 38 28 37 13 2 42 19 25 31 14 29 3 29 7 48 18 29 37 9 15 38 0 31 42 5 24 31 39 33 46 25 39 4 46 28 30 19 1 22 11 36 47 29 
43 36 1 48 3 25 7 33 5 39 30 7 22 31 21 18 32 9 37 38 9 46 39 30 16 27 41 38 17 34 2 9 25 47 34 41 23 47 20 15 34 3 24 13 14 39 26 19 26 5 45 46 21 13 33 36 20 35 1 47 0 27 26 48 12 35 21 20 27 1 39 36 49 3 30 8 43 31 42 25 12 
22 44 29 43 34 4 45 43 36 44 36 49 14 49 2 8 27 16 15 2 44 40 3 11 44 13 31 40 29 19 39 5 45 46 13 29 39 42 31 40 21 32 27 15 47 31 31 24 45 32 31 3 26 8 1 16 23 8 49 27 2 0 43 28 47 49 5 12 31 37 17 47 31 31 8 48 40 23 26 17 15 
47 27 1 16 13 36 3 14 35 24 25 9 42 7 39 19 2 21 45 21 27 34 9 10 36 35 40 34 16 19 36 8 26 6 4 34 20 16 24 44 20 4 27 38 38 13 17 14 41 49 8 14 17 7 8 27 46 19 23 41 22 14 0 43 17 6 8 20 35 24 25 1 5 43 12 5 39 42 16 33 8 
39 35 42 5 40 27 34 13 39 26 21 39 44 20 36 3 39 37 19 17 25 35 2 46 27 32 45 31 18 28 15 10 30 16 46 26 28 40 24 3 6 4 30 35 9 34 25 34 35 35 25 6 17 2 31 16 8 39 4 12 25 8 12 0 25 30 14 30 35 44 6 11 39 9 40 14 49 22 48 35 2 
25 46 40 45 42 12 24 33 21 9 49 40 19 25 2 26 44 12 34 33 25 22 39 44 7 15 23 41 37 8 32 28 12 23 36 7 4 24 7 37 39 41 8 16 23 47 2 10 49 29 20 36 45 9 49 17 22 11 23 33 4 41 33 6 0 11 40 2 28 1 6 32 48 49 32 7 2 14 39 19 38 
43 27 29 16 8 18 20 26 28 23 44 11 27 6 19 8 2 8 9 14 48 32 26 41 14 1 47 3 13 9 7 24 18 21 39 36 11 2 48 29 15 18 18 36 30 11 12 17 21 47 12 21 15 29 39 47 41 12 43 39 38 42 36 10 1 0 28 27 21 49 29 11 1 11 22 2 16 44 10 10 6 
47 40 27 23 17 37 7 7 17 7 24 36 10 5 25 14 41 27 30 37 2 6 26 24 42 25 1 16 8 29 32 27 45 39 30 44 12 4 33 29 1 23 49 49 30 12 43 30 21 43 18 48 40 48 22 7 34 36 10 22 13 32 17 22 42 49 0 46 31 5 24 17 42 27 22 27 7 28 11 6 2 
37 11 9 11 1 5 13 13 5 28 15 38 19 19 42 18 37 1 47 44 24 21 2 17 48 19 47 3 14 3 41 8 16 38 1 35 16 43 14 12 27 13 43 17 4 17 13 22 37 35 15 38 31 42 46 33 34 23 19 34 15 6 32 46 24 24 3 0 14 30 2 26 11 12 28 42 42 8 46 47 45 
9 26 24 10 21 43 3 38 10 19 26 15 25 24 28 40 46 19 38 1 46 20 13 37 24 33 27 39 8 26 33 18 10 32 22 26 26 45 13 5 44 18 29 11 5 45 7 30 5 32 14 9 10 39 3 14 48 18 22 40 24 35 6 20 32 19 2 49 0 35 1 35 36 22 9 30 15 6 37 27 12 
26 9 35 34 47 25 20 18 3 48 39 45 38 43 1 45 24 49 14 41 26 1 12 30 31 34 42 42 36 49 10 32 6 27 33 45 35 42 7 22 11 31 28 25 25 3 16 10 8 9 38 22 36 10 19 26 31 31 6 43 21 10 39 10 33 13 36 17 16 0 44 33 15 49 15 25 17 10 23 24 12 
28 43 20 37 1 14 10 40 40 3 1 3 17 24 4 7 25 42 29 5 43 9 8 46 3 25 21 32 49 30 25 2 18 35 44 41 2 45 15 38 18 36 11 31 35 33 40 43 19 7 20 29 10 44 6 47 45 2 43 49 17 28 35 19 48 2 8 23 13 45 0 2 1 5 15 5 45 17 29 9 40 
15 49 48 17 19 11 29 46 23 45 27 35 23 33 29 29 48 43 48 43 21 16 8 26 36 14 44 27 31 26 5 12 11 11 5 5 23 44 37 10 18 16 9 41 40 30 32 3 29 38 22 22 44 19 41 22 48 43 10 39 8 29 35 39 21 47 25 21 12 22 39 0 12 47 8 49 25 28 8 7 11 
22 28 4 25 3 7 20 39 3 17 14 10 1 10 6 33 15 17 23 15 26 2 29 12 19 13 30 25 1 30 19 40 30 42 28 2 13 5 30 47 47 47 17 24 47 25 33 4 7 27 15 24 11 5 20 19 2 44 14 38 46 39 16 12 17 44 2 49 48 19 34 43 0 13 20 44 32 9 41 42 40 
2 16 13 17 36 23 17 19 2 41 47 12 2 46 47 30 3 9 27 18 5 26 17 46 49 31 48 24 32 44 10 33 42 28 3 17 6 47 12 16 32 39 35 7 12 30 5 32 22 32 21 33 40 17 46 5 20 21 16 25 47 5 35 47 43 33 25 46 41 47 27 10 48 0 10 46 32 23 42 32 15 
38 3 46 38 11 3 27 43 48 26 44 18 34 49 33 31 46 14 30 17 27 25 5 42 37 17 6 44 17 38 44 1 15 16 27 48 41 27 27 30 37 38 49 1 12 35 8 33 46 19 9 41 24 45 40 47 30 37 41 20 35 43 31 45 12 11 28 4 33 11 7 39 19 49 0 12 33 42 17 48 12 
46 2 4 13 45 21 1 18 46 9 22 40 31 20 45 39 26 38 45 26 26 21 23 7 46 22 15 45 37 38 44 33 38 42 13 45 23 20 42 44 42 47 21 26 37 23 18 37 43 25 48 4 1 42 15 1 22 34 19 11 28 27 12 37 26 24 31 4 27 30 37 49 48 43 15 0 43 20 44 30 8 
44 17 2 13 26 12 7 5 25 33 14 45 39 17 19 27 49 23 6 8 46 17 29 36 5 47 26 34 5 47 19 34 33 14 20 22 16 39 7 9 26 34 43 29 33 24 20 18 19 22 9 5 43 36 6 49 41 10 36 41 8 2 32 30 16 22 46 11 43 12 22 14 34 32 36 33 0 15 42 49 12 
26 9 14 9 26 20 35 32 16 27 9 9 40 17 1 47 35 1 45 24 29 32 17 33 34 20 8 44 40 5 2 46 42 8 43 40 23 28 7 29 30 3 6 41 41 46 19 22 7 11 43 17 46 49 46 11 8 26 38 33 5 44 20 49 28 5 16 9 28 42 6 30 32 38 11 31 11 0 47 8 16 
42 6 28 36 29 44 15 15 35 42 19 35 41 8 35 48 4 35 28 21 39 47 30 45 12 27 23 1 15 38 3 21 25 3 45 5 39 49 39 27 5 22 40 20 13 17 8 30 8 20 24 7 33 22 40 8 4 45 26 34 11 7 39 17 18 40 49 42 35 27 43 9 46 35 46 15 32 21 0 4 22 
14 3 18 34 22 10 32 34 3 34 41 45 38 5 2 12 49 41 25 43 45 45 15 29 47 7 39 40 35 39 45 16 28 21 26 16 12 3 10 24 40 13 43 14 20 49 39 13 28 29 8 27 4 42 26 3 35 47 9 16 31 3 9 34 12 9 19 19 45 41 40 4 47 19 46 23 36 20 2 0 48 
27 22 22 47 45 22 30 12 48 27 4 19 4 13 39 38 27 45 46 15 22 7 33 44 15 15 16 2 22 10 38 20 33 3 18 10 5 2 20 25 14 14 12 24 15 39 1 7 4 43 41 36 9 35 16 20 49 37 38 1 6 44 46 14 46 21 20 39 11 13 39 6 49 6 6 1 30 36 48 4 0 
