n: 80
m: 2
Pi:U[1-99] 46 69 47 26 32 32 89 84 47 31 70 79 27 51 39 38 60 36 51 52 44 20 35 50 78 34 21 34 78 80 84 73 34 71 84 32 68 62 53 59 91 62 96 2 66 22 78 92 40 51 74 2 30 20 26 92 99 5 19 63 55 98 59 47 53 93 1 97 86 85 81 11 79 1 20 76 67 39 91 60 
Si:U[1-99]
0 40 6 48 4 60 41 10 24 11 99 37 54 99 34 93 99 93 76 58 99 99 93 87 4 78 99 99 66 10 60 69 72 25 73 99 72 3 55 51 99 12 99 99 85 15 99 19 99 99 6 99 87 34 87 63 94 27 34 99 24 1 13 22 66 57 85 99 99 34 3 4 82 99 99 40 72 54 6 76 99 
50 0 62 60 34 8 58 34 50 25 52 16 43 81 19 36 99 99 99 88 99 18 69 40 99 40 30 96 63 93 7 99 93 99 99 99 67 37 99 99 99 30 93 42 51 36 42 28 16 99 99 19 85 33 28 99 99 99 10 93 1 91 64 94 99 99 19 99 52 85 99 99 79 97 49 97 96 99 99 99 55 
40 43 0 11 53 26 8 46 56 39 78 64 42 99 99 75 91 99 99 25 28 99 3 57 99 6 30 67 21 7 46 82 99 61 99 63 99 36 99 91 27 16 99 30 22 99 34 99 75 45 99 36 96 85 55 97 93 13 55 49 6 99 39 40 6 99 99 99 99 99 99 79 40 67 66 9 4 48 40 99 43 
20 4 60 0 5 15 32 31 53 21 99 99 30 49 13 39 99 99 4 19 99 99 96 99 18 36 37 28 27 84 28 42 79 93 85 22 99 99 99 52 99 37 99 99 57 99 84 99 99 51 99 99 76 99 99 99 18 99 82 99 99 99 70 99 19 4 88 99 13 76 46 90 3 63 99 55 99 99 99 19 99 
26 15 62 52 0 33 48 64 4 20 66 37 87 94 76 99 28 84 66 27 85 99 99 99 99 99 25 67 73 99 82 15 99 99 99 99 99 99 54 64 45 69 9 42 63 60 97 99 99 66 99 12 13 90 99 99 99 99 99 1 7 57 99 75 24 39 99 21 99 42 43 46 4 99 21 99 67 99 10 99 34 
22 8 36 17 43 0 59 19 16 24 37 99 99 1 12 99 99 99 48 31 93 4 79 88 49 40 97 99 12 33 61 3 82 99 99 45 99 99 1 64 57 39 99 72 99 72 99 51 28 99 6 99 18 55 37 99 99 84 45 58 99 99 75 99 85 88 99 48 66 52 93 90 67 99 85 75 99 37 67 63 12 
62 31 20 59 4 35 0 44 52 44 52 60 3 99 67 6 99 30 99 40 99 99 99 99 48 9 60 27 99 99 43 99 99 99 99 48 19 10 99 99 99 97 93 75 61 21 67 60 54 99 99 85 10 21 99 19 99 60 99 99 55 99 99 99 99 1 39 99 21 36 99 84 37 99 93 97 99 4 58 99 7 
58 39 10 40 64 62 65 0 50 14 99 88 31 13 7 61 90 46 64 99 55 75 70 99 69 99 94 72 76 99 78 21 94 61 54 99 99 93 19 27 75 99 99 96 99 16 99 99 99 99 70 3 87 84 10 7 99 27 60 99 90 16 99 99 99 19 99 81 99 7 99 99 85 46 67 99 4 81 15 81 73 
20 33 43 64 53 31 32 31 0 55 99 31 79 49 93 49 10 99 6 93 99 33 4 70 67 99 75 13 99 30 13 30 99 99 37 43 99 70 49 55 99 99 64 39 99 99 24 90 99 76 51 75 99 22 21 99 9 99 99 52 81 28 99 99 64 18 19 12 48 49 61 82 85 6 73 99 99 72 64 64 99 
12 32 19 30 18 62 24 65 59 0 33 42 99 60 99 99 52 99 87 76 19 31 39 9 54 99 88 10 73 99 99 61 99 60 99 43 99 99 99 37 1 33 99 99 99 99 45 99 81 99 99 46 21 10 10 99 58 99 79 48 99 16 99 99 99 48 60 79 99 99 84 43 46 4 55 45 39 16 94 54 99 
60 37 79 84 16 42 99 99 99 54 0 9 15 50 14 22 31 8 30 44 19 81 90 42 73 99 99 42 42 99 57 99 99 93 99 9 99 99 51 81 99 51 21 36 99 90 99 72 9 93 99 82 99 99 76 27 3 76 43 99 57 7 91 33 28 31 46 99 21 31 99 7 64 99 99 36 96 93 99 73 12 
97 24 99 49 72 25 99 3 99 88 13 0 43 51 59 20 30 4 40 36 58 63 46 28 81 84 10 52 99 99 99 48 75 99 4 99 64 99 99 6 48 70 99 96 43 99 97 63 28 75 42 70 99 69 19 55 99 99 18 19 34 24 99 99 49 36 43 99 27 7 91 85 30 99 99 13 73 9 99 33 55 
39 27 27 73 99 87 48 40 99 72 26 27 0 57 38 32 24 60 54 4 99 99 99 81 72 85 93 40 99 99 31 99 99 70 99 97 10 43 84 39 99 88 25 46 30 61 75 40 99 30 1 30 99 36 34 99 45 99 69 99 99 99 99 99 76 64 99 99 75 1 99 51 39 99 43 99 42 97 63 6 43 
99 73 45 18 99 45 99 99 70 93 60 14 60 0 57 24 33 52 62 9 99 25 99 39 9 97 99 6 81 99 7 27 61 63 99 99 81 48 99 45 88 54 28 31 12 99 60 6 27 84 37 66 90 91 49 19 48 67 21 78 57 99 64 99 40 99 42 15 75 99 6 99 99 99 34 91 88 25 1 36 25 
54 34 75 78 48 61 87 99 99 75 35 50 34 10 0 22 61 52 46 13 99 57 9 96 84 9 30 82 99 6 99 84 99 97 40 57 99 99 73 76 12 91 84 7 51 99 99 99 37 45 78 99 1 51 99 63 99 54 88 15 99 78 63 12 99 55 28 78 75 21 76 99 99 99 99 88 66 99 99 67 99 
99 16 48 99 99 91 99 96 99 93 20 0 48 6 8 0 6 51 7 66 48 7 39 99 99 19 22 99 49 99 99 99 99 48 99 93 99 99 52 43 43 64 99 99 99 52 36 75 99 91 99 99 99 72 48 82 48 24 99 58 45 19 99 1 61 55 31 36 33 7 99 18 63 67 91 94 99 99 99 37 99 
39 99 1 99 99 99 55 9 12 52 62 28 45 12 12 8 0 10 52 8 79 45 15 27 72 96 40 72 57 87 75 97 99 3 43 64 99 99 99 99 27 28 99 19 96 99 93 93 25 10 39 33 36 4 99 99 36 99 99 28 99 99 33 36 54 51 4 99 1 99 99 70 55 99 82 75 99 45 90 4 70 
72 6 51 99 99 55 99 67 96 99 41 35 37 46 27 56 54 0 40 60 99 99 99 99 96 55 70 99 24 64 36 97 63 9 61 99 36 64 99 94 4 34 18 87 99 99 63 37 84 7 82 99 99 87 21 99 99 73 31 99 61 99 91 99 70 99 10 99 99 46 90 72 18 99 72 22 78 82 99 99 45 
19 69 81 99 64 70 37 28 99 78 22 13 12 66 36 41 46 23 0 26 48 75 9 49 99 99 99 51 54 49 27 78 6 97 99 99 94 42 36 49 99 10 49 57 18 58 45 43 60 12 63 37 99 69 99 99 9 99 99 60 99 99 1 99 57 64 58 99 87 99 9 45 99 99 21 25 69 87 12 99 42 
99 19 99 22 99 97 4 58 63 22 26 27 66 48 1 53 22 42 49 0 84 25 40 40 18 85 87 13 3 55 63 99 99 1 94 55 33 99 9 99 70 25 85 46 66 99 9 99 6 16 99 99 99 85 40 99 69 94 16 72 99 33 99 99 99 1 99 99 36 99 57 93 99 99 99 99 99 99 63 69 75 
69 1 84 46 99 82 72 18 19 40 57 18 99 99 96 99 21 7 99 99 0 28 3 11 62 48 21 33 18 4 30 24 99 99 43 99 99 99 99 99 64 10 99 97 93 28 13 33 12 99 21 97 99 7 97 63 12 79 99 3 99 7 99 36 55 82 99 99 70 85 43 10 99 52 9 51 28 73 99 60 99 
96 99 40 85 60 99 57 58 99 3 99 52 99 60 61 99 99 99 1 33 44 0 64 28 10 26 38 22 44 32 33 45 99 99 99 94 99 10 34 64 55 60 99 10 81 99 46 63 12 18 1 34 22 82 87 55 6 1 88 90 69 63 99 99 34 99 24 99 99 1 46 99 51 52 99 94 96 99 99 9 30 
96 16 4 39 99 64 24 43 91 99 79 76 84 82 99 81 52 99 90 99 2 50 0 3 6 9 34 18 48 66 99 99 31 99 43 69 33 54 73 79 91 61 72 34 16 10 69 99 99 99 78 9 99 99 45 99 99 99 99 46 99 99 85 31 99 99 24 85 99 99 99 51 46 4 99 99 99 99 84 99 31 
99 55 99 88 99 99 51 1 43 67 7 58 61 75 22 99 15 99 99 99 19 31 22 0 58 34 10 15 58 44 72 99 28 94 60 99 81 9 99 99 69 9 99 78 99 58 85 37 99 88 99 99 99 99 25 30 84 70 99 54 40 99 70 16 66 99 99 96 58 39 99 70 69 72 57 51 99 99 99 55 16 
99 69 99 57 1 93 54 99 15 27 99 99 79 46 99 21 36 99 45 79 49 61 14 12 0 54 10 40 60 6 85 63 99 87 99 99 48 27 3 16 84 10 99 88 99 96 97 30 31 79 30 60 34 75 99 36 79 82 13 64 1 99 54 99 19 84 99 52 15 99 76 48 99 99 72 18 99 99 31 99 22 
99 21 99 37 99 7 99 99 81 99 40 28 99 52 99 99 97 1 1 12 14 57 63 41 33 0 6 11 50 28 99 94 58 60 60 46 69 51 99 99 99 87 90 37 22 99 30 61 39 37 94 82 39 27 91 99 18 99 48 34 60 31 15 99 99 4 99 99 99 4 52 43 3 37 64 51 15 31 99 37 7 
4 9 99 45 79 82 99 87 73 69 39 99 28 33 97 99 73 99 85 94 48 38 2 20 8 32 0 32 40 3 75 10 60 99 94 99 3 99 10 48 24 99 7 70 69 99 54 1 30 99 99 99 51 88 78 10 58 99 28 79 99 99 99 99 15 28 64 39 99 63 76 99 36 99 78 22 16 81 99 76 27 
61 99 13 99 79 13 99 97 33 54 37 25 99 75 96 78 33 64 99 49 60 23 31 2 64 34 25 0 48 16 81 7 99 48 85 81 16 57 99 6 91 37 16 99 99 94 58 99 7 99 4 51 99 88 55 6 34 15 69 99 58 22 99 4 63 99 99 31 45 99 99 4 99 4 99 99 88 99 99 16 99 
99 30 40 66 99 99 16 96 54 99 99 64 99 33 93 40 24 60 84 60 21 32 28 34 2 38 4 42 0 0 30 93 43 91 96 99 82 99 99 25 87 99 75 51 99 90 99 40 64 40 99 30 34 99 12 90 12 45 99 61 10 99 67 90 76 99 99 12 99 28 72 4 99 99 75 39 99 99 37 99 34 
99 25 99 99 76 64 1 61 22 99 84 4 99 99 99 99 27 99 88 99 37 4 22 31 0 21 56 55 64 0 28 58 99 99 9 99 39 99 99 12 99 43 85 54 24 15 16 58 99 39 28 18 70 78 99 99 45 19 78 99 99 99 75 64 94 76 36 91 99 99 97 57 36 16 99 25 42 66 34 99 60 
67 99 67 99 93 99 70 96 99 25 99 70 1 21 42 99 99 1 76 30 39 99 28 99 99 99 22 13 99 99 0 12 34 21 60 42 29 62 43 50 42 16 34 99 99 19 48 3 82 54 12 42 30 45 99 43 99 61 15 99 66 67 97 90 22 99 99 24 40 42 16 73 66 99 99 79 99 99 33 7 90 
27 99 99 61 73 9 99 96 99 45 99 54 99 27 9 51 33 6 3 43 31 97 43 25 99 39 27 99 99 51 46 0 53 45 64 58 27 8 25 9 39 18 4 99 63 21 49 99 18 85 99 33 99 99 99 58 64 31 54 99 64 99 93 99 96 99 99 48 90 99 16 15 63 99 99 99 99 33 99 52 39 
51 7 52 99 99 99 93 46 99 99 99 99 9 99 99 99 99 99 99 42 99 43 99 12 79 46 99 84 63 70 42 12 0 22 65 51 62 36 49 24 12 99 85 52 99 57 6 51 45 99 4 46 99 15 67 99 42 67 99 64 24 64 97 99 79 99 99 99 99 99 51 31 78 15 45 99 31 99 99 99 61 
99 73 99 1 82 6 31 99 93 82 13 39 99 79 64 43 99 99 99 99 57 97 99 69 31 85 15 99 61 66 8 33 12 0 2 23 31 41 60 36 10 99 15 58 64 70 90 99 10 81 67 75 84 99 99 79 61 99 45 94 99 99 28 30 40 99 18 57 99 88 88 99 99 73 33 99 99 99 63 40 99 
45 72 28 99 99 99 9 99 76 4 25 93 99 3 88 18 75 99 30 99 55 33 28 99 30 93 99 13 21 79 34 58 16 22 0 52 6 60 24 13 99 88 63 3 66 34 28 24 88 31 99 88 99 46 3 81 36 31 69 99 55 91 76 90 58 99 18 99 99 9 75 15 99 27 99 54 31 99 99 99 91 
13 99 99 96 10 28 66 76 99 51 88 99 24 99 64 99 75 39 99 90 37 85 99 99 21 27 67 22 30 6 52 22 25 14 40 0 18 62 2 58 9 37 99 99 61 78 99 61 10 21 39 72 10 54 34 99 63 75 90 82 79 76 99 91 70 24 99 61 52 91 37 60 10 99 85 96 84 28 78 99 99 
99 37 69 19 57 79 88 55 34 87 78 28 43 99 63 99 99 66 61 30 73 88 54 72 81 99 54 57 99 99 55 33 34 43 24 61 0 57 46 10 96 55 33 37 97 99 93 99 13 36 76 54 99 99 79 99 99 55 76 43 76 39 10 99 15 99 27 33 63 24 64 51 19 99 99 67 94 27 57 6 94 
73 54 58 58 46 99 99 52 78 45 99 12 99 72 99 51 96 61 7 70 78 99 99 99 82 21 99 37 22 60 41 35 26 27 52 65 55 0 26 18 99 19 99 99 79 99 51 84 54 99 42 15 99 99 99 9 33 99 96 37 15 51 99 52 99 16 99 21 84 99 75 57 99 99 99 99 99 99 36 99 46 
99 31 99 99 97 3 30 34 72 99 78 43 99 99 99 61 82 85 43 99 79 40 99 63 6 72 99 99 99 99 4 10 21 11 64 51 35 42 0 31 99 61 82 7 99 9 76 90 48 99 99 99 99 76 64 99 99 99 99 82 30 94 63 99 99 90 75 93 15 55 33 37 64 97 72 36 99 63 99 99 72 
81 99 99 99 99 99 21 94 13 99 37 94 70 99 70 43 99 99 39 30 69 37 76 52 48 99 99 99 7 99 19 40 32 48 59 7 42 65 62 0 63 60 90 75 99 13 78 99 99 4 99 19 99 99 79 99 99 40 3 99 36 66 48 48 90 9 99 99 19 99 72 36 90 99 97 4 58 99 33 99 99 
48 99 99 24 84 18 9 88 30 99 99 99 55 99 7 28 3 99 49 99 75 82 60 19 30 10 84 57 87 99 99 99 49 99 28 72 78 67 76 99 0 20 35 2 40 24 49 8 57 28 25 99 99 88 19 25 99 37 66 36 99 99 64 87 99 97 28 99 99 43 48 39 22 49 99 99 76 99 4 79 99 
99 36 1 70 19 12 10 84 99 61 13 99 57 99 58 99 99 99 46 30 99 15 33 99 40 99 99 99 99 99 99 1 85 67 48 19 85 99 99 28 48 0 23 6 48 64 25 13 66 7 36 46 99 31 99 1 60 10 99 70 99 88 55 60 45 99 46 96 22 70 99 99 24 37 99 33 9 99 51 33 99 
82 19 1 99 94 99 52 70 13 99 93 61 94 69 99 99 99 87 99 49 13 27 7 99 84 61 99 12 22 34 19 31 93 30 99 21 99 99 99 45 62 36 0 1 45 0 17 53 34 6 99 76 34 97 96 22 99 42 34 99 99 52 99 99 43 28 28 99 99 99 99 90 99 58 84 96 34 99 57 84 88 
99 28 72 91 37 99 99 15 60 19 99 99 63 99 55 42 6 22 99 99 15 60 99 9 3 96 99 99 99 60 60 99 34 10 69 9 99 85 25 10 43 11 20 0 51 6 6 46 51 12 36 49 10 51 1 58 25 99 73 72 40 99 99 82 99 22 99 39 99 82 49 84 60 99 99 79 43 19 64 37 99 
67 99 42 87 84 97 99 99 99 43 60 99 21 99 99 49 21 45 16 99 15 60 99 99 48 90 55 64 99 91 85 27 99 21 49 49 1 93 72 99 28 66 14 50 0 48 57 41 57 47 30 72 99 12 99 15 4 52 85 79 54 37 93 55 99 9 42 34 99 64 27 40 99 99 99 99 49 96 57 12 52 
97 99 57 93 85 99 42 1 99 99 99 31 99 99 99 97 99 99 85 97 76 21 88 87 37 37 46 9 99 76 99 61 49 18 4 24 6 37 96 93 44 7 10 14 22 0 26 16 54 53 99 99 66 96 99 42 99 99 67 18 78 22 37 40 63 99 16 1 49 67 27 21 66 58 58 6 25 99 99 79 99 
99 13 27 99 39 88 45 46 91 99 51 18 1 9 75 54 91 99 99 99 40 96 99 94 51 19 99 18 49 49 21 99 6 39 67 99 75 99 88 87 31 52 36 36 43 23 0 21 41 8 27 99 49 42 79 60 99 99 81 67 34 99 99 99 9 70 48 75 99 99 13 52 18 48 96 99 97 15 87 99 99 
15 37 99 21 66 46 24 6 63 90 13 99 99 94 88 37 67 75 3 40 99 99 99 93 55 19 99 99 84 99 58 99 33 63 91 49 27 75 28 55 22 7 22 40 18 24 35 0 64 65 99 49 81 13 67 7 94 34 73 99 99 99 16 99 82 55 40 99 24 21 7 99 69 1 18 36 24 99 66 66 4 
99 45 82 84 16 52 33 54 51 48 69 75 72 96 45 88 99 43 99 37 79 42 75 99 10 99 30 18 42 61 84 99 99 99 31 78 72 99 3 58 52 58 22 25 52 52 43 6 0 42 96 30 39 99 99 99 57 96 76 72 66 36 70 87 27 99 40 39 40 10 9 99 22 99 96 37 99 28 99 3 81 
78 36 99 94 78 99 28 43 39 67 99 99 37 99 99 54 82 99 15 40 99 51 99 99 99 28 10 6 99 28 27 96 99 99 55 99 99 90 99 96 42 48 48 8 64 30 15 60 18 0 99 99 73 61 79 55 79 94 99 99 99 99 79 21 45 99 99 73 99 54 99 49 99 75 49 18 99 39 99 10 99 
85 85 75 82 6 46 82 21 30 3 52 15 99 99 52 51 54 13 99 18 9 99 99 54 24 85 52 99 39 99 63 66 40 12 45 31 67 96 99 18 66 21 16 24 99 54 37 81 60 85 0 7 63 23 64 39 52 64 18 48 76 91 78 18 99 99 51 34 9 99 87 7 43 99 99 99 99 15 99 76 12 
99 99 40 54 99 99 99 13 99 24 30 72 99 30 67 55 18 31 99 99 99 90 99 25 42 61 99 55 99 93 99 90 22 7 46 99 34 34 90 99 99 43 63 61 99 99 99 97 99 64 33 0 52 60 45 18 43 48 14 46 99 18 21 51 58 99 99 22 78 99 99 99 37 99 99 99 93 34 99 99 19 
75 99 4 39 99 55 42 99 76 99 54 9 66 99 99 61 96 39 37 40 27 91 61 16 87 45 76 99 69 57 55 99 99 61 79 13 45 22 84 81 45 99 99 99 99 9 99 99 27 54 36 60 0 40 17 49 7 64 46 18 99 37 99 99 99 67 54 99 39 43 99 99 99 15 33 99 99 63 99 66 36 
21 45 27 42 99 99 36 99 99 52 99 57 99 3 27 93 28 1 10 54 27 94 97 70 99 99 99 22 99 96 6 99 99 99 99 99 99 99 10 99 48 67 97 99 79 99 18 60 99 37 64 35 2 0 44 60 62 10 18 51 28 91 76 99 39 73 67 66 54 99 64 99 99 91 37 99 52 99 79 91 27 
48 39 81 99 24 99 93 6 45 99 99 16 52 99 13 99 54 78 7 69 67 99 9 99 57 4 76 96 99 97 39 13 99 91 99 75 99 99 99 33 93 99 48 52 91 42 70 55 99 43 63 31 15 43 0 33 30 15 36 36 48 3 99 36 99 49 99 82 25 19 69 52 6 75 96 21 90 84 85 1 99 
52 96 40 99 49 99 9 21 9 99 99 10 48 6 67 99 12 49 21 79 96 48 27 99 90 99 28 61 18 90 37 99 88 49 13 99 99 55 37 99 12 99 88 33 64 99 42 99 99 51 62 8 9 49 55 0 62 16 20 22 19 22 88 46 15 1 99 99 99 99 99 79 88 99 1 90 99 31 45 73 75 
28 15 99 91 99 34 28 94 99 15 51 27 43 99 7 76 99 99 4 6 57 69 63 69 34 1 99 99 15 94 19 51 24 12 21 91 99 99 42 99 99 99 6 19 31 28 10 79 93 57 42 9 30 46 4 2 0 23 6 52 9 97 9 99 99 99 18 90 99 99 79 75 99 45 99 40 64 99 69 7 31 
34 39 45 99 13 81 66 66 99 48 21 12 6 99 61 3 99 10 99 49 51 99 18 99 69 99 97 10 46 99 96 22 52 60 42 49 79 99 94 99 3 99 97 55 36 1 99 61 10 78 47 28 1 51 26 57 27 0 36 12 70 99 99 99 13 87 99 19 99 46 96 69 99 21 99 97 73 99 73 67 51 
15 48 99 99 99 51 4 70 3 99 52 70 99 73 99 99 63 16 72 88 99 99 39 99 58 99 99 57 99 37 55 82 93 93 49 99 70 99 81 99 10 91 99 42 64 40 99 51 52 99 43 10 6 8 17 12 12 38 0 17 33 99 99 54 58 3 96 48 91 72 28 99 99 99 45 99 70 64 6 67 24 
78 99 1 36 9 99 99 99 99 99 22 78 73 10 79 27 99 99 99 99 99 61 73 25 9 12 28 7 78 84 51 99 72 99 72 88 25 99 3 99 99 1 99 99 99 79 99 87 99 37 38 16 22 45 46 10 44 16 39 0 99 40 85 99 76 19 36 76 99 99 52 57 82 81 82 99 31 42 72 99 99 
1 81 97 7 19 78 37 78 1 58 13 33 18 99 12 63 99 52 10 99 99 15 99 73 51 69 73 21 99 16 99 42 82 40 99 12 75 99 99 82 13 91 61 52 87 39 22 99 99 25 57 93 21 99 99 67 1 97 97 37 0 14 18 26 20 34 51 32 34 6 99 99 99 97 37 46 99 52 99 99 76 
99 99 99 99 54 9 27 96 66 10 99 9 64 99 58 99 99 99 36 79 99 87 99 61 22 58 91 73 99 90 18 99 66 64 99 30 99 43 99 57 46 42 93 99 48 99 99 99 16 49 81 94 43 36 34 16 99 49 39 61 66 0 36 24 30 6 32 8 38 16 82 99 39 10 19 99 70 64 99 48 79 
99 99 99 93 99 49 7 91 57 67 40 55 63 99 64 87 39 19 6 61 64 99 97 99 99 91 87 69 34 99 3 96 99 99 24 46 54 76 96 7 22 25 58 21 99 81 99 60 87 7 88 99 88 99 99 6 69 99 46 81 46 2 0 0 16 2 22 36 28 60 99 99 9 36 39 99 87 27 99 63 40 
99 12 16 99 99 42 99 63 99 99 30 58 99 99 9 3 99 43 73 21 78 15 52 99 6 99 48 34 99 39 37 48 99 99 40 60 9 99 22 99 45 99 67 64 7 97 40 99 33 99 99 4 99 99 99 9 70 99 99 51 4 14 18 0 60 39 65 29 22 17 21 19 34 13 7 51 85 99 99 69 99 
45 90 13 99 51 78 37 91 99 99 99 99 99 73 52 99 10 99 99 16 99 82 3 51 36 19 99 99 31 42 76 33 28 99 19 99 12 99 73 25 51 99 99 96 99 99 1 49 64 57 99 13 46 99 21 90 99 4 99 31 4 20 14 4 0 52 5 60 55 46 60 99 99 33 99 25 97 99 99 1 81 
46 99 99 99 99 85 57 99 99 25 73 52 7 52 4 60 28 99 60 19 49 27 99 99 55 54 99 16 75 99 48 16 43 25 52 96 72 99 99 99 45 99 99 52 36 99 91 99 69 99 28 99 99 99 69 64 99 4 99 61 4 52 57 59 24 0 58 16 38 54 48 57 99 9 85 82 15 99 19 55 94 
99 99 24 99 99 99 99 16 63 16 99 6 66 48 4 99 99 75 73 12 99 73 99 30 99 60 18 85 91 46 99 99 96 6 99 36 97 22 58 22 28 99 99 79 63 99 85 99 99 99 66 54 99 99 72 19 99 96 99 42 10 59 39 62 52 24 0 14 26 7 42 99 33 13 91 22 16 99 99 99 99 
99 24 99 43 99 52 49 42 42 99 99 58 27 90 99 97 79 7 73 1 99 6 99 99 87 55 24 70 10 9 99 93 10 99 43 15 60 99 99 99 99 7 21 30 40 34 58 96 94 28 99 99 99 31 90 18 13 99 34 99 14 14 62 16 63 8 36 0 54 57 30 3 76 99 99 52 99 99 99 57 6 
99 99 84 33 99 73 99 57 12 43 87 72 40 4 52 75 69 10 69 34 99 99 99 93 99 37 7 12 42 18 54 99 99 99 99 99 99 10 82 13 66 99 82 99 39 33 64 27 7 49 85 99 94 33 99 60 99 99 99 99 28 4 47 5 43 24 54 56 0 2 99 19 84 99 81 99 9 18 54 33 30 
99 99 99 99 79 34 42 70 52 99 99 99 66 73 37 69 91 99 24 99 37 99 37 99 19 99 85 43 99 99 91 99 79 36 99 34 84 21 99 24 61 99 99 57 75 99 64 63 19 99 99 42 69 58 99 99 81 10 19 99 1 40 6 13 44 22 5 6 48 0 31 99 72 99 99 99 60 7 49 99 78 
99 63 96 46 99 15 99 96 48 99 37 99 61 28 99 99 42 39 99 99 34 99 3 67 99 9 81 85 13 99 99 99 75 81 99 36 99 94 30 70 51 1 70 27 33 78 4 39 54 40 1 99 66 82 57 34 9 39 48 36 13 52 99 99 13 99 99 99 99 99 0 10 4 40 15 36 57 24 14 18 78 
88 99 99 33 99 9 31 69 70 99 99 45 99 97 99 99 99 10 34 70 25 40 99 93 21 1 40 99 9 55 82 99 99 36 33 99 15 28 99 99 16 99 99 70 99 40 99 99 78 19 78 10 99 99 25 99 3 63 90 99 99 99 51 99 64 16 66 99 94 54 19 0 61 48 37 35 38 0 50 36 15 
99 99 99 99 99 99 96 58 75 40 21 81 93 10 78 6 67 55 99 46 48 64 49 99 7 58 99 36 42 99 91 24 99 99 3 99 27 72 9 81 72 97 28 15 33 99 99 66 99 99 70 88 72 15 54 99 7 70 13 24 99 73 24 52 99 99 99 99 99 36 50 32 0 42 2 59 15 51 8 46 25 
79 99 81 37 99 15 52 99 22 99 7 91 18 28 18 99 99 34 99 10 42 99 57 99 9 99 76 99 3 3 99 99 99 99 99 99 99 99 99 99 70 99 18 99 99 99 97 88 99 99 99 99 58 99 1 99 93 61 99 99 60 99 99 28 55 99 18 43 45 49 16 10 28 0 2 62 46 44 16 26 34 
25 88 99 72 10 7 99 64 4 99 30 66 99 99 46 34 39 84 15 99 1 99 99 13 99 66 10 21 42 99 76 99 69 99 48 25 69 99 99 39 66 64 99 30 22 90 73 22 6 99 48 99 78 90 13 99 99 37 99 57 82 15 24 40 99 57 99 99 99 33 33 24 19 27 0 35 61 22 35 36 99 
55 99 21 84 60 99 88 4 99 63 88 99 99 60 69 34 51 24 36 18 88 7 90 99 1 57 45 63 99 99 84 99 1 45 99 99 99 82 99 30 99 78 87 82 6 76 94 64 61 99 7 94 46 99 21 87 27 99 90 99 91 28 25 91 40 51 39 96 42 96 66 24 31 33 36 0 21 53 10 35 99 
99 99 55 85 99 99 79 99 13 99 37 18 21 61 99 99 99 18 97 99 81 21 99 30 70 88 99 60 51 30 4 99 93 99 99 90 7 55 99 43 31 99 76 99 57 84 4 42 13 28 99 49 99 99 99 99 85 63 99 99 12 76 99 99 97 28 99 40 48 34 1 15 46 64 14 44 0 28 53 50 31 
88 79 99 72 51 99 87 46 10 72 99 64 33 73 99 99 99 60 99 16 66 99 84 99 99 21 99 72 99 15 99 34 99 99 99 99 79 87 19 3 99 88 99 40 99 31 99 99 99 99 55 88 99 99 73 3 66 55 99 94 99 12 99 63 63 99 72 21 84 99 52 5 35 64 40 18 50 0 4 36 99 
99 87 99 55 67 39 61 19 99 15 99 99 99 42 25 75 84 99 99 99 79 3 69 99 55 40 91 46 97 99 43 36 82 78 12 18 75 66 88 70 88 91 94 73 99 99 24 99 99 67 99 49 79 99 99 99 63 99 7 57 70 6 99 97 61 99 30 34 10 78 8 7 22 48 28 50 20 2 0 16 15 
99 21 96 75 37 99 99 63 55 99 82 79 48 99 63 84 99 99 46 90 79 48 25 69 3 99 19 4 6 33 58 99 33 99 30 43 99 34 99 4 3 46 78 57 99 99 28 60 40 99 63 21 99 45 93 91 79 99 99 40 6 72 99 66 99 76 99 87 97 31 46 57 48 27 12 52 64 62 58 0 99 
99 99 55 96 1 28 99 67 78 99 46 85 36 99 99 70 43 7 99 99 99 4 99 99 99 67 10 99 99 99 99 46 54 40 19 90 13 13 99 75 79 63 25 94 99 64 75 99 72 22 87 93 28 96 90 43 99 36 99 51 46 76 75 84 99 99 99 24 61 99 99 99 72 16 96 78 64 60 69 27 0 
