n: 80
m: 2
Pi:U[1-99] 86 70 47 5 70 17 27 15 97 25 3 64 8 96 69 29 11 95 10 92 97 61 10 66 75 93 74 34 86 29 50 79 31 59 44 36 51 87 14 39 86 72 38 72 10 14 50 89 95 1 94 56 26 37 37 88 43 84 26 8 71 81 29 75 14 77 30 17 11 37 86 32 13 20 72 40 86 82 22 7 
Si:U[1-99]
0 85 93 18 38 84 1 86 89 16 74 56 75 26 11 67 14 31 67 84 14 97 89 24 1 51 66 5 44 21 78 84 68 78 49 76 56 89 5 84 74 61 78 37 93 5 26 39 36 35 66 22 34 73 19 86 24 50 46 57 87 9 90 60 96 38 38 72 37 60 58 36 62 87 94 88 67 89 4 67 97 
88 0 6 88 49 39 92 60 77 83 86 55 35 53 19 64 8 47 20 62 27 54 47 31 4 56 80 69 85 57 87 78 53 46 6 29 46 56 56 74 33 54 37 10 61 43 99 22 67 52 21 50 71 12 76 60 9 76 30 89 35 91 26 33 17 92 53 15 47 50 12 54 36 39 62 68 20 45 55 83 76 
81 2 0 62 26 7 41 42 47 74 68 12 62 99 7 70 86 75 50 99 21 86 38 71 24 95 27 26 78 12 81 24 64 34 57 41 94 48 51 2 17 23 16 57 8 34 3 48 58 46 59 66 83 84 86 20 27 22 68 76 86 26 80 52 80 43 70 45 75 15 20 39 31 32 13 37 88 42 83 58 73 
62 77 27 0 83 56 44 29 65 92 69 49 50 48 47 83 79 2 77 43 92 45 99 59 3 86 95 13 90 79 12 30 62 26 39 42 29 79 80 7 63 24 43 91 82 12 98 74 67 51 5 84 71 82 11 82 24 79 90 43 75 74 92 89 80 10 71 23 34 32 83 36 10 77 67 90 82 51 89 39 92 
1 52 37 75 0 59 25 7 3 79 81 52 14 81 13 41 57 17 69 45 79 76 11 40 32 33 84 50 34 30 35 66 83 97 84 22 8 31 70 79 27 73 95 97 77 67 67 31 36 7 74 32 11 95 85 69 41 57 91 76 10 63 23 95 66 22 99 88 37 29 32 93 72 97 22 94 4 70 40 18 1 
52 68 65 23 72 0 20 80 90 20 64 21 72 81 88 73 57 64 63 4 67 2 33 79 80 76 73 10 81 77 66 35 89 77 81 75 40 84 8 38 60 43 5 3 23 92 22 12 6 66 86 8 80 35 96 75 10 43 14 7 49 99 85 6 11 27 87 63 94 57 89 50 93 56 4 14 4 69 83 50 69 
95 35 47 18 35 76 0 76 57 31 4 81 37 4 16 75 89 80 31 17 6 80 90 96 28 10 77 11 89 44 67 90 41 54 26 90 54 66 97 49 49 63 48 79 15 90 12 48 77 92 21 85 90 86 29 23 71 21 40 25 60 11 85 67 96 50 45 35 55 43 55 45 64 1 94 79 19 49 59 39 30 
6 19 60 1 77 14 44 0 13 35 32 66 93 12 12 35 53 8 84 6 17 57 93 8 61 4 68 18 36 94 99 7 98 83 40 89 77 9 94 3 24 3 65 49 59 85 45 10 57 79 86 98 69 31 7 69 20 62 69 3 48 19 32 21 61 46 38 84 62 92 47 7 93 27 77 50 37 63 71 16 29 
84 41 1 99 34 99 97 95 0 67 29 34 28 87 78 38 95 87 35 8 34 95 55 87 24 80 56 67 51 24 61 38 98 77 35 34 44 81 93 40 35 21 19 30 98 14 85 50 55 50 88 31 23 84 3 95 63 31 48 68 31 3 59 57 69 35 74 34 30 79 77 70 49 5 31 58 36 58 55 27 32 
16 30 28 71 41 19 26 19 58 0 50 88 92 64 60 68 24 7 4 48 9 58 30 1 73 86 9 14 87 59 88 59 51 72 15 16 48 65 88 2 29 80 57 91 81 4 38 68 73 96 69 6 22 52 45 22 51 54 99 99 66 46 12 83 37 97 70 66 12 61 28 62 16 55 57 77 99 50 31 86 87 
13 87 82 41 92 68 25 94 87 58 0 50 42 17 48 92 54 95 6 41 87 26 80 14 28 22 66 21 58 59 1 59 64 89 98 45 20 31 93 8 46 5 38 40 91 76 84 85 47 3 15 90 21 36 79 42 96 77 90 46 72 63 36 35 63 71 82 36 64 49 74 81 56 18 89 98 65 43 12 44 89 
91 31 54 82 53 1 15 74 61 6 87 0 68 68 43 26 66 46 94 20 35 43 53 25 85 4 70 48 36 93 3 25 70 13 58 92 63 59 96 13 67 90 73 89 66 52 89 44 56 50 1 63 29 13 16 41 47 70 78 77 96 60 31 16 9 84 83 27 4 94 16 84 87 93 7 59 86 14 71 35 61 
34 70 76 67 14 65 1 84 2 12 37 3 0 46 2 23 55 50 3 56 34 36 32 22 61 14 37 86 46 37 65 41 38 66 17 66 88 45 61 60 94 90 56 73 95 4 83 26 49 79 42 98 57 84 7 84 86 76 49 73 52 23 91 45 81 15 34 27 34 4 19 69 17 40 53 17 33 85 11 27 50 
49 20 19 66 75 79 48 2 21 71 50 42 97 0 25 86 86 46 41 31 20 14 4 62 9 5 11 32 96 59 63 59 38 12 6 57 78 62 27 60 25 29 6 57 2 60 92 33 30 2 24 76 54 76 13 86 25 75 76 16 68 35 92 75 89 57 58 15 91 97 29 19 50 36 67 88 13 85 52 66 31 
33 31 16 67 38 72 51 19 51 33 40 99 18 98 0 15 47 87 73 26 47 95 7 95 52 59 22 42 27 37 19 33 22 59 54 56 27 59 55 65 96 45 84 7 52 21 80 80 27 11 2 8 8 24 19 75 18 4 91 6 75 40 84 78 91 59 48 19 35 88 56 42 23 29 14 62 14 18 66 74 6 
82 31 32 61 91 26 67 78 65 25 67 55 36 23 88 0 70 80 2 86 52 87 62 77 53 59 65 45 14 56 41 94 31 89 77 82 72 86 92 99 25 64 38 54 21 61 79 9 5 41 98 6 97 45 89 58 12 54 92 90 70 77 99 18 24 67 50 35 5 24 60 65 42 36 13 90 28 24 30 37 95 
36 71 36 18 15 13 6 56 84 63 99 62 98 27 77 44 0 90 23 85 10 65 28 67 24 58 15 90 81 25 17 82 55 75 46 11 31 2 39 31 14 16 91 3 81 90 83 28 38 91 88 32 70 38 2 65 70 35 70 6 71 43 45 33 68 94 92 63 5 19 68 8 73 95 12 11 3 72 11 51 51 
94 18 89 66 32 97 45 23 81 3 98 99 79 79 80 40 5 0 35 9 2 71 80 34 86 8 40 72 14 47 82 78 9 14 34 78 46 27 78 50 3 71 93 47 75 17 22 11 57 91 82 26 36 82 42 70 51 30 19 83 39 14 42 89 35 30 72 99 90 52 74 16 64 63 19 30 44 79 25 22 88 
58 37 35 46 46 21 23 79 28 76 86 80 39 11 68 12 46 81 0 50 10 99 58 56 67 91 54 69 83 13 59 60 87 70 68 77 61 87 21 87 65 36 30 63 88 15 90 44 69 27 61 75 52 57 59 13 62 80 84 59 75 45 55 19 11 31 70 45 64 58 90 56 23 77 13 89 95 38 74 43 88 
55 37 93 75 12 51 57 3 23 77 19 4 75 49 20 50 2 52 79 0 31 76 56 88 6 65 20 54 31 3 72 89 20 94 20 62 28 77 37 36 60 34 64 83 21 72 94 5 40 87 8 13 45 60 68 39 90 66 71 60 33 74 79 27 54 90 53 77 60 56 42 29 2 95 98 91 76 22 19 71 63 
24 58 84 45 3 26 74 41 62 35 85 84 9 81 33 92 60 13 33 60 0 26 21 1 33 66 70 58 99 38 88 12 32 43 64 91 62 83 51 67 48 30 53 44 58 18 12 20 57 93 70 72 82 41 7 39 88 48 16 13 31 66 11 17 80 9 78 89 57 40 21 11 45 30 26 17 49 96 96 30 54 
86 39 37 16 90 40 37 74 37 54 8 20 5 77 60 4 54 85 47 24 15 0 72 94 9 8 8 56 47 27 16 44 53 44 22 91 96 87 22 34 1 53 17 75 3 59 63 6 77 44 39 17 65 18 50 13 86 81 16 78 11 93 58 95 8 61 52 89 13 22 58 70 93 19 46 13 25 30 3 73 63 
37 1 82 3 16 13 37 65 23 49 74 80 21 1 12 49 87 82 66 85 5 41 0 51 3 5 3 28 39 48 45 51 29 26 99 35 84 9 27 13 33 42 32 17 20 69 73 84 16 66 51 48 52 28 61 67 20 84 20 47 13 7 90 15 18 78 81 26 21 15 33 42 76 40 28 53 86 3 17 40 70 
99 14 54 38 61 65 90 90 71 87 47 51 74 11 66 77 38 80 66 82 83 76 65 0 26 20 84 71 23 38 49 27 80 99 96 92 79 13 7 40 29 87 89 58 86 73 97 10 25 36 69 42 23 32 51 76 12 8 31 18 88 86 83 14 3 23 32 98 59 23 5 96 5 90 37 88 17 98 3 39 95 
51 94 52 75 33 43 25 64 90 89 66 39 18 71 26 78 28 1 26 1 9 14 28 80 0 40 1 15 5 49 50 34 26 57 45 34 35 23 95 45 24 60 6 64 25 79 61 14 95 97 12 90 41 22 95 62 59 11 77 36 70 83 89 17 59 93 30 97 14 29 57 72 62 17 52 11 45 67 83 74 38 
93 51 51 49 96 10 9 30 82 83 40 97 39 43 35 88 11 89 8 65 36 67 90 78 33 0 89 74 88 79 78 23 64 54 9 22 30 94 26 94 7 59 77 77 48 15 43 41 72 84 10 71 92 31 9 36 14 68 55 18 73 53 31 90 57 35 99 63 92 38 28 99 73 73 1 94 17 63 66 53 52 
24 59 16 71 22 51 40 20 34 64 87 92 3 2 36 42 12 75 33 25 63 4 25 58 19 65 0 50 98 47 81 35 36 87 39 84 64 85 2 59 49 25 56 99 48 8 5 47 25 76 17 70 3 55 88 23 23 93 37 99 7 53 42 66 17 53 6 7 62 76 83 14 2 59 29 77 25 46 21 98 72 
79 94 72 14 40 65 29 57 87 32 71 55 66 30 70 69 31 16 85 34 28 99 31 76 98 73 56 0 25 44 3 71 61 46 29 94 4 66 38 34 3 5 78 81 47 38 59 80 19 13 54 8 70 53 44 34 41 28 3 67 56 61 53 36 72 89 45 78 75 9 63 90 42 73 61 38 75 42 93 62 62 
58 12 86 24 26 60 14 47 34 76 35 78 6 7 94 36 64 5 11 61 22 48 49 49 26 99 72 20 0 33 19 70 77 22 95 64 76 90 91 96 20 12 66 15 91 88 1 93 61 46 50 68 80 10 86 34 45 60 97 53 70 50 30 31 84 7 20 13 33 22 7 98 82 1 90 95 99 73 69 71 1 
75 53 64 73 91 49 28 73 6 40 46 33 64 22 80 69 65 76 68 36 72 45 97 64 62 26 52 32 82 0 96 84 89 5 11 45 52 65 85 95 18 12 13 12 41 53 38 87 85 97 42 97 82 2 19 72 5 20 68 41 81 18 40 16 69 58 20 97 55 73 47 44 58 58 58 2 38 51 87 69 52 
39 17 49 76 37 63 72 73 33 57 57 70 80 80 61 55 25 17 84 83 69 70 65 51 84 53 69 3 81 89 0 44 47 55 54 5 85 5 17 74 1 83 26 5 98 74 50 1 67 72 98 5 6 76 2 43 31 96 20 77 26 76 12 57 91 27 20 50 47 3 25 99 80 18 55 36 59 6 80 42 42 
93 20 15 1 11 80 51 24 68 13 54 31 9 54 20 45 18 53 46 71 45 12 80 4 81 22 7 37 62 18 77 0 61 6 64 88 59 44 22 65 12 34 73 7 41 86 15 50 63 5 47 6 18 30 6 65 52 51 72 55 53 46 11 53 35 44 50 92 52 75 23 3 28 48 85 87 77 57 72 40 47 
46 6 73 66 34 85 57 46 94 26 50 93 42 48 71 39 85 87 96 85 98 71 42 52 59 49 25 32 34 15 48 61 0 22 90 1 98 72 14 97 95 24 78 56 94 75 18 17 4 37 31 13 92 73 23 98 46 15 45 37 7 37 24 74 46 40 10 8 91 51 7 13 89 54 19 78 18 19 79 16 53 
44 79 79 70 40 22 41 61 61 79 34 15 26 33 29 12 32 57 21 99 4 75 11 19 65 81 26 5 23 44 39 21 79 0 56 60 42 64 81 75 6 40 25 78 67 33 9 28 88 75 12 64 96 95 17 82 49 99 52 10 60 17 7 2 87 63 37 19 93 56 8 25 75 94 11 80 26 79 20 92 22 
6 32 23 58 74 39 11 87 57 84 4 15 74 81 43 49 11 33 44 64 68 34 45 76 69 57 56 63 90 52 7 16 27 29 0 96 78 98 39 73 12 20 16 68 26 63 98 84 95 90 14 59 42 89 47 87 22 40 39 21 72 84 31 48 77 21 36 18 16 92 56 42 98 30 57 66 63 40 74 13 55 
95 89 69 75 89 47 92 26 27 49 33 55 88 65 35 47 18 99 5 56 15 50 86 93 91 42 8 14 54 32 24 88 48 63 73 0 50 52 10 64 74 51 68 21 80 37 30 38 37 86 52 84 86 54 17 26 44 35 72 99 13 94 98 45 23 38 75 21 33 23 53 38 62 73 88 78 12 35 80 75 77 
14 23 87 63 91 4 86 16 19 73 89 1 57 82 7 35 19 14 38 54 80 1 38 40 60 40 1 92 97 32 54 66 15 48 45 72 0 58 92 81 17 59 66 37 6 59 89 30 60 19 46 68 13 33 36 53 74 86 80 63 40 55 50 9 89 29 58 63 95 5 72 42 10 49 37 64 7 17 87 33 58 
12 80 41 20 77 41 72 60 41 27 54 7 35 91 65 1 97 30 33 74 77 93 18 78 11 33 74 22 66 58 35 86 35 67 2 4 63 0 11 1 9 25 77 75 67 43 57 31 4 45 64 59 11 35 74 97 65 47 68 10 15 90 39 63 41 93 26 80 14 82 11 86 87 44 28 25 75 28 39 61 21 
75 39 12 50 13 24 62 69 9 36 60 50 1 79 41 31 11 88 98 10 36 67 92 22 31 33 29 35 65 94 79 33 27 54 17 92 87 86 0 34 20 52 35 96 35 26 92 98 21 65 40 63 35 29 53 77 61 60 6 69 4 20 8 83 41 76 27 69 54 93 18 17 58 68 69 50 26 47 74 47 31 
23 68 42 82 61 79 15 81 47 55 9 98 68 45 99 54 62 80 44 65 16 87 31 95 17 15 91 87 99 32 26 31 50 28 62 36 3 93 77 0 13 71 1 88 49 5 85 59 57 96 54 53 27 85 19 4 9 36 71 1 23 36 96 57 6 31 15 37 70 67 85 41 80 9 26 37 71 97 67 88 81 
89 51 27 3 77 25 76 33 99 5 54 59 5 12 68 30 2 26 22 51 68 8 40 71 89 99 70 2 63 7 33 64 13 2 39 12 82 16 36 32 0 92 56 44 27 9 38 80 55 42 12 8 11 84 38 15 16 14 58 19 75 80 53 34 97 60 95 36 80 60 57 42 33 14 67 38 49 46 95 44 37 
57 2 29 59 75 16 4 69 40 87 70 67 7 95 45 4 34 36 98 51 42 18 2 51 12 33 71 80 77 81 73 70 78 33 42 52 85 58 18 50 76 0 20 10 93 13 14 49 41 43 73 33 21 95 97 86 39 40 61 17 69 61 88 92 3 69 77 82 54 66 25 34 60 26 35 74 44 47 65 32 14 
8 88 60 28 79 34 99 19 82 35 79 41 20 75 82 77 78 80 63 62 26 16 87 84 45 98 48 23 33 1 55 32 72 99 26 17 95 6 22 16 77 90 0 15 77 14 81 16 70 73 74 24 14 44 55 3 93 81 51 61 82 69 58 90 65 42 54 73 25 62 37 95 27 49 35 5 87 60 88 44 88 
48 69 66 46 92 42 82 85 45 89 72 22 33 86 70 91 66 52 19 5 92 94 43 60 55 34 82 83 17 90 35 51 79 70 39 52 23 69 8 74 37 35 80 0 63 15 13 53 17 26 19 70 26 65 51 83 4 70 76 64 36 62 60 9 92 58 59 15 87 47 50 60 8 74 96 41 3 81 26 88 82 
25 57 70 6 12 62 61 1 59 3 97 29 80 34 72 67 20 94 33 3 28 52 54 7 41 76 38 78 30 69 86 52 37 20 47 7 54 72 65 56 53 91 11 70 0 94 92 53 23 88 8 76 79 31 36 37 57 42 56 98 26 15 84 52 92 90 56 84 35 3 50 39 80 52 79 14 68 95 31 31 65 
89 18 81 93 64 59 89 82 46 3 57 88 73 37 12 26 8 89 95 52 46 44 35 40 42 36 18 48 86 94 79 8 14 74 46 15 14 36 35 40 39 1 95 49 96 0 20 20 91 77 48 27 32 87 46 39 62 8 76 40 13 30 52 85 93 97 5 36 81 91 47 21 85 40 67 67 49 17 81 29 53 
94 16 32 10 31 15 92 72 28 5 28 13 15 54 83 25 79 33 66 39 60 90 60 6 11 86 52 30 61 53 94 53 54 53 44 35 10 13 98 19 57 42 87 91 32 29 0 29 47 24 81 79 49 44 63 69 1 17 95 34 8 89 66 24 27 65 50 12 42 20 39 64 10 74 90 73 8 78 26 32 90 
43 34 69 67 60 20 11 79 55 20 2 4 37 57 57 54 75 24 54 12 56 52 84 61 51 9 50 99 47 97 84 59 65 9 95 33 13 33 16 95 7 64 16 53 9 21 35 0 72 9 49 18 42 30 2 94 8 84 45 22 35 49 22 89 20 72 92 22 37 66 46 99 43 71 72 82 26 21 56 91 62 
83 62 98 42 36 36 5 68 30 85 44 41 23 10 46 55 91 62 9 77 76 56 87 75 58 42 65 80 10 98 71 45 58 7 18 96 22 25 65 61 61 53 28 80 48 86 40 25 0 95 21 55 46 97 99 33 21 50 65 15 98 92 56 72 57 15 98 31 68 6 97 7 67 71 33 46 19 47 67 74 23 
96 54 96 67 24 42 29 97 4 18 33 52 30 29 53 74 70 47 20 91 48 47 46 29 32 36 63 54 98 52 38 59 51 65 68 67 1 77 94 69 44 33 2 22 29 80 98 74 65 0 1 15 23 22 28 15 20 45 89 3 95 10 94 33 50 42 71 94 24 81 66 12 29 39 18 34 13 50 63 16 82 
11 85 15 37 88 18 64 77 43 88 28 46 93 22 19 99 52 64 46 35 63 46 27 19 27 58 37 82 48 18 49 11 98 11 61 81 30 54 69 31 76 49 3 78 93 7 14 1 19 10 0 59 10 35 27 21 75 24 56 93 34 44 51 34 73 42 83 70 46 41 67 46 54 40 2 37 16 24 44 88 36 
74 22 25 38 7 68 18 3 81 6 83 34 42 73 86 32 95 53 83 77 69 58 8 40 26 97 12 79 49 17 12 53 82 52 47 43 95 33 31 23 90 56 3 7 41 86 19 43 69 30 98 0 28 36 16 10 15 20 98 15 81 32 15 74 31 4 88 11 39 36 81 15 55 2 42 51 59 17 66 76 12 
14 18 70 92 79 47 43 87 48 4 32 44 99 80 29 54 25 90 74 30 65 54 22 14 90 39 42 95 86 91 30 52 43 56 90 5 4 73 59 47 80 68 15 83 22 44 10 7 10 20 22 15 0 74 44 14 57 8 35 95 65 1 85 39 73 51 20 11 43 18 34 58 86 50 81 92 82 46 64 38 65 
57 94 40 19 37 11 69 54 12 48 77 17 62 24 98 51 80 15 89 46 67 97 99 4 43 7 95 87 67 70 90 9 33 54 31 79 3 81 84 73 70 35 25 57 42 72 83 8 51 76 56 40 74 0 3 3 26 26 39 71 40 30 77 5 34 64 64 50 99 64 48 48 41 8 14 19 27 94 64 57 3 
78 30 3 84 28 20 50 78 43 55 61 81 34 72 98 31 40 42 22 31 80 23 78 79 54 6 43 69 16 11 14 53 99 54 44 7 34 44 35 73 43 75 24 19 24 89 5 56 41 52 81 54 41 24 0 63 52 98 15 14 71 24 66 16 69 13 27 12 49 48 62 9 98 76 15 21 26 15 62 47 92 
46 30 51 50 24 77 54 48 49 38 94 27 41 85 36 52 81 54 80 75 54 18 62 41 10 59 95 27 8 74 33 98 36 96 35 23 94 47 30 76 60 71 25 23 76 71 31 67 21 95 53 21 96 95 40 0 92 23 47 68 55 50 41 40 1 55 37 36 52 77 69 29 79 67 72 24 62 9 18 82 78 
40 4 17 12 85 49 81 65 95 8 86 80 51 1 73 61 39 4 28 80 98 94 63 33 66 4 92 86 98 42 6 40 30 67 41 82 93 83 22 73 34 83 35 75 21 57 66 85 83 95 23 74 11 8 92 58 0 11 41 80 50 87 48 39 92 40 11 13 55 43 51 63 22 13 2 75 19 74 68 95 34 
31 73 72 83 61 80 56 78 81 67 19 28 8 20 19 45 17 73 82 44 28 57 9 72 42 9 60 11 6 24 83 50 35 85 38 86 40 77 86 82 10 49 72 48 57 25 31 19 22 32 63 55 48 49 49 39 71 0 72 5 84 47 65 85 79 58 57 68 40 40 30 5 36 84 97 91 27 64 39 52 64 
91 44 54 30 38 41 66 55 68 90 44 34 87 69 89 32 39 47 5 55 17 24 49 78 62 95 68 52 16 81 32 40 75 66 81 71 1 58 65 75 34 68 8 99 45 93 62 76 7 48 45 78 13 46 19 75 8 9 0 65 57 67 93 52 32 25 98 96 55 49 76 35 30 67 87 12 89 94 81 35 73 
45 73 25 63 46 27 80 94 85 61 32 1 78 72 17 16 76 7 34 91 20 49 24 97 16 11 40 45 2 52 76 37 46 86 42 17 31 67 33 54 52 68 22 42 35 5 28 12 7 36 2 76 55 76 89 30 29 59 97 0 3 18 26 99 1 19 79 21 68 60 87 32 29 96 47 12 43 96 38 31 99 
84 10 28 90 4 28 98 31 1 97 35 64 84 45 14 95 65 99 13 91 38 23 69 28 48 17 97 80 43 61 44 23 66 77 25 72 3 17 79 41 7 86 45 59 64 79 82 18 23 44 47 30 41 70 56 17 34 58 33 6 0 46 85 21 33 68 69 49 48 26 19 34 44 69 75 53 46 49 46 24 34 
97 38 8 42 40 94 99 6 5 44 18 68 8 6 56 99 9 8 50 24 97 87 17 9 55 87 94 33 73 76 91 24 27 32 39 93 79 71 69 29 97 88 23 18 11 26 86 20 20 11 95 30 20 20 61 60 3 6 43 53 85 0 67 48 89 44 27 43 56 62 79 39 57 69 5 46 18 39 75 63 94 
5 24 29 74 87 68 57 14 41 98 13 29 54 32 80 17 58 41 86 75 97 97 28 40 58 28 99 31 49 28 36 56 15 92 99 25 82 23 86 34 60 75 15 98 68 84 81 12 51 31 23 21 91 97 85 3 92 2 79 1 15 52 0 24 96 90 56 54 15 12 27 2 90 68 13 85 82 67 2 95 99 
27 47 56 30 77 64 22 95 18 76 45 68 57 66 19 18 56 6 5 60 90 12 2 42 59 25 54 4 32 10 1 93 12 47 88 52 25 56 35 72 91 77 70 68 8 1 81 89 8 42 75 48 41 42 85 28 9 27 28 15 6 52 4 0 19 33 79 3 99 56 82 26 44 81 16 94 56 10 72 13 17 
60 96 38 79 97 11 56 27 51 45 17 53 83 83 59 48 67 31 55 62 22 58 37 9 60 48 37 12 74 97 62 47 18 89 96 95 57 42 38 88 62 95 42 41 54 51 11 1 94 94 24 11 61 34 51 73 56 36 73 3 35 46 75 91 0 16 70 13 46 73 87 41 20 98 77 29 78 91 10 6 33 
5 59 83 19 74 80 39 5 98 46 82 91 60 71 79 32 20 94 22 64 14 57 72 75 10 98 50 33 14 41 36 58 95 35 46 80 17 88 68 24 36 23 98 18 34 52 48 68 10 29 79 56 48 30 58 86 59 96 98 14 75 68 41 15 32 0 81 81 34 29 56 72 41 81 41 98 58 58 72 20 90 
92 57 94 35 9 33 49 85 10 98 6 83 97 18 86 27 42 76 89 43 88 93 75 76 50 44 68 27 70 57 17 50 25 12 57 64 5 4 29 93 19 68 99 45 87 50 3 51 40 50 55 28 28 85 74 66 84 19 75 8 92 9 74 17 84 97 0 78 62 20 91 90 64 30 93 79 24 70 82 91 71 
34 30 11 77 88 92 4 23 64 32 44 75 13 32 17 6 89 25 77 14 28 57 50 98 90 71 30 30 77 9 70 7 76 43 14 21 14 72 91 82 69 36 53 11 73 47 43 65 33 58 52 29 52 55 47 29 18 14 69 87 52 66 5 22 78 73 33 0 30 89 43 97 37 92 51 9 18 78 95 46 46 
74 73 68 8 30 40 61 19 66 87 12 91 44 1 95 44 35 72 46 16 87 85 14 48 28 23 69 22 21 66 82 6 88 72 58 13 10 78 85 46 63 70 20 37 98 45 10 50 31 13 34 14 37 2 2 3 15 40 75 15 67 13 2 24 64 13 29 80 0 64 36 57 44 11 94 12 70 17 19 59 23 
13 17 20 28 16 54 6 99 77 74 23 78 75 45 37 19 7 19 75 81 77 90 42 43 4 93 13 12 83 79 40 53 52 4 20 44 92 68 84 35 8 1 26 79 36 80 45 65 72 84 23 74 73 38 38 16 81 83 7 88 63 49 72 2 75 21 35 98 4 0 15 50 50 12 99 61 83 24 98 30 82 
90 76 51 2 24 61 21 46 47 40 2 23 3 82 43 90 98 84 60 75 50 38 65 80 19 87 48 89 68 61 50 30 99 1 22 42 21 91 76 44 72 67 4 57 6 96 46 2 16 64 65 15 97 31 58 96 46 32 48 57 7 26 43 55 64 14 72 57 8 15 0 43 49 53 84 36 58 11 87 96 62 
47 41 68 61 27 61 19 28 65 95 52 58 17 65 86 30 50 88 52 80 73 29 23 57 6 39 73 43 4 10 83 21 80 75 60 26 5 29 73 62 24 32 38 24 73 67 38 96 71 96 27 23 10 90 10 12 75 56 49 22 79 49 42 88 76 84 90 84 43 98 41 0 51 4 53 2 46 79 57 8 48 
86 78 81 30 5 92 95 87 68 47 81 80 30 61 36 97 24 62 20 87 19 18 15 33 34 67 27 35 53 52 16 25 33 70 42 53 59 78 5 82 82 51 67 49 22 75 88 68 43 77 64 17 7 5 15 74 28 10 20 34 24 35 23 28 15 49 93 72 98 38 86 23 0 56 36 44 5 56 98 70 50 
75 21 47 87 50 94 26 13 31 35 88 61 47 58 41 79 90 43 47 13 18 87 64 45 86 84 34 1 40 65 74 54 24 97 49 14 11 88 69 11 23 87 24 92 80 66 25 62 58 90 10 24 29 50 62 12 79 62 47 25 98 54 60 12 44 75 43 6 87 23 94 70 24 0 96 13 86 83 39 72 73 
2 28 56 46 6 75 93 83 78 5 24 69 87 43 6 44 41 33 40 84 75 30 38 97 50 71 27 37 21 49 53 94 87 81 53 32 36 42 74 41 83 63 84 49 91 77 57 65 51 33 80 97 65 96 61 4 72 22 74 65 4 22 74 19 24 66 83 6 46 12 54 13 60 81 0 15 27 88 63 26 10 
73 3 67 52 38 64 36 25 44 90 5 17 83 85 16 73 97 81 18 86 38 41 44 6 67 25 83 94 38 60 24 46 51 42 1 10 14 10 93 59 36 75 54 29 49 36 45 36 1 83 93 93 67 17 16 1 90 68 3 68 50 19 52 50 46 96 95 35 95 13 23 40 64 3 65 0 36 87 6 89 8 
36 14 63 53 32 58 86 89 64 6 67 4 63 80 79 9 35 64 53 64 12 9 75 10 23 68 45 58 62 79 80 44 10 45 79 25 78 39 24 78 43 70 74 34 44 95 58 46 83 27 21 57 74 10 47 44 48 90 51 81 65 53 54 33 31 22 2 5 61 1 70 94 47 32 36 46 0 92 98 85 87 
14 38 23 91 59 11 72 26 17 51 45 23 6 17 63 47 67 5 11 39 74 1 60 31 58 62 36 9 2 34 53 84 51 69 65 36 52 24 21 96 72 32 71 34 59 12 83 91 32 90 60 80 83 26 18 4 62 90 34 56 69 94 92 14 85 47 65 33 39 53 83 87 79 55 10 80 86 0 32 28 96 
52 79 20 54 14 13 5 43 99 85 54 45 54 38 50 76 8 98 56 59 42 64 42 91 55 72 12 44 52 21 48 84 14 79 16 57 88 72 16 96 59 88 89 43 45 83 85 91 70 83 18 97 56 88 49 2 60 80 8 9 25 23 98 11 80 32 20 91 88 88 93 12 83 55 11 50 14 82 0 17 84 
96 97 79 71 88 83 3 2 33 61 81 37 21 57 99 60 43 19 16 68 88 3 17 39 77 4 79 36 87 80 36 15 39 12 28 27 29 60 63 47 50 60 26 88 23 66 15 1 52 51 96 87 53 85 6 55 45 82 52 9 34 41 78 58 39 20 1 60 45 29 51 39 57 5 85 21 77 23 91 0 42 
52 23 29 56 81 68 98 99 43 18 11 36 3 73 96 67 29 86 96 20 57 30 54 76 52 37 39 62 87 17 58 70 2 88 18 83 73 59 75 23 40 38 34 12 49 28 9 30 81 93 45 44 78 80 99 56 88 21 42 30 83 81 46 86 89 87 71 46 73 13 12 57 80 78 6 34 56 22 35 81 0 
