n: 80
m: 6
Pi:U[1-99] 43 74 14 89 83 90 16 26 92 30 8 85 43 63 72 21 55 32 51 71 13 17 5 45 34 9 4 93 42 87 77 41 57 39 3 64 96 49 17 13 60 98 24 62 65 34 42 9 86 72 3 87 73 7 6 20 53 10 18 67 89 99 22 92 54 96 75 45 31 21 76 34 82 52 95 17 60 84 46 70 
Si:U[1-49]
0 22 5 40 4 45 30 16 41 12 22 40 38 23 12 5 1 22 40 41 9 33 47 23 35 20 41 20 3 4 3 16 44 49 25 45 22 28 1 44 45 10 26 7 34 26 47 34 29 1 22 8 34 36 20 9 8 44 10 8 7 20 25 13 30 28 30 11 44 3 32 8 13 24 42 21 11 39 27 15 10 
32 0 7 27 14 8 31 7 46 43 2 26 6 47 13 40 29 21 49 23 27 26 29 42 9 21 19 40 40 32 10 13 20 4 30 29 10 26 21 44 10 46 23 46 19 31 6 30 33 45 21 21 47 6 15 30 19 46 33 48 33 9 24 35 39 38 46 19 11 30 25 10 12 7 17 45 11 36 14 38 20 
24 25 0 48 23 36 21 12 41 24 46 15 14 16 4 24 6 33 7 18 1 26 47 15 9 10 9 41 46 4 36 42 36 38 18 25 12 49 41 25 31 4 21 23 40 23 9 6 27 24 24 40 7 32 39 3 30 6 41 45 34 23 17 33 5 9 29 24 17 38 19 18 29 7 17 38 4 35 31 1 15 
46 28 12 0 20 35 30 4 20 41 21 10 38 21 49 18 31 31 17 31 42 20 40 38 23 36 8 40 47 31 30 42 23 19 34 24 48 27 33 46 21 46 18 14 17 36 22 23 17 32 19 25 35 21 12 29 12 24 42 36 24 32 4 2 11 13 26 37 49 14 38 48 19 29 33 21 2 36 33 10 21 
16 37 18 41 0 48 7 35 14 8 30 45 9 7 11 37 41 19 47 1 1 28 4 46 33 31 44 12 4 47 37 35 16 9 9 5 2 21 15 44 1 1 23 35 34 35 42 12 42 18 40 42 27 18 12 24 43 28 6 23 9 15 44 25 37 37 24 35 8 27 27 1 29 16 39 6 27 16 46 28 49 
35 2 44 44 37 0 43 15 34 14 46 25 36 33 44 39 18 34 45 11 25 2 15 14 32 42 49 48 22 7 37 6 27 38 21 5 15 10 49 36 12 1 21 30 36 28 45 39 21 5 7 32 25 7 28 33 24 49 18 15 5 46 11 34 24 1 46 30 33 8 13 3 37 5 44 7 17 20 46 30 10 
18 8 38 28 28 29 0 8 32 46 40 13 22 39 4 6 6 32 31 9 31 31 38 43 41 17 37 43 7 31 43 31 6 36 45 47 25 35 17 30 3 49 40 20 19 27 16 45 41 16 35 28 25 28 8 11 29 15 32 3 34 14 33 28 43 12 32 37 41 45 21 26 45 9 36 40 3 15 26 22 31 
30 21 41 1 46 16 44 0 24 10 42 16 22 38 13 15 6 9 34 43 45 16 20 46 46 5 27 38 15 1 13 15 49 11 7 41 10 35 40 2 22 33 17 36 15 22 41 43 8 13 14 38 7 6 39 38 49 23 28 22 31 5 5 22 20 6 3 17 12 14 26 15 37 43 36 43 13 9 21 8 16 
47 27 36 19 49 35 34 5 0 39 26 31 22 38 49 25 24 18 36 43 8 9 20 37 28 37 25 44 7 31 27 25 1 18 2 26 18 29 10 8 18 42 49 30 7 43 22 2 30 34 33 47 15 11 3 20 13 10 6 17 11 20 45 29 24 6 16 5 41 21 45 7 12 13 12 49 33 30 46 44 17 
16 1 49 31 45 28 48 29 36 0 41 21 9 13 23 49 17 14 40 33 18 12 2 47 5 16 17 40 26 34 18 48 8 28 30 35 38 31 28 40 28 30 29 44 21 33 17 15 6 25 49 40 31 7 45 39 10 11 41 11 8 26 36 11 4 23 12 35 25 25 8 6 9 49 19 29 3 14 20 3 20 
20 24 5 19 24 10 2 6 9 25 0 19 18 27 30 27 42 28 30 13 48 17 13 28 33 18 46 28 20 36 2 34 45 48 7 6 48 16 49 27 14 37 33 22 46 47 36 38 9 9 46 16 41 41 5 1 21 28 44 48 34 41 1 44 43 17 11 11 5 38 10 22 34 2 39 19 20 22 12 28 49 
4 2 30 37 20 8 4 35 31 25 43 0 7 48 3 26 8 22 18 29 4 17 49 20 2 16 38 23 22 9 10 5 43 27 4 13 15 28 27 8 10 36 19 48 3 26 6 6 14 48 7 2 33 3 37 27 10 34 45 36 15 20 19 11 24 39 46 7 10 32 16 41 16 20 6 18 30 44 30 9 13 
38 38 49 31 34 3 47 41 41 13 25 23 0 5 45 13 22 44 41 47 18 6 9 2 9 31 38 38 8 25 9 30 33 35 43 1 41 5 27 7 47 22 12 49 7 4 6 6 10 31 46 24 34 25 2 41 15 4 42 46 39 7 25 7 49 7 9 30 39 35 33 30 9 19 39 2 8 6 38 9 34 
20 35 49 41 36 49 1 38 17 24 8 7 27 0 3 17 38 42 6 15 18 32 20 29 36 21 17 49 35 2 31 15 21 17 47 9 48 43 47 38 22 41 32 23 30 16 23 31 11 6 39 17 15 11 39 24 18 32 16 36 19 38 42 25 9 45 47 22 5 42 5 14 15 38 21 18 28 4 11 37 13 
44 1 1 21 38 35 41 34 16 13 47 36 29 12 0 4 44 18 34 17 22 37 36 12 25 5 49 30 23 15 34 32 31 4 6 30 19 11 32 46 42 41 23 43 49 3 34 40 35 3 16 12 48 46 22 20 9 20 38 3 34 44 19 22 1 46 38 33 4 5 11 1 4 8 39 18 29 2 34 5 34 
25 41 46 27 42 43 14 17 43 38 8 28 22 46 12 0 42 1 4 36 49 45 32 49 36 19 20 36 23 20 1 6 35 10 47 37 9 13 21 11 34 19 14 37 40 31 43 8 24 9 14 5 12 26 4 49 20 6 35 22 16 34 15 23 18 10 6 19 42 37 28 43 47 32 34 37 28 23 37 12 43 
15 8 25 41 33 37 21 43 19 5 11 29 11 27 16 2 0 24 19 33 33 42 7 42 46 34 12 49 4 10 5 16 26 6 3 18 15 40 39 9 25 35 4 23 41 46 49 36 39 2 49 33 48 19 40 41 11 24 6 24 32 27 47 47 11 14 34 6 26 31 43 1 14 37 8 6 25 11 20 30 35 
47 8 31 49 9 23 35 41 42 49 38 20 12 28 48 24 4 0 27 42 14 4 8 25 49 45 24 46 41 30 3 44 33 41 3 22 47 2 8 15 26 32 47 42 4 20 28 17 21 14 9 42 19 38 36 22 11 49 4 15 20 4 23 3 19 44 3 26 7 48 37 47 44 48 8 30 9 4 28 45 14 
23 33 25 20 36 41 4 34 33 49 6 31 20 29 47 41 4 20 0 45 23 36 13 17 2 32 47 2 18 8 22 5 29 39 16 44 4 2 12 43 23 12 20 40 15 16 9 43 41 15 49 13 34 27 22 45 34 35 11 3 33 42 37 34 19 34 34 6 14 20 33 12 27 18 11 22 46 42 47 36 26 
38 38 44 4 5 31 13 7 5 14 24 31 27 11 21 5 19 39 39 0 38 4 48 2 11 3 45 22 37 28 10 39 18 20 44 15 15 9 43 11 8 44 37 33 36 30 22 46 32 8 43 27 32 39 36 26 38 7 20 1 23 33 16 48 32 39 20 27 36 16 23 11 44 7 4 25 30 12 12 1 45 
48 22 14 21 7 39 41 3 36 36 31 13 44 48 38 43 31 44 40 13 0 35 7 1 43 37 28 4 23 48 21 41 6 2 15 31 10 36 39 5 22 13 4 32 43 21 46 44 21 1 49 46 46 39 47 35 27 41 34 11 7 27 21 22 30 47 21 36 10 29 36 22 5 23 1 33 39 34 10 3 42 
40 35 11 40 40 24 7 22 26 18 36 10 34 22 2 3 24 8 6 33 8 0 35 15 11 32 18 28 38 20 24 31 30 30 25 40 1 41 7 8 46 49 26 19 22 35 41 8 6 48 43 4 9 45 13 40 43 17 47 23 36 46 46 11 31 32 44 2 34 3 41 35 46 44 46 32 13 14 47 17 35 
16 9 24 12 21 46 38 45 6 48 24 21 44 40 18 46 10 42 2 29 20 30 0 37 8 24 13 44 6 10 25 44 42 9 5 39 41 27 48 14 15 36 5 22 15 24 19 39 38 22 39 19 38 13 47 3 20 17 46 25 44 21 1 25 33 33 12 11 11 31 31 41 34 43 40 22 22 49 32 6 39 
48 23 36 38 28 49 12 32 1 2 25 11 22 23 11 21 34 41 11 21 23 15 14 0 40 28 36 27 13 24 34 12 6 13 18 44 48 5 33 7 1 13 19 46 12 21 4 40 15 27 41 20 45 42 25 2 42 3 45 38 3 46 38 16 6 5 16 36 21 30 42 42 39 36 35 19 41 11 7 31 37 
23 49 31 46 48 28 2 33 39 23 18 13 39 1 44 2 12 41 47 42 18 16 8 8 0 24 25 43 44 48 39 33 12 20 24 12 12 45 3 21 20 42 44 49 44 19 28 37 38 6 19 41 11 5 24 11 10 41 23 13 20 43 15 10 25 40 16 8 11 14 47 30 9 41 45 38 44 19 6 11 23 
4 39 48 10 47 29 21 6 33 30 23 35 14 47 13 10 36 47 24 49 17 37 31 23 46 0 37 13 24 14 36 45 22 16 26 44 13 42 20 4 32 19 48 32 41 2 45 24 35 37 9 2 16 6 40 38 40 24 20 7 47 26 27 6 25 5 13 23 42 8 14 7 12 44 11 2 22 1 31 28 44 
46 11 47 1 44 19 25 6 22 36 3 16 39 9 28 4 37 33 6 42 23 7 27 47 3 44 0 4 10 1 15 38 32 13 8 25 27 16 32 12 24 5 18 31 2 24 17 14 11 12 7 25 20 44 8 17 47 23 24 10 25 18 5 16 33 3 41 2 14 36 34 29 12 18 15 36 33 38 22 44 27 
42 7 37 39 46 14 23 17 2 32 2 49 18 4 46 21 34 33 32 46 35 36 22 1 4 40 25 0 17 26 31 21 24 7 8 10 4 5 8 11 6 15 16 15 30 7 10 23 32 20 8 11 41 15 44 26 26 19 6 35 42 27 39 13 22 22 10 8 30 31 19 25 14 14 19 31 15 39 27 8 29 
11 11 39 19 19 41 1 39 12 42 26 14 45 9 16 32 9 43 43 21 15 5 20 37 18 22 22 48 0 49 37 43 18 6 19 14 8 23 1 6 21 41 6 22 44 11 29 44 39 31 26 46 37 19 22 33 7 41 18 23 25 12 13 41 35 3 47 24 12 30 36 3 12 4 31 3 24 13 11 36 11 
43 44 27 38 33 3 13 43 40 36 25 23 32 48 49 27 26 16 27 8 22 6 42 47 40 4 9 12 37 0 31 34 44 36 15 21 16 4 9 2 42 31 23 4 10 19 4 14 37 10 9 18 31 28 41 30 4 29 22 6 34 45 18 49 26 36 42 31 13 14 13 23 36 42 39 7 2 41 49 38 36 
3 33 8 11 36 10 13 20 37 45 48 38 7 11 39 5 40 39 6 12 28 7 3 6 27 3 10 40 46 43 0 22 6 17 20 38 28 45 40 14 4 34 45 10 44 27 13 32 10 34 21 10 8 10 12 15 30 12 16 46 23 49 3 4 8 47 7 10 33 35 17 16 5 10 6 43 48 7 43 38 5 
7 49 17 24 42 6 29 14 36 6 34 18 48 43 14 36 3 37 38 34 27 17 42 4 44 33 29 7 32 2 29 0 45 43 44 10 41 5 40 6 14 16 27 29 26 18 48 44 29 12 32 12 40 48 47 26 25 22 28 31 44 40 6 42 27 23 45 28 10 5 35 16 35 16 33 39 8 26 14 5 33 
3 22 38 12 34 10 33 28 40 6 6 49 48 46 40 9 29 17 6 42 14 26 11 42 15 44 3 29 45 48 15 48 0 45 48 4 30 7 40 26 8 45 29 38 10 7 35 19 34 11 43 3 39 19 22 48 48 41 14 35 47 29 46 44 35 34 17 6 7 4 26 12 44 20 32 23 3 8 27 17 12 
15 11 22 13 4 28 13 30 10 48 4 41 13 8 45 23 10 14 10 36 21 1 20 19 29 39 26 40 38 31 32 29 3 0 43 4 33 3 38 3 1 41 41 33 25 36 24 11 42 44 26 4 30 35 9 18 31 45 9 24 40 32 33 31 39 8 2 26 40 12 35 31 27 17 45 49 47 27 37 37 25 
49 31 18 27 33 44 25 46 39 5 39 20 38 31 20 8 35 28 6 40 34 23 3 4 27 3 43 17 26 4 47 27 5 35 0 39 6 2 21 37 34 12 42 22 36 34 11 17 7 42 12 40 14 19 1 30 5 16 16 4 26 27 44 24 3 3 23 6 39 28 43 24 25 27 30 1 16 21 22 17 6 
33 20 4 31 47 26 28 4 2 39 16 1 40 42 35 8 38 26 37 1 27 34 32 24 25 37 41 2 30 33 8 31 34 4 13 0 35 48 25 40 16 36 24 40 8 8 30 11 46 36 24 12 14 49 28 23 25 20 42 30 45 10 41 27 2 9 45 44 29 43 41 34 15 49 48 46 48 9 44 36 16 
23 14 7 26 21 45 24 19 43 28 35 31 26 5 5 47 47 30 11 15 16 36 34 34 26 48 48 15 44 24 27 13 17 8 32 27 0 1 7 18 41 43 37 37 43 42 48 24 46 41 29 29 31 43 42 5 41 38 38 25 17 11 6 37 25 46 22 5 19 18 10 45 19 3 31 15 13 19 6 17 41 
43 3 40 33 26 15 43 24 17 17 49 39 7 43 33 1 4 25 25 9 27 21 9 18 1 3 37 6 19 25 13 12 1 19 46 24 48 0 42 43 43 12 42 9 38 16 15 17 16 25 37 14 9 13 43 25 9 8 30 40 44 14 15 31 9 3 43 38 8 43 7 6 25 28 7 45 29 6 15 21 21 
22 45 24 20 20 42 29 23 27 25 14 45 29 11 32 46 42 7 20 8 20 10 32 49 35 12 44 41 11 29 35 8 8 11 47 14 44 15 0 43 25 35 2 28 11 5 43 39 21 41 45 17 22 2 34 3 9 44 32 12 6 49 12 29 42 5 47 16 10 2 21 41 18 30 30 13 24 44 28 17 6 
37 16 27 1 30 9 10 35 42 29 13 9 28 31 45 2 13 24 42 49 14 31 47 15 33 31 9 44 17 48 28 2 10 40 2 40 37 40 10 0 15 34 21 49 36 36 42 17 1 24 35 1 28 10 1 12 23 46 19 47 34 22 35 19 36 29 16 11 26 21 13 2 22 11 25 4 16 46 9 36 25 
26 12 39 14 21 15 46 11 35 19 49 15 46 36 21 40 27 35 30 33 2 48 14 2 27 47 42 9 29 49 29 13 3 9 8 14 36 6 20 38 0 25 28 43 42 16 20 3 34 40 36 5 14 18 24 49 4 48 23 18 5 28 8 45 14 33 26 16 24 19 23 5 26 29 44 13 35 10 10 45 38 
44 5 20 42 10 26 12 1 4 37 35 32 23 48 33 8 19 12 36 44 45 1 28 18 23 21 41 22 30 12 15 33 20 13 8 21 36 2 28 2 27 0 6 37 5 38 6 2 45 21 7 9 32 31 37 5 48 37 22 46 23 29 46 41 5 38 46 20 16 5 30 3 8 32 6 39 5 39 16 18 3 
9 18 26 30 35 20 46 28 36 45 35 27 40 41 39 45 33 15 48 24 45 21 12 11 21 48 1 10 7 21 28 2 6 4 43 16 46 48 48 14 28 20 0 29 14 26 7 42 17 42 22 35 42 38 39 44 36 2 48 13 39 17 43 19 6 10 22 48 5 41 46 36 36 42 36 29 34 49 41 27 45 
14 6 18 16 3 32 6 44 11 38 21 47 24 11 13 24 27 6 5 5 23 40 39 32 36 23 45 30 4 23 34 41 25 10 49 31 21 23 36 2 19 19 31 0 31 33 10 41 28 13 25 22 8 9 2 47 22 19 46 9 45 23 11 11 30 15 25 29 17 12 27 14 41 22 17 39 22 13 3 28 38 
6 35 41 28 12 36 42 30 32 49 44 25 13 30 38 48 28 22 27 20 11 8 40 1 13 4 20 39 32 6 43 8 41 5 24 38 6 15 1 28 43 44 12 29 0 28 10 34 34 17 25 18 47 19 8 17 4 39 30 19 26 40 34 47 35 2 10 36 4 6 7 16 21 21 47 18 34 39 43 29 48 
5 31 36 15 38 26 24 19 2 31 11 31 14 41 18 21 45 24 31 12 49 41 31 3 11 18 12 6 37 14 42 13 14 21 31 4 29 17 48 28 25 22 19 23 25 0 11 34 14 14 3 10 31 28 8 44 17 48 29 17 3 34 41 4 8 29 29 4 36 4 17 4 48 12 11 17 23 35 2 8 19 
35 45 26 7 3 32 6 47 39 24 40 10 9 37 15 31 17 6 25 24 28 21 21 45 44 2 6 23 44 37 3 12 24 35 15 46 8 10 11 7 49 43 44 37 19 7 0 44 3 23 9 15 32 47 42 4 14 14 39 9 22 28 46 48 16 49 3 36 16 18 14 11 23 21 21 41 24 26 33 16 6 
47 24 5 45 9 38 4 45 7 33 6 31 5 43 6 7 5 16 18 28 24 1 46 45 9 25 5 1 16 7 40 36 23 43 17 13 15 32 23 26 32 20 45 1 46 45 26 0 30 33 2 14 40 40 48 45 14 48 32 24 36 35 3 16 9 41 20 28 19 23 20 24 7 40 27 45 49 21 27 6 45 
5 41 46 32 48 36 36 22 16 32 2 32 44 20 27 18 48 43 48 20 18 41 36 32 41 30 27 41 15 4 26 46 33 3 26 14 18 2 3 30 45 48 22 37 10 8 25 1 0 8 6 41 49 36 27 26 46 22 19 25 8 6 40 15 39 9 26 35 17 5 45 38 17 47 14 3 48 5 25 45 36 
19 45 19 17 9 40 29 16 29 35 21 28 17 32 31 3 4 26 4 5 41 28 46 9 7 37 1 4 12 47 1 31 17 26 40 36 22 4 10 37 2 8 34 35 41 45 15 35 22 0 17 44 18 47 49 17 46 1 46 38 3 21 46 6 43 9 32 35 48 18 47 37 15 23 16 39 42 31 24 27 20 
48 2 36 30 18 14 16 25 26 24 38 49 29 18 37 35 7 24 24 9 47 23 17 26 5 19 22 37 18 4 44 5 39 28 6 4 26 19 3 33 2 23 33 47 4 28 8 48 37 1 0 15 13 6 24 2 13 49 15 30 20 43 22 36 19 29 33 43 18 13 10 47 47 38 33 29 42 49 12 39 32 
40 45 48 45 48 8 29 36 24 21 6 14 41 46 8 39 3 16 1 33 30 6 41 8 26 1 39 6 2 21 24 28 34 39 3 18 30 7 19 36 46 1 8 23 46 35 12 43 4 15 11 0 40 43 41 41 18 3 36 4 2 18 27 49 2 38 22 39 44 16 39 37 6 38 13 27 22 28 13 1 16 
21 8 37 11 11 9 2 49 22 47 5 7 45 34 29 47 9 25 42 2 39 37 37 9 8 2 11 18 33 31 34 38 3 46 19 22 20 48 6 3 18 42 29 28 7 31 25 35 8 46 36 16 0 6 23 47 23 49 42 21 26 20 24 1 38 22 2 6 19 33 46 18 37 48 14 16 15 26 42 49 45 
39 24 29 37 37 9 38 31 20 8 2 31 35 15 5 28 31 39 24 16 18 49 48 12 33 24 3 47 45 5 3 34 46 40 41 48 6 2 17 45 28 22 6 29 16 3 27 8 44 17 29 28 20 0 42 21 48 29 24 40 47 6 29 44 3 35 47 42 9 26 35 23 21 11 29 31 21 14 23 7 1 
8 42 35 17 31 27 30 3 4 27 49 44 23 24 8 44 30 39 31 31 4 39 10 40 49 36 9 29 2 13 39 26 3 42 42 5 29 6 11 40 32 47 34 11 38 29 7 38 6 28 22 46 44 18 0 34 32 43 32 30 2 30 46 15 17 22 27 31 10 45 27 49 10 20 4 43 40 30 24 25 32 
35 43 36 2 1 30 28 48 1 15 48 26 27 17 6 21 23 10 35 9 41 10 36 33 10 47 5 47 14 21 17 30 26 42 16 32 37 37 25 21 37 42 20 28 11 17 42 42 14 4 4 32 12 49 42 0 20 49 25 22 33 1 14 48 20 21 29 44 13 39 33 41 49 43 4 49 47 6 19 31 41 
5 7 43 32 47 49 24 12 15 9 8 33 19 45 4 27 24 11 26 41 19 39 43 43 30 35 5 44 31 46 45 49 25 29 12 27 40 33 23 7 17 2 11 23 14 45 25 7 29 11 45 15 42 48 2 18 0 34 47 4 4 38 27 33 23 40 36 27 11 7 9 15 4 14 12 5 46 8 29 11 21 
36 33 42 40 46 13 35 38 42 26 36 25 24 43 49 2 12 26 31 45 40 25 18 49 6 12 6 46 17 36 16 32 24 25 7 21 25 17 33 47 28 41 16 41 47 6 36 45 3 24 31 33 44 48 40 18 35 0 46 21 16 21 16 25 36 41 12 8 28 18 8 25 29 42 32 34 8 22 19 38 32 
28 43 1 19 43 17 10 18 24 5 20 30 10 40 12 13 9 37 25 12 31 6 32 6 24 33 40 8 42 26 9 10 5 17 22 27 6 39 46 28 39 18 40 43 20 7 22 18 33 38 28 24 43 48 34 34 9 37 0 49 11 48 7 14 33 31 5 16 8 28 37 27 16 3 29 44 31 39 1 42 16 
18 8 4 32 33 42 28 40 44 33 10 17 23 44 4 29 13 36 26 44 16 15 49 24 5 32 27 18 44 41 3 48 16 25 37 29 21 47 41 27 43 13 30 3 44 1 5 32 20 13 9 43 38 13 44 7 26 49 20 0 28 17 7 16 46 17 33 44 19 17 13 28 4 49 47 48 45 4 8 11 4 
3 34 25 12 37 48 14 47 41 10 31 46 46 7 23 49 39 8 16 20 34 6 31 8 29 28 41 23 13 46 25 9 15 10 37 26 20 6 25 4 47 34 15 24 23 1 47 23 46 11 16 22 15 2 14 10 18 4 43 21 0 9 1 18 23 2 6 14 21 34 49 42 45 31 21 4 31 21 30 26 36 
23 5 11 47 3 38 4 40 12 26 25 30 31 15 32 39 23 18 20 11 1 30 26 34 46 33 44 26 13 21 26 21 20 16 41 3 31 38 19 31 29 37 43 11 10 5 46 37 11 7 44 37 45 32 7 40 13 3 28 26 47 0 33 18 3 9 3 47 33 35 29 46 21 1 35 28 23 19 20 27 38 
23 21 45 18 48 28 6 38 21 9 46 21 21 14 4 15 36 29 26 3 45 37 13 31 33 37 15 11 22 49 14 5 4 30 32 8 37 47 19 44 21 20 28 33 20 15 16 28 35 16 8 26 3 6 20 3 16 28 5 36 37 5 0 1 9 31 1 42 47 2 27 39 16 17 30 6 25 35 41 28 25 
13 11 32 33 36 47 44 29 28 22 21 33 14 6 40 47 27 34 15 6 22 8 2 31 49 31 33 23 7 29 43 17 11 33 44 32 30 38 10 32 24 27 47 25 29 25 31 27 39 21 40 22 34 32 27 48 47 26 44 39 25 43 17 0 22 26 4 8 43 20 4 25 21 14 24 40 46 33 26 21 15 
48 43 17 41 24 44 6 26 44 3 4 7 36 9 18 26 48 27 20 10 34 36 19 4 28 24 14 29 5 27 19 28 40 33 43 27 36 40 5 10 39 25 20 33 22 49 31 34 31 6 26 38 45 19 2 28 42 18 18 18 19 33 45 31 0 6 6 24 32 13 25 29 33 42 36 47 13 18 36 34 25 
19 19 38 28 9 18 11 13 16 31 15 45 35 10 47 47 37 2 41 29 22 41 16 36 39 32 48 26 3 35 8 19 40 33 3 14 6 2 35 44 14 11 46 17 43 16 33 30 13 39 24 18 46 24 41 17 28 13 9 1 3 5 10 14 12 0 37 19 3 8 22 36 39 1 29 4 39 43 10 33 4 
33 30 46 34 48 5 2 17 22 10 34 7 13 16 44 41 8 13 6 10 24 25 19 4 39 9 25 26 6 26 12 38 11 27 11 8 34 27 11 24 31 37 4 15 29 38 4 25 17 7 17 27 2 33 9 2 20 44 14 37 40 29 10 32 33 15 0 12 9 6 26 48 42 12 10 3 21 11 12 15 11 
46 17 20 49 47 21 6 32 45 39 40 9 1 21 21 43 25 43 4 29 11 47 6 35 47 37 7 48 42 3 35 37 30 37 23 18 16 35 14 40 1 15 44 40 21 43 17 44 43 1 20 46 45 29 23 41 38 12 20 48 21 49 15 15 48 44 39 0 20 15 39 41 9 9 3 47 15 7 3 9 15 
48 26 20 19 15 17 31 30 45 47 24 4 48 15 24 36 47 48 34 40 10 25 10 10 26 49 13 11 46 21 37 34 49 48 10 46 33 47 24 21 10 5 21 26 7 49 19 40 20 4 2 41 47 42 45 25 39 17 38 11 39 32 18 14 25 22 34 42 0 18 43 29 18 46 20 8 9 37 28 1 6 
29 3 40 35 12 7 19 45 48 25 16 33 23 45 23 27 12 24 45 41 22 17 1 48 1 14 2 14 38 28 1 9 28 37 40 27 24 32 31 43 42 49 43 38 37 35 19 34 28 44 45 36 49 24 22 30 42 39 17 43 32 15 24 15 19 1 13 31 44 0 42 47 18 44 42 28 21 27 12 7 2 
42 17 24 13 36 46 17 12 26 28 28 5 21 13 3 13 13 27 14 26 47 4 35 7 24 47 13 6 29 15 49 17 45 35 42 15 31 40 21 48 15 19 40 27 10 10 31 8 25 44 31 37 1 1 31 26 3 30 11 43 44 35 44 41 1 25 43 26 36 49 0 4 10 14 44 33 2 31 47 38 43 
20 15 1 10 38 47 31 4 37 36 14 38 43 27 49 31 3 36 29 28 33 35 1 4 40 40 45 33 37 21 46 12 46 47 32 26 41 37 5 45 31 42 18 38 14 45 11 47 31 10 31 13 8 7 2 10 9 33 10 41 49 16 20 25 46 20 17 42 33 11 41 0 37 6 33 8 29 28 35 34 11 
42 40 9 35 4 4 48 35 13 1 17 10 43 12 41 49 11 40 39 18 5 45 31 6 44 1 4 44 33 33 22 16 31 30 19 3 35 45 30 28 16 41 34 37 7 28 17 38 16 8 17 32 46 10 17 31 1 26 5 29 44 47 17 7 3 23 26 48 17 36 33 32 0 35 12 38 46 35 19 6 28 
35 2 36 22 19 12 38 49 31 41 10 4 41 38 49 9 29 29 11 22 13 33 2 27 8 35 34 5 5 9 16 13 20 7 10 15 44 18 15 25 11 38 13 39 44 15 36 40 20 35 19 47 19 36 35 15 10 39 6 42 15 28 36 48 46 46 45 4 6 43 29 19 32 0 35 45 29 42 36 15 22 
23 2 12 45 28 33 4 6 44 38 48 15 18 29 6 19 27 1 33 6 7 12 12 43 37 28 37 39 47 18 19 40 41 5 37 29 33 22 33 28 17 4 16 43 1 42 33 12 29 13 29 5 42 5 39 12 20 13 41 40 12 10 6 38 9 11 8 40 15 43 17 15 49 47 0 26 5 48 39 5 44 
10 38 4 42 26 32 47 28 20 33 48 15 40 48 44 48 46 17 11 42 19 49 17 3 32 25 20 31 48 9 45 24 7 24 14 31 46 2 30 9 6 19 44 22 15 34 12 30 18 17 12 4 35 49 19 47 11 17 37 19 41 9 25 3 4 32 23 22 44 11 24 35 40 39 19 0 46 3 48 25 34 
32 47 22 20 48 17 20 21 32 12 24 33 12 12 9 26 26 15 26 5 37 7 40 34 20 49 48 20 48 43 31 30 37 2 35 10 8 40 36 35 20 14 19 32 6 47 8 11 5 27 21 3 31 13 13 11 43 6 24 46 2 38 7 38 25 21 28 36 25 7 7 23 23 26 44 18 0 10 49 2 43 
49 28 38 34 1 38 23 17 1 5 14 19 11 20 31 15 16 31 42 46 30 23 44 37 27 29 29 46 16 49 23 41 18 30 36 45 8 25 27 36 30 5 24 1 37 13 15 9 2 21 15 30 28 12 8 10 24 30 38 12 12 27 33 14 19 38 9 14 41 34 48 27 48 12 6 25 5 0 38 9 30 
10 49 48 10 27 8 13 36 32 15 35 27 21 46 20 31 9 33 22 23 19 30 46 28 11 20 34 27 39 2 43 39 48 32 48 40 42 24 19 6 20 28 45 34 44 33 9 25 9 43 38 9 35 17 38 36 28 22 9 9 32 18 22 16 8 20 21 23 33 15 37 26 38 18 7 39 30 20 0 8 24 
38 32 8 8 13 10 8 16 43 36 15 7 27 18 32 48 12 45 41 29 27 34 13 12 36 31 49 32 34 45 13 49 21 30 45 25 16 9 37 44 7 40 13 26 31 38 20 43 4 49 14 43 11 43 10 19 2 35 16 38 40 8 34 49 19 4 24 33 9 15 10 43 16 43 21 29 9 27 14 0 31 
3 6 16 31 35 1 44 19 32 32 7 3 36 30 17 20 39 24 41 20 32 49 37 13 37 38 19 18 12 7 31 19 41 47 16 4 5 40 45 10 19 3 33 23 36 47 47 13 46 39 23 37 13 49 10 7 13 17 4 6 49 22 36 16 11 28 42 20 13 46 5 1 20 5 27 39 18 12 35 17 0 
