n: 80
m: 8
Pi:U[1-99] 97 56 82 98 63 27 73 33 61 72 15 26 31 56 31 80 80 15 80 99 60 74 40 75 75 15 6 57 42 7 87 17 28 25 84 75 45 81 44 83 19 42 7 75 73 80 87 17 70 71 67 40 2 82 98 63 14 94 89 26 79 8 41 97 75 15 5 32 37 57 43 46 2 95 70 42 66 98 29 35 
Si:U[1-99]
0 46 80 71 15 18 81 57 11 65 57 51 42 34 24 76 34 87 23 61 46 37 8 57 31 7 22 2 40 74 2 72 75 19 80 77 25 37 23 35 11 50 19 16 1 96 94 5 13 83 75 36 52 19 15 61 44 81 20 35 36 87 59 59 69 5 58 85 38 47 45 43 46 22 48 15 18 29 97 48 37 
2 0 60 22 41 42 88 30 14 34 85 55 19 65 73 27 48 14 96 98 89 9 45 61 60 53 62 76 24 3 63 11 59 54 8 43 36 73 9 58 85 56 39 13 58 71 95 3 55 75 39 18 1 71 98 54 98 39 18 93 34 97 98 25 2 88 90 90 2 12 41 21 38 11 81 92 49 87 25 48 8 
68 75 0 24 66 13 51 88 61 64 58 13 73 20 76 77 45 58 66 3 99 45 60 45 95 45 18 90 89 63 16 25 80 54 99 76 28 33 78 53 46 14 46 25 36 89 61 10 16 81 56 81 69 94 74 43 36 18 30 78 85 94 3 88 97 13 93 24 16 29 79 19 4 20 96 88 64 4 68 55 99 
46 12 49 0 88 92 7 93 20 23 83 2 38 2 28 74 57 12 77 80 14 4 73 66 61 61 29 78 44 80 52 65 57 98 55 90 64 88 47 45 63 62 78 12 48 33 89 51 52 5 7 50 29 7 88 60 42 92 51 29 95 66 22 34 36 37 87 67 28 52 57 3 19 58 13 51 85 92 19 97 45 
2 80 51 10 0 64 88 50 42 36 36 60 6 15 38 45 47 88 46 16 16 68 88 54 86 95 83 60 17 53 61 97 44 37 16 79 69 53 80 22 92 3 22 66 1 79 42 91 24 48 46 18 21 77 93 20 42 3 1 29 97 71 6 63 55 65 2 26 73 3 53 63 77 81 66 21 4 92 14 45 20 
79 36 86 22 6 0 64 51 71 44 24 79 97 49 43 93 59 9 39 20 60 47 21 70 24 40 36 59 45 96 91 5 5 67 12 93 48 21 61 85 20 71 74 36 89 72 53 48 47 19 96 35 56 62 28 1 43 20 56 95 70 24 76 82 93 23 45 92 24 29 40 48 95 57 65 46 8 52 32 49 33 
15 34 36 16 53 49 0 12 4 68 8 71 9 98 72 45 77 33 31 13 93 82 22 19 28 4 58 54 15 65 99 24 16 17 11 29 95 54 31 85 33 18 46 64 17 14 69 28 89 38 43 58 59 85 61 58 98 2 3 75 11 19 70 26 58 66 73 3 84 93 13 37 8 49 30 70 49 13 45 40 63 
16 84 20 29 90 69 91 0 99 50 84 29 4 24 26 10 54 65 19 32 11 31 24 94 1 99 44 52 37 40 40 91 76 19 1 11 48 83 27 13 7 44 56 2 74 76 23 83 52 36 47 8 67 38 39 50 74 46 18 81 37 35 76 64 20 37 60 61 3 35 76 37 75 59 25 48 86 64 59 95 68 
22 19 66 5 80 35 73 63 0 99 60 7 5 67 7 10 57 2 52 64 89 95 76 63 64 38 83 83 60 41 58 22 19 67 8 86 64 31 54 31 31 13 74 92 48 73 70 85 62 19 73 11 2 89 92 83 44 55 21 55 81 5 67 82 21 52 83 55 96 42 22 61 65 87 91 92 60 53 94 3 89 
69 40 19 46 56 80 24 17 99 0 85 55 66 85 96 4 90 77 53 31 83 13 23 97 77 33 53 18 71 77 69 66 95 51 42 58 82 60 1 76 81 31 94 92 97 88 22 43 34 77 23 7 90 46 6 4 80 36 57 54 66 44 60 12 96 85 60 16 68 8 36 33 58 73 57 96 47 84 62 81 39 
29 2 81 82 14 11 80 30 36 75 0 70 34 14 52 10 65 49 98 86 14 52 27 8 58 21 58 35 5 72 50 31 11 69 17 45 48 71 52 96 38 70 54 34 25 59 37 33 13 21 78 64 2 80 15 8 8 47 6 2 77 10 30 90 3 43 30 3 50 41 64 20 26 49 87 37 87 33 46 17 92 
86 76 51 92 53 75 36 10 74 23 98 0 8 12 26 51 10 32 5 2 18 99 93 71 72 13 94 59 94 59 29 61 25 44 31 94 24 86 64 39 36 91 56 82 1 53 16 60 46 15 96 35 32 52 60 36 70 16 8 83 57 7 53 62 57 97 73 69 29 50 47 78 15 93 89 86 82 49 69 95 75 
71 93 84 14 28 21 26 59 76 75 41 97 0 1 77 62 13 74 24 4 65 40 63 30 1 77 54 88 49 35 87 80 34 63 20 29 20 59 86 34 80 73 60 21 95 9 17 69 17 36 35 95 41 84 45 67 48 27 97 38 58 10 11 85 78 36 79 55 49 50 32 9 44 48 91 72 56 74 60 67 92 
6 56 74 40 25 12 21 76 21 10 54 51 55 0 53 8 96 93 28 6 64 72 99 18 93 15 6 50 25 66 55 94 69 97 39 36 41 95 45 4 85 10 90 71 56 72 42 97 27 47 12 22 24 32 76 78 50 85 22 74 50 88 72 60 44 88 67 62 33 99 32 73 8 33 27 42 37 12 79 84 61 
98 60 86 47 1 14 29 8 34 21 49 73 78 36 0 18 38 14 58 46 25 91 33 70 27 51 50 19 37 66 18 1 59 50 12 29 29 54 81 74 55 14 73 86 94 90 7 85 63 47 9 53 14 46 97 98 65 19 92 90 16 51 99 6 12 97 26 21 2 77 21 60 31 60 5 30 24 22 58 89 58 
76 45 49 34 69 32 81 22 36 80 78 50 55 38 49 0 51 17 42 44 3 60 71 63 53 70 84 3 88 79 9 34 1 19 87 15 22 27 93 7 20 42 70 32 8 3 10 91 23 54 79 93 83 12 91 1 14 83 50 98 26 32 79 11 64 90 1 65 71 92 45 8 20 8 39 56 22 59 3 25 42 
27 52 10 97 12 35 97 67 69 34 45 73 10 56 30 12 0 51 7 46 58 95 57 35 13 30 22 29 97 18 30 56 71 4 67 34 64 30 3 99 81 75 40 29 57 28 54 8 7 16 47 95 26 54 7 38 7 12 88 52 45 78 62 95 4 64 46 33 2 92 93 31 48 67 83 49 72 73 60 89 78 
85 94 12 4 65 40 76 36 48 1 34 54 10 70 38 74 16 0 32 77 16 30 94 58 27 9 60 80 2 3 58 62 78 57 75 25 91 84 19 12 12 48 98 66 61 10 4 85 65 77 54 97 87 12 68 10 88 63 20 11 31 42 72 6 83 79 63 31 65 23 67 5 28 22 21 58 5 22 3 93 68 
61 40 76 5 65 72 98 13 1 1 96 63 30 90 62 3 86 36 0 99 96 69 89 67 62 25 38 54 96 98 1 61 45 9 37 42 56 81 54 38 46 1 20 37 43 84 64 61 25 9 55 38 59 23 56 19 72 51 67 74 28 94 44 89 88 7 20 99 8 35 27 9 80 32 20 75 42 1 75 11 76 
52 86 70 4 68 30 68 72 41 52 23 96 37 78 88 66 51 31 25 0 35 65 67 82 28 36 37 38 68 17 1 69 48 2 4 1 94 37 95 37 28 50 86 63 62 84 39 35 3 55 39 81 24 47 23 20 24 21 34 20 41 93 82 93 14 92 93 94 45 32 62 50 84 10 78 61 25 56 96 23 74 
17 2 12 92 1 44 26 76 54 58 57 86 55 46 53 70 90 80 79 87 0 34 88 42 49 63 59 9 68 64 52 7 78 58 23 48 80 90 64 32 49 91 61 13 37 54 61 74 56 57 87 29 78 87 29 75 99 61 78 68 24 83 32 23 93 8 99 43 42 37 95 12 58 24 73 18 50 62 5 2 11 
90 55 78 37 54 40 68 10 15 49 52 79 66 75 22 47 74 46 65 73 10 0 4 92 91 50 80 18 10 63 91 92 10 38 56 89 75 9 32 27 49 72 72 59 57 98 32 24 35 23 13 3 23 29 80 91 41 13 37 34 86 68 60 37 99 92 3 43 96 51 8 80 14 2 19 66 93 17 66 95 45 
54 22 17 86 65 36 13 83 30 6 39 90 27 60 96 99 2 5 55 87 7 47 0 86 79 57 6 65 34 11 3 34 60 72 79 26 30 59 29 65 8 65 1 94 62 9 28 70 29 9 79 36 24 84 18 65 28 56 33 56 12 4 48 11 88 60 10 35 29 40 61 61 44 42 21 58 85 66 74 3 20 
70 2 89 40 46 11 92 31 38 76 8 21 77 7 1 92 35 63 54 75 26 64 48 0 46 76 47 61 77 92 42 14 14 36 59 27 10 44 23 61 44 39 55 21 41 54 33 4 88 2 99 52 16 29 70 13 75 41 70 74 78 82 16 83 61 2 75 2 42 73 60 10 17 3 84 83 47 78 41 90 81 
57 33 72 59 64 10 85 42 41 45 89 10 44 37 1 26 29 35 69 38 71 97 53 73 0 90 2 27 82 38 60 97 40 52 95 4 54 44 2 39 16 48 24 14 19 79 2 99 97 31 85 69 6 94 46 64 58 5 94 31 95 68 26 65 32 59 97 88 64 80 64 50 31 90 97 81 54 71 96 81 25 
94 10 27 15 37 22 1 18 49 19 88 25 3 3 29 54 57 72 18 17 14 34 88 82 50 0 55 71 3 71 50 39 6 10 59 76 44 74 96 47 63 89 30 7 97 93 84 43 15 74 55 97 35 85 5 7 31 99 16 82 3 79 48 57 46 89 4 40 60 94 38 16 69 16 1 83 30 15 71 6 6 
98 91 4 40 83 86 75 30 56 35 72 68 9 99 15 8 79 25 96 40 48 12 81 13 99 4 0 36 60 32 92 3 2 7 57 70 35 74 30 13 31 22 66 40 60 83 29 92 85 25 1 56 60 88 2 92 68 49 7 82 4 48 25 78 98 69 45 80 31 99 92 54 28 41 38 69 59 48 13 14 64 
25 88 77 51 64 1 14 51 38 85 41 38 16 45 19 47 85 79 83 41 93 19 57 73 85 89 63 0 31 7 3 24 4 4 35 38 49 97 6 38 82 90 46 4 67 60 2 32 81 2 93 71 37 66 2 72 74 73 15 56 38 73 73 32 8 2 50 70 34 23 60 78 7 93 39 41 63 22 49 28 39 
65 15 45 33 79 22 92 49 17 80 67 61 80 19 45 66 15 27 5 13 66 96 33 72 19 7 58 32 0 10 30 22 57 18 83 16 92 32 31 8 86 53 59 55 56 99 30 64 76 22 68 63 86 51 69 59 93 99 44 64 2 63 40 50 32 54 53 82 6 42 85 88 32 83 66 21 70 34 66 81 72 
65 7 10 95 19 85 48 56 47 5 20 92 35 82 13 86 46 83 2 62 38 87 86 36 79 26 81 86 2 0 21 96 56 26 19 50 89 96 88 48 51 3 70 47 82 31 23 6 21 56 10 28 88 53 88 67 93 91 51 5 7 69 47 68 24 51 93 47 44 97 9 61 72 59 47 1 55 1 78 26 58 
15 87 11 60 31 51 86 44 99 53 87 68 40 34 79 68 41 97 59 13 31 39 18 78 7 55 90 71 42 78 0 53 11 14 15 6 52 86 85 60 37 49 10 80 32 45 17 32 27 8 76 91 93 71 94 26 64 50 44 95 70 78 71 21 18 47 76 73 23 13 33 30 67 5 92 34 46 24 96 85 98 
45 43 41 46 24 49 4 5 66 48 94 58 5 54 73 10 33 82 62 45 46 87 42 81 39 96 18 21 13 66 69 0 2 7 44 33 24 75 86 42 79 68 95 23 10 59 31 25 47 65 89 29 13 7 28 80 20 87 91 69 58 30 18 26 36 78 52 18 42 50 52 29 68 65 73 6 20 83 40 12 37 
56 72 97 93 4 28 89 73 90 13 94 66 62 26 51 7 30 69 54 50 92 87 38 14 96 96 13 60 88 11 78 64 0 42 32 4 76 59 70 85 93 25 24 8 57 79 3 68 74 86 79 75 15 97 23 24 51 28 50 17 95 89 31 95 88 62 7 77 46 69 44 84 17 47 88 17 27 54 5 45 35 
96 21 55 77 10 87 42 90 50 81 2 74 26 27 56 41 23 95 73 54 9 79 70 92 16 66 13 70 62 74 39 1 90 0 38 98 97 83 3 40 23 84 17 10 3 12 85 9 3 68 41 55 6 73 7 32 40 20 33 43 63 67 99 40 25 57 77 34 35 15 79 28 74 77 29 87 64 77 54 88 57 
75 1 89 28 75 18 67 34 19 86 4 61 92 61 96 44 46 35 42 46 92 84 81 75 90 9 23 79 69 39 16 32 80 20 0 67 55 60 66 29 35 39 53 43 47 36 11 88 33 92 82 62 43 3 82 73 45 36 70 71 12 6 52 54 3 90 10 16 90 8 40 80 56 72 13 56 33 35 83 52 81 
97 73 4 28 6 19 56 29 37 6 67 2 6 39 60 8 30 42 73 39 73 87 26 37 15 32 3 3 76 7 29 95 65 26 39 0 90 39 32 32 12 64 38 74 85 65 22 4 57 7 35 62 39 66 81 35 48 89 95 73 9 66 86 26 75 52 70 19 37 16 67 43 39 99 28 63 98 72 51 14 95 
25 28 61 45 82 64 12 82 94 43 91 48 60 41 94 65 62 75 62 55 32 23 94 57 62 73 83 66 27 27 74 35 37 21 82 13 0 96 38 60 19 77 1 26 69 15 11 79 46 55 36 18 85 23 74 25 59 55 83 60 37 57 48 96 10 40 28 29 46 20 89 50 7 4 73 28 45 84 37 87 50 
95 45 20 34 59 77 84 60 34 49 66 62 28 47 68 12 70 58 80 13 40 42 41 51 33 42 83 43 83 13 5 71 98 81 40 44 51 0 12 35 75 57 67 60 19 18 26 44 49 27 97 33 47 16 52 11 20 12 31 28 68 46 8 87 68 57 77 6 31 28 52 39 87 22 82 21 54 32 85 19 18 
29 2 48 50 31 1 95 74 26 42 33 45 3 12 96 35 65 8 52 90 30 31 83 68 76 59 19 16 5 84 21 7 32 91 71 28 99 71 0 36 70 13 62 14 25 75 56 30 22 24 31 1 32 28 2 44 49 41 65 59 96 44 14 16 86 12 66 85 6 23 96 38 25 11 42 94 81 32 46 54 33 
61 45 91 21 68 96 15 34 97 61 81 12 53 8 63 48 13 11 69 4 36 3 13 46 59 33 25 16 35 21 37 44 75 79 88 99 35 26 17 0 85 30 40 37 82 18 70 16 1 61 9 1 59 59 22 90 29 28 36 49 63 70 87 45 40 72 66 60 90 28 83 76 47 78 59 80 63 86 82 37 21 
73 32 18 46 44 77 23 30 66 17 42 29 75 34 85 6 56 10 35 34 97 3 37 39 38 85 43 90 59 63 79 32 32 85 59 46 54 11 23 27 0 37 21 13 62 20 88 57 91 89 81 88 78 40 90 97 75 87 87 97 63 56 90 44 54 54 68 30 24 46 62 9 25 4 81 9 26 97 62 29 10 
75 81 58 25 74 79 39 54 78 25 45 18 32 42 29 20 89 30 14 45 67 14 56 17 87 91 36 55 88 71 28 38 33 45 48 65 70 62 70 14 34 0 12 5 76 62 38 27 50 27 69 5 34 6 60 11 29 56 95 3 37 54 31 47 59 49 87 43 78 56 87 33 21 49 93 68 59 75 26 96 17 
56 81 41 70 72 82 99 28 93 78 48 30 96 90 28 2 81 70 26 74 29 62 32 6 93 66 54 35 90 37 23 68 80 42 47 88 13 59 52 26 47 88 0 95 30 84 39 72 71 78 80 79 77 48 24 87 4 78 12 15 11 88 75 87 19 6 16 19 76 46 44 73 55 23 97 66 61 94 67 11 96 
28 92 20 79 25 40 42 86 34 66 14 47 23 96 48 99 56 91 33 21 40 11 94 94 22 50 77 92 75 72 17 11 66 30 21 92 90 25 54 34 28 65 74 0 32 58 46 25 79 63 47 43 31 36 44 70 94 65 51 85 38 50 2 51 95 95 35 61 98 54 81 83 33 94 75 80 19 9 5 19 68 
1 7 52 56 36 22 23 28 32 45 95 20 76 24 23 47 48 69 29 43 72 87 1 85 32 75 86 77 7 38 1 77 34 2 3 28 38 1 57 32 52 38 15 78 0 6 54 24 90 21 30 3 30 13 11 17 99 87 87 94 21 5 17 72 31 2 48 14 4 40 10 29 96 75 60 86 20 9 80 97 50 
92 90 30 46 13 80 29 65 38 76 67 6 95 54 48 33 26 18 87 66 33 95 47 34 37 80 92 47 4 23 29 6 99 7 23 44 69 37 42 24 27 80 26 14 89 0 96 42 73 30 99 72 28 21 47 30 76 51 15 2 49 87 70 52 18 65 25 30 66 79 31 22 29 96 9 68 27 81 50 95 76 
1 27 13 50 3 32 48 31 4 30 67 83 81 69 45 35 43 10 46 21 52 99 41 45 38 42 3 39 3 68 80 8 62 34 32 84 83 28 28 97 2 65 79 21 32 32 0 14 61 67 21 73 99 14 51 56 99 52 68 4 52 47 83 49 8 91 46 88 6 73 34 99 97 65 37 80 79 80 61 84 73 
43 2 71 64 71 43 29 24 90 11 42 87 63 21 83 9 85 96 4 74 99 17 42 56 38 65 78 51 29 22 20 88 37 28 9 27 15 5 41 38 61 22 68 99 33 79 20 0 39 69 34 56 52 62 14 27 71 49 37 56 67 29 53 96 64 89 99 71 67 11 47 57 25 62 9 3 90 21 59 38 58 
29 56 44 58 25 98 24 21 18 75 33 54 64 24 69 92 12 42 90 31 74 97 1 14 97 33 26 1 30 14 57 26 23 99 48 48 47 17 73 60 91 91 73 34 99 99 90 27 0 70 76 52 93 73 42 27 80 76 14 14 32 36 23 47 11 18 6 91 67 26 88 78 56 59 77 62 92 56 17 64 63 
94 72 95 89 56 94 64 49 39 24 65 88 64 98 45 26 59 80 81 58 23 35 23 19 61 71 28 69 63 36 3 87 48 63 41 51 58 89 94 91 69 1 28 47 79 52 5 88 60 0 20 88 42 98 20 98 93 72 25 4 16 66 4 58 15 82 18 29 44 54 64 34 49 64 16 38 8 10 89 94 5 
39 37 72 64 25 99 84 98 20 33 23 52 26 57 48 8 5 1 31 14 5 21 3 68 29 49 59 34 14 83 54 95 20 13 95 87 63 98 93 44 62 16 77 92 89 26 77 34 60 85 0 51 25 56 28 84 8 17 82 56 55 27 12 24 36 42 30 76 31 52 8 68 65 24 22 92 94 85 73 8 88 
90 73 30 28 20 38 1 45 74 84 82 87 2 19 69 68 61 57 93 40 62 84 84 14 58 35 38 26 34 85 86 24 55 62 69 44 96 89 68 29 52 35 81 15 57 91 83 48 40 51 59 0 91 8 63 72 1 20 55 12 45 66 96 42 46 72 1 16 58 53 62 30 63 11 75 92 53 61 40 68 18 
6 1 44 43 97 28 11 29 52 86 81 95 62 87 52 71 28 9 35 30 32 71 33 14 93 4 60 67 87 5 19 11 20 62 28 8 80 44 56 63 45 14 67 70 43 44 67 63 86 97 75 89 0 48 96 36 18 9 19 43 40 77 22 43 15 53 52 70 52 11 12 87 93 29 37 1 95 26 47 43 46 
24 83 45 68 96 96 97 16 20 16 59 67 6 40 69 17 41 30 5 86 65 45 30 74 67 64 8 11 95 47 77 78 20 78 40 47 92 97 43 93 69 6 77 6 66 72 72 76 88 46 17 98 92 0 78 44 88 22 67 32 80 40 19 32 61 25 90 53 39 21 81 36 12 79 84 62 36 64 70 73 67 
86 12 37 22 90 31 22 26 25 2 60 60 25 67 34 66 87 13 60 92 4 71 76 76 53 4 56 8 95 6 82 92 83 80 26 80 66 75 28 76 83 95 18 33 22 47 85 71 12 61 10 39 50 23 0 16 39 1 45 48 84 33 45 63 17 68 1 7 50 28 74 19 21 73 89 22 37 96 81 7 51 
99 16 25 5 64 1 14 13 2 63 6 62 11 60 9 8 44 2 31 71 55 98 26 6 27 54 22 57 88 70 62 6 55 68 16 81 86 67 24 96 51 41 47 87 74 66 61 53 80 34 12 71 6 74 74 0 96 16 6 13 98 58 90 30 3 81 62 4 56 34 58 75 21 68 47 69 60 87 40 31 66 
43 60 97 55 7 36 31 57 82 5 2 29 58 50 87 56 46 39 15 91 91 59 74 45 68 72 12 34 60 28 41 47 1 29 2 87 38 93 89 49 35 49 26 93 80 31 64 41 61 80 32 20 87 95 22 58 0 29 43 67 91 38 53 39 96 35 10 58 68 31 74 84 20 40 16 90 14 69 67 21 51 
53 74 29 82 14 48 58 67 11 26 30 97 91 25 22 16 86 62 74 98 17 33 87 97 49 22 47 86 84 77 39 24 46 65 45 14 17 21 82 9 72 21 32 23 32 81 54 72 35 85 41 62 61 40 28 83 51 0 90 63 21 51 30 12 90 81 46 77 93 28 65 78 41 64 82 81 97 16 25 89 67 
4 2 92 78 7 7 92 44 88 5 51 46 65 23 71 37 5 99 91 45 5 37 28 47 32 16 89 11 89 72 31 28 83 8 36 45 54 43 48 96 83 38 30 77 72 2 29 87 33 59 58 10 2 43 40 77 68 27 0 9 35 66 97 48 3 19 92 9 9 69 45 71 84 32 1 78 47 67 88 22 38 
18 80 81 72 12 35 14 40 86 54 65 7 24 6 94 16 23 52 72 36 4 78 24 77 91 79 78 62 32 65 6 7 45 12 38 69 71 76 78 53 19 28 5 35 5 70 31 79 86 39 22 75 9 91 81 75 28 89 3 0 73 36 19 78 42 17 12 66 25 4 17 2 41 76 56 56 4 24 27 16 86 
65 61 12 94 64 17 93 68 89 99 88 83 3 70 38 61 52 80 6 60 13 8 90 15 39 65 61 9 4 49 66 55 40 27 9 35 2 2 60 85 10 13 39 56 22 13 13 79 86 64 51 60 25 44 91 44 48 36 88 95 0 68 46 9 3 89 44 36 24 31 5 71 24 75 12 32 4 58 20 26 56 
71 82 18 72 95 85 57 27 99 75 83 22 19 53 40 65 88 14 93 70 68 57 99 75 79 45 86 56 39 31 37 27 52 27 49 85 36 75 35 71 26 39 78 67 14 82 97 41 31 85 47 45 96 11 93 66 69 84 44 19 39 0 37 5 48 72 37 24 96 66 10 94 90 39 73 49 48 53 69 99 69 
57 79 2 80 14 1 60 85 17 38 48 81 22 92 38 11 6 89 83 59 44 60 17 5 70 31 21 71 37 20 3 90 47 95 29 49 15 87 32 62 71 12 12 87 12 15 30 25 24 92 95 1 44 32 78 1 28 78 91 78 30 19 0 72 62 9 49 73 59 26 21 52 57 64 22 8 16 44 75 60 6 
31 73 45 11 71 76 39 61 45 88 74 35 1 73 71 47 42 62 47 97 18 14 67 8 62 29 52 98 34 70 18 78 17 31 65 34 38 21 86 89 75 4 42 72 14 88 2 35 12 67 51 27 36 99 76 59 94 50 70 27 25 4 87 0 24 93 62 26 9 56 86 53 8 11 23 12 65 10 28 32 87 
19 74 54 78 73 2 41 54 50 96 53 30 92 96 68 69 84 66 87 94 98 53 23 34 82 32 44 30 3 70 21 1 28 18 83 49 94 43 94 93 18 78 49 27 58 69 5 63 67 81 20 67 61 70 9 57 27 61 18 32 48 54 35 90 0 3 91 85 9 14 98 64 6 26 69 93 39 27 68 64 91 
24 80 4 39 8 53 76 55 35 30 51 29 82 28 61 59 24 64 60 30 56 58 42 79 48 68 34 73 86 83 61 1 58 83 71 61 43 50 62 66 58 76 74 78 42 98 67 83 93 37 3 53 38 87 97 69 70 63 86 79 81 31 40 56 82 0 57 24 80 66 48 93 85 34 82 25 29 59 13 3 41 
56 29 96 22 41 81 95 94 66 3 46 13 14 9 50 6 56 84 15 52 71 88 88 23 19 75 23 96 10 13 31 95 30 30 55 36 45 24 49 55 1 99 10 98 14 43 10 78 56 20 19 14 56 89 85 51 37 13 52 34 96 45 26 6 1 32 0 60 8 68 92 18 67 75 14 5 26 33 61 62 74 
46 20 84 14 48 44 59 70 77 78 60 95 36 40 91 53 79 77 49 39 59 2 30 35 11 36 97 55 13 72 38 8 90 73 11 67 59 72 94 76 47 16 79 95 18 38 35 85 42 45 5 49 98 64 76 68 85 32 2 10 72 1 87 37 16 26 75 0 16 47 36 68 52 91 10 23 99 63 31 75 48 
28 62 38 39 37 87 21 96 36 58 90 83 98 84 94 47 65 11 24 58 51 10 51 53 87 14 78 42 89 48 81 54 25 31 79 19 69 25 67 77 79 20 30 69 83 94 27 62 9 84 28 79 91 90 88 44 38 85 32 69 25 61 36 79 20 8 92 91 0 83 94 96 23 34 28 22 97 81 78 76 31 
17 50 49 84 38 28 64 61 26 52 93 18 13 33 62 30 62 88 79 64 95 31 88 66 19 45 8 12 86 25 37 89 6 89 14 64 60 55 57 23 15 49 88 98 8 27 82 23 2 31 95 47 8 37 63 81 55 60 66 70 7 53 40 45 13 10 71 48 99 0 72 64 41 97 95 61 36 87 61 11 7 
17 43 84 7 10 30 62 97 77 92 56 37 95 76 26 83 40 62 25 45 37 68 64 53 86 87 85 44 37 82 4 50 23 89 26 33 35 39 36 61 15 27 50 96 18 12 38 44 72 23 49 35 75 46 36 65 56 54 49 61 20 84 77 20 26 2 8 59 80 95 0 37 11 33 78 52 83 8 35 28 50 
81 60 77 62 47 86 13 75 45 73 87 68 29 81 85 60 19 62 40 62 55 19 38 48 69 88 64 62 64 74 58 23 66 20 67 42 48 79 33 59 25 24 77 57 55 89 31 55 15 35 97 77 91 66 34 23 93 36 98 88 28 27 94 34 83 31 83 8 43 58 89 0 68 34 79 35 68 38 94 34 2 
22 4 87 33 34 94 94 85 8 27 32 48 6 59 55 37 24 22 58 75 7 62 23 33 82 47 34 10 91 68 19 60 53 93 28 47 36 83 78 78 50 41 45 16 34 92 99 76 25 94 64 9 83 26 76 54 39 91 59 39 61 41 51 32 35 32 97 46 90 77 38 86 0 23 14 14 92 99 63 32 45 
70 13 3 54 56 32 27 8 54 78 47 17 69 81 66 73 21 86 99 6 94 29 30 73 51 67 74 77 80 26 13 54 13 70 33 3 84 39 11 49 46 91 76 51 53 71 90 42 90 29 81 47 82 53 3 1 8 83 39 41 84 92 96 35 18 68 91 14 25 46 40 54 69 0 34 28 33 70 64 55 65 
99 86 87 27 15 92 25 81 73 57 99 98 12 34 88 1 50 11 30 36 13 92 18 2 70 72 81 44 27 46 60 14 42 86 87 92 67 80 74 29 93 67 96 93 79 96 6 53 78 61 88 16 31 40 96 14 37 45 63 22 77 40 1 37 73 1 97 52 46 98 87 43 36 3 0 44 18 77 54 80 14 
88 2 91 7 31 18 35 89 51 77 50 16 19 69 13 33 19 89 10 30 86 56 2 38 34 56 70 92 19 52 35 65 72 4 38 15 27 80 75 2 31 15 33 23 94 23 15 53 51 86 99 54 96 20 48 81 34 65 78 60 75 76 98 88 99 84 57 36 20 37 19 45 71 78 89 0 99 32 4 5 96 
65 84 71 17 78 2 13 13 92 80 18 29 76 31 28 92 55 95 31 87 99 12 68 82 96 36 80 29 99 57 69 39 16 16 44 84 78 19 81 2 5 38 7 5 41 48 84 12 41 18 58 54 73 51 29 65 45 56 65 94 75 57 85 77 73 81 4 98 54 92 74 8 69 81 57 79 0 84 66 92 68 
62 34 24 28 8 27 75 69 77 91 30 44 79 80 90 36 85 83 77 57 64 96 37 84 23 58 8 82 16 56 87 91 77 97 2 60 74 41 92 93 28 7 68 99 32 87 94 12 37 72 58 78 23 74 64 85 41 83 22 18 7 22 91 32 34 36 58 55 1 21 66 63 78 24 94 86 77 0 18 51 72 
33 1 37 96 11 12 65 5 35 63 54 30 79 34 19 62 18 37 24 99 77 42 89 25 54 91 25 30 55 28 49 73 9 51 94 6 89 19 16 34 27 53 42 68 87 68 88 38 44 27 15 2 21 27 74 37 49 72 96 4 81 33 97 18 62 61 4 43 23 66 52 59 36 83 57 95 82 40 0 52 48 
58 64 74 95 34 59 3 11 31 48 69 3 49 68 14 55 13 31 70 85 62 7 99 27 43 75 59 29 35 55 92 68 81 26 69 49 47 32 39 98 7 2 9 61 90 12 65 98 57 14 54 10 27 77 83 48 16 73 58 20 36 95 50 99 99 2 14 26 36 50 29 2 24 86 56 60 56 31 83 0 58 
58 84 78 31 79 88 9 63 47 70 60 70 44 41 74 96 83 93 80 43 2 1 96 50 46 72 68 48 37 96 55 9 89 65 97 74 49 93 61 38 13 17 55 81 10 91 39 21 66 59 63 78 98 39 15 56 8 3 88 85 8 87 27 59 83 47 87 57 75 90 5 78 7 11 74 76 42 4 80 47 0 
