n: 80
m: 8
Pi:U[1-99] 51 42 1 75 1 86 4 92 88 19 3 77 76 62 64 15 91 25 59 85 53 89 79 5 4 24 68 22 85 39 48 9 23 93 46 78 8 71 64 36 69 47 66 13 26 51 62 91 3 88 39 59 76 32 36 12 90 95 6 33 55 24 84 17 71 10 21 20 15 4 59 8 6 32 98 43 87 10 35 60 
Si:U[1-49]
0 14 46 44 2 27 12 43 46 7 36 27 23 19 48 30 47 27 9 20 47 32 32 24 10 41 25 42 35 42 7 49 5 30 25 10 44 2 44 37 46 15 29 46 31 32 2 15 11 27 44 49 39 22 14 30 43 11 47 49 26 8 40 40 32 46 20 30 24 46 17 35 32 35 44 26 17 45 38 37 33 
38 0 16 21 3 14 44 21 31 23 35 33 38 30 17 7 21 33 31 35 22 25 8 43 46 9 9 5 20 5 26 41 35 12 26 6 11 39 14 2 29 11 6 36 10 27 1 44 14 8 4 18 38 20 17 1 7 5 17 1 19 36 45 17 3 48 12 45 30 39 29 14 11 25 8 48 24 43 49 25 42 
3 47 0 14 32 28 38 3 17 16 36 47 12 41 43 32 6 17 30 46 49 11 8 10 9 3 21 10 32 1 37 39 34 40 14 1 4 2 35 45 15 47 7 19 31 5 14 17 39 7 8 37 7 31 48 41 13 6 40 15 40 11 20 1 16 2 4 25 3 8 48 17 13 37 45 36 27 43 37 27 1 
25 26 49 0 22 37 46 1 31 8 1 2 43 23 27 14 42 13 42 47 21 38 20 22 40 14 2 8 7 35 17 7 15 29 25 24 44 15 25 42 38 42 49 35 12 4 13 37 20 28 16 46 2 30 10 26 4 23 11 30 19 38 44 11 5 42 11 18 30 26 20 46 28 29 47 28 32 42 41 31 20 
17 35 32 15 0 24 36 31 44 29 33 9 38 24 27 38 49 39 38 43 46 36 43 34 24 34 19 32 25 44 49 29 15 34 31 16 49 3 37 45 1 18 4 37 39 24 22 47 2 6 41 34 29 7 21 12 34 5 14 45 2 29 31 18 5 33 8 3 4 23 30 37 15 12 12 13 11 22 2 48 45 
25 39 29 8 4 0 4 28 25 6 23 14 7 19 22 17 49 25 29 14 39 35 22 17 5 5 6 18 42 27 38 15 46 22 17 32 36 17 17 19 11 36 41 2 38 1 23 33 2 10 5 2 3 32 45 6 16 41 48 13 34 46 29 12 23 34 21 16 46 7 30 49 7 24 21 25 34 5 18 20 23 
46 49 21 4 11 3 0 47 9 21 25 26 24 33 31 8 49 18 39 1 47 46 13 8 12 45 46 24 30 42 13 4 29 47 42 18 47 3 21 29 14 12 36 10 15 21 32 8 48 1 43 16 37 26 33 37 44 3 26 35 27 42 9 42 8 45 17 44 17 18 4 16 2 4 2 7 30 32 26 31 48 
23 11 2 48 26 45 17 0 6 20 5 45 2 33 30 8 48 27 34 5 36 29 45 43 2 49 25 41 18 2 48 28 1 15 23 48 45 45 15 11 37 22 21 8 14 6 15 48 19 1 6 37 1 11 44 1 39 46 5 42 22 33 43 21 6 31 15 34 15 42 26 31 42 37 11 10 14 16 39 12 12 
28 32 18 19 5 18 32 34 0 16 34 40 47 17 9 7 42 5 28 45 30 42 1 3 8 33 44 4 49 47 11 6 41 36 34 2 29 35 32 7 3 20 38 13 25 10 18 23 35 30 43 2 3 9 32 5 3 38 24 33 29 46 4 28 11 41 25 45 13 2 48 35 4 41 33 49 40 45 21 18 11 
11 37 22 5 1 14 26 17 37 0 25 10 19 34 18 1 7 12 48 35 47 8 42 21 41 2 4 49 25 21 2 42 39 46 11 20 18 23 30 18 10 33 32 46 35 48 49 3 21 40 5 9 5 36 19 28 42 33 44 32 28 33 48 7 10 17 34 15 25 2 20 9 26 29 42 4 21 18 45 1 6 
1 37 5 41 24 19 24 8 26 24 0 23 21 43 24 28 7 46 38 41 48 1 15 16 19 28 49 9 37 35 19 28 41 45 32 9 29 1 12 8 36 19 29 11 33 49 4 21 43 24 5 27 35 40 11 29 8 44 14 27 10 17 27 36 24 26 34 36 20 43 12 6 41 27 12 4 15 5 2 30 5 
30 49 36 11 29 13 24 34 10 8 49 0 23 31 22 27 26 27 40 36 23 12 13 28 3 48 14 41 35 21 5 6 22 16 28 36 29 33 3 46 22 19 44 24 17 40 29 28 14 23 26 49 23 14 39 30 37 22 25 20 27 45 28 3 6 49 41 12 42 32 16 48 35 32 6 37 26 45 12 17 19 
23 7 3 5 44 7 29 47 7 9 41 5 0 3 46 49 33 10 10 10 32 34 33 18 2 44 19 43 48 4 28 16 1 9 10 13 43 38 19 22 23 42 19 30 49 15 9 35 42 10 47 48 4 9 35 24 13 40 39 41 33 45 40 16 39 21 47 22 48 38 33 45 4 14 16 41 28 30 1 26 7 
49 22 2 42 34 9 7 11 31 30 2 12 10 0 1 15 49 11 12 14 30 37 14 30 14 46 44 30 36 36 32 44 48 39 36 48 9 18 14 11 20 14 28 45 26 38 2 1 48 1 5 28 14 39 30 45 48 16 37 4 5 29 11 34 12 25 31 1 46 1 34 46 40 6 26 49 19 27 13 28 27 
34 32 26 28 24 19 19 6 24 8 49 38 12 2 0 35 32 37 6 41 14 4 13 47 43 34 27 24 19 7 49 3 13 41 43 19 27 23 45 8 13 49 41 44 16 48 34 27 12 39 7 7 12 44 30 23 14 13 20 36 48 19 29 27 31 27 38 4 8 39 4 42 24 22 15 18 46 47 28 1 30 
4 11 23 29 7 15 24 24 11 42 3 10 27 12 39 0 12 14 42 25 10 21 10 25 42 26 34 29 29 7 6 43 21 21 17 9 19 7 22 15 6 44 48 29 27 43 12 42 9 38 28 11 1 20 30 20 13 42 9 21 8 44 15 18 31 36 40 43 24 8 49 4 38 8 8 11 15 16 20 36 48 
17 38 44 13 37 19 40 42 21 19 17 18 14 30 30 49 0 48 30 35 30 18 18 12 47 45 27 36 49 29 35 11 37 46 7 10 22 32 42 39 45 5 45 14 46 20 21 16 18 9 27 45 20 27 12 49 27 29 1 14 49 20 33 27 12 24 10 9 43 26 25 11 34 21 33 7 46 42 29 17 37 
8 38 21 7 35 39 12 19 3 17 16 39 41 27 44 37 47 0 37 22 12 28 18 46 29 15 37 31 21 33 4 32 47 48 39 16 31 16 41 9 8 10 43 43 17 12 5 17 40 33 48 23 40 16 27 39 13 36 7 4 30 23 37 9 16 27 42 30 2 35 42 8 35 3 37 5 18 10 15 29 12 
10 39 2 23 25 8 46 8 3 40 41 46 45 16 36 11 28 23 0 34 44 15 6 41 12 39 43 7 16 43 43 23 27 17 5 17 6 14 12 47 37 39 45 4 11 26 19 36 1 13 37 17 19 19 43 15 13 6 40 34 24 19 26 42 35 44 48 17 9 48 20 10 40 39 26 3 5 10 9 25 23 
34 2 7 47 41 18 48 22 39 45 30 23 43 37 30 23 5 14 42 0 13 28 33 5 17 39 14 5 23 24 39 34 26 38 16 9 10 26 43 21 7 3 49 1 40 47 49 13 43 5 9 48 14 18 12 12 24 26 22 49 24 6 20 44 28 33 29 15 32 25 42 24 39 34 41 39 9 34 42 30 49 
47 16 26 43 26 15 20 16 33 6 9 33 18 11 38 39 20 11 15 20 0 39 25 43 35 19 39 39 43 26 31 21 47 37 39 16 25 32 36 49 42 23 46 5 38 43 20 31 3 36 30 33 4 44 2 43 25 46 8 11 21 33 46 21 18 48 18 27 3 35 18 24 45 17 4 26 15 16 43 29 25 
19 49 43 40 9 26 17 29 23 3 48 16 17 9 10 46 18 5 45 41 48 0 10 11 39 37 21 28 27 38 23 35 8 2 26 38 19 44 4 10 39 2 19 7 22 8 11 28 18 47 26 2 45 40 15 24 17 48 6 45 20 37 23 23 7 35 11 2 20 30 19 46 40 41 7 13 32 37 13 12 29 
44 42 8 13 10 6 6 31 3 16 47 36 12 21 31 16 11 38 3 28 32 37 0 10 7 18 37 41 1 37 35 8 7 32 25 13 43 43 34 12 9 38 22 25 36 44 3 45 5 2 5 8 13 8 17 22 27 29 16 44 36 20 48 33 7 27 35 4 47 17 11 30 42 36 23 22 14 48 9 6 26 
3 44 46 38 3 13 33 36 42 5 12 11 31 35 31 21 4 28 16 43 37 12 8 0 27 10 47 12 34 20 22 20 26 16 24 40 2 8 12 6 24 20 37 34 21 13 44 28 31 10 22 45 10 42 45 26 40 20 8 15 4 13 25 2 12 25 12 45 10 13 16 17 44 24 27 27 21 6 41 19 25 
18 11 19 21 41 11 2 23 47 48 18 16 24 34 31 47 9 41 38 17 40 33 33 29 0 17 27 48 41 1 3 22 12 6 7 25 3 42 36 16 22 8 36 9 25 29 10 8 21 39 17 20 34 38 1 41 31 15 33 49 40 22 18 46 20 44 13 27 7 31 44 25 11 44 13 20 42 16 13 13 11 
30 36 2 37 38 47 39 44 8 42 32 45 21 34 47 26 43 27 13 20 27 9 44 40 27 0 9 28 21 24 24 35 36 17 4 35 21 45 20 36 12 34 27 48 39 23 32 4 27 27 7 34 12 16 18 16 34 12 27 7 28 27 15 33 33 16 13 38 16 41 4 46 25 23 40 46 45 27 6 12 18 
19 40 48 41 47 13 15 35 25 1 45 1 47 48 19 13 21 1 4 44 40 46 16 45 24 47 0 9 23 22 20 23 21 4 9 9 34 12 27 1 49 33 24 30 12 49 39 27 25 11 47 10 44 26 35 49 4 46 43 21 20 42 32 28 38 2 34 27 8 14 27 4 28 23 33 17 36 36 43 36 9 
28 13 15 7 20 8 21 11 1 44 11 22 32 10 29 34 22 16 12 1 34 41 22 24 25 7 13 0 3 3 5 37 41 33 29 49 38 33 6 14 42 14 20 25 45 44 49 44 43 2 21 16 22 18 40 7 28 27 2 9 15 14 4 33 37 34 4 23 40 17 47 21 23 26 15 21 28 10 35 7 34 
20 20 23 10 47 47 43 2 29 20 3 46 20 29 31 44 42 16 44 11 20 34 31 20 28 31 6 36 0 40 9 14 48 29 19 35 23 6 39 42 3 23 2 43 38 15 24 30 11 41 21 44 42 2 19 36 10 47 25 16 18 21 47 39 19 44 47 42 42 27 40 18 38 31 35 28 32 33 14 32 47 
49 20 36 6 12 30 29 14 8 27 29 23 42 18 34 4 28 6 6 37 49 36 18 41 46 15 4 40 8 0 48 18 9 33 18 10 45 19 49 19 5 35 35 19 31 16 37 2 49 22 36 47 20 18 33 35 49 31 44 40 43 45 27 14 9 13 42 36 26 43 31 28 4 17 20 17 39 10 21 11 32 
9 30 8 46 18 37 31 12 33 18 42 14 13 22 31 31 40 18 41 45 23 40 37 2 20 29 3 37 33 2 0 17 16 18 28 14 15 43 49 31 32 40 46 49 15 38 49 1 23 45 36 33 15 1 49 3 48 2 17 28 5 38 13 25 41 9 40 11 5 5 32 38 45 45 37 25 41 44 15 34 16 
11 5 32 25 39 9 11 10 9 45 9 38 39 36 15 8 38 19 7 20 5 18 43 14 35 22 36 47 3 8 6 0 2 22 18 1 48 35 21 43 23 41 45 48 45 35 33 47 6 9 35 34 33 40 21 7 11 18 1 5 34 49 3 49 20 21 31 28 25 45 25 36 31 7 14 44 3 27 11 19 49 
48 14 49 46 32 21 33 47 22 5 49 6 41 14 11 49 35 15 30 3 45 11 35 31 15 39 10 34 29 49 11 35 0 8 24 31 15 34 8 9 35 14 20 44 20 39 10 37 18 41 45 15 36 19 26 6 7 6 43 7 24 7 19 42 31 2 40 34 48 12 37 29 49 39 28 29 37 4 37 32 29 
41 5 2 33 10 29 28 37 1 3 39 39 32 45 28 21 21 10 1 48 17 15 29 29 46 38 18 8 17 37 47 44 25 0 38 6 45 20 35 13 14 41 2 16 38 27 25 22 37 17 23 7 4 8 43 38 44 21 27 30 46 24 3 26 49 30 10 11 27 17 11 31 40 5 34 28 22 19 20 2 2 
43 38 21 27 46 17 8 4 31 14 40 23 11 34 46 48 12 12 48 38 34 35 26 29 49 22 40 49 41 46 14 6 10 16 0 46 45 41 21 37 38 1 33 31 17 44 33 8 15 15 32 24 3 6 25 41 33 25 27 47 33 16 34 26 2 26 41 37 15 4 28 16 48 3 19 35 1 20 35 17 27 
45 28 35 13 38 33 1 44 18 15 17 23 29 31 6 19 38 41 6 42 43 45 39 8 15 47 44 19 6 36 48 19 47 19 18 0 23 32 2 35 19 35 45 48 13 3 10 10 4 20 18 27 29 2 24 27 27 31 44 3 40 14 18 10 40 47 12 36 9 11 4 47 13 40 49 39 25 11 49 10 32 
34 49 15 12 3 18 22 21 45 13 10 31 9 2 45 8 8 37 44 29 6 37 47 18 24 33 42 2 45 4 20 34 28 4 18 43 0 31 47 9 41 49 46 38 16 38 42 23 33 9 33 36 20 45 1 46 28 44 30 1 3 28 28 34 35 10 32 39 25 9 45 14 27 42 45 27 33 27 22 49 27 
20 43 2 20 32 20 36 3 18 28 39 15 3 2 43 8 17 13 16 49 4 40 24 4 31 28 34 44 20 29 9 29 28 31 14 22 28 0 7 5 41 3 3 20 18 48 16 9 20 15 5 1 45 21 17 45 15 2 42 35 4 29 23 36 32 5 48 45 37 20 41 18 26 40 12 13 22 44 43 44 2 
27 3 36 40 30 16 9 3 49 40 33 14 30 30 22 31 5 30 16 26 43 27 1 18 16 30 43 21 19 14 39 2 45 12 13 13 2 46 0 5 34 12 15 6 10 9 39 36 28 35 44 41 15 27 16 17 46 47 38 20 24 12 22 36 15 46 13 4 6 19 29 9 33 36 43 28 45 10 47 32 18 
8 40 2 22 40 4 11 9 43 21 29 24 28 44 33 34 28 46 27 16 29 40 37 24 1 42 2 48 4 5 46 3 21 32 18 37 13 19 3 0 43 12 9 37 21 19 8 34 11 9 34 20 17 35 29 43 49 37 17 24 14 15 15 33 43 4 1 22 8 36 13 29 10 22 12 30 14 14 10 43 49 
13 46 33 17 18 12 25 42 5 16 47 8 14 1 46 1 6 25 6 23 45 16 44 34 44 22 17 25 4 6 3 29 32 17 9 9 27 40 38 5 0 6 17 6 47 16 23 16 7 37 1 5 41 39 37 13 12 45 7 20 34 39 12 17 30 23 35 47 28 34 32 33 25 37 7 8 11 35 35 15 21 
45 2 18 23 11 31 19 18 6 14 12 44 18 26 5 24 27 23 19 46 10 14 27 11 1 10 20 36 15 29 4 40 14 15 35 44 8 11 14 14 42 0 29 41 46 33 11 4 32 30 9 24 31 8 19 2 23 11 16 45 16 36 16 13 46 44 16 3 30 2 23 32 9 27 2 47 2 12 13 37 14 
2 10 14 48 44 4 3 2 21 26 26 48 29 44 31 36 1 48 34 24 37 22 15 43 4 42 2 7 7 3 10 3 27 36 48 16 1 31 8 3 36 6 0 13 16 24 19 39 41 46 34 9 12 18 29 34 7 38 29 2 22 31 8 48 42 4 31 11 44 18 42 6 30 47 23 20 19 43 17 30 45 
12 41 18 16 31 47 24 27 48 6 31 6 40 3 47 48 27 32 43 48 10 10 13 8 3 27 8 37 1 26 8 44 42 35 4 19 7 3 47 9 38 49 12 0 33 33 6 39 45 2 16 45 29 45 16 12 13 42 10 38 2 20 26 28 8 27 33 10 3 11 10 41 33 1 47 48 38 9 30 10 38 
30 12 49 4 35 32 36 31 43 34 28 39 11 42 6 11 7 35 31 49 47 8 2 23 28 25 42 42 9 2 44 33 29 3 46 3 44 6 15 2 2 10 33 15 0 9 26 26 40 12 11 26 4 4 11 33 15 1 3 26 46 31 36 4 44 1 20 16 9 4 9 36 41 14 31 7 30 42 3 41 15 
46 33 29 30 13 30 29 22 31 21 17 16 42 30 30 46 41 33 36 44 4 32 42 32 5 35 36 48 35 46 14 22 41 31 1 37 48 26 16 11 34 40 9 40 48 0 1 8 39 48 6 23 35 27 29 28 38 21 12 5 15 30 28 36 37 21 16 44 18 34 45 14 6 24 9 11 2 15 35 33 23 
31 38 9 27 18 18 20 5 31 28 45 12 20 37 22 5 36 10 1 24 14 29 1 19 37 19 45 11 2 49 23 39 23 25 12 46 28 31 40 23 22 32 45 31 14 7 0 37 31 34 39 34 44 32 44 16 36 4 40 7 19 30 25 27 26 43 42 35 2 9 45 27 49 15 8 13 20 49 28 6 2 
4 16 12 7 39 33 9 36 36 4 17 28 43 33 36 8 22 26 38 3 46 23 45 6 13 26 28 27 49 38 8 47 34 35 33 22 29 16 3 38 34 32 8 44 27 21 41 0 35 15 36 22 2 22 18 22 17 46 26 6 18 22 17 33 25 27 14 37 29 2 7 15 27 39 41 38 4 20 42 11 48 
13 28 31 28 18 18 18 9 41 26 38 6 2 33 12 24 8 29 48 40 47 28 17 38 27 9 43 32 10 40 37 22 26 35 32 40 37 13 29 10 16 21 41 49 44 37 40 44 0 4 1 44 21 19 20 24 42 33 31 28 13 24 40 12 40 1 25 9 9 8 46 30 42 4 35 37 44 23 49 49 39 
3 10 36 17 36 31 43 24 6 8 24 37 42 5 47 41 29 37 11 34 32 19 25 23 27 20 15 15 40 35 31 16 1 33 27 35 10 34 30 34 17 10 30 19 28 11 21 49 28 0 17 35 12 33 6 39 27 45 9 29 44 28 27 2 34 2 12 31 43 11 34 22 12 32 21 6 44 29 33 11 11 
15 8 26 8 31 32 14 10 34 5 34 38 44 8 14 14 18 12 40 30 36 23 5 16 36 40 46 3 43 37 20 39 14 36 48 7 37 28 33 4 4 17 18 22 19 32 9 22 28 43 0 10 26 7 23 27 42 45 43 6 3 5 42 42 42 39 20 34 16 43 3 2 37 24 19 25 31 43 2 3 21 
36 11 48 17 7 5 6 1 36 4 9 32 40 7 32 15 34 8 14 41 47 10 22 45 21 34 30 32 19 10 26 9 34 30 36 15 34 13 25 36 15 42 2 29 5 6 26 45 43 49 30 0 35 38 11 14 6 43 34 34 19 22 15 38 30 29 37 22 46 13 48 16 30 16 41 31 12 23 25 6 28 
30 22 3 20 17 25 46 20 33 28 37 21 40 9 29 40 8 15 48 27 12 25 30 30 6 45 44 45 11 27 38 19 9 24 38 31 39 43 12 36 37 41 25 41 23 41 44 37 1 6 18 15 0 21 3 15 22 35 34 29 21 37 29 31 49 39 9 16 48 21 39 45 2 42 26 13 33 14 13 38 4 
38 43 31 37 5 9 37 46 11 41 46 38 25 36 25 8 41 19 33 42 46 8 31 23 36 1 7 9 40 36 38 32 32 13 35 16 49 46 47 4 14 42 29 44 10 46 9 31 16 33 39 9 37 0 41 13 1 14 3 10 38 23 19 24 26 24 3 30 37 34 14 9 27 2 21 28 44 5 21 14 15 
43 42 17 22 7 24 45 2 5 37 44 40 46 15 31 27 33 9 7 20 35 33 22 17 48 10 12 14 35 13 40 17 31 48 39 19 44 39 16 16 48 6 45 22 3 45 39 48 35 15 6 9 32 13 0 18 45 29 40 5 10 3 46 37 21 27 46 34 18 30 14 35 27 39 31 14 5 34 26 10 31 
29 47 30 29 48 6 27 8 49 44 15 17 47 20 45 33 2 25 28 2 20 38 25 45 16 17 17 5 31 20 42 46 41 46 41 28 47 10 38 30 49 13 48 47 10 46 48 26 26 46 12 14 47 20 45 0 45 32 33 16 48 23 31 48 16 30 4 27 2 32 39 11 26 11 41 24 44 16 11 1 23 
28 13 37 41 31 26 12 6 21 12 23 16 4 49 25 3 11 11 47 6 35 46 40 39 22 35 19 15 8 19 46 32 40 46 35 1 17 2 22 6 29 5 38 11 23 44 31 40 10 40 39 19 48 28 17 43 0 6 46 10 13 12 13 20 39 44 37 11 14 5 3 10 40 44 45 32 47 22 16 23 24 
29 7 12 4 13 48 22 15 39 2 8 19 32 41 41 8 13 12 13 37 42 38 20 48 41 44 24 15 1 6 14 37 10 42 43 12 49 13 22 49 15 34 16 44 36 21 20 4 40 20 37 48 21 30 10 45 2 0 44 12 20 35 3 11 19 33 22 37 21 32 7 18 19 27 46 1 4 38 27 48 9 
9 44 34 27 37 21 10 16 15 29 6 15 2 18 44 8 26 2 3 11 23 14 43 5 5 46 1 44 49 20 40 37 3 15 11 32 45 5 26 45 27 11 19 26 6 6 4 45 13 9 43 27 6 3 11 13 31 40 0 1 47 46 27 32 27 2 43 23 31 3 37 34 7 35 40 22 30 29 4 11 7 
41 2 7 5 22 16 40 10 36 20 26 49 11 25 28 31 18 20 6 33 27 21 41 1 33 20 33 3 12 25 48 49 12 34 31 44 19 29 31 14 46 8 46 28 37 4 30 38 31 2 24 46 34 43 15 9 2 28 11 0 45 38 8 33 14 32 10 11 29 14 28 9 41 23 13 25 28 6 15 37 19 
38 15 28 37 11 46 49 18 25 26 42 3 12 44 27 18 45 23 21 17 49 33 9 23 42 45 29 8 14 13 23 40 33 5 44 48 10 15 28 42 6 27 11 24 43 49 5 14 6 45 3 8 40 30 13 22 27 4 36 43 0 36 46 14 40 13 25 5 6 12 26 1 33 23 34 12 7 25 30 28 12 
28 43 42 9 8 18 9 49 9 41 22 44 8 49 6 47 11 23 34 39 3 16 37 34 8 37 44 42 2 4 39 29 34 9 27 5 32 9 36 11 32 38 49 35 29 47 25 4 16 39 37 36 31 40 41 23 37 35 46 10 18 0 23 8 23 42 37 36 16 38 41 19 14 31 49 22 33 9 25 10 14 
32 14 49 24 44 1 8 27 11 32 21 47 3 28 31 12 29 21 47 2 24 32 18 40 39 25 42 9 24 41 4 36 24 1 8 28 26 34 8 37 8 34 4 33 23 27 7 26 33 30 13 34 9 13 11 46 2 48 38 41 17 11 0 1 10 39 39 42 48 35 18 25 6 11 4 37 13 19 15 6 40 
26 17 10 24 17 1 22 6 27 27 40 15 14 18 31 14 44 22 10 31 35 26 35 10 28 2 2 34 12 7 42 13 28 32 27 7 15 39 29 47 15 21 22 19 23 44 22 18 23 31 9 27 4 9 17 16 47 2 26 6 44 14 31 0 14 47 9 1 41 26 30 15 8 33 14 35 9 31 24 32 39 
2 42 12 38 26 35 10 9 2 13 49 19 36 23 27 17 44 41 21 39 35 44 13 47 30 17 48 40 4 13 20 30 18 24 3 44 48 32 30 25 45 37 11 45 25 10 39 45 27 49 7 24 4 15 33 32 26 36 20 20 11 10 24 13 0 43 18 41 42 4 42 13 37 11 4 19 12 43 38 36 4 
48 8 43 39 13 28 45 38 19 47 21 3 35 26 32 47 3 30 2 22 4 9 48 31 27 19 3 14 22 38 19 43 22 10 8 24 48 5 22 13 21 7 13 23 31 33 4 39 47 14 8 14 13 45 4 13 9 37 38 46 18 32 49 28 21 0 2 14 27 20 47 43 17 37 17 46 39 42 30 22 34 
1 22 47 39 23 29 21 29 37 2 25 44 18 35 18 26 47 17 30 16 7 20 12 41 46 35 13 35 46 35 39 45 27 29 44 23 40 1 20 38 19 40 48 5 46 16 16 11 21 29 18 15 5 22 40 10 3 3 5 36 1 24 41 40 16 18 0 9 17 43 38 20 40 8 13 3 24 38 33 6 30 
45 3 1 3 30 9 28 11 14 14 41 28 9 18 45 40 9 9 49 35 41 9 36 14 14 24 36 29 2 20 47 37 41 49 17 32 46 10 8 18 20 22 28 32 37 16 2 17 13 31 22 48 14 31 4 15 3 32 37 41 20 27 35 34 45 14 31 0 48 10 33 13 27 24 21 24 30 34 47 23 29 
27 45 16 3 29 15 2 45 25 19 43 48 24 5 12 27 30 10 24 28 34 36 23 36 5 12 23 40 43 39 34 23 29 14 10 1 41 23 2 28 30 8 46 43 12 13 26 42 43 8 49 23 19 15 39 47 11 30 37 25 40 30 21 40 38 14 17 23 0 11 19 8 21 43 8 14 47 49 30 40 12 
18 17 2 37 30 42 40 22 14 20 37 23 10 16 9 46 34 40 31 18 11 6 4 20 5 36 29 5 7 42 2 19 18 36 9 42 46 25 31 29 8 30 37 47 28 6 7 10 27 1 19 39 30 40 4 49 5 45 39 22 47 35 12 5 27 9 15 41 45 0 18 49 18 22 9 47 21 15 8 36 13 
13 29 41 1 4 14 37 39 4 37 18 21 48 27 22 43 25 32 8 4 46 3 30 39 48 26 21 23 27 4 15 19 22 47 8 18 43 4 45 25 10 24 44 36 3 33 24 9 7 31 26 40 48 21 48 47 36 23 20 26 36 25 30 6 31 6 14 11 40 4 0 48 23 47 47 43 33 45 17 34 37 
46 37 3 6 10 27 4 32 48 23 3 33 1 42 47 37 26 41 23 3 43 46 41 4 42 16 24 45 37 6 35 10 3 14 22 10 18 39 10 46 42 30 10 1 30 8 30 45 43 20 30 16 41 5 27 25 28 17 29 1 20 20 32 8 18 13 1 16 9 25 33 0 40 23 3 18 4 12 5 1 11 
30 3 27 28 22 41 35 47 17 4 48 46 22 49 33 40 43 16 44 14 46 41 25 42 4 29 42 41 36 32 34 8 34 42 46 34 13 35 31 10 39 14 37 39 26 5 35 22 19 38 26 12 14 34 27 35 12 26 30 42 12 34 32 14 2 49 35 5 44 13 38 18 0 9 15 12 13 17 32 36 9 
40 31 40 7 2 34 16 30 3 22 47 47 33 34 8 29 45 16 20 47 30 12 39 45 6 44 41 46 5 48 18 13 12 49 27 49 35 49 22 16 6 5 8 37 16 3 24 15 45 23 25 23 25 13 31 44 21 10 6 6 43 27 42 14 44 8 15 36 49 22 12 25 20 0 11 6 28 13 45 45 42 
17 23 18 23 23 9 16 1 35 47 11 21 6 13 39 18 24 41 14 7 10 24 49 3 17 8 20 32 22 9 16 32 47 34 22 10 25 13 16 31 32 13 1 11 5 3 33 10 32 7 17 33 47 5 22 21 10 22 10 27 24 45 18 35 12 9 20 27 29 36 30 29 29 6 0 1 18 15 26 19 46 
44 14 23 29 39 32 48 15 11 29 2 26 8 12 20 2 40 44 7 14 19 37 23 37 15 25 28 46 7 33 36 28 14 24 4 24 23 13 45 40 35 16 29 10 16 40 11 14 27 7 35 23 4 9 25 38 46 25 14 9 22 2 32 21 21 11 24 32 44 22 34 5 32 47 3 0 5 12 25 24 26 
18 21 6 47 42 40 21 19 23 31 9 36 13 20 37 40 15 18 46 48 18 4 15 23 34 35 45 8 49 40 40 36 12 40 44 25 28 29 40 39 29 12 38 32 48 24 1 34 4 40 23 4 5 45 3 27 42 26 43 20 35 19 32 34 30 3 26 25 20 16 39 25 13 11 2 34 0 6 19 12 40 
12 4 44 48 47 4 39 27 39 5 42 38 28 40 31 24 22 33 47 45 44 43 34 2 36 15 13 41 15 36 13 34 21 45 47 14 18 1 8 37 6 41 6 20 42 25 12 36 49 20 5 27 30 24 8 33 19 3 42 45 12 45 21 43 28 6 48 11 16 22 10 19 19 19 4 40 28 0 1 22 13 
11 47 5 4 6 24 17 43 43 10 40 22 3 15 9 19 36 31 46 27 29 42 24 23 45 18 43 45 45 42 48 40 18 21 42 37 29 49 21 37 28 17 11 44 41 12 31 8 39 32 24 9 10 49 34 27 34 8 2 26 47 9 23 13 44 6 48 19 36 46 35 34 34 43 9 11 43 32 0 5 23 
32 37 27 9 9 29 43 15 43 24 4 32 37 11 30 25 7 15 2 30 27 20 20 42 31 38 25 3 41 23 14 24 3 44 11 48 23 33 6 31 24 19 40 46 18 18 45 7 10 17 4 12 9 27 37 37 31 23 29 37 7 21 8 36 2 10 26 28 20 31 8 23 9 31 17 48 15 20 49 0 6 
24 19 3 9 5 12 22 25 48 16 7 27 39 40 23 22 44 20 20 43 6 29 48 15 40 1 38 37 44 32 25 29 45 16 20 25 48 22 40 20 48 35 11 41 41 43 28 22 16 19 45 18 48 36 6 12 49 9 32 31 38 12 4 32 47 26 43 46 9 12 48 17 38 9 41 36 37 40 42 36 0 
