n: 80
m: 2
Pi:U[1-99] 51 86 92 54 53 93 6 18 4 67 18 13 63 46 20 69 16 76 87 32 45 14 84 13 39 30 24 53 57 17 36 38 19 22 18 84 37 54 92 37 63 95 81 72 84 71 17 2 70 16 41 85 21 43 27 13 59 10 40 67 41 43 99 92 73 50 50 94 47 31 82 48 76 48 64 79 27 99 43 70 
Si:U[1-49]
0 27 32 4 2 30 30 30 17 12 15 4 7 37 39 19 25 19 48 28 28 49 48 48 19 49 22 49 6 25 24 45 49 45 49 49 39 34 36 40 49 49 13 46 49 1 39 24 27 49 39 9 48 49 49 7 45 49 49 42 40 49 7 49 39 45 4 46 30 49 15 37 4 43 4 39 49 40 16 39 48 
21 0 30 10 16 22 5 27 10 19 9 49 49 1 18 49 49 3 39 49 18 7 49 21 13 16 24 30 36 40 31 49 49 39 25 15 49 9 49 16 49 33 49 4 6 15 43 19 49 49 18 42 37 10 9 49 16 12 40 49 13 49 40 49 49 31 34 39 19 19 49 34 7 49 49 19 49 27 49 21 31 
7 25 0 32 24 24 4 6 5 0 25 46 49 24 16 15 13 43 40 48 13 6 16 27 49 10 36 42 49 49 49 49 24 49 46 24 24 27 49 22 49 21 18 49 49 21 49 6 16 49 49 19 4 49 34 18 48 31 49 49 22 49 6 16 49 6 49 49 49 16 27 15 7 49 46 33 25 12 42 37 37 
5 2 19 0 17 6 22 6 4 20 40 27 49 45 40 49 22 15 3 10 49 49 18 46 19 48 49 48 33 1 45 39 49 49 42 3 19 49 33 33 13 49 19 42 49 45 49 49 31 37 46 12 33 42 48 10 49 33 49 48 33 49 46 18 25 49 30 27 13 36 42 10 13 48 42 49 43 13 49 49 49 
6 13 20 3 0 23 18 29 3 14 49 6 4 49 49 36 36 49 49 4 49 27 9 49 49 31 13 49 49 49 49 28 7 7 22 37 16 24 49 33 49 37 4 49 46 49 49 34 49 49 46 6 48 49 27 42 30 36 49 22 10 7 39 10 49 49 40 37 40 49 49 49 49 16 49 4 49 45 40 7 28 
22 14 22 11 29 0 11 17 13 2 49 49 49 24 28 49 45 49 12 46 3 18 10 6 9 1 49 45 16 49 21 13 49 49 21 45 49 4 24 49 12 27 36 40 49 12 36 48 1 7 36 34 1 49 49 27 49 49 9 12 9 48 40 21 18 49 15 34 49 49 31 18 42 15 1 30 25 49 13 24 36 
25 4 5 30 9 17 0 10 28 8 48 34 18 19 4 49 37 3 49 49 18 36 7 7 48 49 27 49 49 1 46 31 49 39 49 49 28 49 46 49 22 49 36 12 4 7 43 9 6 16 21 12 49 40 28 48 45 49 36 45 4 34 49 49 25 16 49 49 49 49 49 49 42 9 49 49 28 46 18 16 45 
27 9 4 14 27 4 8 0 21 10 6 1 49 49 49 33 6 31 49 49 22 49 4 3 45 42 49 18 6 10 48 42 4 4 18 49 12 49 22 6 7 1 1 13 18 39 39 12 49 37 28 1 49 42 28 27 49 25 27 45 49 49 21 36 6 43 49 49 12 22 49 49 18 6 49 39 27 49 48 7 33 
6 18 10 18 1 28 26 7 0 19 49 43 46 48 30 49 15 49 22 15 49 28 6 16 49 49 49 9 45 45 30 49 13 49 21 49 19 49 22 19 49 25 49 49 49 42 45 24 46 33 3 28 24 3 49 13 39 37 49 24 6 24 31 6 1 49 39 4 37 45 40 49 48 49 3 27 49 4 31 48 21 
13 17 20 4 14 8 2 8 0 0 49 15 49 49 3 33 25 15 49 45 12 34 3 3 1 42 42 21 49 37 31 30 49 49 4 49 18 49 49 49 30 49 49 49 49 27 10 49 49 30 49 6 21 49 1 49 21 48 49 49 49 49 49 28 15 49 4 49 49 40 49 48 49 18 7 21 3 49 4 30 49 
42 19 45 21 45 7 49 49 49 28 0 15 30 15 4 27 31 6 15 5 22 49 49 21 13 25 49 49 42 39 34 42 15 36 49 22 31 19 49 28 49 30 49 49 34 49 27 49 22 25 49 13 1 6 49 3 30 4 37 49 45 6 46 22 49 18 15 21 28 49 49 3 37 49 3 28 49 28 21 4 48 
49 19 33 49 46 49 49 49 15 49 2 0 10 12 26 20 19 6 3 3 31 49 49 13 1 49 27 46 27 16 49 49 33 27 28 3 30 49 49 49 43 37 45 49 18 30 1 49 27 1 49 49 39 46 1 4 28 49 1 49 42 31 49 39 12 30 39 37 15 49 10 49 34 30 12 9 43 49 45 31 49 
28 49 49 9 49 30 48 22 49 25 0 7 0 24 11 29 3 18 15 20 10 1 33 24 33 46 21 13 27 45 31 40 22 49 28 13 49 21 21 33 12 49 6 49 49 31 18 40 27 25 19 10 7 46 37 43 49 6 49 39 24 49 33 27 3 24 45 22 9 49 30 49 49 46 9 16 49 31 49 13 49 
49 49 49 25 49 49 49 1 24 49 30 14 6 0 4 32 28 0 13 22 16 15 49 15 42 31 30 49 48 37 49 48 49 46 49 16 6 33 12 46 49 40 10 9 31 37 1 42 46 49 34 3 31 42 36 49 24 28 10 49 40 49 49 30 16 1 4 39 49 33 36 49 49 49 39 12 6 49 48 18 22 
15 49 49 24 22 21 49 22 49 19 1 16 30 17 0 32 24 28 12 21 49 49 49 25 19 45 4 4 19 49 33 6 45 49 42 1 49 34 15 39 7 49 49 49 27 48 4 34 3 37 42 49 39 19 21 49 7 9 45 40 43 33 22 49 49 49 10 19 49 49 49 49 42 31 18 36 45 49 46 24 48 
34 12 3 7 48 31 49 40 45 34 17 8 29 2 18 0 12 18 16 1 36 15 4 22 3 49 49 49 30 12 3 46 27 49 49 10 40 30 7 45 36 48 49 36 37 18 33 28 49 30 15 49 24 49 4 49 42 49 49 36 4 9 49 43 49 30 22 49 30 10 31 30 12 3 10 49 49 36 28 49 39 
49 49 28 49 45 49 48 10 6 27 9 9 26 12 3 8 0 29 16 24 18 49 49 27 30 1 42 49 30 34 49 49 28 49 13 49 30 22 49 40 6 28 49 18 21 30 12 40 49 43 37 49 49 27 6 27 24 42 49 49 49 45 19 49 13 16 49 49 3 6 49 36 49 45 36 34 21 12 27 45 49 
42 36 13 46 49 49 49 34 48 43 28 5 7 30 21 7 4 0 26 7 28 46 4 30 15 48 24 49 49 49 49 13 49 49 16 25 30 48 48 48 49 49 15 9 39 49 28 15 49 49 40 49 4 13 33 49 49 22 49 1 7 21 36 9 28 45 49 37 42 49 22 12 49 49 28 10 31 3 34 49 37 
22 49 42 3 49 36 7 27 49 46 26 0 14 18 19 32 2 15 0 14 1 28 49 31 27 46 36 49 49 7 37 49 30 6 16 39 49 39 42 22 49 21 49 9 49 27 22 6 45 18 49 49 49 4 21 21 4 19 49 49 49 4 22 30 42 18 7 45 49 21 9 49 49 4 7 49 49 21 49 22 30 
49 37 36 33 46 40 49 37 21 9 25 22 2 12 18 24 16 16 8 0 7 49 28 13 49 15 6 4 6 9 49 46 49 3 37 49 12 7 18 43 49 49 18 49 49 22 16 49 49 49 6 25 49 34 49 9 49 46 36 49 21 4 42 18 25 49 30 49 33 22 31 7 33 7 19 43 48 49 49 49 34 
34 48 12 49 25 49 48 22 4 21 21 34 3 36 10 30 37 16 10 48 0 14 14 12 30 6 9 30 4 18 42 18 49 43 49 1 27 10 49 9 30 9 49 40 49 10 10 37 46 49 22 33 49 49 19 36 21 36 49 1 25 12 40 40 49 49 40 42 6 16 49 49 31 49 49 49 33 49 43 49 16 
49 22 9 48 49 49 9 49 49 24 36 46 49 49 49 49 49 48 1 49 0 0 18 9 19 0 20 29 6 14 49 6 37 22 18 30 25 49 49 46 49 49 7 16 31 48 13 36 45 49 40 10 42 9 33 24 16 37 10 6 49 6 49 13 36 6 1 49 33 9 49 33 49 49 36 49 36 16 48 7 49 
49 9 13 31 49 42 30 25 27 49 31 49 16 40 13 24 18 49 18 49 12 26 0 8 31 22 20 32 30 12 49 33 49 37 46 49 49 49 12 43 49 48 49 13 24 40 10 49 6 45 10 1 27 49 36 49 27 49 7 37 48 7 16 30 39 49 12 6 39 7 49 43 46 37 48 16 49 49 49 45 28 
49 27 40 18 21 40 25 6 31 49 49 10 45 28 21 33 49 1 3 49 30 22 0 0 8 23 18 11 30 26 49 28 49 49 19 49 6 49 49 49 49 6 30 22 49 46 49 49 49 30 27 25 49 49 13 12 18 13 42 28 40 39 49 30 30 49 21 4 4 49 22 34 49 49 31 10 49 49 49 49 49 
42 46 16 49 34 31 49 9 27 30 49 49 25 49 49 6 3 46 1 49 11 22 18 4 0 5 28 31 15 17 16 28 49 49 49 48 49 3 39 10 25 49 42 49 49 12 49 34 49 49 49 1 49 49 16 18 28 49 49 33 12 3 49 49 19 49 25 37 49 46 46 28 49 49 18 49 49 6 42 30 49 
15 49 25 43 49 49 31 49 4 49 21 13 48 49 19 15 22 49 49 49 10 30 23 16 23 0 30 26 6 7 42 6 24 49 10 36 48 49 4 49 49 48 40 22 36 37 49 48 15 42 49 49 10 49 13 49 39 49 15 49 45 37 43 22 49 39 49 49 49 24 49 27 13 4 6 16 3 9 28 24 9 
49 49 49 16 9 49 24 18 49 19 49 28 33 49 49 34 49 49 7 49 3 26 2 32 7 27 0 16 2 8 1 49 15 34 31 37 42 49 1 49 49 49 49 49 21 25 49 49 36 28 16 49 49 40 49 46 3 37 45 28 49 6 28 49 9 43 34 36 43 49 49 49 43 49 45 12 34 25 34 31 12 
28 49 28 49 18 48 49 49 28 9 49 7 7 37 49 27 19 43 49 18 21 18 7 20 11 8 16 0 6 15 46 10 49 49 49 49 28 49 9 19 49 9 24 48 49 25 46 49 28 49 12 49 18 6 13 46 49 37 1 45 21 24 49 15 1 6 33 28 48 31 43 49 45 49 39 1 12 49 27 36 22 
19 10 49 49 9 49 39 49 49 36 9 49 21 49 30 49 4 15 49 43 14 20 24 20 30 7 30 15 0 30 4 49 7 34 31 4 49 9 48 10 49 49 19 1 49 49 49 18 40 3 49 49 49 15 49 16 28 49 24 49 16 36 49 22 43 21 4 49 49 30 9 49 16 45 6 49 9 43 49 1 49 
31 4 16 21 49 4 48 42 15 49 19 49 49 34 49 45 49 49 42 13 8 0 15 22 30 8 23 26 27 0 12 37 49 27 6 49 16 1 10 49 46 19 6 37 36 1 49 33 40 1 48 49 4 4 24 6 13 3 42 49 46 49 13 43 24 1 15 36 49 49 39 49 39 49 13 3 16 49 49 24 49 
49 48 37 49 36 6 6 49 49 49 49 48 15 19 42 22 18 1 12 49 39 48 34 46 33 49 46 49 49 10 0 16 0 2 1 26 18 2 9 24 25 28 49 24 31 9 7 7 49 24 31 49 6 34 16 19 21 49 49 49 49 21 46 37 49 49 49 46 6 24 49 28 6 28 49 16 22 49 9 21 13 
33 49 49 27 49 49 49 49 33 49 49 49 49 4 10 18 10 49 39 49 13 49 16 49 49 18 46 1 49 34 25 0 0 20 28 8 32 6 2 31 49 34 30 49 49 6 21 7 40 27 16 28 49 46 25 10 49 49 10 49 49 49 49 16 12 49 37 49 18 7 49 19 48 24 33 49 25 49 19 49 15 
42 45 49 49 9 16 24 9 49 16 49 49 18 19 16 36 4 49 22 46 27 28 16 46 1 28 30 49 46 15 29 18 0 31 30 6 22 2 20 16 34 40 49 49 49 25 36 48 49 49 30 13 12 4 15 7 27 42 37 7 10 21 18 49 22 28 42 49 49 49 49 12 27 49 30 48 33 18 6 37 9 
21 40 49 49 49 21 46 36 46 18 34 49 49 49 25 49 49 27 49 12 40 3 49 30 49 24 43 49 25 25 17 20 6 0 16 5 32 13 17 12 49 45 49 27 1 34 42 34 49 46 49 40 21 28 30 45 43 28 12 7 49 4 19 49 49 49 49 42 49 49 24 22 16 42 49 28 1 49 49 13 49 
37 49 49 9 39 30 13 25 12 7 19 49 10 49 49 21 40 46 28 31 49 43 49 4 49 42 21 27 43 18 14 27 1 4 0 14 30 5 19 21 19 49 49 49 49 40 3 34 10 49 30 40 4 49 27 45 40 49 49 37 33 49 10 49 49 10 45 12 24 49 49 49 37 49 36 48 49 49 49 49 12 
28 28 33 49 49 3 49 3 49 10 24 34 49 49 42 49 49 10 10 33 36 49 24 16 39 28 36 3 49 39 3 9 4 9 20 0 18 6 14 11 49 40 43 34 21 6 49 49 45 37 13 15 15 49 49 49 49 27 4 49 48 13 7 19 49 49 27 49 49 39 6 49 16 33 7 49 18 30 46 16 24 
19 49 34 24 9 36 37 31 28 34 1 16 49 4 12 48 22 36 48 6 40 49 49 21 25 42 37 30 34 49 11 32 7 13 29 27 0 12 7 21 33 16 49 10 37 49 49 21 37 1 49 49 40 31 46 48 49 49 49 3 10 3 30 40 48 1 48 37 7 49 27 43 37 16 21 6 48 49 49 49 49 
49 19 25 43 37 15 15 31 49 45 27 21 25 7 7 49 43 16 48 49 34 13 13 49 4 42 37 40 49 48 0 23 28 9 9 31 30 0 6 24 18 3 9 12 40 48 28 49 46 49 48 49 42 28 19 49 7 48 49 13 12 49 3 49 10 18 18 27 19 48 19 19 28 13 43 49 4 40 21 49 42 
49 42 43 30 37 18 28 36 19 45 24 16 3 9 6 34 9 40 49 49 49 19 49 49 6 36 49 16 49 10 18 17 28 12 8 2 11 4 0 21 34 49 49 3 9 15 49 33 6 42 45 49 49 28 31 22 49 18 39 49 24 4 36 33 49 49 48 19 49 49 49 49 49 12 28 40 45 49 1 43 31 
49 49 39 49 28 27 7 21 22 36 3 10 7 49 39 49 49 49 18 25 3 49 37 49 49 18 49 45 48 49 16 32 6 27 24 1 23 32 6 0 31 3 49 49 34 49 48 3 45 49 30 49 13 49 25 49 33 31 40 49 16 33 6 28 22 49 49 18 33 21 49 49 49 48 49 4 3 19 22 49 49 
22 10 4 19 40 6 31 7 24 49 28 13 4 40 49 25 49 49 16 49 22 48 42 24 42 16 49 3 28 49 37 10 34 49 49 49 49 25 28 21 0 14 18 12 26 9 12 13 13 13 49 42 13 49 49 19 37 36 40 49 12 19 34 16 43 9 49 49 49 12 36 30 27 31 43 9 28 49 36 42 49 
49 36 13 49 36 4 12 33 43 49 19 7 49 9 40 3 49 46 37 49 45 22 49 42 12 49 16 30 49 6 49 22 42 24 49 40 31 13 31 49 10 0 14 29 21 16 32 15 32 12 16 34 49 37 25 19 22 10 27 45 7 28 30 12 39 49 21 1 22 49 49 1 28 49 25 12 42 40 10 6 49 
46 49 10 49 49 49 31 37 49 39 46 13 49 31 27 49 13 16 37 49 48 21 28 28 49 7 49 49 13 49 49 36 49 49 49 10 22 24 13 49 8 6 0 32 4 0 30 16 26 2 21 49 12 24 49 19 30 45 24 49 42 49 31 4 22 49 49 40 49 39 3 22 9 45 46 18 49 33 49 16 19 
19 49 49 49 49 6 22 49 19 49 31 13 25 43 16 43 28 15 49 13 6 49 49 3 49 49 40 10 6 7 13 19 49 49 28 49 49 42 34 42 20 26 31 0 15 2 31 5 18 17 27 49 10 40 49 25 28 30 3 16 24 7 18 42 18 49 48 39 1 49 3 28 45 9 49 49 42 39 40 37 49 
40 15 49 40 45 45 49 7 43 4 25 12 9 49 48 49 49 13 12 49 12 27 1 21 10 49 28 24 18 49 24 9 49 49 49 49 49 49 49 22 30 24 2 31 0 15 19 16 28 32 49 49 19 9 18 49 49 15 49 46 21 27 46 48 46 49 49 49 49 49 49 49 12 13 45 48 21 48 19 49 48 
45 19 49 3 6 9 4 22 19 49 13 28 37 34 39 22 40 39 37 49 49 27 43 49 49 16 49 49 28 18 46 15 21 10 25 49 49 7 13 12 19 17 11 18 14 0 9 24 10 24 13 49 13 49 49 22 22 49 19 49 49 49 42 21 24 39 49 49 18 28 4 4 49 49 16 7 49 40 13 40 49 
49 49 12 30 36 49 6 48 19 49 49 46 49 42 49 37 49 1 31 9 49 30 49 49 49 16 49 33 3 19 40 4 49 4 21 48 31 13 13 18 1 2 27 10 18 29 0 8 24 0 49 33 18 48 27 49 28 19 48 24 12 43 15 18 15 48 49 49 7 49 30 49 49 33 19 19 49 24 49 49 49 
45 27 34 27 37 24 6 49 13 49 45 43 12 15 7 49 16 7 37 49 1 33 49 15 49 18 49 49 49 31 7 3 36 7 49 49 36 49 1 49 5 26 20 26 20 1 12 0 8 2 49 42 12 48 49 18 49 37 42 43 49 49 45 30 28 33 7 42 43 30 39 9 49 49 22 49 39 49 33 33 39 
18 49 24 40 9 37 18 13 4 49 28 19 3 10 49 42 49 49 49 3 46 40 4 49 28 6 49 49 49 46 42 49 49 49 27 22 21 33 46 34 16 28 20 20 15 6 3 27 0 2 37 46 9 49 19 1 40 42 37 49 49 6 4 22 6 19 49 28 33 34 39 42 24 43 42 9 30 49 25 39 6 
49 48 4 18 28 49 21 49 46 49 42 43 49 9 39 27 31 49 6 42 12 3 4 15 28 49 49 34 49 39 7 49 6 46 31 7 39 39 49 24 7 18 13 32 30 11 28 5 26 0 31 3 39 49 48 49 48 10 49 18 1 3 3 24 40 37 49 43 36 31 12 22 45 46 39 12 42 37 49 49 1 
1 49 49 36 43 7 49 15 28 16 49 43 49 6 49 49 49 49 15 3 49 16 46 18 49 15 49 31 24 48 49 43 49 49 37 49 49 49 1 19 25 13 10 48 49 30 9 46 49 16 0 24 22 7 26 8 9 22 10 25 22 3 19 49 48 33 49 16 22 49 24 6 31 48 21 6 31 13 21 12 31 
48 18 7 4 45 28 49 30 49 49 10 31 6 46 1 18 27 49 49 37 3 49 21 34 49 18 18 49 49 45 16 22 1 49 49 49 16 40 7 25 49 49 49 49 10 28 46 10 42 34 30 0 19 27 12 4 5 27 16 24 33 21 31 7 45 49 42 49 45 30 49 49 39 16 3 25 49 49 43 37 28 
49 40 49 40 40 18 10 25 37 25 49 30 49 49 49 49 33 19 24 46 46 4 49 9 27 46 3 36 13 49 24 45 43 48 28 49 49 33 49 43 49 40 19 45 49 49 43 48 24 48 18 18 0 27 25 10 8 20 23 24 25 49 45 28 49 49 9 49 24 4 49 12 19 49 49 37 33 49 45 40 12 
49 49 7 40 42 30 19 49 4 19 28 49 49 45 49 4 49 15 22 49 27 36 9 43 49 49 40 49 49 42 49 49 33 34 4 19 42 9 18 22 18 16 49 37 40 49 49 45 6 7 2 21 32 0 2 28 17 14 5 26 12 16 49 30 27 49 49 45 49 43 49 40 49 27 48 36 40 49 30 25 31 
16 34 13 24 43 22 21 49 22 42 49 49 49 49 12 3 49 49 45 42 49 49 12 49 7 49 31 27 15 42 28 49 49 49 49 49 49 49 49 6 19 9 19 7 31 36 3 49 48 25 0 17 32 13 0 10 4 27 14 4 40 6 39 49 3 3 49 49 28 30 42 4 49 1 18 49 27 12 37 43 48 
45 6 49 49 46 49 37 49 16 49 49 24 12 34 10 48 49 49 49 40 49 49 49 40 4 49 49 49 34 1 45 10 22 49 36 34 33 6 13 28 25 12 27 49 49 19 49 42 49 46 13 15 12 14 5 0 18 27 14 18 21 9 49 30 28 49 19 12 49 48 12 43 7 45 49 10 24 43 22 22 33 
10 49 49 7 7 49 22 3 43 46 13 49 49 6 39 49 13 49 49 7 18 49 49 49 49 13 18 1 13 49 49 49 16 48 49 49 4 16 49 19 46 12 49 18 43 22 4 39 25 12 30 16 4 21 4 1 0 5 4 27 25 49 25 16 49 49 49 40 48 49 49 36 31 7 22 1 49 49 45 30 49 
30 49 15 31 49 13 28 15 49 27 21 30 22 31 49 24 49 28 49 6 15 49 10 49 48 36 39 25 10 48 49 49 10 48 7 49 37 49 34 4 33 18 28 49 19 42 49 49 49 4 5 12 21 11 8 12 20 0 14 23 49 1 49 4 3 21 45 49 24 49 42 15 30 40 49 40 36 10 49 49 25 
30 49 7 30 31 37 30 19 49 49 34 34 10 37 49 42 49 21 34 21 40 27 3 46 49 18 15 37 9 39 49 13 27 49 28 27 49 37 49 10 49 40 21 25 16 25 18 28 49 49 15 12 21 2 10 0 30 32 0 19 36 43 49 36 18 31 49 10 19 18 24 12 49 15 39 49 45 37 33 33 24 
15 24 37 49 37 49 34 49 42 49 16 6 28 49 34 48 49 45 43 10 10 19 18 48 30 10 24 40 49 3 34 43 16 49 46 6 16 7 49 25 10 49 6 45 39 49 10 30 28 31 3 10 28 27 10 24 7 14 28 0 15 15 25 42 36 10 49 6 40 49 49 1 27 27 1 46 39 27 46 49 49 
46 31 49 37 40 48 28 9 49 49 49 6 4 33 18 36 45 49 25 13 49 40 10 37 49 46 49 28 49 28 48 18 49 16 33 49 49 30 15 49 37 13 49 49 1 24 25 45 9 25 49 49 16 49 49 28 49 25 49 42 0 14 22 20 26 30 2 32 4 29 10 49 21 49 6 13 49 42 49 49 49 
48 49 28 49 16 49 39 3 16 16 9 43 40 36 48 18 34 10 9 45 18 16 49 31 36 49 28 15 27 49 49 49 43 49 13 15 24 49 13 49 49 49 19 48 49 45 16 49 49 22 49 49 37 49 15 10 6 46 42 33 4 0 30 31 8 8 9 13 30 6 43 49 27 24 16 49 42 9 49 46 16 
25 49 49 33 15 42 6 36 49 49 24 49 22 49 16 49 10 12 36 49 28 49 40 7 49 49 49 45 22 48 49 6 37 43 28 49 1 49 21 49 49 43 33 22 49 24 45 49 49 49 40 19 49 49 16 49 28 19 13 4 7 2 0 16 32 20 18 12 29 8 6 13 25 49 16 49 4 36 39 49 7 
49 49 49 21 49 49 49 49 49 49 18 49 42 28 49 7 22 12 49 49 25 15 18 48 24 49 6 30 49 7 49 49 49 48 39 13 28 49 13 27 4 6 46 49 13 15 15 10 48 46 3 49 49 6 21 37 27 49 9 49 18 26 9 0 4 8 5 31 12 3 6 48 18 24 24 49 36 49 28 36 16 
49 1 42 36 49 49 46 46 49 3 21 49 22 21 15 49 1 24 34 36 4 39 42 6 49 9 49 39 16 49 49 49 42 49 43 45 49 49 49 25 3 49 49 36 42 40 46 15 27 49 36 15 49 49 12 49 27 48 49 49 20 25 4 22 0 1 13 23 24 16 33 49 43 40 45 49 27 49 19 43 31 
48 28 40 42 10 3 28 34 9 42 31 42 49 49 1 37 49 49 1 48 46 16 25 49 49 49 49 49 49 49 49 7 33 33 49 49 49 1 49 49 6 4 49 48 39 37 49 1 39 42 49 42 49 24 45 7 13 3 49 16 8 15 10 22 16 0 25 16 2 20 36 24 49 6 46 18 45 49 22 49 27 
25 49 7 49 49 15 49 16 13 49 49 49 49 33 4 49 1 1 49 49 43 49 49 49 6 6 28 34 49 49 49 19 28 34 13 45 49 31 34 34 49 6 22 16 37 3 6 15 49 3 25 49 37 40 49 49 49 49 39 34 15 7 12 12 8 16 0 13 27 21 24 49 6 45 27 6 49 49 19 22 49 
49 10 49 49 22 40 49 10 49 4 18 49 1 15 18 4 49 1 22 36 30 49 10 49 24 4 39 49 19 49 49 28 49 19 49 15 40 12 12 39 49 22 48 19 34 42 15 49 45 1 27 12 7 25 10 28 25 13 39 6 32 25 17 6 28 5 30 0 12 11 49 16 27 49 49 6 49 49 16 42 19 
18 24 43 49 37 49 19 49 37 4 21 34 15 25 24 15 18 28 21 18 49 49 10 49 49 36 49 49 19 49 49 49 49 31 13 25 34 4 49 4 49 49 6 49 33 3 30 7 49 49 30 22 49 40 49 49 49 49 13 46 27 21 10 19 6 27 26 30 0 17 19 28 6 49 36 43 31 19 46 24 49 
6 49 49 46 49 33 13 16 49 49 22 21 49 7 49 27 49 46 1 10 33 49 6 39 42 49 10 49 33 49 34 24 37 45 9 31 49 49 49 33 12 34 12 49 49 42 48 27 39 49 45 43 39 4 30 49 7 25 43 12 1 1 20 28 24 7 28 6 31 0 49 12 40 9 16 1 10 49 49 18 49 
7 15 49 49 36 40 49 1 49 18 49 37 18 49 1 27 33 28 31 49 21 10 12 4 1 4 15 31 49 33 16 16 31 24 49 7 49 15 49 49 49 49 22 30 49 49 16 49 48 45 24 49 49 10 30 19 49 28 49 49 39 19 42 22 49 6 7 7 12 42 0 16 0 20 5 10 26 0 1 3 10 
45 37 49 4 49 49 49 16 42 9 9 49 40 49 3 28 24 30 16 39 10 48 49 30 28 6 48 48 49 10 3 16 6 7 19 9 22 28 49 42 9 16 49 7 43 49 42 45 49 43 30 9 15 10 9 49 48 49 46 18 49 31 7 34 49 6 49 33 49 43 30 0 12 12 19 25 3 7 20 5 39 
30 6 16 40 15 15 42 12 49 31 43 49 21 13 37 1 1 49 16 30 27 45 22 34 49 49 34 43 49 49 10 25 37 28 4 9 31 49 1 49 1 10 49 49 49 6 49 25 22 49 22 6 30 13 49 25 37 1 24 40 3 27 3 18 49 49 18 36 36 49 22 8 0 23 4 32 2 4 11 1 39 
15 19 1 18 6 30 1 49 49 49 39 6 49 25 9 37 49 19 49 48 15 46 49 9 46 49 1 49 9 49 18 40 25 45 9 43 49 49 49 39 30 49 49 18 49 1 34 19 3 49 49 13 49 31 39 49 4 18 10 49 39 36 49 25 28 49 28 49 25 22 4 32 22 0 24 9 12 13 4 16 34 
49 6 15 49 13 42 49 18 37 49 25 21 49 49 22 24 49 9 24 33 33 3 46 37 4 49 46 40 21 37 28 31 43 40 49 49 49 24 49 49 49 49 33 43 40 49 49 27 49 49 49 49 43 49 10 12 36 18 31 49 45 49 49 25 36 10 45 9 49 28 7 4 25 4 0 12 2 24 0 23 49 
49 4 19 45 43 30 49 49 46 24 43 22 49 46 49 49 42 49 43 49 19 49 7 13 10 19 27 28 12 37 49 43 27 25 49 6 15 49 36 16 49 24 49 34 1 16 49 13 39 4 48 33 31 49 21 49 45 22 12 49 21 34 48 12 34 49 4 49 4 30 24 2 8 31 1 0 24 26 3 31 3 
25 49 49 49 18 48 18 1 49 49 13 43 16 6 49 39 10 49 49 25 1 49 49 7 33 46 46 42 46 49 49 9 3 1 49 9 39 24 25 49 49 48 40 28 37 18 33 42 33 24 49 27 3 49 46 9 1 49 45 49 19 43 36 7 39 46 1 24 34 49 30 26 28 22 18 32 0 10 28 27 13 
45 34 37 33 46 9 49 19 49 34 49 18 49 49 49 18 33 49 49 49 1 49 36 39 49 37 33 3 28 49 49 40 9 49 25 49 21 13 25 18 31 43 33 12 18 40 27 49 33 15 43 40 13 49 3 4 39 33 9 22 19 49 15 22 31 49 45 49 45 43 22 6 29 21 12 26 16 0 32 24 49 
33 22 49 24 42 28 12 49 25 27 34 49 49 25 19 7 36 49 15 37 49 49 49 25 3 9 49 16 1 9 48 49 1 49 1 43 9 31 49 49 49 24 9 48 49 42 49 36 4 49 40 3 12 12 49 42 10 33 49 31 24 49 49 48 33 6 1 28 49 34 22 20 20 10 29 4 30 19 0 9 3 
40 49 4 49 49 49 49 49 7 45 25 10 10 49 49 39 49 39 13 3 49 49 30 49 45 16 27 49 42 49 15 49 49 43 49 25 42 46 4 36 49 34 4 49 21 49 49 49 3 48 49 28 19 49 49 19 49 13 49 4 49 46 3 30 42 42 49 34 48 16 2 13 20 3 2 20 6 15 24 0 49 
49 15 13 49 30 24 49 9 48 7 3 22 30 43 49 48 19 49 48 16 6 49 49 49 46 49 49 4 49 6 49 42 4 24 4 49 49 10 36 22 13 45 24 49 24 49 7 49 7 49 36 30 25 49 42 49 36 28 49 10 49 33 49 49 1 13 30 49 10 21 4 16 15 49 49 49 16 49 10 28 0 
