n: 80
m: 10
Pi:U[1-99] 50 48 38 72 31 6 33 17 73 14 99 54 27 35 62 56 59 87 56 85 51 58 68 43 91 31 28 93 63 40 48 95 93 73 51 63 8 37 88 92 31 49 23 18 78 64 68 91 41 13 60 25 28 89 76 83 43 62 8 99 30 47 29 82 47 44 89 69 69 26 40 76 64 41 35 41 42 56 75 88 
Si:U[1-99]
0 44 27 38 18 8 46 4 2 44 99 43 16 49 30 99 91 99 37 54 3 57 99 99 63 99 7 28 99 51 99 99 22 99 99 30 61 87 60 72 99 6 79 84 57 25 93 99 36 99 91 99 90 49 75 99 6 99 99 99 19 31 27 78 42 51 85 99 99 99 24 22 55 63 52 81 99 99 99 16 99 
61 0 64 17 54 44 47 11 2 30 99 15 85 99 99 15 39 96 93 43 58 76 99 64 24 30 99 99 99 87 99 99 10 19 78 36 70 99 99 99 42 31 66 85 99 99 10 73 34 45 99 9 99 99 39 99 24 99 99 99 82 99 34 12 76 4 99 84 99 42 24 99 45 99 72 36 99 99 6 99 99 
6 1 0 60 28 56 56 35 48 38 99 75 99 21 85 55 12 99 13 12 66 3 99 12 99 99 28 99 99 67 90 94 99 99 88 7 88 37 16 19 99 55 18 67 1 87 6 78 87 99 46 81 99 99 91 72 99 99 27 40 99 99 99 99 87 21 87 21 99 99 99 28 7 99 58 99 99 9 81 18 46 
60 29 12 0 13 63 0 18 37 61 30 99 30 31 99 10 30 90 99 99 34 99 99 66 55 12 3 82 78 99 99 78 10 37 99 99 1 57 25 10 94 49 43 99 79 7 16 72 99 34 66 34 82 58 99 69 55 9 54 99 10 99 99 70 99 99 99 99 99 66 66 15 16 18 19 25 99 48 1 28 99 
59 6 61 38 0 26 47 16 8 60 22 99 99 99 96 82 36 60 99 78 90 48 99 31 99 40 99 81 99 24 1 45 12 69 34 70 99 6 42 69 19 76 99 87 45 81 99 99 45 9 99 64 99 66 82 25 22 39 27 99 99 99 99 96 84 52 54 99 28 39 39 99 99 99 33 99 99 39 99 58 10 
22 13 26 39 26 0 11 18 38 25 36 27 19 99 45 36 3 4 72 48 99 9 96 96 25 66 99 18 39 99 76 82 22 9 16 28 99 34 90 99 99 99 99 97 45 13 60 7 69 99 31 99 48 34 99 99 16 85 64 99 79 4 61 99 99 91 19 13 3 99 99 1 99 99 84 90 3 99 99 99 94 
46 40 43 49 52 40 0 58 63 0 99 66 37 10 76 61 99 54 63 21 84 99 99 79 99 43 36 48 13 22 96 19 33 70 99 78 27 15 15 7 99 87 99 64 99 39 99 58 73 3 42 99 99 19 99 99 42 79 99 99 99 94 99 99 99 87 99 55 84 91 72 99 6 63 46 91 87 7 99 3 99 
34 10 1 42 21 44 36 0 31 28 58 25 63 99 13 91 99 99 18 97 36 30 73 9 99 99 9 96 99 81 99 40 99 99 99 18 28 99 99 79 10 48 43 51 16 15 3 49 21 81 1 99 58 60 81 94 81 31 99 99 31 99 28 85 15 24 51 99 99 58 99 99 94 3 99 45 3 15 37 36 48 
6 58 60 19 13 64 61 34 0 2 64 99 34 27 61 49 99 99 15 57 15 55 99 99 36 15 55 46 16 99 27 99 54 3 87 99 99 27 99 21 99 99 46 60 4 99 60 97 31 46 99 45 91 34 99 99 78 27 30 12 67 88 75 73 33 99 67 33 99 99 55 30 96 30 6 99 99 97 13 1 99 
24 52 19 21 58 54 52 38 54 0 45 99 81 72 99 24 55 81 16 28 99 58 67 70 61 16 99 85 99 99 22 70 4 58 25 87 99 49 99 3 30 31 99 99 99 99 66 99 99 99 10 31 94 99 67 99 99 64 3 99 87 49 93 85 19 52 10 70 97 94 99 51 49 99 54 49 90 39 43 85 99 
96 46 51 3 78 99 99 33 76 99 0 17 55 49 51 18 17 50 18 3 76 15 93 55 97 42 85 99 99 54 66 75 99 7 99 4 99 58 61 99 45 99 99 37 99 76 78 24 88 30 99 79 16 22 18 99 22 99 19 58 99 13 99 12 48 99 46 67 99 99 99 7 10 99 99 33 93 73 51 99 49 
97 49 63 19 97 99 54 45 10 94 30 0 26 48 43 54 20 58 38 58 87 10 1 81 16 30 93 67 99 99 87 49 99 99 99 13 3 84 81 15 99 1 99 75 99 99 31 99 99 3 99 91 54 91 99 99 73 39 25 21 46 51 97 72 28 99 75 4 7 33 99 21 99 18 4 1 99 99 7 7 81 
99 75 99 55 63 99 22 99 36 12 24 36 0 30 4 9 64 65 5 6 99 69 84 54 1 99 76 40 99 45 7 99 99 57 43 16 46 1 19 48 4 99 99 99 9 49 10 28 99 63 55 73 66 9 67 3 55 99 99 16 99 99 78 58 99 54 76 31 99 99 99 99 99 99 99 70 76 49 99 52 19 
73 27 66 97 27 79 30 28 99 90 40 43 14 0 52 52 49 36 28 54 55 54 15 73 55 99 9 16 16 99 18 64 84 99 15 99 99 99 99 54 99 57 51 99 99 13 51 94 46 99 99 99 37 91 13 43 75 99 87 87 99 31 36 60 99 24 99 99 85 78 60 6 34 99 99 72 22 99 85 43 97 
9 99 99 99 27 52 33 99 99 22 47 18 30 50 0 22 60 52 60 53 16 66 58 99 99 9 99 58 99 99 58 22 33 99 99 99 96 27 7 31 99 6 9 99 79 16 15 72 34 34 99 73 46 54 66 61 21 48 27 99 99 90 99 51 25 7 99 55 99 99 70 19 99 99 36 99 66 25 73 13 99 
99 16 99 43 99 10 27 99 46 49 44 18 58 57 12 0 62 12 54 26 69 99 69 3 76 99 99 55 99 3 52 12 55 99 88 7 64 30 31 49 30 99 99 25 81 99 87 91 9 85 28 99 75 99 22 99 99 79 52 67 99 12 30 99 99 21 30 28 72 1 93 84 37 88 37 81 93 67 99 13 99 
99 12 99 27 21 93 30 96 99 99 14 39 33 7 18 51 0 51 49 60 85 40 99 7 99 99 99 97 61 73 36 99 78 91 63 37 1 99 37 99 99 21 73 13 97 58 99 99 1 63 99 21 99 96 99 3 57 91 60 99 33 99 3 99 12 10 99 15 94 33 76 1 99 24 33 42 99 28 7 99 66 
99 99 99 99 87 30 7 55 66 99 24 64 16 39 66 59 54 0 10 15 15 37 46 99 1 99 99 99 99 99 84 66 19 99 91 99 94 99 99 99 45 96 99 99 60 39 67 55 9 99 18 48 99 99 99 61 63 99 67 43 49 73 28 99 99 99 87 99 30 22 52 63 79 15 99 99 33 51 63 69 90 
63 99 33 99 34 99 66 84 99 99 26 42 18 34 10 27 38 8 0 26 87 99 90 99 90 99 63 70 99 99 63 36 99 75 99 99 39 99 55 19 4 63 4 88 99 99 73 97 85 85 57 81 19 99 63 85 99 99 84 99 93 16 99 25 16 96 52 82 63 99 99 82 49 3 4 99 66 99 36 99 85 
75 64 93 19 99 13 99 99 12 19 10 54 16 40 4 14 6 14 22 0 99 93 99 99 99 99 31 87 58 99 94 55 25 19 94 36 99 87 99 1 46 60 88 94 16 81 99 48 99 99 99 99 43 24 9 99 99 84 13 99 7 60 99 9 3 54 16 97 99 99 99 67 93 21 57 33 57 67 46 4 45 
10 99 84 99 34 64 96 99 42 66 12 75 73 10 33 99 60 33 99 96 0 42 6 62 32 53 0 49 5 44 54 58 99 82 99 99 91 91 72 52 99 21 97 25 51 19 99 97 30 55 46 99 99 78 99 37 31 99 24 43 51 24 37 34 15 99 99 21 42 87 27 31 78 58 99 61 30 19 99 99 87 
48 99 55 48 7 9 96 3 43 97 99 82 70 34 4 37 99 99 67 94 45 0 65 30 12 35 64 4 52 14 57 57 94 16 99 99 94 99 72 7 52 73 64 55 99 75 97 48 51 99 79 99 99 51 99 99 99 33 34 66 85 99 87 30 22 10 99 99 99 67 99 28 76 45 99 48 6 43 99 31 22 
72 99 99 16 99 81 12 10 3 99 13 13 46 60 99 36 78 91 96 55 26 0 0 39 49 58 54 45 30 19 82 82 27 1 93 72 78 99 99 84 60 99 9 99 39 60 55 51 99 45 15 42 13 10 99 13 63 91 99 99 99 21 19 45 94 70 99 51 99 40 99 99 99 99 99 19 75 18 85 99 70 
57 99 99 51 3 48 99 99 67 99 99 1 54 40 99 70 99 99 64 27 57 10 38 0 22 30 3 19 38 37 96 61 99 64 99 55 42 55 48 72 69 99 39 58 10 99 99 99 49 39 69 3 76 30 99 99 12 76 31 99 67 16 99 99 99 64 31 19 99 54 43 45 12 42 82 84 69 60 58 99 99 
84 52 48 99 99 24 99 63 99 30 3 30 3 99 78 55 99 99 52 94 10 14 58 46 0 52 59 50 8 17 16 99 13 99 99 45 99 51 19 12 4 52 3 19 99 99 82 21 27 94 99 79 85 9 67 99 51 40 79 42 16 66 31 99 99 99 16 87 91 4 99 16 96 99 97 99 24 34 72 22 3 
93 28 69 69 70 24 16 72 46 25 73 88 15 6 99 85 4 12 21 42 39 10 34 39 3 0 32 39 14 31 99 99 30 88 90 99 96 99 78 99 99 52 28 99 33 21 85 81 7 19 99 21 91 76 99 99 57 19 64 73 99 57 24 1 54 21 99 39 99 57 99 99 99 57 99 99 54 97 99 57 85 
24 57 99 99 12 27 99 99 99 99 51 15 75 69 99 54 69 99 99 43 49 42 66 24 36 38 0 64 41 61 70 70 76 3 99 99 91 99 18 99 99 90 1 99 99 69 96 82 99 99 37 99 81 82 1 54 99 99 91 22 91 78 88 70 99 99 18 37 97 87 46 79 43 22 46 96 99 99 99 99 99 
99 99 37 99 79 67 90 22 99 99 97 28 79 99 52 99 84 55 54 36 5 34 26 46 27 2 48 0 18 28 45 99 34 54 49 99 99 99 88 99 48 99 75 75 93 15 63 99 30 99 97 99 43 18 90 3 99 97 99 63 99 12 99 28 78 99 94 43 37 15 16 55 7 52 9 54 99 99 4 19 99 
66 9 63 99 99 27 33 96 64 63 99 85 88 70 1 99 72 67 12 33 12 57 47 47 0 0 48 30 0 29 99 99 99 36 99 42 99 40 48 99 99 57 99 43 6 78 45 99 99 99 55 99 99 75 54 99 85 24 49 57 48 30 87 82 99 99 84 43 99 99 16 99 1 4 27 81 99 99 12 45 10 
99 57 7 19 94 40 66 9 66 99 82 27 34 99 57 16 90 96 85 16 21 66 52 20 33 39 46 9 34 0 79 99 75 99 99 99 99 39 99 78 99 34 99 36 88 99 12 99 63 10 99 63 25 9 10 96 99 34 63 99 39 99 16 99 9 99 40 99 99 93 99 10 18 58 97 57 13 1 99 99 97 
99 58 85 85 34 70 10 73 99 99 94 99 52 16 70 87 79 18 43 31 91 73 45 99 93 43 79 99 99 40 0 32 15 20 55 61 6 28 48 14 30 96 40 3 36 99 16 19 99 78 48 99 99 57 21 48 99 66 99 81 99 61 99 28 70 96 52 99 99 99 99 21 72 51 99 43 40 99 58 99 52 
55 99 39 87 99 39 99 22 66 99 79 96 16 99 19 99 99 7 99 99 15 30 67 72 1 22 73 15 99 15 0 0 0 32 15 58 47 17 29 40 4 16 12 42 22 78 42 99 99 99 99 6 99 99 70 99 25 99 99 99 99 99 16 40 28 82 99 51 99 99 10 1 99 52 19 52 88 99 99 40 16 
88 19 96 99 70 99 46 99 94 60 28 99 64 99 19 73 55 45 67 99 40 18 99 69 30 69 97 46 46 64 8 31 0 58 6 65 13 37 39 48 66 99 99 19 85 99 1 52 85 99 27 33 58 99 3 99 39 21 58 99 51 31 25 99 64 99 25 58 99 99 54 99 9 48 99 99 55 99 18 9 99 
31 4 96 54 70 37 72 99 78 64 64 93 93 63 39 25 39 60 69 30 94 9 99 13 57 33 99 99 99 93 20 18 0 0 42 64 47 60 48 18 48 48 99 99 49 58 99 39 99 48 69 66 99 99 99 99 12 99 99 58 19 51 99 91 99 31 60 76 33 99 31 10 99 61 99 75 99 52 7 43 37 
99 79 6 60 10 99 61 99 91 99 99 99 99 22 10 99 4 76 87 40 43 27 57 70 48 27 63 99 99 60 32 59 28 24 0 52 33 47 14 43 91 67 99 99 99 99 99 55 99 99 34 33 78 75 99 60 21 31 99 60 82 99 27 36 60 99 13 72 60 96 24 27 31 6 99 69 66 3 15 79 99 
75 25 69 57 63 96 33 99 10 99 37 69 18 66 39 99 87 13 60 39 64 12 99 7 7 19 99 61 7 73 9 4 43 40 62 0 19 62 46 24 90 99 51 43 99 99 9 30 93 99 49 67 99 99 66 99 52 30 99 88 58 73 99 9 64 36 99 94 51 99 21 28 16 43 99 51 63 25 72 39 78 
9 13 99 99 99 30 4 66 31 13 99 30 31 99 4 99 39 99 9 49 97 48 99 99 67 58 48 81 73 67 11 44 12 53 42 2 0 45 22 12 99 31 96 99 12 87 12 99 16 72 75 43 25 36 99 52 19 36 87 82 84 40 33 99 99 60 99 31 16 99 99 99 78 99 99 28 90 99 99 99 19 
15 97 99 33 99 99 64 66 4 99 79 99 46 60 99 82 94 99 99 16 99 1 99 99 99 99 22 99 99 99 64 46 41 48 17 65 49 0 16 12 13 99 58 99 99 78 99 81 99 7 99 57 52 99 52 15 24 99 63 75 45 99 52 99 93 52 18 99 97 87 99 84 87 99 99 99 99 55 87 15 99 
70 34 63 24 99 30 61 99 84 88 49 64 9 99 46 99 99 99 99 24 99 49 99 99 99 99 42 99 91 99 50 62 9 39 8 20 66 59 0 22 1 79 99 15 99 12 9 91 31 64 94 99 57 99 99 45 99 90 99 99 51 99 51 99 73 28 84 96 72 99 78 99 72 99 64 60 99 60 99 99 64 
99 28 90 49 99 10 31 99 99 9 93 4 99 76 39 82 60 99 49 93 99 33 48 60 27 24 96 1 99 58 19 57 48 57 53 46 42 64 30 0 49 79 99 57 69 36 75 99 19 36 99 42 99 61 61 12 36 36 99 99 75 76 99 99 18 99 99 9 57 91 90 99 99 78 69 52 87 99 57 16 99 
4 69 75 60 94 16 99 85 43 18 99 91 64 66 99 13 90 60 99 99 99 99 99 99 99 55 99 84 67 73 99 10 36 18 97 46 43 99 99 27 0 40 52 28 25 7 31 48 62 18 99 16 99 82 55 88 55 91 31 99 99 33 99 99 78 84 99 99 21 99 27 60 18 16 24 58 34 73 99 13 93 
99 64 99 99 27 28 99 58 99 73 43 99 99 43 82 99 25 25 9 51 99 19 85 99 99 93 99 13 22 81 85 57 88 16 99 57 43 99 85 34 56 0 65 6 14 50 26 6 51 6 85 48 99 99 19 51 10 4 58 99 67 18 19 67 63 63 19 99 54 99 27 25 69 45 84 81 70 34 58 82 31 
99 75 79 3 58 42 70 22 96 99 99 99 66 27 34 10 96 1 99 46 46 99 99 16 99 99 19 99 99 88 88 15 99 76 99 31 99 99 36 16 49 60 0 40 25 44 20 55 46 25 99 99 99 99 99 99 99 99 67 25 99 99 88 99 99 99 24 67 57 99 79 96 99 24 99 60 51 99 99 97 99 
73 70 54 99 99 99 99 40 79 99 7 66 75 28 48 33 18 99 9 36 40 99 27 34 79 19 40 7 12 99 99 91 99 99 99 82 82 99 1 99 40 60 66 0 40 34 33 54 65 16 39 99 72 46 99 3 99 48 4 19 99 55 99 45 45 90 99 90 15 99 42 99 99 84 3 16 99 99 45 6 9 
99 99 49 42 18 22 33 48 22 99 51 99 99 90 99 18 10 99 13 76 30 31 99 21 99 34 64 10 51 99 99 3 63 87 78 99 15 19 70 3 13 21 13 16 0 56 27 17 28 35 99 99 91 12 87 99 99 40 99 42 66 99 78 81 99 99 25 7 3 49 28 43 99 79 12 57 3 25 87 99 99 
76 72 99 72 39 7 99 87 99 93 30 99 99 99 15 88 99 16 99 64 31 73 88 4 22 78 99 99 51 99 93 99 9 51 99 99 99 99 55 99 43 10 5 64 21 0 30 37 8 10 52 49 72 81 84 4 76 37 28 61 99 96 58 96 79 84 99 99 99 99 16 81 91 18 66 79 70 93 28 76 10 
51 99 99 99 76 99 84 31 99 99 31 40 36 99 99 97 31 33 64 99 49 99 82 99 99 99 76 99 99 82 19 99 42 64 88 93 99 58 22 73 58 9 18 62 38 1 0 61 20 47 79 99 81 1 76 99 93 31 99 99 94 30 37 4 18 99 99 25 1 30 33 4 34 34 99 60 99 99 58 99 61 
70 46 99 99 12 99 75 19 55 30 99 99 1 81 33 46 70 85 54 40 90 99 31 55 99 99 99 99 24 43 85 79 27 10 99 99 99 99 99 99 28 1 4 15 36 19 22 0 28 56 64 66 49 88 51 99 3 57 30 90 39 99 43 76 21 99 13 60 70 78 40 34 99 13 99 72 99 99 69 61 15 
99 99 28 18 99 99 18 42 99 99 31 76 99 67 94 99 99 99 99 94 16 34 54 30 99 79 1 58 99 99 99 75 99 69 99 72 42 84 99 99 21 36 42 21 28 10 64 57 0 28 7 16 94 37 46 97 91 28 39 37 6 99 15 99 7 13 64 19 49 93 63 99 16 48 78 99 43 43 57 99 81 
99 40 99 54 99 33 99 4 64 46 27 67 70 99 12 99 85 99 90 91 54 54 99 99 99 6 15 99 4 99 67 33 99 27 84 21 88 99 10 99 58 46 63 30 44 34 17 61 13 0 79 61 99 63 67 10 99 99 82 9 57 94 99 99 75 99 3 64 24 99 36 99 10 99 34 99 85 69 99 99 87 
99 9 16 99 72 99 85 58 51 36 99 99 33 4 99 43 99 42 99 81 55 57 42 99 39 39 67 49 57 28 58 39 69 49 99 99 93 99 33 40 99 31 6 1 99 99 61 9 99 10 0 53 58 8 46 39 52 46 47 20 15 99 99 88 12 75 99 40 99 99 12 40 46 88 72 99 90 39 99 49 42 
25 55 99 93 34 49 46 22 16 63 48 75 16 96 99 93 52 73 34 99 82 61 99 63 99 3 18 55 99 93 48 99 99 55 49 91 28 37 33 46 99 90 36 99 58 57 99 78 99 30 39 0 20 56 14 10 32 22 33 15 99 30 99 73 99 27 46 64 87 3 99 99 99 99 99 91 40 69 48 63 99 
97 99 99 99 15 25 73 99 66 99 57 28 30 99 99 15 99 99 99 99 99 42 63 66 6 99 70 99 99 67 99 69 78 99 31 81 40 99 55 75 99 99 75 33 48 99 99 40 99 42 12 14 0 54 8 60 22 41 45 14 43 87 99 99 99 60 99 99 99 22 90 99 33 99 16 13 6 99 99 42 99 
30 99 75 99 87 28 82 64 99 79 99 13 82 51 37 85 27 43 43 99 52 99 33 18 82 16 94 42 87 15 97 7 99 93 55 57 4 43 78 99 99 79 99 99 13 63 99 99 99 69 20 62 29 0 39 36 10 8 53 25 99 75 99 9 99 99 85 99 46 99 99 6 93 99 99 96 87 99 84 3 22 
99 72 61 15 39 60 76 99 79 79 99 99 99 99 18 99 45 99 64 99 78 91 99 99 99 4 99 99 99 28 94 99 21 99 48 79 33 99 7 99 99 40 99 99 4 99 88 6 69 99 32 2 16 44 0 12 6 24 37 34 99 33 99 10 99 99 87 21 63 99 40 49 99 99 48 99 99 99 42 72 99 
1 30 36 99 99 99 97 99 10 16 34 60 85 84 99 58 93 22 15 25 99 99 99 99 94 42 60 22 99 99 99 91 69 18 40 27 99 3 99 85 99 99 84 99 51 91 45 1 99 24 38 25 52 14 30 0 32 45 30 11 66 99 54 4 30 40 34 16 99 75 99 99 94 40 12 99 99 99 99 60 99 
7 45 60 78 69 19 87 18 19 63 61 93 99 99 99 99 49 99 16 99 45 4 49 13 99 99 48 67 76 51 73 99 90 99 99 99 43 31 87 99 51 13 99 4 99 1 99 99 18 18 19 64 18 48 50 57 0 12 64 15 4 99 76 91 99 99 28 87 99 36 49 67 40 66 33 6 12 99 78 99 99 
99 99 34 97 31 22 99 99 99 99 76 88 99 37 88 16 60 54 99 36 99 84 99 99 99 99 76 61 52 99 52 81 99 66 54 34 99 99 25 42 99 99 72 99 70 99 6 99 78 96 0 30 57 26 11 6 40 0 12 56 99 76 36 99 96 69 99 99 87 30 99 84 9 16 75 66 99 99 36 61 73 
25 88 99 3 99 99 7 99 99 52 76 57 60 52 61 43 99 61 87 99 30 81 39 6 97 40 36 64 61 99 81 27 36 96 61 99 99 99 78 16 99 99 72 52 76 82 99 90 99 58 20 15 38 24 56 19 37 45 0 12 99 28 18 81 10 79 72 99 85 57 87 66 99 99 99 22 99 84 99 79 99 
99 99 57 99 61 99 85 16 46 72 99 15 99 99 13 69 36 97 99 99 81 30 99 99 99 40 55 99 7 99 63 28 52 99 99 99 45 99 99 99 19 42 66 45 99 99 99 3 54 72 39 36 19 1 30 11 54 35 30 0 78 36 99 99 48 4 40 70 58 99 70 81 70 99 61 57 70 99 57 88 9 
76 9 87 12 24 78 16 70 31 99 99 33 99 99 99 40 67 37 1 99 54 99 15 99 99 99 51 70 99 73 99 57 63 4 99 25 76 79 99 99 99 99 99 19 99 99 37 99 99 25 90 57 99 13 99 81 99 9 88 66 0 48 37 14 44 49 30 52 21 30 57 90 48 39 1 99 99 99 76 94 46 
99 99 99 99 72 73 25 4 67 10 27 69 97 99 57 81 91 45 6 54 99 64 1 15 9 42 33 84 99 93 85 99 36 39 73 66 99 99 99 69 12 93 18 49 85 12 33 9 33 13 96 81 99 58 82 87 28 13 88 16 62 0 33 11 22 44 1 65 42 28 54 78 99 99 87 13 99 79 54 99 39 
28 99 99 30 66 1 3 82 85 24 99 75 75 99 99 99 73 37 99 33 15 78 66 85 27 81 99 25 46 12 81 75 99 99 15 99 67 93 81 10 99 28 99 90 72 42 99 61 12 4 28 7 99 66 82 34 52 99 24 99 16 20 0 1 15 54 28 56 64 39 99 18 42 30 3 99 19 43 99 37 75 
99 85 99 99 63 7 15 36 76 66 6 99 99 64 99 84 36 99 43 54 33 99 4 13 99 99 99 57 76 99 66 99 99 99 10 24 81 99 99 3 99 16 61 84 82 49 99 99 31 76 30 96 99 99 99 9 13 73 99 99 59 41 42 0 4 48 16 20 2 63 46 99 81 99 78 40 99 85 7 99 99 
25 99 96 45 57 70 99 73 28 70 82 99 99 67 70 61 79 99 67 25 3 99 99 9 54 97 64 54 55 94 72 45 99 99 22 99 72 49 34 99 70 46 46 99 99 99 99 99 81 99 27 99 30 99 58 64 85 99 60 99 56 13 49 52 0 56 33 22 4 7 99 99 99 40 81 78 66 99 99 99 99 
99 99 18 18 99 99 15 78 99 6 57 99 99 37 33 90 99 97 69 12 99 99 99 40 99 31 24 99 60 27 99 97 70 99 72 12 99 99 57 84 85 63 21 78 97 99 64 99 99 91 7 75 7 99 25 4 99 36 67 67 52 20 4 15 28 0 62 34 4 36 54 99 99 99 34 82 33 67 99 99 43 
99 93 4 3 84 82 91 51 52 99 49 16 99 99 99 91 84 99 28 99 96 85 90 99 99 75 94 99 40 43 99 99 99 99 99 99 1 22 99 54 63 99 96 99 93 99 99 99 99 40 27 96 97 99 99 99 66 99 99 13 30 62 44 0 48 51 0 42 63 16 99 55 75 48 27 48 99 88 99 4 73 
16 97 91 96 73 99 70 22 87 40 57 25 99 9 39 54 64 28 99 99 99 43 76 45 34 99 93 99 82 72 99 57 88 30 36 19 31 40 28 36 99 64 31 99 13 99 99 99 94 97 99 54 55 94 34 12 18 99 99 90 9 28 44 60 36 57 38 0 46 45 99 49 58 60 99 99 49 99 9 99 34 
99 61 70 87 12 21 99 99 67 43 63 99 25 99 99 63 99 96 22 99 99 99 36 55 46 42 99 24 99 99 45 13 60 79 46 88 99 33 99 37 40 58 42 99 34 99 94 87 76 52 99 36 6 88 61 99 99 51 94 61 46 40 2 38 47 26 59 57 0 20 40 69 52 99 99 45 25 82 78 99 63 
99 93 99 51 99 48 52 99 99 76 99 10 99 79 99 99 99 31 16 99 70 99 43 43 57 99 9 30 54 48 99 63 81 15 84 37 13 73 87 94 60 39 69 6 45 99 99 96 99 60 27 7 52 99 37 12 9 37 16 57 2 31 16 26 12 4 39 10 32 0 67 37 99 15 99 97 21 96 99 33 4 
12 99 85 1 9 75 99 58 99 4 39 13 99 9 61 51 87 49 99 72 99 99 22 72 96 67 52 25 99 99 34 99 27 75 48 99 99 27 55 16 51 24 45 39 99 46 69 69 37 70 19 39 64 16 30 39 73 91 99 25 45 99 63 82 66 88 57 30 99 45 0 9 35 56 32 10 28 52 6 64 84 
31 51 78 99 25 19 99 88 6 13 58 97 43 99 99 78 34 67 42 72 99 99 97 1 15 93 99 54 31 25 99 12 24 30 99 75 43 99 6 76 99 45 54 63 99 28 85 28 99 12 99 18 99 99 33 66 57 76 85 70 12 64 99 61 61 99 54 96 99 87 22 0 62 61 7 39 17 29 56 20 99 
6 39 1 73 37 99 99 99 45 60 55 85 99 51 82 46 91 99 94 55 61 69 99 90 99 99 21 99 16 67 6 42 99 70 99 25 81 99 99 37 66 99 49 27 19 24 48 99 9 46 99 37 99 99 60 99 54 91 70 28 42 90 61 99 99 99 85 99 93 99 22 38 0 27 59 54 38 59 29 6 99 
99 99 21 39 52 99 55 85 7 12 61 10 87 99 43 99 99 34 75 99 55 3 10 19 93 76 36 99 16 34 37 99 64 42 99 99 99 84 22 4 96 76 69 99 79 7 10 18 33 39 99 94 99 99 85 78 99 76 73 33 99 40 99 37 55 69 99 67 4 40 30 30 2 0 10 38 43 58 12 10 96 
84 39 75 99 34 48 90 57 99 75 75 99 7 57 54 43 99 99 99 91 99 66 99 84 99 28 33 54 99 51 99 58 99 72 67 27 43 99 33 30 36 99 64 10 99 43 99 73 54 55 6 57 48 99 18 19 58 99 25 99 48 36 99 99 36 90 99 93 99 72 6 0 44 10 0 43 42 40 44 38 99 
54 61 99 33 99 37 99 90 30 81 99 75 99 99 58 76 99 30 48 52 73 22 16 99 84 52 30 16 34 94 7 99 70 24 39 78 7 43 99 99 99 12 99 85 48 69 54 40 99 70 27 70 70 16 96 99 40 43 10 99 19 40 10 31 37 54 99 54 99 37 54 2 42 34 12 0 31 61 63 47 99 
37 93 88 99 93 72 93 18 45 7 52 63 36 24 99 99 99 6 19 63 99 15 49 99 67 99 46 99 37 40 24 18 99 85 99 99 31 99 63 99 13 99 91 46 66 55 99 39 99 72 54 51 40 99 99 75 99 85 99 67 18 99 99 49 58 18 99 76 99 63 16 49 36 23 50 39 0 18 46 54 31 
7 34 39 75 36 99 72 81 99 70 99 88 9 19 72 3 99 99 13 99 99 66 60 57 42 42 99 99 78 75 96 99 40 36 3 99 99 76 10 99 33 30 99 99 99 36 81 88 73 37 51 9 54 63 99 73 9 87 99 10 81 67 99 99 99 99 33 81 19 61 64 29 43 62 6 16 38 0 48 30 21 
61 99 75 99 42 99 40 31 60 54 99 99 99 88 99 99 82 13 15 99 79 90 99 57 99 99 99 99 99 99 9 18 99 39 99 55 40 99 42 84 94 99 79 52 63 45 99 99 36 99 54 39 99 73 12 99 61 73 51 22 37 27 46 4 99 99 87 99 99 31 7 62 34 12 60 0 55 46 0 14 99 
99 33 51 99 33 43 33 7 40 67 1 33 57 42 64 52 51 75 91 99 36 12 24 12 75 99 99 13 90 87 90 58 40 99 99 6 99 99 99 81 7 7 99 90 69 61 3 97 99 33 82 99 46 6 99 87 46 99 69 99 99 39 99 99 96 10 79 99 4 67 6 18 64 5 60 43 38 52 24 0 46 
39 24 24 27 82 99 99 99 49 87 76 76 1 99 99 66 99 49 81 52 99 99 96 6 88 99 55 69 99 49 4 90 99 4 99 99 99 13 34 81 63 42 99 13 99 73 70 91 99 99 37 99 99 54 66 1 85 91 22 13 48 94 64 99 15 85 81 99 96 45 99 54 76 99 49 99 15 67 85 27 0 
