n: 80
m: 8
Pi:U[1-99] 95 25 86 27 94 64 45 99 89 84 35 86 46 19 12 71 48 77 85 53 86 46 50 67 94 34 56 87 19 4 24 73 18 26 63 38 19 55 47 50 96 81 97 98 65 67 63 9 61 84 75 79 7 84 44 54 91 84 31 85 78 35 34 6 93 49 20 44 66 16 21 98 9 86 10 87 62 27 32 57 
Si:U[50-99]
0 59 62 91 84 79 95 93 70 89 60 55 84 65 64 76 74 57 87 87 50 65 65 76 88 83 95 68 71 63 92 92 80 59 80 87 51 62 94 75 66 66 85 62 56 82 55 88 57 87 65 94 53 85 71 53 99 64 95 97 85 72 70 61 52 51 64 81 64 76 59 83 89 86 50 80 85 55 83 67 80 
52 0 79 94 81 53 83 55 57 87 64 58 99 51 73 69 65 70 51 69 57 74 54 68 79 74 62 82 50 85 75 82 74 55 56 81 96 74 75 56 89 55 61 79 54 80 71 78 86 64 73 89 91 80 80 74 84 77 71 67 95 67 53 98 51 73 61 64 97 54 88 93 80 59 81 86 99 82 90 76 77 
85 76 0 90 97 97 70 73 62 76 65 93 67 53 72 95 69 62 53 89 85 89 53 83 67 54 86 62 58 96 75 78 56 61 81 83 58 89 73 61 60 97 86 59 84 95 93 75 71 60 98 84 51 56 90 96 79 52 53 63 98 86 87 85 98 98 71 85 96 97 51 61 69 97 93 64 80 99 68 85 68 
98 88 56 0 50 84 71 96 55 52 97 57 52 91 85 69 80 96 80 81 84 64 50 77 89 66 72 63 60 50 62 90 72 85 99 99 66 57 51 50 62 80 73 90 91 83 53 73 80 55 74 86 51 95 83 50 57 93 90 68 54 61 65 90 83 80 54 60 53 72 99 89 65 88 56 83 57 66 55 93 67 
84 93 92 59 0 89 54 81 82 95 93 97 74 65 75 81 53 93 68 84 70 99 73 75 56 68 87 84 98 86 62 90 63 74 80 99 88 63 53 97 89 70 72 54 97 52 52 96 65 97 54 78 90 93 79 85 88 52 61 58 75 73 68 77 51 68 86 63 81 59 90 86 99 75 55 95 52 52 78 90 66 
82 53 90 89 72 0 54 60 56 77 66 51 98 59 52 83 76 63 98 97 95 90 87 75 93 89 83 66 92 81 96 82 97 81 92 88 94 81 89 97 93 80 69 62 90 74 68 88 68 54 81 73 65 61 57 68 71 88 84 82 86 92 90 95 61 93 91 82 93 70 57 87 97 60 74 51 53 63 82 99 78 
82 77 79 97 51 67 0 80 55 81 88 98 90 76 65 64 57 90 61 91 91 75 90 83 95 91 59 88 81 67 55 88 71 94 81 66 54 58 77 76 74 78 58 79 67 98 56 65 73 85 83 61 95 84 88 91 90 82 70 98 63 50 89 65 52 94 98 58 71 80 86 83 69 68 71 78 78 57 73 58 61 
94 64 85 85 91 57 60 0 83 89 81 57 64 99 53 98 68 82 96 95 79 77 87 72 59 55 77 75 55 75 91 76 61 85 69 79 64 93 58 64 86 68 82 73 78 93 65 96 85 50 99 78 88 87 91 90 51 50 79 78 97 60 74 59 74 90 89 92 87 63 58 90 86 83 99 77 79 54 55 84 94 
64 88 93 85 63 72 95 74 0 69 67 98 59 55 77 96 81 78 50 64 94 81 83 59 76 65 79 55 59 79 70 56 63 61 88 57 82 55 93 62 79 95 93 65 57 77 62 77 88 88 96 80 60 65 72 76 55 92 69 62 66 84 83 56 80 81 63 82 93 94 87 80 61 82 86 64 74 75 66 77 73 
85 89 78 65 74 83 76 51 70 0 95 74 78 68 96 74 70 80 79 96 91 94 53 62 96 68 64 60 63 71 75 86 91 92 59 66 96 74 50 62 86 93 70 53 52 81 89 59 82 53 82 73 80 54 54 82 58 95 69 85 96 80 95 60 89 50 65 50 71 89 63 60 80 83 72 95 81 51 61 63 57 
64 82 50 63 87 53 62 50 61 82 0 55 54 86 56 65 89 60 70 56 87 96 86 71 74 88 80 63 55 97 63 58 57 69 81 56 78 72 85 83 90 63 99 56 81 50 93 73 88 89 91 91 88 80 92 88 60 96 80 69 78 98 91 75 99 79 87 88 79 64 50 56 71 63 93 82 78 62 70 79 53 
91 93 77 82 95 59 94 68 70 57 64 0 57 80 74 87 83 65 53 55 64 58 75 97 64 70 93 87 91 88 66 75 88 82 70 61 80 95 77 78 89 80 55 98 86 78 77 96 53 73 97 71 69 72 92 84 66 82 87 55 99 97 82 87 61 59 63 90 50 55 62 65 88 77 95 64 60 54 87 98 96 
98 62 85 57 91 55 94 85 51 92 55 61 0 53 87 70 77 55 91 66 57 68 55 89 90 81 53 92 61 77 98 93 97 75 63 65 57 71 71 62 51 61 52 70 58 55 69 83 57 90 60 66 75 57 94 68 65 92 93 94 71 58 86 58 77 80 84 91 79 74 66 56 60 91 85 82 72 81 73 84 71 
76 90 54 79 65 53 94 78 96 87 82 50 64 0 93 60 79 69 93 84 73 82 95 53 51 62 90 89 57 56 67 58 51 69 75 83 69 90 62 64 99 74 71 95 72 69 77 57 54 82 89 58 82 87 93 79 65 88 51 99 63 87 57 52 79 99 91 56 56 77 51 97 84 78 65 77 64 68 84 88 84 
74 56 95 69 69 54 77 80 54 56 97 76 90 71 0 76 82 66 82 82 79 84 77 58 94 65 82 64 61 54 92 69 79 97 84 67 61 61 89 99 94 78 78 57 95 68 95 84 85 55 81 60 96 87 78 83 80 90 55 71 68 58 73 51 70 99 84 82 85 67 63 95 55 69 68 93 67 75 66 71 56 
51 93 58 84 67 68 73 64 96 63 83 63 61 75 96 0 78 84 56 74 56 70 71 76 70 71 72 78 56 64 61 74 85 60 81 96 83 99 86 84 93 74 64 98 64 57 95 83 59 71 67 72 82 99 89 99 75 69 72 82 61 66 84 60 90 63 53 85 50 57 74 80 97 80 93 60 96 92 80 55 60 
76 65 79 60 71 97 74 81 87 69 91 97 61 96 64 60 0 86 66 94 66 79 97 73 76 88 71 58 88 59 99 79 89 66 74 90 95 82 58 83 78 54 85 52 67 73 69 79 60 98 51 85 94 99 93 78 83 84 79 71 98 85 66 74 87 78 79 58 69 68 66 74 99 83 59 79 72 72 76 55 60 
71 69 95 97 74 94 94 75 69 59 68 59 97 96 81 59 93 0 82 88 90 70 74 60 50 62 94 97 57 60 70 61 92 51 80 84 75 93 55 94 63 96 60 94 69 63 82 55 62 57 99 57 60 93 86 83 87 63 57 83 73 74 93 84 81 96 56 55 76 82 82 65 64 53 60 59 73 81 96 82 53 
57 65 96 83 60 56 82 54 54 80 70 59 76 76 65 61 79 72 0 96 60 65 87 60 73 55 53 77 59 58 58 87 98 66 57 77 51 65 85 57 78 56 71 79 73 52 70 66 55 92 65 97 71 73 86 81 69 88 53 70 70 93 75 99 82 69 51 72 86 81 84 97 70 91 56 68 91 96 98 70 53 
70 98 65 66 78 87 60 68 93 62 78 72 70 59 61 52 52 94 52 0 76 63 87 63 58 66 74 77 92 71 81 89 54 71 94 73 92 90 92 68 91 50 92 52 61 50 65 50 54 59 57 76 56 81 96 65 70 69 98 86 78 87 88 98 60 91 96 90 88 95 64 90 82 53 95 81 62 92 97 81 79 
52 78 96 63 84 85 64 50 92 97 83 80 55 78 86 80 52 73 88 50 0 94 58 91 58 50 72 77 71 75 50 60 73 68 80 92 70 99 68 90 80 71 88 53 83 85 78 79 94 99 96 99 50 92 98 64 78 82 74 91 95 74 60 89 67 61 96 86 68 51 80 93 78 94 68 59 74 63 56 72 52 
82 67 84 76 62 95 64 68 64 97 69 71 72 88 65 90 57 97 66 52 58 0 91 88 99 84 52 99 91 79 76 70 60 76 65 77 93 93 98 94 90 87 99 84 63 56 66 58 91 99 73 65 75 91 84 93 93 79 76 82 52 68 68 88 65 56 70 82 80 86 69 84 87 99 75 53 82 76 97 77 67 
79 69 72 54 93 81 52 57 74 87 87 66 66 81 81 57 53 99 67 84 99 69 0 73 94 70 81 93 82 96 90 97 53 72 91 68 72 84 87 58 91 95 94 70 98 65 68 99 66 90 53 72 65 55 65 73 58 68 56 63 56 96 85 60 68 51 91 96 51 63 91 78 99 64 79 57 51 56 99 76 56 
60 95 89 75 83 57 75 53 80 95 58 75 72 88 61 66 63 73 63 50 66 87 67 0 60 52 73 84 75 70 90 86 93 72 57 79 56 95 61 74 78 67 62 83 98 80 67 61 62 60 77 81 95 53 93 66 79 81 69 71 55 96 78 78 69 70 61 85 51 99 57 74 93 95 95 50 78 77 50 89 82 
64 55 82 92 74 83 98 67 80 89 77 51 91 54 56 86 63 51 65 80 57 83 72 98 0 72 94 53 59 96 97 91 94 72 87 88 80 90 74 59 67 56 83 99 60 56 86 66 63 50 96 83 89 82 94 56 70 83 60 94 74 63 60 74 99 60 99 53 58 90 86 71 51 70 65 54 68 72 73 67 58 
55 70 59 64 98 58 56 90 75 51 65 81 50 65 62 98 71 62 89 78 55 52 56 97 57 0 88 54 65 52 64 64 82 67 68 90 50 99 97 64 80 67 59 70 98 80 50 90 52 67 55 82 92 80 92 71 78 52 90 76 72 76 88 60 83 82 89 62 97 94 69 61 53 94 66 58 57 70 69 61 60 
70 85 68 62 73 75 61 85 62 91 57 53 82 65 97 65 52 95 57 58 53 93 90 62 93 67 0 73 88 97 73 60 56 80 66 99 86 85 56 68 77 58 61 98 90 57 53 94 73 64 53 95 89 55 62 82 54 76 72 57 89 93 92 90 53 50 95 57 97 73 51 97 98 69 97 57 96 54 57 79 86 
92 92 64 69 97 70 59 61 90 81 66 91 91 52 65 64 56 80 91 94 73 81 77 67 67 54 70 0 95 85 85 87 95 56 51 89 99 65 85 96 76 99 80 73 82 62 63 93 70 72 89 54 54 76 50 85 63 58 99 81 84 94 61 63 78 80 76 52 97 97 72 73 93 55 83 59 65 67 59 50 82 
60 90 98 70 73 62 90 60 75 87 87 54 64 53 89 81 65 69 79 71 77 96 83 57 73 82 53 71 0 74 68 62 54 86 61 87 59 99 63 89 73 70 86 96 66 77 98 99 67 82 60 85 60 76 55 51 70 75 61 58 58 73 91 81 91 50 95 62 72 60 64 56 62 90 84 97 57 63 78 70 79 
93 99 54 64 67 95 57 81 70 74 71 94 66 90 62 51 93 71 88 67 72 99 90 64 71 99 67 59 74 0 80 82 97 84 81 80 87 51 51 88 53 87 81 92 99 73 54 81 95 78 87 86 71 60 87 54 63 71 81 94 81 83 80 90 93 91 54 76 93 85 82 76 75 65 83 93 87 91 93 82 90 
60 84 99 86 53 75 78 83 94 99 71 62 54 83 60 59 83 64 95 63 74 72 77 66 58 58 55 68 61 99 0 57 96 53 99 97 94 56 81 53 65 89 50 80 64 96 76 51 73 69 87 81 77 74 73 65 72 57 95 58 67 70 52 69 89 64 71 70 65 97 53 99 79 63 68 93 66 53 68 56 71 
54 65 67 81 85 69 92 76 63 76 58 75 73 95 87 84 66 79 81 50 96 59 82 54 96 84 51 58 86 81 66 0 61 87 77 72 62 73 94 99 69 66 68 56 58 63 83 74 94 97 61 98 81 85 86 60 73 58 90 86 97 66 97 70 73 86 63 96 55 89 71 73 87 67 70 83 73 90 56 69 73 
88 71 88 61 62 51 67 78 81 59 78 83 93 64 72 78 65 55 92 99 77 78 89 73 84 78 57 92 77 91 50 55 0 90 99 77 67 83 98 59 85 84 97 75 91 84 91 75 70 80 53 75 63 80 74 88 85 59 74 72 52 92 82 71 51 81 89 65 99 99 86 94 89 77 63 56 78 82 95 78 87 
75 72 80 64 73 86 91 89 97 62 80 62 86 92 55 83 69 69 78 82 83 54 75 92 89 66 50 54 62 54 86 61 96 0 57 90 93 54 53 80 74 62 78 79 86 66 97 61 67 87 52 90 63 73 75 80 55 60 56 72 85 67 92 88 94 96 52 54 97 98 74 53 60 52 70 85 76 84 85 94 77 
82 51 73 62 75 56 74 52 65 74 73 89 68 57 54 55 74 55 78 92 95 93 99 96 80 84 69 77 64 61 71 65 84 87 0 86 69 69 56 93 88 85 78 51 54 51 65 68 74 83 62 90 69 62 68 70 76 87 83 97 79 67 86 82 93 66 58 63 97 76 51 53 93 64 51 91 82 99 67 81 90 
53 74 64 74 95 88 52 58 72 84 86 71 71 69 72 89 56 75 66 94 73 89 71 67 68 85 99 51 63 80 96 81 54 97 97 0 77 94 55 66 66 94 52 67 65 77 68 50 62 99 57 71 69 55 72 95 55 83 74 69 74 55 51 85 97 86 62 84 65 55 59 74 61 85 54 84 61 68 61 58 78 
82 78 55 77 96 79 69 71 81 73 82 55 71 95 69 68 83 71 58 72 55 51 80 53 81 60 80 52 80 87 70 65 68 91 54 93 0 70 50 54 51 84 82 55 66 90 95 60 93 65 81 78 92 89 92 58 69 54 94 78 85 99 82 80 65 72 88 57 94 93 83 99 97 79 54 66 56 97 74 74 90 
65 72 68 92 72 93 68 66 69 72 71 80 90 81 57 97 62 71 98 64 58 57 85 57 70 74 97 75 51 82 78 70 68 94 54 82 50 0 79 91 83 62 94 56 70 70 63 65 78 78 75 63 93 94 82 51 77 88 69 70 88 85 76 79 56 53 96 97 50 54 57 94 82 81 90 94 83 93 80 64 88 
89 62 89 70 61 62 85 96 56 71 77 87 75 99 76 82 57 53 94 51 75 91 98 69 84 99 67 85 85 92 79 90 70 70 81 70 74 69 0 70 82 63 72 89 61 69 71 99 51 59 92 76 53 75 53 75 56 72 87 94 81 81 83 60 80 98 99 68 69 77 79 84 96 65 93 83 77 57 73 77 60 
72 82 69 68 55 65 80 60 96 86 63 80 98 58 57 71 73 74 50 70 83 61 52 96 51 65 94 57 85 92 54 50 60 98 57 83 84 68 54 0 57 78 80 63 57 83 57 73 58 73 55 81 56 67 92 52 86 60 52 67 72 80 60 58 54 63 55 82 99 60 91 71 90 52 79 64 83 82 93 97 68 
64 61 60 58 56 56 87 70 79 83 83 56 81 87 84 90 85 72 90 50 99 87 87 78 95 97 75 75 64 76 62 80 75 70 54 65 95 94 93 62 0 73 53 51 73 95 67 70 61 65 73 56 91 66 88 73 86 88 66 77 77 65 87 98 63 88 53 79 80 71 80 50 92 98 79 67 88 66 58 90 68 
93 89 99 75 81 66 92 54 71 93 86 58 86 86 87 94 68 75 95 67 58 74 84 64 68 67 93 74 92 80 68 64 62 85 94 90 64 93 81 98 54 0 75 55 54 67 59 51 66 55 98 81 92 54 96 87 76 90 81 67 80 97 74 51 84 86 56 83 53 70 66 72 66 89 68 73 82 93 69 69 87 
54 95 89 90 96 84 60 68 73 98 62 70 97 81 96 66 77 57 88 98 94 77 99 90 99 93 68 54 86 59 66 88 74 87 94 65 61 63 63 90 89 65 0 96 70 88 90 84 75 74 75 75 93 62 58 98 54 51 70 86 73 60 80 87 62 70 82 74 77 92 53 99 62 60 73 63 60 72 74 90 83 
64 95 65 89 68 84 53 80 96 67 65 94 65 75 97 88 85 98 95 90 75 95 62 56 64 96 76 82 74 60 69 50 96 85 80 61 98 80 94 97 80 88 51 0 83 73 51 56 59 80 52 53 92 70 51 99 79 59 99 89 55 60 52 98 53 87 98 96 59 53 89 58 87 55 75 61 52 57 58 63 58 
64 71 93 53 92 98 61 61 56 72 69 97 66 77 91 82 86 64 92 80 70 72 84 83 51 61 99 97 92 91 95 80 53 55 94 67 81 94 74 60 52 71 64 98 0 62 63 50 54 53 74 70 76 91 58 56 93 99 78 86 84 93 50 75 50 55 59 58 84 58 56 60 73 63 99 98 55 96 88 64 76 
55 79 56 70 83 94 78 51 78 61 50 70 93 57 53 90 71 84 93 78 69 57 77 83 69 64 82 93 63 75 84 51 54 79 54 75 62 52 55 74 87 66 60 72 57 0 62 71 59 68 98 51 50 81 76 76 82 97 94 98 66 91 64 91 90 64 57 78 78 82 93 74 98 55 79 54 53 56 64 62 87 
93 75 88 57 78 51 86 57 93 51 55 91 90 55 73 58 64 94 86 86 53 92 52 77 59 55 89 89 65 63 55 98 97 89 54 62 66 63 90 77 85 89 78 93 94 53 0 57 65 61 74 65 78 97 56 51 88 61 76 68 80 96 60 88 53 97 63 66 95 51 98 59 78 71 94 60 72 69 54 51 64 
77 82 56 96 65 78 75 81 90 63 68 68 72 57 83 87 53 53 73 62 80 64 93 75 69 61 91 98 56 76 83 71 56 95 58 65 57 56 80 82 57 59 81 85 82 55 53 0 66 98 72 61 73 53 78 68 83 93 91 95 94 95 91 94 51 58 85 94 97 51 68 79 69 84 90 79 76 82 77 90 63 
78 89 86 99 82 82 62 74 93 81 72 55 70 58 94 90 66 89 57 85 80 94 70 50 87 84 74 72 83 53 59 84 63 96 71 73 70 74 86 98 69 93 53 87 88 72 93 95 0 77 84 98 68 51 71 90 71 99 97 66 63 92 83 95 59 79 87 84 57 62 55 84 96 62 58 75 99 71 57 92 52 
78 80 69 69 98 89 92 91 87 52 93 56 62 92 89 78 95 86 79 95 99 66 58 60 56 94 68 93 58 83 63 53 58 60 66 56 51 64 71 62 77 93 78 79 81 96 81 85 72 0 68 77 53 73 91 54 66 77 56 96 70 96 60 78 95 63 51 53 57 79 91 98 76 81 78 79 68 92 72 55 98 
98 76 94 75 55 83 54 71 54 68 95 95 73 65 98 86 61 69 58 68 82 79 70 95 60 53 73 92 99 77 57 83 62 57 99 74 99 55 71 73 99 60 58 89 87 95 88 57 67 93 0 56 70 92 56 55 62 78 75 75 74 72 90 59 74 79 99 94 52 79 83 95 79 76 66 72 78 99 82 74 71 
55 61 73 94 72 52 71 61 62 74 73 83 84 72 91 83 91 71 89 91 60 51 96 55 64 74 66 93 87 52 70 57 79 99 86 76 93 87 93 81 93 54 56 72 56 77 88 94 85 50 68 0 74 81 75 91 55 81 80 52 72 71 78 89 84 86 54 86 81 82 50 75 98 64 69 68 85 50 88 50 64 
81 86 52 89 77 84 54 84 78 95 54 86 92 92 79 99 83 52 85 58 94 77 90 53 78 81 64 91 90 69 84 88 51 96 89 85 76 93 75 89 52 59 64 99 90 72 99 59 58 89 82 58 0 55 62 68 97 99 70 83 72 82 88 70 60 79 72 85 53 67 91 57 63 83 50 61 54 93 68 76 67 
89 74 92 88 73 81 67 85 78 57 53 68 97 92 66 77 89 90 78 97 60 89 74 85 66 73 69 78 68 85 77 87 52 92 97 93 70 57 58 62 69 58 88 79 99 87 59 63 60 89 90 66 65 0 56 81 61 74 62 97 66 98 98 50 93 65 70 97 61 53 55 80 94 90 85 66 84 64 54 60 68 
87 73 71 93 67 99 93 83 84 63 63 76 74 82 84 86 89 96 91 72 73 81 79 56 50 82 63 78 55 62 61 74 54 71 73 84 50 92 70 88 64 58 90 61 75 67 72 71 74 92 76 98 67 60 0 79 89 91 93 55 96 83 71 81 62 71 81 63 61 86 51 81 55 75 88 92 73 53 82 96 94 
52 61 99 56 78 52 73 64 69 52 90 51 94 66 60 86 62 58 79 61 82 91 62 97 96 92 85 85 51 56 84 67 68 67 99 75 80 52 83 95 84 94 93 97 85 56 80 95 84 56 93 67 64 69 68 0 85 93 52 52 79 78 99 73 52 87 57 74 63 78 83 71 87 92 85 99 63 70 71 95 79 
64 53 61 50 80 83 78 69 60 98 90 78 96 63 58 62 98 57 90 58 98 67 97 74 69 56 77 69 96 70 64 87 84 74 90 66 91 99 94 71 89 77 88 87 95 74 79 96 79 91 91 52 89 79 79 55 0 75 64 84 71 92 90 78 71 60 70 56 75 84 74 91 84 95 97 80 68 59 51 67 57 
98 90 68 95 62 98 97 69 86 90 64 80 80 68 74 85 85 97 80 94 65 78 93 73 86 54 67 53 83 57 58 62 78 58 98 90 92 97 66 78 53 77 63 75 79 53 95 65 96 75 83 73 62 70 76 93 98 0 84 53 51 78 71 85 85 78 55 73 61 87 67 57 90 59 52 90 88 85 92 72 98 
64 69 56 61 55 83 69 80 86 56 86 66 91 72 65 93 79 67 95 83 90 61 88 91 76 66 78 89 95 72 61 71 83 79 92 63 76 91 72 91 95 68 51 96 67 83 68 68 88 51 89 84 63 74 50 99 52 71 0 71 52 55 64 85 83 61 82 51 54 68 88 78 97 61 98 97 88 63 73 83 89 
55 60 60 94 66 78 71 94 97 60 84 74 56 70 88 62 83 52 56 53 71 68 87 50 94 67 76 62 60 95 81 81 84 74 85 64 53 63 57 88 98 83 89 71 67 74 65 84 78 84 82 92 65 96 52 72 53 64 67 0 82 79 63 82 68 73 90 53 54 87 80 98 92 88 93 54 61 96 58 99 89 
72 84 64 67 61 57 75 90 92 50 72 75 98 83 97 83 70 67 78 75 53 66 73 93 68 66 56 67 57 96 71 97 72 56 86 77 96 58 74 52 52 86 55 52 83 57 97 91 87 50 81 80 76 81 68 99 68 53 66 93 0 71 89 75 57 56 82 54 94 52 68 93 85 80 53 61 53 96 54 60 60 
60 72 59 64 88 98 95 82 70 57 84 84 86 57 94 69 81 82 57 58 81 83 59 51 59 78 64 73 59 66 71 84 98 73 87 74 60 88 63 57 53 89 53 75 89 50 92 99 89 83 57 92 56 70 75 74 69 53 61 65 88 0 91 78 78 61 79 67 82 69 90 70 93 79 98 68 98 69 65 92 68 
83 72 71 56 97 97 82 72 87 60 51 82 92 61 97 59 56 87 81 77 68 70 64 55 52 63 91 76 58 92 93 90 95 87 56 51 53 72 69 64 83 99 89 57 69 84 87 54 51 52 60 91 65 92 73 66 72 94 65 60 81 84 0 70 73 55 68 85 66 54 72 82 53 78 64 72 57 50 62 56 56 
64 92 57 99 85 61 68 87 84 80 87 67 79 61 74 69 87 50 81 51 85 91 97 58 88 86 51 61 51 67 98 93 82 93 98 88 78 56 94 84 77 97 65 50 95 73 94 83 53 54 54 54 94 57 73 94 56 61 95 79 88 72 74 0 63 87 73 67 83 56 82 95 59 70 93 87 62 52 69 64 54 
56 70 83 67 89 58 99 68 89 63 98 88 65 71 87 62 82 95 80 87 99 64 58 89 79 85 68 82 73 86 87 94 95 55 77 54 80 56 73 84 75 86 68 95 68 56 65 61 57 80 75 80 51 66 74 73 68 53 58 57 91 76 76 87 0 80 91 72 75 88 85 70 83 65 88 52 80 91 63 52 73 
50 68 96 96 97 50 85 84 60 81 88 73 67 69 98 55 51 85 96 88 85 79 62 52 88 95 91 58 94 62 81 64 78 60 69 71 61 94 60 75 60 86 85 83 91 56 75 89 55 94 64 70 97 71 76 94 59 76 90 75 69 78 98 80 54 0 59 58 73 68 55 81 70 76 69 70 67 52 74 52 94 
84 79 60 70 55 95 96 81 87 66 67 90 72 62 80 59 81 60 90 88 63 73 59 57 58 87 51 51 77 57 73 67 97 70 69 82 59 86 53 68 57 50 68 52 54 75 50 57 95 96 97 85 97 82 56 99 74 63 89 84 94 99 98 67 58 80 0 99 92 61 78 85 51 86 56 75 72 63 74 56 65 
76 51 51 62 71 67 64 96 74 99 81 71 56 86 85 92 71 76 89 58 63 99 83 63 51 88 88 75 78 93 94 67 70 61 87 82 70 67 85 88 75 94 67 95 88 56 93 73 77 95 59 88 82 90 98 78 91 72 50 97 98 88 82 59 77 53 59 0 95 57 98 78 59 53 65 56 54 84 87 64 75 
86 55 82 87 80 66 88 96 79 57 59 97 82 59 93 59 84 65 57 58 60 88 60 94 71 75 96 64 83 74 85 70 97 55 69 79 91 63 61 90 93 83 94 50 83 83 64 58 71 70 51 58 51 59 56 82 51 86 57 91 74 67 95 81 83 58 93 89 0 76 58 57 71 61 73 74 78 71 82 99 86 
75 90 89 74 62 65 88 85 93 95 83 99 77 76 71 99 84 91 54 55 96 85 61 87 99 50 86 74 93 89 97 83 88 54 94 88 98 64 57 78 52 72 96 55 81 74 60 90 89 89 81 75 83 57 70 75 63 80 74 51 68 66 77 72 89 52 84 60 94 0 70 63 56 52 96 69 70 97 51 51 91 
87 83 82 81 90 77 64 83 54 81 58 53 61 59 81 59 93 73 53 78 86 51 59 79 66 62 68 87 73 75 80 72 51 51 71 51 98 96 93 52 62 58 85 67 85 58 81 52 79 93 89 57 85 55 98 66 64 95 92 87 89 56 62 68 74 93 64 63 56 99 0 82 76 68 59 67 81 74 91 92 87 
74 96 82 62 97 51 95 97 72 80 65 86 96 74 80 65 71 70 76 67 89 82 85 88 76 82 94 82 65 50 74 72 77 57 58 91 78 71 97 90 99 90 52 93 95 68 96 69 82 91 75 94 95 60 67 79 95 86 93 53 82 64 78 73 74 63 94 50 68 85 97 0 74 80 68 54 93 54 86 98 68 
52 96 98 83 67 51 62 54 70 78 94 71 55 98 94 73 65 55 90 84 59 65 97 61 88 62 83 71 99 80 60 99 69 73 62 60 74 53 71 53 59 71 52 55 58 85 56 85 53 69 96 83 62 90 50 95 92 99 99 88 68 98 53 88 96 83 75 57 75 55 62 82 0 53 89 68 74 52 56 62 71 
81 80 93 90 73 86 80 90 92 84 53 93 91 91 75 78 95 58 78 76 50 81 73 61 94 86 76 61 67 72 57 55 66 75 87 73 57 58 94 87 68 82 89 66 87 78 54 52 88 69 98 63 54 57 89 83 55 66 82 85 85 59 55 75 81 84 97 61 80 66 52 83 84 0 80 51 83 57 83 62 96 
60 91 60 80 98 57 98 68 93 96 59 59 90 99 93 78 59 97 58 89 60 92 71 54 51 96 63 78 76 70 87 78 92 82 96 81 80 55 66 70 59 95 72 61 61 65 64 61 50 95 84 58 58 52 79 53 66 97 56 88 50 83 78 62 88 86 63 80 80 81 53 63 63 85 0 58 59 71 64 68 75 
55 76 95 92 66 73 53 71 52 67 81 56 97 63 80 62 63 57 90 90 84 96 58 88 70 89 85 90 84 74 88 72 62 83 65 62 62 51 82 55 97 91 68 61 93 83 97 71 99 62 59 75 99 66 60 71 93 77 54 85 59 52 95 95 62 74 71 68 62 61 77 62 75 67 75 0 82 99 55 55 87 
85 64 68 67 61 71 60 56 82 69 65 91 76 99 60 75 58 84 95 72 98 83 57 93 95 66 56 93 74 73 58 81 57 97 61 80 85 86 68 67 58 66 82 99 97 66 86 53 72 86 80 89 62 72 99 93 72 59 64 87 75 64 89 92 73 63 60 77 91 59 70 67 95 61 90 92 0 67 66 84 97 
64 94 85 87 77 83 82 66 67 89 53 79 91 98 91 51 93 75 69 54 68 84 88 67 97 96 84 84 93 95 83 52 97 77 75 90 96 61 67 68 83 98 96 83 95 88 89 84 78 96 62 72 65 62 59 88 86 84 50 72 64 87 70 83 74 65 89 80 56 67 50 91 57 97 73 75 59 0 65 52 81 
54 69 51 58 80 89 57 81 94 76 94 98 70 93 73 88 68 50 65 56 52 79 63 72 76 69 86 90 55 50 53 89 71 58 70 95 88 60 61 60 62 51 75 96 80 91 69 67 51 63 62 76 97 78 68 50 97 90 64 72 82 84 87 68 75 86 98 73 69 89 90 68 61 57 73 66 80 81 0 66 78 
61 79 67 94 80 78 52 87 92 66 57 65 97 66 94 90 73 96 98 65 74 65 92 59 63 77 93 56 87 63 98 56 88 69 79 90 66 73 57 83 91 88 92 56 66 78 68 69 76 52 81 72 84 99 60 82 56 96 94 51 75 55 66 94 55 70 80 83 72 57 54 86 76 99 95 66 70 76 99 0 86 
71 77 80 92 63 64 97 65 61 71 61 72 66 61 55 87 94 68 99 52 54 89 70 84 75 72 52 73 61 70 53 84 81 63 78 89 65 82 73 87 73 71 73 83 98 57 66 86 55 63 89 81 84 64 83 51 71 67 71 68 85 82 77 75 60 85 54 68 99 93 83 73 79 71 74 52 80 73 50 64 0 
