n: 80
m: 8
Pi:U[1-99] 43 83 68 45 53 37 35 72 3 18 49 31 68 38 15 89 84 23 70 89 8 88 80 19 62 15 32 84 48 25 85 53 55 8 18 36 68 66 40 55 13 40 85 61 3 16 32 79 69 52 96 64 55 65 3 51 27 74 82 6 87 9 14 2 86 87 53 48 51 23 99 24 24 78 19 55 2 91 92 94 
Si:U[1-124]
0 101 42 7 4 87 3 21 83 95 17 41 124 33 53 110 38 2 123 56 75 36 99 49 114 99 70 37 64 88 64 90 112 77 93 26 102 78 114 74 30 29 6 105 5 23 74 2 57 14 47 88 21 62 18 12 16 93 120 118 44 5 105 2 92 11 4 2 8 89 53 33 60 100 61 28 74 50 1 117 90 
3 0 16 24 77 71 39 110 46 83 50 78 104 8 90 3 75 108 106 81 74 16 13 117 102 72 26 41 27 123 7 41 26 81 8 58 61 95 104 121 106 48 66 17 10 22 21 117 31 112 71 94 40 111 113 7 39 17 104 59 97 106 110 102 48 7 67 47 47 14 108 22 124 67 95 88 109 118 90 51 31 
74 99 0 64 10 64 3 15 8 120 58 61 34 8 86 55 39 73 96 62 41 21 103 65 124 77 17 86 68 104 92 51 124 16 67 59 87 87 31 97 91 7 86 41 74 74 52 111 82 124 122 34 11 86 92 84 26 112 52 105 35 98 57 57 105 52 64 68 42 54 52 93 17 112 58 41 90 108 52 48 83 
74 124 121 0 99 113 102 45 117 80 86 27 42 15 111 120 119 4 49 89 20 8 52 87 18 27 26 71 94 104 15 115 37 108 36 48 48 116 81 14 109 71 18 67 54 88 48 58 28 39 30 17 57 89 46 80 12 18 111 46 84 58 107 40 118 103 10 61 60 13 78 121 31 3 108 51 8 96 57 55 76 
94 35 89 119 0 41 120 115 97 119 12 34 92 61 3 98 58 68 104 91 40 16 109 23 43 98 117 115 11 98 43 13 2 103 87 110 75 66 17 101 94 66 118 23 40 98 94 66 35 62 15 1 41 41 84 69 69 63 3 117 32 80 123 48 61 60 56 8 29 58 1 16 57 39 38 26 48 42 32 67 116 
102 50 96 24 83 0 121 50 96 18 7 27 82 103 4 120 70 9 49 82 7 56 95 2 27 26 40 59 50 19 54 99 81 4 98 118 100 92 50 50 58 3 25 105 77 32 115 28 80 60 33 103 48 89 71 81 32 77 43 10 103 27 68 12 58 32 31 106 37 62 66 102 98 83 98 12 100 77 118 80 51 
105 122 64 116 49 8 0 116 92 114 16 106 73 109 30 45 112 29 73 115 77 38 3 117 102 34 120 121 78 19 5 5 116 79 2 65 70 78 5 14 8 25 68 108 107 119 121 115 43 41 64 94 81 11 117 59 49 7 79 4 83 78 47 94 20 6 1 45 74 118 80 115 33 48 44 112 117 64 62 89 95 
53 22 5 40 111 100 42 0 123 32 9 43 20 53 66 39 37 42 9 80 39 60 99 104 94 98 67 34 55 90 107 112 58 59 89 28 114 73 85 104 23 84 91 88 95 11 56 47 84 52 22 30 69 104 107 52 95 77 45 21 43 69 95 56 64 105 57 79 23 69 82 3 13 3 79 13 35 49 117 59 122 
90 113 124 76 41 48 116 52 0 87 7 37 24 24 81 49 4 90 118 16 79 111 1 2 110 31 69 2 22 79 18 33 3 97 112 123 17 118 10 101 15 98 40 31 21 114 104 48 69 114 72 17 16 63 117 119 118 30 91 4 77 97 87 94 29 97 121 20 23 86 6 119 50 44 99 3 71 110 21 12 116 
50 100 10 45 55 38 13 77 93 0 1 10 121 10 76 119 62 41 117 73 55 98 28 1 105 115 89 78 57 116 78 34 44 5 25 108 30 92 97 95 18 77 90 10 67 43 66 94 29 29 57 76 81 64 57 107 112 124 118 86 102 68 110 54 104 77 10 58 38 45 114 5 88 88 93 105 97 57 50 80 8 
108 65 44 9 97 106 65 115 4 76 0 113 34 95 91 114 110 90 112 30 46 26 68 13 112 93 16 38 69 27 30 52 9 81 55 17 47 62 74 45 40 67 39 30 19 106 111 45 33 58 116 79 57 77 12 87 17 79 6 98 96 40 29 66 104 59 69 51 110 84 55 114 99 98 118 62 14 69 104 100 22 
110 99 12 32 23 83 53 12 53 53 56 0 114 4 111 68 85 78 65 29 86 85 61 33 57 75 58 112 11 116 95 94 76 68 94 70 107 55 35 1 89 42 25 9 96 80 25 42 94 78 39 93 68 23 51 46 13 105 115 10 3 101 12 31 36 86 21 29 111 102 75 103 74 44 90 113 39 121 80 22 17 
122 47 18 85 112 57 58 86 1 68 7 52 0 107 51 116 75 95 52 77 26 118 5 115 116 50 8 122 52 28 20 14 84 119 114 10 122 55 66 18 68 20 88 75 17 77 6 88 71 89 102 82 69 26 81 99 107 105 98 53 39 33 6 88 35 23 5 62 73 7 104 95 54 118 65 51 21 94 67 30 64 
35 46 34 43 41 114 23 60 113 123 116 24 104 0 110 21 108 61 50 35 28 69 98 72 2 100 32 62 98 23 27 112 46 46 123 34 9 88 25 106 26 115 37 105 77 1 79 110 35 98 92 97 76 95 108 113 1 123 9 10 101 94 25 113 82 14 66 70 71 110 14 61 19 75 113 119 116 98 99 102 20 
78 25 119 95 71 70 36 54 45 106 102 49 97 85 0 53 93 83 9 93 116 56 15 80 65 69 54 4 104 111 112 33 89 10 27 107 15 43 44 67 100 34 81 43 16 18 21 64 122 83 48 103 49 34 21 73 38 35 62 17 57 111 118 116 28 63 99 67 82 115 20 101 3 26 30 43 20 121 35 39 10 
86 77 67 21 2 79 116 24 95 63 5 114 69 69 117 0 43 53 115 1 53 79 49 4 71 103 68 51 12 44 28 28 116 56 69 74 98 25 43 35 22 55 3 116 67 89 121 73 26 60 33 63 18 100 9 15 1 41 72 17 24 49 11 70 40 42 111 96 7 48 24 74 77 74 108 72 84 88 53 20 51 
44 27 16 92 32 98 88 32 102 44 106 61 75 30 83 62 0 105 102 1 107 55 21 21 84 9 66 32 79 90 55 88 75 123 107 103 97 78 79 19 101 114 2 112 124 66 85 6 89 5 20 2 11 122 85 117 55 38 96 23 96 93 18 34 89 9 26 94 27 38 115 57 120 42 108 101 39 49 23 45 18 
83 39 111 9 88 87 2 39 121 68 66 8 35 121 107 53 44 0 103 112 42 107 23 5 85 75 14 95 62 44 75 16 25 63 4 30 26 122 74 60 63 97 55 118 76 85 21 39 92 47 63 30 37 26 44 108 72 11 6 40 47 86 60 96 80 93 3 91 51 62 49 41 73 7 18 1 109 70 54 115 3 
104 30 57 39 117 113 122 98 5 15 59 57 121 85 26 106 56 63 0 26 54 24 119 11 68 74 29 111 38 44 36 72 113 12 9 17 92 121 75 91 114 11 110 56 21 71 43 122 96 119 89 51 66 93 10 59 34 44 8 21 41 26 59 117 14 119 54 102 70 116 121 2 63 3 122 15 8 52 100 64 43 
2 42 49 109 11 30 39 106 32 58 78 17 102 61 46 79 121 71 85 0 86 26 49 77 110 42 88 104 31 46 28 71 63 96 63 88 83 65 82 53 36 94 77 62 18 14 5 74 67 60 113 61 37 4 39 116 44 80 55 93 7 81 105 44 54 104 71 57 50 59 86 73 18 76 73 40 120 18 11 67 83 
32 12 124 84 7 119 89 75 84 22 84 36 107 123 74 34 66 46 100 20 0 8 20 113 12 31 99 52 33 13 25 49 4 41 2 99 39 72 105 22 93 50 22 95 84 49 32 39 101 112 100 41 87 82 109 22 58 37 24 35 7 99 71 78 94 15 84 72 74 84 69 35 39 39 9 23 47 11 90 31 39 
12 49 80 2 24 45 69 82 108 47 14 6 36 114 80 96 30 96 92 117 52 0 67 61 25 102 114 19 95 123 88 66 69 119 61 81 77 62 29 60 102 84 44 88 32 123 119 58 111 58 92 47 96 120 122 114 29 39 90 73 10 119 124 14 104 17 105 101 107 115 27 122 97 54 41 112 107 41 50 7 48 
108 43 33 5 5 82 17 86 81 37 91 32 107 79 124 119 54 92 35 94 50 12 0 7 109 105 89 76 28 74 46 106 68 5 59 39 28 117 57 60 115 106 93 62 92 40 45 11 32 65 7 85 57 51 91 16 59 95 39 11 76 1 21 20 73 54 112 39 35 3 95 113 59 25 84 103 89 29 7 46 115 
82 18 64 69 77 13 30 86 116 9 76 16 88 63 50 26 45 100 32 99 60 12 53 0 79 105 19 120 19 27 23 41 58 2 72 48 75 30 26 77 5 87 61 99 121 96 56 71 57 86 14 14 45 119 5 44 107 122 101 17 78 109 123 34 47 10 79 101 107 121 62 26 68 87 32 48 119 72 52 27 12 
20 55 64 88 79 53 60 64 92 114 24 18 25 29 35 59 52 87 41 29 38 93 49 111 0 21 52 17 85 63 122 46 47 84 117 47 2 3 93 107 6 48 89 14 19 64 10 51 109 26 44 102 84 80 121 35 54 71 52 109 34 5 70 71 61 122 34 90 67 22 60 40 94 111 69 69 18 39 94 5 54 
82 21 3 46 10 8 70 92 114 100 120 92 18 73 1 107 94 76 107 51 92 69 23 103 70 0 16 119 122 111 113 52 35 64 6 82 69 61 38 33 63 112 101 55 72 112 95 115 37 68 72 99 43 69 7 4 56 110 17 65 39 5 103 69 10 24 53 70 47 51 71 36 96 5 47 50 1 44 81 55 66 
113 10 117 20 45 21 29 112 38 92 58 35 113 12 43 115 35 98 80 29 89 89 50 122 35 49 0 28 30 121 42 57 51 84 79 57 54 92 25 87 1 55 84 24 102 1 83 97 67 56 110 49 114 36 38 94 124 98 117 86 7 85 41 77 13 44 40 85 25 82 84 40 18 40 95 53 66 11 6 85 82 
124 10 63 2 114 1 103 103 98 106 120 19 93 73 111 97 111 52 60 117 80 69 47 111 103 55 33 0 47 39 5 12 71 86 98 82 70 45 12 115 112 22 14 11 102 62 63 72 120 112 26 18 30 99 103 27 4 114 76 7 96 10 114 69 48 64 109 96 61 108 6 40 13 28 32 111 76 112 10 25 21 
38 112 65 40 22 104 93 96 16 4 19 68 106 9 53 80 7 119 107 53 46 124 113 33 8 8 110 67 0 72 70 32 110 81 61 44 39 12 31 86 38 54 77 42 47 68 64 92 103 123 58 122 98 68 108 1 49 40 32 32 93 60 4 119 47 46 70 100 27 59 2 19 69 109 47 48 49 75 114 107 79 
80 111 13 8 116 77 63 113 20 35 66 30 38 86 23 6 1 23 15 13 35 124 67 92 36 1 106 112 121 0 14 69 99 124 120 124 87 4 104 15 115 94 27 87 66 79 10 87 24 61 88 107 122 21 33 118 37 68 57 97 70 11 78 10 80 118 60 19 27 71 16 20 86 56 96 55 123 18 66 17 92 
84 40 62 110 41 29 114 23 82 24 122 47 62 40 28 85 57 42 98 25 60 36 62 28 65 84 100 98 12 106 0 67 55 25 79 76 96 59 38 56 91 20 66 76 95 14 57 80 62 26 90 74 28 62 14 93 124 51 78 118 118 99 98 38 64 7 104 99 76 73 61 30 11 72 52 104 119 90 2 8 43 
64 55 64 24 107 121 30 123 19 57 90 77 25 26 59 8 9 48 120 92 73 9 91 49 2 81 17 29 118 53 48 0 50 93 54 8 22 88 57 115 46 69 55 29 51 35 58 79 61 14 83 32 112 3 91 36 55 1 105 110 111 70 96 100 11 67 44 10 10 124 55 4 71 41 22 25 76 34 117 27 110 
101 52 118 72 117 105 56 122 117 58 27 17 54 88 103 89 100 7 92 31 79 119 68 32 109 109 65 44 92 22 98 32 0 119 8 19 45 12 91 41 94 25 87 97 33 65 40 101 116 38 56 93 112 76 105 76 123 76 19 99 20 89 90 118 124 97 1 118 61 83 22 94 57 53 64 79 80 18 15 81 11 
50 104 38 92 21 52 111 38 88 20 22 116 55 110 109 106 49 108 67 19 48 93 69 74 41 103 69 76 63 8 39 34 89 0 115 65 27 107 122 95 123 116 13 72 64 100 4 50 40 59 86 121 4 22 22 26 29 54 42 118 73 23 38 121 98 49 33 12 91 110 116 33 60 91 79 44 64 110 13 37 87 
18 5 28 54 82 117 64 122 52 22 3 21 22 29 12 88 96 36 11 38 39 87 29 117 66 98 1 108 61 82 102 106 95 58 0 109 120 106 12 106 73 50 16 56 57 17 6 39 35 100 54 21 18 12 100 54 30 4 66 120 104 83 16 82 96 121 77 72 75 66 122 21 63 10 70 102 103 119 82 123 95 
65 80 81 47 110 52 112 27 114 95 11 52 22 115 65 3 4 33 64 53 29 87 104 2 42 86 72 1 51 7 17 30 44 50 53 0 18 80 77 7 2 55 92 5 113 80 28 64 14 89 64 4 12 111 118 36 30 74 41 124 108 69 73 82 50 100 8 15 22 48 69 99 76 12 89 15 55 52 31 105 41 
11 74 31 42 75 12 123 36 123 35 116 88 51 124 51 111 111 7 16 49 5 118 30 45 71 27 95 110 2 19 7 89 103 93 93 57 0 105 20 67 33 6 30 3 87 37 76 120 81 29 69 85 116 101 69 47 95 78 73 26 17 36 6 6 117 5 41 31 124 34 19 65 23 104 123 54 34 38 87 55 39 
22 35 119 77 105 88 44 26 26 75 53 109 95 115 37 34 14 62 62 54 10 70 84 38 1 116 4 105 42 58 84 57 117 73 34 44 31 0 103 121 93 64 21 29 75 8 59 53 75 107 46 43 23 97 104 108 89 77 65 19 77 45 54 10 112 30 43 6 39 24 22 53 22 85 45 32 64 99 111 123 83 
47 113 20 51 46 45 57 121 94 19 71 33 37 82 62 40 57 45 59 34 90 24 106 90 119 60 63 74 113 2 93 52 77 68 106 97 37 47 0 80 88 30 49 1 61 25 28 101 98 123 103 34 102 75 87 69 78 102 35 4 56 7 98 21 120 113 20 110 23 46 53 100 30 19 62 29 82 51 23 95 13 
7 4 5 88 117 43 23 91 59 113 13 87 71 106 110 14 110 86 30 32 32 51 61 24 111 20 1 103 67 101 23 13 71 17 59 23 93 117 103 0 30 83 3 82 3 108 17 117 21 119 67 109 76 49 37 84 31 48 59 52 21 2 56 13 39 124 41 77 112 16 97 95 48 104 73 38 53 30 88 29 96 
72 93 44 112 73 9 73 97 34 76 96 124 2 55 1 34 45 121 62 122 90 97 10 64 10 109 74 43 53 124 116 57 46 57 32 94 64 58 96 86 0 84 5 9 43 32 114 101 11 71 78 78 26 110 14 40 105 77 101 8 18 81 94 69 79 48 36 84 117 25 88 32 57 79 84 32 54 124 111 12 99 
100 44 101 59 57 84 87 50 2 46 114 63 20 123 88 75 76 96 93 44 18 73 108 80 24 38 23 14 5 74 50 11 87 71 28 33 32 34 12 92 87 0 67 44 87 111 54 43 50 87 86 41 25 106 46 19 21 105 11 12 22 26 3 64 51 8 118 58 53 47 82 11 29 2 97 37 19 77 98 30 34 
27 28 68 112 28 75 73 95 103 113 76 61 117 31 102 87 34 85 122 98 5 50 123 52 103 12 30 35 65 55 84 28 4 92 87 115 102 122 81 46 81 109 0 114 108 4 32 88 107 20 124 7 106 47 67 92 108 30 63 85 110 100 7 98 49 82 24 20 73 122 89 27 80 41 29 79 78 97 30 120 64 
79 122 123 60 91 122 62 31 73 67 106 76 59 75 28 109 104 76 35 4 2 104 118 97 63 89 22 57 69 110 70 4 89 4 109 30 39 27 74 118 36 90 28 0 9 73 46 108 16 95 60 58 28 77 75 79 1 69 97 94 36 49 123 32 5 71 32 116 14 12 110 40 34 103 73 36 7 50 14 42 44 
35 58 107 94 32 70 8 38 17 109 66 59 29 63 45 46 101 107 62 51 105 115 86 23 2 49 2 42 77 97 87 109 15 45 39 70 30 14 66 45 104 6 91 116 0 71 25 112 26 106 27 114 38 109 73 29 68 51 50 68 10 48 9 2 61 102 123 94 100 43 111 102 10 40 33 4 70 45 2 107 20 
10 93 83 23 61 89 1 3 116 58 25 3 24 84 108 74 96 46 12 8 83 31 38 19 99 43 21 106 107 19 40 53 24 115 11 105 63 71 84 45 116 38 28 58 34 0 104 42 84 87 13 90 75 76 112 93 119 13 91 6 113 55 96 2 46 34 95 101 80 117 77 111 47 8 8 119 88 60 116 57 1 
85 28 69 1 46 41 52 6 27 41 62 32 6 92 29 28 88 58 49 92 81 70 94 21 77 47 69 23 96 18 15 44 76 62 118 90 102 85 100 96 44 54 77 15 65 97 0 39 3 68 84 103 50 99 12 87 121 71 60 102 9 109 92 8 66 117 98 68 79 78 94 77 118 73 18 41 120 97 104 117 27 
72 7 100 26 12 58 6 63 53 91 113 121 97 4 39 110 79 85 65 31 61 109 64 63 105 13 68 122 60 15 120 63 98 56 121 66 92 32 20 35 117 87 38 16 6 15 97 0 7 69 92 12 81 113 45 72 34 81 8 1 53 64 40 10 51 18 88 51 86 17 27 51 36 20 35 23 124 11 90 37 119 
52 92 38 41 47 47 36 120 29 23 63 86 37 50 6 71 8 22 44 4 7 121 38 74 122 7 76 90 94 110 104 25 7 106 63 111 91 19 29 8 123 115 81 26 37 106 92 26 0 38 82 55 58 98 18 42 72 35 120 28 94 116 12 72 67 113 99 80 50 97 65 113 6 103 89 80 112 110 19 75 96 
80 104 25 15 112 124 53 66 121 76 9 6 20 123 41 84 39 3 123 62 90 6 16 5 117 23 80 71 3 24 9 76 71 79 45 55 100 47 104 90 88 48 99 88 117 39 81 101 13 0 27 9 120 77 120 72 21 57 62 117 113 111 89 52 74 121 77 37 9 108 59 103 95 75 98 16 74 30 79 59 38 
89 38 113 123 9 98 6 87 104 92 85 85 42 90 123 123 97 123 4 28 67 124 70 66 69 28 41 110 116 111 28 79 2 56 36 92 3 31 20 87 84 103 92 20 44 104 91 4 41 104 0 38 123 31 111 26 81 38 38 120 47 56 11 105 35 43 48 10 7 110 41 47 2 119 71 51 100 27 121 77 111 
40 101 18 113 102 63 44 20 104 99 82 118 72 86 91 58 64 21 54 74 54 41 76 15 35 42 124 59 37 107 33 68 30 49 15 41 26 30 32 71 72 103 102 1 72 61 30 29 114 81 8 0 28 119 40 34 32 90 108 92 67 12 95 16 59 83 43 76 118 7 66 41 85 113 65 46 85 46 67 66 30 
73 79 113 110 120 19 103 76 75 119 9 7 12 44 97 101 21 37 51 111 113 87 79 46 122 8 114 119 37 42 37 93 114 62 28 100 110 108 29 1 64 46 90 10 57 37 74 87 101 35 30 10 0 58 33 117 121 34 118 58 108 3 28 16 34 76 68 74 13 32 119 81 50 112 43 80 104 60 75 118 33 
48 75 5 19 2 120 13 61 36 85 34 124 114 67 40 73 86 8 90 89 95 49 44 25 13 63 43 29 21 2 109 72 49 11 33 60 22 124 94 95 49 9 21 1 39 27 21 107 66 112 118 50 33 0 118 77 44 97 35 10 13 30 57 57 67 59 26 47 44 40 60 93 2 74 78 59 51 102 4 71 119 
55 107 18 48 62 113 13 47 38 41 107 73 98 53 86 110 121 35 45 122 2 10 112 89 88 98 31 106 39 113 114 89 114 76 64 31 1 77 24 73 11 42 92 14 20 61 32 57 56 24 90 4 17 73 0 69 112 46 35 92 3 107 32 102 4 17 64 41 73 86 77 101 106 36 36 124 95 21 23 114 1 
27 60 16 72 97 13 10 19 27 108 100 69 29 79 28 96 5 87 49 18 81 65 54 79 78 105 82 114 2 40 117 26 92 88 99 122 42 111 121 69 108 57 23 73 56 79 39 5 32 66 79 39 71 97 114 0 102 46 90 29 24 17 26 112 47 18 111 15 45 8 14 31 10 105 35 31 53 25 70 76 117 
49 76 63 123 64 89 8 32 122 79 64 63 50 36 118 61 82 3 47 116 22 36 40 104 64 46 77 96 29 100 65 22 85 113 106 85 3 41 22 74 124 88 10 63 89 66 2 84 58 41 54 110 90 100 111 17 0 105 110 9 29 26 114 31 24 64 17 94 124 46 57 47 30 47 108 110 52 91 40 43 54 
98 22 54 88 31 44 88 60 105 51 91 124 46 31 36 30 112 91 8 82 53 40 38 119 64 117 66 15 98 27 95 66 68 57 71 46 18 3 66 48 15 15 34 58 83 1 78 104 43 37 13 123 10 112 119 13 9 0 38 64 108 68 93 75 16 79 89 70 12 47 4 54 97 119 73 91 91 43 120 79 49 
74 35 37 15 94 123 109 29 103 43 21 44 89 78 117 99 39 112 81 11 92 43 62 78 21 94 29 39 91 73 121 68 66 110 21 30 97 43 55 45 14 48 58 54 78 95 1 10 75 74 71 42 114 79 16 17 56 3 0 66 59 43 38 120 69 79 19 11 58 3 15 124 45 10 17 49 50 77 64 52 10 
73 91 121 50 109 48 84 89 99 123 69 95 115 42 124 49 27 118 40 121 87 83 118 73 75 51 35 43 1 15 93 61 89 39 22 20 109 19 85 47 124 13 1 118 47 119 96 20 98 5 72 92 52 12 121 33 120 114 106 0 51 121 4 108 58 83 107 116 78 118 30 118 2 13 60 60 102 63 34 84 50 
25 52 48 65 44 80 100 24 80 23 31 108 42 116 48 32 3 67 48 50 110 12 15 21 76 124 6 119 85 67 13 31 54 92 91 28 6 11 113 7 75 108 7 10 101 24 88 108 46 25 31 110 123 116 12 21 124 12 73 40 0 84 21 113 6 45 86 15 25 18 92 31 33 73 67 6 99 18 68 31 84 
11 23 51 24 52 18 49 90 58 65 32 59 106 7 76 22 19 112 6 1 22 5 1 29 35 51 16 25 76 44 99 105 40 57 106 95 77 11 94 113 48 56 49 81 44 12 91 15 46 93 30 9 19 39 86 86 18 83 114 65 73 0 93 13 17 98 15 34 70 77 92 14 75 28 18 36 7 86 81 19 118 
29 115 19 34 63 104 17 88 111 66 123 118 79 13 1 59 1 47 79 78 123 38 61 1 112 101 13 52 102 72 61 70 77 31 76 67 46 54 26 76 66 57 46 114 119 69 95 13 115 72 100 11 84 77 113 48 50 101 84 15 35 19 0 3 10 56 78 87 48 81 18 112 34 13 59 36 105 90 43 93 16 
90 82 89 58 56 89 123 102 24 57 16 111 89 121 119 113 6 114 100 20 8 6 76 78 45 88 12 43 15 97 39 12 40 51 14 87 68 63 119 50 81 34 19 37 13 74 44 54 118 39 37 24 55 97 3 24 51 107 23 3 36 53 88 0 106 119 40 74 123 10 84 114 5 87 100 44 61 113 7 50 59 
55 91 95 20 24 72 27 113 115 31 101 100 17 113 3 84 54 34 109 83 46 87 57 107 53 58 10 16 45 73 5 115 107 23 80 26 112 15 91 85 107 82 116 107 34 114 3 106 4 72 64 12 83 91 58 3 71 59 110 115 87 63 102 124 0 5 64 48 110 91 32 117 94 86 41 48 79 34 21 13 59 
106 113 89 67 99 30 73 59 108 49 24 20 63 15 94 23 80 63 80 30 17 42 47 24 33 67 67 122 55 31 71 115 85 60 122 12 89 19 107 95 76 60 83 97 51 107 62 74 114 108 48 6 69 101 96 8 61 100 18 28 15 102 22 49 113 0 21 27 86 62 8 34 2 114 51 10 81 32 119 77 93 
21 33 105 57 95 37 32 111 58 17 27 71 65 75 67 18 71 101 124 84 17 64 63 4 51 72 32 96 90 40 2 96 19 116 13 119 58 86 74 71 46 91 57 33 72 118 116 26 51 67 106 102 95 54 110 10 96 28 27 100 7 114 23 77 75 22 0 62 96 21 107 83 37 74 62 26 30 99 100 3 61 
109 71 116 100 55 77 82 73 52 32 2 92 88 107 123 101 38 73 44 51 98 34 32 92 79 66 18 4 10 45 59 20 15 16 41 84 77 65 101 87 69 71 123 9 120 93 103 85 29 96 38 8 7 71 110 79 14 35 20 49 41 87 94 5 66 37 12 0 45 57 3 59 93 88 82 47 12 14 63 47 100 
117 109 71 111 91 57 39 96 110 46 77 82 61 28 61 41 34 34 101 48 25 74 47 11 83 10 26 18 64 65 11 21 102 88 95 118 100 47 71 26 54 75 68 111 122 49 28 17 62 17 67 75 14 17 110 90 53 99 22 92 94 66 112 82 74 81 1 106 0 122 65 120 90 81 43 34 60 25 121 102 23 
4 33 119 119 12 102 32 95 15 58 96 118 92 55 46 47 22 37 6 14 115 104 21 1 18 98 73 28 85 34 14 73 4 121 6 18 110 69 1 17 117 107 24 64 32 89 16 122 97 123 54 114 11 101 10 80 110 85 98 108 9 69 39 16 99 111 67 4 78 0 33 25 21 4 23 78 87 19 50 46 82 
86 23 80 53 17 20 73 109 119 75 1 81 99 111 88 79 57 67 24 52 82 111 57 27 28 1 116 25 109 86 57 72 51 54 7 124 25 28 47 68 39 101 30 22 28 113 29 49 96 28 10 113 116 4 67 67 44 74 20 80 110 24 6 62 86 105 109 83 56 121 0 50 78 8 52 51 80 77 38 6 104 
108 9 41 117 92 83 69 119 22 119 50 100 58 6 60 94 84 32 87 85 120 14 18 16 34 101 20 24 36 90 104 24 106 102 98 10 61 24 48 17 111 34 59 27 100 115 65 28 3 3 94 27 31 60 95 14 24 41 56 18 66 14 31 33 100 94 102 20 39 31 2 0 72 85 100 69 100 30 46 30 68 
71 15 29 111 52 70 100 79 79 23 54 88 27 104 82 46 123 58 43 65 53 74 123 39 88 60 33 106 49 39 8 40 53 75 26 78 122 49 24 55 2 14 94 118 43 23 80 5 41 47 93 124 22 1 53 73 36 79 44 67 31 82 74 124 116 6 85 10 35 23 103 68 0 108 119 64 88 30 69 87 17 
59 101 107 49 32 19 7 80 18 86 27 63 106 50 100 7 45 3 1 66 25 60 54 116 22 94 90 95 118 13 79 87 100 67 87 45 77 73 100 91 58 92 8 65 49 28 82 5 120 102 73 80 121 79 90 74 51 113 56 57 61 4 40 20 4 67 10 78 84 63 19 17 82 0 6 33 30 40 13 18 43 
20 37 26 70 121 93 97 49 59 4 49 100 123 110 79 41 44 40 31 56 54 74 61 94 26 59 56 1 14 122 5 52 115 98 52 54 80 12 24 116 94 102 86 119 94 21 87 43 114 98 14 72 62 17 31 64 92 21 14 20 88 4 74 15 67 32 83 38 47 107 26 5 85 37 0 67 41 97 67 33 41 
59 109 85 91 67 22 27 110 107 26 101 5 98 96 77 95 4 59 119 48 85 76 56 90 30 109 48 90 92 25 59 67 106 23 124 24 89 122 105 98 98 20 102 77 101 8 66 112 106 103 88 118 108 40 5 52 87 44 113 109 50 14 20 63 109 121 4 117 61 85 15 18 89 90 75 0 32 33 84 33 81 
7 80 95 36 57 19 52 27 28 29 49 66 95 36 70 8 94 75 20 63 95 32 14 82 12 82 78 55 86 62 12 10 91 27 124 45 12 97 104 120 90 77 52 120 75 49 49 94 2 109 83 64 97 25 36 17 7 17 6 43 106 52 51 18 35 99 123 41 60 70 56 85 34 27 117 61 0 29 82 115 70 
104 92 14 84 100 53 90 100 46 113 5 98 99 59 54 39 116 15 2 119 43 53 13 85 75 11 89 68 78 65 74 110 82 34 77 90 104 54 74 5 72 18 28 97 11 21 52 85 64 88 106 71 55 55 103 59 79 93 10 43 25 36 5 25 79 45 19 101 29 51 91 63 73 22 3 42 105 0 60 39 66 
70 76 42 91 99 54 66 108 15 12 102 30 28 41 29 8 18 45 100 118 55 2 44 28 13 63 55 61 79 111 48 100 37 42 115 111 113 20 90 9 9 18 74 40 97 65 17 15 59 8 103 19 52 107 103 81 81 17 84 15 13 40 9 71 82 55 100 71 91 104 123 9 83 82 100 62 18 84 0 29 68 
84 18 122 83 46 92 38 17 2 42 44 80 85 32 60 67 32 46 1 106 46 72 1 90 67 105 53 43 77 50 114 68 40 61 72 69 48 65 11 30 28 102 61 90 119 27 76 24 121 14 81 113 33 19 35 102 57 119 75 12 67 110 69 59 61 76 94 11 112 9 77 17 18 80 88 3 67 122 89 0 123 
1 9 46 11 27 83 77 102 58 121 13 39 6 82 77 6 98 97 22 22 27 119 87 109 98 2 92 43 113 12 9 73 72 64 119 102 72 38 98 45 115 36 50 78 123 100 82 7 58 17 79 46 56 97 110 20 88 97 42 24 65 10 85 89 81 102 83 38 29 118 19 62 9 72 73 82 94 21 36 52 0 
