n: 80
m: 8
Pi:U[1-99] 42 59 2 81 99 33 37 53 67 27 28 22 35 84 3 39 66 18 96 44 84 11 37 72 32 49 29 84 10 80 19 87 12 27 89 7 4 83 31 27 50 78 63 50 57 45 43 17 75 34 31 78 83 17 60 85 69 42 69 75 14 37 17 52 85 96 52 17 85 75 41 89 98 32 40 64 49 60 80 98 
Si:U[1-124]
0 56 45 33 42 85 38 5 41 23 75 66 80 68 87 34 1 59 72 120 44 61 35 5 115 115 46 15 89 41 37 69 46 11 38 64 117 107 90 64 85 76 48 40 21 93 12 103 62 49 5 88 58 61 120 99 67 103 77 11 106 14 37 63 101 120 82 45 40 56 109 17 77 91 79 26 61 72 35 15 54 
44 0 72 49 46 69 39 32 25 62 57 117 106 73 105 38 36 50 10 33 26 75 76 106 90 34 15 109 43 108 48 52 81 55 9 48 93 19 14 106 44 78 57 86 10 112 80 106 67 122 92 72 73 101 81 64 72 79 40 111 104 67 20 49 79 74 116 89 110 123 60 105 78 112 107 117 59 41 37 34 15 
55 115 0 39 119 54 6 70 6 114 93 72 11 17 84 56 101 82 76 73 82 49 3 96 107 70 87 50 91 70 39 51 78 73 107 109 10 89 1 95 56 9 54 122 63 73 27 103 88 111 86 38 97 57 89 42 96 76 21 74 1 7 40 50 43 49 35 94 81 24 4 3 97 25 84 3 87 2 88 98 109 
84 5 91 0 24 91 59 34 10 34 111 111 88 76 117 69 3 89 118 4 30 114 22 85 53 77 122 38 38 18 19 73 51 74 45 94 38 17 113 94 39 5 81 93 107 123 55 2 95 16 95 18 91 105 72 16 69 67 24 14 22 28 54 19 115 99 11 23 57 123 114 43 61 79 62 36 22 62 74 12 14 
60 101 51 64 0 78 99 11 38 105 28 112 34 91 59 100 112 4 6 107 63 13 74 23 18 110 84 34 6 108 96 51 52 40 75 24 67 72 59 117 90 74 1 13 116 100 3 108 49 104 95 51 2 100 85 72 27 53 18 64 97 63 40 71 114 101 41 111 115 1 75 60 116 87 86 40 43 76 56 80 3 
115 3 120 111 64 0 29 71 99 56 106 94 74 79 98 76 24 114 110 116 26 53 48 69 17 10 100 80 74 58 44 76 82 9 29 35 115 91 5 108 75 17 60 66 88 2 92 19 118 80 48 29 100 70 58 124 11 84 12 87 106 62 72 24 71 40 80 82 98 65 9 53 21 32 31 26 50 73 118 71 5 
115 45 54 93 26 89 0 44 2 118 114 79 92 22 111 5 29 110 96 95 14 90 57 27 114 56 2 72 3 109 55 43 89 86 81 13 95 49 51 47 121 94 118 25 96 124 34 96 69 100 40 104 92 16 6 44 116 64 36 46 89 78 30 81 123 40 44 95 97 42 124 62 87 69 55 114 57 65 41 54 69 
29 118 117 123 25 51 3 0 84 59 123 98 36 64 88 77 7 3 114 120 48 51 36 13 7 103 4 21 46 57 50 69 109 97 32 86 106 47 109 90 105 117 112 32 102 98 109 13 30 91 46 80 27 5 39 119 112 24 41 41 5 123 84 94 25 24 115 65 29 116 94 35 29 122 50 5 89 82 120 65 81 
21 5 112 2 54 102 14 9 0 103 40 79 21 1 27 10 84 105 26 49 106 28 58 40 9 60 117 47 28 48 10 83 112 57 73 18 124 64 84 26 41 117 121 112 37 56 6 49 116 99 106 64 19 76 116 1 104 64 14 86 89 5 64 96 8 5 34 74 42 93 30 32 52 14 41 45 40 89 48 83 111 
81 107 53 66 12 87 124 43 7 0 60 80 89 45 122 59 4 119 7 33 95 3 123 20 33 123 123 120 101 22 74 88 112 100 16 23 19 27 104 62 6 26 12 64 92 26 53 33 123 71 65 89 14 86 68 42 105 110 78 5 118 104 75 124 2 73 54 9 21 31 92 65 96 102 104 35 3 67 7 105 43 
38 87 88 81 121 84 24 33 13 30 0 77 51 19 93 17 84 85 88 97 96 27 11 6 2 26 2 18 68 66 8 104 39 48 17 115 26 67 52 38 95 110 5 84 20 97 51 4 19 10 103 77 115 24 61 10 116 95 63 71 57 119 94 24 113 9 116 8 123 95 105 10 7 7 49 106 61 2 86 103 25 
65 117 8 119 97 47 58 83 58 98 104 0 40 15 18 83 103 74 73 58 89 45 50 87 114 105 117 28 13 43 119 25 33 106 104 96 94 123 44 21 85 52 78 16 56 77 94 31 28 11 89 102 99 62 8 78 88 65 7 57 52 81 34 55 108 119 71 87 36 64 101 120 4 40 53 78 103 118 89 101 42 
65 14 107 67 76 56 24 1 119 123 48 103 0 111 70 8 35 72 9 85 119 1 29 69 11 15 49 27 77 45 87 82 24 50 67 47 22 119 61 8 9 66 51 63 57 27 2 64 106 57 108 67 33 107 49 52 16 100 110 39 121 74 11 66 11 56 93 51 18 77 11 72 43 109 108 78 44 84 52 44 28 
2 118 113 22 41 106 78 52 22 5 59 3 73 0 16 15 92 103 32 96 101 66 55 40 13 49 123 39 74 70 13 3 100 87 76 98 90 114 89 74 103 3 21 117 18 107 70 107 55 69 124 51 115 97 8 98 70 123 10 24 43 35 76 19 51 52 28 36 53 103 31 109 53 58 78 73 19 65 124 104 22 
43 17 120 114 121 86 112 34 98 92 53 28 83 98 0 29 117 35 1 70 74 36 82 106 35 34 31 51 44 48 42 68 94 29 17 11 84 59 86 96 13 95 103 45 104 78 84 41 121 44 41 1 105 67 33 107 41 54 5 19 57 7 77 122 33 51 69 114 18 29 111 21 121 98 110 91 42 17 27 66 111 
84 50 49 49 88 108 70 121 116 118 80 69 99 84 36 0 91 121 32 52 64 83 94 11 13 46 37 75 115 104 80 108 123 25 64 28 55 1 116 11 63 97 45 116 3 21 121 93 89 67 58 13 89 40 95 95 112 3 99 63 53 25 63 22 16 29 17 84 7 123 11 121 25 59 74 96 53 59 109 108 62 
2 51 116 96 13 100 117 52 100 13 121 43 12 64 5 20 0 106 66 96 64 94 82 12 28 109 124 120 66 119 36 117 115 69 61 64 106 32 59 71 60 54 103 19 101 54 20 65 6 111 86 49 6 38 107 42 121 8 81 13 14 75 33 93 20 102 17 109 67 110 57 55 47 61 17 2 53 122 36 37 56 
64 93 61 36 4 66 75 8 46 65 11 69 31 46 16 32 57 0 85 62 27 26 81 57 102 117 49 51 46 108 112 41 21 24 68 50 88 55 84 77 8 73 37 117 29 23 25 28 31 106 95 25 116 64 108 115 10 102 22 108 87 12 84 54 118 72 76 66 83 16 27 61 110 26 27 41 5 44 93 1 1 
102 74 109 5 17 102 81 92 65 11 19 4 106 2 35 114 86 40 0 9 2 118 119 118 56 68 28 97 110 27 114 124 84 106 69 16 6 103 79 110 1 49 3 68 70 10 76 28 78 122 116 113 77 112 45 101 27 69 43 60 3 97 20 80 44 103 69 58 59 99 56 4 114 29 119 12 49 76 38 70 6 
60 18 123 13 103 77 16 90 105 58 118 22 34 41 91 84 71 74 120 0 90 4 87 51 109 99 71 118 89 100 23 96 110 100 84 33 2 9 95 50 104 95 28 114 1 61 124 122 111 17 39 59 60 123 87 119 16 15 91 28 63 98 66 72 48 112 114 54 44 98 47 42 70 6 98 52 39 15 60 87 121 
89 17 37 72 63 23 34 71 116 39 7 37 71 29 34 96 35 32 18 110 0 104 21 96 107 34 117 47 1 117 52 33 53 37 99 40 64 112 85 70 89 124 24 83 109 13 74 61 15 48 77 117 108 38 93 66 20 101 98 27 53 76 111 73 26 10 77 50 77 117 113 61 41 102 83 85 13 18 59 52 32 
109 67 71 17 47 29 1 39 35 14 74 21 31 118 50 6 58 70 6 14 87 0 80 120 88 31 70 69 5 48 73 2 46 51 36 63 20 6 43 50 50 2 10 99 25 55 122 14 39 46 105 23 12 38 78 56 12 83 116 19 64 45 94 85 12 79 100 113 29 30 67 41 92 8 41 39 28 69 44 111 97 
63 98 58 79 106 117 12 97 43 103 23 88 17 23 61 124 27 39 124 49 86 96 0 3 113 99 112 74 112 42 72 12 28 23 104 41 24 40 96 12 16 17 58 12 119 29 24 4 80 14 31 43 35 93 5 56 124 87 61 94 117 84 58 90 119 80 24 12 114 100 80 42 68 67 111 9 6 2 101 85 3 
44 8 88 82 49 59 52 120 80 18 24 38 66 11 69 101 15 12 32 66 6 41 77 0 35 34 111 118 29 97 82 83 111 99 27 6 103 103 72 63 100 8 122 30 63 7 117 86 101 106 43 55 32 90 115 72 48 57 81 120 75 81 101 8 25 96 106 93 7 56 25 123 7 46 91 56 112 61 13 2 29 
106 29 45 97 71 25 100 74 28 37 67 122 120 104 104 122 1 23 23 74 22 23 58 72 0 118 58 3 78 68 61 53 27 63 116 83 102 67 46 107 61 53 8 109 7 73 74 67 113 108 18 70 88 15 52 58 105 62 77 32 30 20 15 24 82 119 110 72 117 49 118 103 51 74 96 35 43 11 54 24 69 
2 51 70 58 3 116 3 10 54 88 110 90 23 16 108 91 38 51 97 45 29 68 104 66 60 0 30 42 3 113 61 99 20 85 117 6 86 46 48 43 88 90 119 73 17 120 115 65 75 29 24 75 104 4 10 40 91 28 121 46 14 46 20 57 10 109 120 79 25 74 80 12 64 76 103 51 51 69 56 89 109 
117 115 61 60 75 49 97 94 8 38 25 87 58 1 104 104 89 83 41 2 89 79 89 35 70 71 0 7 38 59 41 1 38 75 8 34 85 29 42 20 97 104 63 41 3 37 41 117 96 42 113 85 68 113 15 11 106 6 27 20 74 59 23 97 8 9 26 66 42 58 31 69 124 55 112 31 90 76 99 81 80 
56 31 112 74 24 86 42 82 8 113 29 120 63 74 54 45 11 102 12 82 75 13 112 24 111 78 79 0 31 54 72 113 84 84 117 107 114 115 97 75 34 9 88 20 99 8 3 91 51 41 10 120 18 65 28 99 61 82 10 92 105 53 122 119 99 68 46 109 27 42 76 58 55 43 15 45 69 105 34 8 37 
39 90 79 10 99 66 46 4 49 104 76 7 72 60 112 56 87 71 80 119 19 65 102 9 68 85 42 83 0 16 23 75 69 43 25 9 27 66 123 5 31 112 25 94 97 25 9 70 57 69 8 21 27 70 87 59 123 79 17 77 123 42 82 84 122 111 20 47 13 59 2 56 47 31 28 26 106 101 42 72 58 
107 83 73 44 31 117 76 59 10 94 113 34 5 37 53 100 121 74 119 99 99 68 112 4 18 59 16 66 18 0 120 103 84 115 39 14 86 32 35 31 120 35 9 47 65 3 105 123 49 110 33 116 2 17 22 26 100 19 25 19 102 110 101 71 78 96 78 65 36 24 12 76 92 3 9 98 124 104 22 7 106 
1 116 5 101 66 56 64 32 26 119 53 56 120 13 35 104 12 121 54 86 35 2 32 105 69 99 118 99 70 35 0 75 30 47 44 55 77 91 51 72 38 99 122 26 4 122 62 79 36 16 29 122 98 12 55 3 42 60 44 3 64 115 19 105 66 51 17 60 25 32 78 66 111 81 9 26 76 17 60 88 116 
5 13 8 32 32 108 71 43 11 20 98 106 82 67 53 96 124 124 79 118 41 28 83 99 116 23 8 76 45 50 66 0 123 30 62 30 96 59 111 66 123 35 31 31 19 23 100 16 30 35 22 101 35 97 72 119 62 5 68 40 65 40 88 34 52 36 49 41 57 10 85 57 48 78 26 45 84 69 60 24 113 
42 33 49 98 55 18 7 43 98 64 117 40 58 39 83 66 86 113 89 34 116 92 55 40 28 5 74 26 15 52 53 41 0 45 75 36 81 110 30 32 3 23 81 66 13 102 75 55 90 85 101 57 88 4 56 35 87 70 124 47 74 101 72 46 4 68 109 3 123 32 76 116 55 32 76 43 84 19 90 71 34 
75 121 113 109 88 79 109 115 53 116 107 67 27 81 89 9 109 14 120 40 18 7 93 64 3 103 76 36 94 32 80 54 53 0 4 107 34 108 118 48 85 54 42 92 13 89 49 61 47 47 21 17 55 6 113 114 99 83 13 103 87 99 79 13 100 84 89 115 39 77 24 32 101 112 26 117 112 103 89 115 29 
116 1 53 44 86 55 11 57 94 116 94 12 84 4 63 113 108 81 10 124 54 60 70 82 60 25 61 76 49 70 102 21 11 1 0 34 53 93 28 105 63 51 46 5 36 70 8 4 68 107 11 57 52 74 39 106 117 64 79 75 32 7 62 98 4 108 33 67 69 15 75 36 95 51 107 25 95 63 57 92 23 
63 31 118 32 70 5 116 69 63 92 75 52 64 94 100 32 99 61 16 121 10 121 10 100 86 10 58 9 53 45 116 91 84 115 48 0 6 78 19 52 123 41 37 33 52 78 82 48 53 1 121 123 75 98 22 33 56 111 122 9 1 87 1 67 39 112 80 81 24 13 44 118 74 104 115 74 33 88 85 107 66 
89 68 65 34 20 6 85 17 115 33 31 72 89 88 84 8 31 100 5 115 63 13 58 94 73 82 42 64 5 90 102 106 7 46 1 115 0 119 65 69 112 100 15 54 27 78 64 26 111 124 49 73 8 33 45 36 23 29 70 66 49 119 47 69 37 39 14 109 116 58 10 84 19 119 2 25 89 11 43 13 30 
79 47 58 11 6 116 63 42 11 9 111 54 72 27 101 105 71 78 96 81 17 23 44 24 87 6 100 99 31 27 86 33 117 70 63 30 124 0 12 21 122 111 106 15 14 84 112 9 123 10 69 78 67 26 11 114 56 122 54 27 82 69 99 57 40 59 99 119 112 15 14 124 85 50 121 43 56 51 121 113 113 
87 42 60 70 9 67 64 86 118 105 21 101 85 15 44 38 45 46 81 99 72 36 96 90 69 10 35 121 64 104 45 84 115 90 86 47 37 78 0 46 97 38 109 86 9 10 93 8 91 109 77 89 78 100 86 44 96 35 74 35 119 75 65 118 66 50 4 70 87 47 54 94 91 97 23 112 1 90 36 54 96 
75 41 19 120 49 48 93 22 55 83 18 106 27 102 93 110 45 38 5 27 32 71 46 59 32 98 39 15 94 79 12 49 51 22 91 113 38 25 98 0 104 114 1 53 82 19 58 85 49 6 91 70 35 113 56 106 72 120 98 2 56 15 20 108 23 95 16 60 77 48 71 19 92 113 8 115 73 6 10 99 59 
50 51 19 84 11 70 99 67 64 37 38 116 85 85 12 108 124 41 16 117 82 104 8 10 35 83 86 98 100 40 37 60 27 78 114 54 20 120 13 103 0 11 58 26 85 58 80 60 64 4 21 20 99 84 28 2 30 118 83 104 50 89 49 1 112 95 38 106 18 72 38 11 12 81 43 10 19 82 90 65 31 
7 52 5 95 28 75 70 101 20 76 103 76 36 89 102 115 53 49 110 99 107 123 27 118 65 9 120 50 75 23 25 101 122 122 66 24 67 44 15 82 8 0 73 46 65 75 101 102 111 107 90 48 7 4 7 110 74 97 8 120 33 88 74 49 57 91 59 92 11 104 5 48 20 115 32 107 44 67 83 51 90 
108 73 117 30 64 116 35 33 94 122 69 9 111 55 11 29 91 122 29 118 97 19 46 11 117 95 70 51 43 65 84 109 25 78 24 66 99 77 34 111 90 32 0 84 106 120 20 36 110 116 51 10 72 118 1 85 92 81 113 93 4 24 60 95 47 7 31 100 28 120 36 13 60 47 90 123 7 16 62 43 65 
107 9 78 83 23 50 27 106 75 118 19 32 88 97 76 78 14 27 44 64 117 94 106 34 41 123 4 116 58 109 105 90 70 9 123 59 52 34 91 59 72 98 19 0 123 85 1 117 92 77 21 95 79 86 119 9 3 6 15 113 93 62 31 43 99 37 101 26 74 8 80 42 80 93 105 47 114 20 104 121 2 
112 87 113 17 96 83 108 12 111 9 111 100 107 47 88 72 33 15 87 95 111 63 103 11 95 25 101 63 27 22 47 80 48 79 16 19 98 53 74 81 111 38 122 69 0 74 40 48 18 76 57 96 107 93 8 14 95 94 93 102 77 88 29 77 39 28 40 97 7 6 54 96 38 97 86 71 10 28 3 37 55 
12 39 91 47 43 109 18 19 117 91 63 111 35 18 114 63 5 55 72 62 45 61 46 94 114 10 76 1 108 108 122 97 39 85 33 70 94 85 12 49 88 111 96 6 31 0 74 109 50 123 84 85 69 24 64 15 121 23 86 102 54 103 13 76 114 96 55 93 98 7 121 75 1 78 50 38 51 48 80 87 110 
114 26 60 65 3 65 21 36 83 4 112 47 20 60 114 52 70 116 7 81 38 106 33 72 77 27 9 16 81 120 31 55 101 120 94 24 43 71 115 112 120 16 65 57 43 22 0 120 118 99 78 29 23 11 57 53 44 93 85 41 99 117 92 17 56 70 116 47 119 6 52 49 104 53 55 103 98 23 100 97 54 
68 15 117 67 91 11 23 6 66 16 45 112 111 42 34 34 25 96 19 47 35 114 107 70 72 64 25 66 78 78 105 69 62 11 64 29 104 50 96 110 11 103 19 10 78 55 27 0 96 79 24 113 120 98 116 36 17 107 114 106 73 15 40 114 119 121 77 51 106 48 9 94 21 97 100 34 104 40 44 4 57 
89 67 22 33 87 102 73 116 113 117 77 83 25 13 94 94 117 110 4 35 118 56 121 104 23 124 87 23 78 57 108 55 63 30 59 77 12 30 19 93 98 124 116 23 68 2 25 17 0 7 85 47 72 21 17 4 3 116 52 15 77 97 90 50 27 45 48 42 67 21 23 80 23 11 116 111 32 111 22 115 64 
68 38 76 46 11 53 90 20 5 106 72 50 41 89 110 74 10 24 9 65 6 92 90 72 89 83 101 99 66 96 113 85 7 108 8 54 124 25 101 5 104 109 37 89 60 5 100 24 94 0 82 22 112 104 9 33 17 105 53 93 67 5 8 44 60 31 37 73 24 110 42 20 105 41 122 44 76 32 115 2 60 
61 50 76 70 99 11 69 17 76 63 44 80 39 4 53 77 94 108 25 87 76 88 98 101 45 76 79 14 69 38 72 85 107 13 6 12 112 65 106 79 103 102 106 104 23 64 12 1 118 54 0 106 58 74 48 62 26 89 107 74 89 31 123 55 111 14 39 35 75 69 101 106 110 52 39 17 20 100 86 34 124 
65 2 92 82 100 104 28 28 39 61 107 55 89 103 66 96 61 121 94 106 49 46 83 7 82 64 57 17 44 69 97 38 46 66 55 101 57 2 30 19 60 26 77 10 15 37 28 79 18 12 25 0 54 93 52 81 56 84 101 38 68 34 123 31 80 109 43 5 46 17 101 109 45 116 81 7 77 116 73 81 92 
3 18 2 110 102 84 35 82 113 40 54 111 22 90 21 70 43 63 39 57 67 56 6 35 14 107 28 21 3 4 83 39 107 42 117 86 88 72 4 64 48 45 6 50 87 73 30 108 97 66 61 49 0 12 98 4 5 58 90 33 32 96 34 21 106 71 78 22 11 32 37 15 16 124 88 57 91 16 83 85 55 
17 54 107 57 99 26 71 42 67 7 107 54 63 98 121 3 43 121 82 5 108 21 107 124 96 12 56 92 43 98 52 124 32 101 67 72 61 23 124 24 78 8 86 87 39 75 108 56 2 15 112 105 54 0 122 82 104 47 57 114 22 5 33 36 117 123 54 114 104 60 84 39 82 86 28 73 43 118 86 123 35 
99 83 80 89 41 121 78 19 124 49 21 16 75 36 52 39 58 71 81 9 29 60 124 68 9 118 91 53 27 74 82 67 45 56 50 19 75 42 66 40 105 55 93 26 17 117 16 45 87 74 43 65 33 58 0 47 36 70 124 120 116 58 89 15 58 121 52 28 58 2 114 1 96 74 75 97 111 80 22 59 40 
78 5 85 64 32 69 44 88 11 28 115 67 75 31 93 100 100 62 34 57 17 52 37 68 115 103 109 41 98 10 49 91 105 35 46 117 107 93 30 87 95 56 110 76 45 49 70 67 87 111 103 50 66 105 16 0 95 24 2 57 79 35 81 7 13 11 102 45 86 54 124 16 13 108 56 30 51 90 80 78 60 
4 81 34 119 101 79 34 23 45 79 19 41 123 11 15 22 96 108 76 103 113 94 77 49 3 23 48 86 27 109 59 23 23 71 50 102 96 61 64 104 94 68 6 99 88 77 22 111 40 35 25 32 122 60 22 98 0 88 43 59 19 69 123 30 64 22 52 88 54 57 8 39 12 107 114 122 108 65 90 27 29 
124 15 93 24 84 27 71 33 120 69 14 105 15 41 60 62 44 15 1 68 94 71 32 118 29 118 124 66 35 124 82 37 92 97 120 59 85 3 78 32 16 10 14 47 48 104 46 45 34 3 64 17 37 56 99 93 91 0 98 7 3 106 104 58 73 10 91 16 87 58 78 90 87 74 92 78 75 80 95 54 85 
93 56 75 38 51 55 86 13 40 14 85 120 122 37 68 66 89 10 18 27 109 121 62 40 57 82 96 37 122 10 40 100 4 52 16 90 48 96 73 84 121 75 101 30 48 117 32 49 35 16 36 119 52 111 38 117 5 49 0 105 59 104 51 12 20 5 65 38 67 122 71 108 74 87 50 23 45 27 82 99 104 
73 80 46 91 26 121 3 21 94 23 52 12 25 75 82 99 97 28 108 54 40 31 8 104 102 65 62 50 72 45 21 93 34 106 45 15 58 90 39 37 94 48 52 45 10 97 105 116 105 39 116 45 102 102 46 73 70 79 13 0 99 35 6 54 99 19 53 75 92 2 13 30 19 18 67 48 1 95 82 116 116 
47 108 67 96 111 80 26 29 81 19 123 36 100 56 110 2 105 82 100 73 40 92 41 40 22 40 118 66 74 58 41 21 56 44 123 6 120 107 92 47 74 39 33 113 47 64 59 81 25 47 22 49 37 105 114 60 105 40 40 43 0 23 17 114 108 38 63 83 45 65 80 73 58 81 81 95 28 66 91 49 81 
55 60 123 51 49 1 12 48 67 94 58 1 56 10 94 14 86 57 16 15 1 71 44 73 28 82 30 108 45 120 99 88 9 69 19 83 101 50 74 95 84 26 21 23 26 87 89 55 78 15 41 91 51 72 14 95 98 106 100 46 40 0 2 93 33 59 49 79 85 69 73 5 52 89 13 34 98 83 84 108 75 
48 1 29 91 73 42 35 24 29 18 92 103 14 18 63 72 22 92 19 80 68 32 63 82 98 61 35 124 120 15 92 34 81 8 69 98 109 15 46 107 77 78 5 24 116 123 29 79 29 117 16 53 81 51 67 11 58 77 106 123 22 51 0 114 25 57 105 42 109 15 81 69 111 73 5 4 90 31 90 41 120 
32 87 1 41 44 55 118 82 87 44 64 88 38 80 5 34 71 102 58 23 20 10 32 70 98 43 22 40 115 27 124 58 34 116 24 53 120 120 108 50 69 109 37 51 25 95 122 50 85 29 81 73 62 63 48 92 66 48 96 6 39 109 8 0 100 111 41 35 83 70 102 120 10 76 30 68 118 56 59 70 90 
62 111 19 97 116 39 25 48 38 33 45 103 124 120 100 66 14 100 78 74 121 99 21 21 64 36 34 67 108 73 29 47 55 108 36 85 25 103 99 76 29 27 17 97 80 70 72 103 78 18 93 107 58 109 97 113 16 49 73 36 30 39 40 107 0 6 99 103 112 120 69 41 8 116 80 32 95 50 60 60 17 
93 13 91 65 90 80 23 80 82 56 7 79 65 1 23 60 69 64 28 110 32 4 33 75 58 46 49 84 1 111 94 49 97 73 48 35 93 79 50 80 88 113 93 94 36 42 91 29 70 9 107 87 71 27 57 19 7 122 91 83 8 69 20 69 8 0 94 118 105 65 64 22 105 58 5 20 79 81 110 10 65 
26 58 32 26 51 68 66 81 29 74 18 116 80 39 86 17 6 6 58 98 92 104 46 16 38 123 55 2 85 93 4 5 16 77 55 44 71 56 80 122 75 17 27 123 42 51 19 104 118 106 96 4 112 55 96 8 87 115 110 102 72 57 115 17 22 115 0 119 67 100 23 84 53 17 107 100 84 47 59 90 107 
85 41 118 108 74 19 36 76 116 119 100 104 24 10 42 87 27 85 30 61 81 68 59 53 111 39 1 122 12 35 44 2 47 36 63 39 49 5 103 122 50 79 122 49 62 70 54 116 75 31 43 116 105 15 94 11 74 69 81 107 57 41 42 52 55 88 60 0 92 55 9 60 17 82 81 50 41 94 98 78 110 
84 19 108 2 76 71 1 100 110 84 104 79 28 14 49 124 2 11 100 32 98 111 70 79 34 9 22 10 70 47 65 15 26 121 40 118 121 113 20 47 16 78 117 11 117 122 80 92 97 52 39 15 7 88 78 105 41 47 83 48 30 3 7 2 42 6 16 28 0 91 120 98 53 104 66 39 5 28 118 73 113 
62 76 62 103 66 110 109 37 88 19 20 9 101 119 23 44 61 105 63 82 25 29 79 97 87 4 88 87 100 16 98 30 123 119 38 30 61 89 53 42 59 57 108 48 21 89 23 88 83 95 68 88 100 27 23 106 33 108 80 100 13 9 53 55 45 88 61 96 66 0 49 38 80 87 63 58 33 56 13 42 15 
78 26 109 67 73 123 124 7 67 80 43 82 8 49 29 63 34 108 65 38 87 26 66 124 38 42 108 103 59 107 74 71 53 44 104 27 38 8 81 11 57 65 9 58 75 54 79 122 103 70 48 95 112 64 19 112 120 63 27 114 117 41 34 12 98 35 51 29 61 105 0 51 29 24 81 92 11 2 11 66 43 
20 123 6 98 89 123 10 66 52 84 109 5 33 6 83 25 91 99 111 42 16 1 33 50 62 12 122 34 99 14 71 69 79 18 11 100 113 23 65 17 66 66 71 52 39 71 68 106 63 124 26 48 5 121 14 25 106 98 4 12 62 42 104 47 47 15 32 91 77 123 87 0 34 12 113 49 40 111 72 79 45 
98 94 11 22 76 35 119 85 116 56 70 86 3 74 91 114 99 9 38 72 88 55 68 94 15 112 19 32 47 124 95 100 32 116 20 77 96 111 55 32 12 1 17 15 61 99 79 35 113 17 2 20 86 32 13 19 58 41 64 121 46 13 105 92 71 70 22 38 39 123 117 33 0 57 5 101 107 14 97 108 86 
41 18 2 23 23 97 85 40 89 3 29 72 57 77 117 60 64 58 92 94 68 41 29 41 41 49 51 55 9 28 94 92 26 106 10 112 43 101 112 37 97 113 60 104 83 9 42 74 53 66 3 25 23 45 9 29 17 104 84 104 58 87 58 48 96 9 7 12 9 49 32 44 66 0 80 5 106 118 7 8 86 
103 52 103 120 96 63 124 98 53 33 63 105 81 52 80 85 79 35 100 119 110 110 31 98 12 120 86 65 40 87 89 60 51 76 95 87 15 114 56 60 25 103 57 1 16 83 28 123 119 35 73 50 5 27 4 118 124 72 45 55 61 37 67 60 33 88 91 96 38 87 93 43 22 76 0 56 24 5 118 123 74 
36 106 13 10 69 55 76 76 46 68 3 2 24 24 69 88 122 78 6 16 55 110 124 7 77 84 13 90 61 91 122 51 50 15 84 106 113 122 52 85 110 66 63 45 74 50 50 6 65 120 113 8 3 91 105 96 121 71 120 111 54 64 40 49 81 81 97 30 119 55 101 12 42 16 46 0 66 9 23 17 120 
105 57 117 92 102 30 117 46 14 100 21 73 42 97 87 15 92 34 11 101 81 59 120 104 65 124 78 9 17 97 25 40 29 84 23 75 43 91 10 99 64 54 98 52 57 14 100 89 18 5 22 25 52 111 67 87 107 29 68 108 7 13 116 67 78 63 19 7 16 74 120 19 73 76 114 13 0 64 85 89 18 
93 45 89 96 73 28 61 72 20 93 75 46 25 97 56 17 68 42 10 118 57 13 23 106 109 63 119 98 5 46 11 52 65 5 14 7 19 122 2 53 105 27 72 115 16 16 107 30 93 38 80 83 90 25 87 117 99 32 57 39 24 99 75 121 90 42 50 115 64 86 70 92 113 79 113 111 108 0 90 25 20 
87 69 26 118 78 39 33 93 38 47 10 59 24 119 88 124 101 70 72 17 19 31 82 118 103 111 24 94 69 121 9 95 90 92 22 25 42 8 54 124 12 7 115 108 95 123 95 115 22 39 65 16 5 105 32 107 112 60 61 42 77 5 42 60 103 72 4 39 22 2 14 1 123 53 16 82 99 37 0 25 18 
65 102 60 96 73 103 14 43 3 1 110 71 116 58 9 99 85 89 23 1 75 50 64 114 19 40 29 57 114 4 98 35 55 112 73 68 52 33 62 8 50 91 41 18 50 58 122 87 88 56 16 56 92 76 36 4 73 11 9 86 103 5 7 97 62 66 97 78 98 87 90 106 81 71 50 5 104 9 43 0 120 
5 68 34 89 99 50 1 62 76 58 90 88 1 44 12 110 11 61 6 115 69 35 57 117 68 32 107 81 14 105 50 95 74 77 67 123 8 31 119 53 20 68 12 24 92 60 113 18 9 19 32 116 38 89 18 113 119 60 80 29 75 105 6 29 23 49 46 120 102 18 119 20 116 85 52 4 110 39 98 89 0 
