n: 80
m: 2
Pi:U[1-99] 61 7 65 43 11 23 56 59 99 98 30 61 33 26 96 92 87 95 79 92 89 78 25 31 76 76 77 99 14 63 81 47 58 77 26 84 51 57 31 28 77 40 54 55 33 47 34 92 34 67 45 97 42 69 79 19 80 23 56 11 9 60 24 5 7 45 46 80 53 29 55 81 86 50 56 27 65 23 11 9 
Si:U[1-49]
0 24 25 1 26 23 20 8 12 14 10 49 36 49 37 19 16 45 40 49 31 49 49 19 34 28 1 49 49 49 34 34 13 49 3 39 21 22 18 18 49 49 49 33 1 49 45 49 49 49 43 49 49 49 49 25 21 30 49 49 42 49 49 48 49 43 49 12 39 49 31 18 18 39 49 49 49 31 49 28 49 
0 0 24 16 6 12 9 26 26 23 13 28 49 48 18 46 24 39 6 9 10 27 9 37 42 16 40 13 6 49 49 24 46 49 49 40 10 24 3 49 22 31 33 22 3 36 49 33 13 4 42 3 1 3 18 49 43 34 49 24 49 36 43 19 10 10 49 46 49 25 49 15 49 43 49 49 9 33 49 24 21 
13 9 0 20 14 31 0 20 30 4 49 49 49 19 27 49 45 18 49 19 25 36 45 40 42 16 1 6 1 30 28 15 16 16 46 49 36 37 49 49 15 49 3 49 49 31 10 42 33 49 13 49 46 15 18 13 24 49 46 46 33 1 33 30 49 49 49 49 45 27 12 15 21 37 49 31 3 42 6 7 13 
27 24 3 0 28 19 6 31 28 32 18 15 25 12 49 49 42 49 49 1 18 36 34 49 16 18 49 9 45 27 40 49 31 45 45 28 49 48 40 42 48 49 43 12 9 49 33 27 25 36 45 28 31 18 49 49 7 49 34 49 37 43 49 49 31 4 18 49 49 22 40 49 28 28 40 27 49 49 36 3 34 
2 9 26 10 0 6 12 25 32 23 49 49 49 49 49 28 3 46 49 49 49 49 37 24 42 1 18 33 43 49 46 49 15 49 31 49 24 49 18 19 22 49 49 34 49 15 4 28 49 49 27 39 6 49 49 40 43 49 39 18 25 49 49 27 27 15 42 25 49 13 27 12 49 43 49 25 3 42 49 19 49 
7 28 12 6 14 0 17 29 16 30 49 31 25 13 49 49 25 3 15 39 24 22 28 49 37 25 49 7 27 13 49 3 49 49 49 49 40 48 30 49 49 13 33 49 33 49 49 9 22 36 49 49 28 30 21 37 49 6 15 33 18 49 21 16 25 24 46 49 30 49 49 1 46 49 10 49 1 49 27 49 34 
4 28 11 32 6 19 0 28 23 10 49 49 25 49 39 49 24 3 9 16 30 49 49 36 15 49 42 10 33 49 49 49 18 40 19 21 7 4 21 25 49 6 45 45 46 39 37 12 9 40 28 21 30 48 49 19 49 24 49 40 30 30 25 25 7 7 25 1 16 4 49 28 15 19 36 49 1 46 24 18 24 
23 25 25 31 18 29 16 0 16 2 33 49 18 30 13 21 7 42 25 13 10 10 49 25 49 22 49 49 18 1 4 37 9 49 49 13 49 24 4 10 45 3 49 12 49 49 6 49 36 49 49 6 15 43 42 4 49 18 15 49 12 49 49 49 13 12 25 27 49 24 49 9 37 1 27 46 48 25 45 4 49 
20 13 8 21 7 18 4 8 0 29 39 9 9 49 30 36 33 43 13 21 49 46 6 49 49 33 3 37 24 24 36 49 16 43 49 4 19 49 37 48 39 13 34 39 49 24 22 6 49 49 37 3 49 37 49 48 49 49 25 25 27 36 10 49 21 49 49 6 49 9 49 48 36 49 30 36 49 3 24 39 4 
28 21 1 9 12 22 2 18 3 0 49 39 49 49 49 9 30 15 49 28 27 4 49 49 49 49 4 22 3 49 49 12 49 28 31 46 4 49 49 49 28 49 24 22 49 24 15 36 21 30 49 9 39 49 49 49 49 9 31 25 43 49 7 40 16 27 6 39 49 49 49 12 46 10 49 3 49 49 40 49 33 
6 16 49 39 30 25 33 3 49 40 0 4 20 4 1 32 10 24 20 29 49 48 42 42 1 43 49 22 15 15 49 37 9 42 3 18 49 46 45 49 49 9 42 49 9 49 49 25 49 45 49 24 49 49 27 49 25 7 49 49 28 21 49 49 49 40 27 49 42 49 33 49 24 49 28 22 49 12 18 49 30 
48 49 43 16 30 31 39 34 21 45 11 0 10 25 28 32 10 31 4 27 49 37 49 49 7 48 49 3 49 4 49 49 49 21 49 49 6 1 34 12 49 9 7 31 49 6 49 16 28 19 27 49 13 49 9 49 49 31 49 49 10 48 19 37 9 10 49 49 49 49 49 48 13 49 49 39 28 49 31 6 43 
13 49 27 49 49 45 49 49 19 22 2 31 0 21 8 16 6 25 15 13 18 42 43 33 49 7 33 49 49 36 7 24 19 34 19 49 49 43 24 37 49 48 48 49 49 49 49 13 49 31 49 49 43 46 39 36 43 43 18 36 49 28 33 27 49 42 18 31 24 49 30 49 27 49 42 42 49 10 31 37 37 
49 49 6 49 4 15 49 12 49 7 14 7 6 0 3 23 26 5 1 23 49 45 49 37 49 49 31 43 4 4 3 49 12 49 31 25 45 30 45 49 49 49 36 12 49 18 49 49 3 46 49 49 22 30 49 7 49 1 27 49 18 6 49 6 12 13 42 4 28 27 6 49 6 49 49 49 49 49 33 49 49 
7 43 28 6 15 7 49 49 7 49 24 8 26 4 0 20 25 18 32 10 9 43 36 49 22 37 49 10 49 49 49 12 39 46 22 49 16 18 46 13 19 3 36 15 31 6 31 49 43 49 49 49 49 39 25 39 49 40 39 3 30 39 9 7 13 49 21 6 49 49 49 49 49 33 1 34 22 7 39 10 45 
49 49 16 15 49 49 6 49 49 13 22 2 6 1 30 0 32 6 12 23 49 49 10 46 25 49 49 22 7 10 49 49 6 49 49 48 36 48 22 19 13 25 27 49 33 49 49 25 49 42 25 25 49 7 24 49 33 42 49 46 49 49 49 49 49 49 4 49 49 49 42 13 25 49 49 33 22 27 49 25 42 
18 31 7 49 46 49 36 49 49 49 23 22 14 14 14 6 0 22 16 9 15 13 49 4 10 31 48 24 39 34 40 27 9 49 28 49 43 49 49 43 27 21 43 28 45 49 45 18 42 48 22 49 19 49 6 49 39 49 36 10 21 48 6 18 36 49 49 49 31 49 22 49 49 10 49 49 48 49 49 49 3 
49 49 43 49 49 40 3 48 43 49 22 18 10 16 24 13 1 0 19 8 49 34 49 39 49 6 39 49 9 49 21 45 34 6 3 49 49 45 18 46 6 4 34 6 24 39 31 49 49 49 49 43 46 49 49 49 49 49 12 28 18 33 42 25 49 19 37 10 49 24 28 40 49 39 49 49 7 30 24 49 18 
49 49 7 49 42 7 49 33 49 6 22 26 0 6 27 17 30 8 0 12 49 21 19 49 34 36 49 49 49 49 49 43 3 49 21 25 6 49 13 33 49 49 49 37 25 15 21 3 18 34 12 49 49 40 19 40 49 49 49 12 19 13 49 25 18 49 33 49 31 1 49 49 49 9 18 28 33 22 49 10 6 
49 1 49 1 21 49 7 4 49 49 16 6 2 16 10 4 22 31 1 0 22 37 9 42 49 40 24 28 6 49 13 12 49 1 31 6 49 10 15 34 49 40 49 15 49 10 33 22 45 34 49 12 36 49 37 46 49 45 6 28 49 34 33 49 49 30 4 16 7 42 40 49 49 49 40 49 49 49 49 21 49 
6 49 28 49 49 30 25 34 49 37 49 27 24 37 15 27 13 42 42 12 0 13 27 9 26 8 26 23 17 5 22 22 21 1 48 49 42 1 49 3 49 1 28 31 3 42 27 21 49 49 13 49 28 49 48 49 39 28 39 49 13 16 49 49 19 18 13 4 21 15 1 49 43 22 22 22 7 49 27 22 1 
3 45 49 49 16 49 49 49 18 48 13 3 7 49 15 33 49 27 49 31 2 0 14 5 0 16 7 6 0 9 49 49 49 49 49 40 6 3 10 18 30 49 27 36 27 49 49 3 21 49 4 49 16 49 49 49 49 49 10 49 12 43 19 18 49 15 49 36 25 30 19 49 49 48 28 49 49 15 40 43 43 
25 33 33 6 13 49 43 39 9 13 22 49 49 49 49 9 30 49 24 1 8 29 0 21 6 28 8 4 28 17 21 1 49 49 49 49 34 49 36 40 49 45 40 19 28 18 9 49 45 37 27 22 16 18 49 49 13 19 34 28 49 40 49 13 3 34 18 48 1 33 24 18 49 49 49 16 49 45 22 49 27 
33 42 49 49 49 21 37 43 27 49 46 49 30 48 49 34 40 7 49 13 6 4 8 0 8 22 8 3 20 10 28 18 40 49 49 42 21 49 25 24 49 1 49 19 16 49 49 49 28 21 37 49 28 49 48 42 49 42 19 27 34 49 3 7 22 49 28 46 49 43 39 25 42 49 48 22 7 7 45 22 24 
45 37 7 28 49 49 49 27 34 10 9 49 39 45 49 3 49 49 49 31 21 23 23 13 0 21 6 22 2 27 16 49 49 49 37 31 24 42 49 15 27 6 49 33 49 4 22 1 4 33 49 22 13 24 12 49 27 49 49 49 40 49 42 49 37 49 21 21 18 49 36 49 28 31 43 49 49 21 22 31 24 
49 49 49 39 45 9 45 31 49 49 48 49 13 37 49 49 49 27 34 22 8 21 28 2 32 0 31 22 14 20 24 45 42 21 31 49 48 6 49 49 43 36 42 49 21 42 49 49 39 12 49 49 49 4 49 40 22 21 49 34 49 49 49 49 49 9 10 48 30 49 49 49 4 49 10 43 46 12 30 49 9 
48 27 15 4 49 33 1 4 42 25 19 19 30 31 49 49 42 15 39 22 18 32 6 14 20 3 0 27 26 0 9 18 30 46 24 28 31 49 40 21 1 22 49 21 49 49 49 45 39 28 7 10 6 49 49 36 25 24 24 33 49 1 13 33 31 21 46 43 33 30 18 7 25 36 49 19 40 49 36 49 30 
49 49 49 28 22 49 18 33 28 24 40 33 49 18 40 40 49 49 3 34 12 26 26 12 21 4 30 0 8 28 49 25 49 49 49 24 31 49 49 3 15 12 49 31 49 24 19 10 36 46 3 13 49 49 37 46 36 15 27 49 49 31 28 40 9 49 49 34 16 18 10 15 48 45 49 30 49 18 48 30 24 
30 28 1 24 31 12 19 40 49 49 49 36 12 42 49 16 49 49 15 25 20 29 2 3 4 4 18 7 0 19 21 49 7 49 40 12 19 49 9 18 7 3 31 45 36 49 36 49 43 18 49 31 49 49 49 37 34 16 6 34 13 49 7 49 48 22 1 34 49 19 49 24 15 12 49 3 49 21 49 49 36 
25 37 49 46 16 3 49 36 40 42 42 16 1 49 28 49 1 6 37 49 27 17 30 8 2 16 2 23 24 0 3 33 24 24 49 3 33 31 49 49 49 49 4 49 49 21 49 49 6 10 49 49 22 45 49 28 10 40 4 4 33 15 49 6 49 49 49 49 15 1 19 33 16 40 45 33 28 49 19 16 21 
49 13 18 49 33 49 37 7 49 49 46 49 10 49 28 49 43 31 49 15 34 49 6 49 49 33 16 49 36 49 0 4 24 9 26 16 30 6 20 2 19 16 34 3 49 49 49 49 49 45 9 22 34 48 24 33 49 49 49 18 49 37 28 48 49 31 15 49 16 49 27 39 31 18 34 39 6 40 48 49 34 
4 33 1 49 43 16 28 7 43 39 9 49 46 49 34 28 49 10 19 16 3 12 49 49 22 25 49 31 42 28 22 0 14 28 32 29 23 28 30 18 31 40 9 49 49 49 36 34 48 37 15 49 30 4 12 48 31 49 49 49 49 42 49 25 39 42 15 24 36 19 49 39 16 49 25 49 49 34 28 12 48 
49 30 37 48 49 37 10 49 7 49 36 3 37 16 49 49 6 49 33 7 12 49 49 3 48 49 22 49 49 37 17 22 0 32 20 0 31 5 3 12 49 25 49 19 12 40 3 49 12 30 3 36 49 49 49 27 49 49 49 49 34 36 49 49 18 30 49 49 49 19 37 25 46 49 21 49 21 43 49 3 9 
40 33 49 25 40 40 28 9 28 49 49 39 49 22 48 3 13 18 49 39 49 21 6 36 9 12 49 49 49 31 18 11 11 0 20 32 4 18 17 12 34 49 49 21 37 49 49 24 1 49 9 49 49 42 42 37 36 43 49 39 49 46 33 40 12 49 49 49 34 15 19 45 10 43 49 15 1 37 49 25 46 
43 40 49 33 49 49 46 49 49 49 49 49 49 49 49 43 19 24 34 49 27 43 19 12 49 7 49 12 49 1 24 28 8 26 0 10 22 3 10 28 49 49 49 48 43 49 24 49 18 7 3 49 16 36 49 39 49 37 43 49 42 49 49 12 49 49 49 10 22 36 6 48 13 49 49 49 10 36 49 49 42 
33 30 45 49 27 49 33 4 4 16 42 39 19 49 49 49 28 25 45 28 43 9 49 37 10 49 49 49 33 33 18 25 24 14 16 0 19 4 31 27 49 18 27 10 12 30 22 49 15 34 49 48 48 49 33 25 21 31 1 46 49 48 27 49 28 34 21 49 30 49 15 30 49 18 18 49 19 24 12 6 49 
49 37 3 12 18 34 28 31 49 49 18 49 10 49 6 1 49 4 49 27 48 49 13 49 31 49 9 1 1 49 6 32 10 12 14 12 0 2 16 2 49 22 45 49 9 36 18 6 49 22 49 15 24 3 49 42 39 28 36 33 15 15 6 45 28 31 36 49 19 10 49 39 36 49 19 18 21 49 16 49 28 
9 49 33 19 7 37 49 28 24 43 49 37 30 34 30 49 45 6 49 9 34 49 49 39 49 49 49 31 6 49 23 4 18 15 30 31 24 0 30 32 22 4 46 7 31 7 49 49 28 25 15 49 49 49 49 46 15 24 49 28 37 49 15 24 4 28 49 49 13 27 49 49 28 49 31 49 48 28 7 49 33 
18 7 48 49 49 43 9 34 18 4 49 49 39 49 6 49 49 46 22 21 21 46 49 49 25 12 30 49 18 19 16 31 32 28 2 32 17 23 0 22 49 49 49 12 49 7 49 49 49 1 49 49 28 49 40 49 48 6 49 39 22 49 37 49 49 13 6 49 49 3 24 25 39 49 25 16 49 33 31 49 33 
7 49 49 13 49 13 10 18 25 6 37 9 49 9 43 49 15 22 49 16 49 49 15 40 37 49 36 37 27 36 12 14 8 12 7 27 30 29 25 0 49 16 49 19 3 49 12 45 49 37 49 49 12 49 21 13 1 49 43 6 48 15 46 49 49 48 48 49 49 18 12 24 25 3 31 49 49 49 33 49 31 
24 16 33 16 49 24 37 36 9 46 49 49 34 49 49 49 49 15 46 7 16 49 48 9 49 49 12 49 49 30 42 49 22 22 46 7 13 9 49 48 0 12 18 23 28 18 16 31 13 11 22 42 24 48 10 49 25 48 4 3 46 40 4 42 49 12 18 16 4 7 30 21 34 49 13 49 49 10 3 19 9 
10 24 48 37 49 28 16 33 21 49 39 34 49 37 37 37 49 3 43 49 40 31 42 28 6 49 49 18 49 25 18 49 16 49 7 6 49 12 34 25 4 0 6 11 6 25 30 22 26 2 4 33 12 49 10 49 12 4 49 19 6 49 33 9 19 37 49 10 40 31 33 49 46 10 49 15 9 12 43 45 15 
15 33 16 6 40 49 19 34 49 25 49 45 16 49 37 9 49 31 49 3 28 49 7 46 49 49 1 40 46 24 49 27 19 48 40 49 18 16 7 37 32 18 0 32 21 4 10 25 10 30 49 43 27 49 25 16 27 4 25 28 49 24 49 49 43 4 36 37 49 43 37 49 15 27 40 24 21 37 21 39 39 
9 4 49 4 40 15 49 15 39 33 7 16 39 21 16 49 1 49 49 1 49 46 7 49 49 27 49 4 43 49 39 25 49 4 49 36 18 49 19 39 32 25 13 0 24 7 31 4 20 26 49 31 49 49 49 49 31 49 28 19 49 30 6 27 30 49 46 49 34 49 1 6 49 49 10 4 34 49 34 49 49 
21 49 49 49 46 10 6 24 7 49 16 49 49 49 15 1 45 49 48 22 25 33 40 49 48 22 40 4 42 49 49 36 49 49 37 49 49 21 34 9 5 21 8 9 0 18 21 26 18 5 34 49 1 15 49 49 1 49 46 45 27 4 49 18 49 19 49 49 28 15 36 49 49 49 10 3 46 6 3 7 49 
49 13 42 49 46 45 49 49 45 49 49 48 3 24 16 19 42 49 49 1 46 4 43 49 49 49 10 49 48 19 49 18 49 15 22 16 24 46 49 48 1 1 22 13 28 0 22 25 26 23 49 46 49 27 49 22 31 9 7 12 18 21 49 49 37 49 6 16 49 49 49 49 18 13 22 28 19 42 49 49 15 
34 48 16 49 49 22 49 3 49 7 49 49 49 46 7 49 3 49 49 49 18 49 40 49 49 49 21 42 49 25 6 49 49 10 16 30 9 49 22 24 15 10 17 28 20 8 0 2 23 1 37 49 49 49 15 48 12 10 39 25 49 49 25 46 49 43 37 7 34 24 15 30 16 15 40 49 1 46 49 49 37 
6 49 37 10 22 9 49 24 24 49 49 49 15 43 13 1 24 49 24 45 49 28 49 49 4 49 22 49 16 49 16 49 9 4 15 49 49 40 49 49 10 7 24 30 27 14 12 0 13 20 39 6 13 49 34 49 33 49 24 49 1 48 46 49 49 46 22 45 22 7 4 34 43 39 49 33 15 49 49 18 21 
49 37 49 49 49 10 25 13 49 49 42 49 48 49 6 12 49 49 49 25 49 42 49 6 21 49 9 6 49 7 33 49 49 27 40 43 4 12 24 9 11 4 0 16 20 26 29 0 0 6 33 49 49 31 49 49 49 24 7 49 42 10 49 49 49 49 7 49 49 49 49 13 49 49 49 49 42 49 49 37 13 
4 1 21 46 30 33 25 13 49 37 49 49 22 46 49 39 4 37 49 49 46 42 49 49 42 43 43 43 10 25 49 13 46 42 12 39 30 31 37 49 10 2 5 29 6 18 18 3 12 0 49 49 7 28 9 37 13 49 36 49 40 19 49 25 31 33 22 25 15 6 25 49 49 49 24 24 49 49 21 42 49 
49 49 9 12 49 42 18 31 9 49 49 42 49 37 49 13 28 40 49 42 27 48 49 15 49 46 42 25 49 49 25 27 49 49 21 49 1 39 48 3 6 25 30 15 37 49 46 13 13 49 0 12 0 28 19 6 15 2 8 16 36 19 49 40 39 49 4 49 30 36 22 49 9 45 1 31 43 49 31 42 1 
49 49 49 49 49 49 48 18 48 49 48 1 27 49 49 39 46 49 39 49 16 7 49 18 22 6 49 10 1 34 24 40 9 39 22 21 30 21 24 42 49 9 19 36 7 43 19 7 6 43 4 0 24 17 12 26 24 29 4 7 21 3 49 42 9 36 49 6 30 10 49 6 37 49 4 22 33 49 22 42 1 
15 49 49 49 49 40 48 18 33 6 12 15 40 49 31 49 10 49 3 10 37 43 24 34 4 25 49 39 13 30 12 49 49 49 10 4 49 49 1 21 39 43 28 46 7 15 49 45 49 49 0 28 0 14 23 30 17 12 13 30 27 49 1 42 22 49 49 24 43 49 49 9 49 10 10 27 49 21 49 33 49 
25 19 49 49 49 16 46 49 49 33 33 24 49 49 18 22 49 30 49 49 19 34 49 1 49 33 49 21 16 48 4 9 49 49 9 49 28 31 49 12 31 49 49 7 16 9 25 22 49 49 2 30 3 0 26 11 8 2 9 26 24 49 45 7 39 34 49 49 42 49 28 3 34 49 30 28 10 30 16 28 46 
1 27 30 4 21 49 39 49 9 31 49 49 4 49 18 10 49 49 42 49 49 39 25 49 49 49 49 1 49 42 49 37 49 49 46 10 19 28 16 42 49 19 49 30 25 13 49 28 12 49 20 22 8 0 0 11 10 18 10 30 7 1 49 7 25 3 49 49 12 43 24 1 3 43 4 7 48 9 28 40 4 
45 49 4 49 49 49 24 31 19 22 49 15 24 30 46 49 9 34 12 24 49 19 13 18 49 37 30 49 49 34 36 48 28 46 13 21 16 6 3 28 49 45 28 49 46 45 6 37 1 13 12 2 13 30 22 0 0 28 8 17 49 7 49 42 49 25 49 22 19 37 6 49 49 49 49 15 49 22 12 49 27 
30 3 27 28 10 49 46 49 45 6 46 25 49 40 6 42 39 42 49 49 25 34 4 49 49 39 10 49 42 48 31 49 42 49 40 49 49 36 39 49 49 30 3 39 49 46 21 34 45 4 21 29 12 10 2 20 0 24 23 10 36 16 22 43 49 40 39 49 3 49 4 7 49 1 49 49 24 36 6 34 3 
43 31 49 33 19 36 49 49 4 22 40 15 34 37 1 10 49 6 48 13 43 49 40 12 49 49 34 13 21 30 30 49 19 49 6 9 49 45 25 28 18 30 48 31 34 37 19 24 13 36 10 10 20 25 24 6 7 0 11 4 49 49 1 49 30 49 49 45 33 49 15 15 36 31 49 49 19 48 18 40 25 
27 49 9 49 49 34 37 49 49 49 3 7 1 49 49 49 6 49 22 48 36 12 21 49 40 6 49 36 19 43 49 12 49 3 48 39 36 49 24 49 34 13 27 34 25 49 49 10 49 10 3 19 18 28 32 32 31 32 0 2 48 34 24 25 49 24 49 24 9 31 34 49 12 42 49 48 45 49 25 49 13 
18 49 49 36 1 49 27 39 49 49 49 15 33 10 48 49 40 22 37 49 49 42 39 13 49 37 10 42 49 25 49 49 49 49 27 34 49 30 49 1 49 49 12 39 46 49 28 49 48 24 16 28 7 9 19 17 28 22 10 0 49 49 49 7 49 49 49 24 49 39 49 49 7 49 43 25 42 9 33 49 49 
19 49 46 49 46 49 13 36 13 22 13 15 7 1 49 13 49 25 18 9 45 30 21 49 49 46 27 16 10 49 49 24 49 45 25 49 49 7 49 13 22 37 49 13 19 39 33 49 31 28 9 36 39 45 12 49 15 34 1 49 0 30 23 30 13 5 18 8 2 14 34 49 15 15 49 49 49 9 1 10 37 
43 49 49 40 40 1 49 39 28 3 49 15 28 27 33 1 3 39 46 49 49 6 49 3 31 1 49 49 39 27 49 49 22 24 18 25 9 42 46 19 9 49 49 36 15 37 15 49 3 49 12 49 34 49 15 49 49 27 3 22 29 0 7 16 18 15 32 26 10 6 22 28 49 15 49 49 12 10 49 6 49 
49 6 30 40 39 28 16 49 28 1 19 49 30 34 3 49 43 24 1 25 6 19 13 3 22 22 48 4 24 36 49 18 49 49 30 43 31 49 45 19 49 25 49 33 42 49 19 49 49 3 49 42 16 12 49 24 49 30 43 49 16 9 0 31 28 9 2 16 6 26 36 25 49 25 16 43 40 49 48 49 49 
18 49 48 49 1 27 49 15 37 18 37 49 42 49 49 37 1 49 7 49 39 10 25 10 10 48 22 19 49 49 24 49 6 49 10 15 49 12 40 49 49 49 49 30 49 49 30 18 27 6 49 49 49 9 49 49 4 49 4 49 28 1 0 0 6 4 2 14 13 32 49 37 49 7 27 18 49 4 49 49 30 
37 4 1 45 18 49 36 13 31 22 22 21 15 49 49 39 24 9 49 49 1 33 6 39 49 10 7 21 45 49 24 37 25 1 49 13 4 21 49 49 12 40 37 10 34 24 49 42 49 16 46 46 39 21 49 39 46 4 49 12 1 26 24 24 0 8 18 10 7 7 49 49 49 4 33 12 49 12 49 49 3 
49 12 33 12 4 46 48 49 46 34 49 49 49 30 6 48 12 30 39 31 24 49 49 28 49 39 49 49 49 3 40 45 28 49 49 27 42 49 36 30 22 48 21 24 34 25 49 48 33 24 36 18 15 49 49 4 39 49 24 36 22 5 3 17 20 0 21 4 24 18 49 37 28 1 24 49 45 37 10 28 25 
19 13 49 1 49 24 49 49 48 49 49 49 9 28 28 1 49 19 21 10 49 49 24 49 18 4 49 31 4 42 36 25 27 16 43 49 18 31 49 40 9 25 9 15 28 13 49 19 49 37 21 16 49 49 46 22 49 16 49 49 22 25 23 17 18 8 0 7 15 19 4 19 49 28 49 49 15 48 49 49 42 
24 28 31 46 27 45 24 49 42 33 3 49 34 49 13 49 49 7 49 46 34 28 31 49 49 25 48 49 49 1 16 31 7 49 37 49 42 13 36 1 49 21 49 43 36 18 49 49 1 16 7 30 19 10 4 49 1 18 13 7 9 20 20 8 5 32 30 0 24 25 19 49 24 10 9 49 42 49 10 49 3 
49 49 49 49 49 49 4 28 22 48 4 1 16 18 7 40 34 12 30 3 45 7 49 18 10 42 36 49 49 49 49 36 25 49 49 43 6 27 13 49 9 13 28 49 43 21 49 49 13 13 49 49 42 18 36 1 22 49 31 25 17 16 20 15 18 12 3 10 0 6 31 49 34 24 13 49 49 4 21 37 19 
42 49 30 24 40 21 42 49 22 49 22 43 34 31 49 49 45 49 28 49 49 49 49 49 49 49 46 49 7 48 49 28 49 49 36 49 40 34 15 34 49 49 45 49 49 21 45 37 39 1 46 49 31 49 36 49 13 49 49 49 22 6 13 30 0 20 28 30 20 0 18 49 34 49 45 6 45 6 3 3 10 
40 28 27 49 27 13 45 49 49 49 49 49 49 49 27 22 49 43 12 7 49 34 37 7 28 49 49 49 22 45 39 37 6 7 48 49 49 33 40 12 43 39 49 49 4 46 49 24 37 49 1 42 49 49 22 33 31 49 42 49 49 10 49 21 28 49 18 31 48 13 0 24 0 0 2 20 17 12 3 31 49 
7 28 3 49 49 49 4 49 49 49 49 6 49 49 15 21 16 46 1 13 36 18 16 10 43 49 40 18 36 40 49 9 18 49 49 49 27 39 28 45 46 46 25 46 49 10 49 49 45 1 15 49 49 45 15 49 46 49 49 16 42 12 30 49 4 49 49 6 16 10 20 0 29 6 9 16 26 32 24 27 49 
31 49 40 1 12 18 7 37 30 31 49 49 16 4 3 22 48 49 49 10 3 34 33 49 49 49 4 4 49 49 49 40 15 16 49 49 25 43 15 37 45 1 49 45 30 49 22 46 33 16 49 13 33 12 33 6 49 43 46 33 34 49 3 1 4 37 40 49 49 43 16 8 0 26 12 18 2 4 2 24 30 
49 31 25 16 18 49 49 37 27 49 18 9 30 9 49 34 24 49 7 49 3 45 31 49 49 49 49 1 49 9 43 24 37 49 15 45 6 49 13 12 39 49 49 37 24 36 45 24 49 37 36 22 19 39 3 37 4 49 46 16 22 49 49 49 19 49 12 19 31 39 17 30 25 0 19 14 26 3 4 26 49 
46 42 3 4 1 33 49 43 40 49 49 12 22 6 27 25 42 49 37 19 49 10 27 49 49 42 49 49 49 49 49 49 36 49 7 33 49 6 4 49 49 12 16 49 7 39 40 10 13 43 49 49 4 18 22 30 10 49 6 9 49 49 49 3 40 6 49 31 49 49 11 11 20 29 0 27 7 14 12 23 36 
49 49 1 16 49 10 49 42 49 49 48 22 1 24 9 12 18 40 49 49 43 9 13 34 49 12 36 46 49 19 21 33 36 49 18 49 46 49 9 16 33 12 30 49 24 49 49 49 49 36 42 49 49 12 10 49 6 6 12 43 49 40 49 49 21 49 25 49 49 49 11 20 4 18 1 0 31 7 8 18 49 
49 49 33 33 12 4 34 49 7 48 39 49 42 7 27 13 22 7 43 43 31 49 42 48 49 19 49 7 49 49 3 19 49 31 4 37 25 37 49 4 16 49 7 42 22 24 24 49 49 28 13 49 10 30 49 13 49 49 46 49 39 31 4 49 49 49 31 49 16 49 28 2 26 8 30 10 0 2 31 32 22 
7 42 24 1 49 49 18 49 49 24 49 18 40 49 49 49 49 49 22 27 49 30 19 6 49 49 49 33 49 7 21 25 49 24 49 22 25 49 49 49 49 1 25 49 37 18 24 40 49 49 49 6 33 12 30 12 19 49 22 21 28 33 22 49 49 39 49 15 33 21 24 6 17 32 4 24 25 0 0 13 16 
10 49 7 3 37 33 16 31 13 46 49 12 49 49 49 21 42 3 3 49 12 1 28 19 12 18 49 31 4 49 30 49 22 49 27 49 24 10 45 49 27 45 49 49 49 49 39 46 36 22 48 19 28 13 49 3 22 33 49 36 16 12 22 25 13 15 49 6 49 30 8 6 20 17 27 20 2 14 0 2 25 
31 7 49 49 49 46 49 27 4 46 10 46 37 49 49 18 1 49 24 49 49 6 6 36 31 46 12 42 13 10 49 24 49 6 49 28 49 49 24 45 49 37 13 39 9 34 49 31 6 49 16 31 49 21 43 28 49 49 49 28 49 33 49 3 39 25 12 9 49 7 0 8 10 12 31 19 24 14 20 0 22 
24 28 49 49 49 22 49 42 40 31 46 39 49 42 1 39 39 25 10 49 42 36 49 49 42 6 39 19 1 45 49 49 39 49 49 48 6 42 15 3 49 37 45 24 49 12 12 37 10 4 4 3 10 49 43 42 49 49 16 40 49 49 18 10 31 36 48 46 36 49 1 43 49 49 43 49 28 49 18 43 0 
