n: 80
m: 8
Pi:U[1-99] 24 44 99 10 11 83 56 94 15 63 3 87 6 69 51 32 55 79 41 34 89 68 62 73 49 62 87 77 12 57 47 19 64 86 68 29 9 46 59 26 53 10 39 72 29 34 69 20 28 85 51 67 98 56 67 42 97 58 57 55 24 5 61 55 33 62 78 8 96 67 57 20 99 15 47 61 88 21 56 58 
Si:U[1-49]
0 2 23 9 0 21 12 1 23 15 15 42 31 18 49 49 46 49 36 49 21 28 34 49 49 49 49 42 49 18 46 36 12 40 49 49 49 49 18 4 49 49 10 49 49 49 37 37 9 48 13 9 43 48 33 46 49 49 49 21 49 49 19 49 6 49 46 49 9 34 3 49 27 24 49 49 48 18 49 49 33 
25 0 0 25 18 0 28 4 9 6 49 49 31 49 43 49 13 39 49 49 27 22 18 49 49 13 6 13 49 3 36 37 6 27 42 48 4 49 49 49 15 28 33 49 30 37 46 49 49 49 36 15 10 27 10 9 7 18 31 43 1 49 43 49 49 31 49 1 21 49 12 27 49 13 42 37 43 22 49 18 22 
8 28 0 13 6 1 29 6 29 14 43 3 18 49 4 46 18 49 49 31 3 49 6 49 28 48 49 48 9 49 49 24 6 39 49 24 49 39 49 4 49 13 49 10 25 9 28 37 28 18 49 13 10 48 49 48 36 4 21 10 21 49 46 36 15 49 28 1 46 49 19 33 49 7 49 49 3 49 49 49 10 
12 10 16 0 32 22 16 32 22 30 3 49 3 18 30 24 27 22 49 18 33 48 46 13 49 43 6 7 37 3 10 4 12 3 49 39 49 18 49 49 49 30 7 49 18 21 4 43 49 34 4 49 31 37 19 21 46 6 49 39 46 25 4 49 21 27 49 49 49 1 34 49 27 46 7 49 4 22 46 3 48 
29 21 18 12 0 22 6 21 2 16 33 28 18 39 21 24 45 27 34 31 7 13 45 27 49 15 49 49 4 49 3 49 46 49 49 49 19 19 33 48 15 39 46 16 4 49 48 12 10 33 49 49 39 49 48 3 34 15 16 15 49 45 43 24 49 1 27 49 12 28 49 21 49 49 49 31 19 30 49 22 49 
11 30 17 10 23 0 8 4 30 29 42 49 9 19 49 3 12 31 31 1 49 18 49 49 49 4 49 30 31 25 15 24 45 6 16 34 49 36 49 37 4 28 36 24 37 34 49 1 42 49 45 15 45 24 21 22 33 49 30 49 37 16 34 16 36 46 49 49 49 49 42 46 49 49 24 49 49 49 7 49 49 
7 17 3 12 21 6 0 23 21 11 31 22 30 22 49 6 4 48 42 18 49 42 49 39 49 3 10 9 31 42 30 21 43 34 25 49 22 49 15 49 13 1 39 49 39 27 49 18 37 4 3 43 48 49 27 9 18 48 19 43 6 43 10 16 27 22 49 49 13 4 49 49 49 49 37 49 12 31 24 49 28 
31 28 4 6 29 20 28 0 6 6 33 22 30 3 37 6 24 6 39 25 49 22 1 15 49 3 40 39 9 49 24 49 6 24 39 6 37 49 45 28 49 46 27 49 45 28 40 49 22 49 49 49 6 33 3 36 36 16 46 49 45 45 31 49 31 42 16 12 16 21 49 24 25 49 19 48 49 12 37 15 49 
22 27 28 14 18 16 31 7 0 6 12 48 18 28 33 31 12 37 12 49 22 40 49 49 34 40 30 4 49 12 49 36 10 49 1 18 49 49 25 49 4 31 27 39 49 28 49 12 31 27 18 1 25 18 43 12 49 19 49 49 49 21 49 46 43 33 3 40 19 36 30 24 49 45 49 49 30 49 4 10 37 
20 2 21 12 14 22 9 14 26 0 49 37 49 9 25 49 13 49 49 6 49 49 15 49 49 12 34 49 49 49 45 18 33 49 49 49 27 9 49 49 34 49 10 49 16 13 19 40 6 39 40 33 25 18 49 4 21 10 49 33 48 28 49 49 9 21 48 46 49 49 49 49 18 6 49 19 24 40 7 49 49 
18 43 49 36 34 49 49 6 49 39 0 6 17 26 4 20 18 13 27 4 36 12 48 49 42 46 12 4 1 49 30 1 36 49 49 49 6 27 33 40 33 3 30 33 33 39 48 49 10 7 49 49 31 49 46 3 49 7 37 49 49 27 22 19 12 31 13 24 39 13 49 49 49 49 49 49 49 37 49 22 49 
49 49 49 49 7 21 49 49 7 49 2 0 32 22 29 6 6 10 16 16 1 49 6 49 27 49 27 48 3 37 24 46 6 49 43 16 46 37 31 21 30 3 22 36 42 21 27 49 6 36 36 18 36 39 49 31 10 33 46 22 22 7 36 10 49 1 49 30 25 49 19 9 37 15 49 49 22 19 39 31 4 
36 1 3 49 16 37 49 48 49 49 32 28 0 14 30 27 11 24 14 12 28 49 15 49 48 9 22 34 9 1 7 49 43 31 34 6 12 12 12 10 16 30 4 10 46 22 46 28 34 22 46 22 45 49 10 16 49 18 39 49 49 49 31 34 49 27 18 49 49 4 37 15 49 37 49 30 27 15 6 1 28 
49 7 49 49 10 6 30 24 36 1 7 12 20 0 18 6 26 3 17 30 19 39 49 21 49 31 49 49 30 43 49 49 49 42 19 49 48 49 49 33 3 48 6 25 49 39 40 49 49 19 34 3 31 25 7 49 33 22 34 30 6 16 39 10 34 21 13 3 31 49 25 49 42 4 15 37 15 49 49 49 39 
34 49 13 49 6 18 18 28 15 34 28 3 22 30 0 12 6 26 7 5 28 49 27 21 4 12 49 49 46 31 42 49 37 40 45 49 49 48 4 49 9 34 21 21 45 25 49 9 43 4 13 49 49 36 45 39 37 7 49 18 40 49 49 21 49 34 25 49 19 49 49 49 49 21 43 34 15 30 34 13 6 
6 19 13 49 49 28 49 4 49 37 4 22 1 2 24 0 17 1 15 31 27 18 28 3 40 1 36 40 18 34 37 49 49 12 18 46 33 49 49 45 9 13 3 16 43 9 10 27 49 49 49 4 39 3 4 18 18 22 49 48 49 49 7 49 10 7 4 49 45 49 48 24 22 34 9 49 49 30 7 16 49 
33 49 10 13 49 42 49 49 16 49 14 15 11 16 29 28 0 24 18 24 42 49 19 49 30 49 42 21 45 40 13 1 49 10 24 21 49 49 13 28 49 49 21 49 4 42 31 24 49 49 30 49 45 21 49 40 18 49 49 18 25 7 45 49 22 49 7 22 45 40 46 30 10 30 1 40 49 49 3 15 49 
12 49 49 46 28 49 49 22 49 15 20 12 2 11 22 10 24 0 24 30 49 10 7 49 30 49 49 33 30 49 1 49 33 1 49 28 49 34 48 9 21 19 30 7 25 49 46 49 49 43 49 49 22 4 21 30 49 9 49 49 21 49 49 19 21 49 31 18 49 31 34 36 49 49 28 18 4 42 6 49 49 
1 21 37 18 43 19 3 49 30 16 22 19 22 16 17 16 15 27 0 5 49 37 15 49 48 49 4 22 49 48 49 49 49 31 42 49 40 43 21 46 49 49 49 49 33 46 49 9 21 49 24 49 49 49 16 49 9 49 3 49 49 15 25 45 49 10 13 49 13 33 48 10 49 49 18 46 39 30 10 49 19 
46 49 49 46 43 49 27 49 49 45 26 24 21 25 17 30 24 8 32 0 49 22 46 49 22 9 1 49 49 34 22 30 49 49 49 28 10 4 49 15 40 46 16 6 49 15 49 36 49 49 49 49 4 49 49 48 27 49 49 36 48 31 37 49 6 1 49 31 27 42 42 10 48 49 49 49 15 34 40 49 46 
49 36 4 40 49 24 36 49 49 39 16 30 19 49 19 31 28 49 48 49 0 27 13 6 24 18 8 12 2 6 22 49 49 45 45 36 34 13 10 21 12 49 49 49 16 21 19 10 12 3 15 49 25 49 19 49 12 49 37 3 16 24 49 46 49 49 6 49 6 49 1 3 49 43 34 36 30 49 27 48 30 
45 4 37 49 31 42 49 1 19 13 48 13 40 49 24 24 46 21 12 49 1 0 27 12 24 22 14 2 20 20 15 16 15 49 49 31 49 28 42 49 49 15 6 49 36 49 49 4 28 33 7 25 10 43 43 49 27 6 48 40 49 49 25 30 7 49 25 49 40 40 49 46 49 18 27 21 19 1 21 49 49 
49 42 49 3 15 46 49 42 49 18 10 3 19 49 49 49 39 34 27 49 6 12 0 1 18 10 26 30 17 4 40 30 18 49 49 18 49 12 49 49 49 48 39 34 28 6 6 1 36 49 39 49 49 49 1 3 13 49 1 13 21 49 46 49 3 49 46 16 49 49 4 28 49 49 15 49 3 30 7 49 9 
49 49 1 19 22 49 4 39 4 49 7 49 19 37 3 43 7 33 16 27 12 13 31 0 24 13 3 7 25 13 49 49 24 46 39 49 36 3 49 49 49 3 3 36 25 49 10 43 7 46 19 12 9 49 16 49 36 24 16 49 34 21 49 7 49 39 49 49 4 19 39 49 4 49 19 4 15 49 21 13 49 
49 33 19 46 28 46 39 49 49 42 15 21 49 24 34 49 7 6 19 49 2 14 18 8 0 4 19 16 31 14 43 49 49 19 1 42 10 36 7 39 34 49 46 31 40 49 33 19 49 18 36 30 49 49 39 10 49 49 3 49 4 19 7 39 49 24 49 37 34 49 28 49 49 49 16 21 49 31 30 49 28 
49 49 42 7 49 12 19 22 6 21 6 49 16 46 45 42 10 49 6 49 28 16 22 5 18 0 8 22 28 3 34 42 25 49 49 15 49 9 6 49 49 49 15 21 24 1 49 42 39 49 6 6 40 4 49 13 19 49 49 49 39 49 43 49 49 49 33 46 36 18 40 49 3 7 49 18 31 49 33 22 49 
28 49 40 49 37 49 22 49 34 45 49 31 12 49 18 49 1 45 45 49 22 7 28 26 28 24 0 6 31 16 24 10 37 3 34 27 28 40 49 25 49 25 49 37 49 49 6 10 6 10 49 49 49 46 49 36 36 22 40 49 46 36 24 40 49 4 45 24 48 42 9 43 19 1 49 49 33 31 49 49 10 
33 46 49 27 21 46 46 36 48 49 49 49 46 40 48 9 27 21 13 48 6 28 18 12 25 10 2 0 24 20 7 1 49 34 31 7 45 49 49 46 12 49 49 49 49 12 9 28 31 40 6 49 18 49 40 10 48 1 28 4 49 40 49 9 18 4 49 4 34 34 39 49 33 49 12 49 49 6 19 49 49 
15 49 49 42 22 33 42 19 49 49 28 6 28 33 25 3 25 18 24 42 12 30 5 18 24 6 24 5 0 32 49 49 34 24 49 49 46 49 15 42 12 25 22 16 6 49 39 49 49 36 34 49 48 40 36 16 13 49 15 30 12 49 49 19 49 49 13 1 39 49 21 34 18 30 4 49 49 4 33 6 15 
33 3 27 49 49 49 1 24 49 42 49 49 28 24 34 49 49 36 45 49 0 16 6 10 17 26 18 28 28 0 48 3 49 48 49 25 49 4 49 13 3 15 9 49 49 18 49 25 34 16 25 33 9 13 49 22 49 36 49 49 3 49 37 34 46 9 1 49 15 16 22 49 49 7 49 7 6 33 6 21 30 
24 49 34 27 25 45 49 30 33 49 49 49 49 24 49 49 40 49 12 42 49 49 49 49 49 49 3 10 46 28 0 26 10 20 15 3 19 29 16 14 4 49 49 19 49 49 31 25 39 10 33 49 16 7 40 49 49 49 49 49 42 49 7 49 28 10 7 37 40 45 40 12 49 30 28 27 28 7 4 45 22 
30 37 21 7 49 49 40 7 43 27 37 49 15 9 30 49 49 22 24 49 30 33 49 7 16 49 49 49 13 49 30 0 23 26 11 14 2 31 30 26 49 6 34 49 10 21 49 18 48 49 21 49 49 1 40 49 49 40 7 19 9 21 49 49 28 12 39 46 49 49 45 6 10 34 49 31 19 28 12 49 49 
49 49 30 49 49 21 46 49 21 37 27 49 43 34 49 25 49 25 6 16 28 3 45 36 46 42 49 10 49 24 4 32 0 12 14 6 13 19 1 32 49 46 12 48 9 49 24 10 49 49 49 49 21 6 49 31 12 3 39 21 27 28 4 19 49 49 49 49 15 34 39 49 49 49 27 48 49 49 40 1 13 
49 10 49 45 49 13 45 1 49 30 49 10 22 33 49 1 45 7 42 37 21 49 15 49 42 49 49 13 49 22 1 21 2 0 24 30 18 21 24 7 27 27 49 49 3 24 25 25 49 48 40 40 42 28 28 36 49 36 49 49 34 49 9 49 24 49 49 49 33 3 10 1 21 10 24 3 49 1 7 19 4 
49 12 30 42 49 45 43 49 39 18 4 49 49 4 37 46 49 49 25 33 49 49 31 3 19 43 43 49 24 7 26 10 31 30 0 19 2 14 16 29 16 1 19 48 49 48 6 27 10 49 49 49 15 49 49 37 16 6 42 15 6 37 15 49 40 49 49 24 27 25 3 49 24 49 15 49 7 33 49 21 6 
46 39 49 49 49 3 27 40 10 22 39 49 39 40 28 49 49 13 31 34 49 49 10 12 27 39 49 36 25 49 0 28 8 21 26 0 29 6 3 23 10 49 46 49 49 49 45 49 31 49 28 49 43 46 22 34 9 22 49 49 18 49 49 34 6 24 43 16 49 49 25 49 37 49 22 49 42 49 22 43 49 
39 49 42 49 28 49 33 49 49 40 49 49 48 49 36 28 49 49 49 49 49 49 31 49 1 16 49 49 21 49 14 12 18 9 16 9 0 27 5 28 49 49 49 37 10 4 7 19 49 10 37 49 21 49 49 28 49 10 15 24 49 22 4 49 13 30 43 49 10 15 49 18 49 49 49 49 49 30 18 19 49 
37 15 49 7 49 49 49 31 27 49 49 49 39 49 42 30 30 49 3 40 21 30 49 24 1 12 27 49 34 28 4 15 6 18 17 29 30 0 24 27 22 3 45 9 25 10 10 18 16 42 49 49 36 49 45 10 49 49 49 6 49 25 36 49 28 36 16 30 49 49 49 46 49 30 49 27 3 1 46 9 3 
49 24 39 1 37 49 34 27 46 49 21 49 40 48 49 22 21 49 49 34 49 28 49 16 46 19 27 34 40 19 32 18 23 10 13 19 12 20 0 8 13 49 49 4 46 15 12 43 37 45 9 49 13 49 49 31 24 49 49 4 4 7 19 49 49 49 21 22 39 37 36 15 18 49 48 25 28 4 49 25 49 
24 39 10 1 21 49 24 27 45 49 33 34 49 19 6 34 49 49 34 49 25 49 49 46 49 49 37 49 25 43 15 22 11 2 9 21 12 32 4 0 49 22 15 18 24 49 49 15 25 49 49 49 6 13 9 49 49 49 19 3 9 12 16 15 10 4 24 28 1 33 6 19 39 49 49 12 16 9 49 34 49 
39 45 16 42 46 39 4 19 49 49 10 49 49 27 3 49 3 33 49 16 1 7 21 49 49 13 49 49 49 25 33 15 46 37 49 49 49 4 49 45 0 8 12 4 17 19 14 24 10 32 39 49 39 49 27 28 49 49 9 49 9 49 6 43 33 49 10 37 49 49 1 49 49 43 49 49 34 48 10 48 21 
4 10 49 12 9 33 30 31 49 49 10 22 49 36 49 16 7 42 49 36 10 31 6 16 49 16 49 34 31 45 27 22 34 28 30 34 49 9 30 3 17 0 4 20 20 29 1 32 27 23 31 19 42 49 9 36 25 1 49 49 3 49 49 49 7 6 40 34 19 49 49 49 49 3 36 19 37 49 49 28 4 
33 10 36 42 25 1 49 9 27 49 49 49 43 49 28 49 22 13 27 34 49 45 19 45 48 9 49 7 12 4 31 45 15 22 4 49 37 27 18 6 30 31 0 12 25 28 30 30 30 28 42 9 10 1 43 49 49 49 6 49 40 49 49 22 49 27 16 49 40 10 24 30 31 3 49 13 33 49 24 19 49 
48 45 49 6 42 49 9 16 18 49 49 49 36 49 49 42 48 28 49 49 40 49 49 48 39 40 19 49 45 16 15 30 49 15 6 12 37 45 4 49 24 10 18 0 23 1 18 24 9 32 49 49 6 49 25 30 49 25 49 4 12 46 30 22 42 18 15 49 49 42 1 49 49 1 34 43 34 39 40 19 39 
49 49 34 13 49 40 49 49 13 27 9 49 31 49 36 49 49 18 49 4 30 46 49 49 49 49 49 19 28 37 6 49 30 48 10 40 19 16 7 7 24 6 19 28 0 16 10 8 10 8 12 49 49 25 49 49 49 49 6 49 48 1 27 49 49 33 22 34 33 49 21 22 7 37 42 49 10 46 1 48 49 
49 19 25 49 15 24 28 28 7 31 49 18 9 37 7 24 43 49 49 27 48 48 3 42 49 10 36 16 36 39 22 12 36 49 49 28 4 49 3 22 28 30 20 27 22 0 16 2 30 29 18 22 39 49 43 33 25 30 3 49 16 49 48 15 13 22 30 6 1 49 7 13 42 49 49 49 31 49 49 25 1 
3 16 43 13 33 48 49 49 49 49 49 49 24 36 49 10 49 49 6 49 49 49 15 49 49 10 22 49 49 28 24 39 49 45 48 49 34 49 42 49 3 12 0 2 8 4 0 28 12 15 36 39 49 49 48 46 49 49 10 21 21 49 27 45 19 49 49 45 21 6 49 39 49 49 45 22 37 49 49 49 49 
13 3 49 13 49 24 30 49 42 31 25 25 37 40 6 49 33 45 49 28 18 49 12 18 19 43 43 34 49 49 49 46 4 25 19 49 19 30 9 28 5 30 12 20 6 2 6 0 18 14 1 36 49 49 4 49 22 12 40 27 45 6 33 49 49 49 28 46 1 46 49 33 43 30 49 49 49 25 30 6 46 
46 43 13 7 45 33 12 49 46 49 15 49 49 15 15 49 45 49 46 40 22 40 49 7 1 49 22 13 49 48 49 9 15 49 1 49 49 49 10 33 27 12 20 20 16 30 22 24 0 18 46 10 24 7 12 19 27 37 49 49 36 36 22 18 31 49 48 28 40 43 40 49 49 18 15 49 28 3 12 49 49 
24 36 19 43 27 7 49 12 13 37 40 49 10 42 49 49 45 33 27 30 49 37 22 7 49 31 49 30 7 49 49 15 49 19 49 7 30 31 40 21 8 0 18 28 14 4 26 10 9 0 42 25 18 36 37 46 25 33 49 49 18 49 28 46 25 18 43 49 22 6 7 49 49 13 12 49 48 33 46 43 34 
49 24 27 7 27 49 3 37 49 3 49 13 49 49 49 49 48 30 30 25 30 6 49 43 49 22 3 1 18 10 39 22 12 49 49 33 33 22 9 9 48 19 37 31 39 15 6 22 49 30 0 28 11 32 28 13 2 6 8 28 15 24 49 37 49 49 49 49 34 49 22 25 13 49 33 49 49 49 21 1 36 
12 25 49 30 39 28 49 6 49 27 49 42 49 49 45 15 13 25 34 49 39 25 19 49 4 1 49 42 49 49 36 49 13 28 36 49 49 49 25 49 31 49 3 45 28 37 43 43 4 24 29 0 28 15 17 11 24 15 4 12 13 19 40 49 49 39 31 49 30 25 48 1 4 49 30 3 33 27 19 49 43 
3 46 7 49 3 49 4 19 1 49 31 49 49 49 49 49 42 49 4 43 13 49 33 12 49 49 49 49 49 49 3 39 49 18 33 43 49 22 31 33 49 36 49 27 36 49 24 49 34 48 4 24 0 14 22 13 30 25 27 2 7 49 21 49 49 49 10 49 27 49 49 39 18 36 12 31 49 19 15 9 6 
18 22 7 45 49 46 33 49 43 19 15 27 28 49 25 49 16 9 49 39 49 24 6 33 42 49 49 36 46 3 25 7 34 49 30 24 24 3 36 49 49 36 49 49 49 12 34 49 49 30 2 28 5 0 20 11 23 3 2 14 30 21 49 33 42 48 43 42 49 49 49 49 34 10 21 3 22 40 37 19 31 
48 16 16 49 49 49 49 49 34 49 36 25 21 3 3 49 4 49 22 49 49 49 49 24 43 21 31 49 49 49 46 49 49 25 49 12 49 42 49 49 25 25 22 49 28 46 12 22 34 10 32 4 10 9 0 1 16 25 15 3 49 49 34 10 49 4 49 49 7 42 49 21 49 49 18 33 27 49 49 42 1 
49 28 16 34 49 49 18 40 19 49 16 15 16 3 49 49 49 39 3 18 12 19 13 16 49 49 10 13 49 49 49 19 10 33 49 49 37 49 43 4 49 43 49 37 49 16 49 49 28 49 18 20 16 28 2 0 13 19 28 26 42 10 7 6 36 49 49 49 46 34 28 33 21 43 46 49 31 40 49 12 31 
6 49 9 27 7 49 49 10 49 6 36 24 3 15 28 1 7 13 36 19 7 49 7 49 16 37 40 49 1 19 49 31 43 45 22 10 15 34 22 13 28 34 49 19 48 21 49 49 49 18 2 16 6 15 2 21 0 19 3 24 49 13 49 40 42 42 39 40 16 49 36 49 49 49 46 6 7 49 49 49 3 
49 33 16 1 9 43 49 30 39 36 15 46 43 15 49 34 49 24 39 36 25 49 40 12 49 40 49 48 33 49 48 21 21 1 22 36 34 19 43 13 49 49 42 42 28 49 25 1 39 9 7 6 6 27 5 13 18 0 30 8 45 49 49 42 40 33 36 49 49 18 15 37 49 49 48 18 49 19 18 49 1 
1 37 27 40 33 24 18 49 48 6 28 19 18 12 31 33 25 22 37 49 49 49 49 49 49 46 21 49 34 49 28 21 31 19 34 49 49 49 6 49 49 15 1 43 6 15 15 39 18 48 18 18 25 20 8 22 19 4 0 12 31 28 39 16 15 49 25 49 49 42 49 16 15 9 49 37 19 12 43 49 46 
49 42 46 49 7 49 49 42 18 46 25 18 46 6 1 49 49 22 40 9 21 37 13 49 3 22 37 49 22 31 9 46 7 36 48 25 31 3 36 49 21 49 21 4 10 49 45 21 36 49 22 29 11 25 27 30 6 7 12 0 49 6 7 49 49 21 21 40 49 18 21 6 6 15 49 9 12 37 49 49 7 
12 49 49 3 6 49 45 43 49 49 18 21 49 1 9 9 30 48 40 49 43 45 36 46 49 49 10 10 49 49 30 49 13 10 4 4 27 13 18 40 36 49 12 28 49 13 31 15 49 13 24 34 43 49 4 25 49 10 21 15 0 21 15 30 3 28 4 1 28 29 7 37 49 15 49 4 49 22 6 28 48 
7 4 33 49 49 15 30 19 28 34 42 22 49 15 10 40 49 49 12 22 49 19 43 49 49 49 33 21 49 36 19 48 28 15 49 22 48 36 15 22 45 9 49 33 9 49 49 9 10 31 18 49 49 16 40 3 3 49 28 49 26 0 26 22 21 8 4 30 4 0 21 9 49 49 49 45 3 40 49 3 13 
7 49 22 49 15 46 49 16 49 37 25 30 4 16 3 4 49 21 49 33 25 24 49 49 42 6 15 49 49 9 49 49 40 49 48 49 3 49 49 40 49 49 49 31 7 49 49 49 49 7 49 10 9 4 18 49 49 16 18 30 0 13 0 13 9 15 3 2 30 19 13 4 28 37 19 28 49 49 49 6 49 
49 28 49 49 24 49 33 18 21 21 49 31 49 24 49 13 49 49 49 1 9 21 39 19 1 18 12 49 16 27 13 49 16 13 49 4 30 49 45 1 18 49 4 12 16 37 3 34 18 49 13 9 49 39 49 28 46 19 12 34 31 17 17 0 8 4 14 20 10 31 6 12 24 18 21 9 9 49 15 49 19 
49 37 22 22 9 28 49 15 43 43 34 36 40 18 42 49 30 49 33 49 49 40 49 27 49 49 30 39 49 49 49 31 6 36 49 49 31 18 37 30 49 34 43 49 22 49 16 39 42 4 49 49 1 49 33 15 33 1 42 49 12 13 8 30 0 3 6 0 8 10 16 43 49 46 49 49 34 28 25 48 39 
48 49 46 49 49 10 21 45 49 49 49 49 49 30 4 12 36 49 49 49 10 25 49 46 18 1 49 49 15 48 25 22 9 42 21 25 19 45 49 43 16 39 33 3 49 49 46 21 45 4 22 49 49 49 49 19 4 49 3 15 2 32 32 16 21 0 12 6 14 9 18 49 49 45 22 39 6 46 33 40 7 
22 49 49 30 49 49 49 33 4 42 9 34 49 19 37 49 43 9 46 27 16 49 7 46 6 34 49 22 30 15 49 49 49 7 49 49 36 10 19 3 6 16 13 15 3 46 37 49 49 12 49 30 49 49 49 49 34 49 49 49 25 25 17 27 20 19 0 28 26 9 42 45 1 25 18 49 1 49 4 49 33 
49 6 46 1 49 49 13 49 49 33 40 6 22 30 24 49 49 28 25 49 21 39 27 45 21 13 48 18 36 33 46 49 13 22 16 10 49 49 49 4 37 10 28 25 49 42 49 3 37 4 49 27 49 36 49 18 7 15 49 27 32 9 16 4 16 8 22 0 13 22 21 28 49 36 49 34 27 49 18 49 10 
49 43 6 49 49 27 28 10 10 15 49 27 1 21 36 36 12 1 46 43 27 15 49 49 37 9 10 49 49 49 22 49 49 6 24 40 4 49 3 46 49 48 45 7 49 1 19 49 10 36 21 45 49 25 46 25 34 49 40 30 27 18 28 30 26 16 26 8 0 26 49 49 19 1 49 48 49 43 49 49 13 
7 22 49 15 49 18 48 30 9 42 4 49 21 39 27 22 27 7 13 1 28 22 36 18 37 49 6 49 49 46 28 49 15 40 22 9 1 22 49 46 49 28 49 49 34 49 49 49 31 46 16 9 28 27 40 49 39 27 30 49 30 24 20 12 24 19 19 13 14 0 49 49 21 31 9 49 24 13 13 4 6 
33 49 24 40 49 49 1 12 49 43 49 49 49 49 21 21 31 49 36 36 49 45 7 39 16 39 49 49 12 18 49 30 40 49 28 24 39 40 39 49 49 34 25 30 49 49 31 24 31 28 43 49 42 21 49 19 16 49 3 15 4 31 6 28 28 19 49 49 48 49 0 13 32 1 25 29 12 0 2 28 39 
49 13 49 4 49 34 36 9 13 43 49 33 31 49 49 40 49 49 28 10 49 30 10 13 31 49 34 3 39 49 49 19 7 6 49 27 19 12 49 49 9 30 12 28 39 33 49 49 42 7 49 45 49 49 36 49 48 36 21 49 34 6 49 49 40 49 39 49 13 46 4 0 22 8 32 32 0 21 10 8 18 
9 45 48 3 43 43 31 36 49 49 34 49 49 1 39 24 42 10 3 24 31 13 43 49 30 16 42 45 49 49 48 24 31 22 42 33 40 49 49 49 49 49 31 31 49 30 49 49 49 48 45 43 49 7 49 1 49 1 49 49 49 25 37 3 40 25 33 1 49 3 32 30 0 16 21 20 32 21 30 32 24 
49 4 49 49 24 43 49 42 7 6 37 49 49 33 25 31 49 16 49 48 49 28 34 33 28 49 1 43 49 36 49 49 49 19 19 49 48 18 10 24 49 3 34 49 22 4 13 31 49 46 9 21 49 6 9 34 28 22 49 40 45 10 16 12 42 39 7 31 49 49 15 30 18 0 1 26 10 8 21 6 16 
24 40 6 7 1 42 49 49 9 4 12 49 13 25 6 7 25 15 49 24 37 4 7 48 49 21 34 49 49 24 48 34 39 9 1 9 25 25 49 3 12 49 9 30 4 49 34 49 3 6 37 46 16 43 34 49 34 12 42 46 49 21 49 43 36 9 37 48 49 49 23 3 26 23 0 9 14 26 9 28 19 
49 34 49 49 49 12 9 21 18 19 30 9 18 49 27 33 49 49 30 49 49 3 43 34 49 49 43 36 28 18 9 43 49 34 46 4 43 7 24 28 15 49 49 24 7 49 34 36 49 36 40 49 7 33 27 49 15 49 49 49 19 16 46 13 1 49 40 42 49 27 30 3 10 19 1 0 23 26 14 12 49 
4 39 4 49 7 31 21 49 49 33 46 49 27 48 49 49 28 6 49 49 49 10 48 27 9 25 49 37 9 49 22 4 18 49 28 25 22 3 24 22 33 45 40 49 10 42 15 49 49 43 4 13 49 25 36 37 49 10 49 16 49 7 49 49 43 39 37 15 15 37 6 8 22 22 17 32 0 4 5 22 18 
46 49 48 12 6 42 49 4 49 39 49 48 49 42 31 33 49 39 49 33 49 28 49 27 49 37 49 49 49 49 46 24 28 49 24 49 49 37 49 42 49 19 49 3 49 43 6 49 49 49 24 31 49 15 10 49 9 49 1 15 19 46 33 1 16 45 3 43 16 49 8 27 22 31 2 4 2 0 18 16 45 
49 3 49 49 24 42 28 49 12 25 28 10 1 13 45 16 49 19 31 48 15 49 28 9 33 25 49 42 49 30 18 49 25 49 49 16 49 43 9 49 12 39 42 49 49 43 49 37 42 49 6 15 37 1 48 49 49 6 1 13 28 6 13 12 19 49 36 49 49 7 32 28 17 15 28 14 0 8 0 16 49 
49 46 49 4 7 25 31 12 49 37 24 34 24 24 3 43 16 1 49 7 18 49 13 49 36 49 49 49 49 46 49 46 25 27 3 4 33 34 49 3 1 49 49 40 21 7 9 49 49 7 15 36 49 49 37 12 42 49 49 49 49 30 49 28 7 31 1 37 49 18 31 24 31 32 23 24 10 15 4 0 49 
49 49 34 15 27 49 9 49 49 49 24 34 13 22 27 24 7 33 45 30 49 49 22 28 46 28 30 13 13 46 37 49 22 39 49 49 27 43 33 42 49 46 9 49 12 18 25 1 6 49 21 49 49 45 39 30 49 31 13 3 49 45 10 15 42 1 49 22 3 49 42 34 12 43 48 9 27 48 13 49 0 
