n: 80
m: 6
Pi:U[1-99] 25 2 76 34 90 34 9 77 66 46 64 21 2 23 45 15 27 31 23 79 12 50 20 11 68 40 63 61 55 76 94 85 51 61 28 16 18 94 68 63 54 27 64 1 5 53 58 31 18 53 93 89 53 47 97 50 16 92 19 28 70 19 37 11 42 58 96 21 31 17 1 77 37 8 59 64 41 72 31 95 
Si:U[1-124]
0 123 92 2 12 84 82 51 7 3 67 29 115 3 115 34 35 104 24 5 74 8 96 61 98 30 60 34 109 39 123 19 79 11 41 100 13 96 71 110 18 66 83 122 75 64 100 84 65 52 67 56 84 119 91 87 18 58 79 122 75 26 12 104 80 21 8 1 57 74 14 113 81 102 62 33 9 88 6 94 62 
82 0 49 59 63 106 20 77 41 29 37 96 120 62 40 112 14 20 2 98 55 81 69 33 71 21 52 118 15 47 84 48 51 41 35 80 92 1 109 56 98 49 40 111 117 15 99 91 20 104 40 104 82 3 86 40 77 79 123 97 108 82 42 94 118 98 57 8 20 40 53 1 101 94 54 30 60 94 60 47 59 
93 85 0 88 105 13 62 66 34 57 74 69 64 66 124 53 121 47 35 26 95 14 50 18 102 92 99 112 73 30 80 64 27 25 81 49 84 91 4 91 83 65 70 12 68 111 57 99 69 94 95 83 3 23 95 105 22 71 47 6 18 62 86 108 9 50 14 34 106 28 44 111 64 55 122 19 81 85 5 7 112 
121 48 87 0 70 5 122 59 118 117 59 72 121 79 28 110 69 64 35 117 28 74 43 49 34 36 105 64 20 39 110 41 112 71 88 109 61 102 60 35 8 43 49 110 88 93 27 70 29 17 34 50 97 62 1 76 63 64 82 77 36 12 34 92 43 22 52 45 91 15 93 95 5 102 79 118 50 108 2 44 47 
107 86 36 14 0 111 72 108 120 118 41 71 54 90 66 121 108 77 117 114 48 43 94 27 34 44 54 37 47 12 7 60 68 83 29 20 36 21 96 67 100 86 65 22 17 97 78 69 25 7 86 122 119 19 31 50 100 54 6 82 35 55 25 77 57 2 73 76 3 12 54 106 119 2 83 111 109 5 34 86 78 
8 29 114 24 15 0 91 95 11 123 66 62 82 83 98 103 23 112 15 7 30 21 63 54 123 31 89 75 19 3 42 109 90 90 113 13 116 75 38 95 17 86 37 58 122 94 49 4 37 75 3 57 80 27 17 15 72 25 54 97 98 94 27 115 44 37 4 40 90 87 11 12 49 10 23 84 111 40 56 23 101 
62 71 4 9 60 12 0 81 108 114 9 4 11 22 124 16 118 56 109 41 87 41 15 52 25 87 66 90 104 64 107 11 80 67 86 4 87 15 25 5 46 112 60 66 52 73 97 74 116 61 120 69 103 78 86 111 9 14 66 8 99 45 98 113 97 13 90 49 65 86 116 75 22 58 56 103 52 57 12 124 18 
37 63 85 84 21 19 111 0 97 35 53 116 113 83 44 15 117 58 33 103 123 28 41 50 92 10 80 39 58 40 116 4 45 115 31 23 92 110 37 7 114 73 21 86 76 13 14 103 118 81 83 120 4 105 16 10 43 68 113 20 124 16 101 60 69 78 121 54 32 49 38 104 9 72 122 15 108 96 56 7 118 
63 14 94 25 64 21 120 116 0 116 123 43 2 96 78 32 119 97 96 117 89 82 50 19 18 111 108 54 42 74 110 59 5 73 3 82 2 32 44 5 68 27 30 91 77 79 52 47 108 119 81 109 111 28 115 26 41 33 53 120 26 114 36 124 19 53 6 115 80 112 82 24 74 75 54 118 18 121 61 122 52 
38 9 34 5 80 108 77 65 115 0 33 45 99 55 52 110 30 46 37 77 17 112 22 120 29 4 102 56 37 69 24 67 109 27 66 35 62 73 73 8 83 35 99 65 108 116 18 31 117 42 84 105 56 53 6 104 4 75 65 4 79 56 109 40 30 40 57 94 110 16 73 119 108 121 77 123 31 80 12 33 74 
104 81 18 91 11 97 42 55 47 14 0 106 80 39 72 109 94 74 60 21 106 88 74 15 115 65 85 120 123 113 44 67 80 16 42 24 93 68 108 119 118 55 23 95 47 36 95 83 71 85 17 90 112 40 92 83 2 20 110 57 99 25 43 120 64 48 65 55 119 22 89 70 81 3 32 110 111 54 102 49 15 
112 103 100 108 67 6 59 30 100 85 25 0 72 48 37 111 29 29 69 100 102 86 33 62 17 27 117 64 122 17 41 123 4 50 106 115 72 18 11 61 98 15 15 105 97 51 94 38 45 123 52 108 99 58 52 110 61 16 48 81 18 22 90 53 108 75 86 105 91 10 90 6 62 45 73 84 39 119 96 31 24 
43 109 11 10 105 29 69 104 62 5 59 116 0 64 3 2 68 24 107 33 20 115 92 52 121 108 38 99 46 44 66 56 86 114 111 119 34 86 26 120 46 117 124 83 89 103 39 65 67 92 45 18 4 70 94 123 10 91 33 33 4 96 28 55 56 17 106 5 58 46 106 45 73 10 37 94 5 11 8 51 82 
30 42 27 15 24 113 25 66 90 99 25 45 112 0 49 98 84 10 28 71 52 72 76 93 85 18 34 89 66 108 57 45 76 14 101 80 46 114 30 51 117 16 11 19 30 83 105 44 45 22 47 18 11 19 60 2 104 78 21 32 89 44 82 60 112 100 39 23 38 110 66 82 60 122 111 19 37 30 70 99 41 
39 113 36 36 92 51 43 64 110 46 63 106 6 35 0 52 118 111 104 21 31 100 104 34 2 3 102 29 41 40 103 116 2 86 71 96 29 53 99 77 90 123 78 100 1 40 88 36 10 60 17 62 94 75 64 99 96 9 81 20 37 73 93 98 86 101 120 18 69 122 98 124 40 108 88 70 42 45 31 112 31 
66 65 48 38 45 30 93 39 41 100 19 43 39 1 21 0 99 53 102 117 51 74 76 29 35 71 49 97 17 12 71 2 36 51 59 46 114 113 19 110 72 112 62 107 117 65 36 115 45 88 30 80 58 34 55 31 59 18 30 44 73 72 95 5 49 19 109 93 96 54 87 23 6 117 112 44 81 98 40 79 29 
41 20 70 54 36 42 118 28 57 75 72 57 38 55 11 118 0 72 28 97 6 22 114 47 18 114 22 107 124 86 81 93 99 24 31 23 18 26 25 10 99 6 1 120 40 41 80 114 100 6 90 120 69 27 97 5 103 124 90 101 108 106 52 54 83 110 45 4 14 33 124 38 72 31 101 34 85 23 91 10 116 
15 115 72 20 122 17 83 32 53 4 3 103 124 109 3 107 73 0 16 48 61 11 109 43 28 2 71 85 105 8 77 46 23 26 83 78 5 30 71 33 111 67 74 106 36 67 69 36 14 87 72 75 18 14 66 81 71 115 84 107 107 28 67 84 79 70 89 3 61 56 82 4 86 66 114 81 100 66 88 106 44 
102 45 84 28 94 46 101 105 112 113 27 13 10 100 96 15 42 113 0 7 29 121 100 7 69 60 86 94 73 57 8 101 20 24 30 73 10 27 14 43 108 19 113 111 16 36 90 57 54 52 26 71 118 121 46 89 117 94 68 68 34 118 85 109 37 59 96 1 52 83 62 37 91 60 91 3 29 123 6 119 103 
87 5 33 35 68 52 48 9 4 46 43 71 106 63 62 115 13 2 117 0 15 54 99 76 3 42 87 84 1 119 53 57 62 114 63 77 116 31 105 84 118 93 71 108 1 11 39 102 65 40 83 64 1 20 50 97 13 121 59 72 99 37 77 33 89 50 24 63 93 47 31 16 74 122 41 42 116 109 28 21 42 
78 116 60 61 71 51 42 17 15 5 85 30 114 43 26 9 91 86 109 52 0 119 75 48 37 98 20 46 83 23 51 58 39 13 77 121 30 39 66 102 16 10 96 88 20 98 83 94 92 104 25 103 2 24 51 109 26 11 77 115 39 54 121 112 93 17 21 124 29 36 8 57 93 1 55 101 42 19 11 57 62 
45 3 20 16 28 11 36 110 16 1 35 99 124 73 61 66 27 16 37 53 89 0 114 12 106 120 14 96 76 83 22 12 102 10 41 26 104 104 124 107 89 67 68 73 118 1 10 48 111 111 77 113 39 58 32 10 84 82 43 44 32 119 124 23 78 85 65 14 122 62 47 27 17 94 91 107 57 13 65 10 70 
84 86 64 44 38 70 51 5 33 32 12 119 119 53 66 72 36 42 65 27 28 108 0 114 68 35 50 55 112 33 82 113 107 77 11 89 39 47 53 109 105 89 62 99 76 112 55 48 37 115 6 47 8 124 89 36 72 80 15 108 55 93 119 83 22 86 81 39 29 37 59 117 123 58 28 124 33 92 97 46 20 
22 73 95 28 62 96 77 95 114 121 90 97 105 116 3 55 43 58 46 89 10 24 101 0 13 38 43 97 50 14 61 38 113 21 54 62 50 103 73 17 74 31 24 92 14 17 49 84 92 44 87 7 110 84 2 26 24 99 112 81 24 81 78 118 64 58 65 1 27 115 10 4 74 123 104 69 71 100 43 36 20 
6 108 24 105 119 57 52 67 72 82 8 105 113 34 114 46 115 64 52 44 43 8 76 30 0 98 117 35 74 114 73 41 24 72 7 47 10 54 69 118 45 23 39 16 65 35 63 115 5 35 29 65 19 36 5 17 73 79 9 117 91 54 120 87 5 91 5 111 111 103 46 53 40 11 109 68 36 21 57 124 76 
19 45 35 120 99 26 88 77 121 109 61 36 36 14 90 22 120 66 62 31 27 44 106 21 11 0 3 80 8 65 94 43 102 73 72 119 24 6 108 98 9 67 110 53 110 2 15 89 41 6 46 82 79 99 65 98 118 89 78 74 89 38 115 96 26 67 61 28 93 27 80 8 66 73 51 106 45 94 16 44 71 
37 71 116 81 100 104 51 60 28 121 27 61 98 106 123 20 115 92 108 86 70 93 110 20 51 109 0 22 90 75 8 1 56 85 105 7 3 89 6 114 3 122 114 92 122 82 53 59 85 75 31 80 103 36 121 61 112 5 62 14 90 44 49 68 38 104 101 109 111 12 114 113 15 69 121 122 58 82 58 45 108 
93 9 30 77 24 113 112 27 84 112 45 73 34 66 45 72 81 39 21 21 22 47 102 78 52 124 119 0 2 18 102 106 20 96 5 75 11 11 24 47 55 94 76 102 42 89 8 57 75 2 58 99 9 25 16 23 71 8 29 107 13 25 90 77 91 122 121 5 13 37 9 65 88 78 75 32 108 108 124 79 16 
48 46 105 56 18 58 27 100 124 23 74 93 43 106 67 96 80 34 9 123 20 56 95 9 99 59 83 112 0 9 11 122 107 73 70 34 11 94 106 112 39 33 122 62 13 82 2 45 77 93 6 11 38 20 37 120 11 100 86 87 27 26 119 96 21 67 25 17 40 55 17 75 1 64 79 30 80 30 44 106 21 
112 46 96 18 104 85 72 50 48 7 117 17 82 50 18 64 77 75 3 93 121 21 66 21 107 69 43 43 61 0 81 83 105 122 113 74 66 99 70 31 52 50 85 22 16 107 41 80 104 19 2 34 82 82 82 107 51 53 83 4 56 60 73 68 109 55 59 85 90 103 124 97 2 61 84 123 115 124 52 92 74 
68 52 93 72 45 25 88 61 85 42 70 100 111 91 89 84 54 113 36 35 39 83 85 47 117 10 57 66 107 20 0 90 56 44 7 22 35 64 53 13 106 62 74 40 96 32 66 44 96 17 33 67 103 36 60 49 38 84 19 115 91 44 98 39 17 103 104 56 77 40 72 66 51 4 64 109 30 95 20 90 47 
35 80 78 34 66 88 45 31 43 23 36 4 39 76 35 37 71 119 37 106 36 103 92 116 52 100 97 94 4 23 27 0 58 21 57 80 104 39 6 78 20 102 39 68 91 103 123 75 42 42 45 83 85 74 96 60 17 119 36 96 35 20 124 30 104 113 55 64 1 54 51 35 97 101 19 109 97 83 4 45 60 
61 3 33 76 91 58 26 50 60 109 34 101 39 56 76 84 31 12 7 56 2 98 96 42 5 3 24 79 86 114 57 106 0 32 16 89 33 70 101 113 17 87 118 15 107 17 104 55 45 14 103 108 120 80 59 5 45 121 70 65 53 7 62 42 119 53 85 87 83 116 55 40 79 70 55 77 56 56 111 18 99 
5 91 5 11 81 103 34 91 110 111 47 100 48 3 64 80 112 30 39 98 114 9 83 33 87 45 47 39 51 34 9 109 82 0 67 122 44 83 81 75 69 39 71 7 90 49 67 99 31 56 80 29 78 88 109 12 98 28 6 41 47 63 114 25 47 50 10 51 46 68 36 59 110 45 52 34 1 76 43 32 64 
73 1 90 28 43 104 46 49 41 31 17 113 63 34 63 79 117 28 69 33 85 66 120 53 101 70 73 69 78 71 120 21 104 25 0 115 43 93 46 47 104 79 73 16 103 26 41 83 110 60 103 102 2 87 106 45 113 121 26 113 36 84 44 32 17 124 6 77 117 2 49 6 8 15 28 85 108 57 78 80 26 
26 48 31 89 106 91 114 72 114 36 77 4 82 117 68 113 98 98 115 83 123 7 14 51 45 41 41 83 45 47 46 87 123 85 124 0 72 15 5 74 58 86 20 29 86 94 124 26 13 75 79 37 63 83 71 81 101 77 29 54 18 54 28 121 6 123 32 7 57 68 83 96 31 62 97 107 36 114 3 59 6 
48 3 102 32 11 2 111 85 117 121 92 38 118 98 68 24 110 30 92 103 44 43 83 18 73 17 3 116 107 49 70 65 85 36 40 115 0 81 93 73 59 52 106 42 94 55 108 61 122 84 112 62 80 118 67 21 12 36 113 65 118 15 27 49 28 14 68 97 77 90 108 47 4 80 63 35 94 86 7 49 72 
34 70 14 94 98 56 4 63 50 56 80 35 50 79 42 37 86 58 9 4 58 19 75 49 111 65 58 103 25 64 108 37 59 52 43 84 5 0 13 20 108 67 77 121 107 110 72 76 2 94 22 93 109 30 45 82 54 63 39 32 18 102 94 5 4 76 63 70 49 91 102 104 61 40 98 28 33 42 103 1 74 
8 29 95 70 119 30 7 53 117 18 14 89 29 33 19 103 4 64 114 64 8 35 114 13 105 43 109 78 40 89 18 24 91 41 14 65 52 54 0 42 7 120 65 73 115 68 81 11 36 104 17 122 90 93 105 116 94 59 22 58 52 117 119 13 83 33 73 90 41 28 101 58 9 88 65 93 75 34 65 88 114 
108 74 82 14 8 42 67 49 116 30 70 61 35 72 115 83 45 14 45 99 20 31 102 58 35 35 22 62 33 88 85 48 100 54 95 41 31 28 70 0 58 96 24 118 77 123 102 97 99 82 7 78 58 108 80 112 58 114 103 100 19 44 14 59 26 83 65 52 36 120 78 84 31 110 51 43 113 40 69 46 101 
92 20 24 1 14 91 70 86 38 29 110 64 98 35 39 116 63 91 122 113 39 118 44 34 48 93 104 98 39 33 24 4 76 42 50 41 17 112 46 56 0 34 60 117 38 75 123 22 122 76 90 40 97 46 84 110 75 81 49 69 32 121 63 88 75 109 31 81 53 35 2 6 57 81 52 37 50 68 44 109 16 
106 48 49 21 40 50 84 116 68 115 79 30 34 20 62 122 17 49 89 86 56 112 68 72 66 63 91 76 18 3 99 40 108 68 1 123 5 70 3 3 81 0 12 62 34 87 108 111 71 31 77 79 66 52 39 36 27 97 112 94 119 47 21 40 117 102 41 111 53 43 68 75 18 121 22 67 105 97 119 25 74 
54 108 43 49 23 57 11 105 105 71 74 39 83 2 37 121 114 92 18 23 89 104 71 82 120 85 108 83 59 119 74 118 100 23 103 47 67 63 78 75 77 8 0 119 52 89 67 28 6 26 34 120 72 73 35 76 21 1 77 114 105 60 80 74 69 45 108 31 59 85 19 23 54 40 80 51 70 17 47 54 80 
84 122 62 59 109 20 10 1 81 13 41 41 24 40 20 69 61 81 45 61 26 54 92 54 37 55 10 7 111 4 96 72 39 52 93 78 65 75 111 4 37 83 76 0 34 1 42 109 124 2 72 53 7 83 23 37 104 35 110 7 109 50 25 85 58 116 90 3 32 34 118 106 67 89 80 9 116 48 116 67 116 
13 60 32 122 42 46 8 75 19 14 11 39 27 119 4 34 37 23 85 33 68 77 18 83 27 64 69 88 79 92 88 120 94 57 31 5 10 66 75 43 123 42 2 29 0 78 71 109 119 4 100 3 110 23 76 56 28 75 48 2 57 42 43 100 79 77 58 35 99 10 73 45 74 5 59 44 36 71 108 51 62 
123 23 82 1 83 28 93 29 49 5 12 51 4 36 11 84 83 21 93 45 74 72 35 9 107 26 53 4 80 97 36 118 118 47 86 103 15 55 19 37 71 80 104 18 48 0 116 3 61 100 41 57 110 79 68 118 119 49 2 104 23 47 50 77 92 71 38 3 93 89 105 77 26 27 116 11 118 16 84 38 72 
8 29 56 16 2 35 28 36 1 72 40 113 53 91 21 101 49 65 110 9 115 119 44 57 46 104 12 46 61 121 87 42 21 36 42 41 58 80 10 114 111 10 77 36 111 95 0 55 21 60 111 32 3 99 68 74 96 26 78 83 68 110 104 25 15 118 51 114 112 33 105 106 28 61 33 16 26 90 57 76 101 
38 108 59 13 55 38 120 69 35 70 99 122 55 21 87 114 1 105 101 90 114 103 83 2 29 112 6 15 2 88 57 52 33 65 85 28 96 71 108 78 34 14 80 44 93 87 8 0 80 7 13 30 96 121 6 38 4 53 114 74 11 110 15 51 119 96 90 63 92 80 108 117 91 104 26 4 60 8 57 113 118 
64 39 9 12 116 47 60 81 108 57 21 84 28 121 118 68 119 112 52 92 121 27 51 108 8 105 94 68 19 40 30 51 107 83 77 52 118 35 31 50 62 48 46 115 83 106 73 43 0 18 28 17 3 59 101 86 69 23 79 85 34 29 3 115 25 17 43 80 109 123 81 12 58 112 57 113 114 36 89 12 123 
23 36 33 117 26 48 12 51 99 37 111 50 35 123 62 29 57 107 39 46 6 70 15 87 89 42 83 78 115 69 28 35 103 31 31 21 12 84 26 103 93 103 12 98 74 84 76 98 15 0 80 24 124 36 86 40 106 40 43 37 68 7 88 55 121 95 27 117 76 89 39 6 96 124 57 104 74 8 107 83 82 
5 90 17 102 76 57 40 104 65 11 6 81 66 67 98 61 9 39 123 22 16 118 18 16 89 11 61 56 59 87 29 117 97 28 103 67 6 43 58 90 23 54 91 32 42 50 85 112 13 11 0 94 93 35 118 120 79 90 109 24 115 43 118 110 84 19 89 35 95 68 25 12 100 45 10 70 28 59 25 69 119 
29 46 53 109 89 43 33 40 23 56 9 65 31 13 1 83 60 71 86 33 91 73 89 80 81 27 84 88 45 124 67 26 9 74 74 92 82 18 89 41 32 76 69 123 41 117 101 82 38 37 84 0 86 122 90 47 94 111 99 118 89 106 4 60 7 72 38 29 48 68 24 117 62 55 88 112 112 30 124 43 54 
27 43 29 18 17 48 16 94 52 110 40 28 95 21 77 70 79 80 73 101 15 23 116 26 59 93 86 63 7 28 72 23 90 90 88 97 101 15 86 40 9 82 16 79 35 23 97 99 79 122 119 29 0 34 31 39 93 32 68 4 115 91 76 62 106 119 38 40 46 98 124 89 71 115 77 112 72 89 33 7 16 
123 21 94 77 33 108 61 102 88 44 56 107 69 70 13 54 73 64 17 115 99 72 79 68 28 10 6 3 43 103 80 10 9 61 80 121 98 117 36 68 11 29 44 2 13 104 61 23 26 18 11 107 74 0 27 63 93 48 7 16 71 120 61 23 85 109 13 92 117 31 51 90 45 54 68 40 41 37 39 10 52 
37 33 103 118 21 7 39 88 63 31 85 13 43 28 14 75 16 46 71 94 66 89 111 86 20 17 53 99 97 93 94 70 12 83 25 15 122 78 74 81 70 108 73 80 74 124 102 23 33 41 93 78 101 84 0 95 3 47 78 16 85 57 4 60 55 121 99 69 12 6 57 102 79 14 53 69 74 92 107 122 118 
13 98 17 9 59 55 87 95 81 122 84 120 69 42 11 100 53 65 121 100 57 14 84 50 54 105 79 33 93 68 78 45 28 29 21 41 52 18 101 105 75 6 82 92 59 65 53 65 96 119 11 71 27 39 87 0 100 101 43 64 48 118 66 1 1 110 84 49 97 90 88 69 109 78 68 85 77 25 91 85 115 
17 66 57 90 74 51 7 18 55 78 79 22 41 110 48 2 53 71 10 108 20 101 89 11 51 57 90 30 12 112 99 31 58 41 92 28 60 74 111 86 72 59 55 45 86 81 106 24 32 25 62 9 68 15 22 78 0 22 13 50 54 90 68 63 101 87 76 81 49 29 23 66 82 58 72 36 79 14 9 38 88 
119 12 121 94 111 121 109 8 27 83 43 44 72 113 20 101 121 110 122 40 9 89 40 29 77 100 42 13 124 43 124 60 105 28 26 67 19 75 27 5 102 10 72 93 13 20 101 42 33 63 6 13 56 12 2 41 116 0 70 71 27 72 21 99 34 31 120 117 25 58 22 49 65 9 114 114 80 120 42 115 73 
101 23 113 116 111 82 86 104 109 73 121 20 61 28 56 31 101 119 116 121 107 76 121 107 89 16 61 95 37 102 14 108 11 86 117 37 49 5 17 57 111 51 111 108 120 38 57 31 19 65 95 23 97 22 123 36 35 9 0 6 98 63 46 103 51 32 86 116 51 59 9 73 46 27 123 101 41 57 24 91 43 
15 44 107 17 103 115 45 108 40 82 110 40 70 36 82 89 16 83 77 27 109 41 94 62 46 69 32 9 122 7 18 62 24 93 44 5 95 54 45 42 18 64 98 36 78 5 5 65 78 78 19 58 57 53 85 30 122 85 61 0 35 99 67 72 106 5 91 1 119 117 83 26 64 105 83 112 55 7 41 47 86 
110 51 33 7 98 47 116 46 81 88 39 109 42 72 90 84 8 60 12 38 100 100 29 107 108 94 60 35 81 61 101 22 112 119 83 88 18 39 87 77 90 96 74 124 107 99 84 103 2 114 117 48 123 74 71 121 21 66 49 47 0 61 90 75 13 42 104 39 106 120 70 91 57 23 4 69 8 11 18 86 3 
33 43 83 36 53 38 38 88 32 108 81 40 40 93 13 24 6 9 2 97 51 36 52 22 27 5 82 38 24 73 36 61 26 108 111 16 64 83 84 103 88 91 26 13 22 72 8 6 73 21 36 9 94 15 97 81 86 28 15 50 13 0 85 65 94 78 31 7 115 7 117 84 25 97 103 43 113 59 94 58 25 
100 86 92 59 107 64 109 64 43 45 46 98 87 63 96 27 43 96 47 38 43 92 36 118 90 18 112 115 107 7 12 119 91 95 40 103 11 9 67 37 35 21 56 99 108 38 7 7 104 109 107 35 71 19 77 75 31 124 9 13 44 6 0 81 16 47 49 101 47 31 55 107 121 67 39 9 77 112 61 7 16 
15 108 27 89 122 62 9 124 10 7 30 52 24 18 124 27 117 37 56 42 116 87 105 65 67 81 15 111 112 94 105 106 73 83 79 112 25 18 96 45 123 54 7 37 64 51 57 35 68 102 91 48 76 114 98 119 99 89 26 4 115 18 7 0 101 114 77 1 97 25 65 22 45 63 107 4 38 113 91 39 40 
12 76 108 72 44 66 120 59 124 55 7 10 51 15 123 14 16 25 77 78 123 17 109 21 23 68 25 56 102 3 14 68 66 89 10 75 65 12 12 79 4 61 116 23 17 46 100 88 83 24 112 24 82 52 43 77 16 72 78 98 29 27 118 84 0 25 7 89 29 20 15 39 69 107 82 96 39 62 54 110 108 
24 82 4 2 75 22 91 37 91 18 62 31 56 105 123 39 37 91 75 82 37 47 58 78 63 38 5 98 107 55 100 53 85 48 61 68 26 67 21 61 82 49 8 31 48 118 115 16 49 97 57 97 7 32 55 45 73 38 56 24 28 56 79 21 81 0 18 107 81 115 57 15 105 43 26 18 57 4 81 37 106 
79 111 124 116 86 81 34 23 98 99 10 68 110 36 62 4 86 49 79 86 19 81 113 65 59 121 18 50 1 5 48 86 27 68 121 118 72 84 22 55 24 33 97 111 37 98 29 6 67 39 54 113 39 110 113 114 11 17 70 26 63 10 64 34 47 113 0 59 17 99 89 49 44 74 3 58 42 70 65 108 119 
34 101 43 32 70 106 54 71 82 102 116 75 109 77 116 60 63 46 49 1 7 54 14 75 34 72 16 89 38 27 71 84 40 38 71 119 110 62 95 83 77 90 6 14 107 123 38 45 114 81 91 91 106 23 56 107 74 28 124 52 7 56 79 45 19 15 47 0 7 60 52 43 7 105 91 102 45 50 112 10 74 
33 59 5 105 123 5 22 47 107 63 1 61 16 80 56 119 99 52 99 50 115 62 72 43 77 114 1 36 70 111 31 84 37 33 114 15 120 71 105 84 21 66 116 73 57 110 6 10 81 18 81 33 31 66 3 29 40 98 8 49 9 102 18 67 44 21 95 120 0 27 20 26 90 5 66 57 88 8 5 119 36 
117 21 3 111 78 24 29 24 86 27 89 26 1 56 32 50 87 1 52 83 109 2 6 35 101 73 62 47 11 112 25 89 70 6 63 20 36 20 77 100 89 16 11 119 71 41 93 118 31 82 7 124 118 101 22 110 85 58 14 88 111 109 1 117 49 85 74 112 122 0 106 115 45 97 73 29 87 60 55 71 4 
37 103 114 114 121 21 86 78 100 14 12 102 106 5 29 95 6 101 112 29 24 119 47 90 89 115 27 78 72 76 104 102 6 116 115 71 105 58 39 40 91 82 27 88 73 105 118 70 107 27 116 90 117 88 111 77 8 106 107 39 80 88 6 68 35 83 101 83 36 117 0 104 44 121 35 26 3 25 61 57 26 
89 2 29 103 71 114 29 63 98 11 53 47 108 57 67 53 16 112 52 18 3 7 39 44 16 73 66 45 68 34 17 43 88 16 118 46 121 23 41 65 14 16 34 53 11 84 56 16 95 95 46 68 23 122 124 76 118 67 55 117 66 112 3 2 104 107 118 103 51 104 87 0 30 88 114 65 27 48 43 89 116 
74 33 120 98 15 117 38 32 69 60 82 30 23 122 44 75 118 6 5 14 54 25 39 113 68 48 28 18 119 55 100 115 113 122 22 23 78 77 79 7 20 120 29 69 82 116 92 47 21 67 12 20 87 47 111 101 90 22 56 122 35 32 25 86 14 12 36 4 73 56 26 70 0 75 88 63 53 72 13 68 13 
19 24 119 88 66 115 79 89 45 110 14 9 51 50 40 40 69 113 44 19 17 79 55 34 27 21 9 33 18 111 2 29 64 51 30 121 13 76 22 84 21 116 54 124 78 119 122 49 79 24 123 104 111 75 51 119 11 82 104 77 60 84 122 12 14 64 111 38 85 71 84 116 78 0 44 105 54 101 2 80 84 
13 37 6 85 113 77 51 51 83 11 85 30 72 51 45 49 121 53 106 98 16 5 4 71 14 98 21 59 93 26 118 15 21 77 32 68 101 25 2 45 6 30 115 45 15 59 2 20 49 62 34 12 41 10 73 122 1 20 55 105 2 9 124 40 21 86 85 101 71 31 118 45 120 12 0 118 31 112 123 34 41 
12 32 13 96 101 27 112 16 113 47 83 76 80 83 3 102 42 105 88 61 110 73 75 75 43 55 75 55 7 30 70 81 59 114 115 100 111 15 75 40 46 93 107 80 24 113 116 89 40 91 109 27 45 95 95 92 58 81 104 6 108 108 118 39 22 26 103 56 108 3 121 93 69 99 114 0 108 15 117 41 23 
53 74 39 75 103 22 46 39 66 95 74 100 24 55 120 120 82 55 26 37 66 91 107 15 51 90 119 88 104 49 48 110 69 65 46 74 87 97 106 44 119 32 50 15 12 19 106 84 44 9 20 117 100 43 106 73 67 93 22 92 106 65 73 59 31 43 58 41 16 19 102 60 70 100 6 81 0 62 17 77 91 
53 70 96 16 101 31 1 123 41 89 118 76 42 105 76 4 123 54 27 21 41 1 32 119 3 87 32 106 38 108 19 39 51 15 12 63 49 60 86 65 97 111 48 24 38 108 105 85 69 42 32 58 56 19 24 120 69 123 94 51 55 83 88 78 31 122 32 19 106 33 14 18 38 25 88 22 4 0 92 88 115 
109 82 109 38 6 27 108 104 1 103 80 9 87 79 74 49 39 56 92 91 53 63 42 100 109 10 56 111 57 104 49 95 104 106 121 1 15 21 57 14 113 46 71 12 86 116 75 53 66 97 63 78 69 12 26 10 12 42 81 108 5 8 8 38 108 5 88 31 94 66 101 71 70 93 1 102 84 1 0 83 49 
110 108 12 14 5 76 83 90 1 91 29 87 95 91 77 120 5 98 115 55 21 100 3 56 19 105 88 73 3 21 103 12 37 63 97 67 25 40 89 34 45 34 60 85 122 106 84 115 25 32 36 54 3 124 62 6 113 77 120 70 24 36 27 1 47 42 30 85 120 110 69 103 23 77 36 102 60 6 15 0 77 
104 76 94 81 36 22 86 23 88 13 102 84 102 90 51 3 92 124 113 7 32 98 4 63 51 82 35 119 71 21 13 17 124 38 65 122 107 14 65 11 86 17 109 65 100 19 24 100 110 19 86 114 68 11 5 48 89 4 3 63 4 110 4 19 39 122 38 90 99 75 4 112 10 39 43 91 94 107 6 113 0 
