n: 80
m: 2
Pi:U[1-99] 19 32 46 1 71 87 62 68 42 21 92 67 17 26 6 87 59 6 17 53 38 63 40 89 42 7 42 30 98 5 83 67 13 2 56 43 84 10 20 92 49 5 51 22 67 32 18 38 46 32 9 91 97 98 96 41 89 23 94 73 31 26 35 14 56 10 31 95 34 54 58 87 7 30 47 38 91 83 90 64 
Si:U[1-99]
0 36 55 11 43 6 32 35 8 41 99 25 25 99 51 42 70 99 99 99 49 85 66 54 66 99 12 13 34 16 70 15 60 9 22 99 54 57 94 51 99 66 28 99 82 84 7 99 99 4 39 40 7 76 99 99 67 99 99 60 85 99 91 64 51 27 63 63 99 99 99 13 58 99 99 99 99 99 99 13 76 
52 0 39 32 62 35 28 6 4 58 10 66 99 16 99 94 99 99 99 37 37 99 90 97 99 99 30 36 91 27 94 99 76 22 60 67 39 84 99 1 61 6 99 99 91 99 33 28 99 63 88 15 64 46 87 9 30 57 31 33 19 99 78 69 3 18 99 51 25 9 75 69 99 75 15 99 52 57 99 99 99 
5 62 0 63 35 22 46 10 50 38 70 99 99 24 99 7 15 99 84 99 18 99 99 18 76 76 99 99 13 58 99 7 99 76 51 66 25 6 79 36 99 28 99 99 64 46 99 4 37 99 93 99 99 99 84 24 19 49 88 52 99 24 99 75 90 85 99 25 21 99 81 15 85 46 99 37 75 39 99 33 99 
8 8 4 0 53 28 18 12 46 28 12 99 76 99 84 49 81 99 99 12 21 67 73 88 97 99 39 99 36 69 37 45 70 67 48 36 58 90 37 69 91 19 67 91 4 99 39 99 99 55 22 7 45 34 84 93 22 34 36 82 70 90 9 99 9 36 76 54 99 99 99 54 73 6 99 40 64 60 85 99 99 
27 52 52 18 0 9 58 48 36 32 99 99 25 85 4 25 21 16 18 99 57 16 91 15 15 79 21 37 75 4 99 12 43 99 76 27 99 64 30 99 49 10 73 24 21 99 99 72 54 99 99 99 27 30 87 42 45 25 99 25 63 28 99 99 99 15 39 70 31 84 99 99 49 10 16 51 75 60 33 15 94 
1 6 19 45 64 0 54 27 22 38 99 45 88 61 7 9 76 99 25 57 78 9 99 99 99 73 97 7 66 46 99 43 45 16 99 99 99 25 34 99 9 99 66 88 15 49 64 42 99 73 90 72 73 99 48 84 99 99 90 91 75 99 45 24 40 75 37 69 34 99 99 97 46 21 99 28 99 99 57 99 99 
27 20 18 0 61 10 0 64 28 3 63 18 31 54 46 99 16 87 42 99 18 13 64 30 99 99 78 42 49 60 79 69 21 99 28 30 97 99 43 66 69 99 15 99 94 99 99 72 51 99 99 15 52 51 97 91 99 99 99 10 99 99 18 18 46 96 69 91 51 99 15 58 90 93 37 69 61 19 49 6 69 
61 33 62 16 64 59 1 0 53 0 99 70 58 16 99 99 99 82 99 34 36 93 99 43 99 99 1 3 60 43 61 75 36 42 9 34 70 99 99 42 1 99 99 99 57 34 82 99 10 99 99 99 48 99 16 49 93 33 34 33 99 99 99 36 93 6 40 99 39 99 99 85 99 58 99 1 87 43 31 91 10 
10 12 8 8 8 59 52 53 0 60 67 21 64 85 99 45 84 99 90 64 22 3 99 55 99 79 55 70 21 51 31 31 99 99 99 43 27 85 97 46 99 30 99 37 4 99 40 82 99 52 36 99 55 99 63 54 94 99 99 99 81 99 99 99 49 99 39 78 99 34 64 27 99 57 1 72 22 61 72 99 99 
50 51 8 32 24 20 32 5 46 0 90 34 51 34 34 27 12 99 64 18 55 48 45 12 24 99 99 43 1 60 34 84 97 30 67 99 16 7 99 1 1 82 12 99 99 99 34 49 54 94 90 4 99 51 99 93 1 84 30 99 99 81 99 99 79 99 99 61 4 99 13 64 99 99 99 70 28 72 19 81 99 
15 99 94 58 94 99 1 45 21 93 0 30 56 26 38 13 33 58 43 54 4 73 99 99 99 43 54 99 43 33 99 99 99 88 99 82 99 99 9 99 99 99 63 30 28 3 31 99 99 99 67 99 81 10 78 99 87 82 99 45 42 67 99 43 99 97 99 90 25 99 28 87 88 99 60 37 60 85 99 15 25 
43 99 99 76 99 22 60 36 1 1 58 0 41 34 64 25 48 48 14 58 39 55 99 99 1 99 57 99 99 28 99 75 51 19 99 13 82 46 63 99 70 99 66 99 3 99 79 31 99 99 4 75 94 43 85 99 4 90 10 91 55 73 43 99 66 99 99 18 96 99 99 19 31 40 99 48 99 54 37 99 37 
99 51 6 99 10 99 58 99 99 58 6 64 0 30 8 2 24 20 2 26 99 24 69 28 87 78 84 99 99 34 66 18 57 84 99 99 70 93 88 91 99 99 99 99 99 63 96 58 99 99 94 43 85 99 99 99 99 54 40 99 46 52 99 87 99 36 3 99 78 3 61 24 34 85 33 99 99 99 99 40 21 
55 99 85 9 7 99 81 99 48 34 26 40 40 0 27 9 59 62 48 14 9 76 9 78 73 27 31 99 82 7 99 43 33 99 94 99 52 99 96 64 58 87 99 48 6 19 76 73 99 99 58 57 10 43 22 22 18 15 99 60 64 19 6 99 49 70 49 64 70 99 78 93 99 99 1 25 43 67 78 64 99 
46 58 99 99 99 60 99 1 78 22 16 8 28 62 0 10 50 37 14 23 99 51 90 72 33 30 58 99 81 46 54 24 99 99 99 99 6 99 82 99 49 7 99 81 52 7 99 70 42 33 99 84 82 72 99 37 16 42 99 34 99 61 63 48 99 6 99 99 10 3 99 99 13 13 76 61 66 99 99 25 99 
79 99 67 99 99 4 73 99 27 99 60 52 3 44 12 0 14 28 12 55 16 52 16 94 37 99 99 81 99 99 99 99 39 99 33 99 99 34 75 6 6 12 70 48 55 18 73 79 9 57 49 51 64 51 70 3 99 85 99 85 99 55 63 22 27 99 99 85 24 99 63 19 66 16 1 24 99 88 99 84 90 
75 64 94 99 33 99 99 79 10 13 48 0 28 64 12 6 0 2 48 36 99 90 99 51 46 99 46 45 99 6 61 99 94 28 25 78 99 94 99 19 73 99 40 99 9 33 18 99 57 27 99 46 84 18 49 45 81 18 99 70 61 37 46 72 99 94 6 99 24 99 99 99 7 97 28 43 69 27 58 1 99 
69 99 58 90 3 67 16 99 85 97 14 8 38 51 32 16 28 0 16 42 46 99 42 36 99 61 57 99 10 99 99 37 67 99 25 73 99 27 4 10 99 9 18 55 3 99 48 40 99 73 58 7 7 67 99 34 99 63 99 99 21 99 88 99 99 99 81 79 72 75 97 18 99 6 99 99 73 99 21 10 6 
99 19 48 33 79 81 22 43 66 88 26 26 62 12 59 34 12 24 0 47 82 99 99 52 1 43 99 49 48 34 12 99 99 25 99 64 39 60 99 10 99 99 34 55 69 18 21 46 75 99 70 55 75 60 24 99 64 12 7 99 24 99 99 28 46 78 99 87 99 52 31 79 99 82 99 63 99 63 99 99 70 
99 99 99 10 82 15 48 40 99 99 32 21 57 36 30 28 35 60 64 0 99 78 27 90 99 99 99 7 79 9 99 55 99 78 96 54 99 84 99 33 1 99 93 39 96 85 99 54 37 99 99 99 10 82 99 99 36 63 99 15 48 4 28 99 99 99 75 46 97 99 99 88 21 42 67 99 36 99 30 10 36 
99 99 28 99 61 6 24 99 99 66 99 99 72 99 64 99 99 67 99 40 0 8 30 24 59 16 42 28 24 51 45 46 72 48 58 37 28 69 21 61 33 99 6 33 3 63 36 31 99 66 99 46 43 60 99 99 57 4 30 30 55 19 37 25 99 76 84 94 99 99 15 48 67 52 99 99 79 94 79 99 69 
34 63 3 1 52 91 99 72 67 70 84 60 31 13 99 87 57 6 99 99 60 0 3 43 36 28 50 40 57 8 99 61 93 34 99 28 37 34 85 99 52 99 99 64 48 64 24 13 99 99 78 49 99 99 99 94 13 51 27 75 99 99 36 99 67 28 45 78 55 99 99 99 88 36 99 39 19 48 88 6 99 
85 99 99 99 60 48 1 75 99 99 99 78 99 42 99 25 22 99 46 90 22 52 0 9 4 21 63 38 26 22 81 99 3 99 79 99 99 90 21 7 12 99 99 73 22 99 39 42 30 69 99 93 99 18 73 99 33 42 66 99 28 58 42 39 66 60 99 9 99 84 99 99 78 43 99 24 99 99 96 99 99 
91 60 99 6 18 99 7 84 99 99 99 99 28 99 3 82 37 69 21 22 6 10 26 0 52 53 40 52 60 52 96 93 36 99 46 90 10 88 31 48 25 99 99 69 99 99 40 31 36 99 99 99 16 33 52 28 99 99 4 96 64 99 85 37 16 99 22 72 81 64 76 99 99 4 48 99 48 55 88 99 22 
64 45 7 25 97 99 22 99 82 21 66 99 99 99 61 99 99 99 21 16 45 18 52 22 0 7 34 18 64 42 12 99 99 73 67 99 99 99 99 31 18 36 76 25 76 24 94 66 69 51 93 99 6 99 99 28 1 31 64 7 28 99 52 37 42 30 79 99 99 18 97 99 99 99 24 55 34 99 99 99 69 
30 45 99 15 99 36 99 99 55 72 12 42 99 9 79 99 18 99 27 99 58 32 10 26 15 0 27 14 52 3 6 79 10 87 22 99 88 10 99 67 69 24 19 1 99 99 64 45 99 63 25 99 43 99 36 45 99 99 34 61 69 1 12 99 24 88 99 97 42 93 67 4 99 36 15 99 91 19 90 78 49 
27 99 99 99 99 9 99 81 36 99 61 99 99 1 30 55 87 99 99 4 12 64 38 56 40 41 0 41 30 9 54 30 57 99 99 40 99 99 58 99 88 99 99 46 79 79 99 42 99 43 72 45 73 34 99 49 99 48 54 64 75 42 99 21 99 15 91 82 37 99 99 4 49 34 90 87 82 99 99 99 99 
40 19 99 4 73 99 94 99 60 18 99 99 28 99 99 99 94 45 43 93 26 21 10 51 28 4 54 0 15 21 87 72 99 28 28 99 13 99 43 99 96 99 28 85 99 25 82 99 85 75 45 99 99 24 55 99 16 94 15 40 90 99 73 70 72 40 67 72 31 99 73 49 70 79 99 57 99 15 91 54 99 
99 99 7 99 99 78 40 57 51 87 99 99 67 63 24 3 99 64 24 99 24 29 2 40 35 36 22 51 0 43 99 28 27 66 60 84 99 27 63 99 94 99 30 33 99 28 99 99 54 88 6 49 99 51 99 99 34 37 99 9 63 4 99 87 99 30 51 99 66 99 87 34 13 96 22 39 76 99 51 21 4 
99 42 28 97 60 55 70 36 48 99 99 54 13 28 52 99 99 99 43 73 44 11 18 44 64 59 11 26 26 0 79 99 30 39 58 37 28 78 99 99 54 76 60 99 99 60 99 60 99 99 24 99 31 99 67 99 51 49 27 91 6 73 70 45 90 39 46 84 99 70 99 99 87 99 97 91 99 3 25 42 99 
96 99 18 7 99 78 78 90 18 99 66 91 99 19 73 99 72 55 78 99 36 99 76 33 54 99 99 99 24 84 0 9 25 10 46 36 24 14 36 9 31 49 28 25 99 99 99 1 75 99 15 27 99 99 97 63 12 99 99 1 60 69 99 93 43 99 79 72 99 42 72 19 37 85 99 99 7 99 99 9 99 
99 63 99 99 99 43 66 99 99 39 61 91 99 91 97 51 87 42 93 61 55 55 49 31 39 87 78 99 40 99 2 0 57 45 22 6 64 52 25 4 78 69 54 99 66 99 3 99 99 91 99 99 99 94 10 46 7 99 63 99 52 6 99 99 60 70 25 33 61 99 42 99 99 3 19 99 34 52 94 54 39 
34 52 99 99 52 76 42 75 7 48 90 9 94 34 99 96 25 6 51 81 90 99 99 99 99 99 99 63 34 99 65 34 0 30 14 50 4 57 28 16 57 82 99 63 54 15 4 79 99 63 12 99 64 63 39 7 82 36 99 81 99 99 99 99 88 93 99 48 61 39 48 99 78 13 12 72 6 67 67 49 87 
49 99 93 99 10 48 4 16 99 99 54 99 13 90 12 78 99 36 46 54 99 54 70 60 91 99 73 99 37 52 25 46 10 0 20 0 39 25 48 34 78 55 42 99 99 52 99 48 61 12 40 66 75 57 99 76 99 97 43 12 72 67 99 66 1 99 13 99 57 99 67 99 12 34 99 99 99 1 52 82 18 
49 43 60 48 90 69 15 90 10 99 13 63 58 99 52 72 99 84 40 67 99 99 99 22 76 34 99 99 49 99 32 60 22 1 0 8 51 54 13 52 99 36 42 75 99 99 82 36 48 36 99 18 13 79 90 97 99 99 99 61 99 99 99 99 66 49 37 97 60 18 7 99 76 51 52 99 73 99 99 16 33 
58 19 31 45 42 30 99 34 99 99 46 99 52 40 99 99 18 97 54 12 4 43 55 19 99 78 99 99 99 33 6 5 12 45 4 0 65 2 66 56 99 72 99 99 99 99 81 85 99 99 99 99 99 84 99 99 60 93 72 99 99 94 16 1 40 75 49 36 99 99 40 81 99 69 99 90 99 49 31 1 42 
72 70 96 31 60 69 93 31 99 99 99 81 97 64 51 81 99 91 69 99 99 90 24 16 27 18 99 16 63 6 32 24 30 9 57 14 0 56 40 1 67 99 96 60 99 3 99 99 37 22 30 30 99 18 82 99 99 48 3 43 94 99 6 82 55 99 99 61 73 18 93 55 57 99 13 67 39 66 99 1 90 
87 88 99 30 33 52 99 99 79 42 93 67 18 18 99 82 69 36 84 79 55 31 9 85 67 97 66 75 99 99 22 42 4 12 60 54 0 0 32 26 57 99 51 75 61 99 31 99 64 91 57 67 82 25 78 64 52 39 61 30 25 99 99 22 99 13 99 67 99 76 78 49 15 97 99 99 99 19 99 99 99 
21 85 99 73 90 36 99 99 51 16 99 99 84 99 73 99 99 52 99 82 75 9 99 99 22 45 99 9 51 99 24 17 36 54 3 47 44 10 0 29 45 69 99 61 76 60 54 45 15 10 97 99 99 99 57 25 54 78 78 99 60 28 99 97 55 99 79 99 48 97 46 4 99 99 99 33 99 88 91 64 76 
70 99 43 28 82 61 48 84 99 7 16 54 54 13 64 78 99 99 34 16 52 96 18 43 91 61 91 40 99 85 5 44 46 32 51 3 58 4 37 0 37 10 99 79 99 45 76 99 43 73 88 99 42 82 39 93 6 84 57 99 99 69 99 79 99 99 88 97 99 61 99 99 12 3 6 99 21 7 99 27 58 
64 99 99 99 22 99 99 99 3 13 99 99 70 12 72 45 36 55 99 67 19 99 10 6 99 10 10 13 39 90 61 63 16 40 45 36 1 66 76 99 0 45 34 12 45 12 51 47 26 36 16 99 99 99 99 99 10 34 43 34 61 3 33 22 15 96 99 66 3 57 60 99 13 30 10 57 94 28 99 99 52 
9 79 36 99 10 99 24 67 28 84 99 10 99 93 64 99 19 99 99 18 4 99 46 4 76 99 99 99 12 79 79 99 96 3 63 99 99 12 69 60 55 0 20 56 54 56 53 51 22 35 6 64 15 99 46 46 70 85 57 99 99 57 54 99 43 85 94 99 48 99 13 75 99 18 43 99 99 72 24 99 57 
3 99 31 93 99 43 57 39 39 82 6 99 31 48 99 99 18 99 99 10 99 78 99 13 99 84 3 22 70 9 99 19 99 28 99 96 37 90 99 84 44 54 0 44 40 54 58 18 32 59 84 43 99 31 82 99 24 99 88 57 99 97 39 99 93 31 99 73 43 99 99 37 99 91 99 27 9 1 94 12 99 
99 99 84 42 96 12 66 15 46 87 99 22 72 12 51 55 99 99 18 99 99 63 99 57 99 45 61 99 99 99 3 58 67 99 67 4 12 66 79 99 27 38 48 0 65 57 35 42 50 22 99 67 99 99 94 3 28 48 57 57 88 99 7 99 37 99 55 99 52 55 28 93 43 90 22 67 13 99 99 99 97 
6 87 12 43 99 63 36 33 97 37 1 99 63 21 78 46 99 99 84 97 99 67 46 63 99 54 99 99 76 3 99 91 90 46 63 57 87 19 67 93 14 11 6 60 0 44 48 38 52 0 15 54 40 99 79 99 40 99 64 67 1 99 52 99 39 64 99 85 61 99 99 73 99 99 99 99 99 99 88 99 76 
99 88 99 90 94 31 42 19 99 73 67 70 16 61 45 61 24 55 55 36 99 99 99 84 82 99 99 12 13 64 99 76 33 93 25 73 66 49 58 78 65 43 16 46 32 0 8 8 31 7 70 99 99 58 99 99 99 46 31 99 90 76 66 28 67 15 87 99 73 42 54 99 34 25 48 42 97 10 27 9 16 
12 18 99 52 34 96 99 39 9 99 15 99 52 45 88 9 55 25 91 90 99 97 84 93 16 54 55 99 25 99 70 63 33 99 37 99 99 46 27 99 46 51 36 49 26 28 0 31 6 22 1 64 61 27 76 99 1 1 12 81 99 57 60 96 99 75 99 99 99 72 36 43 15 25 54 99 57 28 57 25 7 
99 69 27 24 33 79 99 6 96 67 19 49 33 99 90 13 58 55 99 99 99 64 6 12 16 73 90 37 45 40 99 99 99 30 99 63 99 42 9 99 29 38 61 38 9 27 37 0 22 1 99 84 9 99 99 58 97 84 43 67 16 81 3 12 55 99 45 99 3 70 60 36 46 79 31 78 45 58 39 27 6 
99 24 21 66 1 91 22 42 99 99 34 99 94 6 84 99 19 99 99 91 99 99 72 88 51 34 99 99 88 99 99 31 22 60 96 94 99 99 57 99 52 55 11 57 22 64 48 8 0 13 99 99 99 99 99 99 33 67 37 22 99 51 99 75 48 94 64 99 99 99 4 51 73 90 99 7 99 22 99 99 99 
97 28 52 6 99 19 9 10 69 87 99 99 99 72 63 34 91 87 99 48 27 19 66 31 96 16 99 9 99 27 99 51 84 99 70 76 99 93 6 99 24 40 65 18 19 52 18 29 29 0 25 99 3 99 52 57 99 94 45 99 97 57 99 22 34 31 40 46 19 63 99 15 42 81 27 28 10 60 91 19 87 
96 91 28 45 84 36 99 85 25 43 78 57 99 3 46 33 99 10 99 99 88 61 99 97 88 7 99 49 70 99 84 34 99 99 99 99 43 40 81 61 99 79 99 75 21 99 99 55 99 99 0 11 24 46 24 55 61 24 12 25 99 60 99 93 45 99 75 99 72 91 99 99 99 76 25 90 99 99 1 37 13 
99 10 18 57 31 31 61 10 99 55 51 99 46 99 99 64 9 42 33 48 42 69 99 15 99 94 6 99 99 75 84 34 54 69 99 19 31 34 99 84 30 24 78 99 99 88 30 19 31 99 32 0 29 55 60 31 32 5 34 57 78 43 10 30 72 36 88 78 99 79 84 99 4 64 99 99 97 12 57 99 54 
99 52 55 12 72 49 49 12 99 99 45 99 99 12 61 12 7 81 99 99 79 54 12 99 99 36 10 12 81 28 99 28 36 84 48 99 28 99 99 99 55 99 99 99 45 73 30 99 99 31 30 32 0 36 10 14 20 37 23 41 9 79 84 52 99 51 99 99 12 36 61 13 94 99 45 99 99 99 99 90 52 
4 31 54 82 9 46 18 24 99 52 99 7 99 87 9 73 99 45 99 46 96 87 93 99 99 99 4 39 99 99 66 99 99 99 88 24 36 39 73 55 99 90 99 99 3 99 99 97 99 13 66 45 25 0 66 28 55 46 8 65 73 99 25 7 99 34 99 49 27 99 99 13 10 99 43 94 25 99 45 70 99 
99 97 64 15 99 99 3 37 94 99 99 70 15 76 31 99 99 64 6 99 67 85 69 12 99 18 19 99 43 78 99 99 3 99 99 46 18 73 91 99 99 4 99 76 36 19 63 93 99 99 0 25 22 30 0 15 30 14 15 5 69 99 99 78 31 15 33 36 99 99 42 7 60 99 99 49 21 99 13 76 48 
49 99 42 99 99 30 99 96 91 49 99 99 39 99 64 87 24 99 46 69 99 99 19 15 99 28 57 99 99 96 99 78 39 99 60 99 99 99 75 10 18 22 25 99 99 99 99 99 69 46 52 62 66 12 8 0 21 20 8 64 99 99 96 99 18 70 99 55 99 75 99 1 40 64 12 69 79 15 99 99 34 
33 99 90 99 48 90 99 54 64 99 99 99 99 94 67 22 33 37 12 99 99 34 76 3 48 99 18 99 12 42 76 6 33 99 37 81 99 99 99 93 99 99 18 55 99 52 99 99 42 99 38 23 6 4 4 54 0 57 25 10 72 12 39 99 99 99 16 99 99 81 99 45 78 99 99 16 22 82 96 99 97 
52 30 99 99 69 79 21 99 84 48 27 67 76 99 10 90 99 69 6 84 33 21 25 76 99 1 90 99 30 39 3 82 15 99 99 99 25 99 40 99 3 87 22 79 22 90 99 73 99 15 14 28 3 49 48 2 22 0 8 52 99 90 18 99 37 99 99 99 79 99 93 99 94 99 18 12 99 78 3 22 76 
19 52 99 99 99 99 81 99 19 99 79 31 99 81 81 99 94 87 99 99 72 96 99 84 88 31 90 91 28 85 49 37 21 99 46 54 28 75 73 22 43 22 99 31 55 31 78 48 52 55 24 5 26 40 60 56 53 30 0 30 1 33 99 55 82 31 99 73 28 99 99 99 99 97 75 3 58 51 28 21 99 
99 99 99 78 12 94 42 99 13 69 48 99 34 13 27 99 99 18 88 99 99 72 3 99 10 90 33 42 99 10 24 54 99 85 84 99 96 99 33 99 10 99 82 99 37 94 22 79 51 82 20 20 6 37 1 38 51 52 5 0 3 34 85 46 99 99 42 39 99 99 99 37 64 99 99 99 55 99 25 96 99 
25 55 99 64 99 99 94 99 99 6 93 57 43 57 58 99 7 99 99 34 97 37 99 99 46 76 3 43 4 99 99 90 24 54 99 63 36 22 99 76 78 99 78 22 19 18 66 99 85 34 93 99 30 99 31 99 91 1 25 34 0 0 13 30 10 37 30 48 42 53 60 99 49 99 42 84 99 9 99 60 25 
63 27 9 99 99 12 48 99 18 22 99 18 75 81 61 93 45 99 99 99 99 99 73 66 99 99 99 39 4 99 54 76 99 99 42 46 99 87 99 99 37 88 39 99 30 99 72 99 36 99 93 25 99 99 16 99 99 33 99 99 38 0 7 51 17 31 22 43 57 44 57 94 87 99 9 99 99 99 99 99 78 
22 31 67 12 99 99 99 19 99 99 99 45 55 99 69 3 99 99 76 99 99 76 81 99 99 54 99 99 99 61 79 12 99 39 42 99 31 99 9 16 97 99 87 99 78 99 75 99 96 63 36 91 52 33 99 48 99 82 94 27 53 25 0 44 36 18 53 41 62 18 37 96 39 49 27 42 99 99 99 46 99 
99 39 99 97 91 75 99 33 54 85 66 99 99 16 34 37 99 30 69 99 33 82 4 99 81 99 40 99 66 99 99 9 72 30 99 94 67 99 99 45 99 99 99 99 64 10 79 75 31 99 49 99 67 91 58 27 90 87 45 43 50 48 22 0 12 24 48 27 47 36 94 79 30 67 99 7 99 19 21 27 88 
99 99 57 13 99 30 99 99 99 75 99 93 15 99 99 40 69 15 99 99 96 39 99 10 99 75 99 99 61 99 72 99 82 60 79 78 57 7 99 90 28 70 18 64 16 88 72 33 34 19 28 54 99 99 7 49 64 30 27 61 54 38 60 32 0 7 49 38 4 64 3 60 99 75 99 99 99 27 99 99 99 
99 49 99 1 61 13 94 76 28 87 33 93 72 42 30 15 67 16 99 82 72 42 58 99 99 81 6 58 99 9 37 61 84 16 7 99 99 22 93 75 7 30 93 76 48 34 99 64 99 99 99 42 31 78 94 9 9 99 43 99 52 26 44 38 10 0 44 57 42 56 78 99 96 99 75 67 46 1 7 28 34 
66 3 24 54 78 27 61 66 99 57 99 54 99 99 24 30 99 93 61 34 99 48 46 99 99 39 36 7 76 4 99 52 99 99 84 99 99 94 30 99 99 99 99 22 99 99 96 99 28 99 42 99 99 3 75 19 85 72 99 99 26 24 52 34 11 50 0 64 53 50 99 51 99 67 1 99 33 99 99 10 99 
99 51 69 99 99 81 99 78 79 99 76 51 15 52 87 60 10 13 27 99 15 99 99 52 24 72 49 99 99 13 36 63 91 12 88 3 99 69 99 69 91 90 39 24 88 97 99 90 61 99 99 28 99 94 37 61 78 45 99 99 9 50 42 3 48 10 52 0 12 18 87 51 1 66 60 90 99 10 87 99 37 
99 99 94 73 67 99 4 67 99 34 13 87 37 21 99 60 52 81 12 45 99 99 99 55 12 99 99 52 97 99 70 46 99 81 15 15 99 79 96 99 99 93 24 9 99 51 84 48 30 99 99 73 99 22 73 99 99 76 22 69 10 32 44 64 34 18 35 1 0 39 99 96 99 67 99 99 91 99 58 82 54 
64 15 99 99 48 99 12 99 90 78 72 19 99 91 99 99 37 66 12 99 99 51 99 55 24 99 72 99 99 43 99 84 85 40 99 57 18 99 75 37 75 99 99 3 94 99 99 94 60 43 76 72 87 42 34 78 90 99 61 99 38 2 44 58 13 64 56 14 40 0 99 54 42 84 58 99 70 99 99 99 73 
99 99 88 9 42 93 22 12 40 96 99 55 76 99 87 9 99 99 99 99 28 78 88 78 99 99 99 15 99 36 52 99 73 25 99 97 45 99 16 64 99 36 99 99 57 99 99 99 40 99 7 18 99 3 15 99 93 15 79 99 85 58 81 22 99 99 99 81 21 6 0 45 53 54 14 28 63 65 10 18 51 
61 40 33 99 93 24 31 78 99 97 24 99 99 60 19 99 46 3 31 79 99 79 87 66 99 31 99 94 3 99 99 99 99 99 15 99 7 57 69 84 30 99 99 72 99 22 13 13 64 99 99 12 30 15 1 79 39 75 82 99 87 42 99 10 55 64 99 99 99 31 30 0 40 4 62 28 28 46 18 46 12 
99 10 45 15 9 3 99 96 99 34 60 73 69 96 99 45 99 6 25 94 57 97 18 99 7 69 99 99 66 21 99 99 90 99 67 19 99 99 99 78 84 45 90 19 99 99 99 4 61 7 90 97 24 69 37 75 99 45 36 55 12 54 81 3 99 99 57 57 82 36 66 37 0 49 41 2 2 16 26 57 81 
72 99 1 99 94 19 99 99 45 22 58 10 3 79 78 94 7 99 99 28 99 60 99 13 39 28 48 39 25 66 1 15 72 57 99 55 57 60 99 51 99 28 7 99 99 99 10 93 99 99 99 60 7 25 99 61 9 1 99 39 33 45 99 99 99 48 73 28 79 36 51 46 44 0 59 41 55 7 38 19 96 
88 99 99 75 88 43 96 99 61 78 72 75 40 19 6 99 99 99 97 6 99 52 99 49 70 49 54 99 4 46 99 99 99 99 64 60 99 36 7 99 16 87 16 99 99 99 15 88 4 7 90 99 61 88 99 82 99 99 10 75 63 76 99 99 75 9 75 66 67 13 48 27 8 52 0 36 59 2 64 50 48 
99 96 81 93 9 99 99 73 99 79 99 79 55 99 99 12 51 99 55 90 75 99 60 99 1 43 99 9 99 12 99 81 4 99 99 99 99 99 99 99 36 78 16 90 63 42 99 28 70 33 9 90 37 55 99 76 84 9 99 99 10 28 25 99 76 78 51 61 28 36 32 10 45 54 24 0 4 46 56 14 99 
33 16 99 69 67 37 69 61 21 99 99 99 90 37 40 39 99 99 97 40 76 63 99 99 40 4 99 99 99 99 16 78 54 99 99 99 73 79 1 18 99 61 99 22 6 85 99 34 67 76 99 15 93 43 82 99 34 28 72 28 99 79 48 99 19 15 60 87 97 67 5 50 52 44 16 18 0 62 48 49 69 
76 90 9 87 75 39 99 94 6 10 7 99 12 45 13 85 99 63 75 94 3 94 18 99 76 13 10 99 99 34 99 88 99 16 99 21 42 99 99 76 99 46 52 99 57 99 36 88 99 10 99 3 58 99 99 99 9 90 99 76 39 13 58 43 70 1 3 28 94 34 6 25 12 57 33 53 8 0 28 22 48 
67 76 33 99 18 99 12 91 70 81 33 99 49 72 99 30 70 99 99 34 99 99 78 61 34 99 99 99 99 99 60 36 99 73 67 3 30 79 99 99 22 16 40 28 99 61 82 78 16 37 52 99 94 45 10 6 99 60 21 99 18 15 99 72 99 70 64 15 87 99 22 27 35 61 6 14 65 32 0 4 99 
67 18 99 84 54 24 15 9 99 60 99 99 72 63 13 99 99 46 66 1 99 16 99 99 87 99 99 13 1 45 18 99 99 48 76 24 99 73 6 34 7 91 82 69 63 21 99 93 37 99 30 73 46 82 99 99 52 99 99 99 22 69 28 16 10 99 70 4 66 12 63 28 20 65 37 50 41 15 32 0 99 
40 85 79 99 9 24 27 13 36 78 24 99 99 48 99 18 99 99 99 24 99 99 49 43 42 3 52 76 16 36 6 99 45 99 27 25 99 4 99 99 4 99 46 81 88 88 10 99 99 27 24 99 24 99 75 1 99 93 13 30 42 99 37 93 21 18 43 99 45 27 87 58 1 66 42 99 54 21 87 16 0 
