n: 90
m: 6
Pi:U[1-99] 88 22 99 84 9 90 76 8 57 26 12 69 43 64 41 24 6 24 77 76 97 50 86 51 96 47 18 14 1 46 64 88 97 56 92 72 89 60 29 94 29 79 2 5 10 35 15 87 13 90 40 7 40 26 96 3 3 77 99 99 45 43 51 9 22 27 28 40 8 49 30 99 73 92 32 31 70 19 96 65 52 51 88 58 16 8 23 8 65 68 
Si:U[50-99]
0 87 57 81 89 71 64 82 86 71 53 58 89 69 84 60 81 87 71 67 74 74 92 89 76 86 64 92 75 94 81 60 83 53 88 63 51 70 50 99 66 58 81 75 57 79 77 97 63 66 78 79 94 54 59 57 79 79 53 71 87 63 73 66 60 92 93 97 51 84 82 86 50 65 79 60 87 68 81 87 65 86 94 70 83 85 65 76 79 69 88 
79 0 79 89 51 60 79 97 75 62 92 70 70 84 94 71 68 50 55 53 75 68 54 66 95 72 89 75 56 76 82 50 75 69 60 92 61 87 86 87 66 98 99 88 68 72 74 75 53 92 89 75 56 58 84 70 57 57 60 91 63 81 50 79 52 50 76 50 99 70 74 55 89 98 97 67 85 72 72 86 78 61 99 64 75 75 59 61 75 66 60 
80 72 0 79 95 54 72 60 92 80 85 98 91 84 71 85 53 51 57 76 80 79 93 92 88 88 71 62 56 90 51 54 81 55 65 77 97 93 91 53 98 87 92 89 69 73 97 67 58 79 53 59 69 82 56 83 69 79 78 76 76 95 69 91 99 63 69 68 89 55 76 56 69 55 56 69 85 70 64 97 55 63 96 87 88 88 81 82 96 76 65 
71 72 74 0 98 96 79 91 55 81 84 64 70 70 75 67 86 60 71 71 79 65 64 94 97 68 50 73 89 79 54 78 56 54 94 58 84 63 96 91 94 92 71 70 64 99 53 96 95 70 81 76 57 70 57 66 59 91 90 95 85 75 81 50 67 82 69 75 78 63 66 87 60 86 61 62 58 98 74 68 54 78 85 84 94 77 53 57 84 58 68 
55 65 96 82 0 75 83 85 75 92 84 78 51 56 65 71 79 54 76 95 80 57 54 72 98 55 53 53 75 70 53 99 63 53 88 52 64 60 77 62 83 70 86 88 64 56 78 63 69 62 69 75 77 79 54 77 74 63 80 96 81 84 93 63 70 57 71 92 96 73 84 85 53 70 79 96 72 62 73 97 95 89 57 70 69 79 83 72 85 76 52 
79 81 96 68 66 0 74 66 63 96 55 64 73 92 60 52 84 58 69 66 56 60 85 85 96 99 56 87 92 71 92 64 83 82 56 86 54 54 97 93 88 83 89 74 73 97 64 72 96 94 95 51 85 72 53 54 90 98 73 77 72 70 98 70 70 89 87 85 61 59 69 62 67 91 96 54 52 88 75 85 91 62 50 79 75 91 87 90 50 95 95 
61 79 79 74 58 59 0 52 72 81 82 67 94 83 55 59 78 52 63 81 88 89 67 51 94 96 98 95 89 79 79 72 67 66 84 77 96 97 80 58 82 85 98 54 80 51 63 87 70 86 57 51 56 60 79 92 92 76 95 71 87 59 50 78 86 86 62 73 57 93 50 87 80 55 97 89 82 83 50 53 78 97 56 56 80 96 72 52 55 63 88 
66 64 95 84 83 87 77 0 77 55 59 60 71 85 68 99 90 80 97 93 74 81 86 56 60 79 70 72 84 81 66 92 75 89 82 56 59 99 68 91 58 71 78 90 87 54 84 91 52 89 79 59 90 93 76 85 77 77 74 80 92 54 76 82 67 80 51 66 51 89 86 95 87 87 94 55 83 72 82 68 98 78 64 60 70 96 60 88 95 60 56 
78 56 58 55 59 85 97 59 0 55 97 75 90 64 78 62 93 73 91 98 79 69 68 79 85 62 62 88 78 68 79 76 93 72 57 83 89 68 90 57 67 70 75 95 87 92 58 99 82 95 51 53 55 57 66 89 58 99 83 72 96 56 89 95 50 56 86 90 92 72 62 75 53 65 85 70 65 81 78 80 60 99 71 87 95 75 61 57 71 95 55 
70 86 52 75 72 73 78 99 75 0 89 67 81 73 96 79 57 92 96 79 53 71 67 59 90 59 56 90 68 55 96 68 53 62 57 69 53 72 96 97 97 57 61 81 77 94 68 95 85 89 90 79 51 74 88 62 99 51 58 62 83 74 68 71 64 55 96 99 86 95 70 69 56 52 51 84 71 98 50 50 95 52 95 95 70 83 50 71 90 92 76 
84 91 77 70 67 72 90 69 61 67 0 87 57 75 68 51 98 67 59 69 65 87 84 92 93 84 73 90 86 67 51 60 53 79 71 66 80 87 91 92 84 56 58 91 82 59 59 76 84 54 85 80 75 96 57 82 57 74 52 53 54 52 63 96 80 77 84 86 85 61 66 93 94 91 78 59 84 93 81 65 91 77 61 58 66 98 50 62 87 74 65 
67 53 72 62 53 91 91 95 74 84 80 0 91 55 79 77 64 85 71 90 56 75 93 97 75 52 52 54 58 96 74 65 56 68 85 57 87 83 55 95 83 93 67 77 56 96 70 92 56 83 78 94 73 94 63 84 53 61 67 80 63 96 91 75 55 93 68 54 96 97 82 87 69 83 78 74 88 75 91 54 69 93 81 99 58 91 76 66 96 91 62 
70 60 62 91 67 89 96 50 96 83 98 66 0 76 72 60 59 96 94 52 55 83 65 53 67 83 65 53 50 72 51 71 59 78 92 85 57 79 70 91 51 74 99 58 77 65 81 65 50 50 59 67 69 99 74 69 99 95 81 87 52 87 64 54 70 63 67 57 83 86 55 55 69 86 51 71 61 78 67 50 77 72 67 59 62 79 90 75 66 75 70 
81 81 81 60 98 64 84 56 52 76 73 91 60 0 70 91 54 84 92 76 96 64 94 79 67 62 96 74 68 69 76 86 98 95 90 90 52 89 61 77 92 67 50 67 58 63 91 56 86 84 95 72 68 63 97 84 78 51 77 50 67 84 74 56 84 98 95 73 74 91 88 73 54 63 71 67 83 74 90 63 66 80 66 90 81 94 98 81 84 53 53 
88 64 52 81 80 72 63 71 83 68 58 58 57 73 0 97 63 73 99 76 80 66 78 69 80 60 78 91 66 57 87 72 58 56 86 53 57 66 73 53 84 84 54 98 64 76 85 52 90 55 86 88 95 86 78 97 54 98 52 92 75 80 64 51 76 72 64 68 69 61 61 97 63 78 93 65 82 52 60 61 82 60 58 71 97 62 65 88 83 94 53 
55 76 68 84 51 92 67 89 71 67 55 76 89 63 51 0 82 90 73 66 67 67 86 77 69 58 69 80 74 55 72 81 78 58 61 62 80 89 88 58 89 59 88 91 81 61 78 78 62 63 86 77 73 68 89 75 78 84 67 59 52 86 75 97 79 82 93 72 61 97 83 95 70 96 70 56 77 89 67 88 91 71 95 96 55 60 97 56 62 70 86 
85 59 74 83 86 92 66 79 74 72 60 72 79 65 65 69 0 94 88 67 99 83 51 84 83 93 50 87 77 51 65 51 53 81 76 62 84 93 64 86 98 74 77 82 50 70 56 69 91 62 82 52 94 75 75 80 60 54 85 97 77 92 61 81 56 58 85 87 87 56 77 64 68 55 64 86 52 91 65 82 58 56 80 52 60 84 59 63 91 67 69 
74 95 94 82 78 77 84 52 84 94 66 66 58 94 88 68 79 0 95 63 50 84 70 53 91 84 81 65 61 66 94 95 54 74 65 69 60 76 88 84 81 97 96 72 73 82 90 86 80 90 81 65 89 80 72 98 90 62 87 56 74 52 76 75 80 92 68 57 72 77 98 73 59 86 65 78 58 69 75 82 63 70 73 71 61 82 86 86 92 95 56 
73 61 84 64 53 51 96 87 88 67 75 91 62 90 70 54 56 67 0 93 90 91 87 95 78 71 50 86 78 98 58 71 78 78 70 80 93 93 81 97 72 90 71 81 94 78 76 58 54 78 67 86 77 80 70 56 86 71 59 85 68 78 51 95 67 56 51 74 59 81 83 54 97 87 54 79 61 88 69 82 72 89 73 71 51 64 77 65 50 58 63 
78 50 64 76 73 61 71 76 95 65 61 85 82 64 87 87 55 75 91 0 50 63 89 76 62 66 94 81 78 91 58 71 62 84 93 82 96 60 66 80 77 76 85 86 81 91 68 80 75 90 66 99 97 84 67 81 72 68 99 54 75 92 68 57 79 89 70 75 86 76 78 56 85 83 61 69 63 70 95 76 70 72 84 52 72 71 81 76 91 84 95 
85 83 85 71 89 87 99 88 76 53 68 98 87 94 72 71 51 53 56 53 0 90 65 55 69 96 76 51 86 59 51 76 68 66 67 93 55 95 52 60 69 71 55 83 68 75 82 96 88 93 88 60 87 55 69 86 80 78 91 68 53 81 79 63 93 87 92 99 76 83 75 78 83 55 60 71 86 74 76 79 96 97 51 60 85 61 67 86 91 63 83 
53 89 89 91 52 54 83 83 92 95 54 51 72 67 69 50 52 91 75 98 67 0 75 57 97 82 91 89 82 80 51 66 92 71 55 85 97 85 95 80 94 62 50 92 91 81 77 51 74 88 83 69 89 79 80 86 83 93 87 78 95 62 91 69 84 88 52 91 92 60 75 95 98 67 53 67 77 79 81 67 60 90 52 90 98 97 77 88 52 55 75 
90 77 89 84 61 88 64 65 72 51 86 65 64 86 67 65 54 92 50 73 73 81 0 92 50 56 94 59 68 63 71 60 88 73 77 93 86 67 53 81 52 77 70 62 95 98 89 63 64 62 64 68 77 87 68 92 79 50 50 77 67 60 62 86 92 61 57 54 87 92 94 63 66 94 81 64 89 71 88 55 57 59 54 99 98 69 54 87 53 63 55 
92 84 80 87 82 63 79 96 67 54 51 93 95 60 82 85 57 96 77 66 66 97 81 0 96 82 58 94 91 82 80 55 77 90 74 87 92 85 59 87 87 71 54 88 60 75 71 86 76 86 84 55 94 64 65 62 93 55 56 75 90 82 55 99 57 70 78 62 70 80 59 93 89 55 59 95 67 52 56 50 66 82 61 72 78 83 58 97 86 51 65 
91 65 58 71 58 97 68 51 70 64 59 91 73 93 95 78 78 94 76 66 63 54 93 73 0 85 69 87 73 87 77 68 57 81 55 94 98 89 75 87 72 50 94 83 69 79 52 82 80 99 84 67 89 81 73 91 62 91 97 72 93 98 88 53 69 55 93 55 72 85 70 78 96 71 93 97 60 61 90 70 59 52 84 67 71 72 69 73 97 55 56 
71 83 51 75 68 83 92 53 88 92 99 74 65 90 97 75 57 80 62 65 52 55 82 73 70 0 66 97 93 86 80 89 86 79 51 80 93 77 86 88 58 58 97 98 69 94 52 68 67 64 72 99 96 97 93 84 90 81 54 61 76 61 55 75 91 67 89 63 78 77 59 54 64 67 80 80 72 86 89 61 97 61 94 66 52 67 70 80 68 69 89 
89 98 80 59 71 70 52 70 73 73 76 80 82 61 70 55 85 50 92 68 67 70 85 92 84 97 0 63 72 88 69 72 74 86 92 77 93 95 85 78 81 67 70 80 65 55 62 74 78 87 80 86 73 76 89 71 80 69 57 73 98 83 59 99 97 56 93 74 70 63 73 50 60 73 65 91 52 73 85 61 98 59 58 72 51 55 99 65 61 90 77 
68 87 61 66 92 60 61 65 88 76 76 58 50 63 85 61 81 50 64 51 89 52 70 73 79 98 55 0 72 56 80 87 85 80 81 66 97 59 64 93 79 85 83 90 99 97 67 68 70 53 74 65 61 63 98 82 88 72 77 71 99 92 84 53 54 62 98 54 98 90 94 94 78 81 90 89 62 66 61 54 67 99 53 60 53 89 96 91 64 89 90 
83 94 84 67 66 71 95 64 61 63 59 86 62 78 59 85 54 71 78 85 58 65 79 82 83 95 90 50 0 98 64 75 52 74 61 87 60 63 73 98 78 82 84 90 59 97 60 61 92 88 65 91 58 88 56 98 61 54 63 73 85 81 85 76 81 62 63 69 94 70 61 99 93 98 83 65 58 66 56 68 84 71 57 82 72 50 99 90 56 52 64 
51 79 86 89 72 89 99 92 68 70 50 52 68 62 70 52 55 50 51 76 68 58 91 71 72 90 61 75 85 0 89 81 69 91 94 54 93 74 57 69 67 61 87 73 96 83 71 56 74 68 92 71 96 64 99 57 76 88 55 58 56 68 81 60 68 96 85 54 94 85 90 88 69 62 65 94 79 58 98 63 81 96 63 59 74 60 55 51 59 81 85 
78 56 61 79 59 82 86 86 69 70 91 81 54 97 93 92 77 91 66 65 54 97 64 56 76 50 69 58 74 59 0 63 63 57 82 57 72 60 69 70 70 80 87 62 63 62 64 59 93 87 84 84 82 76 72 86 56 91 73 86 69 63 55 66 81 50 98 64 83 52 66 63 52 80 72 57 98 76 82 85 50 83 87 81 62 62 71 97 94 62 52 
81 71 94 93 92 65 71 81 64 94 77 50 54 69 54 58 69 96 66 92 86 93 57 88 57 88 94 89 92 59 90 0 79 99 62 78 79 72 67 58 61 94 60 51 76 74 55 86 98 60 72 63 78 75 79 87 72 61 97 65 69 50 72 80 75 85 50 59 83 88 82 79 67 53 57 67 73 83 81 60 83 59 96 84 51 53 53 76 90 92 91 
60 51 92 79 89 63 94 75 64 85 68 75 99 98 52 83 78 86 61 59 91 90 75 67 91 86 71 51 81 75 94 65 0 67 90 69 85 93 56 62 62 92 73 73 62 77 90 58 62 68 89 59 88 63 64 97 52 89 77 98 89 92 74 83 69 92 87 71 89 78 84 66 62 90 68 94 85 79 52 74 52 93 61 75 67 89 59 70 72 82 93 
76 98 61 80 66 51 86 64 85 92 76 85 97 77 86 54 86 86 59 85 59 58 54 73 87 50 88 59 63 51 95 76 65 0 55 87 92 57 77 54 94 81 68 71 52 58 68 87 58 96 74 71 61 83 79 72 63 63 66 51 64 68 79 70 87 76 81 56 92 53 83 79 64 53 55 99 70 79 52 74 58 82 84 98 94 73 69 98 54 86 91 
66 81 88 60 88 57 71 74 51 61 64 66 74 91 54 95 84 57 75 73 90 67 99 67 65 96 84 54 53 65 99 85 87 98 0 71 99 72 95 66 68 72 54 87 84 85 63 60 58 81 54 95 61 57 91 91 67 53 72 95 75 91 57 53 56 91 77 68 60 92 60 53 92 87 77 70 86 60 74 70 56 97 71 95 96 80 98 61 82 76 84 
61 94 78 66 91 82 67 77 93 99 93 74 57 80 94 79 99 62 60 51 94 85 57 61 82 83 51 55 81 52 74 55 84 57 78 0 93 96 66 68 67 93 94 99 90 73 95 69 53 78 91 81 68 77 93 58 90 67 82 74 89 82 63 76 90 93 50 89 98 66 77 99 91 51 70 94 65 54 60 56 99 97 91 92 92 53 75 84 64 91 71 
60 84 97 87 90 82 65 97 60 95 59 95 82 96 71 72 82 70 50 95 97 55 50 65 73 50 81 73 54 54 87 67 53 58 57 56 0 97 85 53 84 83 57 95 52 72 93 91 58 79 75 61 64 94 80 79 75 90 59 70 98 60 57 57 92 59 98 61 58 76 56 82 69 84 71 74 55 66 86 70 56 71 72 57 90 60 51 80 60 95 90 
72 76 67 53 51 69 52 84 98 94 97 81 93 73 54 51 64 88 74 90 72 96 62 92 85 76 52 69 72 70 92 73 93 54 84 73 97 0 99 61 62 52 77 96 94 56 78 64 66 88 58 74 66 77 54 50 52 80 83 82 98 87 74 82 87 86 91 91 55 79 76 87 55 94 57 76 93 77 76 83 90 79 73 98 59 83 92 96 62 66 70 
51 72 79 76 79 78 59 82 55 83 97 68 57 67 87 72 83 67 56 81 91 72 91 77 65 76 54 79 64 88 66 81 81 87 96 67 75 88 0 85 85 87 66 76 77 93 68 65 68 51 53 62 72 87 98 58 81 64 90 66 81 62 58 70 67 60 95 66 81 91 81 52 64 61 93 76 59 79 72 79 83 98 54 54 78 98 56 93 78 75 77 
91 92 61 66 75 68 57 65 83 93 70 78 53 78 93 74 73 73 82 74 68 58 52 51 75 69 53 90 50 65 81 80 80 87 96 57 89 55 94 0 95 77 80 83 58 80 51 50 67 70 82 61 54 89 82 69 51 96 56 67 67 91 79 61 55 65 70 68 80 88 74 80 84 93 71 62 81 76 82 98 65 61 70 89 77 60 79 80 55 65 73 
94 51 80 69 97 59 95 85 97 80 70 57 85 69 85 71 65 84 88 52 92 50 80 85 99 52 85 80 53 82 85 89 51 97 71 51 63 89 66 57 0 64 58 84 64 94 81 50 96 53 87 65 52 90 59 64 53 68 90 70 51 91 81 61 87 72 89 76 59 50 68 95 53 71 85 82 64 57 50 64 54 74 81 63 60 97 69 78 59 65 54 
50 76 97 89 61 53 79 81 84 97 75 60 73 93 75 84 58 77 73 73 82 79 60 97 86 79 86 82 96 52 96 53 50 69 83 88 75 52 88 92 92 0 65 64 80 68 66 54 61 72 59 73 74 99 79 65 95 75 71 61 71 83 59 66 65 50 63 70 66 79 74 53 65 72 56 50 70 64 51 84 56 71 59 64 83 56 61 89 84 86 51 
78 98 72 76 83 84 89 61 60 51 75 75 99 76 59 66 61 53 58 94 59 78 84 57 85 87 95 60 58 70 72 68 50 87 76 69 78 88 52 83 96 96 0 67 83 59 90 69 91 68 50 91 80 84 53 92 97 62 94 54 92 87 58 92 78 95 59 71 62 72 67 54 81 88 79 53 65 95 64 90 92 72 61 50 58 77 75 99 59 67 80 
71 68 94 69 62 52 95 60 69 68 60 99 98 56 59 82 75 85 68 85 86 84 68 86 78 66 79 95 70 61 51 67 89 56 83 63 67 99 94 50 82 63 78 0 64 86 66 80 86 85 73 82 87 85 92 62 89 79 50 63 79 78 64 55 54 90 88 67 85 88 98 65 68 88 93 61 90 53 65 86 75 60 72 73 88 51 61 92 60 58 67 
77 62 89 83 64 87 67 67 67 60 97 79 50 61 56 65 67 53 67 52 85 73 67 79 88 66 79 82 92 80 62 76 74 52 99 68 54 81 91 65 77 53 73 69 0 98 62 81 95 67 85 95 64 51 63 91 65 81 95 71 67 65 73 93 88 87 67 82 95 54 63 50 67 85 55 99 83 60 67 80 92 66 82 83 70 66 92 92 82 88 70 
55 90 79 89 59 52 83 83 96 89 51 75 67 98 65 57 95 93 98 79 69 53 84 80 78 81 76 90 94 92 63 51 79 79 56 73 61 99 78 95 90 54 55 81 89 0 93 91 80 64 53 72 86 94 58 94 70 62 50 87 87 73 69 97 53 82 59 62 68 82 68 92 65 64 57 57 73 78 76 62 67 77 78 64 52 79 78 93 73 99 97 
88 79 58 55 97 58 99 90 97 83 53 62 91 87 83 81 93 66 98 87 58 52 56 59 89 75 69 54 98 81 95 82 95 91 68 83 65 85 52 63 83 85 60 75 55 92 0 68 72 89 91 78 52 58 96 81 69 75 96 99 68 63 91 74 56 88 58 53 75 65 68 84 78 76 54 71 61 57 99 81 80 54 61 76 99 72 74 82 52 80 96 
59 62 80 94 65 60 55 80 56 55 78 57 63 99 93 53 93 54 81 50 67 63 86 93 92 84 90 94 94 80 95 61 73 95 86 90 63 60 99 98 63 85 82 57 50 50 54 0 63 76 52 68 81 79 51 87 82 60 80 57 51 99 52 50 96 75 64 67 56 60 52 54 97 78 53 52 94 92 64 91 90 58 71 66 60 50 64 94 71 81 99 
96 94 56 74 89 74 65 67 64 72 63 87 59 67 82 97 52 79 75 60 65 50 61 93 65 67 98 95 54 98 71 70 68 84 68 96 70 91 55 69 99 50 99 97 99 99 73 96 0 52 66 54 94 55 60 84 92 83 64 68 91 88 76 94 85 59 79 66 94 75 84 64 72 50 75 77 78 73 92 56 91 95 54 85 61 89 70 79 71 85 60 
92 53 81 85 79 79 99 52 88 82 99 91 67 62 96 91 52 76 86 93 87 64 91 60 51 67 82 51 63 99 62 70 71 63 52 65 73 93 79 74 87 58 98 92 68 70 65 99 62 0 75 91 78 88 70 85 95 80 52 96 84 95 57 57 52 53 99 81 70 61 84 89 69 65 75 93 64 65 51 98 90 77 88 67 86 82 88 87 56 69 63 
67 96 72 83 50 72 78 92 80 57 74 83 57 50 87 85 62 75 54 74 86 97 72 64 91 68 59 60 86 73 87 53 87 78 59 57 85 94 51 89 81 66 83 91 80 76 51 55 59 64 0 95 71 66 72 70 71 89 59 59 66 91 89 71 64 64 54 51 95 77 66 77 94 51 87 88 86 78 89 72 51 94 54 64 69 66 88 59 69 90 77 
61 93 96 62 75 81 79 70 78 70 50 91 55 65 51 68 54 99 53 78 65 79 52 56 61 88 50 75 85 93 65 99 67 93 62 65 53 52 91 50 73 63 66 82 79 63 86 78 54 59 87 0 98 66 85 50 59 75 74 95 68 81 69 65 78 72 94 59 78 53 83 92 70 86 73 84 61 55 93 81 88 99 88 56 89 87 91 63 62 95 82 
85 65 75 82 96 75 78 74 50 78 97 61 67 80 80 56 86 96 73 55 59 76 63 76 66 54 84 85 51 63 60 89 56 58 81 79 91 87 70 73 52 88 68 97 63 83 93 57 52 81 87 64 0 60 87 72 99 91 92 93 55 91 54 73 94 66 91 87 70 97 93 84 66 73 98 63 78 71 50 79 76 99 98 94 92 50 71 84 79 51 98 
56 80 94 62 93 72 61 67 74 73 69 62 81 60 82 77 59 80 93 50 83 89 50 87 85 99 94 53 85 71 65 75 52 98 91 95 71 97 92 68 87 67 94 89 98 79 52 70 73 54 96 56 85 0 54 90 77 56 52 68 70 89 52 64 65 77 57 99 74 76 93 90 80 97 74 58 78 58 88 76 59 55 52 79 95 85 61 55 67 72 67 
52 92 69 72 83 71 68 83 83 97 56 86 64 65 73 72 86 57 77 80 85 65 51 56 74 79 72 89 96 76 54 57 79 68 51 94 61 94 95 75 51 50 70 94 85 69 51 96 72 74 72 59 85 56 0 53 96 92 92 68 65 90 67 82 66 81 55 94 99 98 76 76 72 56 89 90 72 60 71 64 94 73 66 90 90 94 55 89 94 81 94 
95 78 72 56 82 92 77 78 80 87 92 91 51 57 71 54 90 98 79 93 52 54 91 80 57 61 87 59 52 75 72 55 59 50 61 51 75 60 69 63 71 91 94 58 73 94 92 96 78 80 89 70 72 87 96 0 99 62 85 74 78 74 54 68 80 89 74 83 77 80 67 65 68 85 84 72 68 52 57 91 82 62 62 83 97 53 78 83 79 79 76 
57 50 55 79 75 99 57 77 80 61 53 80 79 71 77 64 89 93 89 52 83 59 91 65 76 61 66 94 72 81 96 56 65 67 81 96 75 78 88 78 87 57 95 95 99 99 83 89 52 98 98 97 91 82 69 82 0 72 90 50 52 69 71 66 67 57 82 96 69 91 88 53 66 53 69 58 75 79 60 52 76 71 53 98 60 71 63 74 53 86 79 
86 77 83 86 84 73 51 66 70 67 58 83 80 94 57 83 60 83 68 50 68 75 97 74 87 75 79 87 85 59 92 92 54 75 54 53 92 62 75 78 71 78 96 71 65 84 79 96 66 63 98 59 81 92 74 60 86 0 99 74 86 50 98 84 61 89 98 70 51 83 54 50 59 88 95 97 61 69 57 96 52 50 73 71 83 86 68 98 99 78 75 
82 65 81 67 67 80 99 63 54 79 95 74 57 90 89 78 96 92 91 67 59 69 72 95 68 80 94 60 56 62 62 81 70 97 66 64 72 54 51 54 88 80 97 59 65 70 64 90 79 57 96 97 89 84 77 98 50 64 0 97 85 93 72 51 52 57 55 62 56 90 65 67 59 86 81 58 82 66 94 52 59 78 76 85 98 51 76 95 56 51 59 
71 78 71 72 60 87 85 91 75 76 57 95 57 70 99 63 94 91 92 75 68 63 51 52 67 74 56 85 88 54 72 69 71 91 96 60 89 70 75 90 69 68 59 98 76 80 76 54 77 70 50 90 81 89 52 53 62 55 58 0 57 82 61 62 85 98 70 68 60 89 70 59 88 55 68 60 73 99 65 50 73 82 54 81 99 85 66 70 59 81 94 
64 92 59 99 73 50 59 74 55 55 93 96 75 65 96 50 71 69 68 82 71 71 98 93 73 95 55 79 96 93 95 83 94 75 71 96 55 75 87 91 50 91 60 66 55 86 87 98 86 72 91 80 97 95 66 90 62 59 93 50 0 85 97 84 90 85 56 54 89 87 82 88 95 51 71 52 50 66 60 99 88 64 88 86 97 98 96 69 85 77 62 
72 63 67 82 86 67 58 96 91 96 93 79 89 73 97 96 65 78 72 58 59 68 69 81 98 97 81 92 94 55 99 79 57 83 64 58 84 93 58 73 70 56 60 60 72 99 66 64 56 65 69 62 91 89 76 51 54 56 98 56 96 0 83 91 67 56 75 71 95 86 51 66 81 93 78 99 54 69 50 86 80 62 78 86 86 97 81 86 66 69 84 
82 59 96 72 52 59 97 73 67 91 91 64 72 59 64 72 79 83 97 80 56 87 68 55 99 57 66 87 92 67 98 77 86 55 89 79 52 89 57 90 84 78 67 86 60 72 82 76 84 53 57 70 82 97 94 84 78 59 56 90 59 65 0 66 98 74 59 51 67 54 55 70 66 66 70 98 60 69 82 85 76 54 55 81 76 94 91 62 61 65 65 
78 58 88 69 56 64 51 75 67 90 66 74 76 63 51 50 97 69 74 98 75 91 71 70 93 75 99 92 81 64 98 68 58 76 69 70 91 54 74 77 62 75 83 60 75 51 53 62 59 69 59 97 57 65 80 99 66 88 81 72 68 72 78 0 52 57 95 67 96 55 95 63 82 90 59 56 72 76 54 67 79 83 70 59 70 62 55 50 95 59 91 
97 94 77 91 90 92 81 51 87 84 88 78 74 72 91 87 72 66 96 54 91 92 91 83 73 62 62 91 74 55 62 56 88 95 89 71 75 69 86 67 66 68 93 81 65 62 58 70 65 93 80 71 73 77 83 52 65 79 65 50 72 57 64 98 0 56 64 52 97 78 93 50 87 63 56 82 53 55 92 66 92 55 70 73 95 80 52 51 68 81 93 
82 72 51 73 92 83 78 53 75 55 55 58 76 60 74 79 76 58 85 97 89 71 57 62 89 80 55 93 75 77 86 99 51 90 85 70 63 88 70 68 86 63 79 74 71 64 97 53 67 55 58 64 70 85 53 89 50 63 93 57 80 71 75 51 74 0 86 75 59 64 87 73 57 79 81 69 51 66 78 55 81 61 70 74 70 86 58 67 87 57 69 
63 76 64 76 50 75 65 75 68 65 78 76 54 84 53 73 60 72 56 74 65 71 72 98 74 90 67 64 86 59 69 73 86 87 83 63 67 96 93 55 85 91 56 66 79 64 90 59 90 71 63 62 74 97 82 86 73 97 96 83 55 51 73 87 59 57 0 58 60 94 60 77 80 69 99 73 58 55 58 92 53 60 58 93 53 79 97 97 91 52 85 
55 79 78 89 57 81 54 92 72 95 99 68 62 96 94 66 50 92 92 90 98 76 78 53 90 97 77 65 79 97 56 71 66 93 92 52 63 70 73 66 51 99 83 69 62 82 88 95 82 91 78 52 61 56 73 74 68 55 60 66 68 72 92 98 50 52 99 0 50 52 66 92 68 72 99 86 98 61 63 63 72 63 73 77 88 58 64 95 71 81 83 
91 52 72 64 96 91 88 85 65 82 66 51 67 86 86 54 68 77 76 65 99 57 80 52 71 71 61 68 91 79 73 74 78 94 86 53 70 83 60 94 80 76 65 98 88 57 82 72 89 65 76 95 85 58 55 91 79 58 97 64 64 98 81 92 68 82 63 62 0 52 51 82 82 98 88 93 66 79 92 96 67 78 90 58 57 77 60 84 88 85 54 
93 71 94 98 84 98 53 81 84 57 92 55 77 54 80 72 98 94 81 94 97 51 82 96 86 73 73 73 61 58 57 53 95 79 85 99 63 53 63 52 86 81 61 75 69 71 80 91 52 86 81 76 93 63 82 60 89 63 93 60 53 56 51 75 59 59 92 88 55 0 98 77 86 75 61 98 66 67 75 73 71 88 51 64 75 81 88 60 92 80 67 
73 70 55 84 67 53 76 96 91 81 51 94 58 90 55 60 67 72 62 65 50 72 85 85 55 68 79 86 63 87 87 86 68 78 55 87 83 75 79 82 54 81 66 56 79 90 72 55 69 52 50 97 73 76 54 86 63 82 91 50 78 59 84 82 69 79 85 63 90 74 0 67 85 65 72 81 92 61 60 97 60 82 82 58 62 72 71 84 51 58 55 
86 74 73 79 84 59 84 67 55 99 97 97 84 57 92 72 74 88 98 94 80 90 93 81 64 87 99 94 87 57 62 84 69 61 85 56 90 84 72 59 92 92 68 77 60 60 85 59 69 74 90 94 70 86 87 86 64 97 64 91 75 59 61 83 82 82 54 54 66 56 96 0 84 67 56 89 74 69 94 97 72 89 58 94 86 89 94 61 69 97 55 
60 76 61 92 89 85 85 62 78 65 94 66 62 50 80 90 84 95 87 86 95 57 89 62 70 50 86 65 59 56 74 96 96 67 82 75 80 85 56 95 55 67 89 71 85 79 60 55 78 63 90 57 69 81 62 59 60 58 77 62 78 92 60 52 81 69 91 80 51 88 57 87 0 86 82 95 96 91 80 88 55 75 63 79 55 51 97 55 57 88 99 
80 94 53 67 51 67 57 66 54 65 82 89 86 60 89 80 56 97 59 51 52 74 62 50 72 85 97 62 90 52 90 83 60 69 86 69 50 61 68 59 78 87 75 51 56 96 51 92 53 86 79 53 81 96 81 98 75 87 54 88 62 64 75 78 82 69 63 51 85 97 59 92 61 0 95 67 52 65 56 81 79 88 65 72 93 56 91 90 87 76 55 
78 50 90 94 60 90 82 74 73 61 69 82 71 70 52 78 95 57 89 52 79 97 57 92 71 65 66 78 52 83 85 86 71 84 66 51 69 85 85 99 64 68 79 73 51 55 89 59 59 83 86 85 70 68 53 50 68 67 55 96 55 98 50 97 70 88 60 94 54 84 72 89 89 62 0 98 78 71 60 67 86 88 97 62 95 88 67 76 90 95 72 
78 93 92 79 97 98 90 71 81 84 72 77 83 61 97 71 85 97 99 84 98 88 85 53 91 50 82 65 77 94 72 81 88 52 87 58 85 90 76 58 73 55 52 93 83 95 99 52 85 64 55 52 56 88 74 69 50 95 54 72 59 93 81 99 64 84 66 81 64 53 71 89 75 69 57 0 80 90 92 99 56 78 52 62 65 51 75 71 60 76 64 
87 74 76 64 69 76 64 80 96 91 59 87 96 83 85 64 50 55 92 75 85 94 74 63 83 53 54 87 76 78 84 83 71 55 51 98 69 79 80 80 82 62 96 75 80 74 85 65 95 76 52 78 65 82 82 69 69 59 96 85 52 98 62 79 52 60 79 93 76 67 73 99 89 53 91 57 0 50 67 58 50 86 78 95 81 95 54 95 72 90 59 
88 74 65 87 51 74 71 65 77 94 86 77 83 83 62 85 81 89 83 86 52 90 92 74 79 52 89 68 62 89 86 87 89 84 50 75 62 90 71 64 53 73 80 80 62 83 72 56 86 84 79 69 56 86 73 66 97 85 81 76 75 50 71 94 83 83 67 69 97 79 81 78 54 82 82 64 51 0 54 51 52 93 88 73 81 83 64 66 72 87 75 
69 69 65 89 61 62 98 65 77 53 84 92 92 99 97 56 71 52 51 90 89 81 56 63 94 83 78 58 77 60 52 51 85 79 93 91 91 76 64 83 57 78 57 63 82 59 57 97 68 76 53 60 98 89 64 81 99 55 77 50 74 88 88 53 58 84 71 64 72 76 51 87 72 58 78 65 91 63 0 60 81 51 79 55 59 88 67 60 57 53 64 
81 61 62 53 97 59 56 77 68 77 59 70 74 96 64 69 51 87 72 74 66 77 71 62 56 84 89 63 64 54 62 84 99 82 83 88 68 80 52 83 81 51 83 69 87 99 91 71 76 76 84 67 82 77 84 51 85 80 62 52 96 73 84 80 60 91 82 66 53 89 75 92 74 91 93 79 65 50 97 0 69 76 87 69 98 64 73 63 54 69 71 
96 75 76 82 52 81 70 94 55 56 90 65 63 66 68 79 59 80 59 84 55 81 95 78 82 62 73 73 81 55 78 91 89 60 60 88 92 79 81 82 99 71 64 62 73 78 96 89 79 84 54 70 58 95 93 83 54 94 54 52 68 85 96 51 90 50 78 66 72 73 86 66 71 96 85 74 65 88 60 54 0 90 88 67 81 83 97 75 65 89 79 
52 62 75 76 65 59 77 72 77 95 56 56 91 60 89 96 76 50 72 54 54 67 78 88 50 92 71 56 55 66 54 81 93 87 51 67 92 67 50 67 83 90 50 82 65 71 59 54 89 91 94 97 91 88 70 59 53 91 99 67 65 75 82 55 64 51 93 99 82 76 54 76 79 65 67 79 71 94 76 76 55 0 98 79 88 80 79 50 55 52 86 
77 98 93 57 84 87 84 52 97 87 87 91 89 97 63 80 86 57 51 89 69 74 57 92 64 84 84 77 68 88 65 54 55 71 77 76 56 92 67 65 53 80 57 89 67 88 69 84 75 81 85 68 71 95 66 65 58 55 57 96 97 55 71 67 76 70 84 94 63 90 58 85 59 74 52 73 52 97 50 63 68 92 0 90 81 91 88 94 95 71 71 
51 63 69 62 59 60 82 66 75 70 57 67 73 73 90 57 52 82 69 58 88 80 95 71 63 80 66 81 70 83 83 69 92 70 55 92 69 51 83 82 71 66 91 83 94 71 73 68 85 72 50 72 96 94 53 55 70 73 86 89 70 96 87 73 59 76 62 88 84 71 62 55 62 99 59 94 72 59 76 58 54 63 86 0 61 69 68 54 95 64 77 
87 57 81 53 77 51 61 51 94 96 82 57 78 95 64 61 86 73 69 54 99 71 95 63 51 64 75 53 64 79 70 54 85 83 97 95 55 78 63 90 88 65 59 56 92 98 86 90 57 84 71 71 89 52 91 95 81 51 86 83 55 65 62 91 77 82 66 89 96 88 82 96 59 72 69 59 88 52 63 59 77 87 63 64 0 64 94 73 58 64 55 
54 77 60 60 55 60 89 84 57 59 90 82 65 58 76 68 91 59 63 52 75 50 74 73 94 64 88 59 67 65 88 75 80 88 78 80 83 61 91 92 59 65 83 52 89 95 82 55 76 89 81 52 88 98 54 50 61 70 83 68 82 97 67 54 83 95 96 82 97 97 65 78 64 67 74 67 77 59 90 98 87 94 65 70 57 0 63 98 65 93 97 
67 66 79 95 62 82 76 83 56 57 86 80 88 51 62 92 78 86 81 61 78 57 86 98 85 64 72 91 79 62 72 79 98 73 73 89 56 72 75 67 58 98 81 92 76 80 56 86 95 92 90 69 72 88 98 74 93 64 66 52 51 79 90 82 97 81 90 98 91 58 92 62 88 70 99 76 64 71 51 59 53 55 66 92 77 52 0 91 52 70 91 
57 58 87 75 63 68 57 84 98 72 64 73 78 93 94 57 55 98 76 59 82 89 91 71 74 70 88 81 59 71 86 96 73 75 56 81 75 94 72 75 70 67 95 63 50 74 69 60 88 95 64 99 54 98 66 63 53 88 63 80 73 95 97 64 80 66 76 88 95 88 55 63 70 69 50 82 66 54 84 65 99 99 50 89 52 89 89 0 78 57 80 
80 53 67 90 98 98 72 71 87 87 74 79 83 66 97 54 89 93 71 51 83 91 79 72 50 60 60 65 51 81 78 60 80 78 92 85 92 91 91 89 91 88 95 99 86 80 59 75 97 51 59 84 54 71 95 92 53 98 65 56 61 62 97 96 72 57 69 52 66 78 76 76 84 96 50 96 80 90 72 96 90 92 56 97 95 50 88 56 0 79 67 
77 81 51 98 93 76 70 94 74 69 70 86 91 94 52 54 98 64 63 78 91 70 62 88 99 93 78 64 71 71 66 77 91 92 70 61 52 73 88 74 79 80 72 62 50 89 88 91 75 87 66 71 55 56 82 86 55 92 55 59 99 69 95 90 61 50 83 69 62 86 84 78 70 88 62 96 68 50 80 79 81 74 72 56 86 94 63 97 53 0 74 
76 93 52 58 63 63 62 87 95 62 94 60 78 55 82 67 50 74 68 89 81 53 95 54 89 79 97 97 69 94 67 56 81 93 56 89 72 55 51 74 72 54 51 53 55 56 98 94 88 53 59 90 68 65 96 62 96 50 62 53 87 62 80 67 50 51 86 78 78 55 89 69 75 71 60 76 83 64 62 90 87 51 58 98 78 57 53 59 50 67 0 
