n: 90
m: 6
Pi:U[1-99] 26 66 89 32 90 91 60 43 41 46 86 56 68 1 35 87 77 87 24 70 58 9 25 23 86 79 66 95 99 15 15 83 17 52 67 56 89 46 34 14 42 57 32 41 94 38 41 53 91 38 26 14 1 22 57 70 99 97 90 47 26 67 10 47 52 59 24 19 5 70 1 12 32 64 52 78 41 34 5 88 70 50 84 10 12 21 1 20 81 66 
Si:U[1-99]
0 19 54 30 2 1 32 72 97 89 60 68 54 4 3 52 2 53 55 47 62 67 83 15 67 43 77 16 2 7 13 49 27 6 72 90 62 44 80 41 54 88 29 26 81 42 2 88 71 81 29 81 54 22 52 29 57 49 9 61 45 25 9 96 6 13 86 39 87 49 14 79 48 12 79 66 14 76 13 18 39 71 19 94 95 88 39 20 46 85 37 
50 0 4 48 18 41 67 80 21 25 14 1 64 15 48 44 95 64 88 72 72 29 97 83 59 60 7 66 96 44 7 95 62 69 7 29 41 18 34 86 14 65 9 75 62 81 84 65 24 78 87 15 65 92 52 70 24 18 57 15 24 25 18 33 35 63 43 18 1 49 68 37 47 42 47 87 69 44 63 75 83 49 63 36 38 28 6 70 50 66 36 
57 82 0 53 3 55 39 45 17 45 40 1 26 68 98 88 24 45 72 49 1 98 40 10 1 19 74 18 40 88 40 65 45 4 13 82 20 71 52 5 89 37 16 30 40 23 9 15 37 27 15 49 29 23 44 95 80 83 37 26 87 12 4 95 77 28 12 40 83 25 13 84 59 99 34 82 81 60 74 9 52 46 86 74 50 5 16 80 74 90 84 
39 99 16 0 18 34 89 1 8 66 11 79 99 29 60 76 44 97 49 62 90 32 89 86 22 53 54 82 98 24 46 81 8 75 7 3 1 28 60 37 83 72 98 83 77 6 63 68 85 65 26 52 62 67 51 1 42 60 77 62 44 57 34 4 4 37 33 65 64 52 43 81 92 89 34 62 98 70 16 61 6 43 97 27 82 72 61 31 68 30 52 
29 20 93 48 0 92 75 98 94 62 72 7 23 84 50 31 57 24 25 29 95 66 53 32 55 1 54 77 98 1 71 14 34 14 85 79 60 4 27 81 78 95 60 9 32 52 37 70 78 57 9 31 21 64 22 40 79 43 18 65 76 12 40 2 81 96 97 88 5 93 46 85 12 59 7 99 13 71 50 11 93 74 21 96 28 52 1 92 21 34 88 
45 68 57 88 97 0 91 34 6 74 37 60 38 65 57 52 90 63 64 6 12 38 84 47 99 52 82 68 15 96 5 52 46 81 77 13 12 46 79 84 54 73 61 22 81 45 11 12 17 47 80 78 73 27 69 78 11 17 95 53 39 21 51 62 30 92 59 96 38 76 29 44 38 51 82 10 83 61 37 22 75 48 45 77 66 9 44 57 72 77 61 
59 13 19 85 87 15 0 64 24 89 15 70 34 72 37 19 54 88 4 46 9 14 52 43 62 41 83 19 82 83 13 31 66 81 11 17 89 22 51 31 90 11 41 65 72 27 18 44 6 14 68 95 16 33 85 43 87 46 28 22 62 14 88 8 47 64 2 44 50 15 31 62 77 48 32 91 19 97 55 44 94 95 98 84 63 91 33 82 60 91 3 
99 67 28 52 61 67 61 0 48 37 38 90 67 44 35 7 83 37 5 4 7 52 8 6 76 64 99 1 55 13 66 73 25 38 43 84 84 53 29 19 2 9 47 2 2 43 99 16 11 43 54 73 73 75 57 95 36 39 68 1 48 83 33 75 48 65 19 95 68 41 15 45 43 10 14 61 21 78 63 59 44 33 51 54 46 87 53 55 90 95 17 
74 89 18 77 40 65 74 81 0 37 12 12 48 90 78 56 68 14 93 70 99 14 66 85 29 7 24 69 58 86 40 63 6 73 42 75 85 59 91 54 83 90 46 63 3 35 27 40 53 59 57 91 9 16 21 85 54 23 97 98 96 1 64 79 81 32 73 62 5 23 55 82 97 27 31 63 18 77 71 41 60 10 11 73 65 65 39 20 24 6 22 
25 84 39 32 32 59 33 62 45 0 51 38 29 68 23 14 21 10 89 9 91 28 63 30 35 26 2 13 24 94 64 23 5 6 61 84 32 60 40 84 98 55 65 31 26 54 26 41 51 89 67 51 12 1 4 2 35 9 22 9 63 18 52 74 29 19 27 76 78 77 89 91 49 78 81 37 90 1 39 92 95 62 78 39 13 32 88 27 83 8 79 
5 29 76 84 85 91 42 77 29 91 0 2 67 35 16 47 81 42 97 30 85 28 90 92 15 83 52 56 76 21 83 66 18 81 72 46 43 27 76 50 51 42 7 85 95 62 46 83 7 67 34 45 82 5 50 91 67 50 21 35 27 56 78 44 43 47 62 84 12 72 33 97 6 63 46 31 28 45 89 80 85 74 60 60 5 51 80 79 74 6 76 
58 96 24 22 10 94 13 71 12 60 33 0 30 5 68 77 40 27 65 4 85 91 49 10 15 25 49 68 89 53 33 65 88 89 49 88 39 71 90 78 19 43 49 65 70 53 27 2 59 23 6 64 10 71 96 12 64 58 23 66 33 38 62 47 37 8 93 17 49 64 37 86 49 98 4 54 55 80 98 63 78 37 85 69 12 32 52 97 84 10 82 
99 76 67 23 79 32 41 37 84 78 72 75 0 70 60 50 30 74 11 90 42 42 21 97 77 98 59 8 78 48 85 45 41 89 69 5 30 5 62 23 96 36 23 86 34 42 5 59 61 43 35 45 46 12 4 74 84 90 69 66 50 35 16 69 32 20 79 33 95 5 57 57 7 23 15 37 67 91 35 3 88 10 31 1 22 3 58 96 17 87 4 
13 34 6 74 98 18 75 88 32 21 24 13 47 0 90 41 85 69 27 7 59 13 13 10 13 58 23 80 10 88 73 37 17 95 50 75 27 52 85 4 3 97 62 95 74 14 77 30 43 49 44 44 49 84 44 61 82 53 93 28 91 32 8 75 33 58 79 97 83 11 15 69 44 28 27 32 56 33 44 96 22 13 32 1 19 87 23 74 80 82 18 
2 50 52 78 4 50 94 51 48 27 4 40 77 16 0 19 26 4 14 27 23 32 31 12 89 16 76 48 46 12 25 35 71 43 1 75 81 26 24 42 97 81 64 41 96 87 41 28 1 54 12 79 73 57 43 88 72 70 9 21 22 88 98 49 78 54 61 94 32 26 1 73 4 11 79 93 11 4 52 71 70 75 59 62 94 23 39 20 28 12 73 
90 75 66 85 91 23 68 87 61 57 46 42 44 7 38 0 36 2 89 30 63 37 24 90 93 76 33 65 12 72 79 3 88 75 63 71 10 60 84 88 69 56 44 54 64 47 8 71 32 95 55 4 11 80 51 66 59 61 83 93 4 42 16 29 75 74 29 22 71 9 43 10 35 17 55 55 4 1 57 38 18 3 1 37 29 2 55 50 98 6 7 
93 22 13 80 48 12 64 51 33 24 47 84 13 12 98 2 0 33 15 23 73 12 70 77 44 2 32 71 61 42 13 60 66 85 59 65 42 84 35 52 64 45 83 60 33 64 94 93 51 95 41 10 95 85 23 65 9 82 19 86 97 46 34 19 34 76 54 33 67 98 46 28 60 56 70 95 29 35 77 6 4 16 40 18 71 86 85 85 31 64 81 
54 92 74 89 1 31 42 94 82 31 27 1 3 22 68 60 18 0 76 4 46 85 58 55 44 99 94 36 11 22 42 59 22 90 3 9 45 40 87 98 11 65 52 48 14 12 77 16 52 30 26 14 24 57 90 32 54 11 7 97 15 90 22 91 50 76 64 87 28 56 82 10 86 71 69 52 82 55 92 88 41 24 90 97 30 62 61 5 91 55 42 
84 60 29 57 75 67 14 55 1 43 35 11 99 25 70 82 13 55 0 31 61 89 72 85 93 25 26 10 44 81 91 15 72 23 50 56 59 17 82 89 93 30 41 60 82 21 36 24 18 62 73 49 44 8 83 63 26 64 38 43 44 51 64 47 50 28 77 63 81 19 14 60 54 90 10 88 88 86 83 37 76 5 76 58 26 88 84 69 30 18 62 
57 42 14 71 86 61 44 42 23 4 86 42 20 83 33 88 59 94 18 0 25 91 95 77 56 77 66 46 15 16 81 3 47 48 7 6 1 6 13 33 20 62 90 82 94 91 77 80 47 37 88 12 2 41 19 86 91 26 52 11 65 21 66 4 58 41 41 82 27 60 75 24 14 65 89 67 28 88 5 13 34 60 15 27 62 47 47 87 19 19 49 
50 24 15 92 96 44 84 56 22 21 78 10 91 78 98 43 32 91 77 39 0 27 1 32 69 67 8 5 81 84 57 72 47 96 78 99 85 64 13 24 62 19 61 29 55 62 97 14 19 86 44 45 1 21 35 81 13 67 58 89 50 30 65 78 32 38 82 16 56 26 66 59 46 21 31 2 38 95 23 78 59 98 67 25 85 88 37 20 88 64 16 
99 36 58 40 74 79 2 83 63 54 42 15 63 56 36 33 56 81 58 29 84 0 16 17 55 2 41 61 88 1 17 59 61 73 47 17 59 31 39 22 20 2 30 35 69 78 93 87 81 57 8 56 47 48 36 85 14 40 49 80 68 36 23 14 90 88 11 82 15 52 59 53 90 18 12 76 43 10 95 7 43 1 23 45 65 18 84 76 47 53 59 
66 81 20 91 36 11 93 11 18 51 77 88 80 64 38 84 28 60 97 43 46 67 0 79 72 25 29 86 91 4 14 38 93 86 26 89 29 8 9 42 67 8 27 90 4 78 53 91 53 73 87 68 1 95 71 94 97 56 40 48 31 19 63 79 84 15 17 33 97 35 10 3 40 27 15 9 59 41 54 14 82 2 67 80 33 60 55 11 25 98 45 
54 7 95 32 56 73 50 71 9 22 63 73 97 11 98 30 64 17 94 87 81 31 53 0 98 85 77 86 99 82 28 64 11 11 82 77 80 5 27 70 69 73 60 41 48 63 50 66 91 10 62 20 94 71 19 95 57 72 25 71 20 15 18 55 69 60 49 38 42 38 27 40 91 11 22 68 90 61 5 15 95 40 44 23 6 4 62 76 11 33 2 
91 56 44 18 16 55 87 24 98 22 11 37 66 24 74 28 13 83 91 96 12 93 48 12 0 8 97 81 7 42 83 86 85 82 77 2 14 68 54 34 12 42 89 81 48 56 89 17 66 45 76 80 69 36 54 30 30 56 67 28 80 93 5 31 23 18 76 25 59 15 96 73 89 12 73 82 51 98 25 83 84 3 32 2 94 45 4 90 21 51 96 
6 63 81 62 72 74 71 6 62 42 54 71 38 45 39 50 92 73 29 81 84 86 46 43 38 0 77 70 95 96 49 69 80 8 15 16 92 37 73 4 13 30 46 32 36 53 65 19 40 67 64 18 59 81 80 69 56 61 72 83 11 55 97 63 87 60 91 61 41 54 56 89 21 40 87 27 19 14 63 42 31 4 75 77 43 70 17 95 21 80 87 
59 44 42 70 54 77 26 44 66 29 75 72 96 47 64 2 63 38 77 3 91 49 87 51 12 1 0 78 6 33 42 30 43 97 32 46 61 32 86 28 34 8 16 57 22 89 55 46 51 65 5 76 38 41 20 7 17 6 19 97 13 93 87 91 63 48 28 46 77 87 30 42 27 59 18 80 80 71 71 46 94 12 35 51 54 8 66 27 43 7 60 
51 61 52 44 67 24 27 65 69 99 15 15 47 39 45 70 50 17 5 67 55 32 79 79 48 15 51 0 40 57 17 31 9 84 80 39 66 35 5 2 97 36 38 86 75 39 23 10 60 75 33 58 76 46 73 85 64 42 49 76 92 42 98 1 69 50 57 22 80 82 14 90 58 74 36 7 20 84 62 25 63 44 84 80 91 67 46 50 7 13 79 
60 24 53 69 32 32 12 20 8 29 10 77 64 2 29 6 74 91 49 53 26 9 64 61 80 23 97 84 0 31 13 43 75 30 86 77 82 58 91 89 6 24 23 36 13 29 54 40 28 69 43 89 30 40 36 63 8 49 46 12 78 31 47 38 94 85 7 26 62 30 35 75 1 42 84 13 31 46 89 72 23 77 55 44 38 40 54 60 2 71 21 
91 82 53 64 29 24 80 87 11 84 8 5 68 12 16 52 3 7 88 90 59 60 72 26 18 75 18 63 94 0 80 83 33 25 83 95 78 27 85 74 61 16 61 30 79 49 4 2 88 28 76 33 66 7 59 86 87 38 94 55 16 98 98 28 75 83 89 34 63 60 13 24 67 96 70 38 86 76 95 1 54 63 33 14 59 19 41 67 70 94 58 
25 81 27 80 34 92 70 81 28 36 69 57 2 99 98 52 19 4 55 31 15 28 1 11 70 84 1 9 28 15 0 7 66 22 71 3 97 80 57 28 6 4 61 82 44 64 91 76 25 55 2 6 89 85 15 13 65 73 74 40 56 26 66 6 59 94 67 11 83 32 27 20 37 35 39 10 66 74 5 83 54 36 43 51 83 1 99 77 2 80 94 
69 40 4 51 28 71 58 1 83 71 15 88 27 12 11 34 93 4 10 53 49 61 66 18 39 9 18 83 36 97 41 0 60 48 1 51 9 5 9 33 29 12 14 67 72 81 51 83 49 3 75 26 32 35 17 35 61 69 59 11 23 52 71 50 17 26 35 86 64 19 30 25 37 72 62 67 41 82 56 50 77 5 56 91 42 36 99 56 98 82 11 
23 72 58 16 2 7 62 19 57 66 71 44 85 22 38 54 11 91 96 3 3 19 86 38 15 91 42 64 71 79 74 26 0 53 8 31 65 60 79 18 13 44 37 16 79 14 43 83 51 67 31 61 24 51 69 68 96 54 69 99 40 31 89 70 80 48 79 91 32 64 83 84 58 11 51 10 22 23 91 73 37 54 32 5 4 75 87 99 63 38 84 
28 47 82 65 12 71 11 61 2 66 35 78 33 23 94 85 37 46 76 50 28 3 4 18 88 95 29 12 45 67 11 58 65 0 70 37 21 58 26 30 70 17 23 97 91 45 47 89 52 63 50 44 26 23 56 31 60 59 95 17 91 99 83 34 61 47 11 98 57 87 49 87 46 79 62 35 2 50 89 2 98 55 29 68 13 8 50 69 75 23 57 
48 32 33 42 21 72 19 86 88 77 34 32 13 29 11 93 21 83 82 73 96 79 11 43 27 70 30 79 81 97 3 88 83 79 0 56 50 59 84 44 23 15 37 69 6 8 34 20 93 16 31 52 6 21 95 3 32 48 38 47 97 14 17 61 14 58 86 99 9 52 25 69 64 10 21 52 47 56 69 11 12 36 63 99 2 85 2 17 71 46 56 
56 67 1 24 46 93 23 30 43 52 19 77 2 12 33 26 31 7 44 95 45 87 69 52 87 85 1 29 25 73 62 57 73 10 72 0 49 56 55 63 2 5 41 34 64 22 12 21 89 7 6 63 81 60 47 53 98 79 36 65 64 18 8 28 19 85 82 62 51 75 20 22 36 62 84 94 12 64 52 24 9 85 60 8 87 11 72 2 73 73 37 
37 43 11 78 28 67 12 61 27 73 4 57 4 78 51 23 16 65 18 51 40 5 23 27 11 64 75 22 6 40 98 18 75 57 14 33 0 51 20 56 90 72 3 4 42 54 76 11 72 66 32 18 58 38 84 87 46 22 46 51 77 51 51 50 99 11 2 91 74 14 73 34 77 4 1 93 45 21 46 9 77 17 69 71 14 6 8 11 70 40 62 
94 87 48 77 25 82 99 90 87 32 96 78 86 5 82 52 16 18 45 73 42 97 38 28 63 49 21 83 5 88 26 54 7 10 84 14 61 0 24 37 58 68 91 16 5 79 43 17 80 84 38 51 82 64 39 75 21 99 87 44 75 76 20 53 19 54 46 29 59 98 55 65 98 58 8 62 79 40 32 74 57 67 61 17 83 82 5 46 54 81 40 
65 80 78 48 83 87 17 67 52 9 44 76 12 85 27 6 18 40 92 5 62 87 71 11 83 74 85 81 71 57 48 81 65 89 81 17 44 24 0 31 13 16 73 82 75 31 14 87 32 40 67 70 51 27 44 30 1 69 21 38 99 70 27 84 65 53 12 72 84 91 83 51 86 69 72 54 69 73 11 18 55 72 97 86 47 48 39 75 40 37 19 
75 29 45 23 27 95 49 11 53 8 75 81 37 15 25 80 38 58 51 60 48 41 72 64 43 96 97 46 75 21 50 77 94 30 1 34 97 82 47 0 17 22 70 9 38 81 56 8 36 88 42 55 56 90 81 70 89 35 3 46 72 29 4 94 73 69 3 7 47 84 42 98 63 19 94 9 90 70 32 15 15 13 18 12 82 52 69 44 80 94 61 
52 66 31 71 69 7 81 17 94 5 87 2 91 91 18 11 31 76 26 70 75 97 7 66 9 1 21 22 1 61 4 12 23 38 19 14 55 78 38 11 0 52 87 47 79 38 64 22 91 96 33 37 35 52 10 60 21 12 93 7 95 10 43 38 38 65 40 29 52 51 91 82 58 52 40 84 2 16 82 86 7 29 9 53 88 97 40 43 88 38 87 
1 30 26 64 88 71 94 75 98 74 62 2 96 94 94 27 90 56 94 93 61 56 86 37 38 57 17 2 55 13 45 95 71 86 89 62 13 97 21 59 67 0 91 46 98 82 72 65 22 91 76 49 88 9 86 51 53 34 54 65 88 5 12 72 84 21 62 63 66 73 89 61 54 11 86 82 72 18 44 64 16 8 71 14 91 91 35 47 97 62 87 
52 77 96 14 85 47 3 8 93 18 11 14 54 84 67 78 47 23 25 50 3 62 30 61 98 66 82 87 14 90 31 40 41 42 41 83 64 21 41 57 40 23 0 79 64 33 43 81 46 77 82 57 49 75 51 9 53 41 7 77 31 55 62 48 36 99 75 23 3 5 65 17 98 7 64 44 41 67 24 3 24 50 65 20 29 94 62 42 12 37 94 
3 58 98 83 86 79 39 60 39 98 28 1 57 72 40 81 26 73 62 68 28 61 72 82 97 64 81 66 51 57 89 67 99 83 23 77 7 71 68 58 28 28 67 0 14 4 37 81 61 39 53 26 36 63 44 13 62 75 36 89 82 94 36 73 22 41 25 93 92 18 59 84 98 72 41 85 34 44 5 62 14 12 52 79 96 46 35 21 4 93 28 
31 83 14 60 92 11 22 54 59 97 63 74 63 79 61 46 25 87 1 87 76 90 66 34 85 66 43 96 58 12 11 69 21 11 89 78 31 73 52 70 89 56 80 45 0 85 4 8 67 81 52 79 31 84 30 9 21 96 25 77 77 89 74 64 57 23 74 70 77 76 95 48 48 72 47 71 95 93 79 6 91 50 6 45 84 81 95 81 50 26 31 
11 87 43 4 60 36 20 3 61 50 80 40 89 9 60 82 93 60 21 68 57 12 13 94 86 42 24 7 52 6 34 68 33 40 88 33 82 85 92 65 88 45 24 10 17 0 78 31 16 34 33 8 44 26 61 7 61 61 51 3 76 49 62 36 97 60 7 85 93 37 69 89 95 87 49 93 54 24 5 47 74 64 13 69 58 2 71 58 62 18 5 
79 53 97 86 80 59 46 98 95 76 99 68 26 23 17 49 79 70 65 4 34 35 9 23 31 14 59 50 74 23 1 81 77 46 18 79 6 15 81 10 56 73 85 80 53 5 0 65 94 13 25 43 41 29 34 59 63 8 45 68 30 92 94 77 92 35 61 88 21 20 78 42 36 40 71 49 75 23 41 20 66 31 42 2 20 47 76 20 10 69 10 
62 83 46 20 25 58 8 71 72 50 45 2 40 83 68 44 36 49 44 96 44 35 1 69 92 34 73 24 43 66 16 74 30 27 10 94 41 73 69 84 93 36 83 45 10 86 81 0 41 91 26 16 26 20 50 63 12 5 82 39 54 54 56 73 60 31 64 97 54 19 89 38 39 22 36 72 95 86 4 18 26 88 2 93 93 4 57 64 56 76 87 
80 49 13 47 37 8 64 59 59 61 53 8 36 83 21 36 3 64 77 45 53 69 32 64 31 96 66 99 3 90 80 38 10 80 6 74 80 40 45 71 8 96 52 5 59 13 71 70 0 66 65 34 14 82 68 50 8 78 53 98 62 69 98 27 91 65 68 3 34 64 45 92 39 71 70 9 46 6 69 8 39 64 70 95 69 27 42 21 38 95 98 
4 43 26 24 21 49 83 2 99 83 73 5 20 6 94 22 86 30 4 92 3 68 85 14 82 93 2 74 39 52 37 17 58 89 72 4 48 38 26 25 35 51 14 9 50 3 22 47 71 0 34 67 24 6 16 26 76 79 1 76 71 35 70 68 35 6 46 91 67 21 2 99 98 75 48 55 68 71 16 94 69 85 99 97 31 79 36 53 19 26 80 
56 61 75 43 18 55 58 99 23 50 69 29 19 56 21 52 35 94 16 85 47 88 21 34 70 26 69 37 57 78 25 69 29 71 30 42 45 87 57 1 92 35 46 66 79 11 97 29 62 97 0 98 55 79 99 12 37 51 27 78 24 76 4 31 45 26 65 4 33 99 76 45 13 93 72 26 66 52 23 44 25 30 96 44 57 53 75 79 70 94 27 
81 88 83 51 88 73 1 34 1 95 67 42 29 75 27 17 9 45 38 79 70 40 22 70 46 15 44 24 93 89 58 22 10 3 3 78 97 36 45 31 33 6 72 45 61 60 69 63 67 31 86 0 68 85 6 71 81 23 42 98 73 57 21 11 95 56 38 19 17 19 25 43 15 56 44 1 51 36 74 10 67 82 15 72 36 39 94 54 69 5 2 
85 16 77 12 80 87 42 12 97 78 90 64 81 17 36 89 34 13 88 18 60 61 2 39 77 46 80 87 97 15 40 12 82 5 23 81 36 40 93 90 94 45 7 63 43 7 42 63 7 82 66 87 0 37 8 57 36 67 53 58 44 82 95 58 84 73 92 53 59 26 45 40 96 92 11 32 68 38 42 28 50 2 99 4 27 82 20 90 31 63 22 
86 96 47 65 22 75 78 21 85 71 59 45 62 19 2 10 87 51 78 5 59 4 80 30 23 10 75 61 47 97 75 38 85 54 70 31 61 32 86 69 37 3 14 25 24 91 34 15 48 49 15 84 86 0 90 99 80 50 54 65 49 36 81 15 72 9 41 95 58 32 4 37 38 86 74 95 98 35 52 60 78 23 53 85 50 58 19 79 48 67 66 
14 14 69 26 60 67 60 77 50 96 24 78 23 69 60 98 61 60 38 83 18 76 77 53 14 66 83 47 53 19 46 89 6 72 43 80 97 4 85 71 87 79 59 20 49 80 71 41 86 97 28 35 36 29 0 84 19 76 72 32 71 41 13 29 75 64 83 59 6 55 33 46 94 6 27 93 17 1 18 95 93 11 58 19 38 33 15 66 47 75 62 
82 79 56 79 91 85 51 27 87 49 67 3 39 74 44 7 71 58 71 50 97 18 39 13 90 43 7 71 8 87 3 79 18 64 43 75 28 59 16 57 50 48 98 23 31 84 28 79 35 93 81 33 28 85 96 0 80 27 87 19 37 58 53 96 88 9 36 25 52 87 12 77 5 41 31 19 14 65 19 87 89 21 95 16 31 10 52 69 31 60 61 
38 65 3 61 64 34 88 11 48 46 75 70 55 90 51 51 82 64 94 45 10 60 37 79 95 28 8 51 55 91 40 48 21 2 12 1 74 56 77 28 59 8 37 89 53 62 17 40 88 57 76 39 5 13 63 32 0 93 72 69 70 77 98 62 23 64 93 74 93 51 65 49 56 46 96 79 45 23 80 81 37 25 1 52 21 83 78 94 22 32 21 
87 83 42 28 36 5 60 61 22 60 82 57 79 96 27 48 12 96 88 41 35 84 4 20 37 53 85 95 30 85 49 21 14 80 92 11 15 72 51 21 82 54 3 89 27 90 45 80 85 40 91 4 23 19 14 31 35 0 49 75 37 42 40 12 89 98 72 39 50 53 21 36 3 45 64 3 46 63 29 69 75 20 1 39 2 27 23 31 80 51 42 
18 11 47 27 49 69 85 49 59 52 34 66 89 36 86 20 42 1 54 37 22 61 32 15 79 33 67 78 79 93 21 71 2 14 50 87 7 76 51 56 1 7 73 12 60 71 67 22 19 33 2 57 74 25 24 32 95 26 0 29 89 25 19 94 16 30 94 9 26 83 40 31 78 57 14 65 30 81 55 66 38 35 33 89 10 49 98 7 52 93 63 
91 35 2 16 16 98 90 33 83 12 40 1 60 6 45 71 41 63 67 96 55 37 51 92 48 20 81 85 44 83 18 62 47 25 69 73 4 60 83 9 50 22 30 6 3 55 14 43 89 92 75 94 14 75 37 23 41 67 15 0 79 20 29 90 52 42 5 19 62 37 70 65 57 27 64 22 52 60 18 92 97 52 87 83 54 95 13 87 2 57 49 
88 34 56 85 1 81 43 28 80 98 86 17 70 72 10 68 48 30 8 7 13 94 52 78 36 32 28 1 44 31 78 58 60 85 60 24 45 67 29 60 67 52 92 68 76 23 97 92 11 79 22 10 85 1 92 40 63 94 84 44 0 71 15 38 23 62 60 1 82 25 14 31 1 1 47 61 16 98 29 40 81 51 81 21 9 18 89 51 68 40 40 
78 52 31 25 18 83 33 66 95 48 89 46 60 68 51 56 78 28 52 39 53 3 9 5 55 96 83 26 63 40 77 73 21 36 23 53 29 98 82 4 24 85 75 68 85 15 40 39 60 20 93 80 19 69 97 98 16 84 72 7 77 0 95 73 5 65 37 42 26 50 15 85 85 77 49 4 11 18 65 57 22 30 16 34 42 50 15 5 96 42 55 
41 24 49 88 43 40 11 33 60 88 5 23 15 5 68 7 38 38 64 88 94 78 34 33 39 12 28 17 31 77 77 73 11 29 96 33 67 89 28 8 96 49 94 51 27 72 48 44 26 83 41 8 62 67 54 23 79 96 62 3 87 50 0 51 83 57 26 81 45 9 89 39 35 14 36 15 93 57 58 43 59 90 70 26 16 20 80 86 89 86 50 
25 5 62 68 16 6 5 51 61 49 62 32 44 82 44 83 62 68 89 17 86 74 12 96 77 60 66 27 85 70 17 28 56 37 31 51 29 53 58 94 31 43 45 79 42 54 21 53 43 4 5 83 21 97 11 19 32 55 66 52 65 32 58 0 34 19 49 76 63 60 42 24 30 52 47 41 85 39 23 73 8 2 77 60 56 31 73 87 3 79 15 
93 91 25 14 81 72 40 65 31 91 99 25 95 49 48 86 94 23 6 28 90 10 39 19 84 36 53 54 40 92 63 67 41 88 7 77 1 20 55 50 53 46 71 65 83 89 18 27 53 45 34 79 33 1 32 12 14 43 77 85 4 9 33 38 0 24 37 15 34 78 77 28 72 21 29 80 12 82 67 26 6 7 91 83 60 4 64 97 62 49 95 
12 19 3 59 87 12 27 31 14 57 43 20 77 42 39 86 91 48 20 2 36 16 89 10 3 93 25 57 2 36 41 99 85 6 23 88 74 22 85 61 65 22 57 58 58 25 80 53 80 39 41 87 11 35 71 51 1 14 97 58 36 84 8 86 24 0 53 11 49 79 92 65 69 33 70 73 63 76 39 87 96 69 66 50 2 34 61 42 69 7 4 
56 91 65 77 24 20 27 91 32 82 58 73 46 93 91 42 51 46 33 8 42 83 22 54 49 69 4 13 50 74 17 7 38 16 78 83 42 11 82 88 97 67 80 34 45 37 32 4 36 33 7 71 63 39 54 46 88 41 4 55 80 87 26 8 96 63 0 85 39 25 88 13 81 94 93 97 42 55 7 47 45 47 28 80 17 93 88 47 14 32 40 
45 43 50 93 47 69 90 87 50 48 57 2 11 85 9 82 12 87 44 60 49 22 74 34 81 10 41 74 67 81 35 64 11 38 58 40 86 3 81 96 92 69 64 77 67 8 99 68 16 8 4 95 50 47 26 94 61 21 22 72 16 46 27 11 75 71 38 0 15 44 34 56 91 52 46 1 99 60 99 96 62 42 40 97 2 50 70 84 80 5 49 
2 75 94 6 27 86 29 30 12 33 88 16 36 57 55 19 45 41 40 39 44 30 27 49 38 42 1 77 84 78 82 78 26 84 18 13 88 37 87 76 60 50 48 41 51 96 70 88 98 52 97 78 20 5 63 38 51 67 16 8 31 67 51 80 29 77 29 53 0 93 29 73 18 63 26 51 18 11 92 19 4 49 26 86 10 60 58 60 43 89 39 
57 69 71 55 95 27 63 60 9 71 74 52 29 76 68 1 62 40 91 98 33 59 51 17 23 41 9 91 37 53 62 82 78 61 39 6 71 59 10 85 88 57 33 56 68 84 77 39 70 62 48 5 94 46 83 30 76 81 91 18 9 3 50 61 47 49 79 39 14 0 34 78 62 40 36 99 16 59 6 78 81 81 41 2 39 79 28 40 38 24 16 
41 68 20 39 82 18 93 50 78 17 54 44 72 4 59 39 81 67 22 40 74 20 89 36 20 46 62 31 3 57 36 90 5 11 21 29 87 26 18 36 82 51 55 38 9 5 6 77 5 13 39 18 93 35 42 16 92 86 76 85 33 33 89 75 13 13 30 47 59 51 0 77 35 24 46 66 4 37 9 30 50 31 13 93 24 83 69 8 29 53 96 
32 34 56 66 58 83 6 95 75 18 39 13 36 19 85 54 79 35 94 55 23 21 99 94 64 10 53 66 85 70 2 94 45 8 76 6 66 32 33 76 8 81 69 94 21 26 62 25 91 83 64 60 75 18 61 28 80 86 86 49 86 90 58 98 25 68 18 44 73 46 12 0 30 50 53 43 53 44 27 12 23 58 11 93 93 51 56 82 17 26 67 
60 58 67 15 91 19 97 94 7 33 29 90 18 99 13 94 34 18 28 66 84 87 49 73 46 64 19 66 64 7 88 54 91 59 97 48 26 78 12 36 45 5 84 15 72 86 80 82 38 49 28 87 90 54 93 27 91 99 27 58 30 34 3 96 96 88 5 34 11 1 61 40 0 54 31 54 73 1 29 38 15 66 99 10 47 56 73 14 17 39 63 
48 52 71 43 68 55 75 72 88 26 26 64 25 55 4 22 67 25 24 49 94 61 34 13 28 51 23 90 50 68 72 69 71 7 92 57 32 37 86 60 22 41 33 61 71 23 67 58 32 74 98 73 31 37 28 89 48 78 84 71 93 69 24 79 85 68 20 32 53 10 80 32 98 0 20 73 11 99 30 99 95 68 1 55 9 59 56 24 26 78 65 
57 49 44 99 89 40 62 33 55 86 25 75 20 37 93 17 45 34 58 51 72 92 70 48 95 66 25 70 39 6 18 18 70 81 82 39 77 31 33 69 47 78 21 13 23 77 20 38 73 78 65 74 97 34 93 73 99 49 15 3 22 61 13 80 39 5 7 87 2 45 33 19 57 91 0 33 57 85 16 62 92 66 11 73 89 73 46 19 45 11 82 
58 96 30 20 7 21 39 15 67 2 41 3 6 3 14 95 71 55 55 37 73 33 38 3 60 10 11 56 49 54 4 61 14 96 61 33 41 5 3 89 85 62 80 62 33 34 7 66 2 53 49 71 35 14 29 56 50 33 65 32 2 63 44 21 85 51 72 60 28 79 76 82 14 92 43 0 64 88 62 33 60 78 28 33 57 41 87 75 41 86 18 
68 74 95 24 39 35 42 4 31 25 40 18 27 1 19 30 51 62 12 33 75 24 10 50 56 74 6 81 64 12 68 11 41 14 59 7 38 99 99 83 6 4 89 34 53 43 24 25 45 59 47 96 33 74 56 47 72 26 77 15 24 71 69 54 31 7 26 7 94 16 46 57 55 40 50 55 0 87 29 18 92 91 60 9 30 38 31 57 34 30 63 
19 20 21 22 43 56 51 99 46 44 26 17 71 85 74 83 14 16 90 23 35 60 39 90 78 78 23 60 84 62 13 26 94 67 16 29 32 73 5 64 20 26 8 94 16 77 36 3 34 96 19 42 58 59 30 96 90 17 45 66 2 22 89 95 92 19 64 72 44 68 26 40 76 80 43 1 60 0 19 71 51 38 75 33 90 3 4 98 22 85 4 
25 73 13 28 31 96 8 31 14 26 53 56 88 58 53 80 35 46 95 40 57 52 23 26 55 1 79 81 40 84 78 24 72 52 70 79 52 63 48 12 56 44 52 29 7 3 32 55 27 42 44 29 17 10 72 54 30 94 61 2 68 32 70 9 49 51 66 14 73 63 5 65 54 56 92 10 82 98 0 57 62 58 49 80 30 38 16 31 42 58 77 
30 89 58 8 57 51 19 1 62 68 16 76 41 30 49 77 28 63 27 85 76 80 81 16 85 60 73 96 95 27 60 67 43 23 97 33 70 90 11 78 96 16 14 64 70 27 32 20 35 15 35 31 92 93 79 66 14 34 99 43 73 6 91 47 84 59 62 57 18 74 53 45 59 84 51 64 22 12 49 0 89 91 61 36 62 61 99 66 96 75 63 
26 96 45 72 44 94 49 17 5 65 69 21 26 74 81 37 9 43 3 84 55 8 7 5 62 7 18 74 77 81 43 88 69 78 54 33 62 47 12 28 19 98 98 7 10 26 82 48 33 54 52 30 74 74 96 82 30 64 54 24 52 56 34 73 37 41 27 52 18 5 72 78 14 55 72 13 38 23 54 2 0 50 31 68 8 25 50 3 21 12 63 
44 72 23 86 2 52 2 32 96 76 65 62 90 46 56 93 25 23 48 11 8 20 9 64 29 38 48 56 64 98 29 71 37 61 60 45 82 33 86 1 88 91 41 42 83 32 94 59 99 55 71 47 41 61 6 45 86 99 7 86 12 18 56 67 50 93 11 58 43 44 5 39 56 64 92 54 34 22 89 9 35 0 28 23 93 10 79 20 93 53 4 
38 3 10 45 73 63 39 13 30 4 90 13 50 46 21 91 38 4 30 30 28 76 42 11 3 70 55 32 67 74 76 98 65 49 53 94 80 73 10 44 82 47 20 74 65 78 37 6 37 37 13 63 42 50 46 70 78 54 68 83 94 27 51 67 41 51 34 31 69 91 93 31 99 58 43 17 27 5 24 75 35 55 0 87 95 76 6 25 95 82 86 
88 82 94 31 74 12 62 87 79 84 25 16 76 29 12 25 84 96 53 32 61 11 86 68 52 52 61 56 2 21 17 62 70 56 49 95 77 88 25 34 26 6 72 85 41 64 50 47 10 37 95 81 93 32 73 19 39 2 78 65 30 42 1 49 32 79 54 18 54 5 49 17 3 64 25 54 75 83 45 70 81 40 37 0 94 63 4 19 4 29 70 
91 58 49 54 80 6 11 84 59 2 21 5 25 5 93 72 68 15 22 45 93 72 10 82 72 19 94 13 63 16 63 90 90 92 45 79 78 70 68 32 59 91 62 80 86 28 49 33 48 73 60 22 8 28 69 30 39 74 72 66 49 56 81 75 58 93 88 83 8 34 87 44 83 59 46 4 21 14 86 85 41 98 64 20 0 23 91 84 47 45 79 
80 33 28 49 76 5 58 45 52 8 28 42 89 38 25 82 69 92 56 74 80 5 11 56 40 71 59 40 38 32 22 19 26 51 46 81 74 67 65 64 78 39 46 30 2 84 31 18 61 89 33 31 57 72 91 25 18 52 83 66 82 66 94 89 73 56 55 29 87 17 75 14 20 2 5 91 34 8 36 19 38 70 65 42 63 0 36 62 27 99 69 
31 65 75 70 79 72 7 99 21 88 2 43 7 41 27 85 16 54 98 6 36 87 30 95 6 62 56 99 25 82 8 19 50 76 35 27 69 1 15 56 13 67 17 71 4 91 94 59 73 8 57 93 5 17 46 36 96 75 84 77 35 65 27 17 31 34 36 86 43 93 76 76 63 63 54 71 82 74 59 29 38 43 81 29 22 74 0 66 4 40 74 
67 90 94 61 26 88 21 3 81 26 53 96 7 21 62 54 95 63 10 45 54 37 43 59 55 24 33 30 62 55 1 32 9 25 90 70 71 90 64 6 22 84 31 41 39 61 77 13 4 55 48 9 33 87 13 53 78 26 15 84 37 83 38 91 14 72 42 29 42 78 25 21 35 78 34 26 46 96 42 46 14 9 85 6 41 59 76 0 61 91 73 
44 84 67 31 30 40 60 73 47 41 49 18 79 47 26 42 63 72 95 63 25 63 13 36 87 56 89 93 38 43 28 6 37 4 69 73 79 78 6 1 42 48 40 36 54 61 59 60 80 52 54 17 28 90 96 48 29 55 35 15 21 72 58 94 34 22 81 6 90 20 42 19 16 89 8 5 38 76 99 30 62 41 6 44 99 8 54 22 0 29 34 
19 63 17 77 42 16 54 41 91 11 97 30 94 97 21 7 44 26 30 79 84 97 97 36 76 43 78 87 63 62 46 46 17 36 19 53 98 97 3 93 96 15 13 2 89 53 26 29 38 32 93 95 45 85 63 2 48 40 31 56 28 1 84 54 15 26 84 66 90 87 19 68 77 73 72 37 39 16 90 92 34 37 21 80 12 84 84 95 81 0 51 
10 96 68 89 89 39 33 66 56 44 56 92 54 11 69 36 31 58 72 34 99 45 1 92 4 79 24 72 65 58 44 69 24 89 58 19 25 76 42 9 62 60 4 29 4 56 4 89 80 86 47 41 93 82 68 61 81 21 63 56 84 28 78 59 23 33 8 58 9 52 83 82 74 2 33 13 3 36 77 56 15 80 74 22 15 89 23 85 42 65 0 
