n: 90
m: 6
Pi:U[1-99] 34 95 79 92 67 61 50 86 35 29 64 61 17 24 45 24 12 5 25 54 93 2 78 1 39 52 80 11 45 1 89 11 84 63 88 76 68 23 14 5 58 89 46 23 10 65 49 54 81 97 7 39 73 73 36 33 24 3 80 47 34 88 4 40 96 5 94 84 53 43 22 95 39 44 75 20 46 74 76 23 63 91 88 52 68 14 76 92 4 49 
Si:U[1-49]
0 22 35 4 26 23 7 42 3 3 13 43 33 7 30 31 8 34 26 9 10 46 33 9 31 18 15 17 41 40 31 21 40 8 25 3 18 14 28 6 28 1 48 49 29 32 27 45 33 8 5 10 38 18 8 46 18 25 30 14 40 45 37 1 2 28 43 37 9 47 41 24 21 26 18 25 15 37 2 45 46 47 28 2 47 37 42 8 14 19 12 
13 0 31 11 36 45 44 42 41 7 40 41 41 39 18 17 2 11 29 36 21 25 11 46 20 5 1 6 14 47 34 33 38 5 29 24 19 11 5 7 23 25 24 36 4 33 15 1 46 11 29 27 2 39 25 11 1 22 20 23 44 27 3 24 18 49 37 18 30 5 31 13 49 13 19 16 19 20 41 14 28 45 45 12 46 12 24 28 35 21 8 
10 20 0 48 10 49 37 3 3 40 7 5 5 6 20 8 48 26 20 27 46 14 45 3 4 46 18 38 24 3 37 48 40 31 40 49 44 14 21 11 15 37 19 49 44 1 41 29 10 23 45 22 47 32 19 6 30 24 22 23 46 49 27 42 45 20 21 30 38 21 34 39 31 27 36 33 5 26 29 48 37 20 8 13 44 40 33 46 26 38 37 
2 37 26 0 48 41 6 49 6 1 8 40 17 7 27 40 15 9 27 46 9 21 42 14 26 35 11 9 23 12 10 1 36 2 4 31 30 36 45 2 45 40 40 6 39 35 48 28 9 12 36 36 6 3 44 30 34 31 19 26 28 29 49 34 15 46 20 22 8 18 16 1 26 29 4 46 23 38 41 3 3 8 19 42 32 2 42 32 1 25 21 
15 29 34 26 0 14 33 28 14 7 28 26 49 13 14 35 44 25 9 3 47 3 5 15 12 12 15 30 38 36 28 16 41 45 20 23 36 29 10 31 34 29 35 3 18 17 32 23 25 12 24 6 46 38 37 29 41 23 37 28 10 2 24 36 21 35 49 6 15 28 9 28 48 15 14 22 30 46 31 24 41 4 31 22 12 16 49 33 43 25 17 
38 32 6 3 37 0 5 22 18 37 43 40 12 13 42 28 37 13 13 7 10 19 41 21 37 21 30 46 34 3 43 27 25 22 39 49 26 33 22 11 28 39 20 20 43 38 47 20 9 8 16 27 17 30 1 25 1 2 22 22 24 10 17 42 30 18 45 43 44 32 42 3 46 44 6 19 34 13 48 17 21 36 14 13 13 6 32 49 29 19 46 
45 23 28 16 33 30 0 20 17 45 47 34 7 10 48 49 35 2 8 13 29 13 46 29 11 36 33 33 27 9 39 17 47 22 3 35 16 36 39 36 49 21 4 31 13 27 44 27 20 17 24 33 14 47 42 47 8 1 10 2 32 14 4 6 48 32 48 6 13 30 10 42 5 32 44 1 6 7 16 35 8 47 26 19 44 27 6 37 14 43 12 
36 20 12 20 40 23 24 0 35 30 31 42 40 38 34 31 48 35 41 44 10 43 15 1 26 37 35 41 14 46 31 14 35 4 20 19 2 23 8 41 43 4 27 32 31 16 11 47 2 30 15 18 25 7 44 9 48 14 9 24 43 35 22 49 2 41 28 29 9 5 23 42 17 44 49 2 1 42 35 39 33 29 9 45 19 49 41 46 41 11 46 
45 36 49 9 3 1 11 32 0 2 14 6 3 15 38 30 1 20 45 1 16 21 11 16 27 49 41 37 48 40 33 1 49 4 33 41 9 47 35 10 21 22 11 31 47 12 48 30 30 36 3 28 2 15 36 28 32 49 23 25 39 46 26 17 6 10 42 1 38 26 36 28 49 35 23 43 6 49 42 6 6 33 10 9 8 20 9 46 5 16 20 
39 10 38 37 36 29 39 38 11 0 43 46 32 30 17 12 42 14 37 44 34 46 32 25 21 7 9 22 7 17 30 24 12 46 34 10 13 27 11 16 38 13 7 33 8 19 13 30 12 46 33 11 43 45 37 21 47 11 28 15 46 31 28 19 43 15 45 6 15 27 44 36 22 44 45 40 27 23 8 6 6 33 26 48 36 5 7 18 26 37 34 
41 38 27 18 27 34 8 38 30 43 0 45 13 37 35 3 17 36 33 32 23 44 32 42 8 20 37 16 17 16 12 29 5 31 35 42 5 19 39 11 47 5 36 43 1 15 37 35 7 24 35 14 41 4 10 34 37 21 29 41 20 32 35 13 47 8 10 11 47 16 38 31 25 49 22 12 23 34 8 45 13 45 38 6 10 29 10 42 45 30 43 
5 32 17 38 31 19 26 1 11 37 21 0 12 44 44 43 46 2 13 39 19 21 46 41 33 26 34 35 27 25 37 24 41 15 28 13 32 22 33 19 18 14 26 13 48 11 8 2 7 5 43 42 15 36 23 28 14 32 13 46 5 10 33 33 13 20 48 24 19 35 10 13 33 42 34 43 8 7 39 28 1 39 8 46 37 38 46 13 21 27 46 
25 34 12 42 35 21 15 10 46 47 47 10 0 7 18 25 30 43 26 6 47 12 27 32 41 8 43 3 2 32 46 45 22 1 8 39 4 20 5 41 48 25 25 10 19 3 4 9 24 11 13 16 10 41 32 43 36 17 49 28 4 11 28 49 42 30 20 22 2 43 35 43 32 41 43 43 9 35 30 41 30 18 5 1 1 2 39 19 38 48 15 
32 37 22 44 35 2 27 30 27 18 5 38 27 0 39 47 2 17 30 42 22 25 18 4 26 28 7 1 7 5 21 21 33 35 13 36 16 25 3 19 28 19 31 4 49 43 14 46 25 36 10 33 3 42 7 19 5 13 17 20 29 17 30 14 18 34 31 6 39 25 21 30 27 36 48 39 22 16 22 16 43 34 16 45 16 21 42 46 22 7 37 
34 27 7 7 7 44 6 26 49 49 13 7 11 32 0 29 23 47 27 37 26 5 7 46 16 39 36 25 11 9 48 34 35 39 24 11 33 23 21 42 11 6 7 41 3 25 7 23 11 18 14 18 2 40 12 33 6 31 33 4 5 34 2 16 48 3 4 31 9 14 2 38 17 14 11 37 40 41 4 40 30 49 23 17 11 34 16 23 35 1 20 
38 14 43 1 38 16 43 41 25 39 49 41 37 35 28 0 29 41 3 31 14 21 23 49 1 34 30 2 43 3 6 13 7 12 38 9 34 45 33 25 16 21 1 42 37 35 47 33 3 1 47 17 38 2 3 2 5 49 46 10 37 45 41 49 38 26 5 9 15 13 6 37 18 24 44 42 2 30 29 47 38 6 22 10 29 22 9 39 6 25 46 
21 41 29 28 21 22 34 36 41 24 10 24 45 37 22 1 0 44 8 35 13 40 21 3 29 47 37 35 28 48 44 35 39 36 35 48 5 19 19 17 18 34 13 30 9 13 46 5 45 44 25 19 19 34 38 43 41 19 18 10 10 18 9 29 16 39 47 14 29 2 10 22 27 34 23 26 12 18 29 19 10 23 3 31 35 3 31 41 13 19 15 
45 38 42 14 34 38 39 22 28 33 18 32 40 43 36 49 43 0 47 45 1 10 40 16 22 32 21 7 11 41 47 30 15 28 29 42 32 12 1 7 47 2 7 20 7 12 15 22 4 22 8 1 1 32 1 26 43 15 48 18 45 20 16 29 22 8 31 29 25 37 31 10 44 10 39 40 36 10 47 12 10 37 7 5 25 39 15 15 18 1 20 
2 36 2 43 48 24 28 4 7 35 38 35 45 8 28 3 25 11 0 21 37 33 14 3 24 42 23 13 20 8 19 37 7 11 45 26 40 12 8 38 11 22 9 4 1 12 6 18 5 19 40 5 15 5 37 13 23 17 27 32 41 41 18 37 1 1 31 38 5 39 16 22 5 25 42 1 15 46 47 11 27 29 41 2 47 8 29 48 15 3 6 
39 46 11 20 33 47 38 25 18 10 15 6 6 4 46 5 33 27 4 0 37 7 38 20 21 2 7 8 26 41 40 12 17 11 32 39 32 33 12 49 47 49 9 36 30 28 19 21 17 25 29 9 31 36 28 17 4 38 24 1 48 31 47 28 28 37 41 1 49 30 36 18 20 17 44 43 6 39 32 38 30 32 19 23 15 37 49 46 36 8 38 
31 39 7 43 26 46 33 26 8 4 25 15 38 41 28 8 37 22 36 49 0 14 38 10 44 37 4 30 11 16 43 29 9 44 49 29 49 19 29 8 12 3 10 37 23 39 32 25 11 17 12 36 28 32 7 27 9 36 17 44 18 31 32 2 6 37 35 9 42 30 41 31 16 39 10 18 49 25 31 15 10 36 10 36 15 17 25 18 38 34 19 
33 21 9 2 13 47 45 14 8 30 9 1 11 10 8 45 22 25 33 48 49 0 9 2 49 11 24 34 39 32 8 37 10 43 11 1 11 29 28 38 7 38 27 41 38 21 8 29 48 26 33 1 39 43 39 28 39 16 47 4 15 26 3 34 32 39 47 3 39 8 39 29 4 19 37 26 27 26 43 4 1 11 45 16 18 29 17 42 15 24 38 
42 46 23 37 47 1 34 15 45 42 16 27 43 47 5 43 30 21 34 10 34 33 0 19 4 32 36 45 8 35 3 40 7 34 39 40 39 10 33 23 1 35 36 5 20 6 1 39 35 1 45 33 25 5 24 46 21 3 36 18 28 33 5 35 39 6 45 35 25 4 5 38 18 46 7 21 9 17 5 26 32 17 30 38 31 26 27 41 46 18 13 
1 49 8 35 44 27 31 11 40 16 17 35 48 36 47 29 30 16 9 16 34 34 39 0 5 40 31 27 49 37 48 40 33 14 20 36 45 6 46 20 33 22 8 23 40 34 36 24 41 9 6 34 39 12 13 7 17 14 42 15 27 19 45 21 28 12 4 19 43 14 48 12 11 27 34 12 19 34 21 34 45 25 5 35 1 3 41 13 19 7 33 
44 22 7 28 49 20 43 46 27 48 36 31 2 24 39 12 27 1 7 25 12 12 5 17 0 29 22 48 34 2 38 27 1 43 41 35 22 21 36 14 9 48 4 8 17 33 48 37 34 33 3 22 6 6 44 26 8 39 49 31 44 10 16 45 45 7 15 42 41 4 46 6 26 8 17 26 4 41 17 21 30 46 4 4 32 39 17 46 20 2 14 
35 35 6 20 4 2 20 27 45 7 29 13 21 30 42 35 15 27 25 16 12 12 22 31 14 0 2 48 5 46 46 38 23 7 24 1 24 26 48 35 6 24 16 2 46 49 16 16 33 33 2 2 5 20 11 44 31 15 4 7 23 6 28 23 19 7 4 14 45 8 47 6 16 24 46 5 37 21 15 11 42 46 1 30 44 34 16 47 35 18 29 
23 35 38 34 15 41 20 43 34 11 46 28 38 18 34 29 24 8 15 24 36 19 46 18 7 33 0 47 9 18 28 25 11 5 38 19 18 20 48 19 17 41 4 21 1 24 29 41 42 36 33 8 45 49 20 1 49 43 34 26 22 15 20 24 19 27 29 13 7 11 20 4 25 6 20 15 21 17 5 47 23 16 29 45 25 12 7 19 48 2 43 
29 14 12 22 2 18 35 15 32 25 40 24 49 20 47 33 12 11 22 43 47 40 18 9 21 19 6 0 8 17 41 47 33 36 39 6 32 37 34 36 43 30 48 43 8 32 30 28 19 2 21 39 29 13 10 9 1 18 18 18 30 14 30 39 2 23 18 23 6 37 44 47 37 22 21 11 16 38 34 13 11 37 26 33 43 27 5 38 48 22 30 
8 11 44 47 17 8 35 40 8 38 34 38 44 20 46 32 34 22 44 21 41 20 49 36 45 42 16 3 0 43 23 26 42 19 6 29 21 28 32 33 7 33 46 14 25 25 49 1 5 38 47 19 34 46 21 9 33 16 43 10 16 40 2 13 29 27 27 18 23 38 42 35 27 31 32 29 24 18 31 44 43 2 20 33 28 5 1 22 5 36 38 
41 4 41 28 22 11 30 1 36 12 39 14 38 30 40 2 49 4 25 3 20 21 32 35 29 29 10 32 44 0 48 24 47 40 49 34 6 25 28 7 9 10 2 37 26 10 10 14 2 13 47 37 40 10 41 9 6 11 35 29 5 49 27 29 13 24 39 27 1 19 12 34 7 31 47 26 13 13 12 46 37 20 2 9 42 26 26 10 11 35 19 
25 37 44 38 25 49 11 14 22 15 19 3 39 5 48 33 35 18 33 40 47 49 24 9 38 46 34 23 15 1 0 47 42 4 16 38 46 17 39 29 46 39 15 26 30 18 27 18 28 32 36 39 25 19 48 33 44 14 12 37 22 47 26 41 37 23 16 26 9 6 10 35 17 22 44 45 23 35 38 3 25 2 40 9 2 49 7 22 3 9 39 
20 47 42 41 9 15 23 38 10 29 43 48 25 35 1 36 31 5 44 32 20 49 22 44 15 43 44 14 3 41 24 0 42 33 43 18 14 39 5 28 9 17 35 38 31 3 32 33 33 37 17 32 47 42 25 25 13 42 43 20 49 32 37 23 25 11 35 36 18 14 25 40 2 17 30 26 23 4 43 47 29 45 10 1 42 9 44 39 17 41 39 
38 11 33 4 1 17 15 12 23 32 14 15 40 19 39 13 13 35 36 23 47 27 15 44 17 15 9 13 18 38 48 19 0 24 48 27 21 14 23 22 34 31 43 13 11 36 48 25 38 45 41 29 20 14 9 5 39 13 3 43 25 40 48 10 36 17 5 45 41 41 37 33 14 28 27 34 7 7 42 35 26 4 49 44 13 16 17 32 31 15 28 
32 35 8 44 3 34 33 34 32 39 15 9 19 46 35 13 17 39 6 41 48 21 26 40 43 22 38 32 29 9 39 31 7 0 23 27 34 10 15 4 1 45 22 21 7 13 3 35 42 17 28 9 11 2 5 21 24 41 5 40 44 19 29 44 13 18 17 38 26 34 17 42 7 1 44 33 2 25 22 21 44 30 30 43 14 42 42 16 8 2 14 
31 15 9 6 35 31 32 17 7 5 12 38 29 39 17 37 11 33 28 17 12 21 5 42 14 30 21 9 13 40 21 12 24 9 0 34 15 27 14 24 3 39 30 7 19 13 15 42 19 34 17 42 41 42 20 38 14 13 16 34 13 13 3 34 35 2 20 20 1 15 42 44 39 24 16 25 34 10 30 30 13 40 12 39 6 1 6 21 9 31 42 
48 37 2 42 28 16 27 13 35 18 17 17 32 44 14 44 34 41 35 46 33 14 37 25 3 14 40 11 4 37 44 5 34 2 44 0 34 23 38 11 39 36 19 17 9 29 32 23 6 15 31 28 2 17 23 17 7 4 31 24 5 43 6 14 36 49 46 22 37 37 43 13 21 10 36 41 34 3 17 2 28 30 12 49 38 28 3 33 17 14 24 
2 15 4 17 49 47 3 39 17 15 40 42 32 32 20 34 49 32 48 22 34 34 18 2 22 41 29 22 9 49 37 4 48 45 21 25 0 5 40 44 15 46 22 6 7 28 11 6 33 28 43 1 11 31 48 45 16 21 27 10 22 44 42 21 47 47 9 1 45 30 49 15 8 7 24 36 9 43 34 2 11 47 6 21 41 31 27 19 45 30 44 
40 11 29 19 11 24 29 23 37 47 25 1 47 26 12 36 5 10 47 47 23 1 46 6 42 48 17 46 21 37 3 1 32 38 47 10 3 0 34 18 1 12 43 38 40 45 7 20 39 12 32 11 48 10 33 45 28 33 22 14 37 32 34 29 18 8 48 16 39 11 17 32 19 44 21 32 9 35 2 36 9 21 47 11 19 40 31 35 28 25 34 
30 14 15 1 16 17 3 40 26 19 5 21 31 39 44 29 25 21 31 22 35 16 4 8 45 16 5 33 3 13 22 17 36 2 35 37 40 14 0 3 15 6 39 7 47 29 25 21 47 1 32 18 30 43 31 41 13 15 29 44 13 49 13 44 25 17 10 3 3 27 16 33 46 4 44 3 41 15 10 14 20 43 26 40 46 16 44 44 15 13 36 
6 49 14 46 46 24 23 20 6 16 46 45 15 21 21 4 34 1 3 41 20 34 49 34 46 2 37 36 28 30 25 18 22 43 14 30 39 21 24 0 45 13 31 31 35 4 33 25 20 14 30 21 5 22 27 33 38 49 19 41 1 45 40 25 11 44 31 13 31 37 13 11 2 5 20 30 17 47 43 3 29 5 48 28 28 6 32 47 3 25 47 
7 2 45 20 2 4 5 17 44 3 47 3 17 6 25 10 21 37 5 15 49 27 8 13 33 45 28 20 24 29 13 12 33 34 38 2 31 13 44 6 0 14 35 37 40 37 28 27 24 19 38 34 1 17 15 45 20 1 7 32 2 12 29 39 24 7 19 3 2 44 13 40 20 10 32 18 39 4 39 26 25 44 20 24 44 38 32 19 37 22 7 
34 25 48 41 10 3 6 49 31 10 25 12 31 8 35 24 9 9 6 49 27 20 19 8 46 36 10 10 40 48 36 36 6 4 31 8 37 34 48 18 14 0 23 5 34 24 32 3 30 44 41 5 39 36 24 2 8 32 24 47 20 20 17 16 1 49 49 45 10 25 5 4 43 7 27 32 33 6 15 8 7 18 27 4 30 7 45 10 20 26 3 
6 41 30 3 18 18 1 10 9 40 38 26 37 20 20 9 41 34 13 6 5 6 28 28 36 5 48 20 21 41 1 30 19 28 20 18 48 15 31 49 36 16 0 36 7 38 38 9 35 23 16 8 29 43 16 13 7 46 16 26 2 39 17 3 9 8 15 41 39 28 3 2 5 49 10 22 26 13 4 20 33 10 8 23 43 30 8 8 25 32 42 
33 31 10 35 16 20 39 37 49 40 37 33 1 24 7 29 1 22 8 43 41 45 13 11 20 24 33 21 18 49 20 33 3 46 22 33 33 39 11 11 1 19 42 0 21 40 24 14 15 6 40 47 18 22 48 7 29 13 38 16 7 13 16 18 19 22 7 24 45 28 28 20 2 17 46 3 49 14 33 37 45 2 47 32 49 46 32 18 44 5 46 
31 2 24 3 20 21 17 45 20 42 12 37 48 48 30 20 2 37 30 10 47 23 12 15 19 33 30 6 12 20 33 47 29 43 3 18 40 19 9 5 14 33 29 5 0 28 34 31 44 6 7 3 4 7 7 38 10 14 27 46 17 26 33 45 29 35 42 9 48 3 49 19 22 46 7 11 7 45 23 44 29 8 11 14 49 38 17 10 10 3 21 
41 7 39 14 30 3 25 9 38 21 13 11 15 7 15 25 17 23 11 48 42 48 3 29 12 11 9 35 5 39 4 3 29 10 6 22 28 7 32 33 44 10 35 18 40 0 34 8 40 27 8 35 47 31 8 4 11 14 28 11 5 39 39 38 31 18 16 49 8 46 33 39 13 47 40 23 5 4 15 14 2 45 30 31 4 12 35 31 4 3 47 
17 32 14 37 48 45 5 46 25 13 42 39 14 3 21 10 28 6 11 6 5 18 26 8 29 40 20 13 6 2 25 13 37 38 18 1 7 4 44 42 40 46 10 41 29 17 0 1 2 45 36 28 13 42 4 43 27 26 17 15 29 26 46 13 9 41 22 10 23 38 1 38 9 45 49 11 28 23 7 48 11 9 4 29 1 35 14 5 25 11 9 
41 42 19 17 5 43 47 47 45 41 4 45 19 7 37 20 1 31 41 30 17 49 46 29 15 44 40 47 25 17 21 22 10 11 24 16 21 39 13 31 10 20 49 5 49 39 19 0 19 1 3 25 35 33 12 11 17 27 49 16 33 3 39 30 8 47 7 17 33 44 40 47 11 20 10 21 12 24 45 12 23 22 42 5 43 20 10 11 32 12 14 
18 9 43 31 49 29 23 12 24 20 47 26 35 4 29 11 39 12 13 48 1 22 30 4 11 40 43 47 16 32 37 28 11 26 42 42 48 49 7 4 7 29 41 5 7 42 47 29 0 19 18 8 36 25 49 35 15 6 45 29 25 33 48 47 15 14 38 26 35 5 23 10 9 39 33 22 40 36 10 6 19 32 2 49 42 30 9 10 34 28 28 
26 4 38 19 23 43 31 24 18 38 43 24 1 12 34 38 24 47 32 9 25 8 44 3 38 13 36 40 14 13 46 10 25 37 10 19 20 31 47 47 24 3 1 46 20 15 21 5 35 0 3 33 12 38 39 40 46 2 43 10 19 25 8 5 41 15 40 48 15 2 22 25 14 36 45 27 20 11 5 41 13 30 20 42 10 46 12 34 44 27 1 
47 40 39 25 25 44 40 38 8 5 1 43 9 42 45 39 10 16 31 3 37 13 13 2 27 9 23 35 21 36 8 48 40 10 11 9 15 17 2 25 15 13 36 14 30 26 17 37 23 18 0 29 7 14 47 25 22 48 43 43 35 26 30 15 7 3 2 37 14 2 47 2 46 43 2 44 11 3 36 21 35 39 24 23 36 33 48 9 28 32 44 
16 34 2 43 43 10 5 39 5 16 3 31 43 41 38 3 22 30 18 46 46 7 25 7 24 27 8 8 8 18 2 17 13 19 29 35 44 5 9 2 44 40 41 47 15 7 26 23 49 19 44 0 46 26 34 13 39 3 7 26 29 49 16 37 19 28 12 37 24 15 49 22 20 11 48 42 33 28 27 31 20 48 19 14 8 24 43 28 2 31 36 
39 19 37 20 10 11 36 49 19 22 1 9 47 19 29 32 20 30 44 23 25 18 11 5 15 10 2 36 17 11 11 17 11 3 43 25 13 29 10 34 1 2 8 2 16 37 26 9 25 3 40 28 0 10 13 17 46 41 21 8 46 38 25 20 12 25 19 1 32 16 27 12 44 49 39 12 17 23 7 42 47 7 16 42 31 24 33 5 24 8 26 
7 39 28 4 22 6 6 28 46 45 21 22 4 46 20 16 29 27 49 27 37 29 17 29 36 19 30 17 46 43 3 29 5 27 46 22 4 38 18 34 3 46 36 46 4 14 8 48 7 22 3 8 2 0 37 29 42 22 8 46 21 8 10 47 26 33 10 34 45 24 41 36 40 10 12 1 44 5 29 29 42 10 32 45 37 31 2 35 7 9 2 
31 28 5 31 2 46 35 22 6 7 17 32 17 16 24 17 14 49 40 2 8 18 39 43 38 10 4 23 36 19 38 27 1 27 13 22 48 21 18 22 8 27 44 40 2 1 7 31 21 8 2 33 6 20 0 22 2 35 44 14 1 20 27 8 9 12 29 42 5 1 33 9 26 8 11 27 10 43 21 32 35 1 30 44 4 6 35 31 10 10 6 
11 18 22 49 12 22 38 49 37 20 49 30 41 18 28 17 26 33 32 28 21 31 6 36 13 21 14 47 11 31 37 46 43 12 8 44 9 11 31 9 1 31 21 46 5 37 8 27 19 12 47 26 1 33 47 0 25 1 23 25 29 10 10 16 12 25 27 2 41 9 29 47 42 39 40 14 33 38 31 22 33 23 1 15 2 47 10 9 47 13 6 
9 12 23 20 23 12 40 37 34 28 32 25 36 10 32 46 29 12 37 31 3 17 43 11 49 34 11 47 5 40 36 19 12 19 47 41 26 23 10 6 38 49 34 26 21 27 33 35 37 24 34 20 29 2 15 23 0 17 22 22 5 34 37 45 5 37 7 11 16 40 17 27 21 25 11 4 35 14 11 30 44 30 23 34 22 48 20 7 26 49 8 
25 36 11 16 43 30 9 15 17 4 37 12 43 30 20 8 34 2 39 29 19 38 2 37 25 27 12 15 41 42 29 14 38 31 24 48 36 13 22 20 19 5 2 44 26 25 49 28 14 30 33 34 46 22 18 16 38 0 7 23 35 19 43 27 41 34 49 46 41 3 48 6 20 25 27 8 46 41 38 41 28 33 12 23 25 34 4 41 2 32 26 
5 29 19 17 17 27 7 10 15 2 39 46 27 33 46 27 29 16 9 48 15 45 39 23 28 44 22 14 23 37 28 8 34 49 10 43 19 29 13 36 26 9 40 5 14 42 48 46 17 48 39 11 46 25 5 33 33 3 0 22 42 10 13 26 48 37 40 22 1 15 47 47 13 7 4 1 37 22 19 27 32 12 2 20 36 31 28 8 7 33 42 
15 38 25 21 25 16 17 42 20 27 30 7 2 12 43 42 40 18 34 13 45 13 39 24 30 15 33 11 18 30 7 38 19 34 22 27 47 14 23 45 38 27 40 37 41 2 4 6 44 32 47 32 8 40 36 47 47 25 46 0 20 36 25 24 39 11 14 31 9 39 1 12 17 34 21 34 12 23 10 12 3 36 12 20 19 25 5 6 14 8 24 
21 39 15 8 17 32 29 23 8 31 48 4 23 34 46 17 36 48 41 33 7 48 43 33 11 15 4 1 44 37 15 41 28 19 39 9 45 11 37 8 8 45 33 13 33 49 1 17 25 34 44 42 42 24 32 27 17 36 37 32 0 6 15 6 16 48 22 18 36 47 33 30 2 25 38 31 48 37 42 17 4 36 35 17 23 45 2 11 44 33 36 
16 30 7 18 34 33 2 37 45 11 15 25 27 46 30 48 16 16 43 13 26 35 44 2 32 18 1 31 15 14 1 40 12 21 22 1 21 6 19 47 28 36 17 23 36 33 6 9 35 39 29 39 45 11 24 20 31 1 45 19 23 0 20 43 48 3 18 26 38 12 22 45 13 13 35 19 7 14 32 31 24 33 15 23 17 26 24 9 33 14 32 
34 42 33 35 3 33 43 2 32 6 11 48 43 46 40 29 19 26 1 28 12 39 6 21 44 12 49 39 4 13 19 34 21 49 20 21 38 33 25 28 6 25 10 17 42 12 1 12 23 17 12 2 17 34 3 26 12 20 49 34 39 15 0 46 12 32 43 20 39 32 34 36 43 11 48 42 4 46 11 46 3 2 32 27 14 16 14 3 46 27 43 
35 34 15 12 48 18 35 7 23 48 26 47 46 7 38 49 43 8 31 37 38 23 12 6 36 26 40 38 21 22 22 24 14 8 7 28 4 2 14 39 41 27 43 26 10 1 37 1 42 47 34 28 7 6 17 31 8 14 16 49 11 15 12 0 9 1 23 28 41 18 6 18 24 36 7 14 42 28 19 41 20 18 7 41 24 11 46 22 7 37 18 
4 43 21 8 19 29 2 39 48 18 49 4 26 30 26 45 6 3 7 39 27 7 4 4 14 9 27 23 11 3 38 37 27 15 9 43 33 9 30 3 19 38 12 10 27 16 41 10 5 29 4 31 46 28 46 7 44 23 22 35 49 35 2 31 0 6 15 7 30 10 9 31 11 35 6 45 48 45 48 14 20 20 37 35 20 38 30 30 5 30 29 
13 31 10 46 37 15 25 17 30 1 37 48 33 37 17 24 6 47 30 36 33 6 49 32 48 34 39 23 43 4 3 40 33 25 28 28 8 20 27 38 16 2 13 8 39 9 4 47 14 2 33 35 18 33 26 39 4 19 39 25 39 15 32 18 32 0 4 44 42 2 48 13 32 13 22 16 47 30 13 44 9 44 27 45 10 31 37 8 18 29 27 
36 12 6 45 29 16 44 8 49 16 27 48 35 10 14 34 42 46 37 6 8 29 33 8 16 5 42 4 34 17 30 7 7 24 20 14 19 35 37 22 10 45 32 40 43 19 36 18 35 35 13 37 15 1 36 30 2 16 27 18 24 48 23 11 15 22 0 22 33 47 20 8 16 20 39 17 1 46 41 7 11 48 38 34 15 29 46 25 17 22 7 
16 42 29 44 23 13 27 10 22 27 37 10 44 37 13 25 33 41 44 36 33 15 1 19 9 1 5 49 36 3 1 17 14 18 14 18 16 30 6 37 40 19 24 5 13 5 40 8 49 25 16 43 42 30 30 47 47 7 6 35 39 37 49 24 26 9 40 0 12 46 12 19 42 20 33 33 33 24 10 15 33 39 45 39 35 24 12 45 38 14 1 
6 24 12 42 14 24 21 21 9 38 44 25 14 8 41 15 8 44 38 6 8 4 33 8 21 47 43 11 17 18 33 25 35 46 32 49 7 25 46 36 13 30 46 28 33 19 3 36 27 27 38 1 13 30 1 38 36 2 35 6 28 37 47 43 39 8 36 27 0 4 20 46 19 29 8 37 20 17 40 40 40 48 6 5 31 8 3 27 35 14 12 
29 3 45 5 47 10 18 24 29 46 40 45 44 17 9 33 21 37 42 27 24 24 21 7 37 7 21 25 19 17 45 48 8 35 13 39 19 46 26 45 38 47 7 24 29 36 2 11 19 22 20 20 34 15 35 41 42 10 8 30 13 15 8 49 47 5 38 28 29 0 15 42 27 20 13 23 26 1 20 15 46 41 15 43 46 7 17 24 12 14 25 
35 46 46 46 42 30 34 46 43 14 13 6 2 14 30 14 8 21 39 39 45 24 21 1 39 37 42 16 32 38 38 18 27 14 33 6 12 42 27 20 39 5 7 42 31 48 30 6 8 3 22 48 10 35 47 12 26 30 10 44 14 7 48 36 42 31 42 38 37 22 0 2 49 19 12 41 7 43 32 19 47 9 17 42 43 6 37 43 22 14 47 
32 33 16 5 11 12 38 29 39 36 8 18 9 32 12 15 11 7 22 26 43 12 28 48 30 37 46 43 16 45 37 43 15 20 18 22 25 45 30 3 36 27 43 20 23 25 26 29 36 33 21 32 48 36 16 42 49 32 37 37 10 39 44 45 4 44 16 44 47 24 39 0 10 44 48 38 47 39 6 41 37 8 43 20 38 27 27 2 42 20 23 
42 1 12 16 30 38 48 23 6 13 12 21 17 25 35 33 20 49 14 28 16 33 18 30 8 30 18 1 26 34 42 4 2 46 17 26 3 45 38 19 12 29 8 17 28 2 38 29 48 8 44 45 45 26 24 13 1 44 16 16 10 29 43 42 10 47 22 23 39 49 24 45 0 22 30 22 34 17 16 27 10 13 23 27 20 14 21 42 25 21 49 
28 25 45 30 29 24 10 47 41 13 48 1 10 24 22 25 5 8 26 9 13 33 7 26 10 44 21 3 20 6 42 23 34 22 7 22 44 37 30 6 37 27 17 43 28 3 7 24 23 20 19 20 47 4 1 18 47 49 4 22 35 5 1 49 6 6 36 33 42 7 36 12 39 0 33 47 5 38 13 9 9 12 23 6 23 10 20 2 48 18 26 
48 38 30 13 17 9 32 26 41 22 10 2 5 28 28 11 12 34 14 44 35 5 45 16 26 2 26 5 8 13 37 37 38 3 12 11 5 29 32 47 12 16 31 29 12 1 34 48 48 3 41 39 40 41 2 40 34 48 17 46 17 18 23 12 30 43 15 1 19 26 1 4 22 42 0 34 34 23 22 1 2 30 19 48 46 44 22 38 26 9 17 
28 4 9 49 4 9 28 48 10 33 38 12 34 11 20 43 15 3 29 7 32 30 17 7 20 22 27 45 19 8 49 2 19 18 31 21 45 38 22 36 26 27 26 15 19 26 43 23 17 19 38 2 22 15 32 35 7 37 34 30 20 23 12 39 38 29 26 11 8 27 46 28 18 23 42 0 24 4 23 39 42 9 16 42 24 13 34 45 39 2 32 
28 11 39 48 8 48 2 24 13 41 45 27 27 36 32 20 45 20 14 14 20 24 24 46 15 13 27 28 32 27 11 30 26 9 19 9 10 8 31 12 27 30 44 13 4 25 13 12 39 27 24 28 22 7 10 17 41 29 26 47 10 12 7 31 33 29 30 16 3 15 20 45 45 36 3 6 0 23 49 4 34 43 39 9 7 25 5 16 2 16 31 
32 10 11 29 35 10 30 14 12 6 41 43 10 47 30 13 49 5 2 5 15 14 8 46 33 20 39 21 16 9 10 2 16 31 11 28 45 25 17 14 23 15 37 6 45 6 31 32 10 21 5 45 45 8 19 38 8 14 17 43 4 5 45 2 4 30 41 13 15 43 14 26 24 7 22 20 45 0 44 16 14 22 33 27 18 25 40 16 48 23 26 
47 42 10 9 7 13 12 28 13 8 46 5 17 40 7 10 47 24 10 29 33 14 27 19 10 6 28 29 8 15 23 6 1 12 32 42 3 36 39 13 14 37 38 17 44 23 49 15 43 27 47 37 42 49 5 12 34 15 15 26 11 36 5 48 38 40 33 39 14 49 40 27 46 46 20 13 39 46 0 29 39 1 12 49 46 25 42 2 44 4 35 
35 40 7 33 49 44 45 33 23 34 5 16 37 35 45 6 49 33 37 4 26 17 1 21 3 8 36 8 47 46 30 12 2 7 40 35 35 38 39 39 7 20 7 24 1 21 41 39 43 48 27 26 25 49 22 43 48 48 7 38 46 32 41 12 11 41 38 36 35 45 24 8 18 38 21 2 48 29 41 0 33 21 26 44 2 49 25 7 29 21 33 
3 18 24 48 2 42 48 43 4 41 25 12 19 6 31 5 29 7 40 13 15 25 46 12 42 37 22 30 14 26 16 34 24 40 10 9 46 8 27 34 37 11 48 19 3 5 14 48 22 10 5 23 19 3 24 45 27 9 41 22 38 25 34 3 19 16 40 8 29 22 42 3 1 40 17 42 3 35 20 33 0 18 28 31 24 35 35 26 33 6 2 
44 17 11 22 25 10 14 23 1 19 48 39 4 4 13 31 27 49 28 2 17 15 39 37 44 48 39 17 15 21 21 25 47 2 12 48 49 39 33 43 36 47 9 33 36 44 44 32 27 17 30 29 38 16 22 42 38 22 20 33 45 3 46 13 38 18 47 49 8 23 48 1 29 4 17 2 14 13 13 20 14 0 11 6 47 43 44 26 31 34 14 
48 13 38 19 28 40 20 40 39 41 16 36 37 28 40 15 43 42 11 15 4 31 30 42 9 19 17 37 34 30 11 27 10 3 13 29 29 20 36 18 2 25 38 8 26 6 39 10 19 4 42 45 17 35 38 38 16 11 37 42 43 9 33 13 46 30 33 6 11 33 4 16 41 33 31 44 19 44 1 3 26 11 0 1 10 8 37 23 34 40 14 
34 1 13 46 9 14 15 45 2 5 15 47 1 35 12 15 41 34 27 33 12 5 10 31 39 2 42 47 31 18 11 38 39 10 33 40 38 16 14 8 49 5 18 11 46 15 15 8 8 28 48 31 5 22 44 44 34 44 37 45 33 30 1 3 18 16 27 10 30 46 6 42 4 33 46 49 48 25 7 9 39 9 2 0 6 23 27 2 15 10 17 
25 37 6 26 45 16 20 3 42 5 26 49 4 39 31 23 16 38 24 8 49 4 19 33 38 13 17 3 45 4 42 10 6 36 3 48 3 15 10 20 3 29 12 18 20 31 25 1 31 35 38 18 21 21 13 32 24 31 43 49 44 49 24 23 40 6 27 30 37 49 21 13 43 49 9 1 45 41 29 29 14 8 17 47 0 29 35 21 34 41 45 
37 34 30 35 28 10 32 21 7 1 33 30 37 24 8 38 14 32 30 6 20 22 1 8 38 35 37 26 13 35 39 13 8 18 17 16 23 28 5 18 21 48 35 10 11 16 35 17 17 36 10 19 9 48 36 44 24 13 16 35 28 47 21 28 12 43 5 7 25 16 7 5 14 21 26 1 15 49 12 34 44 4 25 13 5 0 23 46 41 25 11 
39 23 24 22 41 17 11 27 25 38 23 5 21 45 49 21 28 20 48 34 49 34 1 9 34 19 18 35 26 24 7 40 9 1 31 33 31 20 6 8 3 35 43 11 11 24 12 28 33 42 28 49 30 42 46 3 35 46 41 13 48 49 9 35 43 11 47 33 38 38 29 18 7 35 4 6 38 41 3 38 28 27 37 49 48 8 0 28 4 11 33 
31 16 36 9 46 49 7 43 36 4 11 47 11 40 1 48 32 4 29 14 16 27 28 7 5 4 47 49 3 6 15 27 26 49 2 40 14 44 13 42 25 17 38 39 48 14 5 47 47 48 23 15 2 41 2 39 27 49 4 13 32 4 19 42 48 2 24 23 30 33 34 30 14 44 45 41 16 46 5 31 35 35 2 18 44 26 16 0 32 48 36 
24 17 26 33 26 48 25 4 30 29 26 18 11 5 40 38 24 35 32 35 22 35 17 12 36 33 18 20 42 17 14 8 24 5 35 33 40 48 32 26 22 16 27 48 27 29 32 44 7 23 30 12 19 1 13 27 5 18 10 3 28 17 41 20 44 9 24 17 1 22 37 48 13 1 34 38 17 11 39 9 30 29 36 12 21 44 23 21 0 22 7 
37 28 40 31 34 35 21 2 43 14 33 9 14 46 10 4 12 35 45 27 17 21 11 45 26 14 43 37 14 42 15 1 47 19 38 24 25 26 42 16 7 33 19 28 13 4 33 24 46 12 36 2 16 45 41 2 34 26 31 8 6 28 47 25 7 7 40 20 14 32 2 45 2 5 27 6 17 24 17 31 35 39 24 11 27 25 18 47 28 0 47 
28 16 48 20 8 10 6 21 35 27 30 21 36 17 14 19 38 41 16 37 37 32 34 34 1 49 40 37 26 26 41 23 39 17 49 25 3 12 31 5 31 31 33 22 24 26 26 49 36 17 44 41 34 9 46 35 9 48 22 18 4 10 25 19 10 22 44 32 38 35 13 1 7 40 23 9 29 35 15 48 36 16 40 16 2 8 27 21 45 15 0 
