n: 90
m: 4
Pi:U[1-99] 49 84 48 23 36 48 63 37 58 11 80 87 93 16 52 42 17 49 85 27 98 36 73 21 66 77 28 62 1 72 42 71 31 15 59 90 44 52 82 38 8 83 30 16 38 85 41 61 16 18 80 62 50 75 80 21 53 28 74 12 43 12 63 95 17 31 56 80 7 67 1 95 15 16 54 31 32 8 54 66 30 41 1 8 29 74 56 55 94 2 
Si:U[1-99]
0 62 18 34 33 46 30 28 60 16 61 82 99 99 52 99 73 97 99 69 99 22 3 69 99 99 99 82 99 99 78 10 46 6 99 55 99 39 6 37 99 10 58 99 63 9 75 33 99 51 99 79 87 99 99 99 27 99 19 99 30 99 99 69 54 69 58 91 94 16 60 99 33 60 99 99 73 93 58 25 99 99 76 99 99 19 99 27 99 99 3 
16 0 9 25 36 22 28 62 35 60 61 31 99 99 93 63 99 6 99 30 31 16 99 66 94 81 81 99 90 7 99 82 99 99 99 99 99 55 51 96 31 99 76 99 55 70 85 76 22 72 79 76 82 70 19 79 58 51 27 99 16 4 54 12 96 73 99 96 19 82 97 7 16 99 93 18 75 33 99 63 42 99 69 3 16 99 30 93 30 99 84 
42 17 0 27 44 1 36 54 50 41 96 30 99 52 90 6 99 81 94 99 99 46 76 33 99 75 99 36 43 76 39 15 99 99 99 99 91 99 67 99 88 81 99 54 99 79 9 99 99 12 13 76 31 96 60 57 19 99 99 82 7 6 36 33 99 1 85 87 37 52 1 99 99 9 25 40 99 78 97 57 87 48 37 67 99 99 67 7 63 99 99 
48 45 12 0 42 35 0 58 56 55 84 30 52 39 61 51 51 93 66 10 99 90 10 75 45 99 79 99 99 51 52 49 21 31 18 39 21 34 51 99 16 27 99 57 99 85 85 42 99 99 34 90 76 99 30 78 52 99 99 99 21 27 91 99 49 99 58 69 36 1 99 52 99 18 45 28 30 93 6 42 63 45 34 99 24 60 76 85 99 99 73 
52 25 40 20 0 11 16 57 50 10 21 58 99 99 55 78 61 99 99 67 97 87 18 99 82 19 91 93 99 84 99 28 99 99 34 18 58 99 1 9 57 15 99 6 99 76 99 45 61 31 99 15 99 99 99 42 99 90 33 36 88 99 72 96 99 99 58 25 99 52 75 99 99 19 99 99 51 99 54 33 91 49 43 45 18 37 28 34 99 96 36 
47 32 50 30 31 0 54 8 15 4 99 99 99 99 99 78 13 76 99 81 99 36 99 99 43 99 99 57 30 99 73 63 82 13 40 99 87 39 30 99 55 82 40 19 70 42 64 99 99 99 30 24 87 99 27 78 99 36 64 57 99 99 72 43 99 57 99 88 78 99 96 82 96 39 99 99 99 99 99 24 99 1 99 99 99 94 99 70 21 6 18 
26 60 41 34 59 4 0 56 14 51 99 99 6 99 81 99 75 99 99 90 99 40 99 76 72 45 81 61 99 99 6 42 34 46 66 6 39 99 99 78 73 21 33 99 99 30 21 61 28 42 79 97 61 24 99 78 28 67 61 82 16 73 99 10 99 6 18 99 55 13 39 45 99 99 99 57 43 19 79 99 99 31 48 31 22 57 99 37 99 60 99 
17 36 38 18 24 59 50 0 38 42 99 96 99 99 28 28 67 43 94 45 99 99 84 46 64 69 99 99 85 84 45 37 99 99 99 42 99 66 75 37 52 58 75 99 34 99 25 99 93 99 99 88 79 99 13 93 15 6 99 27 72 55 99 99 99 99 99 99 48 99 99 97 99 99 99 28 99 73 64 42 42 3 60 61 13 64 42 19 99 15 40 
65 58 28 52 15 32 10 47 0 21 94 99 10 94 42 99 43 99 99 48 37 99 87 22 99 91 99 94 24 60 60 70 60 81 88 3 88 72 99 99 39 82 99 87 73 84 9 99 76 52 27 21 97 99 99 97 52 99 4 97 99 99 93 33 99 99 82 99 27 55 66 49 99 78 46 78 55 60 37 58 84 9 99 93 99 99 51 7 33 99 81 
11 2 62 54 39 49 30 2 64 0 99 99 15 99 99 99 99 91 78 37 40 9 69 60 99 57 18 90 99 99 99 61 46 21 52 85 49 99 99 28 99 27 15 4 66 85 15 46 57 99 99 99 57 99 19 99 85 99 55 99 63 72 12 93 94 12 1 61 99 67 81 10 99 99 6 99 19 9 88 66 6 63 46 99 99 33 99 88 99 99 48 
33 85 21 94 99 94 63 15 24 64 0 44 23 13 19 62 58 64 4 22 40 40 99 99 99 81 99 67 99 99 46 37 49 99 25 57 67 46 70 18 99 45 52 19 99 84 10 70 30 84 99 85 37 43 99 67 16 63 79 99 54 99 33 93 40 96 31 25 6 9 75 13 13 99 99 9 99 45 51 99 58 99 16 99 78 70 99 99 75 81 13 
6 99 99 22 99 99 99 15 99 78 28 0 41 66 12 16 8 0 58 55 99 7 43 73 10 9 99 99 69 99 36 52 99 64 99 22 99 99 79 61 61 99 94 99 76 85 99 6 99 99 27 99 72 76 19 99 99 48 42 99 58 48 36 94 99 10 21 45 37 25 99 69 93 99 99 27 99 30 90 78 99 22 99 93 30 99 99 30 72 99 99 
99 88 88 81 22 46 61 99 82 55 41 14 0 55 7 51 4 39 28 30 96 99 99 99 27 39 69 70 99 61 22 90 99 34 99 96 42 97 73 99 99 99 75 99 99 21 76 99 94 84 99 94 18 99 57 27 94 37 99 75 99 99 13 30 75 99 22 33 99 27 22 99 34 55 10 1 99 54 57 10 78 1 33 63 99 13 28 48 61 60 99 
12 85 99 99 99 63 40 75 40 99 43 12 46 0 64 32 44 56 6 12 46 69 90 9 99 82 10 25 13 52 99 25 99 90 99 99 63 16 51 12 99 76 43 99 99 30 37 33 10 99 57 99 66 61 99 99 99 99 99 99 54 28 51 99 46 90 94 85 93 99 99 99 30 90 18 27 49 99 9 3 79 60 25 99 75 99 99 40 91 33 57 
36 99 9 99 99 36 49 87 46 76 66 22 31 20 0 40 10 7 5 30 99 81 73 64 99 99 22 81 93 99 24 40 36 64 64 99 37 16 9 45 99 40 73 28 82 99 99 36 99 30 99 34 16 99 99 28 84 40 67 1 99 99 28 63 51 6 99 99 57 70 99 88 60 73 99 99 43 34 12 99 99 93 57 31 25 37 99 58 99 10 99 
58 66 64 99 54 66 99 99 16 46 3 59 13 16 5 0 6 7 8 40 81 84 79 10 4 99 22 75 78 99 91 99 28 99 88 3 60 4 48 99 99 81 99 40 99 3 99 10 99 99 45 57 99 1 99 69 99 1 19 99 57 85 99 1 10 78 57 76 99 99 93 70 15 99 36 51 58 13 15 99 33 99 99 55 99 79 16 99 48 84 70 
16 16 99 13 79 12 7 39 69 42 8 20 20 14 17 64 0 54 26 46 93 61 88 12 79 55 99 73 99 24 9 51 45 99 67 90 82 43 99 99 48 10 78 99 99 43 69 75 24 34 66 45 46 73 21 49 88 48 63 28 75 99 85 79 99 40 54 99 99 45 96 12 22 99 33 99 90 88 99 87 40 99 42 99 45 99 99 46 99 99 81 
52 66 99 46 75 43 76 40 99 99 35 12 18 44 44 47 41 0 23 35 99 6 18 22 99 16 48 99 16 99 99 25 99 99 9 99 99 12 70 43 99 60 37 99 42 55 57 91 99 66 81 49 99 88 22 25 15 90 99 99 43 73 9 99 30 10 57 49 96 57 99 58 42 94 18 48 99 96 30 21 85 97 15 31 19 99 63 4 97 99 99 
99 1 88 99 99 25 31 99 99 28 24 16 26 21 54 33 38 44 0 43 31 10 93 99 60 64 99 99 99 94 82 55 49 90 1 90 99 72 97 99 99 72 55 3 73 28 99 48 79 46 78 93 96 40 79 31 34 46 49 15 70 7 51 99 99 99 61 69 58 60 24 99 55 64 27 97 61 30 40 99 99 33 99 99 36 25 28 70 1 99 99 
78 10 99 1 76 16 37 99 99 91 22 32 62 20 17 40 6 4 60 0 31 99 99 4 13 99 54 99 13 81 99 51 75 37 55 10 36 16 99 94 99 99 99 97 99 66 1 99 99 72 99 1 99 9 27 22 46 69 99 99 30 51 99 36 66 99 45 7 97 39 22 66 99 49 90 9 69 24 48 91 99 99 7 31 33 99 84 67 99 67 36 
30 25 99 99 99 27 39 64 99 87 73 30 51 99 15 99 99 96 42 99 0 54 45 16 48 12 2 51 56 48 99 16 90 99 99 99 3 72 99 84 73 1 96 99 99 22 94 84 99 13 64 48 39 99 99 99 93 19 99 93 99 31 21 39 99 99 99 9 99 66 58 99 99 85 99 54 88 43 1 94 99 99 99 10 99 54 99 52 85 58 99 
36 34 99 99 70 12 79 93 99 85 21 99 51 57 73 99 69 69 94 64 4 0 45 52 43 14 34 34 15 3 81 96 13 4 33 13 27 99 99 58 61 52 90 99 99 64 96 75 54 25 21 58 13 10 99 96 99 42 25 12 99 79 70 99 15 33 7 85 60 43 39 66 99 99 7 99 51 66 99 90 99 99 33 99 97 6 99 87 97 7 55 
99 76 51 9 99 66 15 49 99 55 19 39 49 43 31 99 66 99 99 99 36 34 0 64 36 38 30 60 47 54 7 99 99 79 22 37 7 48 30 96 51 73 99 99 99 10 69 90 34 28 85 19 1 99 13 96 18 16 24 19 99 99 34 97 93 54 99 99 22 99 1 99 99 31 79 99 99 99 99 48 99 99 67 43 99 99 36 99 96 69 99 
99 99 55 66 94 99 79 99 45 72 70 90 33 99 99 4 84 51 52 96 23 42 62 0 50 34 51 16 56 48 99 51 9 99 84 46 99 21 6 69 58 40 73 39 18 28 94 6 63 67 39 13 6 99 33 99 24 37 55 99 99 82 19 99 70 99 43 69 84 99 73 33 19 48 99 99 99 55 99 84 54 99 28 99 99 99 66 39 88 6 42 
58 61 99 25 9 39 36 99 99 25 99 12 39 99 51 99 99 99 99 99 34 20 4 14 0 12 56 46 14 57 99 3 70 99 66 22 45 18 99 51 99 99 9 46 99 99 69 99 99 58 7 31 87 99 21 58 7 3 82 99 99 99 91 88 99 99 36 30 99 93 58 85 99 21 99 75 67 25 51 99 49 36 96 1 99 49 19 99 27 60 99 
36 99 99 99 99 99 99 37 99 96 24 99 4 67 99 99 99 70 72 75 62 9 38 48 40 0 20 8 37 7 99 99 99 24 91 78 13 99 91 76 97 42 99 72 75 46 4 66 30 25 75 87 99 19 91 4 99 54 27 21 18 99 78 97 99 22 15 34 99 90 72 93 3 48 63 87 24 87 67 22 61 93 99 55 9 99 45 69 19 82 21 
99 45 99 42 99 19 58 61 73 99 99 99 96 99 96 99 99 88 99 25 24 38 64 8 55 31 0 59 17 13 94 51 99 99 7 87 99 90 99 85 13 99 99 46 99 42 99 7 99 99 99 99 99 82 49 87 54 99 99 99 6 94 30 75 67 99 66 10 99 99 40 54 99 1 60 45 99 99 55 55 99 99 99 40 99 93 88 99 99 70 96 
43 99 99 61 99 43 27 99 99 4 22 99 99 96 99 99 63 99 99 22 61 54 5 62 60 39 2 0 62 20 22 60 85 99 13 76 52 99 79 6 99 99 70 6 40 99 99 90 99 81 99 16 99 99 99 52 46 24 84 42 99 58 15 67 99 39 24 39 99 97 99 75 93 40 85 49 99 99 99 99 37 51 9 4 99 57 99 49 97 10 25 
99 90 99 69 70 88 73 96 7 69 40 6 66 61 78 99 96 7 99 99 45 13 56 60 15 35 53 24 0 24 99 99 99 42 82 67 40 61 21 13 79 22 12 99 42 18 99 97 99 93 58 99 16 19 21 28 99 99 13 99 16 72 99 87 99 87 99 99 99 27 99 99 16 91 21 99 40 99 99 94 96 27 39 87 99 99 97 39 99 30 51 
18 99 30 99 1 67 39 99 4 99 84 43 99 27 10 34 75 85 52 99 42 60 36 46 2 36 48 45 14 0 61 99 9 99 33 28 13 91 99 6 82 99 99 15 99 7 4 99 4 99 99 85 99 57 16 51 33 78 9 10 81 99 99 54 99 99 18 78 48 15 57 99 99 3 28 99 34 54 37 99 4 99 99 99 99 99 39 99 72 99 99 
49 99 51 99 33 12 1 3 10 72 99 97 99 27 99 79 99 55 94 99 33 99 28 99 57 4 52 31 60 99 0 52 13 20 60 61 52 34 8 54 99 54 25 37 82 49 63 15 99 99 99 99 67 73 90 57 99 99 99 99 93 99 42 76 22 99 48 6 99 24 27 99 61 40 39 99 42 99 66 96 37 4 36 88 19 43 99 99 99 99 48 
9 94 99 48 99 88 48 7 99 63 52 82 90 60 19 99 99 43 99 99 63 99 18 6 99 61 76 99 99 40 44 0 12 66 62 44 30 0 42 44 99 10 3 75 19 31 99 48 91 54 52 19 94 49 99 82 97 99 70 4 25 99 99 99 4 63 61 99 99 99 79 34 99 99 36 1 48 22 99 58 37 99 99 73 78 76 9 99 52 99 99 
99 99 34 28 99 48 99 43 1 31 99 64 99 69 97 99 4 99 99 36 63 99 88 99 99 99 63 79 99 99 15 51 0 46 7 5 52 30 32 14 99 78 99 21 99 27 6 84 99 97 99 22 99 28 45 72 99 99 55 99 72 27 66 99 88 82 99 31 10 9 99 42 99 52 9 34 99 73 99 25 64 94 4 13 61 91 54 99 99 3 99 
48 70 99 40 84 16 76 99 99 21 54 42 99 46 6 99 99 12 42 7 99 48 46 9 30 54 99 99 73 1 60 53 56 0 30 20 44 62 35 66 60 99 43 45 61 99 42 30 99 22 70 99 99 45 99 12 99 99 45 73 93 99 96 57 46 99 49 51 94 99 55 70 1 75 66 46 99 88 1 88 6 99 48 43 54 63 46 99 82 99 60 
55 33 64 99 88 43 99 7 99 99 99 99 91 69 12 84 7 31 97 70 69 99 64 6 87 99 88 27 97 99 32 42 32 22 0 34 24 16 54 46 99 99 31 99 54 36 76 10 3 42 76 33 99 72 58 25 96 99 99 51 93 99 25 99 46 58 15 73 48 55 99 91 42 37 12 19 46 18 49 99 84 40 40 13 99 84 1 37 99 10 15 
58 31 18 12 64 34 97 81 30 99 91 66 99 99 94 99 13 72 55 99 30 63 45 39 75 58 84 13 61 24 50 20 5 48 8 0 21 15 27 1 57 57 31 99 43 57 51 54 37 99 93 99 61 99 73 99 99 88 99 46 99 78 52 99 85 39 90 99 46 78 99 99 97 30 75 99 9 99 99 99 79 18 76 4 63 39 25 90 46 91 22 
99 64 99 24 99 99 97 99 28 99 30 43 97 54 99 99 91 78 99 19 96 87 99 55 99 57 99 99 73 99 2 4 27 48 14 60 0 6 62 19 99 76 99 99 99 10 13 99 94 54 90 87 99 4 69 99 24 97 18 13 1 9 37 99 49 75 99 99 93 16 99 48 60 99 76 45 64 18 39 12 60 88 99 60 42 99 70 1 87 99 79 
58 31 24 45 55 99 88 99 57 67 60 58 1 99 25 57 64 69 93 66 66 97 99 6 99 73 30 18 58 99 50 28 38 62 8 9 56 0 50 14 99 1 66 99 42 13 82 61 19 99 88 40 99 60 13 87 21 99 31 52 99 84 99 18 91 99 99 79 31 19 66 99 90 57 99 63 99 36 37 99 67 67 99 48 49 99 48 99 64 99 99 
16 3 30 34 99 67 7 99 91 67 96 39 99 94 99 99 99 46 99 76 43 13 99 99 90 13 97 99 69 99 9 63 36 52 34 9 12 31 0 48 99 60 99 25 27 79 99 85 88 3 96 21 99 99 99 66 55 99 99 61 99 91 99 99 76 94 99 99 61 13 48 31 90 99 99 99 69 1 99 34 99 99 99 99 76 90 72 60 99 99 99 
52 76 45 73 99 99 99 99 51 42 27 21 64 99 99 99 12 28 40 46 31 75 22 34 91 46 10 91 99 27 16 20 57 34 42 11 65 22 45 0 48 99 45 51 43 55 9 75 99 57 99 85 99 58 31 27 4 27 99 93 99 21 9 78 82 3 99 99 99 40 39 45 99 99 97 99 13 99 99 18 99 18 39 99 99 88 94 96 12 15 37 
55 99 84 52 54 39 42 99 58 31 99 99 99 22 99 99 99 90 87 43 99 79 99 63 30 96 60 99 28 99 99 13 73 99 45 12 99 99 70 70 0 57 59 47 37 31 59 1 48 42 75 66 99 99 13 99 18 48 67 58 1 99 67 15 39 99 87 36 45 61 63 99 96 21 99 75 99 99 78 99 54 99 99 99 73 76 99 4 46 34 4 
99 99 16 60 99 99 45 99 90 63 99 61 99 40 99 99 99 97 99 99 64 36 88 16 99 99 99 54 46 96 10 73 21 18 99 42 72 55 7 37 56 0 54 24 19 51 1 46 51 14 88 46 54 99 99 90 99 79 9 99 90 34 42 99 21 54 99 64 30 99 99 64 81 70 91 1 31 34 45 93 79 18 70 87 94 99 75 1 81 1 25 
66 42 84 31 70 22 7 99 48 99 6 63 7 87 99 10 99 69 46 88 4 99 94 94 31 30 99 82 99 33 99 10 16 36 99 57 43 99 91 58 48 21 0 4 40 64 42 47 19 28 81 16 99 93 99 99 99 79 99 99 45 94 6 99 7 99 67 27 3 99 99 99 96 9 42 25 91 99 12 45 3 73 99 51 79 99 99 99 97 99 4 
99 42 99 51 37 42 13 57 99 90 7 9 58 99 97 39 12 99 96 1 79 60 99 99 99 79 99 40 99 99 61 31 49 18 54 99 99 69 99 42 34 45 45 0 51 18 61 14 46 49 28 6 67 99 58 18 99 99 99 27 25 73 70 22 67 46 93 93 99 18 81 79 43 99 99 91 40 99 99 99 99 99 99 99 82 99 45 96 61 99 22 
42 72 61 99 70 24 99 99 9 87 46 63 88 19 99 9 78 87 99 4 66 73 99 99 10 99 99 48 66 70 27 54 63 99 99 99 13 99 99 99 6 42 32 19 0 17 46 16 7 43 64 66 9 91 54 84 99 21 21 99 99 99 28 57 99 99 87 99 30 94 54 99 88 99 3 37 67 3 10 54 99 99 99 48 99 79 99 99 99 82 99 
70 37 99 45 54 87 93 12 6 90 99 99 99 99 99 69 87 34 88 99 52 67 64 82 61 99 9 99 99 99 99 46 99 99 99 30 82 4 84 99 30 34 3 28 64 0 35 42 29 8 76 99 76 22 31 70 39 99 75 63 19 79 99 99 99 99 99 13 99 66 33 52 99 99 51 99 43 94 19 24 84 1 18 60 99 36 7 21 99 39 99 
55 58 57 15 99 87 31 85 84 99 81 52 99 99 15 69 31 82 99 3 99 99 43 99 81 57 99 70 22 13 7 99 99 49 43 49 99 99 99 97 43 3 21 21 62 12 0 20 14 66 99 31 73 73 66 1 54 88 54 87 24 64 33 45 99 99 81 78 15 99 72 99 99 1 99 90 43 99 45 60 28 78 99 9 75 97 76 99 55 72 87 
37 39 99 75 99 69 49 28 79 99 66 78 72 18 40 84 99 75 99 99 93 52 1 58 3 99 82 87 99 85 27 99 87 19 87 78 36 6 97 54 8 12 4 56 28 44 56 0 18 18 99 99 99 99 33 93 51 49 30 49 99 58 99 99 99 12 39 66 96 57 99 99 19 99 16 99 99 19 99 33 25 4 88 45 13 78 99 88 93 51 34 
70 87 22 84 99 75 19 99 99 99 27 99 88 25 19 94 99 66 76 21 61 87 18 45 99 34 73 99 33 99 99 99 94 24 99 63 69 99 99 99 18 7 28 39 16 51 17 49 0 2 4 18 33 42 99 99 60 99 58 93 99 57 16 70 45 99 99 94 99 85 7 99 97 99 78 99 99 90 63 22 18 16 61 99 99 4 49 60 88 78 87 
33 99 99 52 82 9 13 99 61 3 99 67 99 99 21 42 67 73 66 57 27 43 76 7 99 64 72 69 96 7 87 99 30 99 99 73 99 63 75 99 52 26 36 34 6 44 54 12 17 0 27 39 15 16 15 1 99 93 66 73 99 3 88 34 99 45 82 33 99 64 51 9 28 99 58 99 99 99 99 54 48 57 21 25 15 76 7 76 60 99 99 
73 93 28 99 99 40 99 99 16 99 70 99 99 99 15 67 64 99 99 6 99 27 42 99 7 22 99 55 75 78 99 99 85 91 3 4 19 43 99 3 99 99 13 64 60 84 58 99 24 10 0 31 46 29 39 11 15 10 26 10 1 88 43 36 99 15 19 40 6 46 37 99 99 39 99 51 99 99 99 99 99 99 99 99 96 97 55 99 37 4 99 
99 91 36 64 97 34 94 66 67 99 16 58 34 45 34 99 18 85 99 81 99 85 99 99 15 7 99 9 12 85 63 70 87 12 99 99 94 9 64 67 37 90 4 99 99 99 1 69 6 16 7 0 39 43 44 8 65 28 50 32 64 88 70 70 99 75 85 99 99 99 88 52 78 76 99 79 99 91 79 99 57 28 37 99 99 36 33 85 27 99 99 
99 99 21 84 99 1 99 39 16 81 37 94 22 99 99 75 99 10 39 99 97 73 99 31 31 99 10 99 90 99 9 33 51 25 45 66 16 99 99 99 1 99 4 99 52 40 52 9 99 48 21 27 0 65 43 45 65 50 28 32 81 99 87 99 73 78 64 39 57 70 18 31 99 18 99 52 99 10 73 99 1 99 58 4 67 76 99 99 30 51 99 
75 3 99 99 3 99 88 78 24 31 99 37 69 16 99 67 99 78 3 75 99 43 94 99 99 76 99 87 99 99 99 99 3 15 39 76 6 99 21 99 52 99 54 99 54 45 25 91 45 90 0 8 50 0 42 50 57 63 3 62 99 37 69 57 4 60 12 66 88 64 25 10 43 99 99 88 51 1 66 99 94 61 90 99 36 99 45 99 99 75 37 
99 22 60 6 99 16 99 78 21 99 78 12 90 99 33 88 94 99 99 99 96 99 73 75 91 73 99 99 99 28 67 33 99 99 6 90 99 99 99 79 19 37 27 99 31 63 99 99 46 66 51 56 56 5 0 35 0 1 61 29 30 16 81 76 6 99 99 99 78 51 99 58 30 6 76 70 94 79 6 99 40 99 24 76 57 37 99 99 42 99 99 
99 13 75 6 78 40 67 12 99 99 79 93 99 43 57 99 99 99 99 24 73 57 45 63 9 90 58 72 51 64 51 54 88 73 99 99 16 18 36 91 48 99 76 99 39 46 99 93 22 99 32 50 42 1 43 0 60 8 25 46 79 43 37 49 87 99 99 54 48 99 99 99 99 99 99 15 99 99 99 99 99 99 24 69 10 99 76 99 96 99 12 
45 45 60 57 99 88 96 19 99 88 99 99 85 18 88 99 99 48 99 43 97 18 19 84 22 9 99 18 9 12 40 99 99 99 99 57 99 57 27 99 67 79 97 99 6 99 99 99 70 99 46 58 20 40 2 46 0 30 30 58 69 27 75 7 64 4 57 60 84 9 18 99 99 34 99 87 93 70 70 99 85 82 4 67 10 99 61 9 93 96 75 
99 99 37 87 99 99 15 7 79 33 99 84 27 30 36 9 21 36 60 25 48 99 99 99 12 99 49 21 99 28 99 33 66 88 99 64 87 99 22 40 27 99 87 79 18 25 99 99 46 18 47 4 62 9 13 30 20 0 40 2 10 99 84 97 94 99 28 99 99 69 48 99 87 49 30 99 96 99 99 45 7 45 30 97 99 99 99 39 57 36 31 
63 48 96 99 42 99 97 54 85 99 99 52 31 24 6 51 99 99 36 21 84 99 27 99 76 97 40 99 30 13 25 25 34 36 27 99 24 99 24 99 87 99 99 99 99 99 99 25 48 45 23 34 18 15 11 24 46 61 0 32 31 15 90 54 45 60 99 9 99 7 54 1 76 54 57 34 99 66 99 43 54 84 28 99 99 96 99 10 1 94 9 
13 28 78 81 99 30 99 91 25 22 30 99 99 91 99 76 1 88 99 91 63 28 99 99 67 94 54 28 4 58 99 54 93 58 15 25 99 52 97 99 87 63 99 19 51 63 13 49 12 99 1 38 17 20 46 56 28 14 44 0 42 99 64 3 60 61 12 94 99 24 45 99 99 99 36 22 76 7 12 99 88 99 30 1 99 27 42 99 25 91 34 
99 99 99 16 99 60 31 9 99 99 84 12 99 21 18 99 79 79 9 99 78 4 99 93 88 94 40 13 66 36 54 42 48 37 63 99 6 99 13 78 4 99 99 43 82 81 99 57 99 99 64 37 15 99 6 22 88 63 99 28 0 12 30 45 50 58 57 55 16 14 12 99 99 99 49 99 99 31 99 55 27 63 99 48 99 88 24 10 99 3 99 
99 60 16 78 90 4 22 99 61 3 99 6 42 33 78 93 99 99 6 99 57 99 99 99 64 99 63 99 99 55 91 61 54 33 99 97 99 99 99 64 99 70 82 99 94 79 37 48 99 99 90 99 60 7 94 45 3 87 99 58 40 0 30 12 47 64 21 7 4 64 91 99 88 27 27 67 82 45 42 10 12 99 91 91 51 30 45 99 61 22 99 
85 99 93 99 60 75 99 81 22 31 54 99 99 60 28 99 58 9 99 99 99 72 84 63 99 99 49 99 99 99 90 19 99 4 99 99 9 99 99 66 16 36 7 60 57 67 10 25 72 52 28 39 99 78 61 99 64 43 39 99 34 54 0 8 50 29 13 41 63 50 19 12 88 36 51 99 15 99 99 99 99 43 40 75 99 30 10 10 99 91 99 
4 79 99 28 10 58 6 99 81 75 99 16 79 63 18 99 70 73 1 94 18 99 82 99 99 79 84 27 99 99 72 99 25 3 1 61 55 99 61 31 99 99 66 52 99 99 42 52 99 85 66 97 30 30 37 7 4 18 54 34 34 6 1 0 18 58 0 42 27 33 58 10 99 99 99 73 99 66 66 19 69 97 19 82 19 49 96 75 87 99 54 
51 54 88 99 99 36 43 99 99 7 75 99 60 58 99 15 87 99 66 99 99 75 33 30 34 67 57 99 42 6 99 22 99 97 40 67 55 99 99 99 16 43 99 76 99 99 30 4 79 19 99 99 99 52 43 13 99 34 90 54 47 38 48 16 0 58 46 3 60 43 99 87 1 48 58 99 82 12 58 84 99 10 84 99 24 99 22 87 6 94 54 
45 85 9 30 99 99 55 49 64 15 21 99 99 81 66 99 28 99 67 25 99 99 54 7 73 99 19 99 37 81 18 99 55 99 82 15 24 87 99 13 21 99 52 51 87 99 7 64 33 99 99 84 99 49 99 1 1 85 99 99 12 34 16 58 63 0 24 45 2 11 19 99 57 99 28 99 33 55 4 99 43 76 69 99 99 90 99 16 99 99 93 
99 85 99 72 28 90 91 43 30 99 99 99 99 99 27 6 99 51 27 19 76 1 99 99 40 37 99 48 79 99 87 93 99 99 99 28 30 4 60 99 99 99 19 40 58 22 66 99 99 99 70 57 19 99 99 28 90 25 43 99 56 11 16 46 54 53 0 30 18 34 49 96 75 99 36 10 4 99 78 99 99 99 57 3 99 48 90 99 7 99 87 
99 70 57 99 99 48 54 28 99 99 60 28 69 99 25 37 90 31 31 7 78 99 6 99 73 60 49 42 63 67 40 99 79 43 99 24 99 15 49 99 84 25 27 69 7 60 99 72 60 99 6 72 66 78 75 3 36 75 85 46 10 0 3 8 18 12 38 0 41 15 58 81 99 40 99 99 99 99 31 21 99 39 52 99 99 7 72 12 39 43 58 
99 99 85 79 45 99 45 45 34 61 31 99 90 99 12 10 99 99 99 99 99 82 43 66 99 99 72 33 63 33 99 94 99 99 99 99 99 99 85 51 19 70 12 99 99 61 13 99 99 63 55 99 96 99 42 12 24 40 99 93 26 13 44 57 30 18 9 38 0 24 34 84 4 99 27 85 99 99 99 37 99 99 27 30 24 15 36 30 99 48 99 
18 99 99 37 54 40 99 99 64 99 30 90 13 99 67 39 94 99 99 52 64 22 31 99 99 21 28 99 75 63 3 99 99 69 99 99 55 57 40 57 99 99 60 99 99 57 84 30 66 99 99 40 87 99 39 99 45 99 90 99 15 23 6 26 37 7 62 10 38 0 63 4 99 99 46 99 54 33 99 70 13 42 34 40 99 99 99 75 99 48 88 
99 66 54 40 58 18 42 99 84 82 99 73 37 16 99 58 66 49 75 1 99 67 69 99 99 69 99 99 27 75 1 97 19 99 28 94 99 66 99 79 10 97 19 34 57 7 15 99 87 85 78 63 9 81 99 99 40 55 63 99 99 42 99 99 40 13 37 99 99 66 0 2 48 39 36 4 31 54 50 12 36 60 15 45 99 99 52 31 87 99 21 
99 88 27 90 99 76 99 99 99 42 60 24 3 75 70 54 60 73 36 28 85 39 54 76 99 24 22 99 73 99 49 12 60 67 9 99 99 70 90 88 99 99 70 99 99 6 28 37 24 30 25 91 99 99 76 99 67 75 12 60 99 99 99 99 58 6 99 97 49 99 52 0 14 49 13 50 12 2 62 38 25 99 99 57 13 99 39 99 90 7 63 
99 25 61 87 81 33 99 99 99 10 25 99 3 75 99 54 99 40 99 34 63 99 19 99 16 46 16 24 51 39 93 99 57 72 99 63 82 99 19 27 99 99 99 99 99 24 90 16 15 79 21 25 36 99 69 93 88 24 99 18 88 96 54 76 99 97 37 99 30 99 2 20 0 23 23 18 4 54 44 55 73 88 99 49 75 19 99 99 27 10 12 
60 21 76 99 54 81 25 69 75 99 31 34 63 99 21 96 63 55 99 25 99 99 34 75 99 99 78 61 1 67 99 99 52 19 22 91 51 43 99 7 91 99 99 99 1 7 99 39 31 70 87 90 58 99 96 27 99 99 63 28 99 99 55 63 1 36 94 99 13 22 19 18 42 0 43 21 62 54 0 39 99 73 51 99 6 99 99 99 99 49 51 
33 99 18 10 79 33 84 75 75 76 9 76 63 21 6 99 99 67 3 13 84 40 99 79 48 99 12 54 99 54 99 57 99 27 13 64 78 99 55 64 97 99 4 45 22 7 99 34 39 52 85 60 12 9 12 67 67 99 33 54 99 28 96 27 94 9 99 52 99 69 44 16 16 58 0 29 36 27 15 32 63 96 16 85 25 36 93 99 99 28 49 
9 4 28 81 25 34 99 21 4 40 88 99 99 99 18 52 99 91 27 40 99 99 99 99 99 58 21 36 28 48 99 99 64 19 13 66 66 7 99 72 61 40 88 99 37 99 99 85 63 99 99 22 18 7 4 99 99 81 99 99 69 37 43 21 99 36 6 19 99 7 11 28 47 61 7 0 41 10 4 39 88 99 99 72 36 24 33 52 33 82 99 
60 99 6 27 99 4 63 34 37 27 99 40 99 99 99 57 99 7 99 72 25 22 18 99 99 7 21 99 99 99 96 19 10 13 36 99 99 51 99 52 25 76 75 19 13 10 78 99 93 99 99 61 10 45 79 99 99 99 30 99 99 12 57 99 96 49 99 43 99 69 24 40 54 44 20 5 0 38 62 10 48 99 33 7 12 31 43 94 15 39 88 
96 99 99 96 99 28 7 99 25 99 58 33 39 19 40 99 99 99 73 99 1 99 99 4 31 99 99 91 60 16 99 33 94 37 58 82 91 66 99 66 33 69 99 10 46 21 99 54 99 99 61 46 46 49 99 75 16 99 46 73 84 96 99 16 99 31 15 97 99 13 32 42 35 36 8 28 41 0 15 51 49 99 46 99 99 99 99 70 99 61 7 
9 99 15 99 3 25 34 19 99 99 4 15 15 57 99 12 93 27 99 96 88 75 19 43 27 99 99 99 99 90 40 39 64 70 99 37 99 99 99 99 27 91 99 99 73 12 28 69 15 10 70 66 52 99 99 99 99 99 99 79 99 99 13 43 99 99 30 99 99 99 0 49 64 18 62 36 26 18 0 21 99 60 99 45 55 64 94 99 51 99 81 
73 99 87 99 99 75 58 99 16 66 43 91 99 57 27 96 99 33 37 10 99 33 99 60 30 99 7 81 99 99 99 99 46 99 48 33 99 99 99 99 58 36 99 99 99 6 99 99 28 33 45 99 99 99 37 99 76 3 46 12 85 55 13 99 36 99 55 90 4 67 62 46 37 44 53 16 38 40 10 0 64 72 99 43 88 97 52 21 18 1 99 
99 18 99 88 6 21 99 69 99 85 10 1 99 7 76 79 49 63 99 99 67 49 99 40 94 72 91 82 58 69 99 94 99 79 45 51 51 99 99 99 99 96 72 99 99 99 72 33 99 99 37 25 99 57 72 99 33 18 42 99 58 99 46 4 43 60 99 67 75 90 19 57 31 99 64 99 99 99 55 99 0 16 36 51 36 38 62 28 60 61 55 
63 16 46 99 99 78 99 99 99 82 99 39 99 63 99 57 3 96 43 72 61 87 99 63 37 87 99 99 99 54 87 7 39 99 51 99 85 46 52 78 49 57 90 78 42 76 99 99 99 99 27 84 99 99 99 52 63 39 99 93 67 99 99 72 46 1 91 52 21 36 64 7 72 99 99 99 99 72 28 39 46 0 54 22 56 45 55 53 59 58 99 
25 12 75 78 36 99 99 66 99 51 84 93 4 45 99 34 99 88 43 31 24 36 67 81 85 1 99 9 24 40 78 99 99 99 99 99 57 49 90 99 40 52 12 99 99 37 99 99 4 99 12 99 99 70 6 4 99 34 24 27 33 99 94 21 99 99 1 99 99 1 99 99 99 99 37 88 99 99 12 99 38 39 0 64 41 45 30 24 31 33 6 
46 24 13 61 99 99 28 73 99 99 90 49 3 42 99 85 33 99 84 27 42 36 79 24 96 6 9 90 99 99 54 99 12 43 99 99 7 99 54 99 36 99 99 48 99 82 9 99 99 99 99 99 99 99 67 36 99 99 19 84 99 99 46 55 10 99 99 79 3 99 27 24 99 61 52 19 96 99 99 99 11 30 20 0 1 40 64 48 52 24 75 
51 61 99 43 99 72 61 99 63 99 87 93 90 37 34 99 99 42 81 7 69 40 99 64 94 64 79 99 81 99 57 99 51 31 43 96 81 99 28 43 99 28 52 73 97 13 99 66 39 63 81 34 99 99 69 99 15 94 91 55 99 99 99 30 99 6 42 43 99 99 78 9 99 99 21 99 18 31 67 78 61 34 58 43 0 29 65 30 61 20 99 
76 99 99 63 78 10 7 48 99 12 99 33 46 60 22 60 18 36 99 43 90 67 66 60 99 15 55 99 15 15 99 12 39 99 99 70 99 24 99 55 84 88 66 49 58 70 99 79 85 39 16 99 99 99 57 82 99 16 99 99 99 3 99 3 66 19 52 93 99 99 79 12 4 99 99 99 96 52 57 88 38 49 60 46 23 0 12 26 10 20 30 
21 34 99 57 72 6 79 25 99 9 99 99 57 99 10 99 99 28 99 21 76 37 4 99 99 21 99 93 27 13 99 99 99 61 99 33 33 40 36 70 93 99 39 6 28 99 22 99 54 88 13 33 99 33 19 99 99 99 99 6 34 21 82 90 61 75 99 99 99 99 99 99 99 31 13 99 99 31 93 85 16 66 12 14 42 56 0 65 44 56 49 
73 34 30 99 40 58 79 70 4 69 24 76 99 52 99 70 28 61 6 57 22 67 99 99 46 25 75 79 52 99 37 99 10 52 90 99 69 49 99 49 60 52 99 18 70 37 9 66 21 61 99 99 85 84 73 4 99 99 58 88 43 37 88 99 19 99 93 49 90 99 31 37 51 99 99 90 99 99 25 99 12 7 28 38 58 29 31 0 48 34 4 
66 46 52 43 93 94 99 76 99 66 99 99 87 52 99 21 99 9 36 99 75 99 85 90 43 55 99 99 99 31 45 99 99 21 13 64 66 99 52 37 81 67 78 48 58 1 37 94 99 34 7 85 99 13 99 61 36 96 6 3 82 46 22 88 19 61 99 99 99 39 78 60 99 76 75 73 75 99 79 19 26 56 40 21 15 22 29 58 0 62 85 
15 99 54 34 13 79 33 9 99 10 99 99 99 25 99 99 63 39 87 10 6 79 97 51 99 12 73 54 88 94 27 99 99 40 18 16 3 99 30 79 46 15 19 99 99 99 42 40 99 99 99 99 94 81 76 72 60 99 34 51 91 99 6 85 13 96 27 99 99 51 60 99 27 99 48 99 24 64 6 13 50 58 4 57 23 25 61 20 29 0 31 
99 99 99 99 99 99 97 75 27 99 99 93 63 52 61 99 69 70 99 1 54 94 22 57 90 82 99 58 76 34 99 99 82 99 99 99 99 12 99 49 99 99 99 13 67 84 97 15 99 79 99 16 7 1 18 97 28 18 61 88 99 46 48 64 27 99 33 99 27 99 99 78 93 99 22 99 99 93 99 99 72 69 70 63 25 25 75 3 79 99 0 
