n: 90
m: 10
Pi:U[1-99] 29 56 35 33 40 45 20 49 15 72 1 5 4 14 22 6 84 13 37 41 85 96 94 97 61 84 31 50 3 18 34 67 48 6 65 21 97 18 93 38 58 69 43 53 47 49 93 26 2 76 56 78 10 66 47 41 93 77 75 56 33 43 29 2 63 59 44 61 79 73 36 96 10 98 3 28 42 12 80 84 97 50 71 21 71 22 25 83 86 60 
Si:U[50-99]
0 94 64 52 95 85 63 75 71 54 77 61 55 57 53 51 55 92 57 64 68 85 91 76 60 66 91 97 90 64 97 56 74 57 70 62 75 58 76 69 71 73 99 75 71 53 77 69 57 55 61 89 98 74 91 91 97 89 80 66 51 97 75 59 56 80 76 79 68 53 83 55 63 96 56 58 56 61 73 61 76 83 98 99 64 77 50 94 75 54 60 
67 0 80 90 80 90 78 78 62 66 69 64 53 59 53 61 55 60 77 96 59 94 61 58 55 97 71 64 64 56 73 65 56 54 83 99 89 59 76 98 66 62 87 92 61 87 50 53 68 77 50 91 85 96 77 92 60 78 65 82 71 70 57 75 81 70 80 82 58 53 99 65 84 79 83 57 70 96 67 62 55 58 92 71 73 75 81 92 51 57 91 
82 81 0 65 55 94 74 98 59 80 96 94 89 58 54 75 50 87 94 73 86 72 66 87 95 85 67 58 71 57 97 81 66 70 73 95 76 74 61 58 88 61 77 74 71 85 92 50 59 62 62 76 68 98 67 58 93 93 69 79 68 70 65 88 53 98 75 82 73 79 51 52 91 56 62 50 91 97 70 94 97 72 78 61 92 82 65 82 89 57 75 
98 55 78 0 99 76 50 99 83 77 50 54 69 50 95 86 73 86 56 58 96 53 82 72 83 75 87 87 92 68 95 65 89 67 70 72 92 91 66 68 82 66 81 62 64 94 96 55 95 50 63 62 76 71 97 82 85 87 79 62 60 80 90 66 90 78 97 98 88 97 95 79 58 57 82 84 93 93 67 89 55 54 86 88 92 85 94 72 58 73 94 
80 55 66 94 0 82 62 58 77 93 53 94 60 62 97 64 93 89 95 73 63 64 69 76 94 85 69 88 94 62 57 50 61 69 71 79 92 79 75 50 54 92 65 85 62 68 93 54 97 73 95 68 95 74 73 85 79 78 80 56 88 84 65 69 63 57 98 66 99 95 99 68 59 95 59 52 64 62 88 71 97 73 54 69 73 52 96 54 90 61 77 
91 50 66 59 91 0 72 62 50 55 71 62 83 60 87 98 83 78 62 99 98 78 51 55 93 83 77 96 75 85 53 52 83 99 71 61 64 98 60 61 83 79 71 91 53 58 77 94 52 82 56 65 63 98 59 77 83 80 55 91 83 94 68 79 53 61 92 70 69 88 87 78 67 96 56 72 70 81 73 73 66 53 99 64 78 91 96 91 92 62 50 
76 58 79 61 53 54 0 89 77 62 73 68 51 66 70 58 70 83 51 99 80 69 67 92 83 67 97 78 94 87 50 51 91 84 51 99 77 64 62 69 99 64 56 75 82 77 52 84 53 82 72 84 98 70 56 78 81 67 64 64 86 87 88 99 51 84 92 67 62 94 93 74 99 86 95 77 56 86 72 76 75 83 58 76 58 76 65 95 87 70 95 
82 74 93 66 96 70 96 0 88 61 67 52 93 85 65 83 61 78 87 80 78 82 91 77 61 96 63 97 82 92 79 53 99 63 70 69 51 83 87 94 78 98 92 66 86 63 74 50 97 63 75 58 63 52 79 51 82 67 53 93 93 99 86 81 90 83 54 92 71 52 92 90 80 85 67 60 51 80 99 81 80 88 66 81 59 59 96 89 68 61 99 
96 59 84 88 63 51 79 58 0 82 94 92 76 92 50 88 96 65 90 54 66 75 50 65 85 95 94 91 63 95 87 58 78 57 84 57 78 76 51 97 59 86 63 92 81 85 81 69 79 64 52 67 53 71 58 72 94 53 97 86 67 90 66 59 90 93 93 93 74 58 78 95 79 54 58 74 94 83 69 56 66 84 76 94 97 58 53 84 95 91 73 
67 84 54 73 85 69 54 87 66 0 83 89 63 78 90 98 68 68 67 92 61 66 51 89 69 50 91 81 89 85 82 82 63 73 75 50 73 57 80 90 67 99 68 63 61 80 66 80 93 64 60 97 98 66 86 64 97 73 87 88 80 81 51 67 59 98 95 57 83 56 86 92 72 59 53 67 97 51 54 75 79 75 74 52 50 86 94 83 69 88 54 
98 79 89 91 68 90 79 68 82 70 0 92 86 68 69 57 63 84 85 80 88 86 65 92 70 69 77 65 98 98 51 93 63 51 79 80 66 80 84 88 58 53 83 60 67 79 61 57 94 61 64 83 77 96 79 73 88 90 78 68 96 70 84 92 78 62 97 87 97 85 96 82 95 55 63 92 72 76 57 68 69 67 67 99 92 73 74 94 65 80 80 
58 74 80 81 59 77 60 66 52 75 92 0 81 79 81 71 63 70 78 94 71 74 57 67 81 92 59 67 79 59 81 51 64 60 51 56 67 54 58 58 64 73 83 87 67 79 50 61 75 71 94 52 83 95 76 91 51 70 71 58 97 59 55 78 52 94 88 59 83 83 70 64 84 51 83 83 83 72 54 82 90 97 63 65 81 88 78 54 98 71 77 
66 62 96 79 50 98 94 57 88 59 69 94 0 69 94 63 63 52 92 74 80 67 80 68 73 78 58 66 53 70 52 57 76 84 93 96 80 52 99 64 96 78 94 81 52 85 86 61 58 52 59 95 91 75 90 75 70 94 89 68 61 94 59 66 97 57 87 97 94 95 59 89 82 50 71 81 55 81 63 50 63 85 98 64 51 99 71 87 74 80 95 
58 75 99 71 89 73 95 78 94 61 81 94 60 0 75 53 79 99 69 83 70 83 96 58 57 80 64 64 92 52 62 85 56 92 53 50 78 73 55 82 69 72 61 97 79 87 56 64 96 67 98 95 91 60 66 97 84 81 97 81 68 63 56 83 78 56 65 90 98 62 56 80 89 81 53 54 82 66 59 93 88 80 65 94 57 89 78 50 52 67 73 
61 71 60 86 87 82 59 91 65 90 82 78 87 53 0 78 97 77 75 87 88 94 90 88 81 81 80 95 81 53 89 82 95 98 78 95 94 62 66 88 63 92 67 78 98 52 90 99 56 99 91 64 61 75 93 50 89 62 90 69 84 73 88 98 88 79 77 83 56 63 59 75 50 72 68 92 77 70 94 99 71 79 66 86 82 54 93 74 62 73 73 
69 91 66 56 63 64 79 96 98 53 52 91 75 57 54 0 55 99 76 54 85 74 55 73 71 71 68 83 76 71 77 71 70 77 58 98 89 98 86 55 87 78 79 90 95 59 51 92 96 95 84 61 83 85 89 81 87 50 83 62 92 53 76 72 60 58 96 58 77 52 59 60 87 92 56 56 84 66 93 89 98 97 64 83 65 98 80 56 90 67 96 
86 80 69 56 72 75 77 54 51 52 81 83 74 80 56 57 0 65 50 53 67 93 81 85 77 50 64 89 61 96 56 74 58 68 50 50 66 55 75 88 68 85 94 69 57 78 76 74 70 74 95 50 80 89 81 61 90 50 86 95 70 62 50 90 74 72 87 69 78 95 83 68 67 97 77 94 91 84 81 83 55 61 74 74 63 71 61 62 64 90 71 
64 98 85 80 61 88 80 65 92 64 80 79 58 85 69 74 71 0 88 99 55 93 62 58 80 62 96 54 74 81 75 51 65 69 97 69 52 90 69 52 93 94 83 61 96 58 62 84 84 60 91 60 94 66 62 83 55 92 85 74 70 51 83 89 57 57 51 52 96 92 60 96 54 87 98 71 77 97 86 99 65 76 50 76 94 84 90 66 62 60 92 
59 66 52 52 68 92 98 67 93 76 75 63 77 78 52 73 65 51 0 81 73 65 62 79 99 61 77 66 87 89 76 64 68 52 91 52 61 63 58 67 76 92 83 52 53 61 84 85 53 99 73 93 58 98 88 82 84 70 90 81 76 75 87 62 65 70 50 71 51 77 68 92 78 76 60 65 69 77 63 55 66 76 85 77 64 87 50 72 60 72 54 
98 95 64 69 61 88 56 77 53 94 99 60 74 55 75 62 64 53 72 0 80 76 54 67 86 72 71 70 82 87 75 56 79 94 90 98 58 79 79 97 69 78 83 93 84 83 72 96 80 79 57 50 70 71 51 67 66 69 58 65 75 56 65 51 60 50 84 51 84 81 83 89 92 97 73 59 89 55 70 62 61 60 50 95 91 99 83 60 76 60 55 
64 82 95 63 91 68 81 64 57 91 57 56 65 70 67 62 67 55 91 60 0 93 80 66 76 85 94 60 73 85 89 75 50 66 80 71 91 81 69 97 87 60 79 83 50 54 57 83 62 51 56 89 78 84 66 62 79 85 51 51 90 53 88 54 56 93 99 67 82 61 55 88 57 80 99 75 57 50 51 53 79 92 78 69 96 90 78 93 65 75 59 
53 65 54 78 92 63 70 84 81 58 71 63 81 60 84 73 76 79 98 84 78 0 63 53 51 62 82 56 57 63 57 97 52 60 85 50 70 85 99 58 95 87 78 62 66 90 81 80 62 92 59 73 77 55 67 78 94 99 60 70 79 80 80 67 62 85 79 92 57 64 53 80 69 56 92 91 88 91 68 64 92 92 73 80 66 68 86 83 68 64 97 
55 98 73 68 61 59 50 54 75 51 85 60 77 90 55 90 69 92 99 96 62 52 0 68 54 92 52 94 96 73 61 56 67 92 73 89 58 82 71 69 58 94 76 75 82 98 63 70 96 90 91 97 91 92 76 54 74 78 76 67 54 51 51 79 84 89 92 66 99 62 64 78 71 91 56 63 82 86 59 72 58 57 51 79 80 63 60 57 95 81 79 
89 89 56 58 73 86 55 50 89 88 78 63 72 54 99 64 54 70 76 86 51 98 50 0 76 81 50 61 60 83 90 51 89 83 91 53 76 85 58 91 92 79 81 79 56 97 90 56 82 86 62 65 60 81 51 93 54 58 88 83 72 67 84 88 83 70 80 84 80 53 62 76 59 94 91 79 71 98 82 91 90 66 58 95 55 71 56 69 85 57 89 
75 86 82 92 92 93 54 68 74 68 97 56 64 72 57 96 74 93 92 80 85 79 93 82 0 79 77 63 75 72 66 74 67 87 50 80 85 57 90 79 62 69 65 83 76 72 89 58 98 81 77 80 95 72 85 99 79 55 85 73 67 73 57 99 79 76 55 56 97 56 73 87 69 64 75 81 84 64 93 79 57 70 89 69 66 57 67 92 91 81 58 
73 71 83 68 58 88 78 56 68 79 71 81 63 88 53 98 93 74 82 68 79 89 86 81 70 0 62 50 58 90 72 84 61 88 68 93 64 68 67 67 64 78 66 83 83 64 89 72 77 97 62 64 73 79 62 71 98 62 55 68 98 68 84 77 93 56 84 60 85 89 53 88 90 63 86 67 83 99 98 70 53 95 53 84 91 97 96 52 54 81 52 
57 54 76 91 91 61 65 74 64 92 86 68 85 70 52 74 85 80 85 95 85 65 93 77 93 72 0 64 52 85 89 77 87 98 77 71 75 67 74 64 87 57 86 63 94 61 83 76 54 92 93 97 81 76 69 65 58 72 70 77 87 91 71 83 59 78 82 82 56 96 85 72 80 83 55 53 52 50 69 88 63 65 80 66 53 89 80 51 59 91 69 
73 82 64 60 71 67 78 84 71 82 69 62 61 93 90 52 90 72 62 58 89 90 64 63 58 67 62 0 64 60 54 68 57 97 94 95 60 87 92 82 54 78 89 99 57 60 55 96 91 92 80 59 61 74 53 81 94 63 91 55 84 75 76 78 59 80 75 54 93 57 87 65 99 88 93 75 66 74 71 94 66 68 78 76 71 76 67 88 99 59 93 
92 81 79 94 50 54 79 93 93 73 56 82 70 67 96 50 78 67 59 55 70 56 64 61 81 55 50 95 0 86 65 67 83 90 84 92 97 82 79 80 93 97 93 51 90 61 71 97 97 73 63 57 67 99 92 74 97 71 70 93 82 72 63 75 76 79 61 89 55 89 57 69 93 93 87 92 77 82 96 56 96 62 78 76 58 89 81 79 62 82 70 
76 81 90 66 67 51 66 69 89 85 84 88 67 67 58 85 68 81 55 97 69 53 60 96 60 81 83 55 98 0 75 88 55 65 51 52 73 84 52 85 78 79 59 94 82 64 54 98 87 62 76 62 71 92 60 67 98 67 75 92 84 83 76 92 58 86 57 85 58 71 71 59 98 72 91 74 60 96 79 87 60 77 57 52 71 64 62 63 63 95 71 
87 97 80 55 59 94 73 51 59 53 93 78 80 83 58 84 99 99 72 83 88 58 84 62 73 60 67 78 76 68 0 97 57 65 65 85 53 73 73 57 93 91 50 59 99 61 93 80 85 55 54 74 78 97 51 51 74 91 97 51 69 93 78 69 66 55 73 58 52 73 78 52 80 63 57 72 78 97 55 98 91 97 72 63 99 72 56 80 86 60 95 
55 62 70 56 96 68 77 71 95 55 71 97 51 73 52 80 92 86 95 57 72 94 99 55 56 78 61 98 64 53 52 0 70 84 68 67 89 60 77 89 52 94 93 87 83 84 70 78 95 54 66 71 71 63 76 85 82 89 51 74 95 78 75 81 56 53 70 95 86 83 99 74 95 84 80 85 86 89 76 68 94 58 81 60 82 90 71 82 66 70 93 
86 62 74 73 57 92 74 93 76 86 61 65 62 87 87 56 65 67 99 70 76 89 54 78 86 55 75 66 68 72 98 70 0 85 75 67 55 99 52 52 94 84 59 81 69 76 69 76 82 73 85 63 82 67 61 93 83 67 68 88 53 88 87 52 77 58 57 95 85 61 94 70 64 78 55 67 56 63 84 63 77 71 59 52 86 75 92 99 72 77 67 
84 70 85 74 63 54 84 94 96 99 81 89 65 55 61 65 66 83 88 85 57 72 56 60 55 80 87 71 89 66 76 92 99 0 82 76 61 82 85 50 75 57 95 89 79 60 79 75 79 56 55 64 79 56 90 75 59 82 67 82 90 59 84 83 95 65 63 63 79 53 64 76 99 56 57 90 94 96 66 91 78 53 86 57 98 79 61 83 81 86 94 
76 64 56 85 64 70 84 81 59 65 99 88 72 70 78 69 57 50 70 73 65 70 63 66 69 58 60 93 56 79 86 55 57 89 0 75 66 65 95 88 92 97 70 53 70 70 97 79 61 70 56 70 97 53 67 70 74 70 78 53 64 75 87 99 94 71 72 87 53 89 68 94 69 58 99 63 88 74 51 56 91 87 64 94 82 58 87 64 76 58 82 
69 56 52 96 74 75 96 59 86 60 64 97 72 54 67 53 95 56 86 81 70 51 96 76 67 88 54 81 54 97 54 58 57 56 96 0 99 60 96 75 83 57 81 64 65 84 97 55 74 70 84 80 65 81 78 95 74 67 77 91 75 85 85 76 87 58 98 64 75 88 59 77 56 94 88 55 77 60 81 92 58 88 61 67 56 64 57 64 60 55 71 
64 73 60 59 93 68 66 82 87 68 83 68 98 71 63 91 66 78 57 82 77 54 97 89 95 79 98 84 97 91 96 89 84 59 74 95 0 87 50 86 77 64 93 87 82 52 93 91 92 52 53 58 57 63 97 71 60 95 72 69 50 99 90 74 56 92 57 56 60 75 89 57 75 76 99 79 84 99 58 87 72 98 91 64 72 75 82 97 84 82 56 
88 80 76 83 94 99 56 99 73 57 77 56 51 84 87 68 89 63 88 81 84 87 64 95 80 75 91 56 50 92 50 71 50 97 78 83 85 0 63 81 73 66 57 79 58 96 78 63 80 57 90 57 59 67 76 57 54 91 78 61 71 96 94 83 94 83 82 79 96 68 79 92 89 92 51 99 90 55 64 73 87 83 77 52 66 64 52 50 57 53 53 
63 66 53 72 72 60 59 60 86 57 59 64 72 98 51 51 80 89 98 74 91 88 70 98 80 53 90 90 55 53 91 67 77 62 75 50 56 98 0 86 55 63 64 93 99 59 60 87 83 98 76 52 62 76 97 67 63 87 80 52 88 78 52 78 64 91 89 54 97 61 92 70 80 93 57 91 81 53 98 54 64 86 72 73 64 63 91 89 70 69 55 
74 96 95 61 86 58 59 61 81 56 64 90 55 83 61 69 96 97 93 63 80 68 73 56 86 82 75 87 79 76 56 99 54 82 89 68 74 78 85 0 51 78 55 54 68 85 94 91 50 84 68 68 76 91 95 93 90 76 51 79 84 65 84 50 74 82 51 99 63 90 68 60 84 65 51 86 56 76 50 78 74 89 76 90 97 70 73 95 99 74 79 
95 55 87 65 58 86 71 74 99 78 84 99 88 97 61 94 73 85 90 68 93 68 93 51 83 88 55 72 58 85 92 83 88 78 58 51 60 91 80 84 0 56 74 83 72 97 81 86 99 57 96 53 76 96 62 80 95 62 69 63 93 53 64 64 78 63 53 52 64 65 89 64 72 61 81 61 51 95 83 54 98 82 60 97 78 88 69 65 88 61 95 
71 84 55 56 93 86 90 89 57 96 90 53 69 94 63 85 95 85 55 90 82 62 85 80 96 60 74 98 86 91 89 95 90 73 96 53 74 63 99 74 77 0 65 64 95 55 57 96 91 85 97 59 72 56 74 59 73 93 85 74 89 77 92 83 91 91 62 63 84 78 69 63 77 81 50 85 87 80 81 61 55 62 73 57 56 98 94 75 52 97 62 
71 83 81 74 55 79 77 98 52 74 83 98 76 98 52 64 51 93 94 94 55 56 97 56 50 55 97 88 54 74 67 53 90 52 95 89 60 89 72 88 74 98 0 80 54 61 72 67 86 96 80 67 51 84 54 69 76 66 81 57 75 50 94 90 64 88 53 67 74 81 72 70 79 94 98 58 56 54 93 99 73 65 84 59 71 67 93 95 99 66 72 
57 82 75 83 57 99 90 96 86 87 53 85 89 90 95 67 77 87 81 74 93 74 60 72 95 76 51 51 86 59 84 95 71 73 69 77 71 54 83 98 93 92 88 0 67 80 95 91 62 69 52 73 51 50 74 82 98 69 98 55 76 71 61 90 83 67 65 70 92 79 75 93 87 71 93 99 63 85 59 90 80 51 86 51 90 75 74 78 63 80 57 
59 81 74 84 64 71 93 75 82 87 98 96 74 76 82 69 60 92 90 82 72 51 58 60 64 88 63 53 87 76 81 74 67 59 64 79 98 56 94 73 72 76 61 66 0 83 78 76 66 69 92 97 70 86 78 80 93 63 92 63 77 99 53 97 79 82 88 92 57 59 55 56 78 75 92 83 83 80 77 71 69 60 52 69 65 90 66 95 68 57 60 
90 64 57 51 79 90 77 88 91 58 62 77 71 99 55 65 70 60 80 67 71 96 91 83 77 67 59 57 64 62 83 77 94 90 52 72 95 87 93 98 80 73 69 65 63 0 56 55 77 76 89 59 54 66 64 52 86 52 71 81 57 76 53 57 80 62 75 94 90 55 65 86 76 57 50 72 51 90 62 85 99 97 67 93 87 91 77 57 89 69 56 
63 93 55 71 82 79 51 58 90 97 87 96 92 79 86 76 58 64 77 65 53 84 79 63 63 94 73 78 75 86 90 54 64 76 86 69 81 63 66 94 80 93 88 91 84 52 0 85 60 52 66 98 50 81 70 75 89 93 87 90 67 65 99 83 60 50 90 57 76 87 91 94 82 59 72 70 80 62 79 87 68 55 83 76 63 90 86 88 71 59 81 
72 53 50 72 50 67 58 75 76 70 86 72 87 53 91 63 54 73 79 80 92 83 53 85 57 52 57 61 60 95 86 86 62 71 82 60 89 77 51 87 98 67 84 52 89 81 75 0 60 81 56 75 76 85 80 72 87 99 94 66 81 87 59 80 92 57 69 72 90 70 98 92 86 57 88 86 89 68 58 51 77 66 61 54 52 66 73 60 79 78 61 
53 96 50 75 52 98 86 82 61 74 66 89 82 74 98 68 82 64 71 87 94 98 73 57 74 93 66 57 77 80 66 99 73 76 72 91 77 71 57 70 68 88 87 68 53 63 54 90 0 77 83 89 63 75 81 86 65 69 63 57 60 76 57 96 97 56 90 53 69 82 66 52 94 75 59 94 94 66 67 53 83 79 95 95 71 57 65 80 71 57 93 
72 52 80 76 55 81 80 72 65 80 66 78 86 51 75 64 61 57 86 68 74 90 53 65 87 88 87 76 80 68 80 54 73 67 95 62 78 68 76 69 97 52 50 93 82 76 89 89 61 0 60 90 87 95 87 85 53 82 63 78 82 68 77 59 85 54 63 86 64 59 73 94 51 86 83 88 75 98 87 72 58 96 77 95 62 69 80 97 98 91 72 
86 76 64 81 87 70 85 51 88 92 57 71 87 95 91 91 90 72 88 81 52 74 54 69 75 69 70 50 67 86 51 85 79 99 75 63 54 67 58 96 80 54 77 67 78 99 81 79 81 69 0 81 94 84 76 65 96 99 54 79 96 69 83 74 75 84 69 97 60 76 84 65 87 69 68 85 84 75 50 54 97 53 65 64 79 90 95 86 97 82 74 
87 64 94 82 71 99 61 98 62 79 72 64 91 98 72 92 78 76 67 70 54 75 67 59 91 89 93 93 96 51 94 82 73 75 65 72 65 71 63 95 84 67 80 93 82 74 99 86 83 86 99 0 67 63 66 97 96 58 76 64 51 82 99 91 54 72 94 81 75 67 56 76 84 65 96 97 82 73 50 87 88 59 87 85 93 66 83 55 81 75 50 
98 81 79 99 89 97 70 58 85 53 94 50 85 67 93 83 98 57 82 66 96 83 51 56 99 68 82 50 82 86 92 97 57 86 82 96 70 55 52 65 62 71 70 50 72 80 74 71 60 99 56 92 0 83 64 54 73 58 70 67 74 55 78 77 55 78 54 56 68 69 68 76 59 82 78 78 98 75 74 64 97 71 90 96 86 61 98 88 82 50 97 
54 55 56 60 86 90 72 86 59 67 84 67 88 55 63 89 84 92 83 63 71 94 85 59 52 88 69 71 92 95 70 64 74 56 66 65 61 64 67 63 70 63 57 75 52 88 93 84 84 52 89 71 56 0 62 82 85 76 93 58 57 97 78 76 64 84 62 67 81 88 58 97 90 81 68 98 85 65 79 69 61 55 92 53 95 69 81 89 90 56 91 
54 72 83 97 91 83 94 68 80 65 60 70 93 76 73 60 69 60 54 87 54 79 71 85 52 64 67 84 80 82 78 51 82 54 51 51 52 57 88 79 55 86 74 80 61 72 51 64 68 69 87 90 81 93 0 86 63 65 60 64 52 66 82 96 89 92 94 96 67 88 63 91 88 65 60 98 71 78 98 79 93 78 60 82 51 51 51 90 77 76 58 
95 68 55 85 56 70 54 59 69 90 86 78 53 91 81 94 83 86 62 50 83 89 60 89 76 56 82 82 88 85 71 84 52 61 52 97 70 89 95 53 88 65 64 59 80 81 88 92 66 52 59 94 52 79 58 0 65 58 54 70 70 75 65 83 90 69 90 66 98 78 72 92 67 90 96 85 84 73 53 55 52 57 64 52 59 75 50 53 73 77 87 
76 99 83 99 53 55 99 80 51 82 56 51 88 55 50 98 71 71 63 76 77 75 86 96 89 73 54 87 81 65 62 82 88 69 99 85 54 71 66 67 93 79 88 99 93 64 95 95 70 74 70 97 60 92 79 88 0 79 60 87 55 62 50 97 82 90 86 60 68 89 64 59 64 69 93 90 92 92 53 69 70 51 82 92 51 98 89 96 79 58 62 
52 71 65 70 60 66 97 52 82 53 93 97 75 65 55 84 75 91 98 74 80 77 51 64 69 74 89 99 68 75 80 94 64 75 90 55 81 84 86 67 93 58 61 83 88 75 53 99 55 63 73 85 90 78 92 73 90 0 73 96 88 77 93 73 71 51 90 61 68 90 75 85 68 75 65 69 55 85 81 71 58 76 57 72 75 90 51 77 85 60 91 
90 80 99 87 80 91 61 92 58 89 84 57 55 80 96 64 54 59 61 59 81 70 56 75 90 80 55 55 88 72 73 76 66 71 88 87 60 52 87 73 78 64 57 76 61 78 76 89 74 79 90 56 82 51 61 83 69 93 0 72 96 84 67 99 76 88 50 86 96 63 82 51 95 50 74 86 71 86 55 61 52 55 91 96 81 88 74 97 72 84 54 
76 50 78 51 69 81 59 70 55 54 79 75 61 61 60 71 67 85 51 63 90 56 89 84 90 95 81 90 56 95 64 51 67 79 57 97 79 66 54 84 61 76 89 71 90 84 96 69 89 89 73 82 61 74 82 81 54 81 85 0 68 62 82 63 98 57 72 66 78 84 56 63 68 83 50 61 79 61 83 92 76 76 87 89 52 89 51 61 65 79 87 
98 88 58 99 87 64 84 81 53 58 51 55 73 93 79 80 80 83 72 50 53 97 71 71 73 77 76 96 51 95 85 89 70 87 58 63 69 70 60 88 83 85 71 59 82 65 97 96 66 72 58 77 64 81 69 95 93 93 83 63 0 51 65 54 59 51 95 89 97 72 59 94 66 59 67 57 55 78 55 66 72 69 53 97 76 54 72 67 63 95 98 
53 98 92 91 67 52 91 89 94 95 67 91 58 92 71 64 71 91 61 73 85 51 99 98 56 71 95 89 88 90 76 88 71 51 63 78 90 77 79 53 82 62 51 78 66 89 96 89 96 87 59 97 63 53 73 78 61 70 74 94 95 0 81 61 88 76 66 63 59 66 61 95 97 80 50 86 50 75 54 52 57 84 72 84 93 50 50 77 76 74 83 
90 65 57 96 85 92 75 56 63 75 65 84 98 91 92 70 50 63 96 66 86 64 93 55 59 54 95 96 84 92 69 55 86 77 97 91 92 85 62 70 84 63 94 59 84 60 74 78 56 88 72 79 61 69 98 55 58 91 53 99 99 88 0 52 60 73 58 79 78 77 87 99 54 95 60 65 74 98 82 72 63 61 95 67 95 98 67 59 52 68 69 
75 71 63 89 94 98 66 53 93 97 73 51 77 86 61 66 63 92 70 81 90 61 88 70 83 89 76 82 51 76 50 90 98 83 80 79 92 82 74 71 91 57 79 86 60 55 72 82 77 84 59 69 53 52 99 93 77 78 69 61 96 70 61 0 63 51 82 94 83 57 63 87 78 80 63 88 65 95 98 70 76 58 94 69 79 68 77 86 61 54 61 
69 82 84 58 69 94 74 80 53 55 97 75 97 97 73 84 73 92 96 97 86 52 59 53 65 81 79 79 50 92 77 65 55 85 88 83 97 90 66 95 91 73 72 99 82 87 56 98 66 86 96 63 51 94 62 80 88 89 84 96 53 82 70 62 0 63 68 99 74 50 78 93 73 97 51 65 80 54 92 65 50 62 76 63 98 55 53 52 99 92 98 
61 54 64 83 81 83 57 80 94 87 55 79 98 51 61 53 64 98 56 70 78 94 59 64 75 97 97 67 50 98 69 82 81 92 87 73 87 64 64 76 65 54 83 62 93 99 99 73 98 87 73 72 73 80 95 57 94 64 78 95 75 91 73 80 69 0 74 64 59 51 81 99 61 67 77 93 76 65 81 94 71 61 59 65 78 81 61 72 89 53 91 
59 55 99 73 70 99 96 92 71 85 97 66 72 69 83 97 65 56 95 60 73 79 64 89 61 76 59 94 58 72 50 99 79 57 93 66 82 56 88 98 63 75 78 76 99 58 94 71 56 81 73 53 97 95 50 68 79 97 94 61 97 85 66 85 90 66 0 63 58 81 94 81 65 99 71 64 54 91 81 55 52 88 94 79 54 75 98 83 91 61 75 
77 90 59 85 73 70 89 70 92 93 58 65 85 90 71 81 64 89 80 98 62 55 84 63 78 67 60 53 60 90 89 79 86 63 63 78 69 89 92 68 71 70 89 59 78 90 54 59 69 86 76 89 72 66 66 67 95 61 83 93 68 63 62 53 72 69 77 0 83 60 86 96 98 97 63 73 83 62 99 82 94 56 76 66 68 50 50 94 82 73 72 
82 56 71 98 71 99 51 99 62 60 90 82 60 97 94 99 65 68 86 66 57 87 59 70 92 67 76 70 83 65 77 62 67 80 99 79 83 89 71 59 73 57 51 64 70 68 84 73 59 70 59 51 83 55 53 72 50 75 56 96 51 59 71 85 56 98 99 63 0 53 84 58 52 82 71 77 90 94 78 93 77 77 62 55 69 68 82 98 96 64 68 
80 50 90 88 79 92 82 59 95 85 50 78 78 99 53 78 95 71 89 74 84 64 86 80 94 86 57 67 82 82 85 77 52 69 78 85 74 54 51 74 99 60 86 83 65 92 51 91 53 50 57 68 94 98 70 77 94 58 97 84 93 86 87 66 63 52 93 84 89 0 71 98 97 50 53 71 79 64 95 82 87 71 68 98 84 58 76 70 60 69 67 
58 93 92 69 55 79 59 57 86 96 76 68 65 78 81 65 96 77 59 52 81 83 67 96 70 76 78 53 74 79 53 87 82 68 56 61 56 99 91 97 58 63 87 84 58 50 94 68 92 88 80 82 85 92 61 86 97 62 69 50 79 89 91 76 55 59 56 75 91 52 0 90 95 80 68 95 94 82 98 64 60 76 82 61 78 56 60 69 83 60 63 
61 86 56 94 62 84 81 85 78 78 65 88 61 53 57 53 50 80 57 88 92 80 76 97 64 50 68 89 86 95 91 99 64 60 63 60 80 80 89 78 89 81 50 51 88 55 95 83 69 63 67 62 98 95 55 99 87 80 51 82 55 67 91 54 86 69 99 58 51 92 65 0 66 72 79 57 71 50 65 62 64 96 62 77 80 56 85 76 57 97 92 
80 67 95 91 80 76 72 54 63 60 54 97 70 69 92 54 76 95 70 83 75 95 60 79 59 87 89 89 93 93 78 72 90 94 76 65 52 97 82 95 96 96 53 51 67 56 74 92 91 73 96 68 90 69 59 88 72 91 79 54 98 68 96 71 65 85 87 66 99 67 69 54 0 61 55 70 65 82 50 97 63 57 56 67 86 61 52 75 61 67 70 
97 62 82 76 88 61 60 63 82 81 96 98 67 67 98 69 99 77 77 67 67 67 66 56 62 61 67 95 65 63 80 57 79 86 58 80 80 51 60 95 99 75 84 81 76 63 60 66 69 54 57 57 62 73 66 89 71 79 61 86 77 86 75 72 73 67 55 73 73 79 72 52 80 0 52 66 96 57 92 84 74 62 88 71 66 99 51 98 53 95 61 
62 62 93 57 77 68 98 56 83 54 77 88 97 80 94 91 66 90 54 58 51 81 76 71 69 86 87 74 94 56 68 87 98 68 85 56 55 53 64 92 95 94 73 55 66 69 77 63 61 57 73 59 80 73 55 55 63 87 93 97 50 63 70 50 63 63 83 88 91 59 73 50 66 51 0 65 87 85 55 68 58 51 56 68 51 84 57 64 66 94 63 
96 98 52 76 62 67 86 94 97 82 80 71 62 84 85 98 87 54 82 80 64 96 59 70 87 68 68 87 91 64 90 59 56 75 69 61 94 96 90 71 97 63 89 71 55 78 86 81 82 87 77 91 87 62 50 69 98 66 96 57 74 56 60 99 79 83 82 98 59 55 87 55 85 60 69 0 97 64 85 62 76 55 76 90 64 73 93 53 67 66 60 
74 60 95 61 79 88 82 52 87 89 94 96 61 92 54 84 88 90 70 60 74 64 79 77 66 90 96 87 52 57 58 61 53 53 51 59 58 63 98 57 65 84 54 78 78 80 62 67 96 64 65 72 53 79 77 95 98 73 91 84 87 58 91 96 78 60 73 56 60 55 73 60 56 87 91 66 0 91 82 77 98 82 51 90 73 96 93 71 58 60 80 
92 84 59 73 90 92 56 92 89 58 64 50 59 64 65 52 51 82 98 75 92 64 65 53 70 68 60 75 68 57 76 97 59 74 93 87 60 67 69 78 53 52 50 73 51 65 52 70 97 84 97 70 64 72 92 58 99 65 56 95 93 52 82 99 57 62 64 62 51 90 97 73 79 69 82 93 73 0 84 69 89 80 84 70 65 72 56 57 92 98 73 
59 71 83 66 90 84 94 77 54 85 69 91 54 59 97 52 89 55 80 87 71 65 61 63 75 94 89 63 89 84 83 68 97 86 68 53 51 85 76 62 58 77 96 83 63 91 91 84 59 55 53 63 82 95 51 51 89 81 51 97 92 93 56 93 85 55 86 71 69 93 90 98 53 58 55 85 90 91 0 88 69 77 50 88 98 89 50 72 75 73 62 
68 88 72 98 93 74 83 97 79 71 68 50 86 92 60 73 54 61 53 76 73 85 89 53 99 64 68 64 99 70 52 69 57 69 98 80 82 90 52 72 96 74 82 96 92 66 75 52 64 98 69 54 67 74 56 57 73 96 71 63 59 99 95 59 55 56 83 82 87 61 75 71 71 52 55 67 79 70 87 0 80 94 63 99 61 99 75 99 67 82 67 
72 58 89 94 93 85 83 71 75 61 73 62 50 70 64 53 52 85 89 67 54 62 89 97 98 86 87 80 98 99 69 68 67 87 61 90 94 82 58 64 67 65 69 75 70 72 98 96 78 64 50 92 56 82 97 66 75 99 80 71 70 67 53 97 93 92 72 69 98 53 59 83 98 67 83 95 59 54 50 90 0 91 70 83 82 87 65 68 76 88 97 
50 96 83 71 89 63 91 87 79 96 80 82 58 93 94 94 82 53 85 73 65 54 66 92 64 68 83 88 74 98 64 86 72 65 70 95 63 56 68 91 91 95 82 71 70 93 95 62 94 93 66 86 77 71 98 74 68 68 55 58 90 76 93 90 56 81 73 70 54 79 63 50 79 95 90 73 95 56 91 75 56 0 82 90 54 56 73 67 75 68 53 
78 84 95 88 58 50 85 53 70 55 74 51 84 53 65 68 73 71 99 95 72 84 59 95 98 63 94 76 92 59 75 54 95 51 88 78 52 84 87 80 92 71 94 89 94 50 92 51 95 85 61 79 95 97 58 58 97 99 61 98 72 76 95 78 59 55 74 61 61 97 80 67 94 93 61 56 73 67 91 85 85 91 0 94 84 76 81 85 58 89 97 
88 98 58 72 86 84 89 66 78 60 86 79 81 80 71 55 77 95 59 87 84 59 50 75 72 69 84 92 97 63 88 78 52 69 65 60 61 75 83 67 95 84 73 70 84 72 72 50 84 59 79 77 74 57 76 76 92 52 81 97 90 61 86 75 78 93 94 87 93 55 99 60 96 60 53 95 92 89 95 71 73 81 89 0 94 68 91 91 55 74 89 
77 66 50 76 62 74 88 77 55 84 81 78 99 88 79 60 99 68 97 59 98 57 73 83 89 89 96 93 81 80 83 64 72 95 95 61 80 86 65 96 94 84 86 92 67 80 97 52 66 50 66 92 93 50 73 61 77 75 77 97 58 62 80 63 89 68 58 78 78 96 65 77 92 52 51 55 96 84 68 83 97 73 74 84 0 50 67 63 98 71 93 
62 77 84 67 81 83 88 93 91 59 50 75 80 83 96 76 74 71 68 77 83 70 52 81 55 64 72 92 82 89 56 97 78 69 52 81 98 81 52 91 50 89 64 55 91 77 72 94 85 67 81 97 62 86 77 56 85 72 97 56 67 97 61 57 57 82 58 94 72 69 88 86 59 79 74 54 58 80 84 71 66 64 91 85 82 0 69 68 92 60 84 
88 86 78 92 96 75 74 93 55 66 99 68 89 88 68 60 52 74 57 74 75 72 93 69 80 77 54 75 88 66 95 57 51 75 80 50 69 56 61 93 53 59 67 67 66 78 79 79 80 98 69 97 65 65 57 77 91 51 75 62 88 69 67 80 77 50 56 50 96 70 56 71 62 83 95 96 58 64 75 54 84 81 53 63 56 50 0 57 62 54 62 
98 58 67 73 64 78 88 51 60 62 75 90 96 69 86 55 66 65 99 85 73 86 85 56 76 63 72 68 64 87 76 54 84 89 56 56 60 96 53 76 88 91 52 74 68 55 72 64 92 88 51 53 58 80 74 85 72 89 53 92 66 56 81 87 73 83 98 86 86 59 84 70 64 92 56 93 98 94 76 93 77 91 56 86 87 55 98 0 83 75 63 
80 58 81 56 83 64 62 99 73 57 74 76 98 86 60 89 59 80 64 68 97 96 90 69 56 55 73 94 71 79 69 69 92 88 65 72 89 82 71 89 95 92 54 82 95 76 55 73 76 53 51 56 92 98 50 80 72 97 78 82 79 82 65 93 58 85 51 63 97 86 78 97 85 83 78 85 75 60 93 57 78 77 87 91 96 76 76 58 0 72 71 
64 93 66 63 79 67 54 60 95 57 80 95 92 52 71 82 57 59 86 86 60 86 70 87 95 89 89 69 66 74 91 67 59 63 87 83 89 92 70 52 51 82 81 84 69 99 83 95 87 50 65 84 91 52 95 79 68 52 62 85 54 65 77 79 61 89 93 69 66 85 63 53 89 66 95 99 71 94 84 57 91 79 87 73 97 81 51 93 96 0 82 
54 78 90 90 84 64 67 68 78 78 62 82 79 69 57 57 75 82 56 75 68 63 50 90 90 91 74 77 68 86 97 95 92 81 88 75 72 51 80 71 72 92 65 58 98 63 84 99 88 76 96 96 52 63 57 73 93 92 59 81 79 83 79 68 75 93 57 96 92 93 69 65 93 61 57 60 97 57 60 54 63 75 95 77 88 61 93 52 66 70 0 
