n: 90
m: 8
Pi:U[1-99] 67 39 84 17 14 9 99 17 69 22 10 24 27 52 79 64 67 58 28 70 84 87 23 18 11 9 56 57 38 36 96 89 58 66 95 51 56 68 88 61 41 56 3 83 36 70 34 55 91 20 25 17 56 76 9 30 90 37 94 45 13 16 45 67 53 62 1 97 63 53 6 43 55 61 64 87 41 93 41 84 17 57 64 99 39 84 84 4 93 51 
Si:U[1-49]
0 18 22 45 8 12 32 4 34 12 23 29 29 1 40 21 28 36 9 24 21 22 34 4 29 43 2 17 36 11 19 40 13 7 17 2 14 44 6 27 35 12 14 49 7 10 49 12 32 12 29 2 22 34 39 16 17 11 21 26 19 37 4 24 11 39 8 15 29 5 27 8 32 15 40 42 46 29 8 46 32 41 49 34 40 47 19 28 21 48 20 
22 0 47 25 45 29 20 41 26 47 33 37 39 29 38 40 31 45 18 38 17 15 35 22 18 21 5 1 12 36 40 25 37 9 39 25 21 27 12 21 4 22 11 28 31 9 38 19 32 10 22 33 30 47 30 43 25 41 38 32 46 7 8 17 15 35 5 48 49 15 34 28 27 18 5 24 27 23 20 38 22 23 23 8 33 16 35 27 41 23 44 
40 29 0 40 20 26 41 2 12 15 29 3 32 7 49 35 47 27 46 31 25 16 13 30 34 45 49 44 27 30 13 33 2 39 9 6 33 9 21 3 38 33 30 49 7 36 39 37 23 12 36 23 19 21 11 21 46 8 31 16 47 27 31 22 28 28 2 30 43 2 38 19 3 18 41 36 37 22 28 26 38 37 7 49 41 49 22 33 43 48 49 
22 38 4 0 38 26 36 9 3 33 46 24 9 19 19 35 34 2 46 34 48 29 49 28 11 20 14 3 10 32 18 16 38 42 11 9 7 38 13 48 38 20 49 24 42 36 25 28 22 30 44 26 19 39 35 17 19 35 34 20 2 40 34 19 12 18 35 46 31 11 34 33 15 12 8 31 21 9 29 15 10 44 17 15 45 15 16 25 22 27 25 
31 29 44 15 0 20 34 42 4 49 24 25 40 5 6 21 7 14 33 43 8 11 27 19 17 24 44 31 33 11 30 35 31 27 43 39 38 49 13 49 12 16 26 12 17 23 36 49 7 39 2 35 44 27 6 7 8 45 48 37 48 43 11 5 33 43 35 8 29 1 15 44 44 32 49 15 38 40 5 7 25 44 43 35 19 42 12 1 28 31 48 
49 5 15 18 23 0 22 14 3 15 30 15 16 8 32 31 31 36 39 11 28 28 36 32 46 6 4 17 32 13 20 38 23 21 5 12 46 21 22 8 44 5 23 35 26 43 16 46 49 10 20 41 17 21 43 8 47 10 9 3 28 11 44 45 8 34 47 8 29 49 25 26 1 41 31 9 40 36 37 8 22 43 18 44 12 13 8 41 37 10 39 
18 23 2 48 16 46 0 34 46 49 18 32 18 45 12 26 33 36 44 21 23 47 44 13 37 34 45 15 44 38 16 4 35 2 42 27 6 29 37 11 44 7 24 36 11 17 12 3 28 1 2 24 21 15 1 34 8 48 37 24 43 49 21 24 49 16 6 25 38 23 20 7 35 13 34 23 29 22 42 19 44 41 49 6 11 21 37 27 5 42 26 
41 30 8 28 9 7 29 0 13 40 15 10 47 14 38 34 29 4 47 45 27 33 18 27 8 42 18 1 32 28 11 11 25 41 40 22 26 49 23 21 7 16 14 28 41 4 12 13 5 33 26 29 25 48 16 23 23 26 45 27 46 37 2 20 24 3 20 28 30 29 1 4 19 18 27 10 45 41 21 34 49 43 19 25 29 41 25 46 32 10 7 
43 26 2 6 37 21 24 22 0 22 7 20 31 30 25 5 38 49 33 28 5 36 47 35 19 9 30 13 49 29 17 35 16 45 11 11 8 12 33 40 2 39 7 35 49 20 20 27 37 37 33 37 4 10 32 48 45 39 48 39 44 9 5 12 14 16 41 8 11 23 41 6 35 47 40 46 39 25 36 27 48 49 10 27 7 35 37 28 35 16 45 
38 10 7 48 34 30 11 13 41 0 1 31 21 28 6 3 39 5 41 8 10 16 10 30 46 3 29 36 29 11 4 24 48 30 37 6 6 36 21 32 45 31 49 18 5 48 42 2 44 9 11 5 29 45 40 47 10 13 42 20 44 5 3 42 46 32 20 40 15 10 47 44 2 14 3 42 28 16 49 34 16 32 14 12 10 44 47 1 39 24 12 
39 23 7 36 46 49 36 33 46 4 0 32 6 48 39 16 40 47 21 2 15 26 34 13 21 15 41 20 31 34 5 27 40 27 7 34 16 1 33 15 17 18 20 43 31 48 17 15 47 3 5 18 43 27 25 16 48 19 25 7 10 32 29 16 5 4 40 29 49 21 44 15 27 16 9 18 37 7 26 25 31 10 39 22 13 14 6 11 14 4 33 
47 4 37 35 38 42 8 9 12 5 39 0 36 14 18 48 38 4 47 43 28 20 16 46 16 32 18 22 4 6 11 14 47 15 33 36 28 20 16 15 1 22 18 28 37 17 32 36 46 13 12 41 44 3 6 8 49 35 22 39 47 6 24 44 35 24 31 32 20 5 28 14 46 7 13 5 35 25 38 23 17 5 6 23 12 15 17 7 45 24 15 
20 33 38 40 1 15 40 11 42 37 16 26 0 13 3 42 29 28 44 15 27 24 1 46 4 11 23 23 46 28 3 10 48 41 17 32 40 41 36 18 26 31 31 42 24 20 10 35 47 26 37 11 31 31 46 48 26 17 33 20 5 30 27 44 37 28 10 40 40 13 42 47 38 47 31 44 14 34 16 17 11 5 39 47 43 14 33 45 47 10 18 
28 36 29 1 9 48 31 31 30 17 29 6 8 0 5 14 22 13 35 26 29 9 30 22 28 2 29 34 25 11 11 43 29 10 10 41 8 17 29 46 10 36 29 11 34 16 18 12 9 16 29 37 35 12 49 10 43 14 48 10 35 23 48 13 23 2 8 11 32 7 43 35 36 4 16 4 7 44 11 30 36 14 41 14 1 13 3 13 26 49 35 
37 43 15 48 27 22 32 40 42 20 19 23 32 26 0 31 5 8 18 12 47 15 49 31 3 39 32 32 33 34 8 1 11 9 25 21 25 47 40 48 4 43 45 17 45 11 2 39 29 30 16 26 28 4 27 42 12 33 46 12 34 44 16 45 44 44 4 34 1 20 4 48 43 22 6 2 42 46 4 23 46 23 18 11 27 31 2 48 28 7 3 
37 28 31 10 46 49 23 39 14 24 11 18 16 2 34 0 3 49 19 42 6 22 14 36 23 32 38 15 24 46 29 7 42 12 33 7 4 46 5 6 2 1 18 8 20 14 33 26 22 25 35 30 40 6 27 8 15 31 19 7 39 35 37 40 21 27 12 31 9 14 31 3 36 1 13 5 37 35 14 1 2 30 31 29 48 47 33 49 35 30 6 
49 14 5 25 37 8 46 13 28 34 39 17 8 18 3 39 0 44 35 36 33 36 31 33 33 4 35 16 48 9 9 32 16 17 29 3 21 36 47 15 28 43 37 38 24 1 15 28 28 23 24 39 5 18 17 30 33 37 18 22 12 31 45 43 11 43 49 21 42 31 3 13 27 17 22 17 13 17 20 13 31 36 42 13 48 5 40 4 7 39 20 
42 43 6 49 17 10 46 14 45 10 22 39 4 49 30 6 39 0 33 28 38 42 27 10 4 35 42 26 20 30 40 41 8 45 30 14 36 36 32 33 14 12 6 29 10 43 9 36 49 35 27 8 13 17 1 23 36 42 46 14 41 34 46 39 26 44 35 26 42 8 1 47 11 9 25 10 20 39 9 43 30 23 27 20 32 22 26 38 10 28 35 
9 26 2 35 48 21 26 44 35 47 11 32 24 4 46 45 15 14 0 18 32 13 46 1 4 29 5 20 40 6 8 34 23 19 49 5 32 42 19 32 16 37 5 14 3 46 39 49 6 20 49 48 20 28 33 24 38 24 45 9 3 14 48 24 7 18 19 19 47 20 8 17 18 20 35 7 11 11 10 18 36 31 7 8 11 38 2 17 11 36 18 
46 36 34 16 39 27 16 37 41 39 30 37 47 13 48 12 35 37 45 0 38 2 5 46 36 9 35 39 22 5 14 20 3 3 47 20 11 15 31 1 28 45 40 41 44 17 29 25 3 43 37 49 39 45 27 3 24 15 22 29 25 27 49 42 31 30 22 9 35 34 31 24 38 31 34 43 38 42 28 36 32 8 31 24 22 37 17 13 15 41 49 
27 35 38 20 3 7 10 39 1 32 44 12 11 42 21 10 29 36 37 34 0 25 5 35 13 45 7 9 40 40 16 13 2 25 35 26 36 34 46 37 46 20 24 26 20 30 43 22 25 24 39 13 2 36 20 14 38 5 14 21 39 3 1 4 41 23 48 3 4 44 38 27 15 40 14 38 34 33 8 3 47 17 1 14 40 37 13 12 30 37 40 
41 40 2 48 5 49 12 11 2 47 37 1 49 21 21 41 45 13 47 43 23 0 47 35 36 13 15 48 8 1 12 43 4 28 36 37 37 8 22 6 30 29 24 14 25 17 6 29 1 42 23 35 8 38 12 28 16 33 30 16 44 45 25 34 4 4 15 22 11 9 30 37 16 14 46 6 3 1 37 3 31 41 24 10 34 7 48 12 34 31 9 
31 43 15 34 36 27 23 35 11 45 30 3 47 22 35 26 37 33 11 31 41 39 0 5 38 27 26 23 6 12 31 46 31 23 4 29 28 30 12 7 11 3 12 30 28 10 21 26 20 24 28 27 25 37 33 38 35 44 32 33 26 35 32 38 3 28 2 15 31 36 45 7 4 21 46 12 21 3 30 28 45 20 14 35 3 13 48 23 19 27 11 
24 31 18 43 24 17 36 24 12 20 43 13 47 46 35 35 26 21 4 1 42 17 11 0 30 7 25 39 18 32 34 17 28 10 33 33 18 14 34 9 47 25 30 8 41 41 2 4 20 2 15 27 49 38 42 47 20 9 14 10 27 15 34 49 31 44 34 19 28 16 40 34 17 5 15 17 13 46 15 34 37 47 5 34 5 26 22 36 16 24 18 
39 13 28 23 4 12 34 30 25 32 49 6 23 30 32 37 22 17 25 17 48 46 40 42 0 15 14 24 40 5 21 32 40 2 40 31 31 49 11 17 6 18 2 32 41 22 21 3 1 6 33 24 8 49 19 2 2 21 31 13 19 34 34 10 28 5 40 35 27 29 46 8 33 44 45 41 46 24 25 45 44 38 18 8 49 45 5 28 9 1 16 
5 23 45 6 26 14 17 26 10 27 41 20 25 40 25 18 22 4 12 43 14 31 39 31 46 0 5 42 13 10 44 15 47 35 5 33 1 20 13 26 28 36 36 8 7 11 34 34 38 17 41 43 40 27 16 42 23 33 23 45 39 44 16 38 47 44 47 41 31 1 19 27 29 9 31 17 13 49 7 2 43 1 19 39 33 12 25 19 20 35 9 
37 31 12 15 49 32 24 30 24 9 2 35 6 48 27 17 36 47 11 40 33 10 29 11 42 29 0 20 15 47 3 17 47 28 39 11 47 39 21 33 24 18 24 46 10 11 39 37 27 6 41 10 43 41 8 27 49 4 22 43 49 33 26 19 10 12 19 32 44 7 44 38 10 1 12 45 40 45 37 39 29 46 8 27 12 12 43 3 21 18 6 
7 49 14 38 44 8 23 19 20 23 28 39 18 16 2 31 23 24 46 11 5 32 10 30 26 25 43 0 6 16 21 10 12 1 29 19 38 42 18 11 18 37 36 49 3 7 28 31 1 23 19 23 18 4 20 48 7 7 44 5 6 42 29 12 4 20 1 30 39 6 27 48 14 37 10 41 44 41 10 22 11 44 21 8 15 29 37 35 41 24 11 
10 22 22 10 4 2 41 1 33 10 20 49 25 15 29 31 34 3 34 38 34 27 48 16 31 40 43 10 0 10 12 25 49 38 17 20 36 26 7 4 1 34 47 8 27 48 48 20 17 9 42 12 21 49 40 12 22 49 12 38 18 11 27 8 35 13 28 7 38 37 23 37 42 47 6 12 21 3 12 9 25 2 17 30 4 6 29 15 4 3 38 
2 3 10 11 2 28 14 31 36 34 32 27 5 15 45 25 8 35 26 46 26 38 24 12 15 35 34 45 41 0 27 38 43 32 41 33 1 2 21 42 43 36 47 12 5 40 11 45 47 27 49 29 29 25 48 17 21 16 49 15 27 12 15 47 44 12 7 21 48 36 27 29 10 4 45 8 14 31 40 24 46 44 14 9 26 21 43 40 5 33 35 
7 24 25 49 49 14 1 20 25 17 39 11 3 7 40 13 42 26 24 14 10 3 8 20 4 25 23 22 35 23 0 21 24 14 1 28 32 21 45 19 32 38 47 2 5 10 16 39 35 47 42 8 38 48 26 5 43 19 18 31 5 11 32 41 31 28 3 38 45 48 43 40 41 8 40 21 36 17 21 31 35 33 24 19 35 30 24 20 30 7 29 
32 14 11 23 24 1 23 6 20 26 40 11 35 34 19 3 20 21 34 5 1 41 25 31 5 8 19 19 33 13 11 0 19 7 25 15 8 3 7 22 19 29 6 17 17 22 27 18 31 17 4 33 12 20 27 23 4 37 31 41 17 37 33 35 38 6 33 21 4 42 17 2 47 3 29 2 41 13 22 11 45 47 47 42 48 34 47 40 42 34 48 
28 1 8 4 18 20 18 21 44 46 33 35 30 19 11 43 29 25 45 3 9 22 6 48 4 23 23 49 39 10 33 42 0 5 32 49 36 13 49 19 13 13 23 21 34 22 5 5 3 48 42 7 40 42 44 18 17 46 45 20 19 10 44 23 2 35 28 41 4 16 11 30 41 9 47 31 29 48 44 13 46 4 23 33 11 28 44 13 35 13 14 
36 13 45 34 7 8 29 16 31 35 21 39 26 12 13 36 33 47 1 49 41 46 39 19 14 13 43 26 11 23 29 14 22 0 24 25 38 42 34 20 41 47 26 47 20 49 4 28 19 12 47 10 28 39 47 21 24 18 22 43 49 40 27 12 22 5 41 30 10 12 19 23 5 41 4 49 37 44 47 4 11 16 26 49 17 40 10 12 16 15 44 
42 25 12 30 13 19 23 39 26 9 38 18 41 13 1 44 26 2 30 32 22 36 25 35 10 43 10 9 40 41 28 15 17 39 0 43 12 22 40 38 48 43 14 11 20 17 2 12 16 17 48 30 14 39 13 29 33 10 39 22 48 1 22 2 3 37 18 23 1 22 48 13 37 14 27 49 8 34 49 11 13 13 41 41 19 21 25 47 39 3 37 
3 7 36 12 37 23 29 39 43 29 36 5 12 43 6 11 12 25 35 43 13 8 39 39 48 35 12 1 36 48 33 3 12 15 9 0 23 41 28 28 13 10 26 14 32 27 37 27 41 36 39 14 41 15 34 31 21 41 25 35 39 15 37 31 43 22 18 10 23 5 7 16 2 14 7 36 31 47 36 7 28 13 9 41 2 28 10 17 36 4 9 
19 46 18 27 23 20 38 38 30 40 10 14 26 13 38 1 35 35 48 12 42 15 21 31 22 18 8 2 8 35 27 23 33 24 33 12 0 20 8 28 42 36 1 10 23 29 43 28 9 27 32 42 25 11 26 32 27 25 27 25 48 10 12 22 2 33 30 7 8 17 44 2 23 25 1 20 6 38 44 39 23 10 16 15 38 49 29 20 29 19 1 
26 19 6 39 32 3 21 39 34 26 47 43 10 23 16 36 41 9 38 15 2 20 17 19 18 38 30 38 37 46 40 7 30 13 20 37 42 0 31 26 4 18 27 34 26 44 37 37 44 47 43 12 40 19 39 13 6 34 13 49 39 10 1 47 16 17 46 38 6 22 37 22 34 32 23 12 30 21 34 16 45 14 21 8 33 47 46 42 36 47 30 
19 3 21 13 27 4 38 40 17 22 5 10 20 31 10 37 19 4 6 16 44 6 31 23 6 4 37 1 15 30 26 28 12 24 28 18 5 2 0 39 44 18 23 42 12 18 20 1 2 7 8 18 9 28 8 48 4 44 49 33 28 22 10 7 49 24 41 47 25 11 40 24 10 20 45 27 38 49 39 10 2 25 36 5 17 33 3 44 20 25 26 
30 13 4 42 16 33 13 45 20 23 1 13 18 41 35 48 21 23 36 1 39 15 1 29 25 43 27 15 19 24 13 30 42 28 25 40 41 42 1 0 35 37 6 13 44 13 38 45 8 37 17 1 12 45 37 16 8 30 19 35 17 17 3 10 20 18 22 20 26 4 31 19 35 35 34 23 12 1 6 27 27 30 3 23 22 43 12 24 31 27 14 
10 16 8 26 30 15 30 30 30 28 18 23 41 27 22 22 7 35 39 39 37 9 27 19 1 19 13 13 26 24 14 27 5 8 29 30 8 36 6 46 0 29 33 25 4 49 36 34 12 5 6 20 15 29 42 26 14 44 1 15 44 37 26 33 31 17 28 4 21 43 21 2 9 32 39 7 42 49 38 41 12 42 42 6 12 46 37 43 6 19 11 
33 49 17 31 34 44 11 23 10 3 2 15 4 10 29 15 46 19 27 40 26 23 19 21 22 2 45 15 12 3 18 27 31 34 37 45 48 27 44 27 19 0 18 20 5 43 41 14 27 40 12 21 9 3 8 38 30 39 9 46 7 44 19 12 8 11 1 33 35 29 14 28 36 17 33 22 38 16 42 36 10 21 33 26 22 2 10 27 27 7 25 
6 24 43 47 14 41 1 29 7 30 16 36 7 10 35 11 16 34 29 16 33 33 49 14 22 49 4 7 20 31 34 14 24 19 14 1 34 30 6 48 18 2 0 12 2 32 4 34 43 27 31 29 1 20 48 12 21 32 48 37 37 3 44 2 8 34 34 20 19 30 2 43 4 31 27 26 8 32 22 21 1 36 1 46 33 25 14 37 35 47 23 
35 5 25 19 7 29 9 1 25 16 4 37 33 14 28 9 35 36 41 38 43 2 17 36 10 2 38 3 18 9 36 46 37 1 24 21 20 12 11 35 16 9 49 0 28 40 45 4 1 34 2 40 28 15 16 29 1 19 47 34 39 37 6 25 43 6 7 11 25 36 27 10 47 21 30 35 4 44 27 37 17 16 32 45 5 38 2 21 37 43 9 
47 36 9 16 37 38 49 45 17 45 15 47 28 12 21 27 42 27 46 1 25 23 2 43 49 19 44 21 15 36 22 41 44 6 46 1 23 46 47 1 34 37 33 38 0 19 32 27 41 9 28 46 16 45 8 12 35 16 37 29 37 9 47 45 42 48 44 29 20 7 5 42 38 3 49 1 37 45 20 15 7 21 9 34 48 20 34 33 28 1 33 
24 44 49 8 27 41 29 33 44 47 9 43 20 29 37 37 2 6 41 41 30 14 26 3 32 46 48 23 28 45 8 22 3 33 47 32 47 32 2 22 42 14 39 45 9 0 33 40 28 42 22 47 10 31 23 19 37 5 38 24 21 13 26 23 28 3 36 44 44 6 1 44 33 30 48 12 23 18 9 38 40 31 18 37 21 34 46 48 23 3 14 
8 24 9 17 25 27 27 7 32 19 19 17 16 24 33 18 23 28 10 41 24 15 15 10 34 44 30 49 21 28 5 12 47 38 6 8 10 2 1 10 15 18 38 29 15 25 0 16 30 15 6 38 29 44 10 29 33 36 42 24 9 48 42 32 24 7 31 21 9 9 5 7 11 28 27 25 29 21 36 11 16 16 31 9 29 21 39 41 6 11 8 
17 43 17 26 44 13 11 37 29 3 25 16 45 6 27 43 48 9 47 18 48 47 47 6 47 12 39 32 43 32 47 30 44 19 34 46 42 39 34 8 21 45 38 33 24 23 37 0 49 24 19 1 22 21 47 11 33 16 13 40 27 5 46 32 31 16 47 32 42 16 10 19 23 3 47 22 6 44 13 5 26 33 42 10 33 37 4 35 44 38 18 
37 18 1 29 43 1 17 19 38 8 29 41 3 27 39 46 35 6 35 27 17 20 38 26 16 1 31 14 33 30 28 11 35 1 40 49 27 49 45 45 20 5 17 4 6 24 11 29 0 4 48 24 17 24 25 5 43 49 43 22 17 19 5 45 23 16 29 25 18 41 9 22 26 11 19 17 34 30 24 41 18 10 26 16 7 48 28 19 5 12 33 
36 40 9 36 4 35 3 6 1 26 41 18 26 14 8 23 2 13 30 44 13 25 41 40 21 5 13 41 30 44 17 44 25 25 44 29 14 34 4 47 4 7 44 12 47 36 15 23 31 0 1 18 2 38 49 24 45 14 47 46 41 8 18 46 6 15 17 33 47 47 28 40 8 7 9 11 44 47 37 15 24 36 36 29 16 32 24 8 10 7 35 
40 3 30 39 3 17 48 21 11 6 1 6 44 19 13 11 25 42 19 44 26 18 43 26 31 34 39 17 28 48 18 19 40 35 44 33 29 42 37 10 11 48 48 13 17 16 49 38 1 39 0 28 15 10 40 37 46 38 8 11 30 27 33 24 37 24 32 32 21 29 8 14 47 3 25 8 6 38 9 20 16 48 23 12 23 16 16 46 38 28 39 
34 33 22 6 16 26 1 8 19 26 21 15 35 43 24 14 8 43 5 19 28 44 18 31 32 43 36 5 34 46 39 14 14 47 36 13 5 7 49 13 43 12 14 1 14 30 17 26 17 42 14 0 43 3 40 21 38 16 8 35 14 13 40 24 2 9 4 28 37 25 11 44 25 16 36 38 43 48 35 36 5 43 19 3 24 23 33 36 6 20 47 
22 26 25 44 26 46 20 14 23 7 25 25 23 11 9 35 2 41 29 34 46 17 22 7 34 22 22 25 29 37 32 26 19 33 11 38 34 34 44 16 21 46 49 9 3 20 32 43 11 2 49 28 0 37 11 20 41 4 5 28 24 44 45 14 44 40 15 6 45 33 8 21 2 41 8 38 35 9 25 21 38 26 5 32 36 46 45 20 27 48 42 
48 16 41 36 7 38 30 10 13 21 47 25 5 31 17 19 25 36 30 3 17 27 10 7 46 18 25 37 38 32 45 5 35 38 25 17 47 40 11 44 4 43 3 6 31 47 17 47 14 47 33 14 30 0 47 10 3 46 28 39 18 10 39 36 23 3 14 11 15 48 18 35 29 18 34 33 45 44 36 45 49 45 21 15 46 47 34 17 28 47 26 
7 24 29 9 35 33 25 27 11 43 42 8 48 19 9 49 17 43 19 9 45 38 47 42 45 33 8 43 9 13 13 27 6 9 20 18 35 13 2 42 45 7 21 35 31 11 6 29 43 22 47 22 29 14 0 27 31 40 32 32 29 37 40 12 38 20 28 11 11 10 38 43 7 2 42 33 29 41 24 31 22 45 27 22 42 26 21 37 32 46 19 
11 29 5 6 4 13 6 18 24 29 37 25 36 49 48 8 32 11 21 34 32 20 18 15 43 12 9 7 9 19 11 47 32 26 39 49 7 43 39 31 6 19 17 48 20 42 11 14 32 21 21 35 31 11 15 0 36 32 2 42 44 31 19 30 35 30 25 17 43 21 1 48 17 16 40 38 13 37 4 30 11 39 34 45 30 7 46 11 40 26 13 
45 30 38 9 11 18 18 20 19 20 7 4 5 47 27 25 11 47 32 47 11 29 19 22 13 19 8 34 15 33 38 36 10 35 6 26 19 22 24 6 36 37 14 3 29 17 48 23 34 12 24 26 7 15 28 39 0 40 40 35 26 3 13 34 6 14 17 37 30 39 2 5 35 40 23 8 46 36 25 46 44 25 17 8 44 33 8 41 12 5 11 
45 7 24 18 16 10 26 42 42 48 49 44 32 14 47 42 38 38 29 18 29 47 35 40 42 49 39 47 13 43 33 33 36 29 25 8 4 13 16 22 9 24 43 19 27 2 15 45 31 12 17 6 25 9 34 9 4 0 6 35 27 45 19 42 31 46 11 48 3 31 6 21 15 8 40 8 49 14 20 35 33 17 16 29 38 40 8 8 33 3 24 
9 48 16 32 30 43 33 20 22 9 35 24 11 20 3 10 10 5 40 16 7 33 37 10 27 18 18 5 15 39 11 43 14 26 35 32 3 26 12 45 45 3 14 8 14 9 20 49 42 2 36 44 36 1 20 16 11 24 0 42 36 17 27 14 27 33 6 1 1 49 27 12 14 35 33 6 43 18 40 37 8 19 19 23 19 11 26 36 24 29 29 
41 8 15 19 31 36 36 40 20 10 9 38 28 24 36 34 43 4 7 30 7 17 25 47 1 46 22 41 8 25 37 22 30 28 33 43 31 7 42 31 12 17 45 12 40 2 11 13 48 39 47 10 43 21 31 7 43 37 27 0 20 1 45 46 18 18 16 4 14 42 6 15 33 17 7 23 16 8 20 30 23 49 38 35 42 29 15 36 16 3 9 
44 9 32 41 37 27 12 37 34 3 34 39 39 48 26 8 39 15 3 36 3 10 10 3 20 30 5 15 10 33 20 8 45 24 31 4 16 22 3 28 23 37 5 7 21 42 45 26 20 46 49 36 18 9 31 36 37 34 40 10 0 18 34 31 11 10 42 30 25 45 47 38 9 17 10 31 44 22 48 44 14 17 44 28 18 38 13 34 26 30 42 
36 19 48 49 28 32 16 30 10 4 9 28 17 45 32 29 41 5 34 16 42 23 31 17 18 25 18 39 16 38 27 9 21 32 2 48 5 37 46 48 7 28 22 24 8 27 5 4 26 17 19 4 32 8 16 27 2 45 35 37 42 0 13 25 16 5 5 4 24 48 15 15 45 28 20 36 37 19 48 27 34 41 24 24 43 3 16 16 17 17 31 
44 29 11 35 48 37 1 25 17 29 7 23 49 27 35 20 2 33 25 46 26 17 29 20 3 33 46 16 45 39 24 2 15 49 21 37 17 17 39 49 3 28 25 1 24 18 16 2 9 18 37 13 29 41 19 44 33 28 2 26 22 48 0 28 22 14 35 29 25 30 22 16 27 19 12 24 29 44 42 25 9 32 15 16 33 44 49 46 28 21 16 
34 28 29 18 45 47 47 25 45 42 27 25 8 35 23 8 29 11 10 6 45 40 22 32 1 29 16 48 8 19 23 43 43 13 23 8 10 43 35 47 33 25 44 16 19 34 45 20 11 22 35 15 37 22 37 5 29 31 22 37 5 33 45 0 37 40 17 24 18 39 3 15 33 20 28 10 40 24 3 31 20 7 9 34 1 37 33 44 7 26 40 
49 20 43 7 1 30 1 34 35 2 44 15 11 26 37 32 7 15 27 5 26 19 41 32 12 19 13 27 19 26 46 44 30 4 48 29 28 4 2 19 27 45 46 8 20 45 13 38 12 26 26 10 46 37 20 48 22 23 36 14 34 24 26 40 0 37 22 16 40 25 16 42 45 43 39 42 37 15 16 40 3 36 36 7 27 36 25 19 18 10 18 
7 32 11 45 30 40 29 4 4 2 7 32 34 41 27 14 31 32 31 10 41 31 36 14 29 8 49 21 46 17 21 29 17 7 28 11 47 30 22 8 15 40 15 48 38 41 3 11 42 2 27 3 46 15 44 31 31 33 22 46 33 40 37 44 3 0 16 36 27 39 21 33 4 6 12 6 25 40 41 3 27 23 23 33 20 43 15 27 36 27 37 
22 42 47 32 47 42 32 10 47 2 14 45 9 32 17 19 47 10 33 48 35 25 18 26 20 12 38 33 36 3 10 4 26 6 42 39 31 39 43 23 2 7 26 9 23 25 32 10 16 12 11 1 32 3 38 28 5 4 35 26 23 39 6 44 37 46 0 19 35 9 8 12 24 17 46 27 48 23 38 27 1 2 43 22 22 37 16 34 45 34 17 
13 38 28 17 10 7 24 18 28 13 34 23 30 5 27 22 27 16 13 43 17 35 45 43 36 17 13 18 36 1 43 28 25 41 14 16 31 30 49 32 19 38 13 48 30 32 21 27 15 13 27 34 14 18 7 2 7 5 40 25 34 15 21 27 47 40 29 0 24 32 9 6 24 22 1 15 44 44 35 7 1 16 25 15 30 8 5 35 35 25 32 
30 48 21 42 37 30 21 38 33 1 8 15 36 25 46 43 43 39 20 1 44 36 6 42 44 10 48 35 34 10 38 3 13 38 11 3 19 19 15 26 16 41 29 24 27 30 10 27 9 18 39 38 19 38 16 31 21 15 23 44 45 33 21 29 25 3 44 26 0 26 36 43 7 3 41 38 5 4 9 5 6 21 31 8 36 21 22 34 12 41 12 
26 31 32 17 34 4 10 35 28 48 31 33 47 3 26 40 2 27 16 6 12 6 15 39 4 13 18 4 24 46 2 31 33 25 25 30 35 1 4 35 29 18 11 38 24 49 24 9 19 10 1 36 16 7 1 1 16 12 39 39 44 5 1 15 46 28 41 44 41 0 45 12 28 23 46 18 4 38 17 33 21 29 21 46 44 48 40 23 4 20 29 
33 6 31 9 49 41 46 39 48 47 43 48 32 3 30 22 18 33 23 35 37 12 41 47 10 2 28 18 38 19 2 21 33 32 37 45 44 6 26 42 38 7 31 3 49 30 15 10 1 3 16 28 6 31 29 28 8 2 3 22 45 23 15 6 49 25 32 17 33 8 0 36 13 21 9 10 13 37 24 35 11 7 16 36 3 26 39 43 20 6 15 
23 41 41 7 9 42 43 4 7 33 43 36 42 13 20 6 1 42 41 27 8 16 33 34 43 15 7 42 3 36 41 33 14 2 21 21 47 3 15 14 44 19 11 47 47 10 45 25 46 5 12 7 41 42 36 43 40 20 3 4 44 39 29 14 23 25 48 22 25 35 43 0 19 21 36 19 12 10 6 4 29 13 38 41 45 29 33 33 44 30 16 
40 14 25 8 17 7 48 15 20 6 24 32 39 47 19 26 13 3 34 4 39 45 41 18 5 8 41 34 16 19 22 16 41 24 20 44 16 26 15 22 10 43 14 23 44 49 40 7 22 42 26 38 1 34 12 40 11 5 19 27 7 1 2 2 49 38 9 22 44 23 33 15 0 9 21 45 22 43 26 36 7 33 26 11 36 13 21 27 19 25 21 
10 27 5 17 31 21 12 39 15 44 49 35 24 22 8 16 34 47 41 20 11 22 38 13 41 23 21 30 11 37 34 22 19 17 42 14 16 35 24 5 5 2 5 42 29 7 24 42 32 13 33 23 23 28 8 34 42 24 40 22 38 43 22 10 36 26 15 24 5 41 14 29 33 0 39 30 6 2 15 48 23 47 9 37 3 2 8 2 32 24 33 
42 5 40 13 37 15 31 42 5 46 28 20 10 17 36 47 45 31 31 24 22 45 28 20 3 6 19 39 30 15 13 2 38 4 32 8 10 9 13 39 43 22 36 45 13 10 34 47 4 45 35 35 30 36 5 13 33 8 1 36 18 14 19 29 36 45 35 13 9 13 41 38 45 28 0 6 15 25 3 38 43 31 7 39 15 33 29 20 29 11 42 
42 9 7 34 34 41 40 7 26 9 43 22 49 29 32 5 37 40 27 39 26 35 42 41 22 32 5 17 35 40 35 47 15 37 14 30 22 35 22 30 42 25 39 19 47 20 39 34 34 14 23 2 49 2 3 48 22 48 11 46 7 9 5 32 1 13 46 2 41 42 18 15 28 32 45 0 48 43 44 18 34 7 32 8 3 48 27 49 42 12 37 
3 27 46 39 45 32 28 49 16 41 19 30 49 25 8 17 2 19 19 18 10 14 31 9 44 32 39 22 20 18 32 38 16 29 7 24 41 48 18 27 15 30 37 46 6 30 46 5 29 34 36 36 29 39 23 19 38 14 36 14 30 39 38 4 6 28 8 38 29 23 44 12 5 18 32 2 0 44 15 28 10 18 32 31 34 1 38 43 5 36 49 
45 21 44 31 1 35 45 33 37 26 27 26 38 12 3 48 46 34 43 49 30 29 36 33 3 2 33 18 7 30 35 32 22 20 29 40 15 28 3 27 48 48 15 22 19 25 29 28 17 46 8 20 17 20 15 18 19 38 30 21 11 12 43 49 48 2 44 12 23 24 3 29 16 43 27 45 16 0 15 36 3 39 3 24 16 28 29 10 44 3 3 
32 7 33 44 32 14 29 19 22 10 49 6 10 38 42 44 41 30 28 38 36 1 4 9 25 36 12 36 25 48 30 6 10 19 49 15 37 19 7 43 33 39 14 44 12 37 29 8 20 17 41 17 29 7 39 11 39 29 13 48 46 19 22 10 6 1 19 24 49 44 44 6 35 23 44 44 43 33 0 9 43 1 15 3 36 23 12 26 19 43 26 
38 3 34 18 14 21 29 8 15 24 28 34 42 8 26 24 39 33 17 14 9 12 21 45 44 38 20 4 11 47 20 6 10 47 49 14 14 30 11 23 13 9 2 29 28 32 13 1 39 34 18 45 24 17 7 35 47 42 28 30 3 37 41 39 19 6 32 23 9 19 2 47 25 21 43 4 13 30 20 0 25 5 6 48 2 45 4 23 12 49 27 
6 22 23 27 1 9 1 7 33 11 18 1 33 36 29 9 48 21 17 28 44 17 25 22 12 5 33 40 40 10 11 45 2 21 37 22 3 40 27 30 43 28 5 49 5 27 8 19 13 1 11 17 45 31 40 31 40 32 34 48 31 41 23 33 43 31 35 30 26 17 4 11 29 3 17 37 46 25 21 43 0 23 8 30 41 9 23 24 18 7 18 
39 5 32 27 9 26 20 1 42 47 21 48 34 17 21 29 27 41 12 9 48 35 41 17 6 27 31 18 4 1 23 38 39 5 6 6 32 33 2 20 15 28 7 9 6 24 7 5 25 5 42 37 44 11 31 32 1 38 37 26 47 25 48 14 47 7 31 35 15 12 47 7 12 35 15 18 36 44 39 42 12 0 30 10 45 4 21 46 46 38 47 
12 43 49 8 22 9 21 32 45 6 15 25 48 2 23 36 42 8 10 25 5 18 19 33 22 24 21 42 39 19 2 48 27 2 19 18 14 40 34 8 1 49 11 37 12 36 21 40 22 22 33 35 30 4 36 49 49 37 44 30 27 39 9 46 1 16 37 14 32 45 28 11 11 20 47 9 25 49 19 24 19 28 0 7 17 14 26 39 2 39 39 
34 11 49 18 29 19 23 30 26 44 42 1 9 2 34 11 28 37 46 2 39 22 11 28 25 20 17 28 39 5 48 33 12 4 33 37 31 30 29 4 4 42 44 22 24 27 39 28 13 23 38 29 14 11 40 18 24 35 34 48 8 28 37 9 49 44 11 5 9 42 24 39 7 42 30 21 9 35 43 17 24 8 34 0 47 6 43 7 16 4 6 
24 48 37 31 35 7 47 45 41 40 20 37 22 3 38 48 23 34 34 44 39 33 37 13 39 28 4 23 35 12 5 35 41 16 13 22 25 20 37 12 12 43 44 42 7 44 26 7 13 41 14 3 31 43 38 9 36 17 44 7 47 12 34 22 3 3 20 35 44 36 43 46 9 20 11 10 36 1 43 45 38 12 14 32 0 10 7 19 15 11 45 
14 10 34 44 8 16 10 13 17 3 7 2 3 37 26 24 4 5 49 22 25 13 26 49 1 30 27 24 43 19 20 43 18 13 12 45 18 10 16 28 26 46 12 42 26 42 22 19 20 8 28 14 44 21 4 34 44 23 23 20 37 25 39 24 3 5 35 26 48 1 18 25 43 46 10 32 48 35 29 17 20 42 39 32 37 0 1 12 16 30 30 
36 21 37 12 15 7 9 46 13 47 8 10 30 31 39 15 7 16 28 1 3 5 6 2 21 47 19 4 14 45 29 28 13 29 5 13 6 17 23 4 24 22 34 9 15 27 18 21 44 8 13 3 36 5 4 24 16 22 14 29 29 32 3 36 6 49 34 39 49 27 41 31 33 37 9 48 33 48 46 24 45 36 5 31 23 12 0 23 34 17 22 
36 4 23 25 16 31 3 49 4 48 46 5 46 37 15 7 35 28 43 4 4 1 20 40 34 24 9 3 8 46 10 48 2 42 23 10 45 29 12 5 5 20 43 15 35 8 15 17 37 49 45 39 15 37 16 28 9 24 37 8 18 32 44 23 8 43 42 41 13 20 14 8 35 12 10 23 26 45 13 32 37 1 27 41 11 49 38 0 6 1 21 
2 13 38 31 12 16 44 39 7 11 36 47 20 35 3 32 11 27 46 16 30 5 34 42 16 15 40 31 4 12 11 34 9 1 42 15 25 43 35 11 9 2 29 2 35 23 25 21 3 10 35 18 28 6 27 14 15 45 45 29 29 42 3 24 12 39 5 7 33 5 43 41 19 46 38 8 21 29 1 6 43 9 27 9 31 6 9 48 0 31 12 
23 26 27 9 22 29 8 47 40 25 31 16 4 18 7 34 27 6 41 27 47 6 12 8 10 39 16 7 14 31 9 40 28 46 15 31 21 11 22 23 17 45 44 9 22 26 30 18 20 34 9 4 29 45 36 35 14 31 14 33 47 9 3 38 21 48 19 4 43 3 25 25 24 40 14 12 4 41 31 42 22 8 13 32 16 4 43 19 44 0 34 
2 48 25 34 31 46 49 27 19 40 38 18 47 3 15 43 36 28 1 30 14 31 37 16 17 23 2 36 11 39 45 3 15 30 8 37 36 10 2 26 24 1 26 12 1 29 36 34 19 15 21 46 4 40 27 13 24 9 32 42 8 5 37 30 24 41 28 18 46 25 12 21 25 26 48 14 47 17 39 34 8 20 41 28 31 15 11 49 42 3 0 
