n: 90
m: 10
Pi:U[1-99] 32 14 32 70 72 15 38 52 59 31 59 86 55 16 99 88 68 69 93 50 83 10 47 74 89 21 16 15 97 45 1 27 8 32 79 5 38 48 93 72 92 67 89 27 98 52 99 95 62 24 77 83 43 59 64 58 75 64 98 26 70 15 96 6 33 27 25 15 91 4 63 92 8 60 10 90 35 3 81 47 49 29 60 69 70 46 71 71 69 63 
Si:U[1-49]
0 18 22 14 22 18 11 18 4 4 46 49 42 49 34 49 12 49 45 49 49 22 7 40 3 49 4 28 22 16 49 36 21 49 31 13 49 49 1 49 3 27 31 49 21 49 49 49 40 42 30 13 49 36 25 37 39 21 49 19 30 18 4 49 49 49 10 39 18 49 48 43 45 49 49 49 42 49 49 25 49 6 49 49 49 27 49 18 21 49 34 
32 0 22 0 20 22 11 30 6 26 49 49 49 49 45 10 18 13 36 10 37 7 34 3 4 3 3 49 30 4 45 33 37 6 31 49 33 49 3 24 33 3 34 49 45 49 12 1 7 49 10 1 28 27 49 34 21 24 6 25 49 1 30 7 49 49 22 48 4 46 9 49 25 22 24 45 49 34 13 49 9 49 45 21 49 21 49 4 45 49 49 
21 24 0 23 20 28 7 32 9 31 9 39 10 39 49 46 10 49 49 12 49 49 18 3 49 49 24 49 13 49 28 49 3 9 49 49 49 48 40 15 9 39 25 34 49 7 15 49 18 6 21 12 42 49 3 22 49 49 36 19 9 30 19 36 49 49 49 25 3 15 31 19 3 49 6 49 22 31 31 49 48 9 46 49 36 7 30 49 49 28 39 
16 32 12 0 21 24 26 8 7 4 39 15 28 31 46 7 13 39 21 28 16 25 3 49 49 27 24 4 49 39 24 49 3 37 30 34 34 12 49 1 49 48 1 49 36 24 34 49 25 49 22 49 18 16 33 21 49 3 49 49 9 31 42 49 9 7 3 10 3 28 16 49 1 49 30 49 33 24 49 49 36 49 49 6 7 25 49 18 49 25 16 
28 31 15 1 0 12 29 29 15 5 42 18 49 42 49 36 49 49 25 49 49 24 25 40 28 49 10 3 45 9 49 27 10 49 4 45 6 16 49 39 49 10 49 24 15 49 49 40 49 49 42 24 18 49 45 49 19 43 27 48 13 39 19 22 22 34 46 49 49 49 39 27 13 49 33 42 36 46 33 49 45 4 16 49 3 49 28 22 49 49 42 
14 20 4 10 21 0 25 19 11 28 24 16 49 13 49 49 49 49 34 49 49 49 49 49 49 34 49 49 12 40 49 4 22 27 49 49 7 49 13 25 27 49 1 19 28 49 49 49 15 24 49 42 16 21 36 4 18 49 12 33 22 42 49 49 19 19 48 42 9 7 49 34 49 49 49 43 31 49 49 49 49 15 49 31 45 4 42 49 49 49 6 
23 20 32 30 19 20 0 3 14 12 49 49 34 36 9 16 24 49 49 46 25 27 3 19 22 18 48 7 49 49 31 43 49 37 7 39 40 49 49 15 18 6 15 12 48 31 6 30 18 39 16 49 21 33 49 34 49 37 3 49 30 45 37 49 40 46 27 49 16 49 42 34 49 1 48 49 4 49 48 15 33 49 9 25 49 40 34 49 48 25 31 
3 20 10 12 17 17 4 0 14 2 49 30 49 48 34 4 49 48 48 6 45 10 49 4 18 48 13 16 42 30 1 25 48 42 49 49 37 13 49 9 49 49 16 45 1 42 4 9 19 15 49 46 18 33 49 49 49 9 10 49 10 15 49 42 42 27 48 49 45 49 19 4 12 21 6 6 16 34 49 49 7 49 19 9 49 49 16 33 49 33 49 
20 24 10 1 30 10 13 17 0 13 16 49 43 49 43 16 25 49 24 45 49 1 4 10 18 28 13 25 49 25 40 49 49 24 13 7 49 27 12 45 33 37 49 33 9 13 49 21 49 42 24 49 31 30 9 49 49 37 49 12 49 49 34 49 24 49 49 7 18 6 24 10 15 40 48 46 48 45 9 39 12 30 15 39 9 22 3 49 49 49 49 
1 29 26 26 14 8 4 25 16 0 49 49 48 49 9 49 21 19 1 24 36 33 33 42 22 27 40 49 16 21 27 27 49 1 49 49 19 45 45 18 33 22 49 49 16 24 3 31 49 49 49 49 28 42 34 34 49 30 18 16 16 28 36 9 49 46 49 49 49 9 49 46 49 6 39 49 25 49 6 16 4 49 18 24 6 49 22 24 49 34 49 
42 36 30 49 49 49 9 49 15 49 0 6 8 16 11 6 18 30 24 32 21 33 15 40 6 49 7 31 49 4 49 49 16 13 7 49 49 49 25 22 18 16 49 49 4 13 1 34 46 45 22 9 49 49 27 33 28 12 6 49 49 43 19 31 48 18 49 49 49 28 49 49 3 49 46 9 18 16 49 49 49 22 43 15 49 49 49 40 30 48 24 
16 48 49 49 22 22 49 12 49 34 32 0 7 32 16 28 2 21 1 10 30 49 49 28 4 24 24 34 12 46 49 15 22 7 34 1 40 6 37 49 4 49 39 13 48 49 49 49 12 49 19 42 34 25 49 49 7 49 34 13 36 48 49 49 45 30 45 39 39 49 46 49 15 7 43 4 49 37 33 43 40 42 42 39 49 1 22 33 49 36 43 
49 27 34 9 49 49 49 46 43 49 15 5 0 16 17 24 24 18 23 5 49 1 25 13 10 43 46 49 49 49 22 49 25 49 49 19 43 10 49 3 25 3 49 28 49 49 16 28 3 49 13 24 19 27 13 42 49 36 10 19 49 49 13 48 49 49 22 48 42 19 33 42 49 21 24 15 49 49 49 40 27 6 10 4 25 24 15 37 7 15 34 
49 19 40 9 21 49 49 49 1 49 28 12 0 0 28 29 25 13 28 6 10 49 13 15 25 18 45 34 49 49 4 12 46 22 49 40 28 49 49 22 49 36 49 7 13 3 10 48 39 48 49 49 45 7 12 1 43 49 1 31 49 49 49 49 45 49 22 49 39 49 49 49 49 45 49 13 49 21 39 12 25 31 43 3 16 3 10 49 48 13 19 
34 36 49 22 25 28 49 46 49 30 10 16 25 13 0 22 12 15 26 9 7 49 15 36 40 31 49 13 49 49 34 45 34 49 49 49 13 48 49 1 24 40 1 49 31 49 28 36 49 19 28 49 49 13 46 10 49 22 36 49 30 42 4 10 33 6 40 28 9 31 24 36 28 24 30 49 28 31 49 27 34 49 39 39 13 22 49 18 28 49 15 
18 49 49 49 30 27 48 4 49 49 17 30 31 10 24 0 18 20 10 29 37 21 13 43 22 45 49 36 9 48 42 16 49 49 1 36 16 13 7 33 49 49 49 21 45 36 30 49 25 4 30 1 27 12 15 24 49 12 25 3 16 28 49 39 15 49 37 18 7 49 37 49 49 49 28 49 49 49 36 49 46 46 49 34 39 4 49 22 21 48 13 
24 49 30 36 22 49 40 1 18 49 18 0 7 2 4 20 0 22 30 32 49 18 37 24 31 49 22 9 46 13 22 46 49 49 49 49 31 37 30 1 36 49 1 6 19 30 6 19 49 7 24 49 49 48 36 49 49 13 49 16 18 24 42 49 3 49 49 45 49 49 24 33 18 16 9 37 43 34 1 37 49 10 49 28 22 42 16 46 49 1 18 
46 49 49 49 21 39 45 42 27 1 12 12 15 26 10 3 7 0 19 9 21 49 49 21 49 45 31 7 16 10 30 49 49 49 3 31 9 1 3 43 49 49 40 49 15 49 49 13 49 42 45 49 49 49 49 24 21 49 16 21 49 49 31 49 49 49 39 4 49 49 49 21 24 40 24 49 49 49 10 49 49 49 37 16 31 3 15 42 25 45 49 
22 49 6 49 43 40 27 45 6 39 31 1 20 7 21 9 3 22 0 25 4 36 18 33 3 12 31 21 15 25 3 31 10 13 16 24 49 22 22 49 24 28 36 16 49 9 49 49 9 49 49 12 1 30 49 37 30 19 7 49 15 48 10 6 3 49 36 49 7 28 48 9 19 49 1 16 21 49 24 9 30 49 9 6 39 30 21 12 37 49 33 
48 36 46 49 27 31 49 49 49 31 32 17 0 18 0 1 25 24 1 0 3 18 49 16 1 49 10 49 49 25 40 49 3 27 12 49 18 45 33 22 36 1 1 43 49 48 6 19 28 49 49 18 10 28 49 37 34 19 18 49 22 49 12 49 49 19 31 49 33 31 36 13 24 49 49 21 49 21 45 22 49 48 1 33 49 49 28 49 15 49 13 
6 4 49 49 49 28 49 49 3 19 49 49 12 43 15 27 9 45 34 34 0 2 8 2 26 28 18 32 18 4 39 49 49 49 49 1 21 10 49 24 42 10 49 27 7 49 37 21 28 49 42 24 13 49 15 22 27 19 4 49 49 34 49 49 49 30 49 3 45 34 25 3 18 49 15 49 43 49 7 6 12 37 49 49 49 49 27 40 46 33 49 
49 49 49 27 49 49 49 46 34 34 49 27 49 28 49 42 49 49 49 49 3 0 7 26 4 16 25 11 14 20 49 19 12 39 49 42 49 37 49 4 48 49 49 15 4 19 7 4 16 49 31 19 28 18 48 46 49 43 37 37 28 49 49 48 15 30 7 36 30 49 49 27 12 22 49 43 49 46 33 49 9 15 3 48 49 24 49 49 15 10 24 
49 28 49 28 19 36 49 31 30 49 31 31 19 49 33 33 34 4 13 25 18 24 0 10 12 28 31 32 2 27 15 34 37 15 49 34 27 48 40 49 48 30 21 16 31 49 9 4 7 45 31 42 24 15 49 46 49 49 21 27 9 10 49 31 34 49 6 28 7 39 49 43 16 49 42 49 13 49 49 37 1 9 12 31 49 19 39 13 49 49 7 
49 34 31 33 15 15 49 48 4 4 49 24 42 49 25 49 34 49 31 25 15 5 4 0 11 13 23 22 18 10 3 3 49 16 49 49 28 49 45 24 27 1 12 16 18 49 49 40 42 9 45 10 49 49 10 49 48 24 18 16 40 49 24 49 30 24 6 40 49 49 28 49 27 28 12 36 31 49 37 13 25 7 49 25 12 9 49 49 27 4 15 
3 49 49 36 7 30 45 13 33 25 49 49 49 10 49 19 21 48 49 21 26 29 19 23 0 8 9 16 18 10 15 49 27 49 30 49 27 46 49 49 49 36 49 49 49 16 24 9 49 1 24 49 49 37 6 49 49 4 33 16 18 19 48 46 49 40 9 10 25 4 42 45 6 15 49 46 6 39 49 1 12 49 12 15 49 9 49 25 49 37 49 
39 19 36 34 7 27 48 4 40 49 9 49 46 45 31 49 22 39 43 49 14 27 3 17 7 0 30 6 1 2 49 49 3 49 4 49 49 45 13 24 28 49 46 34 16 31 49 1 48 34 46 34 39 27 3 27 1 49 4 34 49 49 7 37 49 49 22 27 22 15 43 42 3 42 49 24 45 13 9 19 49 36 43 49 28 13 49 49 25 4 49 
16 49 49 49 24 37 46 49 49 31 7 19 16 45 49 49 16 13 49 9 2 15 6 4 16 6 0 0 28 14 49 9 40 49 9 24 25 42 13 40 3 10 49 27 42 30 49 49 27 49 49 15 31 13 6 22 22 42 9 7 31 42 19 49 3 45 49 48 1 4 22 49 49 49 49 49 49 18 49 3 12 49 37 24 49 28 42 49 27 25 46 
49 49 27 28 12 49 7 9 7 46 4 19 22 1 13 19 1 46 15 49 22 32 9 4 28 26 2 0 8 27 21 49 43 42 16 33 49 49 49 42 7 18 49 49 36 49 40 3 19 30 49 4 49 22 3 7 24 16 13 21 49 12 16 49 13 43 49 1 15 13 16 49 49 45 49 49 13 3 34 49 40 49 36 24 49 49 37 24 10 49 43 
49 25 42 4 49 49 16 49 49 43 49 7 9 48 43 27 34 40 49 4 6 8 32 30 22 16 21 21 0 20 9 49 30 49 4 49 48 16 49 34 49 18 49 40 49 49 49 37 33 27 15 48 7 45 33 49 48 10 49 49 48 40 21 49 40 24 46 42 18 42 49 31 49 13 22 33 28 43 49 49 33 49 15 21 49 13 49 45 27 48 49 
10 28 25 37 45 45 39 36 49 12 13 27 3 7 45 13 49 49 42 49 2 30 22 3 24 20 8 28 20 0 34 25 49 24 49 49 1 16 49 36 49 28 3 45 49 19 33 49 49 10 49 9 40 4 40 9 3 49 39 19 6 30 49 49 49 33 36 33 49 4 31 30 49 49 43 22 6 49 36 49 12 46 7 25 30 16 9 49 22 18 10 
1 49 34 45 33 27 10 10 9 49 36 19 19 24 49 12 46 49 34 49 30 49 45 15 12 37 45 1 49 37 0 32 28 10 21 1 32 22 13 12 33 49 22 25 22 10 45 13 46 49 19 36 49 49 49 39 1 4 34 43 6 34 33 49 49 49 49 33 49 43 7 31 33 18 31 49 49 27 49 49 7 49 7 34 22 49 49 21 48 7 30 
15 22 49 31 30 31 25 3 49 46 27 9 25 10 25 19 4 19 3 3 49 46 49 49 49 48 49 42 25 48 32 0 10 0 4 4 27 29 26 24 4 4 21 43 36 1 39 10 46 49 43 49 19 37 45 49 16 46 24 31 49 31 34 34 40 49 30 28 46 21 30 49 49 18 28 36 49 10 9 49 43 13 49 15 48 49 19 49 37 42 16 
43 42 21 40 33 49 46 25 39 30 13 1 30 49 40 15 7 27 48 16 12 49 49 37 36 48 42 45 10 49 1 20 0 26 9 26 5 17 9 12 49 49 19 21 49 16 31 34 49 22 10 43 13 7 15 33 49 24 42 49 49 1 49 19 37 49 28 49 49 45 42 49 49 34 49 36 31 49 49 7 31 46 48 49 49 27 49 12 43 6 31 
22 48 49 4 34 49 49 6 3 49 49 39 40 49 49 49 25 49 46 49 49 45 36 1 49 21 21 13 49 21 1 32 3 0 31 24 6 0 29 32 49 49 33 33 10 9 49 49 49 9 42 40 49 36 49 49 16 1 31 40 49 49 48 10 30 49 28 49 46 49 16 49 39 49 49 45 1 45 49 13 49 49 10 49 49 36 49 36 46 39 49 
7 49 25 22 42 40 49 45 9 12 24 40 49 49 28 3 7 30 24 12 39 15 28 49 49 46 46 22 25 36 25 6 7 28 0 7 16 5 20 20 28 1 34 49 43 49 6 49 49 49 3 49 6 16 37 30 28 49 49 49 10 9 7 36 42 49 49 46 16 4 40 33 15 49 42 48 10 21 28 6 27 22 9 46 30 49 49 49 48 34 1 
36 28 27 4 21 49 46 49 37 15 39 49 46 49 46 18 49 49 30 36 49 49 3 49 49 31 30 22 18 6 10 24 21 17 26 0 12 32 4 18 30 49 49 7 36 13 49 48 46 4 49 18 49 49 40 43 1 34 40 39 49 49 9 49 49 49 13 12 49 25 49 49 36 37 49 49 1 28 24 12 6 12 10 18 34 6 16 6 28 18 22 
49 31 4 49 4 39 43 49 42 10 40 49 10 1 49 49 1 12 49 40 24 28 49 49 49 15 36 19 13 49 19 10 32 8 14 5 0 18 30 24 27 13 12 49 3 28 43 33 49 43 19 31 25 49 37 21 15 49 49 49 39 9 9 25 43 49 39 9 12 18 37 33 34 10 49 3 37 15 42 46 43 34 19 49 18 49 49 40 49 49 49 
48 39 49 33 4 49 22 22 49 49 45 49 4 25 49 4 22 49 36 49 33 40 25 40 24 49 33 25 49 15 15 30 12 4 24 4 20 0 15 32 40 12 7 49 49 40 49 7 34 10 16 49 42 22 3 4 10 39 1 49 42 33 49 49 45 49 49 36 6 49 42 10 25 49 49 15 28 30 49 24 16 49 30 49 33 18 49 22 46 1 19 
49 25 49 49 43 49 49 40 24 49 49 49 34 49 13 42 49 16 21 6 49 9 49 49 45 22 15 22 49 48 9 20 1 10 11 2 6 24 0 2 43 37 49 43 49 12 6 49 19 39 37 49 7 49 49 39 49 49 31 7 49 49 49 49 22 25 40 24 45 42 39 37 12 13 6 9 43 49 36 49 49 42 48 49 45 43 27 49 49 49 28 
45 31 48 49 49 36 18 21 40 21 15 49 49 40 33 49 33 48 10 9 6 49 24 49 7 36 12 49 7 22 16 30 27 22 6 2 4 0 10 0 21 49 49 49 45 49 49 43 6 30 46 49 3 49 25 13 28 25 49 9 3 49 48 49 7 34 9 3 33 13 30 30 31 49 21 42 24 40 49 18 10 49 43 18 21 28 12 10 13 13 42 
28 49 21 31 48 30 36 49 49 7 49 49 49 49 45 48 18 28 40 30 49 49 37 49 49 49 7 43 30 18 13 43 49 12 49 45 49 16 30 16 0 30 10 18 32 4 7 7 30 22 31 49 18 49 49 18 7 39 49 9 21 25 49 22 12 27 7 19 36 19 40 22 49 49 6 49 49 31 10 49 22 28 21 4 3 7 13 12 22 19 13 
49 13 22 49 37 39 49 9 49 16 25 49 48 16 1 28 49 49 49 49 15 49 15 6 24 10 30 16 46 4 21 42 49 15 49 10 42 31 24 49 25 0 10 15 18 10 15 10 4 10 16 43 1 49 49 4 46 49 49 19 31 27 18 3 24 19 30 9 48 34 4 7 6 49 34 49 39 22 49 49 24 49 49 40 49 7 28 42 6 4 7 
10 49 37 15 9 40 3 22 49 7 49 16 4 45 49 43 49 49 45 45 49 27 22 28 49 45 9 49 3 49 1 3 42 15 30 9 49 49 21 7 5 2 0 14 6 6 6 16 13 4 43 34 31 6 49 3 49 1 49 3 34 43 18 49 28 49 18 25 49 39 13 16 15 6 46 12 16 24 49 49 34 34 49 3 9 49 49 16 12 28 49 
9 18 22 49 21 22 39 1 15 25 49 7 31 46 49 31 49 22 49 49 49 33 49 43 3 13 7 42 49 49 49 1 49 49 43 39 15 21 15 49 19 9 32 0 24 22 30 9 6 26 49 28 4 4 13 4 30 49 1 49 49 12 1 49 31 49 49 49 49 43 13 19 49 49 31 36 25 49 3 49 6 49 36 42 22 12 9 43 36 3 49 
22 46 40 45 13 28 30 13 18 34 49 33 49 49 7 48 13 45 49 49 3 13 49 42 49 16 42 31 49 13 27 33 9 33 49 7 15 31 33 30 29 13 12 22 0 32 27 11 0 24 24 12 49 49 49 25 49 49 49 48 46 49 25 49 16 34 36 19 3 49 49 49 28 49 31 49 12 42 22 9 40 49 24 42 49 15 3 49 6 1 49 
1 36 13 48 42 49 39 49 3 49 1 49 49 49 45 24 49 49 49 49 36 1 31 42 39 3 49 3 7 49 30 49 6 27 6 15 7 1 39 25 2 23 21 24 1 0 2 22 8 31 9 28 28 37 40 7 12 21 21 33 16 16 43 12 49 49 49 18 48 49 4 6 49 19 45 21 49 49 6 49 49 3 49 49 22 3 34 34 4 30 3 
46 37 45 6 1 30 49 49 13 16 49 28 39 49 49 49 42 1 46 13 49 43 33 45 1 49 7 4 40 36 24 49 40 10 49 49 49 49 19 3 10 12 30 11 6 11 0 27 23 18 3 49 49 34 37 27 7 49 24 18 49 15 24 1 28 49 25 42 4 49 18 13 49 22 28 13 49 49 1 7 33 49 49 49 33 9 49 34 49 49 25 
39 49 37 40 49 42 49 49 9 49 37 33 49 31 33 9 6 49 24 13 49 9 49 37 49 49 3 18 42 49 49 49 49 24 3 36 49 3 49 49 27 15 14 15 20 10 26 0 32 20 49 49 49 49 49 49 49 31 33 49 49 30 21 49 33 37 40 33 36 49 42 42 10 1 46 4 49 49 34 19 22 19 3 10 9 49 10 43 45 34 28 
49 49 16 9 21 49 21 34 49 49 24 39 49 46 3 40 49 43 37 49 49 49 49 39 15 24 49 49 22 10 49 49 3 37 13 49 49 25 10 49 11 20 26 25 8 8 22 18 0 0 48 49 16 36 28 12 19 42 49 6 49 36 40 49 49 7 30 6 36 1 31 33 33 27 49 49 19 7 40 37 7 46 10 49 12 49 34 10 36 27 3 
40 21 49 13 49 27 49 48 49 49 31 21 6 21 49 28 7 25 36 4 49 49 12 24 49 49 49 49 49 30 40 49 43 49 6 27 37 39 48 49 13 15 14 27 32 12 5 7 11 0 7 49 49 49 49 49 49 39 36 49 49 48 49 49 7 12 39 9 49 1 40 49 18 46 49 39 6 46 34 34 30 21 24 49 49 24 10 49 42 49 49 
4 42 46 21 1 24 49 16 27 49 6 49 4 27 24 36 42 25 49 21 49 34 37 49 24 49 18 49 43 42 13 37 6 12 43 49 36 40 37 49 49 49 18 9 49 40 49 7 18 45 0 6 10 25 32 11 1 30 32 13 18 31 6 49 28 39 49 42 36 7 49 21 10 31 49 4 22 49 25 49 7 31 6 22 10 30 49 49 49 31 27 
22 4 49 25 49 9 49 45 9 30 46 7 49 27 9 49 31 9 3 49 43 16 48 25 15 10 43 40 49 9 49 49 49 40 49 49 13 27 34 49 34 21 6 49 49 46 49 10 49 30 6 0 12 32 26 9 16 15 28 28 36 31 16 7 49 49 49 34 49 49 12 49 46 45 12 49 4 31 25 37 27 10 16 18 30 49 49 49 18 49 30 
6 39 49 30 49 18 16 19 16 49 43 22 49 15 16 49 16 49 15 49 27 19 49 49 1 43 46 18 48 49 39 18 10 10 19 18 30 49 34 49 13 49 49 25 10 49 7 49 49 45 18 12 0 0 16 14 4 31 16 24 30 12 49 4 31 43 33 31 49 49 49 49 16 49 15 46 49 6 46 31 30 49 49 48 39 39 40 49 49 12 49 
49 30 6 49 21 16 33 24 18 49 40 36 22 49 43 49 12 49 49 49 49 49 7 49 22 49 49 49 21 25 3 19 49 49 16 10 49 28 49 49 3 49 24 40 49 48 49 9 36 36 14 0 2 0 8 24 2 4 14 0 27 49 40 46 25 49 42 49 49 49 49 3 49 6 49 22 25 49 49 49 40 15 31 49 27 45 49 36 40 28 49 
34 31 45 49 45 48 45 49 39 45 49 9 4 49 25 13 49 49 12 42 42 28 49 24 31 30 49 16 48 15 34 49 33 25 31 15 3 21 10 49 49 49 43 15 49 39 16 49 12 18 28 9 11 16 0 27 12 26 22 29 31 49 46 25 28 49 49 49 49 28 22 13 34 22 27 49 16 49 10 9 16 37 25 43 49 49 13 49 30 36 49 
1 4 49 13 21 49 43 19 49 49 33 16 49 28 45 49 42 42 37 9 49 33 49 4 19 49 30 49 40 40 45 49 46 49 43 49 49 40 19 27 10 9 25 4 34 49 37 10 37 15 24 4 30 13 25 0 9 20 19 10 49 36 16 19 49 49 13 3 34 49 49 18 10 12 40 31 3 12 34 49 27 21 46 1 49 49 49 48 13 40 49 
49 49 19 49 49 10 10 49 49 33 43 43 43 22 18 49 28 9 31 19 48 49 4 49 4 9 19 34 49 31 49 25 15 43 49 34 49 28 37 10 15 49 9 49 4 49 49 49 49 18 29 30 4 20 19 4 0 14 28 2 7 49 27 1 24 15 28 49 45 42 39 6 4 39 49 13 27 45 43 49 39 49 46 36 49 25 40 49 49 10 49 
16 36 24 3 33 10 49 30 28 39 49 37 49 46 21 3 49 49 49 45 1 49 49 39 49 18 18 46 46 49 12 49 49 24 49 10 40 46 49 15 49 49 43 10 21 33 40 39 49 25 22 27 7 14 12 2 28 0 16 24 49 16 24 48 42 34 27 21 48 27 49 7 49 49 49 49 36 49 49 37 46 30 28 33 28 49 3 1 22 49 49 
49 22 49 49 1 4 49 16 49 39 19 25 4 49 49 33 49 1 42 43 37 49 49 49 49 40 49 30 16 49 49 37 49 1 6 15 48 16 6 43 34 49 39 30 15 49 48 24 45 49 27 30 15 6 25 6 26 8 0 16 3 21 49 19 27 19 49 31 49 27 49 49 49 49 4 49 46 10 40 10 49 49 49 49 49 49 49 25 42 34 1 
49 42 31 49 48 27 49 4 49 43 19 36 49 49 25 49 22 49 46 9 49 39 1 48 49 16 7 25 33 49 22 49 40 49 18 34 19 31 36 34 1 49 49 49 46 18 40 49 49 9 15 2 2 15 20 2 23 16 15 0 49 30 6 49 49 1 49 6 49 25 3 49 49 43 4 49 46 49 49 39 49 19 45 49 4 49 1 49 4 49 49 
3 30 18 12 37 36 49 31 49 24 21 25 49 37 15 31 43 30 24 9 7 37 42 39 46 27 21 43 42 31 24 3 6 49 1 19 19 21 49 49 46 13 49 46 39 49 9 27 49 18 3 19 49 30 31 49 49 33 15 49 0 20 19 2 14 10 7 2 30 0 31 49 16 7 49 7 49 39 25 18 49 39 21 37 49 34 40 49 49 9 30 
1 37 49 49 42 49 40 49 21 30 40 7 27 25 49 22 21 30 42 49 49 49 15 42 49 37 13 40 9 1 49 16 49 7 49 18 6 49 27 49 12 45 6 49 10 24 10 49 49 49 46 4 25 7 16 31 43 37 39 37 25 0 22 4 0 15 24 1 29 32 25 36 28 19 49 49 39 36 31 49 49 21 16 18 28 33 42 6 43 49 33 
37 34 22 9 49 21 49 49 49 49 28 42 16 4 49 31 49 49 49 6 4 49 49 39 10 48 36 3 22 49 49 49 24 22 49 24 49 49 3 49 49 16 6 21 13 43 7 25 31 49 30 45 49 27 49 18 24 49 34 24 22 2 0 32 28 2 31 18 20 24 49 1 49 12 49 48 13 18 22 7 27 13 4 49 49 16 49 49 34 49 7 
42 34 1 39 16 31 25 49 19 49 49 49 49 43 49 42 37 46 25 37 16 42 49 49 49 30 28 21 25 36 27 18 9 18 27 10 40 49 49 16 12 28 39 9 33 37 46 4 16 48 9 10 49 1 3 25 43 25 49 4 9 29 32 0 11 8 14 15 23 21 25 37 33 7 28 21 1 48 21 49 16 42 49 19 49 9 4 10 19 37 45 
49 3 22 16 49 1 22 49 4 22 30 49 12 49 25 9 9 46 49 9 49 18 49 3 3 49 28 31 49 49 49 30 24 19 48 31 12 33 46 49 36 37 49 48 36 49 27 49 39 39 3 28 1 49 33 49 49 49 43 7 11 0 32 19 0 6 6 32 10 26 49 40 19 22 18 49 13 49 7 45 27 10 24 49 10 18 31 28 40 22 49 
49 3 49 49 49 49 49 49 34 45 40 49 49 49 49 34 21 49 49 49 21 49 30 13 45 31 25 49 36 49 49 49 49 49 49 49 49 39 49 49 45 42 48 49 45 24 49 49 19 21 46 22 33 13 30 49 13 49 33 40 27 19 24 12 13 0 25 24 10 5 43 37 49 49 10 31 16 37 10 12 49 49 6 49 25 49 1 10 49 4 34 
49 49 7 39 49 25 49 43 49 49 22 49 1 31 36 49 7 49 15 40 49 31 34 49 43 49 13 40 49 4 39 10 45 13 25 12 49 49 6 30 49 43 49 49 42 13 49 6 36 31 45 49 49 49 25 49 48 40 27 49 11 7 8 31 26 21 0 14 22 10 15 19 43 49 1 10 34 33 4 49 49 49 49 45 25 49 49 18 15 6 37 
48 34 49 49 34 49 49 49 49 18 37 49 48 18 49 31 39 49 1 36 28 30 12 37 30 43 49 25 39 31 24 49 49 4 43 12 1 43 49 43 28 49 31 49 7 49 49 4 37 49 49 49 46 3 49 28 49 49 49 45 29 18 14 30 4 17 28 0 2 4 42 31 49 49 4 45 31 49 12 49 22 21 49 33 15 33 4 33 24 30 49 
37 49 12 24 39 30 1 49 7 7 49 49 25 30 19 30 3 49 12 49 49 22 22 9 49 40 21 49 49 49 19 22 42 25 49 49 31 18 30 4 36 31 42 31 25 43 6 16 33 39 22 10 42 49 49 18 49 43 7 12 30 27 8 9 28 30 8 32 0 18 46 3 49 7 37 49 42 49 6 3 15 37 25 42 49 49 30 27 49 34 12 
49 37 49 49 18 18 48 42 49 21 24 49 6 49 30 49 37 19 27 4 40 49 22 49 34 49 49 49 33 33 21 22 39 42 46 49 24 40 25 33 13 49 28 18 48 6 6 49 49 45 49 25 49 25 18 19 6 21 49 39 12 31 27 14 8 10 6 10 8 0 49 18 49 49 28 46 49 25 21 49 10 19 49 42 27 45 46 49 46 9 45 
1 49 40 4 30 45 7 49 16 24 40 34 10 4 31 39 4 25 18 12 12 18 1 33 49 19 49 49 28 28 12 49 36 3 19 49 4 9 3 49 49 37 12 36 49 28 48 45 49 42 49 46 1 42 49 33 49 49 9 49 16 49 3 1 33 24 49 3 49 34 0 3 32 31 12 13 19 17 2 14 40 43 25 40 19 39 28 39 46 40 49 
18 46 4 16 4 18 37 49 49 49 49 33 25 49 48 36 49 16 49 49 34 48 49 49 49 49 42 49 40 49 22 49 43 18 9 25 30 46 49 49 1 12 49 3 1 9 6 49 42 45 49 13 33 49 16 49 19 48 49 25 27 13 19 43 15 37 22 49 3 33 32 0 28 28 14 21 31 20 3 27 49 48 9 27 43 49 49 25 33 21 49 
9 3 30 45 4 28 33 49 49 1 49 43 49 39 49 49 39 45 30 13 49 18 43 40 49 36 27 36 49 49 49 6 49 21 46 22 31 49 49 49 10 19 15 18 30 28 12 49 24 4 49 37 39 49 6 49 49 4 15 9 3 28 49 49 3 49 49 49 46 33 16 28 0 2 15 30 18 12 18 11 31 6 45 15 45 40 43 24 40 19 49 
49 49 7 3 13 49 49 10 34 49 49 45 49 39 39 34 49 39 49 4 40 49 49 27 46 33 25 10 27 49 49 49 49 49 30 49 49 36 3 49 49 46 49 12 49 9 33 49 49 39 4 25 31 49 49 49 49 49 18 37 19 22 37 49 18 30 49 27 46 30 19 13 24 0 21 30 20 11 8 23 49 34 21 49 49 6 13 21 30 49 18 
49 49 49 27 16 10 16 19 49 49 49 49 49 33 39 49 16 6 4 37 27 49 49 36 4 18 18 12 43 49 3 6 49 43 9 25 49 16 43 42 12 25 3 7 49 6 34 4 27 49 1 40 49 42 33 15 21 18 31 34 49 49 49 9 49 22 46 7 34 33 4 23 24 6 0 23 11 10 3 3 4 24 6 43 49 6 49 28 16 49 1 
12 30 49 39 40 39 28 27 6 28 49 49 13 40 49 49 24 36 42 49 37 49 21 49 42 30 22 12 24 37 37 49 49 13 49 43 21 49 39 27 7 4 18 49 49 49 6 7 49 13 48 49 40 49 3 42 16 49 49 27 48 25 30 45 4 49 49 33 42 16 16 10 16 6 8 0 18 22 20 8 49 45 40 49 49 13 49 49 31 40 49 
48 22 49 49 48 24 49 49 49 4 7 49 7 31 49 49 49 49 12 7 49 13 49 27 49 36 15 46 36 43 49 49 49 49 22 49 49 18 49 34 49 45 10 49 45 49 49 39 49 49 49 4 33 7 49 15 28 27 40 3 42 36 25 48 30 24 31 49 49 15 23 22 12 0 26 18 0 6 8 12 18 49 45 49 49 49 22 49 49 15 4 
25 12 49 13 33 7 46 49 28 12 49 10 25 28 21 39 49 49 1 28 28 40 49 49 49 10 21 19 48 13 1 49 49 42 6 22 49 3 1 16 36 6 49 49 49 21 25 49 16 49 16 31 31 1 13 49 34 31 49 49 48 27 49 49 10 1 45 4 39 19 22 28 12 12 12 4 23 0 2 11 7 49 49 13 16 49 30 13 43 39 49 
46 49 46 39 46 12 49 1 45 49 6 18 3 31 13 49 25 15 39 42 43 37 36 30 46 24 15 7 49 49 1 49 3 49 49 49 18 49 49 49 49 49 37 49 49 12 49 16 4 42 36 1 1 49 21 49 25 49 49 49 15 24 49 49 27 46 4 49 28 49 6 19 4 32 26 24 24 10 0 8 48 49 34 18 49 3 31 33 3 48 36 
25 10 1 46 40 18 49 27 25 22 49 48 28 10 30 19 49 43 49 49 30 48 49 49 48 6 25 28 49 49 45 48 37 49 49 12 12 6 9 36 49 46 48 40 15 40 25 49 9 15 10 49 12 25 24 48 3 49 25 49 49 49 19 21 25 49 49 25 49 10 32 1 18 28 29 30 1 12 4 0 19 46 7 40 7 30 16 49 15 49 49 
22 13 39 45 49 48 49 45 45 49 43 40 15 39 34 3 13 27 49 49 18 49 49 37 42 19 7 31 34 49 40 49 39 19 1 13 21 49 7 49 49 43 49 12 49 48 49 49 49 49 46 1 25 19 37 7 48 19 30 49 45 33 25 49 39 49 28 49 34 49 49 15 43 6 49 43 49 18 37 9 0 2 10 12 23 27 16 20 3 24 45 
40 13 45 49 45 42 18 49 33 46 45 49 46 33 49 15 27 7 7 22 49 49 27 4 49 9 43 49 18 49 49 25 49 18 46 31 3 49 49 46 15 49 49 3 33 49 12 49 3 46 49 12 33 49 49 49 45 31 28 4 49 45 49 49 16 34 49 9 37 49 1 49 15 22 3 49 49 1 43 46 26 0 26 28 4 26 27 17 32 7 22 
37 49 13 10 34 49 49 3 49 4 6 40 21 18 16 3 24 42 49 49 49 27 10 15 6 24 28 1 31 15 16 12 36 43 43 49 49 48 18 49 42 43 49 49 21 49 49 18 45 49 27 33 1 39 27 49 1 49 49 49 24 24 46 42 10 49 48 49 3 21 27 6 45 49 49 37 49 12 49 13 18 18 0 10 14 26 21 13 23 27 10 
42 3 49 49 49 15 49 49 49 27 49 1 36 34 27 15 49 28 24 48 49 1 13 46 49 49 49 27 15 1 6 49 10 1 37 49 22 28 33 49 1 49 27 19 31 48 49 7 46 49 48 10 25 49 34 15 19 42 48 49 49 49 31 16 49 36 49 49 24 49 49 45 49 22 33 24 40 40 49 49 18 26 1 0 12 22 30 15 24 16 31 
12 39 49 19 49 49 49 18 46 3 49 10 34 21 42 42 45 31 13 12 15 22 21 39 6 49 12 6 49 49 33 33 36 34 49 49 49 49 45 25 49 49 49 39 42 49 15 49 34 49 49 49 40 49 28 43 49 49 49 18 16 49 49 43 7 15 37 1 49 19 42 49 36 15 24 22 28 49 45 37 27 16 27 0 0 30 19 10 8 3 24 
28 1 16 7 49 19 46 49 18 49 9 9 43 42 12 19 19 49 49 49 37 13 25 49 31 34 49 10 49 49 49 49 22 18 49 49 40 33 18 49 48 48 49 42 15 49 49 19 49 30 49 4 27 49 49 30 9 49 16 49 36 49 12 49 30 10 49 24 46 9 19 49 4 7 49 22 49 3 31 45 17 12 6 3 30 0 30 6 18 7 49 
6 15 22 49 6 9 10 49 33 49 49 12 34 25 45 43 19 9 21 37 49 6 49 48 49 45 45 49 15 42 49 49 37 33 49 31 37 45 6 19 45 48 49 49 49 10 49 33 40 40 49 49 43 36 49 27 33 49 49 4 43 16 49 49 49 13 13 49 3 49 9 30 16 42 15 46 30 49 30 49 18 32 28 1 30 21 0 25 12 28 46 
7 49 49 27 42 34 9 49 3 49 49 48 31 49 31 49 34 30 39 1 49 49 49 49 33 19 16 49 7 12 43 3 49 18 40 43 30 49 16 25 49 19 45 31 49 6 7 49 49 6 43 42 49 21 40 49 45 49 19 49 25 27 19 46 34 36 49 3 43 6 10 49 49 40 39 3 49 3 49 49 30 24 28 32 2 25 2 0 29 13 49 
40 16 49 12 49 49 49 9 49 49 49 42 49 49 18 9 43 25 28 49 49 1 13 48 22 25 49 36 36 15 1 24 49 49 49 7 22 30 13 1 48 49 37 42 49 49 15 13 49 49 15 22 46 45 49 49 49 43 45 22 49 12 49 28 16 16 4 10 49 46 45 7 49 49 48 46 13 34 49 25 12 29 7 1 9 17 29 22 0 25 31 
49 49 49 33 25 37 49 49 7 49 25 45 49 1 3 13 49 48 24 19 37 31 31 24 28 49 10 49 37 49 49 1 28 24 21 49 10 49 49 3 12 49 30 22 21 24 7 40 49 3 49 49 49 25 24 49 16 34 48 49 18 16 25 34 25 16 37 4 49 27 4 6 49 31 49 49 49 30 49 45 14 17 3 32 6 17 25 18 18 0 3 
24 1 3 1 49 42 45 12 49 42 25 10 40 37 4 49 13 1 49 4 15 9 48 27 21 16 49 49 19 30 49 4 27 12 48 15 12 16 49 49 49 49 49 49 49 49 1 39 37 21 21 12 18 19 49 49 49 49 49 49 49 49 16 49 3 49 49 21 49 10 12 49 3 49 40 18 49 4 33 46 18 13 49 49 49 25 49 28 19 48 0 
