n: 90
m: 6
Pi:U[1-99] 91 94 69 87 51 63 80 46 2 85 81 30 63 37 14 34 56 45 20 74 71 19 70 11 61 41 63 72 23 49 20 89 81 9 12 32 2 79 61 24 65 2 54 91 71 36 77 67 61 86 39 62 27 34 23 23 56 42 68 21 50 67 88 97 76 41 71 74 86 10 12 92 51 38 68 97 74 55 41 79 62 16 91 21 81 89 60 34 24 49 
Si:U[1-99]
0 10 18 95 27 48 68 43 78 71 36 14 69 46 11 95 78 43 37 29 67 49 63 7 64 25 77 40 96 50 51 19 18 60 54 20 7 81 99 3 24 92 30 28 47 30 5 15 67 89 76 48 81 47 42 64 39 60 3 43 59 94 47 22 76 5 39 80 88 69 49 33 42 28 88 80 20 66 25 48 25 9 53 62 97 67 98 31 67 97 41 
59 0 63 89 43 50 21 86 15 19 73 26 15 78 27 45 94 76 22 56 42 55 63 40 20 61 51 57 45 48 94 19 31 60 72 36 23 24 39 13 30 25 44 41 12 60 76 63 44 21 45 32 95 78 94 73 25 57 36 39 96 61 56 93 11 29 10 87 96 56 11 61 36 74 69 91 13 55 98 51 72 84 11 42 96 39 74 29 50 40 44 
28 67 0 78 6 22 46 52 71 69 22 46 99 36 8 18 30 22 87 93 9 88 46 72 96 80 13 61 81 56 30 29 75 5 53 16 75 59 66 65 26 18 96 78 47 77 69 80 98 31 35 8 65 96 4 92 50 41 55 94 72 41 46 25 30 33 77 28 63 26 94 38 15 68 41 97 47 48 29 3 54 30 98 54 6 4 53 43 6 98 28 
86 17 50 0 4 67 71 57 17 94 61 73 99 53 92 32 37 71 24 1 11 18 18 72 47 26 68 70 19 75 40 23 90 6 13 98 22 86 43 41 27 70 16 13 21 31 86 28 76 42 93 44 79 61 64 17 1 75 55 8 46 26 24 4 70 26 91 11 18 36 84 86 9 71 72 63 95 34 15 31 73 45 22 44 8 78 94 6 2 6 11 
1 88 11 50 0 1 3 27 59 34 43 47 46 85 79 86 22 33 91 29 46 99 3 25 89 19 68 27 68 96 13 5 2 3 55 47 94 43 10 8 37 10 51 21 25 77 41 36 44 99 39 2 95 59 25 39 97 10 33 90 22 91 99 67 87 55 44 63 45 72 49 20 43 97 31 89 90 59 1 69 14 10 95 11 15 93 53 76 59 17 44 
13 88 52 73 44 0 22 79 92 25 69 55 32 58 22 75 63 97 28 3 69 87 62 57 46 77 45 47 90 91 26 70 35 35 87 23 52 69 3 91 22 32 85 10 50 37 17 51 44 53 97 9 55 18 36 25 72 54 42 14 36 29 98 14 48 77 98 14 44 97 9 54 26 97 56 30 31 28 64 26 38 11 81 83 23 91 84 17 23 65 98 
30 31 24 53 99 14 0 81 84 22 27 40 42 85 96 27 37 79 7 57 31 16 10 2 97 55 96 85 49 82 15 39 49 70 66 32 40 49 81 90 75 82 77 95 46 54 67 23 98 44 44 66 90 15 10 85 85 56 54 7 95 46 32 87 93 13 98 81 34 84 41 10 57 93 11 28 63 36 71 51 65 50 39 27 7 19 83 80 60 60 84 
29 13 93 43 24 46 30 0 30 32 98 43 97 35 9 66 71 31 72 71 98 54 21 30 17 62 72 26 96 23 31 99 28 67 13 23 1 7 66 67 44 35 94 68 66 58 32 14 79 94 30 73 75 60 53 87 46 71 40 29 77 77 37 42 69 45 36 40 90 39 91 62 77 66 88 85 5 88 71 94 95 27 96 95 66 68 53 92 82 34 77 
33 66 8 76 43 77 56 18 0 38 91 98 82 55 57 48 43 87 82 57 41 2 94 28 14 97 41 93 24 93 64 58 21 51 23 30 40 56 25 40 8 22 10 94 30 58 30 53 4 13 41 3 66 23 46 87 35 73 55 48 95 26 62 13 42 98 19 93 25 45 85 2 66 71 23 3 11 23 2 23 32 61 22 82 13 27 37 49 28 54 37 
62 40 4 67 63 83 80 28 12 0 67 86 13 60 27 39 14 83 91 97 33 55 85 55 56 28 27 24 9 80 82 63 50 88 8 96 70 43 94 72 48 75 44 38 61 32 30 78 26 24 45 51 59 30 80 18 62 9 85 43 97 66 19 7 68 71 41 56 89 47 4 85 57 1 19 78 70 16 13 88 99 98 62 24 1 95 42 82 87 75 76 
90 21 6 80 21 55 62 89 90 42 0 44 72 99 47 75 94 19 33 54 92 33 88 81 32 85 86 40 34 83 43 84 54 68 74 64 35 38 95 50 69 13 92 31 14 54 82 56 10 17 93 49 24 82 65 38 12 43 94 81 55 10 94 58 38 1 56 26 2 8 53 68 60 34 3 33 81 98 90 65 26 26 37 91 33 78 91 23 65 56 84 
1 32 2 75 90 37 78 1 84 42 27 0 68 5 14 39 14 12 30 2 65 2 22 32 89 49 47 27 49 45 40 30 30 51 13 14 23 4 31 8 76 77 19 53 6 38 25 8 63 34 40 24 20 63 11 49 41 38 29 3 41 14 15 45 29 39 78 88 65 64 50 41 23 26 14 92 77 31 61 49 86 18 17 21 24 11 61 65 3 54 95 
84 76 93 44 97 13 31 7 81 24 30 2 0 90 60 43 76 18 1 74 76 72 82 96 75 98 97 28 28 40 49 75 29 63 96 99 1 37 21 97 57 5 81 32 41 82 92 98 22 86 70 10 46 82 90 39 89 28 21 80 62 40 54 32 97 98 21 88 74 51 67 50 61 18 37 93 41 4 33 85 97 91 42 3 94 79 20 52 85 24 69 
18 77 58 45 26 85 64 25 94 41 27 92 22 0 21 18 51 4 30 61 69 3 31 93 22 49 99 5 75 85 74 42 34 72 96 13 3 14 76 98 37 58 99 22 63 44 29 76 36 78 76 95 34 47 81 73 92 28 37 33 62 45 98 15 15 90 41 37 85 92 79 58 85 21 96 28 99 96 44 47 82 82 89 63 7 17 6 30 72 14 73 
2 39 78 85 33 60 78 96 18 66 50 20 5 81 0 71 46 31 5 99 34 93 96 85 95 53 35 25 37 59 70 43 29 48 63 90 29 25 39 94 7 41 36 87 89 18 45 91 7 75 82 88 68 51 3 89 53 16 34 78 22 94 65 95 23 27 49 32 7 4 42 47 57 95 58 83 7 87 7 65 53 30 7 87 90 80 68 13 23 94 1 
88 94 70 10 76 3 56 25 79 45 78 64 14 93 10 0 65 7 24 55 91 64 67 64 11 3 95 83 2 79 58 85 4 56 79 43 81 98 59 25 84 68 9 99 27 57 34 58 43 94 67 92 3 34 48 4 7 41 34 61 52 90 82 57 35 42 19 23 27 34 78 48 32 67 34 49 72 19 95 48 8 8 59 64 27 98 59 94 21 46 94 
66 22 76 60 69 22 92 31 32 33 24 36 36 66 58 48 0 21 54 97 54 63 13 81 13 28 60 6 64 1 73 67 33 59 57 97 47 39 80 93 70 69 23 61 49 41 12 19 96 47 8 37 35 79 84 94 15 85 55 29 82 47 56 7 42 84 88 99 97 79 61 54 46 12 18 68 95 75 22 29 31 53 52 68 8 23 73 21 91 24 63 
73 10 26 54 10 14 28 36 65 31 26 76 61 56 90 99 2 0 72 83 22 23 74 79 79 74 86 26 6 32 78 93 50 15 29 23 88 51 41 90 56 29 24 52 99 49 97 27 67 8 25 78 55 82 74 21 98 87 20 38 24 5 98 1 93 99 12 43 31 21 33 43 9 50 33 21 67 16 45 56 58 64 78 52 48 36 84 82 61 40 55 
70 43 47 40 18 66 16 45 56 93 87 25 28 10 57 1 66 49 0 75 27 31 32 68 12 85 33 42 57 77 45 2 73 94 97 79 79 93 67 38 57 64 52 36 27 63 1 93 37 49 84 57 93 57 41 16 76 17 58 64 30 62 48 60 91 11 95 91 96 12 2 22 15 81 20 92 99 49 7 1 44 9 53 26 4 33 71 44 92 86 52 
63 44 62 94 13 97 5 8 90 87 16 69 79 22 75 99 59 48 11 0 81 25 61 42 61 11 80 5 94 58 77 75 33 16 84 35 4 40 23 32 2 52 59 17 28 86 85 60 31 33 23 61 63 22 12 75 22 51 1 15 21 38 24 11 18 81 53 18 45 77 80 90 46 73 36 50 68 2 48 79 72 69 7 22 93 3 7 14 66 18 31 
8 78 46 10 72 73 65 6 84 50 93 92 93 68 79 59 54 9 8 21 0 65 11 44 68 1 94 99 38 69 65 15 20 58 39 47 56 86 4 3 87 81 97 21 28 40 90 55 71 7 62 10 85 13 31 94 13 2 41 77 98 41 91 32 50 68 87 62 67 47 91 1 94 46 28 67 76 1 11 59 66 81 59 11 94 37 5 29 86 67 55 
31 12 54 28 61 95 50 96 33 5 39 96 29 43 33 76 60 47 88 31 54 0 38 81 14 88 40 26 31 48 69 68 24 54 29 23 4 87 41 61 92 32 33 33 35 74 66 93 98 27 28 83 33 37 62 99 33 97 56 72 20 62 54 45 49 62 7 70 82 82 66 21 55 99 32 30 28 37 89 74 73 7 16 23 78 25 87 24 26 48 53 
23 34 21 62 15 35 43 90 3 53 15 73 39 72 53 82 35 62 17 32 11 18 0 59 10 99 46 34 96 42 17 57 56 72 42 94 80 76 45 85 24 93 72 95 1 55 59 4 1 32 1 15 26 43 1 5 36 39 93 86 91 74 37 64 44 16 37 73 99 27 19 52 6 58 16 24 22 48 73 20 92 22 27 48 94 56 16 26 80 60 24 
95 47 14 46 13 64 26 78 32 71 62 90 71 28 32 33 87 95 21 51 75 1 3 0 57 58 29 55 34 96 4 80 95 58 99 23 39 61 57 73 32 64 58 34 94 10 38 77 7 49 25 67 33 26 8 94 9 60 50 7 86 47 75 23 27 64 71 17 86 64 56 78 40 40 90 27 55 96 64 85 84 87 50 96 50 3 35 52 68 35 9 
77 67 84 71 73 68 13 27 70 80 43 2 34 44 8 75 35 29 80 79 18 91 60 6 0 53 36 9 91 13 70 22 59 41 52 53 56 69 11 88 3 97 60 26 23 22 8 57 48 8 15 32 51 22 86 99 14 99 90 86 15 38 94 76 95 73 34 16 52 53 26 96 22 74 49 55 69 43 29 84 49 11 21 64 69 77 68 72 93 71 80 
51 67 51 95 34 97 74 87 87 23 51 42 85 47 57 88 45 71 34 9 84 78 21 9 11 0 81 15 47 94 42 71 84 12 75 81 82 42 28 74 93 14 77 23 68 35 55 1 18 96 8 92 85 39 17 16 78 53 45 10 77 95 93 21 88 84 82 99 8 8 47 80 40 61 1 58 48 37 60 1 5 95 35 52 90 16 6 4 2 63 2 
37 99 3 16 19 53 97 58 48 53 46 29 7 1 99 49 60 47 54 11 70 13 5 13 75 2 0 3 40 43 69 14 7 63 79 79 13 11 22 7 18 37 23 80 84 50 73 78 87 18 29 7 14 44 9 42 94 36 33 87 82 80 98 94 42 96 65 64 85 76 70 39 76 95 15 80 78 85 53 91 84 97 44 34 10 25 99 92 12 12 32 
15 23 95 67 19 4 73 61 33 4 34 25 22 80 27 96 90 11 29 26 67 47 30 99 77 43 5 0 28 82 50 98 53 22 59 11 87 32 93 64 21 40 5 94 76 35 61 31 80 90 20 30 20 32 88 17 88 2 88 44 51 62 53 46 47 89 22 19 20 96 73 12 37 76 33 68 6 45 67 55 23 90 76 45 17 89 46 34 75 81 60 
94 51 37 23 28 17 63 95 1 60 75 67 20 10 13 82 68 21 72 34 21 75 8 71 75 63 27 9 0 41 24 84 98 7 50 61 24 43 92 80 27 54 72 32 46 48 67 20 74 6 26 14 45 31 9 36 43 21 8 36 92 51 51 30 13 72 39 33 26 78 88 66 83 10 82 74 19 45 2 53 92 95 21 85 83 75 4 5 72 28 33 
74 34 66 65 73 82 19 11 87 35 74 89 14 88 81 88 18 60 41 99 80 91 33 1 71 95 78 39 32 0 15 37 94 73 13 54 18 51 74 97 74 22 19 24 99 97 83 23 9 30 72 28 59 82 36 33 30 26 69 80 17 81 64 18 73 3 96 14 47 52 21 89 49 35 79 52 30 79 29 72 19 91 38 21 54 54 50 88 85 67 55 
2 31 58 57 28 47 4 52 13 30 88 59 38 17 22 80 43 22 28 96 3 28 91 76 35 8 1 57 47 8 0 40 3 15 11 43 4 85 28 97 53 33 99 5 98 42 13 22 15 38 96 15 54 65 50 27 9 50 68 54 18 20 67 54 3 62 99 10 68 86 83 37 4 14 22 41 29 66 2 66 44 43 30 3 51 33 73 62 91 59 58 
13 81 7 5 54 86 34 69 37 36 66 73 52 4 79 16 31 45 74 32 65 9 88 50 89 93 20 20 39 80 98 0 10 64 76 21 94 20 32 1 99 72 34 29 78 58 60 5 29 71 30 25 43 54 27 92 47 84 47 14 73 54 19 4 87 80 42 66 85 30 97 21 91 78 43 31 30 87 26 95 57 54 83 83 86 30 64 12 79 42 98 
65 38 9 37 61 93 25 24 86 85 53 56 62 75 9 47 72 88 19 87 32 9 81 11 63 86 73 83 75 8 69 95 0 65 91 65 87 60 33 77 87 65 27 79 74 23 23 40 33 68 49 53 37 95 58 35 13 21 66 10 21 18 95 73 32 44 26 56 26 68 2 16 52 31 86 39 40 13 19 96 19 3 36 45 17 44 2 4 14 89 1 
55 6 78 12 89 80 42 68 10 87 76 94 78 74 33 75 61 68 68 7 7 56 43 73 64 89 15 58 60 47 17 55 77 0 2 69 18 67 31 53 86 86 87 71 76 16 27 75 30 16 78 53 67 21 48 18 15 53 59 57 5 33 62 50 83 24 31 68 9 22 79 65 71 88 82 24 45 65 90 47 77 85 94 53 20 97 43 74 96 48 85 
24 98 1 93 76 77 72 18 79 24 72 53 23 80 29 73 33 42 73 90 84 77 44 37 24 92 52 52 16 62 27 33 22 10 0 79 9 94 76 25 69 60 52 82 3 12 17 3 80 42 5 6 93 22 61 83 17 84 33 14 30 47 13 41 27 94 29 72 24 78 57 23 74 21 42 24 66 44 30 92 14 99 37 44 2 13 49 37 54 84 65 
42 60 38 8 91 50 24 50 74 48 97 48 17 93 22 79 92 93 60 38 51 37 54 17 66 82 22 94 86 46 32 39 59 33 35 0 48 7 68 29 31 71 88 20 26 53 82 45 6 33 34 72 40 9 60 26 80 29 25 84 52 22 61 67 93 63 25 24 97 96 92 68 54 77 83 17 45 23 82 12 68 19 18 69 15 28 82 70 28 80 44 
46 51 6 68 27 41 66 89 39 99 60 99 16 58 99 75 68 96 38 68 25 4 14 42 53 26 98 9 80 37 22 75 54 55 2 96 0 88 25 74 1 79 40 70 14 58 81 86 5 66 43 68 20 22 18 87 48 77 51 13 44 88 67 66 54 17 83 63 51 34 84 74 39 94 40 96 71 4 41 1 73 16 65 54 28 66 38 39 28 91 48 
75 4 93 63 81 77 76 21 19 78 62 62 16 85 50 28 57 75 82 30 15 39 39 15 7 75 14 68 76 79 16 95 59 75 34 9 16 0 35 95 34 97 50 21 12 98 23 30 42 76 91 65 5 6 32 77 88 21 65 47 59 7 98 51 31 55 45 90 43 29 70 46 84 42 56 68 7 87 70 82 20 45 97 99 31 56 61 4 10 67 33 
99 15 2 69 65 91 21 77 34 26 34 32 58 2 1 87 82 48 47 82 1 83 61 79 57 6 20 67 27 95 21 1 12 19 55 6 50 52 0 97 36 93 25 86 69 16 66 21 17 55 74 9 52 54 51 92 40 61 79 27 13 45 25 67 37 20 4 89 90 36 91 39 26 55 72 15 50 59 8 62 38 66 83 45 93 17 51 54 62 39 74 
26 51 68 45 58 70 77 75 56 36 26 23 53 84 74 21 8 11 68 98 55 36 36 64 71 11 91 6 62 9 26 89 18 91 21 4 77 46 64 0 41 4 97 60 72 93 76 95 15 35 25 71 51 99 2 50 39 75 38 85 3 69 20 40 66 72 92 7 46 14 26 1 82 3 29 11 70 36 41 18 14 3 94 47 56 32 71 19 6 10 7 
59 88 16 99 62 11 49 87 47 44 67 72 25 60 43 62 33 45 6 60 66 82 29 31 88 93 98 49 42 74 22 14 31 2 67 49 67 47 84 7 0 96 93 19 60 98 7 72 63 69 6 13 10 89 87 45 63 69 65 27 76 15 25 37 89 80 61 2 77 53 44 81 67 22 57 66 57 9 39 22 29 94 18 77 59 5 84 62 82 34 41 
33 1 70 40 41 66 31 29 88 95 73 7 98 86 99 24 55 42 85 17 96 41 77 4 29 13 12 86 80 14 41 6 66 42 25 21 97 30 47 61 88 0 57 71 10 14 95 45 81 98 35 39 87 20 44 7 68 58 22 27 53 52 90 85 72 97 34 28 41 35 65 90 59 35 16 48 93 59 73 25 85 80 60 63 26 91 97 58 19 39 94 
68 86 33 40 88 37 69 53 51 67 63 36 28 26 36 6 29 86 59 95 45 3 5 85 52 58 38 79 57 66 43 85 3 10 15 91 61 5 75 68 31 13 0 14 26 3 10 42 88 33 34 85 53 76 18 60 5 69 43 96 34 47 22 4 68 22 31 1 48 37 72 7 63 53 42 69 21 41 79 8 19 65 21 12 32 89 44 59 37 31 93 
11 63 46 52 67 84 82 63 26 72 53 73 23 26 26 81 78 35 20 48 85 97 32 85 56 78 52 55 14 19 7 14 41 72 26 83 61 96 21 40 23 9 11 0 63 78 19 31 41 68 57 86 53 68 99 64 56 88 70 17 31 20 79 62 31 74 89 54 99 81 91 29 85 68 61 42 23 57 19 63 81 40 72 28 11 55 5 3 25 95 95 
39 4 18 91 74 17 52 70 88 25 13 18 77 48 8 80 11 3 39 74 78 3 26 73 88 73 64 33 47 26 11 48 22 61 65 15 99 79 70 87 1 29 57 12 0 5 13 64 73 73 61 15 71 30 1 25 59 92 1 7 64 14 36 97 31 59 78 9 23 5 99 79 15 31 89 55 58 4 17 50 21 37 72 86 51 69 28 4 87 48 98 
23 5 98 55 79 86 44 69 2 57 8 16 94 83 11 15 33 84 14 29 62 44 86 20 95 26 4 10 31 83 36 90 98 4 89 38 71 79 60 78 55 87 6 71 34 0 78 30 5 11 26 65 40 40 16 26 2 67 56 63 5 14 39 98 37 47 69 61 34 52 54 63 39 46 82 80 14 31 17 68 57 92 71 36 27 63 74 10 74 2 16 
36 28 88 32 60 6 58 7 46 48 24 65 49 29 91 84 74 68 26 94 41 99 57 27 44 41 68 49 34 89 21 55 51 54 56 98 23 77 50 92 60 94 62 74 5 27 0 4 17 82 58 49 56 14 25 7 31 29 29 79 1 27 15 85 3 62 57 64 34 18 25 75 34 85 49 30 3 91 63 92 30 75 16 46 30 96 5 19 93 69 58 
16 65 22 66 88 43 81 91 66 72 13 40 8 26 11 22 48 58 15 56 45 59 96 35 93 49 81 44 16 96 34 22 41 48 28 25 76 13 16 52 57 75 71 43 62 92 86 0 8 72 29 63 61 83 86 16 72 33 54 10 67 67 15 29 47 85 77 95 31 52 22 14 80 79 53 15 40 21 42 3 61 35 30 35 98 52 74 78 70 47 93 
71 20 35 99 96 34 46 90 73 81 51 63 88 68 30 38 32 10 91 17 83 62 87 72 34 27 50 8 17 88 37 70 47 15 25 42 43 84 41 63 8 35 84 23 93 38 57 62 0 92 96 40 53 18 78 13 65 55 24 23 88 46 78 97 68 27 10 88 36 90 10 23 82 42 19 25 82 81 35 39 69 44 74 70 37 50 48 39 7 66 46 
26 56 84 42 71 79 74 8 86 26 92 11 52 78 17 23 5 2 70 16 75 34 31 50 63 29 51 76 88 82 56 92 17 63 34 54 89 78 63 16 70 60 80 68 22 91 92 83 79 0 80 33 92 67 69 88 69 24 97 49 75 44 10 49 50 11 11 84 42 10 57 21 26 76 20 29 44 9 1 12 3 28 18 97 99 86 5 58 69 2 27 
71 61 98 37 96 92 25 46 67 47 44 32 34 54 12 4 14 38 89 50 93 78 94 42 31 61 53 67 10 15 45 12 87 32 96 26 83 72 50 12 14 37 67 59 37 26 32 43 85 34 0 61 21 63 29 88 53 58 66 55 65 50 58 23 54 3 24 89 15 1 24 89 72 63 45 52 13 74 14 50 79 31 40 91 39 93 68 90 46 8 96 
96 45 72 75 16 99 14 66 60 24 93 92 50 96 49 96 19 55 38 73 44 86 4 45 12 8 5 87 6 37 56 87 91 78 81 36 61 54 32 92 42 50 80 87 53 16 72 92 64 26 96 0 45 73 21 69 75 71 50 24 25 35 25 74 29 8 86 37 57 58 67 97 29 72 60 72 72 44 87 4 66 85 96 43 64 23 49 31 18 89 52 
59 85 77 55 86 2 17 2 1 43 78 3 91 66 13 49 86 12 13 70 69 79 70 43 18 69 42 96 87 28 57 97 68 72 87 46 38 75 4 71 99 58 64 29 40 73 73 68 69 7 71 73 0 1 60 24 44 4 75 77 1 13 41 40 54 49 85 61 85 42 21 92 72 36 1 78 94 93 31 94 24 14 23 38 74 46 5 13 97 52 36 
86 69 51 16 51 54 40 7 30 25 10 40 48 62 68 81 62 67 82 82 60 8 72 23 51 51 43 47 68 88 24 98 47 43 28 91 90 95 19 54 49 78 49 21 7 85 95 35 90 85 18 75 2 0 64 57 36 89 18 27 90 83 53 42 71 17 45 75 60 64 68 36 85 63 86 77 30 30 81 71 73 39 80 49 98 78 58 61 38 71 85 
91 97 95 96 26 17 62 49 77 18 55 54 90 51 35 74 95 81 96 83 51 85 38 23 14 36 59 7 90 73 64 79 24 6 3 80 15 59 12 2 67 19 46 42 20 51 26 31 95 88 17 59 13 75 0 22 76 11 28 28 83 27 35 70 76 14 12 38 66 39 31 88 85 58 98 69 23 89 15 56 9 92 52 26 26 71 41 26 77 40 72 
31 57 75 24 15 91 5 47 35 65 45 29 8 28 25 32 36 78 2 88 48 32 40 57 12 32 77 94 58 70 62 90 91 22 91 93 92 42 22 34 77 42 18 8 26 20 44 55 99 40 3 79 53 31 21 0 56 54 48 32 18 47 63 93 89 39 66 90 75 98 55 26 86 59 94 20 57 84 91 81 27 16 46 29 82 25 49 47 41 8 35 
48 55 52 32 69 86 2 33 27 45 29 2 12 67 6 13 83 20 78 57 77 88 16 72 93 60 86 43 54 54 71 92 89 54 30 65 47 91 74 2 90 25 2 32 29 63 6 54 21 89 26 54 43 4 50 76 0 44 27 19 51 79 59 20 25 36 12 42 75 98 8 12 72 45 8 72 89 54 92 11 73 59 62 16 28 28 50 94 78 51 96 
22 87 86 57 50 50 10 39 84 93 50 61 26 5 98 10 18 92 63 95 18 6 20 78 7 59 24 4 69 34 69 55 47 72 59 95 28 6 18 97 50 48 36 79 4 72 7 16 43 42 91 70 49 35 15 88 7 0 99 85 46 21 37 36 37 18 71 4 43 15 13 63 43 65 95 50 13 95 59 80 84 95 81 52 62 81 56 3 19 19 11 
58 81 54 85 89 48 86 79 96 28 49 21 36 57 14 96 3 2 18 10 4 22 86 52 19 56 1 88 97 69 56 87 49 99 64 64 93 20 7 42 49 57 42 69 20 54 88 18 24 97 50 67 12 31 15 76 14 27 0 76 83 46 20 61 16 28 62 48 54 41 45 60 19 12 45 7 2 84 69 46 78 95 33 21 37 26 91 96 13 8 40 
99 34 31 60 28 39 49 36 6 65 1 45 72 74 93 91 42 75 76 43 71 22 42 12 83 24 44 50 37 54 9 56 62 58 70 89 40 73 41 89 3 49 77 97 29 22 35 58 61 39 37 29 65 84 70 71 32 3 35 0 81 47 62 22 2 2 98 53 33 12 68 9 77 71 79 67 73 31 28 34 4 76 32 89 69 69 18 95 45 16 7 
10 82 51 26 56 41 54 73 80 19 2 85 74 77 95 6 79 50 85 95 13 23 61 3 64 10 13 6 82 88 51 22 1 76 15 45 41 45 47 13 72 47 34 94 52 84 24 73 55 68 77 71 3 26 66 50 22 75 10 91 0 67 76 66 67 98 19 84 13 49 20 17 37 27 56 34 3 57 68 14 88 3 81 81 59 83 19 43 52 98 2 
50 26 94 57 76 39 47 59 65 28 57 98 39 65 30 97 27 62 21 34 11 8 56 59 22 58 61 49 42 51 28 72 91 17 34 76 33 2 2 70 94 91 33 22 16 72 7 27 51 43 42 50 28 3 84 14 77 73 85 22 74 0 17 79 3 36 49 52 10 87 7 92 23 39 81 66 64 32 19 70 93 98 82 81 9 42 45 43 57 31 83 
25 66 32 54 7 95 76 75 95 55 39 42 84 70 6 17 19 52 74 51 36 26 88 3 12 2 96 54 36 11 16 95 76 7 37 55 80 43 45 79 48 36 94 83 80 92 92 72 67 63 19 70 63 60 87 75 43 73 64 75 31 89 0 91 23 33 61 86 14 84 63 30 77 91 38 36 71 33 95 36 98 92 22 18 12 43 43 38 66 61 17 
95 44 7 86 37 49 60 16 2 4 18 16 34 25 28 67 59 3 86 98 91 19 33 43 96 73 3 77 8 3 67 14 20 61 21 95 7 40 68 94 87 73 98 83 2 40 48 92 20 66 66 35 40 37 47 57 47 76 93 73 57 15 97 0 44 1 52 39 77 14 71 61 32 6 86 72 1 63 83 75 70 8 14 59 35 80 43 40 60 16 7 
91 2 95 37 41 18 31 30 14 98 89 53 83 7 28 49 89 55 94 37 84 62 42 69 78 73 25 25 66 3 84 76 55 89 76 5 1 44 53 51 73 47 58 37 72 52 17 44 51 77 81 2 27 12 28 19 46 24 79 14 87 9 77 70 0 71 75 17 38 74 24 80 8 17 63 29 27 91 10 93 27 21 90 44 97 55 59 84 49 22 92 
10 79 78 1 45 46 31 26 35 6 87 78 97 32 62 99 32 86 90 57 61 47 20 84 34 57 74 49 6 20 32 57 76 6 11 29 49 68 89 9 49 21 28 93 78 51 57 19 69 65 96 19 33 17 54 34 8 26 40 66 47 71 10 83 56 0 48 28 74 97 36 7 75 55 43 53 47 12 70 12 32 20 4 6 21 4 76 88 90 57 88 
80 64 78 34 13 21 31 4 8 65 59 83 22 58 81 35 17 99 1 51 20 28 41 5 25 78 64 1 77 65 54 27 71 27 3 91 92 69 67 37 99 81 8 13 79 28 48 27 22 96 25 3 70 21 56 14 37 84 45 32 59 8 4 54 12 77 0 19 15 46 79 80 74 87 22 45 19 93 56 46 81 73 82 67 42 41 59 77 5 71 68 
26 10 96 69 81 93 58 26 48 54 8 12 27 18 77 99 3 94 7 21 40 2 60 42 48 26 27 84 91 98 15 3 99 9 93 36 44 87 57 41 49 65 95 28 62 23 9 31 86 43 93 8 31 47 47 53 42 83 3 30 97 75 71 35 6 70 22 0 33 20 34 44 15 95 45 28 79 43 5 86 92 73 68 82 83 3 71 90 8 25 34 
13 85 87 83 49 46 32 47 5 39 88 55 1 6 62 34 55 72 92 37 31 33 13 56 89 17 32 87 2 10 6 25 69 81 16 21 95 26 83 59 52 16 20 55 96 33 25 94 91 72 34 82 49 53 85 12 38 35 6 17 69 68 84 61 55 48 40 44 0 54 57 54 48 44 1 21 39 74 33 98 38 35 65 78 75 50 9 60 78 39 15 
19 49 57 24 20 90 69 29 88 7 71 35 19 62 7 23 84 42 72 83 78 26 63 92 7 87 15 34 52 53 32 7 90 75 67 79 94 81 72 92 95 88 8 36 63 72 64 2 60 37 94 5 23 76 5 89 64 97 44 3 83 99 63 47 57 33 45 34 27 0 60 15 55 24 92 68 36 76 70 7 4 69 99 81 65 84 46 29 1 60 18 
97 73 67 48 59 52 78 64 67 89 49 94 67 76 44 44 36 6 75 39 33 26 15 53 32 84 23 6 52 50 13 83 48 4 20 44 76 73 67 44 57 8 96 72 90 39 46 90 31 63 25 89 24 36 97 41 31 82 60 50 40 1 82 68 41 51 38 74 91 54 0 60 61 21 24 91 76 24 49 88 73 66 31 30 10 47 59 20 36 17 40 
97 38 42 24 3 21 50 72 15 1 51 14 58 52 33 64 53 35 22 28 28 87 97 81 44 86 39 26 36 45 48 96 84 59 64 84 68 84 29 45 80 5 23 86 84 56 34 40 41 61 21 15 94 45 85 85 88 50 26 44 2 94 14 31 68 5 3 46 38 56 54 0 74 31 34 79 86 40 18 22 9 23 66 83 31 1 73 89 47 1 86 
43 14 8 34 41 26 92 14 68 96 56 31 81 76 63 24 31 84 68 76 13 52 44 22 20 86 40 37 29 64 27 96 72 89 93 13 34 33 8 30 5 7 18 76 80 74 25 31 57 36 23 6 83 39 58 54 10 98 84 95 49 96 31 54 88 89 76 19 13 18 78 73 0 66 96 20 64 83 83 3 77 51 58 26 66 11 45 30 10 72 35 
79 55 23 4 4 47 91 78 37 17 53 6 82 39 69 99 88 67 76 77 21 71 63 45 4 26 4 71 98 1 89 41 75 5 72 90 56 12 68 68 89 52 60 60 64 71 89 34 45 54 78 88 11 44 87 88 18 98 22 74 77 59 84 10 41 21 3 50 53 42 46 12 60 0 9 91 44 91 8 57 17 29 23 15 52 46 41 50 60 77 22 
50 9 11 28 82 26 88 40 71 90 14 89 39 89 27 8 63 86 89 77 12 57 56 85 31 62 57 9 96 74 72 57 40 47 39 13 2 22 26 88 28 95 63 92 32 82 87 96 35 32 73 86 72 64 56 76 51 28 96 17 7 95 18 68 62 27 21 25 8 96 57 92 38 99 0 73 92 24 33 6 22 75 15 36 63 18 29 86 53 67 87 
73 67 3 23 2 14 56 46 84 68 12 82 29 12 26 67 61 16 38 77 87 48 90 84 43 67 93 69 76 58 7 68 84 67 1 1 49 70 71 80 72 27 56 61 77 76 53 16 10 25 4 52 56 90 96 68 76 26 59 99 50 44 60 6 42 46 74 81 59 90 5 10 32 88 82 0 91 35 10 75 16 87 25 21 66 79 56 50 94 57 58 
66 69 25 85 34 18 90 69 87 3 96 30 96 99 3 29 18 78 58 73 82 22 91 3 17 64 38 42 66 86 36 47 5 31 2 24 25 51 26 46 59 46 35 45 71 78 73 51 62 98 58 34 44 39 73 60 46 55 77 78 37 87 32 17 37 56 32 76 17 29 57 57 74 12 74 37 0 75 29 75 42 85 89 51 91 20 94 77 35 5 64 
69 3 27 1 53 7 1 91 21 81 99 33 37 31 59 13 44 80 71 25 14 54 6 76 1 52 13 98 94 8 59 11 84 47 23 42 1 44 13 50 27 45 43 84 59 77 71 18 25 16 75 26 72 60 58 42 60 48 90 37 60 23 16 21 4 4 27 64 71 59 25 54 46 10 64 66 94 0 7 42 91 39 10 27 13 35 83 78 51 26 74 
16 94 90 87 12 9 35 27 63 69 1 80 16 8 69 23 80 77 78 72 56 87 23 97 91 69 47 15 52 61 48 42 51 29 56 72 87 19 48 42 65 25 62 67 56 21 24 83 84 4 3 58 65 72 87 40 6 20 64 70 58 16 88 25 21 95 83 87 15 99 29 10 3 22 82 29 15 65 0 58 61 77 67 56 17 73 70 18 51 2 70 
81 75 69 91 25 53 17 80 71 43 45 59 72 19 84 53 31 21 54 3 28 46 85 70 61 73 92 88 77 95 35 82 46 9 31 13 28 69 65 82 9 81 31 50 39 45 24 99 84 79 59 63 80 7 70 59 13 56 41 47 38 7 60 73 15 80 46 53 55 16 12 82 54 88 82 55 88 66 81 0 86 97 81 94 96 21 13 20 52 2 10 
14 97 3 18 63 90 17 96 63 52 59 17 58 56 81 76 42 77 37 59 40 86 62 54 91 93 77 85 58 65 48 56 66 65 11 92 89 80 19 38 53 90 57 20 45 67 33 94 12 74 72 83 80 16 27 62 64 93 67 76 44 81 60 35 87 37 38 11 87 12 91 41 97 70 68 35 41 16 29 83 0 20 80 87 76 73 9 99 59 99 7 
96 64 54 73 94 31 60 66 59 60 36 32 24 54 82 53 8 4 43 47 50 86 20 82 39 60 79 65 24 30 54 82 34 69 55 9 35 64 95 11 63 84 29 96 80 68 71 50 48 54 62 12 44 99 13 43 60 24 43 55 64 62 23 31 15 24 59 40 71 45 3 8 36 91 57 21 4 93 25 72 3 0 21 63 19 92 72 3 26 82 32 
20 51 7 61 37 10 24 93 20 62 3 35 86 47 35 85 62 88 8 93 68 69 67 37 44 55 41 15 55 96 6 70 50 4 30 62 7 87 39 70 57 40 69 3 46 3 41 13 86 59 86 11 74 26 31 70 24 78 22 27 20 47 11 10 45 54 42 81 73 64 87 18 95 93 70 10 99 96 66 87 28 54 0 43 20 72 72 12 14 10 2 
5 18 34 89 75 85 41 17 70 43 13 63 7 20 56 75 49 32 32 61 32 33 90 77 60 77 76 65 81 56 90 10 27 31 47 34 26 11 9 64 8 80 56 52 54 65 52 91 90 58 42 42 25 16 64 86 49 93 77 66 51 37 77 3 3 62 49 60 60 71 15 40 60 35 15 58 46 75 14 20 65 76 72 0 74 81 34 79 10 1 45 
38 61 31 50 97 1 48 74 71 43 47 26 6 76 92 78 41 94 53 53 34 18 57 47 43 84 66 36 59 59 59 97 74 12 31 49 52 51 32 21 99 98 41 99 92 42 24 27 22 23 11 68 19 39 25 18 97 58 11 73 56 99 88 10 63 33 70 57 16 34 64 78 70 25 69 1 70 52 26 63 85 71 60 38 0 47 25 85 92 73 54 
81 84 97 7 76 44 68 15 33 95 89 11 8 5 53 56 72 51 13 1 68 23 2 79 64 37 55 38 66 57 80 42 8 80 48 44 91 77 23 38 56 36 80 51 63 54 82 20 91 93 17 68 82 60 50 29 69 47 49 92 58 96 75 80 96 61 40 67 50 93 28 24 20 81 5 26 7 77 84 31 68 2 88 75 10 0 85 6 75 37 49 
3 87 3 88 47 9 53 21 59 21 83 87 38 34 52 41 48 51 86 35 65 57 45 6 25 88 33 42 5 34 30 23 98 66 66 37 76 51 86 29 32 82 19 37 40 62 50 47 34 12 71 58 82 1 5 72 45 57 59 24 56 50 4 87 91 2 63 24 77 52 74 73 10 14 34 36 30 12 2 95 23 28 71 77 11 4 0 10 21 6 87 
34 1 69 27 16 75 12 11 17 51 18 69 61 16 43 4 28 92 81 5 4 37 75 70 28 52 21 37 86 59 70 61 51 33 11 12 47 33 40 9 65 68 36 36 97 3 2 27 87 41 63 36 98 78 97 26 63 2 1 51 4 60 88 63 27 49 65 23 9 46 17 96 3 41 50 7 68 65 44 82 75 65 91 12 54 85 54 0 66 27 86 
14 22 79 63 1 15 27 94 71 80 9 22 9 78 70 60 46 64 68 9 14 89 3 63 89 31 96 92 78 99 81 15 81 99 57 52 50 10 58 14 77 12 79 41 94 69 72 94 11 15 99 29 33 33 85 21 94 95 89 78 76 63 34 26 95 7 88 33 92 94 7 18 82 46 26 92 62 29 49 29 14 1 7 11 12 70 87 57 0 47 24 
80 86 9 24 64 1 99 13 73 49 84 47 16 18 83 19 69 41 53 10 65 66 38 95 30 74 87 13 87 45 73 33 65 46 55 98 73 8 83 6 69 71 96 6 1 59 10 67 25 64 55 91 93 53 51 61 65 84 90 20 97 50 76 76 11 65 23 60 28 34 48 88 30 62 81 96 14 21 51 97 65 4 11 35 24 30 33 8 47 0 82 
58 51 75 60 51 16 10 70 42 40 83 35 93 27 93 89 5 47 89 80 80 62 97 41 20 24 93 33 19 34 51 2 74 98 96 80 75 54 11 12 98 24 19 41 21 56 41 90 30 79 54 87 56 73 49 60 5 93 70 76 30 49 39 19 64 51 97 77 1 88 95 39 26 49 22 4 22 48 53 43 71 39 85 97 95 70 3 67 63 32 0 
