n: 90
m: 2
Pi:U[1-99] 13 90 50 52 29 25 21 26 51 16 98 59 49 33 73 19 95 77 48 59 27 21 91 17 76 63 18 22 35 86 39 22 36 33 76 40 62 91 13 96 20 91 64 1 25 93 54 89 53 61 91 75 79 8 92 6 19 20 71 28 41 29 34 37 46 26 30 30 3 21 24 49 81 97 34 85 64 27 45 95 13 86 34 32 28 92 7 4 61 81 
Si:U[50-99]
0 38 58 37 52 52 60 39 35 37 88 99 81 97 99 99 99 99 99 99 99 99 99 99 99 99 99 96 99 81 99 99 99 99 99 99 79 99 99 97 79 76 99 99 76 99 99 99 99 99 99 99 99 75 99 96 94 99 94 99 99 99 99 99 99 99 88 99 99 90 99 99 99 94 99 76 99 99 81 88 99 81 85 99 90 99 99 99 99 99 99 
47 0 33 61 49 52 36 56 36 48 99 99 99 99 97 99 99 99 78 99 75 99 87 99 85 99 87 99 99 85 99 99 99 81 76 99 82 75 99 99 99 99 99 99 78 99 78 87 99 90 91 76 99 99 79 99 99 99 85 99 99 90 99 79 99 78 99 81 99 99 99 88 94 99 99 99 99 94 91 99 82 99 94 99 99 99 99 78 99 99 99 
60 46 0 36 39 43 54 37 48 45 99 99 99 99 84 99 93 99 97 99 99 99 99 81 79 78 99 99 99 96 79 99 91 99 99 99 84 99 88 99 99 99 99 99 99 81 99 96 78 99 99 84 99 99 99 99 99 99 90 88 99 76 99 99 99 99 99 99 99 76 99 78 99 91 97 99 99 99 99 99 99 82 99 99 99 99 99 87 99 99 99 
36 42 49 0 56 46 62 54 36 36 94 82 99 84 99 99 99 99 99 82 99 76 99 99 99 93 99 99 94 99 90 99 99 99 99 90 99 99 76 99 99 99 99 75 99 99 99 99 99 85 82 99 99 99 99 79 99 99 99 99 99 99 75 76 99 99 99 99 85 82 99 99 99 99 90 99 99 99 99 84 99 79 91 99 99 99 99 99 99 99 99 
52 51 64 34 0 66 58 49 58 58 79 99 85 99 84 75 97 99 94 99 99 99 99 88 99 85 93 99 97 99 99 99 84 99 78 99 76 99 99 84 99 99 99 87 99 99 99 99 99 99 99 99 99 99 99 99 99 99 99 99 99 88 99 99 99 99 99 99 99 99 88 99 99 99 97 99 99 99 97 99 99 99 75 79 99 99 99 99 99 99 99 
45 36 34 38 47 0 37 60 63 35 99 99 99 99 81 93 99 99 99 76 99 99 99 99 99 99 99 99 99 78 99 75 99 99 99 99 90 93 76 76 99 99 87 97 99 99 99 99 99 99 99 99 90 99 99 99 99 99 99 99 99 78 96 99 93 99 99 99 99 99 75 94 99 99 99 99 87 99 76 99 99 99 99 99 76 99 75 99 75 99 99 
61 38 50 46 64 50 0 51 58 40 85 99 99 99 87 93 99 99 99 99 99 99 99 99 78 87 99 99 99 99 99 81 99 97 99 99 99 93 99 99 99 99 99 91 99 99 99 99 93 99 94 96 99 99 99 90 87 99 99 99 75 96 99 99 99 99 99 96 99 82 76 78 78 85 99 99 99 99 99 99 99 99 99 99 99 99 82 82 99 85 99 
41 51 44 52 63 51 34 0 57 52 99 99 99 84 99 99 99 99 99 99 99 99 79 99 99 99 99 97 99 99 99 90 99 99 99 99 97 99 99 99 93 99 81 99 99 99 78 99 91 94 99 99 99 96 99 84 99 91 99 99 99 81 82 99 99 99 99 88 96 99 85 99 99 99 96 90 99 85 99 99 97 99 99 99 99 99 99 99 99 94 99 
58 51 54 57 50 35 65 38 0 64 99 99 76 94 76 93 90 99 99 99 99 99 99 88 99 99 99 90 99 81 88 91 99 99 99 99 99 82 85 94 99 91 99 99 99 99 99 97 96 99 79 99 91 96 99 99 99 99 93 97 99 99 99 99 99 99 99 99 99 99 99 99 76 90 99 91 81 78 81 97 96 99 99 85 87 99 99 99 94 97 87 
57 38 60 60 65 41 58 54 42 0 99 99 99 99 81 99 94 79 87 99 94 99 99 99 94 99 99 99 99 96 99 90 99 75 99 99 99 99 99 99 99 99 99 99 99 99 82 99 91 99 99 99 99 99 99 99 99 99 90 99 99 99 91 96 99 99 90 99 99 99 99 99 76 99 99 78 99 81 99 99 99 81 99 99 99 76 99 99 99 99 99 
81 99 99 96 99 99 99 99 99 99 0 47 52 64 50 58 34 40 56 34 99 99 96 79 99 99 81 99 99 99 99 84 88 82 91 99 99 99 99 97 99 90 99 87 82 99 76 82 90 99 99 81 99 99 99 91 99 90 99 99 99 99 99 99 79 81 99 99 99 96 99 75 87 99 79 88 99 85 79 99 99 99 99 88 78 93 99 87 78 99 99 
99 96 76 99 99 94 87 90 99 99 63 0 57 34 54 58 39 33 38 53 99 99 84 78 75 75 99 99 91 99 99 85 91 99 99 90 79 99 99 99 99 82 99 99 99 99 99 99 99 93 99 99 99 99 99 97 99 82 99 99 99 99 99 99 99 99 99 99 99 99 81 99 99 99 99 99 99 99 87 99 99 81 99 99 99 76 82 75 99 99 99 
84 84 99 99 75 99 99 90 99 99 46 48 0 55 51 57 40 64 34 33 99 99 84 99 99 93 99 75 99 79 99 99 99 99 99 99 99 85 99 75 99 99 99 99 99 99 99 99 88 96 99 99 90 99 97 99 90 99 99 81 82 82 99 99 99 99 99 99 99 82 88 99 75 87 75 93 99 99 99 99 99 99 99 85 85 99 88 96 99 99 99 
99 99 79 99 85 99 99 99 99 85 34 39 44 0 40 64 58 54 38 44 75 99 99 99 99 99 88 97 99 99 99 99 99 99 94 79 99 93 99 99 99 87 88 79 96 99 99 99 99 99 99 99 99 99 99 99 99 99 90 99 99 99 82 99 99 81 99 99 99 99 99 99 96 99 96 99 84 99 99 99 99 82 99 99 78 99 99 90 99 99 84 
85 99 99 75 85 99 90 99 99 99 58 61 46 62 0 45 49 36 38 65 93 99 99 99 99 99 99 99 91 99 78 99 99 99 82 99 99 99 99 99 99 99 99 99 99 79 99 82 79 99 99 90 99 93 99 99 99 99 99 99 93 99 99 99 99 91 99 99 99 99 99 97 99 99 99 99 99 82 91 99 94 99 99 96 85 99 99 99 88 76 99 
99 79 99 75 99 99 99 99 99 99 43 42 61 60 60 0 45 56 45 54 81 93 82 99 99 99 99 99 99 99 84 99 99 87 79 99 99 82 99 99 78 99 99 99 99 94 85 82 81 99 99 99 99 99 99 99 99 99 99 99 99 84 76 99 99 84 75 99 90 99 99 99 99 99 99 99 84 99 75 99 99 91 93 99 93 78 99 99 99 99 99 
91 99 99 75 99 78 91 99 87 78 51 62 46 52 38 49 0 38 56 49 99 99 99 99 99 99 93 99 99 84 91 75 81 99 99 79 99 99 99 82 99 99 87 99 75 87 93 99 99 75 99 99 99 81 78 84 84 99 99 99 84 99 99 94 99 99 99 87 78 93 99 99 85 90 87 99 99 99 99 99 99 99 99 99 99 99 88 99 99 75 99 
99 99 94 75 84 99 99 99 84 99 64 50 65 40 57 36 51 0 58 41 94 99 99 99 99 91 94 99 99 99 99 99 99 99 99 99 96 99 99 99 99 99 99 99 99 99 96 99 99 99 93 82 93 99 88 99 99 81 88 99 90 99 99 99 99 81 99 75 76 99 75 99 99 96 99 99 99 99 99 99 75 75 93 99 99 99 99 99 99 99 85 
99 99 99 97 87 82 99 93 99 99 49 45 56 53 44 48 64 39 0 59 76 99 94 76 99 85 99 93 99 99 99 99 99 96 99 99 99 85 99 99 99 79 99 99 81 99 76 82 81 99 99 99 99 91 99 99 84 99 99 99 99 76 99 99 99 99 99 99 99 99 76 78 87 94 99 99 76 99 99 99 99 99 99 99 99 99 99 96 99 99 99 
99 91 99 88 99 99 99 99 99 99 57 42 38 34 51 40 66 38 62 0 99 99 99 99 99 99 96 99 99 91 99 99 79 82 82 99 99 99 78 79 93 99 99 99 99 87 99 99 99 99 99 94 81 99 99 99 99 99 91 94 84 99 75 99 99 99 99 96 87 99 99 99 99 99 99 99 99 99 99 87 82 99 99 99 99 99 99 99 99 79 81 
99 99 97 99 99 99 99 79 88 94 99 99 99 99 99 99 99 99 81 99 0 38 36 44 37 51 47 63 40 61 82 99 99 99 76 78 85 99 99 99 93 76 99 76 99 99 99 99 99 90 99 99 99 99 76 81 99 94 99 99 99 99 99 85 99 99 99 99 90 91 96 84 99 75 99 99 91 78 99 99 99 96 99 99 99 99 87 99 91 99 99 
99 75 99 99 99 75 78 88 99 99 99 93 99 97 99 99 99 99 75 79 53 0 40 58 37 37 62 33 34 65 99 99 99 99 99 82 78 99 99 99 99 99 99 99 99 91 99 99 99 96 99 84 88 93 85 75 99 99 99 99 78 99 99 90 78 85 99 99 97 99 79 99 91 88 91 84 99 96 99 88 99 99 99 90 85 90 94 85 99 75 91 
99 99 91 99 99 99 99 91 99 99 75 99 99 99 99 93 99 99 99 99 35 54 0 47 50 49 60 52 54 64 99 99 90 99 99 99 99 99 82 99 76 99 99 79 99 82 99 99 78 81 81 87 99 99 99 99 99 99 82 99 99 88 99 75 93 99 99 82 84 99 99 99 88 99 99 99 99 99 81 96 99 87 99 99 99 99 76 87 99 99 99 
88 99 99 99 99 75 99 99 87 99 99 96 90 75 87 82 99 90 76 99 46 63 52 0 46 40 62 44 38 58 84 99 99 99 99 99 99 99 99 99 99 99 99 99 99 99 99 94 99 99 75 99 99 99 99 97 99 99 99 99 93 99 99 87 99 99 99 99 91 99 84 99 99 78 81 99 90 99 87 99 99 75 99 99 99 85 91 76 99 99 99 
99 99 99 88 75 99 99 99 99 99 99 79 99 99 99 99 99 99 93 79 48 43 41 65 0 48 34 48 46 40 99 99 75 91 99 78 99 79 99 96 99 84 99 99 99 76 99 99 75 85 91 87 91 82 99 99 99 99 99 99 99 99 99 99 99 99 79 99 79 99 96 99 99 99 91 81 78 99 94 99 99 79 99 79 99 91 99 99 99 99 99 
99 99 99 99 91 99 84 85 99 99 99 75 78 99 81 75 99 78 76 87 56 33 54 48 56 0 40 36 62 34 99 79 99 81 93 91 99 78 79 99 99 93 99 99 85 99 99 99 99 79 99 99 99 90 99 99 99 79 93 99 78 99 99 76 99 94 99 75 99 99 99 91 99 99 99 87 88 88 76 90 99 99 99 87 99 99 79 99 99 76 91 
99 81 99 79 99 99 76 99 99 99 76 94 99 93 99 99 94 99 99 88 44 50 38 64 66 56 0 54 48 36 75 99 91 97 99 82 99 99 82 99 97 99 99 99 87 99 97 79 99 99 99 99 99 84 94 99 79 99 99 75 76 99 99 99 78 99 99 99 82 99 99 99 99 99 99 99 99 85 99 99 99 99 99 99 99 99 94 99 85 99 75 
99 99 99 99 76 79 99 99 99 97 99 79 99 99 75 99 99 99 99 75 40 63 51 46 34 62 62 0 39 50 99 99 75 99 99 99 97 99 90 96 99 99 99 99 90 81 99 99 99 99 99 91 99 91 99 99 94 99 82 99 99 78 99 97 99 99 81 97 99 99 96 97 99 93 99 79 99 99 99 91 99 90 99 99 99 99 99 99 91 99 99 
99 99 99 99 99 96 99 99 75 99 78 99 87 99 79 99 99 88 99 99 40 51 51 43 59 33 47 38 0 52 84 90 99 81 99 99 99 99 99 96 99 99 99 99 99 79 99 99 96 99 99 99 81 99 99 99 76 99 88 99 99 99 99 99 99 99 99 99 99 99 99 99 94 99 82 99 84 99 99 99 99 99 99 99 99 99 99 99 99 76 99 
75 99 99 99 99 99 93 99 99 99 99 99 85 99 99 87 99 99 78 99 41 54 45 38 64 49 64 62 33 0 99 99 90 87 99 99 87 99 99 99 99 99 82 99 99 97 99 99 99 79 75 84 99 99 99 99 99 99 96 96 99 81 96 99 99 99 97 99 99 93 99 99 99 99 82 99 99 99 93 84 99 99 99 99 85 99 99 99 99 99 99 
99 90 99 99 88 99 93 99 99 85 96 99 99 79 99 99 81 93 99 99 99 94 99 91 97 99 99 99 97 84 0 38 39 61 61 59 66 55 41 56 99 99 96 87 99 99 99 84 99 99 87 99 99 99 99 99 99 99 99 99 99 99 99 91 99 96 84 99 87 99 85 99 99 96 99 84 96 87 99 79 99 99 94 99 99 88 99 99 99 99 99 
99 90 99 99 99 99 99 94 78 97 99 99 99 99 99 99 97 81 99 99 99 99 99 81 99 81 84 99 99 91 57 0 44 48 55 40 36 51 48 37 99 84 99 99 99 99 99 99 75 99 99 99 99 99 99 75 99 99 99 99 84 99 85 99 99 99 75 99 99 99 99 90 99 88 79 99 99 99 85 96 99 99 87 99 99 99 99 79 88 84 99 
99 78 99 99 97 99 99 93 99 99 99 99 91 99 99 99 99 99 99 99 99 99 99 99 99 87 99 99 93 99 42 50 0 55 34 50 64 41 55 36 75 85 99 78 99 88 99 99 99 99 99 99 94 88 99 81 99 99 99 99 85 78 99 87 99 75 82 91 82 78 99 99 99 99 99 97 99 97 99 79 99 99 99 99 99 99 99 88 99 90 99 
99 99 99 99 84 99 99 99 99 99 99 99 76 99 99 82 99 99 99 99 78 99 99 99 99 90 99 99 99 93 43 66 58 0 40 52 64 47 50 56 93 78 99 93 90 99 99 99 99 99 99 99 99 99 99 99 99 87 75 99 99 99 99 99 99 99 99 94 87 99 99 99 99 99 99 99 81 99 76 99 84 87 99 99 99 99 99 99 99 99 99 
99 99 99 79 99 99 99 99 99 99 91 99 99 99 99 99 99 75 99 99 99 99 78 99 99 81 99 84 99 99 54 51 50 49 0 38 50 50 57 34 99 99 97 84 99 99 99 81 99 99 99 99 99 99 93 99 90 81 99 96 90 99 99 82 75 85 99 99 99 99 99 82 99 99 99 99 99 79 91 75 78 93 85 99 99 99 88 81 99 82 91 
99 99 99 99 75 78 99 99 85 76 88 75 99 99 99 88 93 99 99 99 81 99 79 99 90 79 99 99 99 99 63 56 34 56 64 0 44 48 51 63 99 96 96 99 82 99 99 99 99 99 99 99 99 99 85 99 99 88 99 82 99 99 99 99 93 99 76 94 99 99 96 99 99 99 88 93 99 99 99 94 99 99 90 99 99 87 99 99 99 99 99 
99 99 99 99 99 82 99 99 99 99 99 87 99 76 99 99 99 99 99 99 99 99 99 99 99 99 99 75 99 99 62 58 52 56 49 63 0 40 39 56 99 99 99 97 99 82 99 99 99 99 99 99 99 99 99 75 99 75 99 78 87 91 99 99 99 99 99 84 96 90 99 99 91 99 99 99 99 79 82 99 99 87 99 82 99 99 99 90 99 75 99 
88 99 99 88 99 76 99 99 99 99 99 99 99 99 99 99 99 99 99 99 99 99 99 84 82 99 99 99 78 84 48 62 50 56 53 37 62 0 58 66 99 99 99 99 93 99 99 91 99 99 99 88 99 82 99 82 85 99 99 99 99 99 88 99 99 99 99 99 99 82 99 99 99 84 99 99 99 99 99 99 81 99 87 82 99 78 76 99 99 99 99 
84 99 85 99 91 99 84 87 99 84 82 99 99 82 99 99 99 91 97 99 99 99 99 94 99 81 99 85 75 99 34 34 36 58 46 41 46 42 0 62 99 99 75 99 78 84 99 99 99 99 90 99 99 99 99 99 96 99 93 99 84 99 99 96 94 99 99 87 93 99 91 99 99 91 75 82 99 99 99 99 99 99 99 99 99 99 99 88 88 99 85 
97 82 99 97 99 99 79 90 99 99 99 99 99 99 99 99 79 99 99 99 99 99 99 91 99 99 99 99 99 99 40 63 36 37 35 62 58 63 58 0 85 99 99 99 99 76 90 99 99 99 79 99 99 99 81 96 99 97 99 99 99 94 99 99 99 84 99 99 99 99 99 99 87 99 99 99 99 99 99 99 99 96 99 99 99 99 99 99 99 99 84 
99 99 99 99 85 99 88 79 99 99 99 99 99 75 99 99 99 99 99 99 75 99 99 85 99 99 75 99 90 99 99 94 99 99 99 99 99 94 99 99 0 34 35 62 36 51 60 60 51 34 99 99 82 99 85 99 99 99 99 99 99 99 82 75 99 99 90 75 99 99 99 99 99 99 99 96 99 99 79 99 99 99 99 99 91 87 99 99 99 99 99 
99 96 99 99 99 97 99 76 99 75 81 99 99 97 75 99 99 82 99 99 96 99 93 75 85 81 99 79 99 85 99 96 99 99 99 99 91 99 99 99 44 0 45 52 42 62 41 48 60 42 99 99 99 99 99 96 94 87 99 99 93 99 99 99 99 90 99 99 96 99 99 99 78 84 99 87 99 99 82 99 87 99 93 99 99 99 79 78 79 76 99 
99 99 88 99 99 99 87 91 99 99 99 99 99 99 99 99 99 99 99 99 99 99 99 99 76 99 76 90 99 99 99 79 99 99 93 99 99 99 99 99 47 42 0 64 56 53 45 59 58 45 99 99 99 99 99 99 88 99 99 99 99 99 99 94 99 99 94 99 97 78 99 99 96 99 99 99 99 99 97 88 97 99 99 99 99 99 99 99 99 99 84 
99 99 91 85 99 90 99 84 99 99 99 99 99 87 78 91 99 78 99 99 99 79 99 90 90 99 93 99 99 99 99 99 99 82 96 88 99 99 99 99 65 53 51 0 61 41 62 52 58 48 96 99 85 97 99 99 99 99 93 99 99 99 99 99 78 99 99 94 90 99 96 99 97 99 99 81 97 99 99 75 99 99 99 99 99 99 99 99 94 99 85 
99 99 99 99 99 99 99 99 96 99 99 84 99 99 99 99 78 97 99 99 99 93 99 99 99 96 91 99 97 99 99 99 81 99 91 78 94 99 99 99 44 48 62 48 0 61 55 47 46 66 99 99 99 99 99 99 99 99 99 93 78 99 85 99 79 99 91 99 99 99 99 99 75 96 99 85 99 75 99 99 99 96 99 99 99 99 99 99 78 81 99 
99 94 99 99 99 99 84 99 99 99 94 99 94 99 88 99 99 99 99 99 99 99 99 99 99 99 99 99 99 99 87 99 90 99 99 99 99 99 99 93 53 59 40 57 45 0 54 43 41 53 76 99 99 99 99 99 99 99 99 99 99 99 99 93 99 99 90 85 99 99 99 94 99 99 97 99 87 96 99 87 85 99 88 99 99 99 99 85 99 99 99 
99 91 97 93 79 99 99 99 99 88 94 99 99 99 99 99 79 99 99 99 99 90 99 99 99 99 99 99 99 99 99 99 99 99 93 99 99 99 99 99 39 55 38 36 38 54 0 48 49 64 94 99 99 99 99 99 99 90 82 99 99 94 99 91 99 99 81 99 99 99 75 99 99 76 99 78 99 99 93 84 99 99 96 99 99 90 99 99 81 99 96 
99 99 99 99 99 99 99 99 99 76 99 99 99 91 99 99 99 99 90 99 78 99 99 99 99 99 99 94 96 99 99 99 99 99 99 99 99 82 99 96 38 39 39 66 54 39 42 0 38 62 99 99 99 99 99 99 99 82 99 99 99 99 99 99 99 84 99 99 99 90 99 99 99 88 99 99 85 88 99 99 99 81 79 81 76 99 99 99 78 99 99 
96 99 99 99 99 99 99 94 88 99 99 99 91 78 99 99 99 99 90 96 88 99 99 99 99 96 99 91 99 99 75 99 91 85 75 99 85 99 90 99 41 38 41 37 46 36 62 59 0 38 99 99 99 99 99 99 99 79 99 99 99 94 99 99 99 99 97 99 96 99 99 96 99 99 99 99 99 99 93 79 99 79 99 99 85 99 99 99 88 78 85 
99 91 85 85 99 99 99 99 81 99 99 99 91 75 99 99 99 75 99 99 96 99 87 84 99 99 99 99 99 90 99 96 99 99 99 99 99 99 96 99 43 46 66 59 44 57 54 38 60 0 99 99 81 99 99 99 90 99 96 93 99 93 99 99 99 99 82 99 99 99 99 99 99 99 96 99 99 99 78 99 99 99 85 93 99 99 90 99 99 90 91 
90 99 96 76 99 99 91 99 79 82 94 99 78 99 82 99 99 81 99 99 99 99 85 97 85 99 99 99 99 82 99 99 99 99 99 75 79 97 88 76 91 79 99 99 96 99 99 99 84 99 0 45 54 59 64 65 36 62 46 49 99 85 93 99 99 99 99 99 99 78 99 99 96 93 99 99 99 90 99 76 84 99 99 93 90 99 99 99 85 93 99 
99 99 76 99 99 99 99 87 99 94 99 99 99 99 99 99 87 90 88 99 99 78 84 99 99 99 96 99 99 99 99 99 99 99 99 94 99 99 99 87 99 99 99 87 75 90 82 97 99 75 59 0 64 46 38 62 39 63 34 35 99 85 99 99 99 76 99 94 91 87 99 99 99 99 76 99 99 97 91 79 99 99 99 99 99 99 99 99 93 84 99 
99 99 99 84 99 99 99 99 99 99 91 93 99 99 99 99 99 99 99 99 97 99 99 91 99 99 78 96 99 99 91 99 75 84 91 99 99 99 99 99 84 87 99 99 99 99 99 99 85 99 40 41 0 38 52 45 47 62 56 65 99 99 99 99 99 99 99 99 94 99 99 99 99 99 99 99 99 99 99 99 99 99 99 99 81 99 99 99 91 99 99 
99 97 99 99 99 85 99 99 99 99 99 99 99 99 99 91 99 99 99 99 99 99 99 99 99 99 99 99 79 99 94 81 93 99 87 99 99 94 99 75 99 82 99 99 82 81 99 87 99 99 55 34 36 0 45 64 60 54 38 39 99 99 78 99 99 99 99 85 99 99 99 99 99 84 99 97 99 99 76 88 82 99 84 99 99 84 99 99 81 99 99 
99 99 79 99 79 99 87 99 99 99 99 99 99 99 76 99 99 99 78 99 99 99 99 94 99 99 84 99 99 82 99 99 99 99 91 99 78 99 99 99 99 88 99 99 99 99 99 99 76 99 46 59 40 62 0 48 46 52 34 48 90 99 99 99 99 76 99 81 99 99 99 99 85 99 85 99 99 93 99 99 99 99 99 99 99 99 99 99 91 97 99 
99 99 99 99 99 99 99 93 99 99 87 99 91 99 99 99 99 88 90 85 99 76 99 99 99 99 99 99 99 88 90 99 87 97 99 99 99 78 91 99 99 94 99 99 99 87 94 93 99 99 51 38 34 45 41 0 60 42 50 43 78 99 87 99 99 99 76 99 99 97 99 99 99 99 99 84 99 78 99 99 76 99 99 99 99 99 99 99 85 99 91 
99 93 99 99 82 93 99 99 99 99 87 94 87 99 87 99 99 90 99 99 99 99 76 99 99 99 99 99 99 99 78 91 90 99 99 99 93 99 85 99 94 99 99 84 85 94 99 76 99 99 44 65 65 61 66 39 0 56 49 64 99 99 99 99 99 76 99 99 88 85 99 99 99 88 94 99 99 94 99 84 99 99 75 87 99 81 99 99 99 93 99 
99 99 99 99 99 99 99 99 99 99 99 99 99 99 99 99 99 99 85 99 84 99 93 99 99 99 99 99 99 99 88 99 99 99 91 99 99 78 99 97 99 99 91 76 75 99 99 91 99 99 44 34 47 58 63 57 38 0 46 58 99 99 97 99 81 99 99 99 99 99 99 96 99 99 99 99 99 91 99 79 99 76 99 97 99 99 99 99 99 99 81 
99 90 99 99 81 99 99 88 99 78 99 99 99 81 99 99 99 75 99 76 99 99 99 93 99 97 87 94 99 99 99 99 99 99 99 99 76 99 99 99 90 99 99 84 94 96 99 78 99 99 54 46 45 42 63 48 38 66 0 58 99 99 99 82 97 99 99 99 99 84 94 99 99 81 99 99 99 99 99 99 99 99 99 99 99 90 99 99 99 99 99 
99 99 99 99 99 99 99 99 99 99 99 99 91 99 78 96 99 84 76 94 99 90 88 99 85 99 99 99 94 99 99 99 99 99 99 84 99 93 97 99 99 88 99 99 96 99 99 93 75 99 47 54 55 46 63 56 50 58 60 0 99 99 99 99 75 99 99 99 99 99 97 97 99 94 99 81 99 99 99 85 90 99 99 99 79 99 99 99 99 85 99 
99 99 78 99 99 99 99 97 99 99 79 85 99 99 99 99 99 99 99 99 99 99 99 91 99 99 78 99 99 76 99 99 99 99 99 99 99 93 99 99 99 99 99 99 99 99 99 99 99 99 99 99 99 99 99 99 88 99 99 99 0 55 36 41 56 53 36 53 44 40 99 99 81 99 82 99 99 99 79 99 99 76 99 82 99 99 91 99 99 99 99 
93 79 78 99 99 75 99 99 99 99 99 99 99 78 99 75 96 99 99 99 99 99 99 99 88 76 99 99 94 99 96 99 99 99 99 76 99 99 99 99 97 99 78 99 99 99 99 99 82 99 84 99 88 82 99 99 82 99 90 99 63 0 34 46 60 44 34 62 34 44 99 97 99 99 99 99 99 99 99 99 99 99 99 99 99 99 88 97 99 99 84 
96 99 94 99 88 99 87 99 99 99 99 99 99 75 87 99 99 99 99 91 99 76 75 88 99 99 99 99 99 99 99 99 99 99 99 99 99 99 96 99 99 99 99 99 96 99 99 99 84 99 99 99 99 99 91 99 99 99 84 99 44 60 0 46 49 60 65 52 36 54 99 99 88 99 99 99 99 99 99 99 85 81 99 99 99 93 99 99 96 99 99 
99 99 99 99 99 87 99 99 76 99 99 99 85 87 99 94 99 99 85 99 97 99 81 99 99 96 82 79 99 99 93 99 91 99 93 99 91 88 99 99 84 99 99 82 84 99 79 99 88 99 91 93 99 99 85 99 93 99 99 99 61 51 36 0 52 60 42 44 34 55 76 96 99 99 99 99 99 99 97 91 99 99 94 76 93 81 99 88 99 99 87 
99 94 84 99 99 99 82 99 99 99 99 99 78 99 99 99 76 99 99 99 99 99 87 93 87 99 99 99 99 99 99 99 99 99 87 94 99 99 99 99 99 99 99 99 99 84 99 99 97 99 99 99 84 99 90 99 75 99 99 90 34 49 54 56 0 48 64 54 65 50 99 99 91 94 99 99 99 99 99 99 99 99 99 99 99 99 99 99 88 99 99 
99 99 99 99 99 99 85 97 99 99 88 94 99 99 99 99 99 97 94 99 99 99 99 91 88 99 76 99 99 91 99 94 90 99 99 99 99 99 99 99 99 99 99 99 99 99 99 99 99 99 99 99 90 99 99 99 99 91 99 99 50 64 62 54 60 0 60 48 49 56 99 99 99 94 99 99 99 87 99 99 81 85 99 96 99 99 97 99 99 99 75 
99 99 99 94 99 99 99 99 78 99 99 99 99 79 99 99 76 99 99 97 99 99 99 99 99 99 96 99 99 99 99 99 99 99 99 87 90 99 99 99 99 88 78 99 99 99 99 99 97 79 99 76 99 99 99 76 99 99 99 88 52 33 54 56 56 46 0 46 33 43 85 99 76 99 99 99 99 99 99 87 99 99 99 93 82 99 99 85 99 99 99 
99 85 99 79 99 97 99 87 99 99 78 99 99 99 99 96 82 99 99 99 76 99 99 99 99 99 99 76 88 99 99 90 99 99 75 99 99 99 84 84 91 76 87 99 90 99 97 93 99 99 99 79 99 99 99 99 99 94 84 99 33 48 55 46 44 33 58 0 62 41 88 99 97 99 99 99 99 93 99 99 99 90 99 99 96 99 99 99 99 78 99 
91 81 87 79 99 99 99 99 81 99 99 82 99 99 99 99 99 78 99 99 78 90 99 99 90 90 99 90 79 99 99 99 96 93 78 99 99 78 99 99 99 99 99 87 99 99 91 96 99 99 99 88 99 97 99 99 84 94 99 99 46 42 35 60 52 39 52 34 0 41 99 99 99 99 99 99 99 84 99 99 99 99 99 88 99 99 99 88 99 99 82 
99 99 99 99 99 99 99 99 99 99 99 99 99 94 99 99 99 84 99 99 99 99 79 96 76 84 99 99 99 99 99 99 99 99 99 94 99 99 99 99 99 99 93 99 99 99 99 99 99 99 99 99 91 99 99 99 90 99 99 99 52 57 54 58 65 42 54 65 66 0 90 87 99 93 99 84 99 99 99 99 87 99 99 93 99 87 85 97 99 76 96 
99 99 91 99 99 85 99 99 99 99 99 99 82 99 99 99 99 82 99 99 75 81 99 99 99 99 99 79 99 99 99 99 99 99 96 76 99 99 99 99 97 99 99 99 99 99 99 99 99 99 76 99 76 99 88 99 99 87 99 99 99 99 99 99 99 78 78 76 99 99 0 38 47 38 42 45 64 65 39 40 99 99 99 99 87 99 99 75 99 99 94 
99 96 99 99 76 85 99 96 99 99 99 85 99 99 87 99 94 99 99 99 99 99 99 90 99 97 99 90 99 85 99 99 94 94 99 99 99 99 99 79 91 88 97 99 85 99 78 82 99 99 99 99 99 99 99 82 99 76 99 99 81 99 99 99 99 81 96 99 99 82 64 0 38 38 56 36 64 54 44 34 91 99 99 82 99 99 99 99 82 90 99 
99 99 99 99 99 87 82 93 99 97 99 99 99 99 99 99 99 99 99 99 99 90 81 99 94 99 85 99 99 88 99 99 81 99 99 84 85 99 87 99 93 88 99 99 99 99 99 99 99 97 96 99 99 90 85 99 99 99 78 99 99 99 99 99 99 99 81 99 99 99 42 59 0 37 65 64 53 61 34 48 99 75 99 94 94 90 78 99 99 99 99 
84 99 78 99 99 99 87 99 99 99 99 87 99 99 99 99 99 84 81 99 99 99 99 99 90 75 99 99 99 99 91 99 99 99 99 85 99 99 99 99 99 79 87 99 84 90 99 97 99 93 78 99 99 99 99 75 99 99 99 99 79 99 88 78 99 99 99 99 99 99 60 62 54 0 39 44 34 41 60 36 99 96 99 99 99 75 99 97 97 99 99 
99 99 99 75 99 99 99 96 99 99 99 99 99 99 99 99 99 82 99 75 78 99 99 99 84 99 81 99 84 99 75 99 97 82 99 99 99 99 99 99 99 99 99 99 99 99 99 99 99 99 99 99 99 99 99 99 85 87 91 99 99 99 99 88 99 94 99 99 93 99 38 33 33 46 0 46 48 34 62 46 75 99 99 99 79 99 99 99 99 76 99 
85 99 99 99 87 81 99 99 99 96 99 99 99 99 78 81 99 93 99 85 90 99 99 99 76 99 99 90 99 90 99 99 99 99 90 99 99 88 99 99 99 99 99 99 99 99 99 87 99 99 97 99 91 99 99 78 99 99 99 79 99 81 99 99 99 99 99 99 99 99 36 36 60 36 43 0 55 43 51 62 99 99 99 96 88 87 75 99 99 76 75 
99 99 82 99 99 99 99 99 94 97 99 99 97 99 99 94 99 99 99 99 93 99 99 94 99 99 97 99 85 99 78 82 82 99 99 82 81 99 75 99 99 78 99 84 99 91 99 99 93 99 99 81 99 88 96 82 93 90 99 99 99 84 81 81 81 99 75 99 99 99 38 35 51 37 63 50 0 47 48 59 82 99 99 96 99 85 82 99 99 93 85 
79 96 99 94 99 99 99 75 96 99 99 94 99 99 99 99 99 87 99 99 87 99 75 99 75 99 99 82 99 99 99 99 99 99 88 79 99 99 94 99 99 99 96 99 99 99 99 87 99 75 99 87 76 99 99 99 97 99 99 82 97 99 99 88 99 87 99 94 99 99 57 63 60 56 34 49 63 0 40 65 99 87 94 84 91 99 99 88 93 99 99 
99 99 78 99 99 75 99 99 99 99 88 96 99 99 99 99 87 99 99 99 78 99 99 87 99 99 88 99 99 99 99 76 82 99 99 88 99 99 99 99 84 99 99 84 99 99 99 99 99 99 99 99 99 99 88 79 99 99 84 99 99 99 99 99 99 99 99 97 99 90 35 60 64 54 54 61 39 64 0 65 99 85 87 99 79 81 99 99 99 79 99 
99 82 97 99 85 91 99 99 99 99 94 99 90 78 99 87 90 99 99 99 78 99 81 99 99 99 99 88 99 91 99 75 99 99 78 99 99 99 85 99 99 97 99 93 96 88 97 82 87 88 85 87 99 99 99 99 99 99 99 99 99 99 85 99 99 99 99 78 82 99 50 42 40 54 58 34 56 57 64 0 99 99 99 88 76 90 99 99 99 99 76 
76 99 99 79 99 99 99 78 99 99 99 99 99 99 99 99 99 99 99 99 90 99 99 99 99 91 99 99 99 99 99 99 99 99 99 99 99 99 99 99 99 99 91 99 99 99 99 78 87 79 99 84 90 99 84 99 91 91 99 90 90 99 99 87 99 99 99 81 99 99 88 99 93 96 99 99 99 76 99 99 0 56 33 54 64 58 50 38 60 58 99 
88 99 99 99 79 99 99 99 99 99 99 88 99 91 99 84 99 79 99 99 99 75 81 75 82 99 99 99 85 91 99 99 99 99 99 91 79 99 84 93 81 99 79 99 82 99 93 99 99 99 99 94 99 99 99 97 82 90 99 99 99 87 99 99 87 99 99 99 94 99 75 81 99 99 91 99 99 99 99 99 39 0 44 47 34 41 45 46 39 48 99 
99 78 85 99 99 99 99 99 84 99 99 99 99 99 99 88 88 82 99 91 99 76 99 78 75 99 99 97 99 99 99 99 99 90 99 99 84 99 99 99 76 99 88 76 99 99 94 99 99 76 99 99 99 99 99 87 99 99 99 99 99 99 99 99 99 99 99 99 99 93 99 99 97 93 99 99 99 99 99 99 40 57 0 61 62 56 34 48 58 33 99 
82 99 99 82 99 99 99 99 99 99 99 99 99 99 99 99 99 99 99 99 93 97 99 85 99 99 99 99 99 99 99 99 99 99 90 79 93 99 99 87 99 99 99 99 99 99 99 79 99 76 99 96 85 91 99 99 99 88 99 99 99 99 78 87 99 99 99 99 82 75 99 99 85 75 99 99 99 99 76 99 46 40 33 0 62 56 40 39 40 64 96 
99 82 99 99 99 99 99 99 99 88 85 99 99 99 99 82 82 99 99 99 99 96 99 99 75 75 90 99 93 99 79 99 94 81 99 81 93 99 99 81 99 82 99 90 97 99 99 99 99 99 75 99 90 99 93 99 96 99 96 99 99 99 99 91 87 99 99 88 99 90 99 76 87 87 99 93 99 87 99 99 35 62 40 38 0 48 60 44 60 51 99 
99 84 99 99 85 99 99 91 99 79 99 99 99 99 99 90 99 88 99 99 90 99 91 99 99 91 99 99 99 90 99 96 82 99 99 93 99 99 99 99 99 76 97 78 99 99 84 99 99 99 79 99 85 99 99 99 99 78 99 99 99 99 99 99 99 99 99 99 99 99 76 82 78 99 99 99 93 75 99 99 57 54 38 55 45 0 57 59 50 36 85 
94 99 79 99 99 99 91 99 99 79 81 91 99 99 99 99 99 81 97 99 99 99 99 99 99 82 91 99 99 99 99 99 99 99 99 99 96 90 87 99 85 99 99 91 99 99 81 76 99 99 85 99 82 99 94 78 99 99 99 99 94 99 87 99 99 99 99 75 99 99 99 99 99 99 99 97 99 96 99 99 44 42 66 40 53 63 0 60 42 61 99 
99 99 75 93 99 99 99 99 79 85 99 99 93 99 82 99 99 99 85 99 99 99 93 99 99 99 99 82 99 99 99 90 99 99 99 99 99 84 87 99 99 90 99 82 99 99 99 90 99 81 99 99 82 93 99 99 75 81 81 99 84 99 99 99 99 97 99 99 96 99 99 79 99 99 85 99 99 99 88 78 59 58 56 34 57 56 56 0 44 34 96 
99 76 81 99 99 90 75 78 99 99 99 99 99 99 85 93 99 99 75 99 99 75 79 99 87 99 97 90 99 99 99 88 99 99 93 99 99 99 99 99 99 88 99 78 99 90 99 99 99 96 99 93 99 99 99 78 99 99 78 99 99 78 99 99 99 88 99 94 99 88 99 81 99 99 99 99 99 99 99 99 54 58 36 56 35 40 62 46 0 40 99 
99 99 99 99 99 99 88 79 99 99 99 99 75 81 99 99 93 99 94 99 79 84 85 99 99 99 91 99 99 75 99 81 75 75 99 99 99 99 99 97 99 99 93 88 88 99 91 99 99 99 99 99 99 99 99 94 94 99 87 99 99 99 99 99 99 99 99 76 76 99 99 99 99 91 94 99 99 99 99 99 55 50 40 60 57 52 57 43 46 0 99 
99 99 99 99 99 99 99 99 99 99 99 99 99 82 99 99 78 99 99 99 82 99 97 99 99 76 99 94 99 99 99 99 99 99 99 79 99 99 93 99 99 99 99 99 99 81 99 90 99 99 99 99 99 99 99 99 99 99 99 99 79 99 82 94 96 88 99 99 99 87 99 99 93 99 99 99 99 99 99 99 96 78 99 99 75 99 99 76 99 99 0 
