n: 90
m: 8
Pi:U[1-99] 64 25 86 84 94 46 59 68 15 27 61 68 67 25 20 6 60 27 63 66 21 19 53 82 89 75 42 23 95 92 77 51 18 41 97 66 33 91 2 56 89 51 7 27 38 17 58 92 37 29 39 46 76 28 42 41 22 87 10 32 16 90 1 57 72 63 28 54 74 4 53 51 79 5 86 33 10 51 74 17 57 8 82 98 36 39 84 48 39 98 
Si:U[50-99]
0 71 54 82 55 92 69 53 62 50 86 78 80 64 52 59 84 95 58 86 55 66 93 63 59 53 93 72 69 64 81 73 92 97 63 68 93 57 56 77 98 88 89 96 88 98 89 96 78 57 53 99 81 74 60 62 88 69 98 80 84 69 92 89 68 51 53 51 50 73 59 88 84 59 73 51 96 70 91 84 77 94 96 88 60 55 51 86 57 75 82 
80 0 94 81 70 58 90 73 71 98 57 66 98 65 65 64 71 93 95 59 65 93 55 89 77 64 74 65 83 99 77 71 62 96 93 55 84 61 67 81 96 95 65 69 54 78 59 71 91 62 81 96 81 99 74 70 90 92 53 77 67 63 66 92 98 63 62 50 84 75 78 71 86 99 85 55 57 51 99 85 79 63 85 84 76 56 59 92 62 86 77 
80 67 0 64 55 51 56 82 70 94 61 87 51 80 72 87 78 76 54 53 75 90 64 96 74 50 50 56 62 92 61 76 79 90 96 91 84 51 74 53 77 80 68 78 69 80 79 80 94 65 85 83 69 94 93 66 72 59 98 57 54 68 78 62 89 75 92 74 75 58 83 64 71 84 97 85 81 61 86 84 87 65 94 92 99 63 60 91 91 90 93 
54 94 62 0 93 83 80 79 81 61 63 70 57 67 95 89 60 57 79 65 97 93 80 83 96 62 87 72 65 88 66 92 75 90 90 87 65 90 64 96 98 94 98 72 77 76 50 77 98 58 71 77 86 71 93 92 70 71 90 57 62 95 70 72 50 63 66 75 89 85 59 65 69 98 89 98 50 82 97 63 50 76 74 96 90 56 56 95 71 58 86 
97 79 91 65 0 86 54 95 68 86 61 80 77 65 98 99 90 68 83 51 99 54 90 87 87 94 75 61 78 57 70 64 98 63 81 55 66 79 87 91 60 94 78 81 92 73 70 66 51 70 69 91 80 96 95 90 94 56 69 95 65 57 72 97 52 62 63 69 56 66 62 72 67 86 81 65 77 70 72 97 93 83 97 77 62 69 82 52 86 80 91 
80 82 52 80 92 0 80 86 95 82 95 55 70 96 58 88 67 98 56 61 92 67 86 67 62 88 84 75 83 65 77 66 89 63 54 77 80 72 62 82 50 71 83 56 73 59 65 72 83 65 82 54 90 51 82 63 63 77 55 96 62 85 77 93 87 81 76 72 65 65 57 73 77 75 61 57 52 71 87 58 99 83 91 98 95 57 83 77 99 53 56 
89 97 78 97 55 97 0 79 63 71 63 99 89 84 88 73 83 86 60 98 70 95 56 94 78 83 71 51 71 70 73 71 73 74 55 84 93 98 69 87 50 74 83 58 53 91 56 90 60 58 52 59 89 74 91 90 82 86 86 63 75 55 62 89 53 93 94 86 66 60 68 54 51 86 95 91 56 67 99 79 99 98 74 89 75 71 60 72 96 84 94 
87 56 79 85 93 90 81 0 51 69 54 79 78 97 76 52 93 97 58 56 56 69 82 64 73 55 59 52 85 82 85 93 80 68 89 52 88 96 60 62 81 52 61 61 67 85 74 50 85 84 60 71 94 96 87 83 76 86 70 60 84 73 91 54 92 86 50 96 56 50 57 71 63 85 91 60 78 80 68 85 81 93 57 67 80 76 82 76 66 51 84 
82 86 81 67 97 78 72 81 0 60 55 79 84 96 69 92 54 90 54 52 91 71 98 54 95 77 96 61 52 68 89 69 61 55 63 88 88 94 67 76 70 79 78 92 60 91 85 51 53 58 90 55 80 90 91 76 72 75 60 89 92 77 91 86 99 91 93 62 74 80 79 72 76 68 87 59 91 66 60 87 84 68 63 92 98 84 51 86 76 80 53 
90 57 86 61 75 78 77 96 53 0 68 56 92 52 75 64 76 55 86 67 78 92 66 51 99 77 74 69 58 87 95 95 99 84 56 50 87 62 72 70 58 66 88 56 58 83 92 80 68 62 91 65 74 63 67 90 53 51 71 79 64 62 65 97 65 77 55 86 73 55 51 54 74 58 88 89 77 58 90 70 95 71 70 97 82 95 94 96 70 65 57 
81 92 74 90 60 97 90 72 76 68 0 55 70 80 91 73 76 89 55 93 88 96 93 83 91 65 95 74 67 53 72 62 67 75 60 54 54 93 80 60 84 80 93 53 68 94 76 97 86 70 61 52 69 51 99 87 95 70 78 75 78 55 82 94 84 89 79 88 86 63 58 87 93 78 50 99 92 91 68 82 71 60 95 67 91 89 96 57 99 74 94 
94 87 87 85 87 97 83 96 95 96 88 0 83 81 98 90 72 85 91 63 60 84 78 70 99 69 66 60 83 85 57 83 80 90 75 75 78 79 62 60 58 62 83 69 66 69 75 93 97 70 71 61 82 87 96 85 64 72 93 70 58 77 87 58 88 85 97 60 56 65 79 50 97 62 63 82 65 98 69 56 73 89 51 93 75 97 60 80 76 87 78 
69 54 90 57 68 83 88 57 91 61 50 82 0 50 64 84 66 76 54 57 71 51 67 65 90 72 56 89 82 89 81 52 59 84 58 83 62 82 82 92 86 95 67 76 80 74 63 68 72 67 98 61 52 79 53 67 96 58 80 74 54 76 52 57 70 71 64 79 57 77 68 54 91 83 66 93 66 94 95 64 51 56 74 72 73 93 67 79 68 87 78 
98 53 51 96 58 72 97 50 96 71 79 86 90 0 62 77 95 59 66 67 85 57 73 64 76 59 59 60 53 60 76 63 50 82 74 51 84 59 63 95 96 94 75 71 83 95 85 95 75 87 94 92 94 73 91 97 63 79 73 74 84 99 87 76 90 96 50 93 62 69 59 95 71 66 59 84 80 72 52 87 50 88 71 59 57 74 72 85 59 86 74 
68 98 87 95 50 65 99 91 63 94 90 60 93 80 0 55 81 94 52 51 67 51 85 80 79 81 73 87 60 58 55 81 89 92 79 93 82 81 97 75 52 70 71 84 75 60 70 83 98 94 52 61 82 81 73 88 86 93 81 61 93 85 63 74 68 53 64 73 73 96 71 72 77 51 55 72 65 88 75 85 91 67 74 69 92 82 54 98 57 54 58 
58 88 52 78 74 68 71 76 89 73 97 95 67 93 90 0 52 71 81 50 96 95 82 90 66 93 87 59 82 95 92 70 77 91 86 75 68 81 94 96 90 51 68 70 98 93 78 89 72 99 66 98 80 94 79 57 96 61 87 88 97 91 88 86 60 66 91 61 73 51 51 83 78 81 57 88 78 87 86 92 70 89 96 97 58 91 83 75 74 95 59 
52 67 56 87 66 52 76 99 89 52 99 79 94 87 99 72 0 99 92 88 81 68 59 82 68 80 76 85 74 80 98 62 59 60 85 94 68 60 56 83 70 87 98 94 99 91 86 77 89 80 73 53 54 61 75 60 75 71 83 83 55 59 76 51 91 52 68 98 98 89 50 87 65 58 90 93 82 64 94 80 82 53 50 53 80 53 65 53 94 90 87 
66 79 63 81 80 82 91 75 81 85 90 64 69 59 93 95 86 0 71 62 53 92 56 85 82 64 85 75 59 86 92 85 60 79 79 94 80 91 56 78 52 81 69 81 99 76 85 50 65 59 61 68 67 73 57 76 97 68 62 67 53 73 63 84 77 69 72 91 97 50 81 96 70 66 51 93 83 91 59 87 95 50 56 70 89 53 65 50 53 78 83 
58 98 87 78 88 86 90 94 84 87 63 82 70 86 51 79 55 78 0 58 59 88 62 96 68 54 82 89 72 69 98 70 64 75 77 73 66 71 61 99 67 67 81 67 89 50 68 70 93 50 75 54 77 63 94 86 99 62 67 92 99 79 52 70 90 81 68 92 95 59 65 70 95 56 64 91 67 86 71 52 74 79 65 64 73 70 86 55 82 83 77 
98 70 75 80 81 74 79 78 56 52 96 68 64 93 58 84 95 81 88 0 79 98 57 75 84 59 61 77 98 97 69 91 82 98 64 60 77 88 99 98 73 70 92 92 59 52 85 60 90 77 79 87 95 94 84 64 65 92 86 61 94 93 92 65 82 51 60 57 93 80 92 65 64 61 66 93 54 69 57 65 60 84 85 89 66 77 64 83 87 63 70 
96 93 80 80 81 84 53 66 99 83 88 60 68 53 64 85 64 89 98 69 0 72 72 88 91 64 79 55 71 92 64 89 81 53 96 60 63 71 80 75 78 51 98 80 52 82 92 62 61 64 75 80 69 64 63 87 82 76 95 89 89 85 57 65 68 75 53 66 53 72 80 54 62 91 57 93 74 89 77 66 78 82 72 86 72 57 68 58 58 99 72 
68 67 81 77 76 71 74 73 72 51 55 61 81 83 72 69 79 99 51 71 61 0 54 78 65 57 70 97 71 82 52 89 63 52 65 58 55 78 81 54 95 56 62 77 89 59 96 74 61 99 99 70 56 54 92 92 87 64 61 50 51 89 98 86 89 97 90 73 60 64 84 97 86 92 99 72 74 60 50 73 89 65 57 52 55 68 75 68 72 78 78 
71 85 52 83 77 93 81 87 86 86 59 85 93 90 91 61 67 85 68 89 63 64 0 85 93 92 72 51 66 64 88 53 96 81 85 95 99 84 83 68 82 82 69 79 81 83 93 56 98 68 78 75 62 56 70 59 55 57 91 82 58 94 65 54 81 93 94 83 91 94 91 53 71 61 77 59 51 63 58 78 65 98 98 97 97 85 71 86 89 99 76 
79 55 89 83 96 92 57 97 96 51 55 68 56 69 98 88 68 92 68 84 89 58 69 0 85 55 76 57 84 98 69 76 85 88 85 98 74 82 53 62 68 89 85 83 84 95 64 75 83 97 66 67 72 51 75 99 78 62 71 85 80 99 69 69 79 68 90 95 76 73 91 61 65 83 69 86 97 61 85 70 84 69 75 77 99 65 67 78 59 95 91 
57 72 94 91 59 51 98 61 95 69 62 92 95 87 61 69 87 97 86 79 58 80 67 52 0 97 54 51 90 94 61 67 61 86 75 82 66 76 58 94 66 84 95 58 66 72 99 74 62 82 92 74 71 84 98 59 98 53 62 89 67 94 87 88 98 66 71 65 82 57 66 55 82 80 59 88 66 86 54 77 82 52 87 66 67 52 64 95 94 96 80 
55 75 85 58 72 81 61 69 79 67 77 60 63 77 91 85 71 53 71 90 51 68 85 93 81 0 97 98 95 50 69 86 70 89 59 90 53 87 89 92 95 84 76 55 96 69 92 52 62 84 63 80 56 96 78 89 53 54 99 52 89 59 94 98 83 76 92 89 74 96 99 64 57 94 94 52 96 94 60 57 67 65 51 90 59 50 54 91 70 93 67 
78 62 62 74 98 54 89 88 59 56 60 59 86 86 62 52 74 56 80 50 58 81 89 77 93 74 0 69 54 71 91 84 64 63 75 81 55 85 95 92 76 59 93 90 88 80 87 50 53 98 91 83 79 78 61 90 89 97 58 70 96 62 79 54 86 59 57 55 78 71 57 95 59 61 88 93 87 83 55 95 98 67 51 91 88 81 84 55 96 65 63 
88 92 70 63 63 94 69 65 68 85 52 97 61 86 72 96 60 58 52 51 76 53 75 69 97 50 92 0 57 61 60 89 99 65 61 99 93 81 91 70 57 92 70 64 95 85 91 71 65 84 92 83 80 55 56 69 84 70 82 83 99 68 66 84 78 66 85 91 78 76 92 66 64 72 94 74 60 67 88 74 91 82 54 81 65 97 77 61 95 93 62 
79 69 51 85 72 73 66 79 65 89 75 50 77 53 83 95 76 66 71 95 87 65 56 80 82 79 63 68 0 80 55 79 59 79 82 83 86 93 99 76 77 69 74 67 93 92 54 67 85 55 78 69 99 90 79 83 86 70 82 67 81 57 93 59 92 56 82 86 84 75 60 57 73 94 69 58 86 70 57 51 74 61 50 54 80 57 94 97 50 85 72 
97 77 91 71 59 94 69 59 67 93 64 64 72 70 53 50 79 78 95 54 83 59 73 60 72 66 73 77 68 0 99 55 71 71 76 64 92 69 82 50 68 84 52 78 57 69 99 73 68 66 71 83 53 77 73 57 89 97 81 86 72 88 69 57 57 65 65 68 87 50 93 51 89 65 61 83 63 53 80 93 71 81 64 87 54 57 72 71 53 65 93 
65 92 56 55 96 63 72 57 77 67 89 75 68 61 79 54 53 83 73 97 90 84 86 71 88 92 94 92 76 79 0 75 90 94 51 56 81 98 78 71 63 62 95 83 72 72 55 96 66 59 53 89 93 87 53 92 66 91 75 90 78 71 64 99 73 67 86 50 93 64 92 95 50 74 56 64 51 54 78 93 69 89 51 99 54 57 85 66 97 64 54 
58 64 88 73 95 50 63 50 97 69 90 54 76 66 94 55 91 56 55 94 72 93 59 91 96 93 79 79 64 76 76 0 92 50 79 74 91 76 63 90 51 52 70 92 69 78 81 53 68 94 67 88 83 73 83 50 55 62 58 67 69 97 63 76 71 99 78 52 87 53 60 94 59 95 62 86 58 67 81 80 70 90 72 85 84 92 93 70 85 87 61 
97 64 83 64 86 63 69 59 54 85 80 63 51 83 89 90 94 70 64 68 62 58 71 96 70 77 89 69 57 88 55 89 0 55 58 71 91 82 58 78 77 84 66 85 61 57 51 63 76 86 98 94 58 52 62 97 60 94 70 89 86 97 87 65 98 78 74 88 68 81 75 94 93 87 84 52 77 71 95 81 53 57 83 56 90 56 52 71 93 62 50 
63 64 72 86 89 93 67 64 82 70 70 76 67 96 66 75 85 77 83 62 93 67 90 98 66 66 96 75 97 50 76 80 72 0 78 92 96 67 70 96 57 70 81 79 80 67 77 66 70 93 93 56 55 81 74 98 65 74 68 66 56 97 72 50 89 84 82 66 53 77 92 56 83 68 65 56 56 60 77 62 94 84 89 82 85 60 67 94 53 73 51 
73 95 86 80 96 57 91 69 75 83 51 66 70 72 99 55 99 71 84 53 54 70 56 77 60 79 62 65 98 83 94 70 57 95 0 96 55 69 68 87 82 61 78 74 53 92 50 62 76 94 95 74 91 62 77 52 76 75 60 67 73 66 72 58 86 90 98 68 93 76 58 59 89 77 53 66 70 82 90 63 62 99 65 66 69 51 89 91 51 68 81 
94 83 67 90 54 90 50 80 88 92 52 58 94 73 62 73 91 98 55 67 94 99 83 78 55 74 99 57 77 56 63 95 60 58 64 0 71 81 67 88 81 97 84 64 95 73 52 67 54 92 84 69 88 70 65 54 83 60 96 90 73 83 76 86 73 51 69 88 76 58 81 85 84 96 97 68 57 85 68 87 94 57 67 77 76 62 70 64 74 88 77 
86 68 95 73 76 98 77 56 68 91 99 85 71 81 64 78 52 88 93 65 93 63 51 82 79 60 93 57 87 63 72 92 54 56 70 71 0 86 74 79 86 59 85 92 52 52 52 53 70 53 90 93 52 86 97 51 79 80 60 74 95 71 65 50 85 73 65 56 68 64 96 56 70 76 64 72 65 79 62 62 97 58 89 87 71 84 51 70 93 70 82 
53 93 57 95 55 59 72 99 96 70 79 56 59 99 53 97 78 85 69 94 55 60 96 82 71 69 67 88 66 97 74 63 75 91 86 84 78 0 56 61 81 97 71 75 75 51 77 67 62 87 78 83 65 59 90 59 82 66 96 77 81 54 56 50 67 57 86 52 99 80 82 61 97 58 76 65 83 84 96 81 83 79 53 95 59 76 54 51 54 67 99 
89 75 76 85 96 73 80 52 64 57 71 53 81 83 58 94 52 95 61 83 89 69 80 99 93 80 75 71 72 61 67 71 99 71 92 68 80 88 0 56 55 95 85 91 61 93 94 58 68 98 85 57 54 60 89 90 54 79 96 63 91 60 89 91 63 83 66 90 70 89 56 85 81 84 94 71 85 96 69 62 63 98 76 71 52 94 89 65 95 90 83 
50 50 71 82 80 88 71 91 59 82 55 64 51 65 71 51 74 93 80 53 88 77 62 89 91 53 61 64 83 77 89 51 57 92 68 97 94 63 52 0 90 94 64 61 80 67 83 66 81 84 59 52 82 77 71 71 68 61 58 78 75 66 88 51 63 69 59 90 69 81 95 67 77 87 93 74 52 83 74 72 55 81 93 68 94 71 97 74 69 84 65 
99 85 73 80 66 66 54 98 59 75 73 73 56 86 59 70 83 58 60 99 86 54 90 63 70 99 55 51 70 79 64 86 67 57 98 65 67 70 93 86 0 97 85 51 71 83 63 56 75 97 60 85 64 59 77 96 96 91 65 63 57 69 71 66 77 89 58 57 80 54 81 73 57 97 78 73 89 81 74 67 65 62 96 93 62 55 83 69 66 79 99 
75 81 70 88 51 83 52 79 71 88 99 84 78 63 73 96 53 89 71 54 87 84 82 66 96 55 96 86 70 57 55 82 89 91 72 98 69 69 50 85 86 0 71 58 79 76 97 77 94 71 59 65 57 82 78 67 90 67 91 87 77 74 99 80 78 76 91 58 86 55 59 72 74 76 60 88 73 57 95 94 61 53 86 65 50 91 68 96 92 92 83 
58 72 82 54 72 70 60 81 99 70 94 55 77 55 56 80 98 70 57 81 77 89 81 53 52 55 88 53 88 54 91 64 55 77 87 75 75 69 97 76 77 95 0 64 52 52 62 78 81 82 76 68 83 59 57 77 63 99 73 57 58 51 85 88 62 53 58 57 50 56 89 74 76 94 80 61 63 81 91 75 68 96 70 68 64 80 93 95 70 61 91 
85 94 97 62 70 84 50 80 75 88 91 51 58 69 89 80 75 60 89 51 86 52 66 81 71 98 62 61 99 63 88 83 66 58 60 73 62 78 57 97 72 64 76 0 96 50 74 89 72 94 78 56 70 99 91 62 60 98 52 59 67 50 93 72 85 93 51 67 95 57 66 81 78 96 90 96 59 78 71 93 95 97 94 52 95 65 98 99 52 99 66 
92 70 73 51 97 67 80 99 65 86 77 74 60 77 83 77 98 64 58 84 78 82 82 90 78 57 96 50 61 65 74 63 71 55 66 59 63 99 99 90 52 60 97 51 0 88 92 62 52 57 53 69 52 88 90 63 95 51 51 64 99 91 77 72 92 85 86 59 97 59 85 59 84 92 91 52 96 98 95 85 91 78 66 80 58 71 94 93 75 69 88 
85 53 90 76 68 83 64 90 96 93 71 60 97 99 70 72 63 77 91 77 78 85 92 99 55 96 58 56 60 85 98 80 60 80 96 97 55 89 88 65 88 97 69 87 86 0 58 86 80 94 81 60 60 60 86 61 57 50 62 83 78 63 99 98 91 82 76 61 86 90 96 60 73 66 90 78 79 73 71 87 72 80 56 89 96 70 57 50 51 77 67 
94 89 62 96 83 95 83 64 87 50 93 63 74 51 82 69 78 61 83 96 66 80 96 64 73 54 98 85 66 92 76 71 59 60 56 89 87 77 71 80 91 90 79 80 65 69 0 88 60 99 92 55 81 71 52 72 93 75 68 70 67 58 52 82 58 88 93 68 97 66 70 73 76 58 57 57 98 98 92 58 63 85 59 65 59 94 86 57 65 56 65 
71 73 68 78 66 71 93 62 69 60 75 75 72 97 77 85 74 78 51 52 54 72 65 66 63 67 86 89 94 69 86 79 92 57 69 95 58 60 56 92 76 68 91 56 91 97 90 0 76 99 63 71 61 99 99 88 82 62 76 69 82 51 52 54 67 99 73 50 50 67 97 52 51 89 94 95 56 60 58 77 90 55 74 88 56 70 82 56 84 53 96 
90 90 75 65 96 79 99 67 83 51 98 85 73 76 58 58 75 98 83 70 84 84 76 87 90 75 61 86 62 95 50 68 81 59 88 97 84 52 88 91 66 58 93 51 76 85 74 96 0 58 85 90 68 94 70 52 85 92 97 74 59 88 83 74 54 71 78 86 89 64 86 64 96 86 80 64 81 83 81 72 69 64 86 70 85 83 62 81 83 64 60 
76 83 62 53 54 74 54 67 97 69 66 83 75 80 95 89 82 95 73 97 55 86 78 57 71 53 75 61 82 72 61 82 76 67 78 74 52 67 51 60 59 55 93 75 96 81 70 67 74 0 84 91 91 84 78 56 90 53 89 70 54 56 69 50 94 86 91 83 64 73 58 53 52 76 71 72 95 87 54 52 93 98 90 79 84 52 55 93 78 54 66 
51 58 93 75 50 87 89 66 59 99 60 84 64 79 95 75 58 71 70 56 80 73 89 56 58 59 94 72 68 88 73 77 96 88 97 52 90 85 57 63 72 70 92 76 98 71 72 61 98 93 0 87 65 82 79 57 88 89 60 65 90 63 65 67 54 77 87 68 52 59 81 70 52 71 91 57 71 66 90 91 64 55 86 91 50 83 51 77 69 96 56 
79 92 92 79 74 62 85 81 73 98 67 55 52 99 97 63 84 75 54 71 91 65 97 61 82 74 83 98 59 70 62 99 50 86 55 86 93 85 73 55 89 57 82 66 85 54 67 91 65 70 88 0 61 61 62 55 84 53 77 84 87 52 61 93 88 55 68 77 91 99 64 63 89 54 51 81 96 51 75 64 78 76 54 79 65 86 96 62 94 63 52 
94 95 99 89 50 80 70 68 84 86 94 67 76 51 71 99 55 72 58 53 70 51 82 50 61 75 91 87 65 92 56 83 85 70 54 56 56 79 67 78 78 57 88 73 54 61 66 89 69 60 95 57 0 62 77 51 97 93 62 90 92 69 55 98 63 61 87 55 96 80 88 87 71 59 56 55 76 59 50 51 66 80 69 92 57 63 76 67 53 73 95 
92 86 68 98 76 61 60 96 65 66 65 73 76 62 95 76 95 61 95 83 75 95 52 79 52 61 51 78 84 58 89 77 70 77 67 98 87 57 64 66 79 71 79 70 59 61 82 97 89 60 78 95 89 0 66 89 62 79 70 84 99 94 81 78 64 77 80 81 97 62 77 78 77 90 59 94 82 62 79 56 66 64 88 59 72 53 79 65 96 65 98 
99 91 98 65 80 66 53 80 81 54 67 65 84 72 95 55 77 95 56 63 90 58 70 82 98 95 75 88 84 50 99 90 75 64 97 75 57 63 74 72 60 82 76 69 95 91 86 88 98 60 95 95 94 72 0 57 70 73 60 69 55 64 61 90 80 69 96 76 60 57 64 96 81 92 83 81 51 89 84 95 60 97 97 61 95 77 72 59 57 71 71 
84 97 84 87 58 96 99 98 67 99 63 53 62 64 58 88 75 86 80 72 73 75 98 88 91 58 83 68 50 67 66 66 71 75 95 60 53 96 78 61 53 89 64 84 67 94 79 99 76 57 94 70 84 50 87 0 74 66 59 67 84 50 75 91 73 65 55 83 66 93 97 88 75 94 70 84 50 82 63 93 75 58 78 87 72 64 60 93 94 66 75 
96 56 82 94 77 97 51 78 96 74 62 65 99 92 90 68 69 70 88 72 96 51 81 84 99 65 77 69 90 90 87 51 52 82 97 54 81 96 88 56 98 94 87 81 79 59 87 91 66 80 81 79 56 92 78 58 0 67 55 52 52 89 84 79 76 83 54 55 78 54 50 85 99 92 98 91 89 84 77 54 82 55 87 52 68 77 64 54 71 62 84 
75 94 85 98 85 58 55 82 84 85 81 82 65 69 62 59 57 56 93 51 94 77 85 82 58 98 75 63 75 69 88 74 83 54 90 57 54 78 76 73 78 51 91 87 78 58 52 97 83 73 58 54 77 88 61 70 64 0 59 86 90 86 71 85 69 62 52 65 63 68 86 57 91 77 87 69 81 85 62 93 54 95 51 74 60 92 86 88 86 62 81 
58 89 63 62 87 86 69 50 63 63 63 60 68 59 59 51 51 56 82 97 50 70 55 99 77 82 86 57 75 70 58 50 51 78 97 56 96 71 90 51 96 92 91 81 70 77 79 97 93 93 92 95 81 79 75 79 59 87 0 87 55 84 75 89 78 57 94 98 69 58 86 79 85 93 58 73 80 54 86 88 99 79 99 94 91 92 83 87 87 92 62 
86 54 51 78 81 84 53 94 91 53 88 87 99 78 62 89 99 74 96 66 61 88 51 92 88 56 66 82 93 73 65 65 80 65 77 66 54 83 51 61 61 61 93 99 86 72 78 67 55 79 91 93 50 52 85 72 52 84 83 0 94 89 55 60 97 73 54 51 82 67 76 79 96 52 82 78 86 57 84 66 75 59 90 79 78 95 75 81 63 59 95 
59 59 50 54 59 82 97 91 91 98 80 92 95 51 70 86 78 79 83 56 81 50 76 73 61 85 87 83 65 91 61 68 94 56 72 93 58 75 95 91 61 71 95 90 60 86 89 60 85 61 64 62 64 71 99 91 73 57 67 77 0 70 92 86 74 65 89 74 77 68 61 96 97 57 83 83 98 55 68 76 83 73 95 90 90 93 89 61 77 78 74 
61 55 57 70 70 58 74 56 79 64 82 89 82 94 84 88 84 62 64 93 92 78 95 63 50 77 67 51 72 58 60 75 61 88 71 86 53 75 68 57 79 73 50 53 57 91 85 59 93 57 91 72 71 68 82 68 84 73 69 91 71 0 56 74 88 91 53 99 93 51 62 86 50 88 79 64 85 56 82 72 96 81 67 91 62 71 77 63 88 64 78 
86 53 57 76 95 52 61 71 77 92 75 82 62 62 62 59 59 88 74 62 87 78 55 96 90 77 95 59 55 73 90 78 52 89 90 51 87 92 64 76 99 69 85 75 80 71 70 61 92 97 51 64 89 73 67 79 97 71 60 98 65 91 0 69 98 89 97 93 75 52 57 55 78 72 74 82 61 69 56 69 92 69 82 68 77 98 68 84 65 91 67 
54 98 50 98 71 84 61 83 62 67 63 98 92 92 90 99 91 96 55 56 58 89 56 61 98 62 79 52 97 66 93 69 96 87 72 64 88 71 86 81 81 93 61 85 93 92 80 80 73 67 58 92 51 73 67 99 63 64 94 69 90 56 80 0 88 73 61 78 59 98 55 83 91 68 93 95 62 92 91 65 82 61 88 51 53 91 99 89 83 92 83 
94 68 69 77 85 91 83 93 88 87 69 85 95 78 64 53 50 73 50 81 92 56 75 55 66 85 85 99 54 73 64 72 69 90 54 91 66 65 62 55 73 79 88 84 79 80 68 81 98 96 69 79 71 60 98 89 97 93 65 87 55 92 81 58 0 53 93 65 50 95 91 66 95 93 63 60 81 57 84 69 62 98 67 82 79 66 87 82 93 74 91 
62 99 88 80 54 91 84 52 64 61 53 71 66 95 62 67 64 63 67 79 80 75 95 66 71 91 79 89 97 64 61 75 92 91 71 83 93 86 92 85 94 70 94 51 77 55 53 76 65 52 87 71 80 64 50 89 83 99 54 85 59 99 98 56 79 0 76 66 78 74 94 69 98 93 71 71 97 69 71 81 74 84 77 95 54 89 50 66 59 77 57 
79 67 75 76 95 94 85 65 88 97 80 51 74 70 96 75 81 52 84 60 99 56 98 78 96 94 57 81 53 84 78 89 88 77 98 99 66 83 77 84 73 63 91 57 88 53 80 91 70 87 76 92 56 68 85 86 88 99 72 76 60 51 87 89 58 88 0 75 78 73 52 84 64 61 88 74 69 91 98 91 54 54 77 73 97 92 81 52 59 62 86 
56 83 76 55 63 85 78 55 94 73 81 61 57 77 92 85 66 90 51 76 61 70 76 63 79 84 77 70 77 57 56 55 62 63 79 73 85 57 92 96 92 53 66 71 96 81 80 93 68 74 90 82 71 67 61 97 87 68 51 70 91 89 88 99 52 85 61 0 93 92 73 90 93 72 68 81 82 98 94 62 54 71 77 77 56 60 63 50 98 51 69 
84 54 73 76 62 54 74 57 69 80 94 69 91 77 89 81 63 68 97 96 91 88 82 92 87 50 60 86 86 57 50 78 75 73 97 85 58 83 73 62 69 87 89 76 70 67 76 68 77 78 64 79 54 56 75 90 84 74 62 88 88 62 89 87 63 83 87 77 0 66 96 70 60 66 73 88 60 92 88 50 73 85 61 94 62 93 78 68 65 81 77 
85 65 82 95 82 89 70 88 55 62 86 65 98 68 89 50 60 93 64 93 58 57 86 90 56 68 74 80 67 50 71 59 62 64 53 62 80 81 52 83 82 51 65 90 58 66 85 72 78 54 96 59 71 62 92 56 52 83 70 50 72 53 77 68 58 99 57 95 90 0 97 89 81 55 58 68 67 50 50 89 82 94 93 97 71 99 85 95 81 64 54 
72 72 71 55 58 80 68 56 66 73 85 87 61 76 68 51 84 67 60 93 95 82 87 57 95 68 98 55 63 67 68 54 65 54 77 64 55 63 83 54 68 96 73 88 85 94 72 58 79 55 91 85 90 71 69 92 80 62 67 81 72 73 70 50 97 65 55 50 97 69 0 69 91 72 75 93 93 92 68 65 69 75 81 54 78 54 98 70 87 54 91 
98 76 50 95 94 86 65 72 96 50 67 62 81 86 51 79 69 81 78 72 59 60 80 69 61 97 67 76 94 61 80 59 98 50 89 93 68 68 97 51 64 87 72 81 86 64 53 89 68 71 81 66 88 94 97 55 88 90 68 52 95 91 50 53 77 91 59 94 76 89 96 0 96 65 60 97 89 83 54 61 89 51 64 74 53 68 91 71 70 57 55 
50 55 75 84 61 75 63 64 93 61 82 65 81 77 50 72 77 68 50 77 76 80 99 90 99 82 63 96 65 76 71 97 60 82 84 92 60 80 74 71 60 79 66 58 52 75 66 65 92 80 95 69 87 92 92 97 71 69 64 50 85 97 86 55 62 84 99 59 83 57 82 59 0 73 94 76 75 78 73 62 59 55 63 95 59 88 88 63 63 65 93 
60 63 50 94 79 79 90 64 75 75 50 65 82 50 81 53 86 73 54 70 53 66 66 87 61 93 69 58 72 94 76 66 87 59 98 96 66 60 77 61 90 82 61 65 76 64 81 53 59 91 55 97 91 54 89 96 61 91 97 99 56 69 58 72 68 50 53 59 73 59 54 92 67 0 70 50 88 52 67 53 50 66 50 80 86 54 96 98 66 56 59 
72 60 69 94 78 82 87 75 63 82 72 52 63 82 72 97 64 59 85 87 77 97 75 61 58 67 51 98 50 70 82 94 59 89 74 85 61 68 73 77 54 50 79 63 51 70 58 92 65 95 98 84 81 77 50 67 82 83 91 96 79 69 81 79 67 61 87 69 98 97 72 72 85 78 0 94 89 93 77 53 96 76 55 73 83 70 97 51 56 72 70 
96 55 89 65 56 78 52 76 52 88 91 80 77 77 70 78 50 51 57 79 55 80 53 92 72 97 98 90 57 91 98 51 90 88 83 65 81 87 53 78 80 83 57 97 87 61 84 56 65 86 86 66 69 63 51 51 83 50 92 54 92 83 94 51 77 82 62 58 71 85 86 73 89 79 86 0 87 70 82 51 54 84 58 50 75 55 67 85 90 74 65 
86 90 51 50 94 51 55 69 58 50 99 57 84 84 57 86 83 98 95 72 81 63 60 93 70 68 74 89 77 91 92 79 61 91 81 88 78 80 61 72 59 69 57 72 54 66 83 75 88 94 88 54 74 88 96 52 98 61 70 52 52 89 67 98 97 81 78 61 99 75 60 61 54 68 87 56 0 85 94 53 65 84 54 94 74 62 74 78 85 90 84 
85 71 66 91 98 86 64 68 93 64 61 70 72 89 51 87 53 50 51 77 86 65 90 80 69 60 80 94 89 89 74 93 95 91 91 81 57 76 98 65 84 57 63 82 71 86 81 75 98 91 73 93 99 89 73 63 57 83 83 53 50 69 62 99 85 88 65 70 68 83 68 92 80 58 98 62 94 0 76 85 77 98 66 88 56 68 91 87 68 54 89 
87 92 84 51 72 72 89 55 99 51 60 83 76 91 75 55 89 58 54 84 70 81 90 95 97 96 62 97 94 50 93 55 55 74 83 71 51 94 77 80 91 66 51 93 78 62 89 60 61 88 80 67 76 68 70 91 74 54 89 68 87 68 75 54 87 80 58 95 90 56 77 56 65 82 66 78 99 51 0 76 93 67 59 93 85 74 63 66 79 98 60 
94 85 97 97 79 98 68 90 61 85 87 60 79 69 90 94 96 63 59 93 82 52 96 67 54 73 61 67 85 52 73 76 84 81 60 87 97 58 76 74 92 90 99 92 66 96 85 61 52 82 56 98 82 64 77 94 75 90 67 95 60 83 55 81 70 56 85 84 79 68 90 98 55 92 86 85 85 72 70 0 98 90 81 96 93 94 66 78 80 56 73 
51 56 95 92 76 85 66 66 74 73 80 62 68 95 70 59 54 79 66 86 92 60 97 76 74 82 86 55 52 90 62 64 59 62 66 93 64 83 85 93 74 87 55 69 70 56 84 77 79 94 87 84 91 93 81 62 96 81 66 82 61 76 84 55 99 80 76 81 54 69 70 53 65 55 94 91 74 95 81 93 0 73 92 98 56 66 88 62 88 95 90 
91 61 74 90 77 78 74 79 81 67 54 76 97 76 89 95 95 50 77 93 78 55 70 82 86 60 65 72 57 75 70 91 67 77 75 70 85 52 96 62 52 87 91 60 74 60 92 66 76 99 92 78 57 99 70 55 70 79 83 74 62 99 81 87 57 95 86 57 88 57 57 62 69 59 97 70 91 95 96 50 96 0 51 88 85 61 95 62 50 65 99 
98 76 56 77 55 56 91 54 66 96 68 61 72 99 57 84 74 77 84 73 61 86 94 51 97 99 73 67 94 52 75 75 78 75 88 89 83 57 98 83 79 94 69 59 77 73 51 93 91 80 61 73 99 88 83 81 69 57 71 69 52 59 96 59 78 80 90 73 72 62 71 75 99 90 94 69 92 65 76 59 91 85 0 67 83 57 75 66 78 55 84 
52 70 64 52 71 73 54 71 74 91 83 86 50 53 93 91 95 80 70 78 68 60 58 99 72 92 57 65 71 93 72 76 69 98 97 71 70 58 92 70 60 55 65 61 84 50 69 99 70 89 54 96 76 62 54 88 79 77 79 84 85 82 84 68 60 77 59 61 79 61 69 68 58 80 83 70 98 88 67 63 79 54 54 0 96 75 71 85 73 56 84 
80 59 82 72 70 92 92 94 58 55 98 74 94 82 87 82 80 51 88 75 87 98 92 53 98 50 94 87 61 51 96 50 85 62 96 63 93 64 59 68 86 80 93 51 64 98 90 62 93 62 60 91 89 85 54 75 86 87 78 95 61 89 86 71 64 58 78 72 97 54 95 91 74 83 64 78 54 51 74 73 91 69 87 80 0 68 56 56 84 73 77 
54 93 69 69 65 92 70 52 61 97 66 78 72 94 87 83 52 74 73 79 89 84 87 73 70 98 91 63 71 74 58 68 61 78 55 75 86 90 67 89 95 91 89 84 51 82 66 98 61 85 51 70 90 93 64 60 75 57 54 54 86 85 55 50 81 91 76 81 73 96 64 79 81 72 89 51 66 68 65 67 83 51 73 53 99 0 60 58 64 73 59 
56 50 80 72 58 52 71 86 67 93 77 50 69 90 66 56 87 56 72 62 95 80 59 51 86 83 73 86 51 61 64 50 56 98 91 50 54 97 80 82 68 82 69 70 84 92 74 99 94 58 65 94 60 74 71 61 67 92 78 78 78 70 86 92 71 76 82 80 59 65 88 91 73 50 85 89 63 67 60 97 80 77 50 96 86 81 0 77 89 92 60 
77 79 76 80 59 89 89 57 88 71 67 56 76 67 56 87 78 97 78 87 96 68 88 67 73 81 78 62 78 75 92 95 96 92 83 52 67 99 64 81 73 69 58 70 72 89 58 95 60 53 78 96 66 66 59 85 90 76 97 77 97 80 83 86 54 88 74 79 67 95 60 76 53 57 88 55 73 92 74 96 96 99 67 64 61 99 55 0 51 85 84 
54 59 75 82 80 94 89 66 56 59 84 85 66 90 86 90 81 62 62 87 64 89 65 79 79 92 79 54 90 96 73 64 82 70 87 68 66 76 53 97 84 79 50 65 94 99 81 76 89 51 98 97 53 57 75 92 81 82 56 99 61 59 80 67 53 96 57 84 73 58 77 54 63 54 59 55 76 54 87 77 77 81 64 91 96 55 57 81 0 67 82 
94 85 62 70 88 63 97 71 82 82 79 81 65 53 91 53 61 70 51 58 54 85 70 69 85 97 70 69 59 70 58 70 86 84 68 93 79 66 56 66 53 88 60 82 80 84 86 59 57 67 90 80 54 98 98 72 57 62 51 60 95 60 63 81 62 84 60 92 71 55 84 66 73 82 55 76 99 60 63 95 96 84 60 77 59 87 65 89 70 0 77 
60 92 61 88 63 56 83 67 55 84 99 70 81 93 56 92 78 64 89 54 54 51 57 86 52 69 75 70 73 51 52 57 55 66 53 81 73 86 99 65 94 51 67 81 85 83 53 70 85 84 50 64 84 86 76 99 76 95 87 96 67 71 77 88 65 80 67 85 96 78 53 70 54 97 72 89 91 68 86 50 86 99 60 66 87 60 56 73 68 55 0 
