n: 90
m: 10
Pi:U[1-99] 86 95 72 30 68 34 49 8 14 57 32 87 30 16 92 4 80 65 82 11 11 45 31 85 40 32 21 37 56 34 67 93 94 18 82 81 49 86 26 22 3 69 7 96 67 91 1 45 1 25 15 55 87 11 70 54 92 60 89 96 21 26 43 45 14 87 17 57 82 17 26 21 67 56 62 16 53 5 33 61 34 59 87 73 38 17 40 82 7 35 
Si:U[1-49]
0 21 22 16 32 4 30 26 10 0 42 40 34 24 45 39 49 25 7 4 15 49 19 10 43 49 49 30 24 16 39 48 45 10 25 49 49 34 7 37 4 15 49 39 49 7 49 39 27 12 4 40 1 49 24 49 49 42 18 28 36 30 49 18 30 12 16 7 3 30 31 49 49 36 10 15 49 49 31 49 49 49 37 10 40 13 49 49 49 49 3 
22 0 30 32 5 27 20 8 0 26 49 30 49 49 46 49 49 49 33 30 45 49 24 49 49 49 3 31 49 43 49 31 49 30 33 49 43 12 37 18 49 16 49 16 49 49 1 15 33 21 46 49 48 22 49 42 45 19 7 46 12 43 3 22 6 49 34 43 49 49 49 3 49 37 49 34 49 25 42 13 34 49 34 19 49 45 45 49 46 42 19 
20 19 0 2 22 1 19 7 10 14 49 42 30 12 27 49 16 30 10 27 25 45 49 49 10 49 49 42 49 27 12 19 19 49 16 42 28 37 10 42 33 49 49 42 4 49 25 24 12 18 49 39 39 49 31 49 18 39 36 9 34 4 36 49 49 49 49 49 49 6 39 27 49 33 1 49 49 49 36 30 45 12 19 49 3 49 9 6 43 49 19 
22 16 7 0 30 8 22 7 8 4 49 49 43 42 45 49 49 42 46 45 49 12 13 30 37 19 43 33 49 40 49 24 43 13 39 25 49 39 9 7 49 21 15 39 4 49 18 49 31 49 33 27 28 28 49 43 45 49 16 16 49 33 25 21 21 7 49 3 49 22 42 49 43 49 19 18 18 49 12 36 48 31 49 36 34 49 9 19 4 49 16 
2 29 30 26 0 22 29 18 29 31 46 7 48 22 22 7 1 21 45 49 31 30 40 49 6 48 49 12 33 25 49 33 48 49 49 43 48 3 49 49 37 49 13 10 49 42 15 18 37 15 21 49 46 28 12 27 49 25 49 7 19 49 30 13 24 49 6 43 49 15 28 49 34 1 49 10 49 49 49 33 19 49 28 48 39 37 49 1 3 49 49 
24 0 11 24 23 0 24 15 12 2 10 13 15 49 49 46 37 7 7 49 43 40 22 49 3 33 21 27 49 49 7 49 49 4 49 25 13 21 28 49 49 39 49 33 49 21 40 49 3 49 49 49 43 30 27 36 49 4 18 49 3 27 49 45 21 13 7 43 49 4 45 13 49 7 13 43 3 49 49 19 43 49 4 43 10 6 1 48 49 18 49 
20 4 32 2 19 18 0 1 20 3 49 49 6 34 49 49 48 49 49 27 49 1 1 34 36 49 49 39 21 39 43 39 49 39 40 10 30 22 27 33 49 49 6 24 43 39 3 49 24 49 49 45 6 28 10 30 45 21 49 49 49 49 16 4 18 9 18 49 6 49 19 49 33 49 49 6 43 34 49 13 24 31 30 15 49 15 49 10 46 28 34 
14 8 22 18 26 22 9 0 22 12 28 7 49 49 27 49 49 34 49 25 27 30 46 49 48 27 43 9 49 9 15 30 24 6 4 4 49 49 18 27 9 21 16 49 49 37 31 6 7 49 25 49 46 48 15 49 42 49 25 12 49 27 39 27 49 49 49 4 18 49 49 15 33 49 49 49 40 49 49 12 49 49 43 45 18 22 27 49 36 7 49 
18 28 0 26 26 10 5 10 0 29 24 49 34 16 49 21 9 49 16 31 21 18 36 19 3 15 28 49 7 6 13 39 49 49 49 49 49 12 30 34 22 33 13 10 12 18 49 49 37 30 49 37 31 49 49 30 30 6 22 48 42 49 21 49 49 36 12 21 43 49 45 49 49 42 43 49 42 45 27 33 33 49 36 21 3 37 18 6 49 4 28 
3 15 8 17 27 23 0 6 30 0 4 45 34 7 12 3 43 42 49 49 49 13 3 6 49 6 49 4 42 27 42 36 49 49 22 19 46 49 3 22 15 30 16 39 7 45 49 25 49 7 49 16 37 15 36 49 49 7 49 49 18 28 34 7 49 49 42 28 49 34 6 10 49 37 49 49 27 25 22 1 45 39 30 40 49 45 7 24 42 25 49 
7 27 48 49 19 39 49 6 48 49 0 28 29 31 2 28 8 12 2 14 6 7 49 49 36 49 15 25 45 48 49 7 37 49 13 18 49 13 49 49 49 49 42 34 45 15 12 3 13 49 30 49 37 19 49 49 4 49 37 13 49 49 40 49 40 18 36 18 33 3 46 30 49 18 36 6 9 42 7 10 30 24 49 22 6 28 39 45 49 9 15 
18 21 36 48 22 24 36 24 4 18 22 0 28 20 21 18 10 8 14 16 49 22 49 30 19 49 49 25 18 4 49 49 10 49 30 25 21 10 4 49 48 6 42 49 7 49 24 36 49 10 30 31 39 42 48 16 49 4 49 6 25 42 48 15 37 49 49 30 49 4 28 31 6 49 12 49 12 22 24 39 46 49 7 49 37 49 49 34 49 49 49 
13 49 15 15 36 3 43 25 42 27 18 1 0 10 31 26 15 13 31 30 22 34 49 33 7 15 31 27 22 22 10 39 12 49 13 37 49 49 42 9 40 9 49 18 19 49 10 13 3 49 45 45 43 33 31 49 49 49 49 33 33 34 49 39 36 24 49 49 12 49 37 39 39 7 40 46 18 33 1 31 49 10 49 49 7 49 34 49 49 49 22 
49 49 10 43 39 49 49 28 49 27 28 32 23 0 8 29 9 7 5 4 15 27 48 25 3 49 36 49 49 27 34 6 37 18 13 49 48 21 21 12 27 25 25 13 49 33 39 49 27 43 36 48 49 12 49 19 49 4 49 39 43 49 7 49 49 4 42 49 28 49 48 6 49 4 48 28 40 48 15 49 31 40 40 33 49 34 1 24 6 27 49 
30 49 16 49 48 49 49 31 24 49 0 32 32 14 0 7 1 9 3 28 49 34 46 13 1 39 42 6 49 13 46 49 21 49 49 49 49 25 42 16 34 24 49 49 49 27 18 28 7 45 22 34 37 49 49 49 36 46 4 31 3 49 49 15 28 27 37 45 45 13 49 49 36 49 27 36 21 4 49 49 3 31 49 49 12 31 3 4 15 6 40 
24 10 28 48 49 49 49 49 49 16 17 6 16 32 16 0 26 18 25 19 43 7 45 30 49 49 34 33 27 49 49 49 13 40 49 46 24 36 33 49 40 19 49 49 42 49 6 12 12 48 33 49 1 49 49 10 49 16 36 24 49 49 37 49 49 49 3 13 49 6 40 6 33 49 49 3 15 49 45 46 49 7 45 49 15 19 18 34 21 49 43 
18 46 18 9 18 49 49 19 49 49 29 26 1 32 10 20 0 16 8 20 12 19 45 18 4 12 49 3 49 33 9 4 49 19 49 18 15 30 49 49 49 34 37 49 49 6 22 49 6 49 9 6 49 43 25 49 4 15 4 49 49 42 49 18 49 37 49 49 10 42 49 15 40 48 37 13 10 28 45 19 3 49 30 18 9 13 36 7 10 36 49 
36 13 46 19 24 49 49 10 6 9 0 22 24 16 18 12 18 0 23 14 19 49 49 10 49 46 49 49 22 36 10 49 10 25 49 10 49 36 37 4 3 6 42 49 18 10 12 49 16 45 49 49 25 49 9 49 42 7 49 49 34 10 9 13 49 49 24 49 48 42 9 19 37 4 6 33 49 49 27 45 19 15 21 31 49 31 49 49 40 49 49 
39 49 49 15 16 19 13 22 33 49 19 28 30 18 14 23 7 32 0 27 25 37 4 7 37 49 45 49 49 6 49 46 13 19 21 4 49 30 31 49 49 49 49 49 45 49 49 10 28 6 36 3 34 49 33 39 49 49 49 36 1 49 49 49 21 39 1 49 49 19 48 13 1 37 10 49 31 48 49 10 16 49 49 31 7 49 49 49 49 49 9 
25 22 36 39 13 34 37 36 49 49 1 22 32 24 18 28 10 7 2 0 49 16 49 24 40 49 33 49 18 25 49 33 13 49 10 49 49 49 49 49 10 21 49 49 1 27 4 13 46 1 49 25 49 48 49 40 39 49 30 48 49 24 1 9 25 13 49 49 19 31 49 49 49 30 28 12 3 22 36 3 42 15 49 49 49 49 49 49 27 19 49 
30 42 9 13 43 37 33 39 21 6 37 22 49 49 46 49 49 9 45 49 0 10 20 20 13 13 8 7 22 32 27 37 49 25 49 27 3 49 39 49 40 1 28 10 37 28 1 49 49 9 45 39 49 49 49 49 49 45 49 18 49 18 48 34 31 4 39 19 49 9 46 49 49 19 30 6 19 3 12 33 49 49 19 39 1 27 49 49 31 49 28 
49 24 25 15 49 49 22 24 49 49 49 31 27 49 42 18 30 19 24 16 6 0 9 2 2 19 20 16 11 30 21 49 6 25 49 34 31 37 12 49 27 49 49 9 28 49 36 1 49 49 49 3 49 39 7 49 49 49 7 48 49 49 24 7 10 3 24 25 21 22 42 3 42 42 10 28 40 21 21 45 42 7 37 3 39 4 30 3 43 39 10 
42 12 42 15 48 21 39 33 3 49 3 40 13 33 49 36 28 49 36 49 1 22 0 1 15 28 3 19 17 25 39 42 1 40 49 49 45 21 49 6 39 25 49 45 49 15 13 40 18 49 40 16 18 49 37 43 18 12 49 49 9 49 49 49 12 42 10 43 49 49 24 49 49 39 16 27 49 34 49 7 21 1 49 6 49 9 49 49 33 21 49 
21 9 13 1 49 13 49 18 33 42 49 9 24 16 19 9 49 49 31 40 8 7 12 0 31 21 9 32 32 2 48 40 13 49 43 33 49 16 30 49 34 31 49 7 15 22 6 46 49 49 9 24 7 49 4 49 49 49 13 19 13 28 46 13 43 7 25 3 33 34 10 9 43 49 15 4 27 9 49 39 9 49 16 15 31 21 22 49 13 49 3 
37 28 9 49 7 25 18 49 31 43 13 39 7 16 30 21 49 3 36 13 23 3 25 12 0 28 20 10 31 8 6 15 49 49 10 31 49 49 49 25 27 49 49 3 16 40 1 49 25 49 7 49 45 46 21 49 49 49 18 25 40 49 19 3 49 42 45 6 21 49 15 36 10 10 18 49 49 31 6 34 22 49 33 49 31 10 33 34 49 36 49 
24 24 10 16 40 45 6 49 49 42 10 49 19 40 7 7 21 49 46 49 22 32 14 17 32 0 24 20 30 3 49 49 49 6 49 48 33 43 18 49 49 31 49 49 49 49 46 49 49 6 49 39 42 49 12 33 49 22 49 49 12 21 40 19 49 42 49 1 25 25 3 48 49 43 49 21 15 49 15 27 33 49 25 28 49 7 48 49 25 49 49 
49 27 1 49 49 49 1 31 25 49 49 43 49 28 40 33 31 49 49 9 26 31 24 29 18 12 0 18 1 24 22 49 49 4 37 36 12 49 24 49 49 24 40 39 49 49 49 4 33 49 4 37 15 21 46 45 6 37 18 12 49 13 45 33 37 36 49 42 43 15 36 49 49 49 10 40 15 49 49 21 42 33 49 49 16 49 19 46 49 49 49 
33 48 49 42 49 49 43 49 16 49 3 19 49 30 49 49 49 40 18 34 14 24 19 12 24 26 18 0 25 25 7 18 49 49 21 49 49 25 36 28 45 9 48 49 42 49 4 16 1 24 9 49 18 4 43 49 33 48 43 49 7 40 22 13 40 13 49 3 43 49 30 46 49 28 42 3 37 48 49 49 34 39 42 49 49 49 6 9 27 49 21 
49 28 49 49 18 49 13 49 15 6 49 49 28 49 27 48 31 6 49 46 2 26 12 14 9 17 4 4 0 21 30 28 3 49 49 22 45 46 49 31 49 49 30 49 49 49 49 36 6 39 34 49 34 16 21 28 49 25 9 49 27 49 3 27 46 19 42 15 6 36 49 49 18 33 40 49 21 13 36 3 9 10 42 43 16 46 49 49 49 49 7 
49 4 27 7 25 49 49 49 24 49 16 49 1 10 49 13 19 49 16 21 18 29 20 28 16 2 6 28 23 0 13 49 31 16 49 12 6 21 49 22 49 49 49 1 15 22 15 49 3 10 46 25 45 42 12 49 39 49 19 46 15 49 49 49 10 36 49 28 49 9 49 42 40 48 43 28 49 28 12 49 49 49 49 18 21 13 49 49 27 48 22 
40 33 34 33 19 10 9 7 49 34 19 25 49 1 25 49 1 49 21 45 7 4 45 19 21 24 36 49 46 49 0 2 26 32 14 27 16 9 26 10 37 13 49 3 42 49 10 27 49 37 49 49 49 49 1 25 1 45 49 19 4 22 49 48 49 45 45 49 28 13 49 13 49 37 49 42 33 7 49 49 43 1 40 49 13 31 49 49 10 40 49 
25 49 48 13 49 27 33 9 37 34 24 33 16 15 10 49 27 49 49 49 49 21 24 25 24 49 49 18 49 34 2 0 15 1 30 2 8 31 30 0 9 39 49 30 49 13 22 22 27 49 39 49 49 24 34 31 3 6 27 25 9 15 37 49 18 46 49 49 27 43 49 25 40 28 49 10 40 27 45 12 49 4 19 49 3 49 27 25 43 49 49 
49 49 39 12 18 46 49 7 28 13 49 10 49 49 1 49 49 49 3 7 49 30 49 13 9 25 13 1 31 15 9 23 0 18 26 12 7 3 14 12 24 16 45 15 49 13 49 31 10 49 4 49 36 49 49 49 49 1 49 49 25 49 39 49 3 6 3 1 30 45 6 28 49 27 10 49 13 3 49 19 49 46 46 37 37 24 39 45 43 49 43 
42 49 49 9 22 49 49 12 3 13 48 40 49 13 49 46 49 49 39 49 7 30 27 39 49 36 31 49 49 49 1 21 19 0 4 14 9 27 14 4 43 33 31 21 24 30 49 49 28 39 45 49 10 19 36 49 49 49 49 49 49 49 24 42 49 9 49 43 49 27 10 4 49 13 10 27 43 6 46 13 24 49 49 42 27 6 19 10 49 49 48 
28 19 49 49 40 21 30 43 49 10 19 22 46 7 7 31 39 15 19 12 49 43 34 49 22 49 15 49 39 34 16 22 24 8 0 14 12 14 19 10 7 49 27 30 49 24 49 12 31 42 49 7 49 49 9 13 49 3 34 30 22 43 39 49 49 7 21 33 25 49 49 19 28 49 49 9 49 7 28 48 43 24 42 16 49 46 12 12 13 49 7 
49 49 49 16 22 49 49 49 19 24 49 6 49 49 24 19 49 46 30 31 49 19 46 49 27 49 49 49 39 49 3 12 18 32 18 0 20 23 8 24 10 28 49 24 49 28 4 49 49 27 43 27 48 1 22 49 49 19 25 18 24 4 49 3 24 49 36 22 42 49 49 49 1 3 16 4 49 19 45 43 49 1 16 49 49 49 34 28 39 37 48 
18 24 27 33 49 15 3 18 49 49 28 40 31 37 49 40 12 21 34 46 49 15 31 49 49 9 46 36 31 22 1 32 32 25 16 23 0 23 15 30 40 49 49 49 18 36 49 15 16 15 6 36 1 4 28 27 49 40 49 28 42 48 7 25 46 25 49 49 49 33 39 7 31 49 49 10 49 49 13 49 49 39 39 49 49 49 49 4 49 15 49 
15 3 42 49 4 9 45 49 6 15 43 49 28 49 28 7 19 49 45 49 49 49 34 25 27 21 49 49 21 39 1 1 24 20 9 26 2 0 16 28 12 49 45 49 40 49 3 49 49 49 42 24 6 28 36 49 49 3 10 1 49 49 49 31 21 21 27 13 49 49 43 42 49 49 24 13 21 49 49 31 16 49 10 49 49 49 49 42 6 43 18 
49 48 49 37 40 30 45 46 49 36 48 49 49 7 49 36 49 49 21 12 12 16 45 49 30 25 49 37 49 12 26 18 26 24 3 6 29 28 0 6 49 4 49 13 36 49 27 16 15 31 22 49 6 49 24 19 18 49 49 49 40 10 33 49 6 18 27 24 24 49 3 10 49 49 27 19 22 39 49 25 36 33 31 36 43 49 49 18 27 25 3 
16 4 49 49 39 49 25 15 7 37 24 42 49 24 49 37 4 49 7 48 49 12 1 49 9 42 4 49 21 49 25 2 32 25 8 2 18 24 12 0 43 48 16 10 49 27 49 49 15 42 49 22 6 34 37 45 21 49 6 49 6 28 1 1 10 4 49 49 15 9 46 49 34 7 46 49 49 48 19 49 12 49 22 33 31 49 49 49 22 49 49 
15 49 49 49 18 49 49 15 10 49 24 39 49 4 49 31 28 49 43 49 15 49 49 16 37 34 13 31 49 28 49 48 12 49 49 18 48 24 21 10 0 6 14 14 16 3 12 14 8 14 30 25 42 49 19 48 49 49 1 46 49 45 31 49 49 7 18 46 15 49 43 12 1 43 49 12 28 1 6 18 49 39 21 6 48 49 46 49 19 49 33 
12 49 49 42 4 40 15 49 10 49 49 39 49 1 49 27 46 46 40 9 15 49 9 24 49 49 39 49 9 40 49 4 9 16 24 40 33 21 49 49 32 0 4 21 2 10 30 12 23 11 49 49 36 49 10 49 49 49 49 27 13 49 22 40 15 27 34 39 24 22 28 49 3 18 39 42 49 39 49 43 6 49 49 22 49 49 49 30 49 49 27 
16 49 4 49 49 12 49 49 22 34 3 12 49 49 15 49 21 49 49 49 49 1 30 42 42 22 1 49 3 31 49 49 49 49 10 28 49 49 43 43 5 8 0 26 21 17 6 5 10 6 28 3 28 40 49 19 16 49 40 36 30 49 49 42 40 49 7 49 49 15 39 49 40 9 49 49 45 15 16 4 28 18 9 24 49 49 43 49 49 37 49 
18 19 40 49 49 49 49 30 49 49 49 45 24 13 31 49 39 49 34 10 19 1 49 49 49 45 33 27 43 13 12 49 49 34 49 9 49 12 49 37 32 32 22 0 12 31 31 31 12 18 28 49 49 49 1 49 49 49 49 16 16 37 49 3 49 49 49 49 49 49 28 9 31 49 48 49 10 7 25 7 49 25 43 13 31 27 49 43 49 24 13 
4 46 49 49 49 31 39 12 49 16 34 13 49 49 49 10 19 40 16 46 6 45 6 49 43 34 7 49 1 49 49 49 49 16 7 49 49 6 49 10 29 21 23 5 0 24 21 1 16 14 18 49 49 49 46 33 49 49 49 15 28 49 4 49 21 49 49 21 43 25 24 49 13 37 49 9 33 49 10 25 49 45 49 49 49 49 25 39 49 18 40 
24 19 49 25 13 49 45 7 49 49 49 12 49 49 13 46 48 22 37 49 18 46 28 49 49 21 49 42 45 37 27 49 37 18 10 7 34 7 16 10 15 12 32 18 8 0 5 2 24 15 49 28 49 15 21 12 25 49 3 48 7 49 18 1 49 7 28 16 7 49 49 16 46 6 28 16 28 10 49 48 10 28 37 49 12 49 27 49 13 49 12 
10 27 28 49 4 49 16 19 49 49 3 25 42 48 49 49 3 25 49 49 49 49 49 1 7 45 42 49 31 49 49 49 49 49 10 37 37 49 49 43 28 2 28 8 28 6 0 10 26 22 13 15 49 25 48 10 49 25 6 28 9 18 43 27 9 49 49 21 15 4 49 46 49 9 49 49 30 36 21 49 7 49 49 49 12 16 19 45 49 6 49 
15 31 24 49 10 49 13 18 46 49 10 49 49 49 49 49 40 49 49 49 49 49 27 49 49 28 34 40 34 3 3 30 49 6 34 40 27 33 13 10 6 4 32 23 15 18 30 0 6 32 10 30 27 49 16 4 40 40 46 49 49 49 49 49 15 3 10 45 21 37 36 21 40 27 30 33 19 19 49 19 49 49 48 30 49 46 49 6 48 33 13 
49 37 30 27 45 48 49 49 4 30 6 18 4 6 49 42 49 31 33 18 3 39 22 15 10 42 36 49 22 27 10 42 37 3 49 49 15 24 4 24 24 6 2 0 24 24 6 5 0 24 36 19 49 10 24 42 42 12 7 49 39 16 45 49 22 48 16 34 12 3 48 49 46 49 3 49 7 6 33 49 27 6 49 36 49 49 49 49 36 49 12 
46 31 7 49 16 33 49 49 46 16 19 6 49 49 31 49 42 40 36 46 49 49 7 3 12 49 49 31 45 25 34 12 3 48 34 13 42 48 34 45 27 22 21 19 14 25 25 8 14 0 49 49 31 49 19 49 24 45 30 30 49 46 49 49 40 49 16 49 49 48 37 24 39 24 27 15 49 28 25 42 45 49 18 49 18 24 49 49 3 49 16 
30 49 33 13 49 36 49 22 42 37 21 49 48 25 3 3 46 19 24 33 49 40 6 33 34 49 39 15 49 49 25 15 36 42 3 48 9 12 49 49 49 49 10 33 49 1 28 49 40 9 0 30 28 15 6 18 15 18 12 7 49 1 49 30 7 43 49 33 16 36 6 49 49 49 49 49 27 30 6 49 49 7 49 45 49 46 49 49 49 10 43 
28 40 21 49 22 24 49 4 25 30 28 16 48 7 45 46 42 10 15 49 31 49 15 31 13 49 49 22 45 12 49 49 49 40 15 48 49 49 49 46 13 31 43 4 27 43 36 43 49 34 18 0 2 30 30 0 2 28 18 2 19 40 49 7 31 49 49 49 7 45 33 21 43 49 30 42 39 49 45 49 49 43 16 49 49 49 1 27 13 30 49 
49 49 45 45 49 16 31 34 33 24 6 1 49 12 49 49 7 12 21 49 21 10 19 49 33 46 49 28 3 36 42 49 37 7 31 49 49 6 49 49 49 28 36 40 49 30 31 7 12 49 10 26 0 18 24 19 20 32 11 27 1 48 43 49 22 33 42 49 13 9 49 40 49 49 25 49 49 49 49 3 49 49 49 22 4 49 49 49 36 49 9 
49 49 49 10 49 22 12 49 18 7 15 33 49 49 33 6 25 49 13 10 49 4 12 28 34 49 43 6 49 13 18 49 49 49 49 49 13 39 21 25 1 16 49 40 12 46 43 10 30 34 5 18 19 0 26 5 26 7 20 9 30 49 49 19 19 49 25 49 21 19 30 49 48 49 1 49 33 37 10 40 31 49 36 49 49 49 49 49 49 49 3 
49 6 49 42 49 49 27 49 46 45 31 13 37 49 36 28 49 1 49 40 49 9 33 40 33 22 18 30 4 12 49 39 49 48 7 49 37 49 49 7 40 48 49 31 48 18 37 12 4 49 15 22 15 8 0 24 8 13 18 28 15 28 49 25 40 49 49 24 31 49 22 24 49 49 37 43 49 18 22 40 49 24 49 42 27 10 27 19 46 49 49 
36 49 40 34 49 49 27 34 15 46 22 49 46 49 49 39 45 3 49 45 49 27 49 42 45 28 49 27 48 36 30 49 49 16 15 10 15 15 49 49 10 21 7 6 27 49 19 49 49 43 22 24 4 20 30 0 32 2 18 28 6 28 15 48 15 49 48 49 15 49 30 49 48 9 27 10 33 49 27 13 18 15 39 34 49 49 24 42 22 1 33 
49 10 31 42 30 36 31 49 9 49 49 6 10 49 13 49 43 49 7 21 49 30 25 49 1 7 9 49 21 49 48 9 13 49 43 37 49 22 46 34 30 36 27 7 49 19 37 12 49 31 24 0 8 16 20 31 0 6 4 10 16 49 49 49 48 27 43 34 34 49 48 10 24 31 19 46 6 49 49 49 19 49 39 31 34 39 49 9 36 13 6 
30 49 15 36 49 24 28 6 49 27 48 15 40 7 36 1 49 48 34 45 22 15 18 49 37 49 24 22 33 25 39 49 18 25 49 46 31 49 49 21 49 43 36 16 36 49 49 43 13 6 6 17 30 30 26 2 18 0 8 23 12 7 39 49 49 43 7 49 4 7 49 42 10 49 49 7 19 49 49 31 36 49 4 15 49 22 34 30 1 25 1 
49 49 49 49 45 1 49 49 43 15 49 15 18 10 33 9 49 24 49 49 49 49 49 49 4 31 21 49 49 3 49 49 4 49 45 49 13 28 22 16 9 49 28 45 10 4 16 49 12 3 0 8 12 16 32 16 14 25 0 18 49 49 40 33 34 49 34 45 49 16 42 49 12 40 49 1 49 33 49 25 28 49 46 13 49 49 49 49 18 37 13 
21 19 42 48 49 31 49 49 21 10 7 27 40 48 28 49 31 1 49 34 36 25 49 12 49 3 49 49 27 12 49 49 48 39 45 10 45 49 6 30 49 10 49 7 49 49 16 49 49 49 15 31 16 24 20 19 30 16 22 0 9 49 16 49 34 49 49 27 48 27 6 34 49 7 49 31 27 45 49 49 48 49 34 1 48 18 34 16 18 18 3 
36 49 3 49 13 36 49 12 49 21 18 37 49 39 34 21 49 49 10 49 30 9 10 1 49 42 24 4 18 46 42 6 49 49 25 7 45 49 49 21 49 49 49 49 7 18 49 9 6 49 49 30 48 10 6 49 49 19 46 13 0 8 2 12 6 4 10 6 10 10 49 49 49 24 49 6 31 16 49 13 27 22 15 37 40 31 49 39 49 49 49 
36 9 22 31 39 49 49 12 36 9 49 18 43 13 31 28 16 28 49 40 49 49 42 43 49 49 49 34 21 13 28 37 1 6 13 42 49 25 49 49 10 48 49 25 49 49 42 36 33 49 48 40 15 16 49 16 28 42 19 49 13 0 16 3 9 2 30 10 5 23 6 6 43 49 37 49 31 49 13 49 16 3 37 3 49 39 49 12 10 49 49 
48 40 1 42 13 49 49 9 19 1 42 40 37 12 49 49 43 31 49 49 24 6 31 49 49 49 49 42 42 43 49 27 15 4 25 36 6 15 22 10 43 49 42 49 49 40 49 37 49 48 4 49 36 13 15 49 49 34 3 45 26 4 0 28 29 10 8 12 20 20 27 28 49 39 24 22 33 7 1 49 49 22 49 34 27 48 49 49 40 49 45 
30 42 49 49 49 10 9 1 1 49 49 49 15 49 37 16 27 49 22 49 49 7 42 7 49 49 18 49 49 49 37 6 49 16 43 3 31 40 49 33 31 13 49 4 36 46 39 48 40 49 9 1 49 24 1 49 10 49 7 15 3 16 12 0 14 28 15 5 9 31 28 33 25 21 30 18 49 24 16 49 49 12 42 49 25 13 49 37 9 49 25 
42 48 49 49 49 49 40 24 31 49 12 49 49 49 6 49 49 16 49 25 49 49 49 49 16 3 7 49 31 27 46 25 49 33 49 16 49 1 4 3 25 36 40 22 49 42 21 49 16 31 49 49 16 21 27 49 49 33 49 49 28 26 24 31 0 20 20 19 8 8 49 15 31 27 21 49 49 49 12 24 4 30 45 49 49 49 49 49 49 49 27 
30 49 49 4 49 49 49 49 49 49 49 49 13 19 21 43 49 34 49 24 22 49 28 27 31 49 49 49 39 49 4 33 49 49 28 3 24 49 39 31 49 49 42 49 30 16 49 49 49 42 9 46 42 18 31 15 49 4 15 36 8 1 14 4 4 0 18 15 31 28 24 7 18 49 27 45 15 24 49 34 9 1 27 49 9 37 37 21 10 24 18 
4 4 31 43 45 27 21 30 49 22 49 25 49 37 40 36 25 34 49 49 34 28 13 9 9 3 22 15 46 49 40 49 43 39 46 33 39 4 7 15 30 49 49 10 49 30 15 4 49 36 9 31 24 24 40 9 49 36 49 19 12 4 10 12 30 8 0 10 22 30 49 49 49 22 18 42 6 49 15 4 49 7 21 49 18 49 39 25 49 49 49 
49 22 49 49 49 49 13 42 49 42 49 49 4 49 22 49 3 40 25 49 49 12 42 1 24 36 49 33 15 49 9 49 33 27 34 1 45 49 49 45 49 36 18 24 33 7 1 19 9 31 34 49 49 10 1 30 49 33 1 42 28 6 12 15 13 4 4 0 10 14 49 15 49 9 12 7 49 16 25 49 49 49 12 42 49 25 1 22 39 49 10 
49 49 27 49 49 49 19 49 42 49 45 46 36 39 9 49 22 49 22 39 49 28 12 37 42 30 27 49 49 21 49 49 28 49 49 18 10 49 49 49 45 49 49 24 49 49 28 25 27 36 33 4 28 24 49 21 49 15 9 25 32 6 32 24 26 25 6 26 0 21 49 42 49 46 34 45 49 4 49 49 49 16 16 48 49 7 36 12 49 19 49 
49 27 16 49 49 18 49 42 24 49 46 49 13 15 49 45 6 49 25 45 49 49 49 7 21 49 49 39 49 9 24 49 49 49 49 1 19 3 42 45 49 4 1 49 39 34 49 16 49 3 49 42 49 36 3 45 49 12 49 49 6 19 32 2 26 19 31 10 11 0 7 49 24 49 49 28 9 40 49 49 49 45 36 49 45 49 49 49 46 37 46 
31 48 3 4 45 30 49 43 3 49 21 43 49 27 45 19 30 34 49 31 42 49 43 49 30 25 49 45 34 25 6 18 45 4 10 49 13 49 49 37 36 49 49 49 1 42 33 12 21 15 10 34 49 34 34 49 10 49 36 43 9 15 49 18 3 27 36 39 49 45 0 28 32 12 28 7 31 23 14 22 45 12 12 12 22 49 6 30 46 49 33 
25 16 30 13 34 12 28 49 48 49 12 31 1 42 49 28 4 39 37 13 31 40 49 7 7 49 49 49 49 25 39 33 10 16 24 40 25 4 3 49 49 6 49 15 49 4 34 19 1 4 49 18 10 49 27 49 34 13 19 49 18 36 49 13 43 46 49 10 43 9 9 0 32 16 32 14 23 20 0 20 6 49 28 49 13 36 40 49 30 49 46 
27 49 49 49 40 9 4 24 49 39 18 49 46 13 18 46 49 31 49 40 49 49 24 33 49 49 36 49 28 37 4 21 48 22 49 49 49 42 22 49 48 28 43 21 16 49 12 34 30 15 18 49 49 10 15 10 45 16 27 12 46 22 18 49 49 13 21 36 25 49 14 1 0 1 19 30 26 8 32 2 1 39 25 33 49 49 1 19 12 34 39 
19 49 9 3 49 49 49 4 24 3 36 22 39 30 49 10 6 49 49 36 43 21 49 48 31 49 4 49 49 30 25 49 49 49 7 39 49 19 10 19 49 10 46 21 6 22 49 21 49 49 10 45 49 33 1 46 46 46 3 42 49 45 49 39 27 7 37 4 3 30 10 24 23 0 24 3 7 10 0 19 9 49 49 13 46 19 49 21 37 12 10 
34 49 49 46 15 49 6 49 15 24 15 18 49 34 40 7 27 49 24 49 36 49 9 40 49 27 16 4 39 13 49 6 49 4 36 49 6 34 49 3 45 33 37 49 21 24 49 49 1 9 3 48 49 28 15 36 42 19 22 49 49 49 49 10 22 28 49 49 31 49 13 21 3 28 0 17 13 31 6 11 49 40 34 49 24 48 19 49 24 46 31 
49 7 49 49 49 48 43 49 24 34 45 10 49 12 12 49 49 3 49 1 49 49 21 49 45 36 49 28 49 1 49 49 9 49 49 34 16 33 49 49 27 48 19 24 49 49 18 1 48 49 16 49 49 7 49 49 49 10 49 49 49 31 3 13 45 27 42 46 27 42 27 16 14 10 5 0 24 4 24 18 49 49 48 46 40 49 30 1 49 18 49 
49 4 49 19 49 31 49 6 49 33 6 4 36 12 49 30 13 49 19 12 49 39 33 49 16 49 36 4 49 46 33 7 31 34 43 49 28 49 49 30 3 42 49 49 40 49 21 49 36 49 48 36 43 49 10 18 28 49 1 16 49 30 40 37 7 49 49 13 49 49 14 2 25 14 1 4 0 24 18 30 25 49 33 49 40 6 27 12 37 37 49 
6 40 10 37 13 12 1 49 30 49 3 6 46 30 49 4 49 22 49 49 24 4 21 49 36 16 37 49 40 46 16 13 46 12 31 16 49 46 36 49 45 30 49 6 15 49 31 15 33 49 45 27 45 49 28 49 49 37 49 34 31 49 36 13 49 6 1 49 6 18 6 22 8 9 8 22 3 0 10 10 22 22 9 49 49 12 49 49 42 3 34 
49 6 34 28 49 49 49 30 49 49 49 36 4 49 37 49 46 24 42 15 10 13 42 12 49 6 49 40 10 49 43 15 42 49 37 49 48 49 49 48 45 49 7 22 13 49 27 27 33 42 25 49 49 42 49 3 49 46 19 49 6 33 36 27 49 1 12 28 49 49 28 29 26 2 21 16 6 21 0 20 34 16 49 3 31 45 49 31 15 49 9 
49 49 34 12 13 27 13 12 48 49 6 30 16 39 6 34 13 48 49 49 49 45 49 22 7 49 49 49 31 36 49 19 48 39 37 43 28 48 28 43 25 3 39 39 49 45 16 7 24 48 31 49 49 16 28 40 45 3 49 16 37 49 49 25 7 40 49 46 7 25 12 8 20 1 18 6 16 22 28 0 30 49 12 49 49 37 49 3 9 49 7 
40 28 49 49 49 31 49 49 36 19 34 49 24 49 22 49 34 22 30 21 36 45 48 49 16 49 39 33 3 49 15 34 4 24 40 18 27 6 49 33 13 6 31 49 9 49 49 15 13 25 3 49 18 49 48 46 6 49 37 1 49 1 49 40 49 49 30 13 40 1 10 13 34 34 10 12 9 49 31 49 0 31 20 7 21 12 4 18 19 22 49 
43 6 49 31 24 13 49 21 37 49 15 39 21 49 16 49 15 49 49 49 34 13 49 7 49 12 16 42 19 49 49 19 30 34 49 33 40 49 30 49 49 24 31 25 34 22 49 40 49 49 43 49 18 40 25 16 15 49 49 18 49 22 28 49 33 19 48 49 49 49 49 25 49 16 37 46 46 49 25 1 28 0 22 5 10 21 7 9 11 30 48 
49 36 37 37 49 39 15 49 49 37 49 19 49 27 49 27 6 6 31 4 3 10 49 18 49 46 4 27 36 49 49 48 25 25 27 1 24 10 49 22 13 40 15 6 49 49 28 43 37 36 49 49 16 42 9 48 49 24 15 24 49 43 49 36 48 49 49 13 40 49 49 31 27 49 21 49 24 42 49 37 27 28 0 22 16 19 9 1 22 31 34 
34 19 49 1 49 28 7 49 48 24 4 16 49 21 49 49 22 49 24 16 1 49 49 6 37 49 10 7 25 49 6 42 45 16 49 16 45 49 1 49 28 43 34 24 22 27 49 49 49 49 49 49 49 49 9 49 46 40 28 1 49 49 13 10 37 49 49 45 10 28 49 49 15 49 49 19 49 4 28 49 8 4 24 0 8 23 17 16 14 17 4 
49 31 49 49 21 48 46 49 28 19 49 49 48 28 43 42 30 42 4 12 36 3 49 49 24 33 10 49 49 49 49 4 7 30 49 31 49 49 27 49 49 49 49 6 49 43 49 45 10 49 37 49 39 49 49 49 49 18 49 49 49 37 45 34 49 43 22 37 12 40 28 49 15 10 49 49 49 49 49 30 26 17 29 31 0 4 16 19 2 6 45 
49 1 45 18 42 19 9 31 30 49 24 45 12 49 49 24 48 49 24 49 21 19 21 46 24 36 49 49 45 43 49 7 37 49 33 49 45 43 1 10 49 12 49 49 6 49 49 49 10 49 49 48 22 25 40 49 37 22 49 48 43 49 19 25 9 49 6 49 7 49 19 24 49 9 10 45 39 43 49 49 18 26 14 32 0 0 22 28 6 26 34 
1 42 28 24 49 37 49 25 39 49 27 49 22 49 22 13 42 49 49 49 39 37 28 39 49 13 7 30 49 49 49 49 24 9 27 13 12 36 21 49 49 49 49 49 49 40 21 49 40 13 16 49 18 9 49 9 24 37 49 19 49 21 40 43 10 40 37 27 49 3 49 37 49 12 49 40 49 49 49 7 29 4 18 14 8 32 0 26 9 7 13 
33 36 33 46 37 15 33 19 34 34 49 24 48 31 12 3 18 6 40 3 16 28 49 6 49 48 9 10 24 49 49 27 33 37 13 49 21 49 15 49 16 49 6 49 15 49 49 49 45 40 46 30 25 22 49 48 36 45 24 18 12 49 36 40 48 46 18 49 6 49 49 34 6 25 49 30 13 4 3 49 20 16 6 16 10 12 0 0 12 12 49 
19 49 10 18 49 1 49 37 45 30 9 24 16 39 24 49 22 16 43 49 24 49 4 49 21 16 34 49 6 49 46 16 48 16 6 49 21 25 19 7 40 49 45 15 39 49 7 18 25 49 39 12 22 4 49 49 7 6 30 18 1 6 49 12 49 21 49 34 21 15 49 49 49 49 49 18 18 30 49 6 4 12 21 11 32 13 2 22 0 32 49 
49 30 49 12 6 12 49 49 21 49 49 28 21 3 9 10 16 9 7 49 24 37 4 49 4 21 49 9 21 49 25 1 39 12 49 43 21 49 49 28 49 13 36 49 49 28 49 1 15 40 36 15 49 49 49 42 49 46 22 34 49 15 22 49 43 33 28 30 19 1 4 19 49 31 49 49 31 39 27 43 6 28 14 4 28 1 14 6 1 0 49 
33 24 48 33 21 49 6 49 37 40 43 49 12 19 22 28 10 46 49 18 49 1 36 24 1 22 49 31 49 40 46 15 1 21 48 9 15 49 33 49 13 40 9 22 49 49 49 49 49 10 36 18 36 30 49 33 13 49 13 36 42 43 45 49 10 21 13 49 10 49 49 24 15 9 7 49 49 27 49 13 49 18 49 48 45 16 22 49 49 34 0 
