n: 90
m: 10
Pi:U[1-99] 6 16 3 37 1 33 62 23 25 40 29 60 11 78 63 15 89 90 46 62 83 13 29 55 8 40 74 38 48 80 69 40 1 2 88 31 85 31 53 64 98 29 85 48 18 46 22 69 73 50 6 61 46 73 2 36 22 79 23 58 28 37 94 34 80 75 5 93 44 68 38 58 60 92 85 85 57 87 65 5 6 22 45 17 80 27 65 95 3 25 
Si:U[50-99]
0 61 76 85 66 71 81 56 74 74 84 97 50 97 89 83 53 94 89 77 51 74 86 51 57 90 94 62 94 60 51 72 54 76 79 64 81 95 97 78 71 80 94 50 80 54 68 58 81 67 97 86 91 65 56 99 54 93 84 85 99 97 60 81 71 66 66 79 60 76 88 86 53 54 97 62 81 70 81 53 64 60 95 74 68 85 50 79 94 86 77 
52 0 58 55 85 94 88 71 84 77 88 95 92 87 68 61 73 89 74 82 74 67 79 72 51 60 56 66 84 85 78 65 58 52 81 55 86 54 63 63 87 67 78 57 96 86 79 75 99 95 73 85 94 85 55 64 66 83 90 71 91 65 61 85 96 63 76 86 53 89 83 86 90 52 73 91 99 80 69 80 87 50 74 84 84 81 96 84 75 67 89 
97 54 0 81 84 57 75 52 82 93 58 90 82 65 73 62 63 71 52 58 73 72 81 59 80 89 57 51 53 51 72 73 83 97 92 58 78 75 73 94 58 70 79 85 94 70 98 59 75 77 65 73 68 68 63 64 78 65 53 59 73 93 95 64 68 61 76 87 52 55 88 93 54 52 75 96 71 73 73 80 84 91 79 56 87 89 95 61 95 59 50 
50 63 76 0 63 72 85 82 55 84 76 63 75 57 65 79 62 72 94 62 68 63 84 91 74 63 82 70 75 82 81 91 91 68 94 54 92 90 50 65 57 69 81 99 99 71 76 86 88 76 79 94 72 84 95 74 98 88 89 71 54 84 85 63 79 81 60 84 81 56 66 99 51 91 68 60 68 67 96 63 63 58 56 66 54 64 94 87 81 85 71 
91 55 81 60 0 99 63 88 95 95 50 58 62 70 66 92 85 56 51 91 80 94 95 99 50 61 86 50 79 50 58 68 51 91 79 85 78 78 76 86 68 69 88 82 92 88 90 77 63 79 81 91 95 96 87 98 93 65 82 68 66 84 97 97 57 84 61 62 65 58 59 51 61 85 95 87 85 80 58 85 95 83 99 94 89 89 61 91 69 98 92 
81 86 62 95 55 0 52 57 66 87 50 91 93 56 83 96 73 69 52 50 81 52 81 71 83 62 96 89 81 71 59 57 99 95 50 94 85 60 64 92 63 86 83 77 66 76 87 53 79 69 78 96 70 86 80 74 60 57 96 74 63 59 86 74 50 67 67 82 54 95 82 90 67 54 76 50 91 89 61 69 58 79 70 51 56 62 74 76 76 63 50 
52 63 80 58 79 56 0 53 71 75 97 62 85 70 73 71 82 83 62 56 87 97 98 90 96 71 92 90 71 59 51 71 93 84 71 90 85 75 61 59 60 95 95 87 71 95 96 86 81 63 96 59 88 70 74 84 79 93 55 55 77 62 83 57 97 56 78 51 82 53 73 64 94 69 79 61 53 73 56 99 50 62 78 85 54 77 66 54 98 86 64 
70 75 83 56 51 80 59 0 78 65 81 74 58 80 89 69 97 53 63 72 86 91 67 85 84 67 90 79 97 86 89 92 81 68 83 89 82 51 58 97 55 92 56 91 76 80 81 84 65 51 52 69 55 65 57 80 68 60 82 98 86 99 98 67 76 79 59 65 79 95 96 96 69 79 98 91 89 99 69 52 52 86 63 79 90 66 53 92 81 66 83 
53 51 62 57 50 67 83 82 0 89 57 95 56 87 92 81 75 98 64 73 84 71 74 95 93 70 56 63 60 53 54 61 71 75 53 83 96 60 67 59 80 84 97 78 87 95 59 86 98 64 99 51 60 82 80 62 98 74 94 63 75 70 88 93 59 87 93 61 51 95 89 55 65 84 53 60 54 90 72 95 75 72 64 74 72 84 83 63 90 90 67 
92 54 76 83 73 59 92 69 51 0 78 83 98 76 71 88 88 71 72 52 75 69 84 72 93 98 60 75 79 94 79 84 76 66 72 90 52 50 72 52 89 79 88 92 74 79 91 62 70 50 61 96 71 60 80 73 59 61 88 97 58 89 76 91 77 50 65 64 64 78 78 71 65 86 77 72 80 71 64 60 88 82 58 58 56 80 57 97 51 84 88 
95 90 70 76 92 67 92 97 78 89 0 98 75 53 69 69 64 66 77 77 75 94 97 67 64 57 86 70 92 56 55 82 58 74 78 56 98 74 67 81 71 65 81 91 57 91 77 81 82 78 97 68 53 73 64 89 60 99 78 51 94 81 88 83 56 69 84 72 69 63 62 98 84 71 96 84 87 90 90 90 64 85 65 99 67 80 77 80 64 95 84 
50 66 56 88 92 77 92 92 50 69 85 0 63 74 80 60 72 88 70 87 85 97 96 68 91 73 61 99 62 65 58 99 95 73 65 70 81 70 83 71 61 55 96 75 88 94 81 66 83 53 81 67 74 74 69 97 50 95 79 87 88 70 57 92 99 51 95 88 93 52 81 85 74 82 82 54 94 89 75 82 69 64 65 65 81 83 84 83 86 58 82 
73 75 64 98 76 65 83 86 64 83 86 86 0 95 89 54 70 96 72 95 76 59 72 54 52 72 54 59 70 90 56 58 65 69 51 76 98 87 79 77 95 95 88 82 67 81 88 80 53 92 97 75 83 62 89 63 66 64 55 50 59 72 60 90 57 53 77 80 54 96 75 83 98 60 89 73 63 98 76 61 84 89 53 79 50 72 97 60 65 83 99 
97 58 90 88 88 56 74 57 66 82 76 95 98 0 83 55 87 67 54 54 56 90 71 87 76 87 92 50 54 66 87 81 86 69 74 78 64 64 83 99 61 60 75 64 64 82 72 93 57 80 93 57 80 91 59 82 59 52 74 58 95 52 68 66 85 74 63 93 75 71 63 78 57 62 66 54 55 68 98 79 83 88 89 58 94 84 68 92 59 58 84 
88 90 71 99 53 90 65 98 81 74 72 62 92 71 0 96 91 91 92 88 85 59 89 85 96 70 59 51 83 62 93 83 83 57 94 95 95 98 93 80 62 55 61 90 89 72 54 96 77 89 54 99 94 92 60 72 87 85 55 78 72 73 64 76 80 79 67 72 91 82 68 64 52 98 97 88 86 70 69 95 66 53 93 78 60 69 96 55 63 81 83 
74 84 81 96 52 88 64 76 96 61 72 71 92 92 60 0 93 57 88 69 86 80 89 99 72 73 50 94 88 75 54 92 89 90 80 57 68 74 96 67 52 98 61 97 94 95 71 73 88 99 98 87 60 88 81 59 91 55 79 91 60 66 56 73 57 65 97 79 85 94 69 62 53 97 69 87 68 51 83 74 83 64 71 69 89 63 99 52 59 66 96 
73 96 72 50 99 71 68 55 53 83 62 69 75 88 60 58 0 59 91 89 53 80 86 61 69 50 97 95 65 93 80 83 90 97 82 75 69 97 67 78 80 57 62 73 85 69 78 94 98 85 93 54 76 91 54 56 57 69 56 98 64 68 73 58 54 68 61 99 90 76 98 56 70 96 90 54 72 86 92 82 89 91 98 78 54 98 68 57 84 78 83 
87 84 70 84 83 59 69 84 92 56 88 62 70 56 61 80 98 0 82 82 60 86 57 96 85 96 92 94 73 87 68 64 81 53 54 87 93 64 55 60 65 65 79 86 87 85 87 55 68 88 80 54 93 68 63 94 50 56 72 50 73 65 82 95 54 71 76 77 84 99 54 50 76 64 50 56 96 57 77 72 61 71 54 89 68 97 76 78 53 53 76 
66 62 73 56 63 57 76 52 69 91 86 90 68 73 82 76 52 86 0 52 50 90 92 87 60 81 57 66 60 66 60 50 75 94 53 65 67 53 52 83 82 86 54 56 70 97 62 89 69 89 65 80 52 85 72 88 67 62 83 70 57 78 99 96 67 64 90 86 69 62 68 72 55 77 86 74 57 70 62 98 98 88 65 71 52 87 56 93 64 62 58 
71 50 60 75 64 73 77 92 71 95 91 81 97 83 68 83 89 93 91 0 70 68 52 91 72 93 89 93 52 84 62 54 67 68 74 89 83 56 70 80 69 51 69 70 87 84 60 95 88 93 70 74 79 51 67 61 91 88 93 70 96 95 99 50 97 80 71 81 57 84 50 88 63 66 81 61 75 67 63 67 96 87 75 65 93 71 68 54 95 81 59 
78 94 68 76 70 97 87 97 97 79 91 82 74 94 98 62 94 68 63 63 0 62 90 92 94 65 81 87 90 53 71 73 50 81 53 73 71 83 66 51 69 64 55 89 83 75 81 96 64 75 85 86 79 97 99 55 72 75 64 58 97 99 96 93 95 67 64 68 50 60 84 57 64 97 83 60 68 53 60 64 65 87 66 84 90 97 63 71 50 71 85 
98 55 51 84 83 56 84 75 99 76 66 89 81 73 83 86 63 82 85 73 62 0 68 96 61 65 64 86 98 60 99 59 70 92 86 51 78 95 97 66 72 94 95 73 51 70 88 64 88 53 81 59 52 55 84 66 87 69 64 82 94 92 66 66 81 88 76 63 62 70 59 91 56 60 98 64 99 72 88 72 50 98 67 94 51 78 51 98 88 51 90 
78 62 68 55 53 81 60 72 56 81 63 73 93 60 86 81 86 75 96 61 53 87 0 69 57 97 93 90 52 85 65 56 57 65 89 86 65 80 85 57 98 96 94 85 85 93 57 80 66 90 88 90 68 91 69 92 82 71 60 63 98 99 83 68 54 67 96 69 87 52 91 53 77 83 53 97 81 71 86 99 92 91 86 75 85 72 56 90 62 86 53 
78 92 58 78 86 50 84 58 50 61 71 89 84 86 85 65 51 63 96 87 84 96 92 0 78 58 62 67 68 67 78 50 92 88 57 69 60 63 89 75 55 75 80 52 56 80 77 54 86 66 89 83 58 99 56 87 94 56 51 59 95 81 69 96 50 82 99 84 62 98 94 53 98 91 74 66 90 55 67 57 75 89 98 74 56 69 65 75 75 97 59 
73 76 73 50 53 92 93 63 88 60 89 92 63 53 81 88 78 69 95 74 83 62 80 54 0 98 86 58 92 50 73 63 71 91 63 83 71 55 96 65 58 70 87 52 61 97 74 97 94 95 66 78 87 91 89 80 95 56 52 62 80 93 77 99 65 58 83 71 59 66 80 93 58 98 63 97 66 77 68 65 73 81 55 73 98 71 59 53 92 64 72 
65 75 93 71 83 82 69 81 87 94 55 78 82 56 60 91 67 86 51 80 51 95 89 73 61 0 70 71 95 61 51 55 54 71 65 98 90 80 90 57 59 92 72 72 90 82 81 67 54 52 62 74 76 98 50 89 96 86 60 92 81 67 83 89 85 56 50 79 87 68 84 73 70 96 55 57 87 82 99 87 81 98 75 69 57 61 95 97 51 89 72 
87 59 55 56 95 62 85 63 51 79 83 51 62 82 54 97 63 83 76 85 63 86 53 98 84 56 0 67 74 73 68 71 54 71 70 99 60 84 99 53 69 83 94 52 83 68 87 55 98 66 57 63 56 94 51 59 77 61 64 94 59 76 52 88 95 77 97 89 57 92 70 94 87 73 96 63 88 95 74 89 57 82 53 86 94 58 70 99 87 52 72 
56 75 72 82 72 88 53 77 59 99 65 91 79 85 98 63 54 70 98 58 52 97 54 80 98 99 54 0 52 85 74 74 58 82 96 68 98 67 55 83 60 94 65 62 95 92 61 51 55 69 60 64 84 82 58 54 95 95 67 50 80 76 89 55 57 57 71 71 61 91 78 77 90 59 91 80 99 88 60 51 69 73 73 84 52 95 93 83 91 65 76 
54 55 59 64 88 94 78 91 80 59 87 90 75 91 81 56 67 89 78 68 50 79 59 89 75 56 85 90 0 58 78 79 59 68 67 82 50 71 71 92 50 62 94 87 82 63 65 82 54 96 64 54 57 55 65 77 52 95 69 73 89 84 73 96 50 75 78 64 50 63 51 52 85 96 69 92 56 74 72 97 94 50 76 59 76 93 82 64 89 97 56 
92 58 58 75 73 75 95 86 97 73 61 71 50 86 85 64 79 79 99 87 94 98 99 53 77 71 70 96 59 0 92 98 57 77 96 64 96 93 98 57 51 67 91 69 76 51 82 55 80 52 77 90 69 89 59 79 67 79 52 66 81 87 66 56 89 74 79 51 96 97 96 82 98 56 78 97 95 55 68 93 92 64 73 55 67 99 60 86 58 79 77 
82 69 97 57 54 55 87 70 85 88 86 56 57 63 54 88 97 94 84 98 62 70 92 81 84 88 54 96 80 85 0 76 60 72 66 51 82 52 97 52 63 80 87 52 88 69 79 62 72 51 52 99 61 67 69 78 75 52 61 53 80 54 62 67 68 59 57 50 72 94 65 87 61 81 50 86 85 72 62 57 52 80 86 51 93 95 89 80 65 59 84 
54 66 58 60 94 94 84 65 89 59 70 65 91 99 97 50 61 56 86 55 67 51 95 81 70 92 80 61 60 91 93 0 75 54 69 95 74 91 80 92 84 54 73 86 73 97 82 97 96 60 89 61 63 62 68 81 52 50 75 52 75 54 56 85 75 71 71 71 59 55 78 80 83 59 58 57 96 88 76 97 86 86 54 71 70 85 61 53 58 55 87 
72 88 74 78 54 72 89 82 64 65 85 78 91 57 57 69 73 52 99 65 54 68 67 81 81 54 62 76 80 96 99 82 0 99 77 77 63 76 79 85 79 94 68 74 90 53 61 74 67 85 88 75 60 90 74 61 94 84 89 59 71 77 75 74 80 86 61 53 56 51 69 90 55 67 70 64 88 74 72 88 65 94 60 93 77 82 59 68 63 60 52 
77 64 95 81 67 94 55 69 93 95 84 67 51 87 90 86 90 59 74 63 63 72 93 76 60 95 80 56 69 50 97 51 50 0 55 93 96 89 65 54 51 57 95 91 66 53 55 56 53 70 72 51 61 72 53 97 54 54 55 63 50 98 55 79 92 62 93 87 60 75 74 79 58 52 61 74 91 57 60 51 71 51 66 99 82 72 58 62 80 82 60 
60 90 64 96 82 73 58 78 50 96 79 66 76 96 55 89 80 58 62 97 59 71 95 78 55 92 79 83 83 82 71 71 86 60 0 96 95 56 92 88 92 88 51 96 96 50 98 75 79 92 74 75 91 95 62 74 54 97 91 74 98 99 92 58 50 98 77 76 51 73 79 57 60 98 52 55 72 65 85 63 75 92 82 57 64 80 68 94 61 90 85 
79 91 55 92 85 67 53 75 85 80 77 59 68 72 54 66 52 67 84 77 60 97 83 69 74 62 66 96 88 72 73 82 84 58 55 0 74 98 72 55 59 58 65 50 90 93 75 83 96 76 82 98 95 78 83 71 94 56 62 55 89 53 93 97 87 93 79 51 93 56 94 79 83 68 74 52 86 57 84 55 71 96 92 89 76 53 52 61 79 64 58 
53 81 76 51 67 93 97 66 53 51 50 98 98 53 93 85 86 54 76 75 88 68 96 93 72 57 93 66 66 73 83 62 86 79 55 66 0 73 85 55 51 92 79 75 56 67 78 68 90 65 67 75 50 67 85 78 55 73 67 91 56 93 58 72 76 67 93 95 70 85 77 97 59 58 88 69 82 64 50 81 99 67 98 97 51 56 79 74 74 85 56 
94 87 99 98 61 82 74 86 78 55 54 63 82 85 55 74 70 71 76 83 84 74 63 70 53 65 87 58 85 81 84 94 85 77 62 80 57 0 66 61 85 59 56 62 88 79 75 99 95 69 74 55 82 87 92 87 77 56 95 80 98 63 95 75 81 96 55 72 98 62 72 96 83 50 59 91 55 58 84 57 56 96 79 74 58 92 54 53 60 52 58 
56 64 88 95 55 56 60 84 57 71 87 62 66 83 84 90 86 81 85 77 71 83 66 94 98 68 90 83 91 90 68 62 56 79 91 52 99 84 0 82 91 52 93 70 69 86 99 76 60 98 82 78 58 97 74 50 57 91 57 72 63 91 65 57 94 74 89 66 66 94 79 53 93 59 50 76 82 91 95 92 94 81 72 72 84 59 99 88 66 61 62 
63 75 55 72 79 83 64 52 81 67 57 74 69 98 64 91 72 56 62 98 92 85 63 88 76 92 89 66 54 97 56 82 85 96 78 78 66 53 74 0 79 86 79 56 51 81 82 60 52 76 95 87 68 90 62 95 62 53 67 74 88 82 72 74 75 96 73 58 73 66 93 51 91 78 64 79 53 83 75 95 85 69 64 90 91 59 59 71 73 95 83 
69 89 61 63 99 71 94 71 88 85 62 52 96 80 99 94 66 84 55 79 98 87 51 66 65 68 63 75 80 77 74 91 65 76 79 51 86 62 50 50 0 55 77 99 77 66 69 65 77 54 50 56 97 89 54 67 60 65 53 96 91 51 95 78 79 77 76 93 88 94 52 87 78 83 56 82 56 70 57 87 69 62 77 74 77 64 78 89 64 59 59 
74 80 74 94 83 78 99 96 92 94 90 51 84 52 85 62 63 91 64 61 94 75 94 95 90 56 54 70 99 89 96 93 61 87 82 78 65 76 82 72 62 0 79 65 90 59 83 54 58 71 86 61 72 53 63 75 70 60 95 57 71 96 76 87 71 58 58 94 87 50 80 72 56 89 64 53 76 51 58 97 75 57 79 68 66 57 50 66 98 54 55 
96 92 94 98 90 54 55 55 52 71 75 64 53 59 77 98 91 55 69 80 93 73 78 50 76 58 55 61 50 55 67 77 79 68 97 96 79 95 57 90 91 67 0 87 58 65 97 74 81 56 89 59 79 85 65 59 90 69 53 85 84 62 71 87 98 85 52 78 54 98 52 54 78 82 60 96 66 75 74 62 62 96 73 59 58 80 99 99 87 53 64 
69 98 77 78 82 76 88 69 53 60 90 90 73 71 98 56 51 72 83 89 57 68 91 70 85 74 59 89 94 86 98 55 71 57 61 90 78 93 85 93 90 83 59 0 61 94 93 63 89 88 61 85 81 66 50 92 84 85 58 86 80 52 89 67 94 88 60 82 89 68 96 59 53 59 75 57 61 56 88 55 86 77 70 95 92 76 85 55 70 90 81 
91 62 67 56 79 63 71 79 81 74 79 77 81 89 55 99 71 65 50 85 86 63 83 83 60 62 71 53 73 98 97 78 69 65 90 94 98 88 70 86 63 62 63 77 0 51 56 58 63 64 98 66 68 66 70 52 77 95 85 75 71 56 83 64 64 89 54 72 52 87 59 70 78 70 84 67 71 65 92 94 75 64 90 77 65 89 72 50 85 69 69 
64 82 66 98 86 54 80 56 89 79 57 53 57 90 91 92 80 62 68 81 81 50 91 93 95 87 89 85 51 68 63 53 59 89 86 85 82 64 67 85 61 66 63 52 51 0 65 57 97 77 87 73 78 97 82 86 62 67 74 64 77 80 54 87 67 56 91 99 96 73 50 56 52 84 80 74 85 55 59 77 58 67 87 75 60 81 53 81 91 55 55 
81 56 75 77 81 82 62 59 55 85 72 77 54 83 67 50 79 90 89 96 50 53 95 89 99 98 89 51 77 69 96 54 59 78 68 84 76 91 77 98 66 68 53 95 79 76 0 73 89 93 65 69 69 86 73 60 67 84 55 77 90 98 62 65 79 83 50 61 99 66 94 78 56 79 54 63 58 53 89 92 55 55 95 57 74 61 62 65 64 98 79 
93 84 87 78 87 78 87 58 74 80 65 93 81 87 94 69 54 62 88 91 60 73 96 76 56 53 89 91 98 70 94 69 54 97 51 65 74 64 53 79 85 76 60 88 80 62 65 0 98 91 61 52 55 91 56 90 57 64 85 95 97 52 88 60 95 51 87 68 76 88 54 69 96 53 87 65 66 86 56 70 94 75 96 81 83 63 67 83 70 68 96 
91 92 68 90 73 87 59 84 81 90 60 63 68 74 78 89 85 81 63 56 80 90 84 72 89 86 83 54 96 89 84 57 71 69 90 55 79 52 69 85 91 61 74 67 70 66 75 99 0 60 52 65 96 58 90 69 95 64 96 76 80 59 59 82 93 65 92 51 70 81 64 50 52 59 56 82 92 74 83 58 84 99 99 80 60 78 92 70 65 73 93 
53 83 69 65 78 79 88 67 71 92 88 50 71 84 90 79 94 56 91 87 52 84 93 97 64 82 83 62 74 67 92 66 70 56 98 93 57 82 68 56 93 78 74 63 97 95 69 52 58 0 94 76 88 80 72 87 96 89 89 73 57 59 82 85 71 74 54 51 77 68 86 90 82 71 71 77 59 62 62 74 50 78 85 63 56 72 74 67 58 60 60 
70 81 98 92 92 93 82 72 91 75 83 60 53 58 73 73 88 65 97 91 95 92 77 87 59 56 99 75 63 98 93 66 99 94 85 71 89 86 74 53 99 77 98 71 54 82 61 90 81 71 0 60 76 85 64 65 86 51 68 81 61 96 56 75 75 61 85 69 50 62 50 60 79 53 90 52 92 53 73 55 74 76 59 81 68 93 80 72 62 88 87 
56 76 65 88 90 85 71 75 85 93 79 87 77 73 94 64 94 81 72 67 80 67 84 62 59 86 89 89 50 54 71 70 96 78 87 74 81 97 72 86 90 61 94 71 62 60 79 99 65 65 65 0 72 58 86 50 69 88 88 60 71 63 81 56 52 71 78 57 73 99 63 71 69 56 98 78 59 88 69 79 61 74 50 90 84 64 58 73 98 97 64 
80 53 85 96 55 97 96 68 59 74 57 66 88 65 57 80 97 56 91 81 54 94 56 51 66 79 85 66 78 55 50 53 86 69 61 63 75 53 84 98 73 69 72 92 50 92 82 51 99 82 60 51 0 91 92 92 63 60 96 98 99 62 50 96 84 81 94 86 55 98 98 87 95 77 92 97 51 59 84 69 53 88 87 51 53 87 85 85 52 71 93 
73 82 64 84 83 72 82 98 97 65 53 94 90 85 50 62 67 96 99 59 71 75 59 74 60 96 84 98 61 90 88 93 94 99 97 80 73 56 63 73 92 53 78 89 81 93 67 97 59 53 85 98 67 0 73 69 96 59 55 86 54 84 71 96 66 69 63 74 92 99 73 98 90 74 96 63 74 54 61 81 73 53 54 64 77 71 70 79 96 51 53 
85 84 77 51 90 95 89 56 93 66 84 80 50 70 68 50 86 85 80 69 73 98 54 61 70 97 65 69 79 87 51 71 97 92 68 54 85 67 90 64 52 81 69 54 81 65 94 93 97 84 56 75 73 97 0 87 85 97 89 89 82 61 94 96 61 63 63 84 73 61 71 95 62 91 87 84 71 87 94 52 89 70 91 85 64 55 92 78 99 54 79 
63 96 70 94 67 89 70 56 94 58 85 51 69 58 62 82 52 67 78 92 69 86 84 56 65 86 88 89 95 57 51 87 60 80 76 85 99 58 71 98 72 66 60 91 89 78 95 56 94 55 51 59 65 92 85 0 94 88 86 84 96 56 91 75 72 69 90 85 69 84 94 81 57 87 75 53 59 65 88 56 71 89 97 80 85 90 59 91 61 54 86 
73 70 92 78 72 67 92 89 52 93 64 72 85 98 81 87 74 92 80 67 87 72 59 54 62 52 69 83 66 62 51 58 96 69 61 60 95 84 55 71 51 94 67 63 67 57 92 64 71 68 68 84 81 84 58 95 0 67 52 85 97 64 93 91 83 67 99 62 56 98 80 97 88 50 74 82 62 59 80 93 90 93 52 52 56 59 75 85 88 66 52 
75 66 88 62 88 69 78 57 60 87 54 85 96 86 76 66 74 60 77 87 91 87 76 81 73 85 95 60 56 58 75 87 84 91 68 87 89 99 56 64 58 83 66 63 99 94 61 60 64 79 72 93 59 69 99 95 63 0 55 95 87 66 85 71 75 53 92 53 78 55 73 90 99 63 79 66 54 67 75 62 80 88 88 57 63 93 72 63 74 66 73 
90 68 89 95 88 57 77 84 75 76 58 68 77 82 59 70 89 92 71 55 52 65 85 85 55 61 93 71 86 90 92 50 71 68 72 64 50 68 98 56 58 53 68 80 71 99 87 50 70 93 68 54 62 83 96 64 83 66 0 94 54 74 74 53 56 55 83 85 84 89 58 54 76 95 96 65 78 92 84 50 55 94 80 78 59 95 95 97 77 75 70 
61 87 67 57 71 98 92 78 86 56 85 99 81 78 74 56 50 63 85 72 54 88 57 59 84 60 81 83 88 91 52 70 65 90 99 77 64 69 65 89 71 76 60 53 56 84 88 68 59 82 84 53 71 96 57 70 58 85 84 0 56 87 87 95 70 65 62 78 80 88 70 79 57 68 81 87 64 58 78 57 71 74 86 97 53 96 91 62 66 64 53 
59 66 90 72 57 51 72 64 54 57 90 81 55 93 72 78 95 58 50 82 70 69 76 85 76 89 63 98 72 84 74 75 91 84 88 89 66 84 78 93 87 95 91 60 60 92 56 61 70 74 63 51 68 68 89 82 77 72 97 96 0 85 97 57 58 74 58 98 72 97 98 83 80 96 57 96 93 78 58 62 95 85 53 83 69 89 96 55 70 78 97 
54 52 74 61 50 82 58 72 99 56 74 69 89 75 92 95 61 57 80 66 68 76 77 52 51 85 99 91 92 50 85 77 95 62 83 55 50 92 98 52 77 60 59 63 95 58 82 51 64 73 68 60 70 85 57 61 95 64 76 61 57 0 78 79 53 92 93 67 69 95 63 52 71 80 79 85 52 55 91 57 55 97 63 98 98 83 69 51 95 91 95 
84 55 50 94 94 86 63 94 86 73 94 81 75 92 55 55 97 76 86 54 85 67 84 75 81 65 79 92 56 98 84 62 55 91 84 93 76 95 96 72 67 52 64 51 51 83 57 56 79 98 99 98 90 56 80 96 66 94 81 81 83 78 0 91 68 62 80 69 55 77 88 54 88 61 73 95 80 54 57 85 81 99 73 93 94 64 70 68 77 64 64 
74 69 68 78 87 80 56 55 77 95 98 77 70 67 83 55 97 80 63 72 87 51 57 60 73 56 91 52 69 88 71 92 66 92 84 83 67 81 61 82 96 77 88 78 98 76 70 78 76 51 90 54 54 82 74 69 98 79 62 99 93 90 88 0 53 75 86 60 92 98 92 69 88 65 93 60 97 50 93 74 78 50 59 63 56 68 90 50 64 61 72 
67 56 69 69 73 65 91 93 78 94 68 99 94 80 93 75 94 92 87 85 91 66 62 58 58 92 92 68 60 94 85 70 79 52 76 90 87 70 73 67 79 65 56 56 60 63 68 72 90 88 52 95 91 63 96 82 72 90 57 68 54 88 96 84 0 60 57 77 59 94 67 64 52 59 97 79 86 70 60 80 58 57 88 99 78 72 91 83 60 57 63 
91 53 81 54 72 58 80 50 97 76 86 99 95 84 79 92 56 59 98 78 98 69 74 51 81 89 90 64 98 61 56 86 80 63 84 68 57 99 84 77 71 52 99 81 94 74 62 52 97 60 99 77 83 84 79 59 98 54 77 59 76 56 57 81 69 0 63 97 84 83 98 65 98 96 55 64 76 65 89 86 70 98 62 65 92 52 74 57 77 66 61 
88 50 72 68 99 84 66 78 66 89 91 85 69 67 91 57 99 99 84 77 63 52 69 95 72 94 96 93 98 50 65 65 99 70 60 90 63 52 65 67 71 89 88 59 62 75 55 68 69 62 59 83 88 69 94 95 91 81 57 88 61 56 89 55 78 60 0 59 73 52 83 90 88 51 72 50 87 93 94 87 80 54 70 67 63 60 97 73 99 62 97 
98 93 61 62 93 88 67 91 77 50 81 88 78 78 98 89 52 58 65 70 80 71 71 61 93 60 89 78 84 72 85 92 74 81 81 96 93 61 87 83 86 66 54 71 91 61 52 52 63 54 71 63 60 80 55 90 69 75 92 51 77 97 74 73 63 50 73 0 97 50 98 91 65 80 87 95 56 73 71 68 80 92 71 54 60 92 71 64 58 98 72 
51 96 79 80 62 87 65 76 72 67 78 71 59 87 51 66 65 74 86 88 53 96 96 80 63 88 57 86 97 97 91 91 76 91 94 93 76 69 53 88 85 94 78 52 57 79 96 97 77 77 83 77 81 56 78 98 60 94 86 91 75 65 72 85 70 71 63 57 0 98 83 94 96 63 85 58 99 90 92 57 70 90 81 79 72 87 60 71 82 81 63 
76 91 57 85 87 71 76 52 57 52 97 71 64 74 91 88 51 77 58 76 99 94 91 74 83 93 98 56 63 75 99 54 50 68 78 50 93 57 82 89 90 66 66 60 69 69 86 96 84 96 56 72 58 96 76 93 61 71 91 81 81 83 51 82 62 95 98 78 53 0 90 80 66 67 74 99 90 59 90 72 90 99 99 93 82 80 65 82 52 95 65 
52 85 87 81 69 57 93 57 54 51 76 52 67 92 77 62 96 88 98 62 99 62 96 59 64 99 85 85 61 50 89 81 95 74 78 92 65 90 88 52 85 59 96 96 71 88 87 87 74 72 64 79 84 73 97 91 79 80 81 65 98 68 69 80 97 60 89 83 71 71 0 65 73 81 79 93 59 52 64 69 83 92 76 58 82 79 71 85 84 76 73 
50 51 76 72 92 80 91 79 98 77 50 89 93 77 62 50 91 75 83 60 62 73 51 62 93 56 67 76 71 52 78 73 80 99 77 81 99 84 92 82 95 74 80 85 59 93 92 61 91 88 53 92 61 77 50 80 74 70 78 78 65 90 90 62 89 89 56 54 89 72 80 0 82 89 89 99 70 67 85 99 73 89 69 75 65 85 61 50 53 71 78 
94 55 70 94 82 84 87 50 93 92 89 64 95 64 76 85 93 58 97 82 72 51 79 71 59 63 62 72 60 53 59 51 95 82 84 97 97 68 69 75 54 81 51 85 50 81 93 97 87 95 61 81 66 81 66 57 70 62 68 67 58 73 62 75 64 56 99 87 55 97 58 99 0 68 95 66 56 75 90 99 75 71 59 50 64 69 55 85 70 54 70 
81 59 58 97 92 61 83 93 53 63 59 68 77 64 59 97 93 95 65 71 67 52 84 62 94 87 76 78 95 93 61 68 83 84 89 63 57 99 66 72 83 72 64 75 58 58 63 76 66 70 64 77 67 56 84 63 51 57 67 51 96 83 56 96 76 71 98 80 79 73 97 56 88 0 67 73 60 65 98 93 71 57 78 57 90 87 53 83 61 65 73 
74 62 52 50 90 84 64 99 96 60 58 57 66 90 53 95 76 57 50 67 93 53 68 76 77 92 86 85 85 80 96 59 80 56 89 85 78 84 90 63 57 67 61 68 52 75 82 78 78 72 95 82 73 59 81 54 81 69 50 58 52 81 90 68 62 52 51 93 81 86 84 68 55 53 0 98 85 77 86 87 84 74 79 73 80 61 61 53 96 73 75 
67 80 85 61 77 61 71 69 64 91 64 87 91 64 53 59 62 64 63 88 69 71 58 89 98 83 80 82 94 83 84 59 53 95 57 58 74 80 83 59 91 64 63 73 57 60 72 58 55 82 67 84 97 57 84 55 59 54 89 70 65 98 81 95 83 60 79 98 67 54 70 87 99 96 65 0 91 91 66 64 53 62 62 76 74 97 86 51 60 63 63 
66 57 84 97 52 50 69 69 84 71 74 95 76 61 63 94 90 84 74 66 95 64 66 82 91 59 95 97 97 81 82 54 56 80 59 64 86 94 86 93 91 75 69 71 87 67 92 50 96 76 74 72 55 85 67 65 56 90 88 75 66 83 55 59 94 62 77 52 87 57 78 96 60 52 65 82 0 58 75 91 85 51 75 77 59 90 82 83 67 84 97 
52 97 51 63 81 95 88 56 64 53 51 98 96 91 83 80 90 96 80 84 95 99 88 52 72 87 59 98 67 57 72 54 56 97 54 58 55 54 63 57 91 50 57 97 87 79 60 79 90 71 52 94 52 52 67 91 56 87 68 68 66 94 98 61 98 94 69 58 67 95 57 80 53 85 50 66 65 0 88 66 62 88 94 67 64 98 99 89 99 64 75 
59 65 93 75 63 67 63 99 60 90 65 64 67 82 61 75 85 73 98 60 88 69 71 67 63 97 71 65 71 84 60 71 74 81 70 52 50 96 92 69 70 78 77 74 76 71 84 90 93 65 63 86 82 54 63 89 75 77 76 85 64 76 72 62 78 88 68 52 80 93 94 66 73 58 98 75 82 57 0 67 52 68 50 85 95 91 75 73 68 97 97 
73 87 53 77 94 90 63 61 57 77 55 76 61 87 75 71 73 99 91 98 70 92 92 54 51 90 66 92 96 66 89 98 62 80 72 93 83 50 52 59 62 83 59 96 66 75 95 53 89 89 70 82 60 94 77 60 72 91 89 84 58 98 75 99 86 77 68 76 80 97 98 75 82 55 66 86 78 83 77 0 69 93 93 89 66 54 79 67 81 51 85 
64 76 71 86 73 63 54 99 68 74 98 97 60 76 61 85 86 66 61 84 92 57 68 86 83 53 64 77 85 54 99 99 97 70 99 50 75 96 63 63 69 84 57 95 72 97 63 51 92 95 52 76 53 97 57 72 88 92 59 83 94 80 67 95 66 74 57 99 72 75 95 95 73 51 69 69 53 76 80 90 0 78 86 62 76 89 58 62 92 97 77 
81 85 78 98 71 96 91 51 68 86 63 86 73 95 81 83 53 57 72 88 55 83 65 70 97 59 88 76 92 65 77 77 86 80 83 82 57 55 97 56 84 95 57 80 97 52 90 82 55 53 92 67 76 86 98 98 96 68 54 70 79 56 93 68 91 52 89 69 66 63 82 96 72 93 60 66 94 90 89 57 86 0 92 60 78 78 95 84 87 68 79 
60 72 74 54 81 54 67 75 56 51 86 91 89 81 53 88 69 67 64 62 84 94 84 87 81 81 94 84 52 82 70 90 89 77 79 84 94 68 64 94 80 68 94 63 90 67 77 98 91 55 68 59 52 94 92 88 91 54 76 69 55 97 61 83 50 81 93 72 63 76 52 81 90 66 55 51 72 66 53 79 57 69 0 51 82 84 66 74 80 64 95 
76 74 86 54 76 54 86 56 69 55 54 93 95 57 60 76 97 57 67 93 51 77 85 79 56 80 52 87 83 52 69 59 67 54 77 79 56 62 85 96 79 78 65 51 95 52 56 53 71 82 58 82 52 77 61 76 67 68 98 80 79 73 60 73 85 68 66 97 94 72 84 60 86 63 67 51 56 68 97 60 61 84 75 0 55 61 59 93 68 91 91 
82 50 97 62 84 86 97 83 65 65 54 55 53 64 95 75 77 69 72 62 60 83 77 97 64 62 64 82 81 55 69 78 92 96 94 77 94 78 55 63 98 93 77 57 68 96 92 53 81 76 72 96 91 77 70 74 60 61 64 59 99 63 99 63 85 51 92 81 87 50 80 91 81 77 81 79 71 52 94 70 88 91 91 59 0 91 86 65 81 88 95 
50 88 67 57 63 51 96 85 69 76 57 69 75 91 92 84 92 68 70 98 72 67 66 58 60 55 86 52 58 74 72 91 83 86 81 67 78 70 98 93 99 67 51 68 97 70 55 64 74 82 64 51 93 88 83 81 83 99 95 95 55 90 55 86 66 66 56 90 80 74 94 71 95 75 94 61 52 57 88 81 73 88 80 92 92 0 90 80 87 82 80 
64 89 53 70 74 62 83 71 56 78 99 58 97 71 69 67 51 83 93 85 97 92 84 80 95 86 86 80 94 96 98 63 77 51 90 72 60 64 79 84 72 79 75 53 53 82 87 99 56 73 75 51 82 79 52 86 78 66 72 87 73 60 85 59 51 57 61 85 62 65 77 55 91 62 70 66 57 82 63 76 74 64 60 98 82 74 0 52 98 66 52 
92 96 64 59 97 56 84 87 70 52 87 68 79 80 58 76 83 50 55 87 76 70 86 83 77 90 67 60 63 90 94 73 58 68 91 50 99 82 67 98 74 50 56 62 98 96 54 89 64 68 61 59 85 55 78 81 70 99 60 62 90 86 62 92 92 85 68 52 69 59 97 87 78 85 75 94 70 76 85 75 91 53 54 50 97 94 84 0 51 61 86 
99 94 56 65 52 94 95 70 81 74 94 69 76 69 93 85 59 90 93 86 75 68 95 91 64 72 82 81 77 85 60 68 68 64 95 69 67 67 72 65 76 75 64 89 95 94 84 51 65 52 56 54 71 98 63 88 80 97 80 87 97 54 96 74 86 52 85 75 84 80 78 72 66 73 83 72 51 91 60 82 64 81 84 99 90 54 55 61 0 63 83 
73 68 95 95 69 61 72 97 52 86 63 61 77 74 94 88 59 51 83 68 57 69 86 90 86 75 58 69 80 95 57 53 67 92 76 77 86 87 62 82 55 62 75 95 74 59 74 60 89 72 57 74 62 73 65 99 74 54 79 82 75 56 76 97 51 82 64 98 65 77 65 79 55 64 70 61 91 93 91 93 68 96 91 55 78 64 64 92 53 0 60 
82 62 75 92 78 75 90 92 91 58 57 98 91 94 57 54 75 81 90 93 79 85 89 66 90 81 70 93 73 99 54 92 60 65 84 82 85 83 83 58 95 87 59 73 69 93 59 72 54 93 62 89 63 85 61 55 91 97 90 94 89 77 64 56 87 63 60 54 60 89 55 69 79 63 94 75 64 78 85 53 54 55 62 99 79 95 75 74 77 86 0 
