n: 90
m: 6
Pi:U[1-99] 81 99 15 14 29 32 30 25 28 92 82 10 31 88 83 41 96 98 2 5 25 60 46 69 46 41 19 96 8 9 63 56 62 77 23 84 75 98 36 11 70 33 97 75 51 65 33 73 13 28 68 78 67 53 58 64 65 52 83 34 92 29 14 8 11 18 97 17 91 41 16 88 77 51 9 56 57 95 10 16 17 18 88 13 85 20 5 72 94 96 
Si:U[50-99]
0 67 62 55 89 89 62 89 68 99 77 97 81 74 53 54 98 90 59 52 59 79 68 64 52 72 53 97 90 91 99 65 94 87 80 75 74 58 83 63 83 58 61 84 56 95 52 66 86 61 77 72 73 53 65 98 84 75 58 74 91 94 86 72 76 53 92 92 51 61 79 55 54 79 97 53 83 67 56 51 66 77 91 56 55 52 85 51 98 59 90 
79 0 87 68 84 51 60 55 65 82 90 74 76 58 95 52 81 67 97 89 99 62 60 96 55 76 69 56 98 95 66 73 60 58 66 53 61 75 58 97 75 54 57 79 75 66 50 72 59 85 82 59 68 69 68 83 88 70 71 71 61 58 55 95 55 92 93 51 53 52 95 76 97 69 98 76 99 92 72 96 67 77 90 99 82 72 97 95 55 85 70 
64 69 0 87 72 80 87 99 50 75 72 94 75 87 78 67 58 79 70 95 66 99 60 85 91 91 71 61 68 60 71 53 82 71 53 75 85 93 97 93 52 60 83 64 96 93 84 85 73 53 51 94 98 95 53 70 86 97 91 95 65 86 89 94 97 87 68 99 88 52 71 71 93 50 60 93 52 80 54 78 52 63 67 63 67 90 70 57 89 72 78 
94 80 87 0 60 80 94 58 51 58 64 57 82 78 52 59 67 96 67 89 93 50 54 83 72 96 83 81 80 56 58 93 69 79 66 73 55 72 88 81 75 91 67 68 64 55 84 67 85 72 66 77 54 50 68 76 88 58 57 72 58 82 74 93 57 66 58 71 78 58 98 92 98 55 60 56 96 68 92 95 65 52 80 65 77 56 78 72 89 99 92 
98 96 87 75 0 65 74 83 66 90 68 93 77 74 57 94 97 82 66 86 93 60 54 94 77 83 54 81 95 90 57 82 53 83 53 93 99 71 72 83 64 91 88 88 74 67 99 65 57 78 99 53 73 90 62 81 62 71 79 73 82 82 50 92 87 97 81 66 56 66 71 75 84 81 69 76 98 98 76 84 74 64 73 85 97 95 57 88 74 70 63 
78 67 80 53 95 0 74 69 52 84 73 55 57 53 77 79 85 96 84 97 83 67 59 77 53 70 89 87 73 87 95 91 98 64 67 64 98 95 93 56 72 62 82 56 56 61 97 77 79 89 85 52 83 92 77 75 56 62 72 95 77 54 87 51 90 94 76 74 68 84 50 69 80 92 96 88 54 55 92 65 82 68 55 55 64 63 66 97 74 55 79 
97 54 52 51 52 83 0 94 75 67 69 90 55 64 50 66 75 59 80 96 71 98 67 68 65 67 67 98 55 63 68 69 77 95 92 82 91 76 93 57 75 75 79 63 64 69 67 56 81 96 56 97 99 82 51 62 90 99 94 99 94 81 81 81 69 50 90 64 80 74 91 73 73 69 82 75 74 66 93 62 59 66 58 62 95 87 78 87 54 64 53 
62 71 95 69 66 86 95 0 93 79 70 78 93 80 88 95 71 54 98 58 76 64 91 94 91 84 78 97 74 69 73 98 99 73 75 98 76 63 77 74 50 77 97 94 83 82 65 66 68 66 51 86 57 83 69 71 57 54 93 96 63 93 70 56 78 85 58 82 56 59 76 65 82 74 72 98 51 52 95 90 93 81 64 95 69 79 64 59 90 54 98 
59 74 54 94 94 87 54 70 0 84 91 74 72 88 66 57 95 70 82 52 68 50 68 59 65 62 97 56 76 86 92 90 96 56 84 75 58 96 52 96 86 96 86 92 79 60 51 75 61 68 76 58 97 65 56 70 70 74 62 80 86 69 92 97 60 52 68 64 78 83 85 88 56 69 82 71 71 72 69 77 65 89 71 76 94 88 93 71 65 58 92 
75 75 85 69 57 98 64 80 96 0 65 97 79 97 68 82 79 74 55 93 84 60 53 62 88 55 52 63 99 69 74 53 84 56 52 68 94 81 72 71 83 74 83 54 75 50 93 78 79 63 93 80 77 57 86 61 94 77 64 70 63 59 93 53 81 96 60 87 55 81 59 53 61 86 54 59 71 68 92 53 81 98 57 73 64 95 85 50 55 62 98 
92 64 59 81 95 53 97 54 53 93 0 67 62 93 92 67 64 72 87 60 72 84 79 87 85 72 84 53 65 83 98 60 84 85 95 61 64 92 93 94 92 73 94 97 70 54 71 78 67 73 55 61 83 63 52 74 86 71 86 72 77 93 70 96 78 90 92 69 82 84 70 58 94 62 93 61 78 68 57 58 88 79 89 87 91 83 94 69 71 72 69 
73 85 92 83 98 50 53 59 74 62 73 0 59 81 77 92 50 78 60 54 57 70 53 59 93 97 51 59 90 81 83 89 86 81 67 67 51 58 95 99 55 81 81 79 54 73 83 97 98 54 76 92 85 61 52 82 78 88 69 81 57 55 74 56 89 57 63 85 74 62 68 71 87 99 80 92 60 98 80 70 52 63 52 76 84 78 51 60 88 87 78 
65 93 58 69 53 51 63 65 58 92 78 58 0 68 75 59 52 66 60 59 61 97 75 61 91 50 92 90 71 63 80 56 86 52 80 99 70 64 89 51 60 70 64 67 77 68 57 60 56 62 72 97 80 71 64 65 59 81 67 78 79 88 60 92 76 71 65 61 83 83 98 74 73 56 54 54 70 87 72 66 86 67 98 54 93 97 76 52 76 68 96 
79 69 67 68 57 74 64 79 78 79 58 57 96 0 55 82 79 93 70 50 88 75 59 75 89 81 63 90 50 55 91 89 81 93 73 74 64 74 94 94 75 75 72 67 61 66 50 80 56 82 83 86 78 54 86 57 54 69 74 79 75 77 90 75 53 54 83 94 61 97 68 90 88 54 99 67 93 69 58 71 54 83 79 52 60 89 87 67 81 84 86 
70 71 74 64 64 67 51 66 77 70 73 58 53 99 0 58 77 76 72 66 57 91 63 79 80 89 96 98 98 83 90 82 94 52 55 73 81 92 75 84 57 62 74 99 82 63 82 85 67 62 66 98 78 58 71 79 90 74 89 67 75 89 80 84 62 86 65 89 70 78 93 61 53 62 79 85 82 70 56 61 52 84 66 60 98 82 75 84 75 92 59 
75 74 83 74 59 71 54 84 96 87 63 78 65 51 96 0 50 74 55 98 58 65 52 90 69 93 59 52 92 72 70 77 88 98 78 74 59 64 86 68 60 98 87 55 62 67 94 53 98 51 61 58 83 94 83 51 94 52 65 51 61 69 91 85 87 63 51 57 92 65 68 58 57 83 69 94 56 67 66 66 59 66 96 60 84 60 71 94 52 94 60 
77 53 54 78 78 83 87 73 66 89 92 86 71 75 93 88 0 52 89 99 76 98 81 89 82 93 97 91 78 99 51 54 80 60 75 89 69 93 76 67 55 98 69 89 69 94 58 98 67 56 69 74 92 82 98 99 71 86 91 55 87 58 70 68 63 99 98 52 91 84 64 66 74 56 84 94 53 70 53 65 81 76 51 68 67 90 65 72 56 94 84 
66 91 70 61 96 65 63 82 63 50 75 75 56 57 67 98 84 0 98 69 81 59 73 87 54 84 95 89 80 70 50 51 76 72 81 98 93 54 89 82 89 95 66 65 90 88 53 72 55 88 50 86 85 81 89 92 98 99 62 92 87 57 92 77 63 55 80 89 75 94 89 60 66 89 85 77 98 55 52 99 75 75 98 64 82 96 61 76 98 82 72 
58 64 78 94 88 92 59 71 95 67 86 95 61 86 64 58 95 89 0 70 96 57 56 75 58 98 67 83 90 86 65 51 75 90 52 68 61 98 62 53 51 83 81 62 63 98 65 71 79 64 88 77 80 89 93 66 93 78 85 93 87 98 85 75 86 98 96 77 67 87 80 99 69 97 87 63 73 88 74 79 94 81 95 62 53 76 91 74 73 81 51 
73 64 91 62 58 81 57 55 52 92 75 60 57 79 96 69 71 99 54 0 82 68 51 87 94 53 65 69 75 58 75 80 72 50 59 52 81 89 67 80 89 61 76 88 84 96 54 59 81 64 78 67 77 81 82 88 82 59 62 85 55 50 96 95 85 67 96 72 54 56 80 54 75 66 65 74 67 61 72 85 79 69 99 84 57 68 52 84 53 65 88 
53 58 89 52 93 66 84 94 94 51 82 88 93 68 87 81 90 51 72 94 0 60 81 72 84 87 93 65 65 55 53 55 71 92 76 67 84 88 60 85 51 92 81 57 72 69 92 89 63 55 90 63 68 67 71 83 75 74 88 68 55 84 54 99 84 70 67 77 72 98 72 84 63 90 58 65 73 90 88 61 71 78 95 64 77 54 56 81 88 64 56 
92 91 84 89 74 94 61 79 59 60 99 99 71 62 55 78 52 79 52 51 90 0 99 82 85 87 93 88 96 72 82 63 59 55 64 51 94 74 92 59 77 97 87 91 88 57 83 63 94 63 77 50 97 64 76 54 75 84 78 58 74 52 89 63 65 62 67 70 79 99 72 90 63 52 66 78 84 97 94 85 78 93 90 66 54 67 69 52 62 75 69 
83 50 62 53 88 95 61 51 99 50 96 91 75 55 97 96 63 61 65 50 89 56 0 68 77 51 60 75 61 89 98 75 68 68 95 64 87 50 82 60 85 56 81 51 74 87 72 58 54 84 78 56 97 59 98 81 97 52 53 75 92 71 59 58 81 52 78 53 52 56 87 90 53 70 65 77 56 82 95 77 87 55 95 90 87 68 54 96 95 50 70 
95 50 92 91 70 53 83 90 85 91 52 76 60 71 95 52 60 73 63 71 54 70 92 0 86 78 76 76 76 54 80 98 85 97 67 83 89 95 50 65 68 54 64 65 68 78 93 68 60 76 54 95 94 66 65 80 98 90 60 93 66 50 92 68 50 83 76 83 82 91 92 99 50 90 66 60 97 61 86 86 83 70 59 87 58 77 93 62 91 93 87 
92 92 95 97 63 60 65 75 85 61 94 62 82 58 52 82 62 92 66 77 97 83 86 50 0 90 79 58 94 80 80 87 61 61 91 76 84 79 73 54 61 58 84 73 53 57 59 93 51 82 70 88 61 78 78 66 52 50 96 91 80 76 68 53 77 51 92 65 56 94 92 91 51 61 68 85 60 63 54 82 82 72 83 85 93 97 66 63 89 93 73 
70 81 95 54 96 98 53 85 97 56 58 63 67 65 96 98 53 99 56 64 60 66 65 62 91 0 98 87 51 85 73 59 52 56 77 51 55 99 61 84 54 51 68 66 94 53 85 97 92 58 71 88 98 75 53 79 58 94 66 89 77 71 87 79 75 50 73 73 83 73 67 53 82 68 79 78 79 66 85 84 77 75 88 82 55 63 78 52 88 59 59 
61 80 59 68 83 95 74 73 62 65 91 74 63 95 58 88 66 69 92 69 77 65 93 81 57 60 0 65 75 51 52 65 79 70 66 92 78 75 71 82 61 84 86 80 68 76 70 50 60 81 99 63 66 66 90 53 92 77 77 87 89 89 58 65 52 70 85 96 69 82 69 79 85 55 62 78 72 52 99 87 97 64 68 96 96 73 71 81 97 69 99 
88 94 90 58 75 98 70 98 86 91 85 83 90 64 85 67 60 69 61 66 99 91 54 90 90 59 57 0 63 95 67 97 59 56 99 87 55 91 56 50 84 62 77 93 81 87 64 60 73 76 86 73 96 90 58 87 77 57 87 98 71 97 66 56 78 67 50 65 81 77 65 55 66 57 79 99 83 67 96 96 77 50 73 99 75 69 92 56 53 66 85 
70 87 81 80 87 97 88 57 75 92 76 56 70 63 50 52 51 68 54 50 64 76 89 66 60 98 81 64 0 94 57 52 60 95 75 52 82 84 70 87 63 56 82 62 93 65 55 58 63 72 87 65 72 58 80 93 94 85 63 78 57 67 67 63 67 61 60 87 82 69 95 55 52 81 65 83 88 81 95 64 78 76 72 78 71 92 85 90 73 65 85 
74 73 90 87 87 75 80 83 72 50 67 63 76 62 55 85 51 88 52 71 70 65 70 99 51 54 68 88 76 0 61 57 82 50 62 67 79 82 96 81 54 74 91 55 62 54 74 68 66 85 88 55 85 75 58 86 56 74 75 88 72 62 98 53 77 81 70 98 64 68 97 90 78 56 73 80 84 98 60 82 72 59 65 66 78 99 68 50 91 87 90 
81 70 60 53 73 73 99 79 76 62 78 97 61 64 63 97 76 65 85 62 58 91 97 66 83 60 55 99 60 66 0 97 88 63 70 67 80 52 58 79 61 81 79 93 50 69 62 92 69 69 56 81 74 67 83 55 76 79 67 87 73 86 51 93 91 54 81 66 81 98 75 75 68 99 69 88 97 55 99 59 98 93 61 64 65 58 56 74 55 55 98 
54 95 71 76 86 93 84 73 85 97 50 59 52 52 87 55 57 83 79 92 86 66 79 53 97 82 96 90 89 55 59 0 70 61 55 92 85 95 79 83 89 85 79 68 90 79 70 94 67 90 54 88 76 75 51 75 56 84 97 93 71 88 53 57 53 89 97 55 88 70 61 91 90 57 53 78 98 77 66 61 80 80 56 58 84 74 75 92 64 55 80 
90 73 67 66 52 50 76 57 76 74 99 86 70 65 67 54 93 52 74 70 65 70 73 99 68 72 90 50 87 93 68 81 0 97 58 98 73 99 50 59 72 53 50 76 74 98 93 84 90 63 75 88 81 95 73 75 82 91 78 63 88 81 83 61 82 91 69 69 67 96 55 79 87 72 58 76 89 70 84 65 89 94 64 75 65 79 87 65 74 76 69 
93 90 72 63 56 85 53 80 98 82 78 58 52 98 55 59 67 74 99 97 99 83 66 88 65 67 68 55 78 76 70 55 70 0 86 81 51 87 73 74 90 99 99 63 87 63 89 77 88 86 51 90 62 53 74 77 81 61 74 80 60 98 86 67 61 67 66 50 92 75 55 51 74 68 96 57 75 55 65 66 85 83 76 60 62 99 93 65 65 67 73 
77 66 73 75 67 92 84 60 88 54 80 74 74 91 67 74 74 75 97 79 75 69 87 88 83 73 62 58 90 75 63 89 53 87 0 83 92 73 82 80 80 68 85 70 92 89 72 59 69 87 73 51 94 99 86 50 80 86 85 65 53 80 72 52 59 69 87 83 77 70 92 60 85 80 58 54 68 59 93 81 57 96 62 67 59 86 55 52 89 53 57 
55 75 53 68 60 80 91 51 82 59 57 86 90 86 68 84 77 92 79 95 92 62 85 62 58 99 81 53 74 79 76 88 72 71 96 0 53 79 98 67 56 69 99 87 84 84 83 64 95 91 76 57 67 53 89 66 60 89 66 58 60 86 63 97 91 61 72 83 75 66 98 59 61 81 89 59 60 97 78 79 90 57 76 88 58 84 79 90 84 97 69 
67 94 61 57 61 65 54 88 57 58 78 90 74 57 52 75 98 79 56 98 74 81 95 98 88 71 71 58 98 97 99 60 75 69 96 70 0 72 83 66 65 88 82 52 72 99 69 88 68 80 77 89 59 87 89 93 98 80 96 95 89 58 95 84 83 78 88 83 56 85 78 97 61 63 64 93 69 71 83 57 86 75 80 59 60 92 67 53 66 99 94 
90 56 68 79 97 60 55 56 64 50 61 59 85 56 57 65 84 84 52 66 58 60 82 63 85 79 83 68 82 70 68 64 53 86 76 81 55 0 64 91 84 67 90 87 65 71 90 96 52 63 80 64 54 80 78 58 56 85 55 90 51 97 61 72 76 56 98 64 85 83 89 81 85 56 72 53 87 77 65 61 69 97 66 76 98 69 71 56 58 86 88 
83 70 77 89 87 93 85 64 66 81 73 60 96 99 66 53 53 99 92 98 89 69 78 80 63 69 66 73 96 64 61 54 51 94 95 94 52 57 0 72 85 66 56 97 71 87 64 99 94 97 76 69 56 72 51 57 68 60 52 87 73 52 80 64 80 99 70 97 54 77 61 97 55 81 78 87 52 65 82 71 80 55 78 91 68 62 91 75 52 98 92 
55 72 83 75 59 61 62 94 84 91 94 68 78 84 88 75 83 66 87 79 70 88 69 69 55 80 64 75 52 98 94 50 55 59 64 51 55 81 65 0 91 72 80 64 97 62 88 73 68 96 89 51 99 53 80 87 92 71 93 76 98 86 70 78 75 95 76 80 88 93 67 53 82 91 87 75 56 77 89 84 51 54 72 90 52 76 85 98 89 77 95 
84 73 54 91 90 51 86 92 81 82 88 87 91 63 54 88 77 86 54 80 85 73 75 55 85 73 83 64 51 93 92 85 53 79 56 86 90 70 86 57 0 72 73 60 92 91 78 66 87 79 85 64 64 91 94 75 60 50 66 54 95 89 57 70 82 97 79 50 80 67 63 55 94 62 53 77 83 81 54 59 56 54 64 66 80 78 91 60 58 67 75 
92 51 75 64 61 91 77 96 80 75 51 91 93 58 95 75 52 84 80 76 71 65 74 64 82 62 84 85 53 87 98 69 50 88 83 81 60 64 83 50 64 0 60 83 74 62 76 72 90 83 70 57 99 78 95 68 61 57 85 87 96 94 88 75 64 97 58 77 74 69 65 60 81 72 85 57 93 83 90 68 92 85 94 57 60 54 81 52 91 90 77 
99 52 86 70 70 89 61 99 65 64 87 55 81 94 82 59 67 51 65 80 51 96 84 54 57 83 73 67 88 52 89 64 70 71 92 98 61 65 66 62 73 87 0 50 54 91 51 56 95 81 57 56 59 89 50 79 95 53 72 53 82 94 78 89 99 54 55 63 76 61 95 58 85 81 99 79 98 66 58 80 74 66 87 76 61 52 98 51 91 56 76 
62 52 92 84 60 52 77 69 80 91 75 54 62 61 86 98 91 81 54 82 91 87 67 93 57 55 73 69 96 64 58 66 94 63 98 85 95 86 85 82 55 94 78 0 77 88 68 97 57 88 71 63 63 59 53 64 81 62 57 63 91 50 68 72 67 53 96 76 60 83 91 91 92 64 90 65 81 56 61 94 58 83 81 69 78 71 89 68 94 79 83 
51 81 64 67 79 69 93 70 85 98 72 69 75 95 63 72 78 82 70 55 77 87 54 84 65 52 54 94 69 86 86 70 83 93 68 68 87 93 69 73 72 63 79 60 0 82 78 53 85 63 86 80 94 65 89 96 75 54 58 77 61 57 53 62 72 94 73 50 63 62 55 52 62 62 90 93 66 51 78 83 88 99 86 89 96 90 90 94 53 53 57 
60 91 58 64 55 72 73 70 93 95 64 71 78 56 67 73 93 57 84 91 58 87 63 84 63 63 81 86 83 76 85 70 60 75 69 77 90 78 78 90 83 74 66 58 57 0 50 52 64 78 54 92 99 60 51 89 98 78 55 50 78 63 51 65 98 74 58 56 83 53 87 75 82 96 53 58 93 74 78 71 99 64 79 78 96 67 90 66 76 78 91 
78 65 58 85 89 86 94 70 50 52 69 81 59 97 88 52 76 81 64 92 98 95 84 81 83 85 76 99 65 63 83 62 54 57 50 89 61 67 54 62 71 71 65 89 83 68 0 60 74 98 83 73 72 70 63 68 96 63 65 83 52 73 52 68 82 82 81 62 90 87 84 57 91 64 58 94 98 61 69 97 62 56 53 99 84 60 51 50 84 80 58 
91 69 92 58 60 88 61 72 60 63 71 71 84 71 52 55 79 61 94 88 77 71 81 56 50 64 77 79 78 88 57 65 79 70 97 68 59 95 78 50 53 59 89 87 83 96 91 0 74 83 70 90 57 54 95 81 67 76 99 83 98 67 90 68 86 84 95 69 66 56 98 55 64 50 67 85 68 80 84 77 71 86 89 53 67 80 53 91 92 84 63 
99 53 77 70 72 62 53 95 71 89 67 58 50 59 80 65 82 77 77 80 99 88 57 84 93 50 76 82 78 71 53 53 57 97 77 87 56 94 57 92 68 70 73 54 61 59 50 56 0 88 80 56 88 95 68 51 87 78 53 96 85 71 93 67 88 63 64 89 55 88 64 79 75 54 69 75 81 58 52 89 86 75 88 94 77 51 75 52 56 84 51 
89 71 95 70 82 91 94 75 97 58 83 54 93 95 54 98 88 56 88 97 55 67 54 90 65 76 92 65 86 93 58 92 76 95 60 92 71 88 96 70 81 66 51 61 58 70 56 92 77 0 67 97 90 61 73 83 77 95 88 71 72 92 77 96 86 79 64 91 61 52 89 59 81 79 79 74 73 59 59 74 68 87 52 52 90 96 73 69 51 83 63 
82 74 73 53 62 72 87 57 70 63 77 60 71 67 62 50 51 68 79 70 87 79 79 79 83 66 60 75 70 53 56 96 70 51 65 87 79 75 52 70 53 60 87 60 71 59 57 53 97 82 0 92 99 51 75 97 71 85 61 51 78 66 50 66 62 55 66 83 58 75 55 61 66 50 66 52 73 70 63 99 93 83 99 98 91 65 81 65 74 97 83 
88 81 75 82 50 95 98 68 63 74 73 74 62 61 77 65 90 79 86 95 93 87 58 84 57 86 69 64 84 77 75 78 85 77 68 54 55 67 58 52 56 70 65 61 54 54 70 57 69 96 76 0 60 96 66 51 76 52 53 94 62 86 86 51 81 55 52 93 96 97 79 76 93 82 52 61 65 90 96 70 61 87 64 84 71 54 60 80 96 94 69 
79 65 91 72 87 79 57 79 58 85 93 98 82 98 80 58 64 69 71 76 50 91 78 62 90 58 95 84 63 57 90 80 66 53 75 96 71 90 52 65 76 67 91 67 54 76 73 96 67 77 51 86 0 73 68 60 68 60 78 79 52 59 95 67 66 88 63 92 95 50 66 95 62 79 93 83 67 80 88 52 87 90 94 51 57 55 81 56 91 89 73 
92 55 50 75 59 51 81 76 78 86 92 77 60 50 50 63 61 98 65 81 94 72 58 62 85 84 92 62 53 86 78 90 57 92 77 56 55 61 66 52 52 91 58 76 57 68 59 67 64 97 69 82 77 0 94 57 86 60 60 50 74 68 81 80 96 93 75 61 60 74 57 95 80 76 77 68 73 91 74 96 57 82 71 92 85 74 77 67 72 94 55 
53 51 76 70 64 72 52 76 71 99 66 60 87 62 55 72 76 93 54 54 51 82 61 83 84 54 78 55 63 95 54 53 58 91 57 58 68 52 65 97 91 56 80 99 91 50 73 54 79 53 53 63 61 97 0 64 96 70 74 55 68 64 53 53 97 81 81 56 84 75 55 67 95 65 72 51 55 52 54 73 99 51 57 91 78 91 60 68 73 73 98 
76 89 52 72 91 52 88 72 67 75 81 64 70 87 58 86 77 81 82 56 62 69 74 50 77 83 71 74 81 96 60 65 80 77 97 90 67 52 89 58 89 58 98 78 71 64 58 98 76 98 91 84 86 63 97 0 80 59 83 63 87 91 85 89 63 84 83 50 85 68 99 65 87 79 89 88 92 55 56 55 51 84 70 70 79 57 66 86 78 66 93 
59 97 69 67 50 85 69 63 69 66 53 99 52 89 61 58 68 58 64 64 67 82 98 96 90 57 86 57 76 93 78 88 92 53 81 75 96 77 99 68 90 52 76 93 81 71 71 87 68 89 84 87 75 83 63 86 0 51 73 96 87 62 81 92 57 90 63 52 95 53 99 83 51 77 97 52 92 94 90 64 88 53 61 90 77 96 66 82 87 59 92 
97 62 92 95 72 51 65 85 90 61 86 87 90 58 87 78 98 77 64 69 81 63 57 77 87 93 54 86 60 69 55 57 85 75 97 63 57 52 66 97 79 67 68 96 89 59 55 88 92 84 74 51 70 85 88 52 58 0 78 61 64 56 74 88 88 84 67 81 84 86 74 96 87 64 64 51 91 98 51 92 97 53 59 89 69 59 93 63 75 75 70 
77 60 71 99 74 78 60 74 80 70 80 71 88 82 72 75 52 84 80 66 81 81 99 92 81 70 64 62 91 72 88 52 76 80 93 63 77 84 60 84 91 54 63 98 75 63 70 67 50 60 81 94 55 61 57 72 74 66 0 72 61 79 74 70 72 84 98 73 89 83 97 74 80 62 72 89 59 93 75 54 85 77 66 53 76 87 55 75 51 79 93 
90 80 66 52 98 74 73 72 97 63 87 85 72 69 85 70 50 88 76 51 67 78 54 94 52 83 65 76 60 57 51 81 79 99 60 76 58 62 62 84 73 51 97 75 51 62 76 57 50 50 89 50 85 50 84 73 97 58 60 0 89 71 99 88 90 73 63 80 68 58 77 60 53 99 68 99 99 65 86 91 50 62 99 91 97 76 76 54 72 73 74 
73 66 56 87 52 95 75 67 89 97 71 94 78 98 85 59 66 99 91 97 83 91 52 79 60 65 78 67 80 77 72 53 92 71 60 72 83 76 82 91 64 52 73 76 89 91 81 63 65 59 54 91 54 93 73 54 97 98 73 59 0 78 51 86 73 52 68 79 75 78 74 66 53 73 50 99 67 55 90 65 60 81 93 92 94 88 81 77 62 73 69 
66 80 90 74 96 68 90 61 76 67 77 61 65 53 50 92 58 84 57 58 97 61 82 55 85 91 52 73 63 52 84 82 69 86 87 84 53 73 52 89 50 91 58 93 63 56 80 53 59 88 59 68 83 56 58 93 81 78 51 55 65 0 68 98 57 54 94 82 80 52 69 72 82 85 63 71 85 71 54 65 81 79 86 87 69 91 63 97 91 87 80 
90 67 69 58 61 97 64 53 85 93 96 61 92 95 79 94 70 84 55 80 97 76 87 83 67 53 71 79 79 65 96 96 70 59 76 79 87 54 95 75 63 99 87 61 53 58 72 74 59 62 97 51 71 80 80 50 69 97 77 62 69 96 0 92 71 54 57 73 80 77 71 86 83 96 55 98 79 60 94 84 94 60 98 57 64 94 56 85 61 55 60 
66 70 50 65 65 85 63 62 66 73 87 66 85 96 50 89 63 86 87 81 60 51 69 95 75 72 62 84 90 69 65 74 90 82 66 76 90 98 84 95 81 84 80 76 73 94 74 69 86 72 91 60 89 81 91 63 95 57 56 62 74 98 58 0 89 59 62 83 86 71 99 77 71 99 68 72 95 52 72 65 54 78 72 75 93 61 55 95 58 76 54 
89 64 63 93 91 97 83 60 91 69 80 65 97 76 75 80 63 73 70 53 75 68 89 72 79 72 85 74 97 95 52 50 97 55 83 68 83 92 73 71 92 75 88 75 71 93 98 72 94 69 72 72 77 52 60 93 79 61 88 62 51 66 53 83 0 95 65 51 84 80 65 76 89 51 96 59 74 77 82 62 65 63 71 84 65 61 97 91 74 97 88 
59 63 68 97 89 57 85 88 78 73 55 63 73 65 58 70 94 98 96 94 84 77 97 98 52 91 78 92 76 99 82 62 73 75 54 86 88 59 90 72 90 74 89 80 61 98 65 61 71 91 52 54 65 75 63 94 99 69 79 93 92 94 73 51 95 0 87 86 89 67 58 71 71 52 96 91 62 71 54 99 83 74 98 99 80 56 58 63 86 79 50 
64 93 59 64 89 77 79 81 90 67 84 53 94 73 50 99 51 51 64 92 68 65 79 64 70 96 78 74 74 72 78 85 56 79 78 88 74 79 55 69 92 90 80 90 59 51 96 57 65 93 52 77 84 77 76 69 98 59 77 67 69 81 69 59 56 85 0 95 76 51 74 90 99 95 66 51 78 96 66 91 65 53 68 58 86 84 71 68 84 88 88 
75 92 67 67 57 50 94 90 91 86 65 77 63 94 65 76 75 61 86 98 50 80 59 55 73 72 58 82 56 65 89 50 57 65 73 52 98 57 75 56 76 76 98 88 87 59 67 73 78 85 90 67 99 81 59 53 54 75 63 75 77 78 67 98 70 74 50 0 90 98 98 78 62 88 72 56 93 87 99 69 98 63 89 80 65 80 53 97 56 70 86 
54 51 61 62 88 70 71 97 64 61 67 65 97 56 87 67 99 82 83 63 84 59 58 66 56 88 76 79 55 88 52 71 54 90 52 87 99 71 99 82 83 53 61 63 53 63 96 62 68 89 74 90 54 76 61 56 67 95 98 80 81 78 58 64 73 51 60 92 0 66 73 66 70 69 69 80 55 95 86 50 53 50 50 88 52 75 98 54 71 84 73 
74 51 97 51 77 94 61 71 98 85 96 55 94 69 54 58 73 68 53 71 82 76 86 61 92 70 88 96 83 76 73 75 68 76 71 89 97 89 69 67 51 75 82 52 57 77 54 72 81 85 67 75 99 59 76 76 73 81 89 74 70 85 78 55 84 56 53 93 53 0 57 69 95 81 75 70 52 56 79 80 63 83 96 52 89 55 89 67 56 56 72 
53 85 59 87 91 60 68 72 75 86 99 66 81 62 55 53 51 51 54 72 61 66 57 68 64 58 53 76 96 62 92 87 66 63 52 61 68 74 90 62 97 92 76 93 51 53 81 58 93 98 85 85 93 62 98 52 56 97 53 84 77 78 58 57 66 76 85 84 56 67 0 59 90 76 84 57 89 54 68 86 68 89 59 91 99 72 82 53 72 86 71 
68 90 99 99 87 53 91 89 70 83 59 93 80 55 54 61 84 55 65 78 84 62 70 65 97 99 99 53 79 67 77 60 67 86 71 72 82 61 60 54 54 91 86 77 98 85 76 65 61 91 62 75 53 64 84 74 68 97 90 69 92 59 58 85 94 94 54 73 79 59 63 0 65 74 85 86 71 85 68 65 50 58 66 67 56 54 68 87 88 93 83 
67 94 50 58 93 57 88 98 83 99 58 62 52 90 96 60 94 88 70 83 78 51 73 61 88 65 98 82 78 58 81 91 77 89 62 87 86 69 96 92 85 54 64 59 74 99 52 94 55 54 50 58 73 56 55 50 70 68 54 57 89 57 77 50 99 87 88 70 91 80 98 68 0 98 65 66 87 84 83 67 96 58 67 76 91 91 89 65 53 67 51 
90 58 84 98 89 86 67 89 63 60 91 68 73 59 92 68 56 95 74 70 72 76 52 74 98 53 78 57 92 72 70 94 79 54 71 84 97 96 58 83 90 62 98 59 55 95 52 57 98 96 60 90 63 83 65 83 51 65 60 82 78 89 67 73 87 88 59 72 62 67 52 75 74 0 59 52 66 80 82 74 84 91 64 97 96 74 58 97 51 67 87 
84 62 62 85 88 60 56 78 71 96 77 60 77 83 98 67 52 92 71 90 84 54 59 71 80 91 80 52 62 83 85 77 78 69 67 55 78 85 85 97 75 51 93 86 87 92 76 93 61 86 75 74 75 50 89 93 91 65 83 70 86 65 53 81 88 50 58 90 62 75 57 68 81 92 0 76 93 85 63 60 54 72 94 78 55 59 87 78 72 89 90 
86 57 96 97 69 99 88 63 80 50 89 76 72 77 62 86 67 50 73 50 95 59 93 90 69 93 71 79 83 74 76 84 89 77 58 99 85 67 55 70 74 58 68 90 72 77 93 95 57 69 77 91 67 98 63 92 58 84 72 51 77 86 65 85 96 81 85 64 65 77 86 94 51 85 62 0 89 87 79 87 56 84 52 90 94 97 95 57 67 91 61 
55 65 53 98 98 95 52 65 60 60 60 81 58 65 91 73 58 76 97 78 59 81 71 61 73 76 93 73 98 51 94 55 91 99 68 88 58 88 93 99 77 58 76 53 96 95 61 56 76 83 99 72 73 99 51 81 90 78 81 76 84 74 80 91 96 74 78 59 73 57 93 87 82 66 76 52 0 83 59 56 91 88 56 82 88 85 95 93 99 91 66 
95 60 52 55 95 73 52 80 60 79 66 55 61 67 65 75 98 87 67 99 96 52 62 76 60 97 55 75 76 78 71 89 77 81 90 60 56 61 55 96 57 94 73 51 89 51 94 91 60 80 83 98 86 86 80 95 72 98 91 51 52 50 60 93 94 74 70 64 78 87 75 50 83 71 98 50 70 0 82 57 50 76 87 62 76 66 65 64 60 98 61 
76 69 71 69 69 90 99 60 65 82 79 51 87 67 79 72 57 92 89 94 58 53 72 59 56 98 90 89 57 58 77 97 51 83 71 77 80 88 95 78 65 96 71 98 71 51 50 62 94 74 57 87 89 91 65 94 56 90 70 51 99 61 71 97 99 96 62 81 53 76 80 76 71 71 71 86 61 69 0 61 92 94 54 51 92 57 51 50 56 85 72 
89 51 98 63 91 77 63 59 59 52 51 78 82 80 86 91 57 56 63 83 72 90 53 97 86 54 81 68 50 85 90 79 58 84 72 74 55 53 89 91 58 79 81 78 82 91 86 81 87 83 73 75 95 57 63 51 95 85 54 50 61 72 76 70 68 83 54 67 84 84 59 71 71 98 95 72 98 95 84 0 98 53 88 60 64 85 78 89 96 96 96 
62 63 82 73 92 55 94 62 53 83 78 51 72 67 93 64 67 59 71 53 62 65 70 51 60 71 89 57 57 63 52 96 82 90 59 60 72 50 66 54 50 97 88 69 77 83 96 86 59 69 72 59 95 94 64 74 89 82 83 66 98 73 56 59 74 71 50 56 92 96 72 80 70 83 78 76 72 63 61 89 0 74 92 61 59 86 55 90 71 69 73 
68 52 69 62 52 93 57 71 78 98 85 80 91 94 97 85 62 53 94 64 98 87 95 59 71 58 87 91 87 52 52 74 91 92 90 69 58 61 64 72 76 93 72 75 77 90 53 76 64 69 78 53 78 51 53 94 50 79 77 83 96 82 85 91 83 68 95 61 61 95 83 66 58 54 92 53 73 93 53 99 77 0 68 81 71 64 75 92 97 58 58 
94 61 67 68 54 92 93 74 64 99 54 65 95 96 98 87 53 51 61 93 57 60 98 87 61 63 81 51 89 71 85 98 78 80 66 55 76 92 97 54 88 87 64 71 64 64 68 89 78 70 71 61 71 65 98 92 93 82 86 77 79 50 86 95 65 70 95 89 81 97 77 65 94 87 68 97 99 83 70 99 59 76 0 72 85 70 59 56 55 89 53 
69 63 98 71 88 89 78 67 70 98 94 58 80 92 92 95 83 82 60 88 68 73 61 87 61 98 67 96 56 94 62 75 84 67 64 74 82 80 52 98 63 86 70 80 58 81 69 77 99 74 56 78 88 70 79 70 89 95 90 75 76 96 75 51 68 50 64 75 76 84 55 59 99 92 97 60 70 60 86 51 77 89 66 0 86 86 62 91 85 65 98 
92 71 97 67 60 52 75 98 66 78 66 50 83 96 76 76 59 88 68 60 99 56 55 77 61 95 78 92 65 54 69 72 87 67 52 96 81 86 87 66 54 55 71 86 94 77 68 99 66 53 62 79 59 68 50 69 90 91 86 97 79 81 85 88 90 64 71 61 68 91 79 93 51 68 65 87 69 77 76 88 97 86 69 56 0 89 94 87 86 83 94 
83 73 80 63 62 71 85 51 56 93 53 66 87 76 66 58 61 96 74 75 64 73 58 76 93 83 75 96 73 51 73 76 79 99 50 91 93 79 96 62 94 72 79 67 95 64 51 53 80 59 73 76 50 84 65 63 68 90 57 74 97 79 76 96 53 62 78 56 61 86 72 64 95 87 81 93 94 85 67 85 50 97 73 82 96 0 58 80 53 94 75 
71 92 53 97 87 51 85 96 72 92 91 85 98 94 90 85 99 65 87 91 58 93 57 97 94 96 54 98 63 53 63 71 63 93 69 53 95 97 59 84 76 73 83 63 62 69 85 68 64 66 70 52 83 57 62 81 78 98 97 61 58 62 59 80 94 70 76 64 87 67 55 53 77 90 81 89 98 61 92 55 87 58 95 50 85 95 0 62 79 96 59 
71 51 54 98 67 73 71 74 91 57 81 98 74 76 98 84 80 97 77 92 69 57 63 76 61 80 65 80 86 82 69 74 65 89 93 77 77 65 87 53 75 87 94 51 88 90 62 77 75 88 93 78 67 87 52 65 77 94 89 82 89 76 64 53 61 84 88 68 67 96 87 92 81 54 93 93 77 65 98 68 87 96 58 91 51 69 59 0 94 77 84 
78 66 67 65 52 73 66 97 61 94 76 99 93 93 83 56 78 79 61 75 66 75 68 54 78 52 97 65 84 70 54 67 63 70 91 63 68 90 85 96 83 67 83 64 75 83 83 90 54 93 90 66 60 93 88 52 70 80 68 53 51 70 79 84 98 79 67 61 92 78 70 73 52 95 72 83 53 76 85 61 98 67 76 89 85 51 97 87 0 88 93 
68 59 93 57 88 67 81 79 71 89 60 93 53 73 85 95 77 73 68 81 51 95 62 58 88 97 98 92 94 57 87 94 57 81 56 71 91 64 98 84 56 82 50 57 64 98 99 80 50 92 58 73 74 56 99 96 60 59 86 79 75 88 90 87 58 81 89 58 70 74 60 90 58 92 82 74 97 80 98 97 82 82 79 77 56 60 81 58 80 0 58 
64 61 67 86 59 50 75 77 99 75 97 66 75 72 65 98 59 57 85 82 72 57 66 95 59 88 90 57 58 78 81 55 97 79 60 55 60 82 70 80 75 96 92 93 99 84 59 71 61 79 86 65 95 79 87 63 91 82 87 76 97 51 62 95 58 83 60 75 95 50 51 90 99 72 67 73 99 54 63 67 94 61 62 79 92 97 71 65 52 82 0 
