n: 90
m: 8
Pi:U[1-99] 85 85 4 43 31 27 37 37 77 40 71 2 77 96 57 14 57 81 8 48 77 90 44 83 3 91 54 53 61 36 18 64 28 45 97 87 7 72 68 44 6 13 78 6 63 79 31 38 1 51 61 19 56 28 91 23 22 85 15 43 3 92 28 15 57 39 24 40 41 86 79 2 74 80 99 94 65 70 62 34 19 16 72 84 7 9 35 64 22 80 
Si:U[1-49]
0 12 16 1 28 15 24 22 16 16 49 49 31 49 22 46 49 4 30 13 49 6 15 24 49 27 19 49 34 49 49 49 43 43 9 6 30 34 49 49 45 49 49 49 30 27 49 40 3 49 13 40 49 36 39 49 13 12 13 37 49 49 15 49 30 40 15 37 1 15 36 16 49 49 21 49 49 49 7 18 49 16 49 6 49 7 49 49 49 49 10 
11 0 9 21 10 30 20 29 9 14 43 4 49 36 49 49 37 22 12 6 49 43 39 49 49 7 49 49 12 1 21 49 3 49 49 49 34 49 49 49 49 25 33 49 24 24 49 42 28 33 9 49 28 46 46 25 7 49 36 31 18 13 39 4 6 49 30 49 27 49 49 49 15 43 48 33 49 37 24 45 6 3 12 49 31 24 36 30 31 16 49 
27 7 0 17 19 25 22 31 20 13 49 49 49 43 49 15 22 45 39 43 42 49 3 1 15 36 49 48 31 1 48 15 49 49 27 10 24 25 36 18 45 30 49 45 13 15 43 49 1 48 22 49 49 9 1 49 16 49 37 49 4 13 10 4 7 10 49 19 49 12 30 49 25 48 49 46 49 49 7 10 49 49 49 46 49 43 25 49 49 49 49 
29 20 5 0 14 10 6 11 24 14 45 49 13 10 18 49 49 1 39 40 46 39 36 16 49 49 37 16 30 21 46 36 45 46 27 49 24 30 49 37 49 24 49 22 49 19 25 43 13 49 49 12 4 4 22 33 49 30 34 36 49 49 22 18 12 40 48 49 49 33 49 22 30 48 42 49 4 49 19 12 49 6 49 16 49 25 31 18 49 10 13 
8 26 4 16 0 30 12 28 22 18 6 13 18 49 21 43 21 49 49 30 28 25 6 42 31 1 7 49 15 49 36 49 22 49 34 36 3 40 39 18 49 49 49 31 43 49 49 24 12 49 46 27 49 49 3 31 49 49 30 48 49 49 6 36 36 49 49 4 7 49 30 46 49 30 21 49 13 25 7 31 4 49 7 49 28 49 40 1 12 45 49 
25 19 18 8 32 0 22 10 14 12 49 49 31 49 33 1 36 1 12 49 49 36 6 49 33 49 49 49 49 49 49 49 31 34 31 49 49 46 12 9 48 36 12 49 45 39 49 48 45 49 12 49 49 33 16 43 19 49 6 49 49 6 1 19 12 48 19 43 49 16 15 42 16 1 31 7 19 7 15 4 40 30 30 10 21 48 40 16 49 49 16 
13 24 8 8 5 25 0 17 28 22 49 21 49 49 49 13 49 19 24 1 49 49 49 18 49 49 21 9 49 31 16 31 12 45 13 49 45 49 36 16 49 49 49 49 28 46 49 42 49 46 42 42 21 49 49 30 49 7 48 49 49 49 49 49 49 30 22 49 49 7 45 22 49 49 21 49 49 9 36 18 49 13 27 22 33 49 49 34 28 22 27 
3 3 30 24 18 10 14 0 20 29 31 49 49 19 49 49 30 49 27 25 10 25 28 49 49 36 10 49 49 21 13 4 45 49 49 39 49 4 49 34 48 13 16 25 36 46 7 49 49 49 49 33 33 3 28 7 49 39 28 39 49 18 43 40 49 9 49 16 7 39 49 39 9 43 49 34 10 40 25 27 1 49 27 49 49 6 48 49 37 49 16 
8 21 22 14 16 24 22 2 0 30 3 49 3 25 3 18 4 49 45 27 3 36 33 12 49 36 49 49 28 15 46 49 49 49 49 49 9 4 25 18 13 46 18 40 25 48 25 49 49 21 18 24 49 18 9 1 49 48 30 15 13 4 48 49 28 15 31 49 3 49 3 15 49 30 7 30 49 49 48 1 46 28 12 49 31 24 22 40 25 30 37 
20 27 2 28 29 9 4 13 18 0 18 49 7 34 24 37 49 18 49 34 15 7 49 33 49 49 49 49 3 46 33 49 15 33 39 49 28 43 43 42 16 49 49 28 48 34 49 10 19 16 25 49 21 49 19 9 45 37 40 49 37 31 18 45 33 6 42 49 40 49 10 34 18 49 49 49 10 49 49 37 49 49 40 6 49 24 28 49 49 21 49 
4 49 49 37 3 36 1 49 36 46 0 24 32 7 14 25 4 6 7 9 49 49 46 40 27 49 4 43 45 49 19 4 27 49 40 4 1 49 31 46 24 28 30 24 49 49 49 18 49 39 30 37 49 36 49 33 49 39 49 49 49 18 48 9 49 12 1 34 40 46 27 49 24 37 33 49 49 24 49 49 49 25 49 49 24 49 46 36 31 49 49 
19 49 49 43 49 27 25 1 49 34 2 0 20 32 28 16 22 22 22 26 49 19 49 30 33 49 49 1 49 48 40 3 4 49 46 49 19 49 49 18 42 10 33 25 46 19 49 6 12 42 21 49 4 33 45 45 3 46 39 49 30 49 39 49 10 49 22 49 18 49 34 16 49 49 49 49 4 49 46 49 49 49 49 49 39 49 49 9 49 45 45 
49 49 49 3 7 49 39 33 49 39 21 24 0 32 28 4 16 19 8 26 46 49 45 19 49 25 39 27 49 10 12 49 31 49 49 39 49 24 49 49 49 49 7 22 16 49 10 30 49 27 30 49 13 34 49 45 30 36 27 13 31 49 6 48 18 49 49 12 43 40 18 42 42 7 25 3 49 49 4 1 24 49 6 49 39 34 40 49 24 33 39 
12 12 28 3 33 19 31 24 7 12 7 30 27 0 24 24 31 0 15 20 49 49 28 25 49 28 49 25 33 13 36 49 13 49 4 24 49 13 49 13 30 49 10 6 10 30 36 10 15 30 18 36 39 49 1 24 49 49 49 49 4 49 49 40 31 6 33 49 28 49 49 49 45 46 7 16 49 22 21 39 49 3 43 15 49 18 49 6 49 49 49 
10 49 46 42 49 49 25 49 13 25 21 14 26 6 0 4 14 6 15 20 28 48 10 49 40 49 49 49 46 7 49 40 16 19 49 22 49 49 24 10 12 34 46 49 49 49 27 12 49 49 30 34 15 28 15 49 49 27 49 49 22 49 10 49 49 45 18 49 27 13 49 3 49 37 39 16 27 18 4 31 15 49 4 10 49 39 49 27 49 49 7 
25 49 49 49 3 25 49 49 49 3 18 10 23 14 10 0 22 20 28 23 30 49 1 49 49 46 13 49 46 46 49 49 33 12 6 49 43 49 49 49 12 49 33 49 49 46 7 13 45 49 15 46 49 24 49 49 19 7 49 49 40 49 24 15 49 49 1 24 33 49 40 25 13 49 24 43 39 37 39 13 10 16 34 18 39 49 34 27 49 49 9 
49 49 24 49 33 25 33 22 21 49 21 20 4 3 24 20 0 7 6 23 30 6 49 49 49 49 24 43 49 45 49 12 48 49 45 49 49 6 7 27 6 22 28 15 27 10 30 49 18 1 49 28 49 42 49 49 49 48 1 24 40 49 39 21 49 49 15 9 49 49 25 10 40 18 34 27 49 49 49 16 42 49 49 49 43 49 43 37 49 49 22 
31 43 49 33 27 1 39 49 49 12 30 21 19 27 24 12 26 0 24 6 31 37 4 49 43 22 4 15 28 25 40 21 48 15 16 6 21 18 9 22 30 24 49 48 9 49 10 49 33 30 19 13 22 49 49 22 33 46 49 30 42 6 43 49 48 1 49 9 1 49 49 27 7 49 13 49 49 40 6 31 49 49 43 48 48 15 3 42 28 49 16 
42 34 4 4 16 4 28 49 49 28 28 4 22 25 6 10 12 11 0 0 49 12 49 49 49 49 24 18 49 28 49 49 49 45 40 34 28 49 15 49 42 43 13 3 4 49 49 49 46 12 49 4 49 34 49 13 13 7 37 49 49 49 49 30 37 40 12 1 28 37 49 49 22 40 36 49 19 16 45 37 49 49 49 49 7 19 40 30 16 40 48 
49 27 49 49 49 3 39 15 49 10 10 4 30 30 30 20 30 8 23 0 4 36 49 3 49 9 43 28 49 7 12 15 49 49 19 49 49 43 49 49 39 24 49 15 49 49 16 24 49 31 49 37 34 3 49 12 49 49 49 9 9 49 33 40 49 49 27 39 49 49 37 49 19 49 27 49 1 24 25 9 49 49 49 49 12 21 9 49 49 33 48 
46 43 25 40 16 42 10 49 49 49 46 48 9 33 49 13 49 37 46 24 0 28 22 24 22 4 26 12 29 16 4 6 30 6 6 9 27 49 46 40 7 7 1 18 12 45 4 49 31 49 39 19 48 49 49 25 15 25 9 46 46 49 49 7 4 31 13 49 21 49 49 25 49 10 49 49 49 48 25 15 27 43 27 46 49 40 46 15 22 49 9 
39 28 49 40 49 33 49 1 49 33 7 22 3 24 45 42 34 3 45 7 8 0 25 28 25 22 4 14 10 31 9 49 49 39 43 49 49 19 49 49 43 16 15 49 18 6 22 49 49 48 18 12 49 49 42 16 49 49 12 49 18 3 24 16 33 3 49 6 49 49 13 49 49 28 37 30 42 6 39 27 49 34 19 34 12 49 46 34 30 34 49 
19 48 28 46 31 1 30 18 15 49 9 7 30 40 10 39 48 49 49 48 20 2 0 1 13 2 28 28 4 28 37 15 49 9 13 36 7 46 46 37 24 9 28 49 4 33 49 49 13 22 36 43 49 13 43 30 49 18 45 49 3 28 49 45 42 49 6 30 36 49 3 33 18 49 12 28 36 45 15 49 7 21 49 49 1 1 49 9 10 36 18 
15 46 49 22 43 49 1 49 49 19 49 15 49 49 6 7 42 40 4 16 0 22 18 0 26 6 0 28 20 22 49 49 49 25 1 21 43 49 49 37 49 49 42 25 49 33 49 33 36 10 22 49 49 19 48 21 15 13 18 49 36 21 49 27 3 39 42 33 6 49 49 33 4 3 49 30 39 7 49 25 49 49 4 49 33 18 13 42 49 30 6 
1 49 49 16 10 49 49 49 39 22 49 6 49 43 49 7 15 36 25 49 5 32 30 31 0 32 12 3 8 10 49 49 21 1 49 49 3 43 37 43 45 19 15 12 49 49 48 3 42 28 28 43 40 42 33 49 49 39 49 9 49 49 49 27 3 49 13 30 28 49 10 28 49 49 42 36 4 34 49 21 49 19 25 10 49 19 49 28 49 9 22 
36 42 49 39 10 16 49 4 43 1 37 48 37 49 9 49 49 43 45 39 24 23 4 27 28 0 7 15 19 30 43 37 49 49 19 49 49 19 27 49 43 27 21 48 28 31 45 49 49 30 40 49 33 49 49 18 16 49 49 49 34 31 33 28 7 49 49 49 49 33 49 49 49 49 49 15 49 49 49 27 40 19 48 12 49 9 34 48 49 6 34 
22 49 22 19 12 49 15 45 46 42 9 49 19 30 49 4 25 49 9 15 24 14 22 14 25 4 0 10 19 20 43 49 49 4 7 13 49 4 40 49 49 22 39 10 9 49 25 16 49 4 1 18 49 25 49 28 49 13 7 13 49 25 22 34 43 49 13 12 46 49 49 49 25 45 49 49 45 49 12 1 9 15 49 40 34 49 49 49 13 49 49 
49 43 1 49 49 19 39 22 18 27 37 19 9 49 13 49 6 25 49 37 10 10 2 14 18 17 6 0 8 3 46 49 10 49 49 19 49 49 3 49 15 4 18 39 9 49 49 45 21 39 49 43 4 15 39 49 37 25 49 7 25 49 49 7 49 49 13 4 49 27 49 39 7 34 3 30 22 49 49 43 49 16 49 49 42 1 48 49 9 48 30 
49 9 21 21 49 36 43 1 37 30 49 33 19 49 33 37 6 49 49 49 24 24 11 13 14 17 3 20 0 20 49 46 49 49 31 42 49 49 24 22 49 49 36 46 22 49 15 25 31 21 42 24 10 24 49 49 49 3 13 9 46 49 49 42 49 25 4 49 25 21 49 46 15 49 28 22 22 6 22 49 49 49 27 10 49 13 42 49 49 28 49 
49 49 49 46 49 25 25 27 7 1 49 43 49 49 46 49 6 39 49 21 6 12 27 31 14 2 5 18 28 0 34 13 10 3 18 9 3 49 48 3 33 49 33 6 13 34 18 7 10 36 49 9 49 24 18 45 40 49 10 49 49 30 39 1 16 49 49 49 49 37 39 49 49 40 9 49 49 13 43 40 21 49 49 49 37 49 49 34 9 31 4 
49 49 34 22 21 4 48 33 48 34 33 12 21 42 48 40 49 49 31 7 49 10 46 49 49 49 42 4 39 49 0 30 22 8 14 12 15 26 23 31 4 21 15 49 37 49 22 34 30 4 4 19 49 49 49 4 9 49 27 1 37 49 49 42 9 48 27 13 49 10 15 3 49 27 19 12 19 49 46 3 40 1 49 9 49 28 49 48 45 49 49 
1 22 43 49 49 25 49 3 49 30 12 34 25 21 42 40 19 12 49 49 13 10 18 10 49 45 12 49 49 9 20 0 8 2 18 16 22 4 32 26 45 19 1 49 46 15 21 16 49 40 22 16 49 49 15 28 33 28 49 16 49 27 3 36 49 9 49 10 27 49 6 49 37 16 49 49 18 49 49 39 49 49 49 49 49 37 49 7 12 12 36 
25 1 49 45 49 22 36 31 49 45 1 4 49 49 49 33 30 49 43 27 49 40 49 27 21 6 28 1 4 49 16 20 0 26 29 21 5 6 15 5 19 49 49 40 21 49 45 19 45 49 49 49 16 6 49 49 45 49 40 19 7 49 37 12 13 49 49 12 37 45 6 10 10 49 49 49 31 49 45 16 49 22 49 7 34 49 10 49 40 48 24 
49 27 49 19 12 4 39 49 36 25 21 4 19 7 27 49 18 49 24 40 49 49 49 34 46 49 15 1 18 49 24 18 21 0 12 9 21 9 21 17 37 49 39 49 36 27 48 46 40 4 49 22 49 49 49 7 49 6 31 49 21 33 4 7 18 25 40 49 21 37 27 4 34 39 33 3 1 49 49 36 28 42 36 45 16 49 49 49 39 42 49 
33 13 15 49 36 49 49 3 3 49 49 16 4 13 18 46 49 49 43 28 45 49 31 40 49 49 34 12 40 49 12 6 10 5 0 4 16 1 25 20 42 25 43 49 27 49 49 4 49 22 42 49 16 49 15 49 36 33 37 49 33 49 49 49 13 15 49 49 45 22 24 1 49 49 49 22 49 9 49 49 42 7 49 46 25 13 49 49 49 45 49 
49 43 48 42 36 49 43 46 18 36 49 49 48 1 40 15 49 21 10 49 42 49 49 49 49 25 49 49 48 7 28 21 13 2 16 0 23 0 23 12 49 49 36 15 21 16 39 19 49 49 25 43 28 49 24 7 49 18 42 28 49 49 12 13 36 10 49 39 7 49 21 36 37 33 12 12 9 7 16 43 49 39 10 49 33 34 48 33 49 49 49 
49 37 34 9 49 22 27 10 19 49 25 43 49 49 49 48 9 4 49 49 43 33 48 49 24 28 27 49 28 36 30 11 4 6 29 5 0 1 2 24 31 30 39 49 16 49 36 49 12 33 25 42 15 49 27 46 15 49 7 49 40 10 22 46 25 33 49 39 49 9 9 16 36 4 49 31 6 28 6 49 27 49 49 3 13 25 6 39 49 1 22 
49 10 10 25 49 49 27 22 40 49 16 49 34 34 13 21 16 49 49 49 1 25 27 24 40 46 49 49 49 43 6 24 18 12 10 23 19 0 16 7 40 10 49 49 49 16 49 36 33 4 16 12 49 18 45 9 49 49 39 49 40 7 49 18 10 49 33 39 7 18 18 49 49 37 49 49 16 36 49 49 22 3 28 40 49 49 6 39 34 10 45 
30 49 49 45 22 16 48 49 42 49 49 10 43 49 9 39 49 3 49 6 19 30 13 37 49 18 30 9 48 24 18 32 24 28 26 17 28 14 0 16 1 39 49 16 49 40 9 49 43 33 31 48 4 49 13 7 21 30 49 12 49 49 49 48 24 49 49 7 9 49 49 16 25 7 19 7 42 49 49 40 7 49 7 22 28 40 9 46 31 49 39 
49 48 6 49 45 49 22 21 9 16 13 36 49 22 9 43 16 49 16 49 49 40 49 25 10 49 28 12 36 49 20 8 10 24 21 20 26 13 6 0 4 4 7 3 49 40 49 49 7 45 25 49 36 42 4 30 49 7 49 49 49 21 49 42 49 12 9 49 49 33 49 22 15 19 49 6 49 49 49 40 49 49 49 30 19 49 37 45 4 24 19 
49 49 40 1 49 27 21 24 34 49 31 36 49 28 49 49 49 18 49 18 4 40 27 49 49 49 25 49 43 4 49 15 43 10 19 9 39 46 49 25 0 22 2 26 28 4 1 21 24 22 24 49 49 18 24 15 42 30 4 25 21 22 49 49 27 21 46 49 49 49 49 7 49 6 15 15 49 49 15 37 46 28 49 46 45 49 13 49 49 49 37 
15 49 49 6 21 4 12 49 49 15 39 36 49 16 12 7 9 49 49 49 49 15 16 46 31 49 24 16 49 42 36 12 49 15 27 49 1 12 22 30 10 0 14 2 25 16 22 13 30 8 6 30 30 49 18 12 21 49 49 24 7 49 33 45 49 21 3 49 4 25 27 40 39 49 49 40 49 1 49 4 37 49 49 46 18 4 4 28 12 33 33 
10 1 40 21 49 49 43 49 37 49 25 24 9 21 25 33 10 49 49 15 31 19 25 49 22 16 27 49 7 27 42 49 13 49 37 13 31 49 21 49 24 8 0 12 7 28 17 15 30 22 6 22 9 49 49 36 49 49 49 31 12 34 34 49 22 49 49 49 21 37 49 33 49 36 28 33 18 49 15 13 31 49 30 49 16 49 21 28 36 22 49 
49 40 21 25 49 49 49 22 49 49 49 4 31 18 7 27 40 49 49 42 4 49 46 49 49 13 49 49 49 16 49 49 49 16 49 46 49 49 30 31 6 25 1 0 10 4 31 22 12 7 49 10 25 49 4 18 4 13 49 28 49 16 7 22 28 1 33 27 49 4 22 49 3 37 31 46 34 21 49 18 42 49 48 49 49 49 49 25 49 4 49 
28 48 21 10 49 36 27 49 49 49 6 22 48 49 49 49 12 19 15 22 18 40 49 49 31 49 49 22 49 49 9 15 42 18 49 46 37 49 49 49 12 22 6 31 0 30 9 7 13 13 33 49 12 34 49 22 3 24 49 30 31 15 15 49 31 49 49 49 49 49 40 43 49 49 33 25 36 49 36 22 49 9 42 27 45 27 39 16 49 49 36 
1 28 49 13 49 49 15 12 49 21 21 7 49 49 39 16 7 19 3 34 33 28 21 6 49 6 49 49 49 3 37 27 22 42 1 49 36 24 49 42 4 24 28 13 15 0 16 15 24 16 16 7 21 49 49 46 49 3 49 4 49 49 37 49 40 27 30 10 7 48 49 13 46 31 9 49 9 13 30 36 49 49 13 19 16 15 45 46 49 34 25 
49 6 49 34 34 49 19 34 34 13 49 15 49 39 49 10 37 49 10 13 37 33 49 49 46 19 30 19 49 21 49 16 18 28 49 7 49 49 49 7 9 22 10 20 24 4 0 15 1 4 36 37 13 34 33 27 49 42 28 37 33 39 49 22 21 4 49 33 49 28 31 16 6 21 28 12 49 28 28 33 15 15 49 49 49 49 28 43 4 49 34 
4 49 49 36 10 49 36 49 46 39 36 49 21 7 42 43 31 49 28 49 49 36 24 49 24 48 49 37 25 12 45 19 49 28 34 28 43 49 4 15 14 28 13 4 2 9 5 0 14 30 49 19 16 49 39 49 34 15 27 49 24 31 49 49 49 49 25 3 49 25 4 33 16 49 49 3 6 16 49 39 49 1 45 18 48 39 18 31 13 49 22 
39 49 24 13 40 6 46 36 15 33 36 34 49 49 49 4 25 49 49 22 42 48 28 49 24 33 46 49 13 49 18 49 48 49 36 49 18 48 49 13 31 22 12 3 21 11 27 4 0 22 49 49 28 45 45 34 39 30 49 1 49 48 6 49 42 30 49 24 39 25 49 49 16 49 31 43 3 49 49 49 30 49 49 49 24 39 22 42 49 49 49 
49 21 31 13 49 12 49 49 18 49 15 6 49 24 49 49 25 15 13 45 48 49 49 4 36 33 3 33 49 22 25 34 24 49 49 43 24 28 49 45 29 2 6 1 32 21 6 21 26 0 49 3 39 49 9 13 45 6 15 10 13 45 39 3 40 30 49 49 25 33 9 24 19 4 49 18 49 49 37 49 22 10 3 42 28 39 19 49 24 45 30 
49 49 22 30 12 49 18 13 3 49 30 49 43 46 48 49 49 28 49 42 31 49 16 49 12 12 45 28 49 49 12 3 48 22 6 43 31 49 42 49 30 27 36 13 22 49 49 49 21 30 0 27 24 23 17 32 24 8 32 0 40 37 49 49 34 16 48 27 34 27 33 39 7 12 31 4 49 49 49 24 49 49 19 10 49 18 9 3 12 37 10 
37 49 49 31 40 39 33 49 12 49 49 49 49 9 43 37 43 49 45 21 24 49 31 13 19 6 33 31 36 4 39 48 21 30 9 18 24 43 10 28 43 9 49 49 46 49 49 7 28 34 32 0 20 18 5 5 24 6 16 32 49 27 21 49 33 18 1 49 1 49 49 49 18 49 43 10 49 7 43 49 22 6 24 49 13 22 33 3 43 7 18 
25 34 45 3 49 13 4 46 49 36 9 49 27 31 30 49 49 43 49 22 49 49 39 49 49 4 31 49 48 39 49 12 49 49 1 37 7 12 49 48 49 43 7 49 1 7 19 49 49 28 10 20 0 5 16 18 30 12 14 9 34 49 49 49 49 37 16 12 49 49 33 13 45 4 49 22 1 25 49 1 30 3 4 19 49 9 25 49 10 28 4 
36 37 13 10 49 49 4 49 49 36 34 28 49 49 45 49 12 49 49 49 9 9 13 49 46 49 18 49 10 31 15 49 49 10 16 6 49 4 49 49 49 49 1 10 49 49 36 45 49 10 30 2 28 0 2 23 14 24 4 24 33 49 49 40 49 43 6 42 49 39 49 49 30 49 25 39 24 7 6 49 49 3 49 49 10 49 19 3 49 49 49 
45 45 49 3 27 49 49 49 15 13 25 49 39 3 9 49 49 1 49 39 49 3 49 49 49 49 19 43 30 49 12 21 30 34 49 49 31 49 22 15 30 36 31 49 37 16 49 36 49 49 17 14 20 22 0 11 8 18 21 32 49 30 30 49 49 36 1 45 30 3 49 18 24 15 19 25 22 49 22 30 43 42 49 40 49 49 19 49 49 48 24 
18 30 49 16 9 28 40 49 40 36 37 49 33 34 19 49 34 9 18 21 21 33 49 49 34 7 49 4 49 49 3 30 46 22 37 10 49 43 33 27 12 22 49 16 43 49 21 16 15 22 23 20 2 19 27 0 28 14 16 18 43 49 16 16 49 49 13 10 40 49 49 34 49 40 4 37 49 24 43 39 9 13 42 49 46 49 49 1 48 49 49 
27 49 19 39 15 30 49 37 12 37 15 40 49 9 12 43 19 49 49 39 49 40 49 49 33 18 45 49 49 24 49 46 7 13 49 10 6 49 30 49 10 49 25 49 49 49 33 31 7 42 23 27 23 16 0 6 0 7 16 17 22 45 1 12 36 37 3 39 19 49 49 1 16 30 33 7 49 27 18 9 1 3 49 21 10 49 33 33 30 4 12 
43 34 49 49 3 9 46 49 40 28 36 49 42 25 28 19 21 18 46 19 28 31 49 9 34 15 49 34 4 9 49 39 49 6 31 15 1 4 18 46 49 36 13 49 49 24 48 49 49 39 27 9 22 13 16 6 28 0 23 25 24 37 49 46 49 49 49 25 49 46 27 34 49 9 49 12 46 13 6 10 40 37 39 49 6 24 19 49 7 48 6 
15 30 36 49 16 49 49 49 40 42 15 49 36 45 30 49 49 16 49 28 16 49 49 49 49 13 49 21 49 7 33 15 49 25 49 49 25 49 49 21 31 37 36 12 12 49 37 48 7 42 6 20 27 27 17 0 5 8 0 8 37 19 3 36 49 49 49 18 49 49 49 49 1 31 49 4 49 12 37 49 49 49 18 49 49 25 40 46 10 49 46 
16 16 16 39 49 39 6 4 33 49 49 3 49 24 49 49 48 49 1 24 46 49 49 49 7 9 19 34 6 9 49 49 49 16 49 7 43 49 48 49 3 22 9 21 42 49 12 49 6 49 20 12 24 5 21 10 20 0 30 0 49 25 7 13 49 4 30 13 42 30 27 9 45 3 15 7 49 22 49 19 49 13 10 28 49 42 6 49 49 24 28 
9 49 6 49 9 49 27 34 49 49 22 48 25 49 25 28 49 49 24 13 46 33 49 31 25 49 49 43 7 49 3 36 7 3 39 45 46 15 49 49 31 49 36 49 4 13 27 49 4 48 30 36 33 49 7 18 36 25 49 49 0 4 6 23 9 32 18 15 20 5 13 49 31 49 49 30 33 33 49 7 31 18 27 24 33 49 49 49 49 3 49 
49 16 33 33 49 7 49 6 16 6 49 39 49 49 49 33 49 6 33 21 12 49 34 6 49 6 49 1 46 40 49 13 49 31 6 49 40 40 13 31 49 22 49 48 24 15 49 49 24 34 49 45 49 49 46 28 45 10 49 25 30 0 16 24 24 2 2 22 9 14 49 49 33 49 49 27 48 1 28 1 49 49 40 49 12 6 16 49 33 34 49 
34 49 21 22 36 49 49 40 13 28 37 18 27 7 49 10 34 1 7 36 15 10 49 49 31 49 49 25 22 43 1 21 45 21 12 49 49 4 4 49 7 49 10 49 19 28 49 49 30 3 25 27 18 16 45 18 43 49 3 39 20 25 0 32 21 25 8 18 25 26 19 33 4 31 22 13 31 49 22 46 49 49 49 49 39 6 27 12 49 42 25 
42 49 13 43 13 3 15 46 49 49 36 13 49 49 49 46 49 6 49 49 45 36 49 10 6 49 48 4 4 48 24 49 49 4 24 24 43 27 19 39 36 43 13 49 49 49 19 24 1 49 30 48 49 40 28 18 49 4 37 49 15 20 3 0 6 12 32 9 24 10 34 48 45 39 49 27 12 30 15 49 36 9 33 49 49 46 42 24 19 7 13 
3 42 4 34 9 28 1 24 9 9 1 30 49 30 49 49 49 40 49 18 1 49 46 25 28 49 28 25 49 30 1 46 49 15 49 49 1 22 9 12 9 46 25 36 49 49 49 12 21 49 49 22 12 22 25 49 10 49 10 49 32 22 20 26 0 25 18 24 16 10 40 45 1 49 46 43 49 4 49 49 42 49 43 25 9 6 3 27 34 45 49 
30 12 34 49 16 40 48 49 49 22 49 3 49 22 49 34 31 49 33 49 30 1 21 3 42 13 6 30 10 30 4 46 42 19 48 40 25 49 6 49 10 34 34 49 49 49 3 49 49 16 12 49 7 18 49 27 45 10 49 49 5 12 27 20 9 0 1 30 1 17 4 42 31 25 21 49 37 39 37 9 12 49 1 36 49 25 22 15 49 1 33 
49 34 49 3 24 10 16 40 39 3 49 27 31 12 7 22 30 33 4 22 28 27 16 49 49 16 9 12 31 1 49 27 25 49 49 40 49 10 46 33 12 16 24 6 25 19 49 37 9 7 27 43 22 49 49 49 48 49 49 49 4 9 5 10 26 20 0 4 31 4 34 48 37 49 3 27 37 16 49 10 49 37 19 45 19 49 43 49 49 27 16 
49 49 3 18 49 49 49 49 49 49 24 39 34 21 34 27 16 19 39 13 49 49 49 37 4 31 15 12 46 22 6 36 49 48 45 49 4 37 49 13 45 34 49 49 49 49 49 49 49 3 49 24 49 49 3 10 12 49 46 49 8 12 22 20 2 8 25 0 1 14 49 25 10 49 18 22 13 49 1 49 24 49 1 34 36 6 49 16 39 49 10 
10 4 34 1 46 49 49 36 13 42 24 49 49 49 25 49 13 22 33 40 6 30 9 19 18 7 13 9 49 1 49 4 49 9 19 28 49 12 34 24 28 9 49 49 49 49 49 49 49 19 28 30 49 42 30 40 24 34 49 9 16 25 0 5 32 10 18 11 0 28 12 22 49 39 3 19 34 33 49 25 49 49 37 21 7 49 19 36 49 13 42 
49 49 43 49 48 45 49 27 49 49 49 31 49 34 24 49 48 22 16 6 49 34 49 39 49 3 24 49 49 37 43 49 49 24 49 43 49 49 15 40 1 15 22 9 49 49 1 40 1 48 10 12 46 40 24 31 49 45 9 6 14 9 20 16 2 5 14 14 30 0 45 30 40 49 46 21 7 37 25 21 39 49 49 36 49 6 31 10 49 30 49 
39 49 49 37 6 49 49 49 49 18 42 13 21 42 49 1 37 49 49 49 27 49 49 49 49 18 19 43 49 37 49 49 24 49 10 25 49 13 10 49 40 18 24 43 45 28 49 49 39 49 49 49 13 1 49 21 27 16 43 36 21 30 33 24 27 49 49 49 15 42 0 27 19 4 24 14 9 8 22 6 19 4 4 31 49 4 49 10 3 12 49 
49 9 49 46 19 21 49 49 45 42 49 19 49 21 45 10 40 37 49 37 24 49 19 49 34 49 49 1 49 25 43 7 21 16 24 3 7 12 19 18 49 18 49 4 49 43 6 25 49 49 6 49 28 6 40 18 49 28 49 21 33 49 24 9 46 6 49 12 49 49 2 0 2 22 24 22 1 22 24 8 49 43 49 49 36 27 16 49 18 48 22 
30 4 49 36 1 22 49 18 49 49 19 40 40 39 10 49 48 49 49 19 49 13 33 49 9 49 25 46 49 6 49 49 49 49 22 18 49 6 46 49 45 43 15 6 18 25 45 49 42 1 49 49 21 49 33 49 37 18 15 39 42 12 49 49 49 36 33 12 15 49 18 30 0 1 13 10 9 12 9 10 39 6 1 24 49 25 6 42 18 48 49 
33 45 49 49 49 15 13 7 49 49 49 13 49 22 39 18 3 49 15 18 1 49 49 6 33 28 48 48 49 46 31 49 49 49 18 3 49 7 48 49 1 33 49 13 49 49 28 22 49 22 34 12 28 6 40 22 49 33 45 7 49 36 34 49 49 15 21 19 49 28 5 4 11 0 25 18 9 24 30 16 49 37 25 21 49 6 46 30 6 37 33 
39 49 9 22 49 4 13 49 49 10 36 16 48 45 49 45 15 49 49 27 21 4 13 9 7 7 49 13 33 1 30 3 46 21 27 49 7 21 49 3 36 16 49 49 49 49 49 46 46 4 49 10 49 21 13 30 43 6 49 49 16 9 49 21 49 43 10 25 21 49 14 3 29 14 0 26 28 7 11 25 49 37 49 15 39 49 37 49 49 49 25 
49 7 1 27 33 49 49 46 37 22 49 31 39 42 18 1 10 33 49 49 30 49 21 34 4 49 30 49 18 49 39 49 48 16 49 18 43 15 36 7 49 49 49 18 22 39 45 49 49 49 49 4 4 49 49 16 18 39 28 49 24 36 46 28 49 49 49 15 3 46 9 7 18 9 22 0 22 25 29 22 15 48 7 31 16 36 37 49 36 10 7 
49 27 6 49 49 36 18 43 3 16 49 49 34 49 33 7 12 18 13 36 30 18 40 43 40 7 33 27 22 49 49 40 18 6 15 3 49 49 49 49 49 13 21 49 16 49 37 1 4 49 28 4 49 49 30 31 34 18 22 27 16 30 43 49 49 13 18 48 37 49 5 7 32 20 30 11 0 26 24 23 49 40 3 49 49 6 45 16 49 9 49 
30 48 43 49 25 49 16 49 1 45 49 9 49 18 49 49 49 15 13 49 4 49 12 49 7 49 49 36 49 49 49 30 49 37 49 49 49 49 49 10 19 49 3 37 9 1 6 49 49 6 49 16 49 4 49 24 19 39 43 4 39 6 27 49 49 48 4 49 37 21 8 22 8 32 27 30 12 0 4 16 49 25 25 31 7 45 42 49 33 49 40 
36 19 49 39 49 27 49 34 12 37 4 25 49 19 49 1 15 49 45 12 40 49 49 37 10 49 43 25 46 39 49 33 21 30 31 37 49 9 15 49 36 48 49 42 42 18 9 1 3 49 49 27 49 49 39 16 28 49 49 49 1 22 49 49 7 40 6 6 4 16 16 13 12 10 15 7 5 26 0 5 22 49 48 49 49 49 15 49 22 13 49 
49 13 24 33 49 28 45 24 34 49 22 34 34 49 19 49 49 49 27 49 46 49 19 6 49 49 49 49 49 15 49 48 21 13 37 40 49 49 30 49 22 49 37 49 31 49 25 49 15 25 33 49 27 49 40 33 49 9 22 25 21 21 27 49 45 30 49 30 48 42 20 11 32 31 20 13 22 18 9 0 25 13 25 31 40 6 16 4 6 49 10 
49 34 10 1 6 43 49 36 30 19 10 4 9 49 49 7 49 46 4 30 1 24 49 49 4 49 10 49 49 1 6 49 49 30 36 40 49 7 49 49 19 28 49 48 15 36 49 49 21 28 49 45 39 6 19 4 49 42 36 25 9 13 49 3 43 37 49 49 16 49 9 45 33 3 49 31 34 49 9 49 0 31 11 21 8 3 22 16 9 26 28 
34 49 28 10 4 30 25 28 49 25 18 49 49 34 49 16 46 43 30 13 49 18 27 28 22 49 42 7 49 43 49 31 37 45 40 49 4 40 4 40 49 37 21 49 49 49 28 36 18 48 49 1 12 33 45 36 33 36 31 48 21 48 49 21 6 49 22 49 4 22 9 21 34 49 49 49 25 46 49 45 4 0 10 25 18 9 18 27 15 8 30 
28 49 45 49 49 49 49 49 49 49 49 46 49 6 49 49 42 49 3 49 46 19 49 28 49 27 24 13 43 43 40 4 48 49 12 25 13 19 15 49 16 24 15 31 49 27 46 18 36 39 49 27 1 19 40 49 3 49 49 42 1 15 25 33 28 10 10 10 1 49 49 49 49 49 45 15 22 18 49 22 14 28 0 22 24 10 1 20 27 21 49 
49 49 15 25 1 45 49 34 16 43 6 34 49 30 49 6 42 25 34 25 49 49 6 34 49 49 3 16 49 49 10 49 49 19 27 49 18 1 34 39 49 49 49 49 22 49 49 34 49 40 22 16 9 12 37 49 13 49 4 49 49 43 49 9 37 6 49 3 49 49 9 49 1 49 27 46 12 49 42 49 28 0 28 0 13 19 26 19 8 31 49 
43 31 48 49 49 28 49 3 28 49 36 3 49 49 6 36 27 49 37 49 49 39 6 49 48 16 49 1 31 15 39 37 15 37 34 49 16 34 49 43 37 3 45 31 49 49 49 43 49 30 49 49 42 16 16 3 49 49 22 30 49 13 30 49 15 37 28 49 49 19 1 25 49 49 25 46 49 49 49 31 28 19 10 20 0 19 12 23 8 32 12 
49 12 48 4 43 49 12 33 49 49 40 36 18 49 40 45 49 4 10 49 10 31 43 49 49 49 12 39 22 34 46 25 13 42 49 49 39 19 49 43 3 49 49 49 22 16 49 25 49 25 30 31 12 33 49 49 24 49 13 22 49 49 15 39 37 39 49 49 22 24 10 49 21 45 25 43 34 7 3 49 30 13 3 6 29 0 32 7 3 22 31 
49 33 49 27 37 45 40 48 49 45 49 22 49 3 46 34 3 31 49 15 37 15 49 49 27 30 49 49 28 1 49 42 30 42 7 45 49 15 13 48 49 10 49 9 28 49 18 37 30 28 10 40 22 34 3 22 49 9 18 13 1 39 46 49 36 49 49 43 6 46 43 49 3 49 24 49 49 49 43 49 12 26 14 4 2 6 0 24 32 12 45 
36 49 1 24 3 15 12 1 6 48 28 33 15 49 12 49 49 25 49 31 28 49 37 3 49 49 33 49 30 10 46 49 49 49 31 49 12 49 33 37 49 45 34 48 49 3 7 33 49 13 49 21 49 16 49 16 42 49 25 36 3 18 49 19 49 49 49 49 24 22 21 49 49 39 16 15 1 21 12 42 20 26 18 10 30 24 29 0 18 0 10 
3 45 18 1 49 49 19 49 48 1 3 7 31 1 31 49 49 25 33 49 18 49 49 31 1 49 3 49 49 21 49 31 49 49 49 15 49 25 19 49 13 24 9 3 49 10 49 49 34 24 45 37 13 34 33 1 49 45 33 48 18 33 31 28 49 9 49 49 48 1 16 30 49 49 37 19 42 42 43 12 25 24 8 2 26 3 10 24 0 32 9 
49 49 27 46 19 6 49 49 49 49 15 1 9 22 36 49 49 49 25 49 28 1 30 18 39 49 1 3 28 49 12 36 49 39 49 31 49 19 39 42 25 13 18 49 16 49 49 49 19 49 22 34 12 49 3 49 9 7 49 28 19 49 12 31 16 49 4 39 12 49 16 10 12 10 3 37 24 49 6 49 10 0 23 21 24 16 22 0 17 0 30 
1 49 46 7 43 15 7 10 46 49 49 13 16 49 9 43 24 21 46 49 43 25 48 13 3 30 49 49 18 49 49 43 49 9 15 49 7 3 49 4 22 40 49 49 43 22 40 10 21 49 49 22 49 49 36 6 45 49 22 4 15 46 27 36 36 39 49 9 36 49 36 49 19 4 49 49 49 49 43 49 49 19 42 36 12 27 49 4 43 49 0 
