n: 90
m: 4
Pi:U[1-99] 59 29 17 58 13 59 81 2 28 85 11 81 25 80 76 83 40 73 8 98 50 51 12 99 55 71 93 44 72 61 65 27 36 55 6 34 15 47 17 44 44 72 18 9 81 3 91 57 5 32 79 46 32 32 39 5 1 52 35 47 80 74 90 70 46 92 21 12 62 58 91 71 98 54 30 89 76 49 83 32 9 69 19 60 15 63 66 20 7 75 
Si:U[50-99]
0 58 34 41 36 35 40 46 66 59 99 99 97 99 99 99 99 79 99 99 99 79 82 99 81 88 99 99 99 99 96 99 99 76 99 99 99 99 99 99 99 99 99 99 99 99 99 94 99 85 99 88 99 88 99 99 99 79 99 99 99 75 99 99 76 84 99 99 76 75 99 99 99 99 99 99 99 82 99 99 91 99 96 99 99 99 99 99 99 99 82 
34 0 57 58 62 63 51 57 65 49 99 99 96 99 99 78 79 82 81 75 99 85 99 78 99 99 90 99 99 75 81 99 99 99 99 99 76 99 99 99 99 99 99 99 99 99 99 87 96 99 99 99 99 99 99 85 99 97 99 99 99 82 99 99 99 99 85 99 99 99 99 79 96 93 99 75 99 85 91 99 99 90 99 99 94 99 99 99 99 99 99 
47 49 0 64 58 48 54 61 63 59 99 99 79 81 81 99 91 99 99 99 88 99 84 99 99 84 99 99 99 99 99 75 85 99 76 99 79 99 99 96 99 99 99 99 99 99 99 99 99 99 99 99 99 99 99 84 99 99 81 99 99 99 99 99 99 99 97 81 99 99 99 99 93 88 99 76 99 99 99 99 99 99 99 99 99 99 99 99 99 99 99 
42 65 56 0 46 60 40 44 39 62 78 88 99 99 96 88 99 94 97 99 90 99 99 99 91 94 99 96 99 96 93 94 99 99 99 99 99 78 99 99 99 82 99 99 85 99 99 78 99 99 99 82 99 99 99 99 99 99 99 90 82 99 99 87 99 99 99 99 90 99 99 99 99 99 81 99 78 99 99 99 99 85 99 79 99 99 99 99 88 99 99 
49 52 58 49 0 34 46 34 54 64 85 99 99 99 99 96 99 99 99 99 99 99 99 85 99 99 99 99 99 84 99 99 99 99 99 90 94 99 85 99 99 88 99 99 99 87 99 99 99 99 99 99 99 82 99 99 99 99 97 99 99 99 99 99 99 99 97 99 99 99 99 81 99 99 99 87 99 99 99 99 99 99 99 99 99 99 93 82 99 99 99 
64 58 66 60 50 0 64 61 49 47 96 78 75 99 99 78 99 96 87 99 99 93 99 99 99 97 99 88 96 81 87 99 99 88 78 99 99 99 99 99 99 99 99 93 93 79 99 99 88 99 90 99 99 75 99 96 75 99 99 82 88 85 76 99 99 99 99 99 99 96 99 99 88 99 99 99 99 99 99 99 99 99 79 99 99 99 99 85 99 99 84 
60 40 60 40 44 55 0 65 56 62 84 99 99 97 99 99 85 76 99 99 90 93 99 91 97 99 87 99 88 79 99 99 99 85 99 99 87 99 84 99 99 76 99 78 79 91 82 99 99 99 96 99 99 84 99 99 99 99 99 84 99 99 87 99 99 99 99 96 76 99 99 99 84 99 99 99 99 99 99 76 99 99 99 99 99 99 99 84 99 99 99 
62 44 54 50 40 39 49 0 40 60 99 91 99 99 91 99 99 99 99 99 99 99 78 99 99 99 99 97 76 99 79 99 99 96 76 99 99 96 99 81 99 99 99 99 82 88 84 99 81 99 99 94 97 99 99 99 94 99 99 82 99 78 99 96 99 99 99 99 99 87 99 84 99 88 87 99 75 99 99 99 90 99 99 99 96 99 99 99 99 99 99 
40 62 58 56 60 40 45 44 0 42 99 99 99 99 79 99 99 99 99 99 99 81 78 84 99 99 99 94 79 99 99 99 87 99 99 99 99 99 99 99 99 99 96 99 99 99 79 96 99 99 99 99 90 99 99 76 99 99 88 99 76 99 99 99 99 99 99 99 99 99 99 99 97 82 91 99 99 91 78 99 90 84 99 94 99 88 85 84 99 84 99 
46 40 57 51 36 51 42 50 40 0 99 99 85 99 99 99 90 99 96 99 99 99 99 82 99 99 99 99 99 99 99 81 81 78 87 99 99 99 90 99 99 99 99 99 99 99 99 99 99 99 99 99 99 94 99 93 90 99 97 78 99 99 99 97 99 99 99 99 78 91 79 91 99 97 99 99 99 93 76 99 99 99 91 99 84 99 90 99 99 91 76 
99 99 99 99 99 85 99 99 99 88 0 40 61 66 36 49 41 44 38 57 99 99 99 99 99 99 99 99 88 99 99 99 78 99 99 99 94 99 99 85 99 93 82 88 99 99 99 99 76 88 91 99 99 99 99 99 99 99 99 99 99 99 99 99 99 96 99 99 99 99 85 84 78 94 99 99 84 99 99 99 99 99 99 99 99 99 99 99 99 88 99 
99 99 79 97 99 91 99 99 99 90 43 0 46 54 37 47 58 36 34 33 99 82 99 99 99 99 99 99 99 99 99 99 90 99 85 99 99 78 94 99 99 85 99 99 99 82 99 99 99 99 99 99 99 99 99 99 99 85 99 99 99 99 99 75 99 99 99 99 99 87 99 99 99 76 99 99 99 99 99 96 99 90 99 97 78 90 99 99 87 99 99 
99 99 99 99 99 99 99 99 99 99 38 48 0 44 62 57 56 39 64 46 99 94 99 99 99 99 99 99 99 99 99 99 99 99 99 84 99 99 88 99 99 99 93 99 99 99 99 99 94 99 99 99 99 99 87 99 99 99 99 81 99 99 87 99 99 99 99 99 87 99 93 99 97 96 99 90 99 75 99 99 87 99 97 99 99 99 99 99 99 94 99 
99 78 99 99 99 99 99 99 99 85 42 63 44 0 56 42 47 42 36 58 99 87 99 81 93 87 99 76 99 99 99 94 82 99 90 99 99 99 99 99 99 99 99 99 90 99 99 99 75 87 99 99 99 99 81 99 82 87 91 90 91 99 99 82 99 99 99 90 88 78 87 99 79 99 99 87 99 99 85 99 99 99 78 99 79 75 81 99 99 99 99 
90 99 99 81 99 85 99 99 99 99 52 34 56 56 0 63 59 46 42 59 99 99 90 99 81 99 99 99 99 99 84 99 99 99 99 90 82 87 99 99 99 99 84 99 99 99 99 99 84 99 99 99 99 99 99 99 75 99 99 99 99 99 78 99 99 99 99 99 96 99 99 99 79 79 99 99 99 76 99 99 99 79 99 90 99 99 99 99 99 93 87 
76 99 99 99 99 94 99 99 99 99 46 64 42 50 47 0 58 35 48 63 78 99 99 79 99 91 99 97 99 99 99 99 99 99 79 85 99 99 87 78 99 99 85 99 84 99 99 99 99 99 85 84 75 96 88 99 99 91 99 99 93 99 97 99 99 99 99 91 99 99 99 99 99 99 99 99 99 82 84 99 76 99 99 97 84 99 99 99 99 99 99 
99 78 84 99 99 79 99 99 90 99 62 58 36 47 46 34 0 51 62 55 87 99 99 87 99 99 99 99 97 99 99 99 87 99 99 99 99 99 99 99 99 99 82 99 99 99 94 87 99 99 99 75 99 99 96 99 99 99 96 99 82 94 93 99 99 99 99 87 99 99 99 93 99 99 99 99 99 99 99 99 99 99 99 99 99 99 97 99 99 99 99 
99 99 75 99 99 84 90 99 99 93 43 66 36 33 54 56 64 0 66 40 99 99 84 87 99 99 99 99 99 88 99 90 81 99 99 99 99 97 88 94 99 99 99 91 99 99 99 99 99 99 93 99 99 99 93 99 99 99 99 96 99 81 90 99 99 99 82 99 99 99 94 93 99 99 99 99 99 99 99 91 99 99 87 75 99 99 85 88 99 99 88 
99 99 99 99 99 99 99 78 99 79 45 61 55 64 36 57 48 52 0 36 99 99 96 99 75 99 90 99 87 99 99 97 99 99 99 93 99 99 99 99 84 99 90 90 99 94 99 99 84 99 99 76 76 99 93 94 99 99 99 99 93 99 99 99 82 99 99 99 99 79 99 99 99 99 99 97 99 99 99 99 79 99 99 99 99 99 99 99 91 82 99 
99 99 99 99 99 99 99 99 99 99 37 46 44 62 53 47 52 39 38 0 99 99 99 99 99 99 82 99 99 99 99 99 99 99 99 99 99 99 99 99 99 99 99 78 99 99 87 99 76 76 87 99 78 99 99 99 99 99 99 99 99 99 93 99 99 87 99 99 99 84 99 99 99 94 99 99 99 99 99 99 88 99 99 99 99 99 99 99 82 94 99 
99 93 96 99 88 99 85 97 99 84 99 99 99 99 97 99 99 99 85 99 0 44 37 47 53 45 47 50 60 39 99 99 99 99 99 99 99 79 99 99 85 99 99 99 99 99 99 99 90 99 99 96 99 99 76 99 88 99 99 99 79 94 81 99 87 75 82 99 90 99 97 99 81 99 99 99 99 99 81 99 99 78 99 99 99 99 88 99 99 99 99 
99 99 99 99 99 99 99 88 99 99 99 99 99 99 99 99 99 99 99 99 45 0 60 36 52 38 49 50 38 60 96 99 99 81 99 81 99 99 99 99 99 99 91 99 99 96 99 94 99 90 99 99 99 94 99 96 99 99 93 84 99 99 99 93 99 99 99 84 99 99 82 99 99 99 99 99 99 99 99 99 99 99 99 99 99 99 99 75 99 99 99 
87 97 99 99 99 99 99 99 99 99 75 99 99 99 99 99 99 99 76 99 59 44 0 46 46 57 52 46 64 54 99 99 99 97 99 97 88 90 99 99 84 99 99 87 96 97 99 99 94 99 99 99 99 99 96 99 99 90 99 99 99 94 99 99 99 99 99 91 99 99 75 93 99 81 99 78 99 99 97 99 99 99 81 99 99 99 99 99 99 85 99 
99 78 81 99 99 91 78 99 99 96 99 75 78 99 99 84 99 99 99 99 34 48 34 0 64 47 57 59 62 44 99 93 99 97 81 99 85 99 94 91 99 91 97 76 99 99 76 99 99 76 99 99 99 99 99 94 88 81 99 99 99 99 99 79 99 93 75 99 99 90 99 99 99 99 99 76 75 99 99 99 99 78 99 99 99 99 99 90 99 90 99 
99 99 96 99 99 99 99 99 75 90 99 99 99 99 99 99 99 79 99 99 52 61 56 44 0 35 65 48 52 48 99 99 99 99 87 99 99 99 99 99 99 99 99 99 93 99 99 90 93 99 99 94 99 99 82 84 99 87 99 99 99 99 99 99 96 99 99 99 99 99 99 97 84 87 99 99 99 96 78 99 94 93 99 81 75 90 99 87 99 88 78 
97 99 99 99 99 85 99 78 99 88 99 99 78 93 99 87 79 99 76 99 33 60 37 57 54 0 66 55 35 54 97 99 94 93 96 99 75 99 99 88 99 99 99 99 99 99 99 99 76 99 99 75 99 99 76 99 99 99 78 99 99 99 99 84 82 87 99 99 99 99 84 99 99 99 99 99 99 96 79 91 99 99 99 99 94 99 99 82 99 97 99 
91 99 99 99 99 94 91 99 93 99 99 91 99 87 99 99 76 99 79 99 46 58 49 33 48 34 0 36 48 66 97 96 99 88 96 99 99 99 99 99 97 99 99 99 79 99 99 99 99 99 99 87 93 99 91 91 75 82 99 99 99 90 81 84 99 99 76 99 79 82 88 78 99 99 99 79 99 99 99 96 99 84 90 99 97 99 75 99 99 97 99 
99 99 99 99 99 99 99 99 99 87 99 99 97 99 76 99 99 78 96 99 44 44 37 51 58 43 53 0 58 66 82 99 99 75 87 85 99 99 99 99 99 99 99 99 99 90 88 99 99 99 99 90 99 78 99 99 99 99 99 99 90 99 96 99 99 99 99 99 99 99 99 99 87 99 99 99 99 94 99 99 88 99 91 99 84 75 88 99 99 85 91 
99 99 87 90 99 99 94 99 99 99 99 99 96 99 99 99 99 91 94 99 38 44 42 60 41 44 47 34 0 63 78 99 84 99 99 99 76 99 99 85 99 99 99 99 87 99 99 99 76 99 99 78 99 99 79 99 78 99 99 99 91 99 87 91 99 85 76 99 78 87 99 96 78 85 99 75 90 97 99 99 99 99 99 99 94 99 96 99 91 78 99 
99 82 78 78 99 99 99 99 99 99 91 99 99 99 90 99 75 99 99 99 56 59 59 53 33 60 54 62 45 0 97 99 99 99 99 94 99 99 99 99 99 90 99 99 79 99 99 99 99 99 99 93 99 99 99 99 99 99 99 88 99 90 99 99 84 99 99 88 87 97 75 76 97 99 75 99 79 88 87 99 99 99 99 99 79 99 88 81 79 99 88 
99 79 99 99 99 85 99 75 97 87 99 99 75 82 85 99 90 99 76 99 99 94 99 99 99 99 99 97 87 94 0 45 47 34 56 41 65 48 36 48 99 97 99 99 99 99 99 99 96 99 99 99 99 99 93 82 99 99 93 85 99 81 96 91 99 99 99 99 88 99 99 99 99 99 99 99 99 99 99 87 99 99 99 99 99 99 99 99 94 99 99 
97 78 99 99 99 79 99 96 99 99 78 99 87 82 81 76 84 99 99 99 85 90 99 99 97 99 99 99 99 99 51 0 33 54 64 64 49 57 36 64 99 81 97 99 90 99 88 99 96 99 87 82 99 99 99 90 99 88 85 99 99 81 85 84 99 99 99 87 99 99 99 88 99 99 82 99 93 99 99 99 99 76 99 87 99 99 99 99 99 99 99 
99 99 99 97 99 99 96 99 99 99 99 99 99 99 99 99 97 76 99 99 94 99 79 99 99 91 94 99 99 99 34 45 0 61 48 44 42 53 54 46 99 99 91 93 99 99 99 99 99 99 90 99 99 99 99 99 99 99 78 99 87 99 99 94 99 99 99 97 99 99 99 99 75 99 99 93 99 85 99 75 84 99 76 99 78 99 99 85 99 99 81 
99 99 99 99 99 99 99 99 99 99 99 82 99 99 90 99 93 87 99 99 99 99 99 99 99 79 88 99 99 99 42 42 60 0 42 62 34 48 64 60 87 96 90 99 99 99 99 99 99 99 99 96 99 99 99 99 99 85 88 90 93 99 99 76 99 99 90 99 99 99 82 99 99 96 99 99 99 99 99 99 84 99 99 99 99 99 99 99 99 99 91 
75 99 99 99 94 99 99 79 82 99 99 93 99 99 99 99 97 99 91 99 99 99 99 99 99 99 99 99 79 88 52 47 56 37 0 33 63 38 47 64 99 99 94 99 99 99 99 85 99 99 99 97 99 99 75 76 99 79 99 99 99 90 93 99 76 99 99 99 99 99 99 99 99 87 99 81 99 99 99 99 79 99 93 96 99 94 99 99 99 99 99 
99 99 90 99 99 99 99 99 99 91 99 99 88 84 75 99 81 99 91 79 99 97 99 99 99 99 99 99 99 99 36 65 36 52 40 0 64 55 46 59 99 99 99 99 93 99 99 99 85 87 99 99 81 99 99 99 99 84 99 99 93 99 79 99 99 97 78 99 99 87 78 99 99 99 93 99 99 99 99 99 96 87 94 99 93 82 99 99 99 99 99 
99 76 99 99 99 99 76 99 99 99 99 91 99 90 99 94 97 99 99 99 76 99 99 76 99 99 99 99 99 75 40 33 35 48 48 63 0 59 54 53 88 88 99 78 99 99 99 99 99 99 99 99 99 99 87 99 79 99 99 99 99 99 99 99 99 93 78 99 99 84 99 99 99 99 99 99 99 81 76 99 99 99 85 78 99 82 93 99 93 82 99 
99 99 85 99 99 99 99 82 99 99 99 79 99 99 99 99 99 99 99 81 97 99 99 99 99 99 99 99 99 99 50 42 49 56 64 59 61 0 38 42 87 99 99 88 79 99 99 85 85 99 99 99 99 99 99 99 99 81 99 99 99 99 99 99 99 99 99 99 96 99 94 99 99 85 99 99 99 76 99 99 99 99 99 99 99 88 99 75 93 99 99 
99 91 99 94 88 99 81 84 84 99 99 99 99 99 99 99 99 99 84 99 93 99 99 99 85 88 99 82 99 99 33 38 58 60 44 39 40 40 0 35 99 99 94 99 99 84 99 99 99 99 85 99 76 99 99 90 99 99 90 99 75 87 99 99 99 99 99 87 85 99 99 99 99 99 99 99 81 96 90 99 99 99 99 99 97 99 99 99 99 99 99 
99 99 99 99 84 99 76 99 87 99 99 93 84 99 99 99 99 76 99 99 99 99 99 99 99 99 97 78 99 99 62 54 48 42 41 52 50 62 40 0 99 99 79 99 99 99 91 99 99 99 99 99 99 99 99 81 99 99 99 84 99 88 99 99 99 99 99 96 99 99 85 99 99 99 99 99 99 99 81 99 94 99 99 78 99 99 76 99 94 99 99 
90 87 84 99 99 99 82 99 99 99 84 99 99 99 99 99 99 99 99 91 99 99 75 99 99 99 94 75 81 99 99 99 99 99 99 93 99 96 99 99 0 65 43 42 46 34 47 55 56 34 99 79 99 99 97 94 97 99 91 99 99 96 90 93 99 99 99 99 99 99 93 99 82 99 99 99 99 99 97 87 99 99 99 99 99 99 99 87 99 75 99 
99 99 94 91 99 99 99 99 99 99 99 87 99 99 81 99 99 88 99 82 79 99 82 78 99 99 99 87 99 99 76 76 99 94 99 99 94 99 99 99 63 0 61 53 61 52 63 45 34 58 99 97 99 99 99 85 81 99 99 99 87 75 99 99 99 99 99 93 99 82 91 79 99 76 87 99 99 99 99 99 97 94 99 99 90 90 99 99 96 99 97 
96 96 99 78 99 99 99 99 99 99 99 78 99 99 99 99 99 99 99 84 99 99 99 99 84 99 97 99 99 99 81 99 99 85 99 82 99 99 99 90 48 42 0 34 52 35 52 33 45 59 99 82 99 76 99 99 99 99 99 99 84 99 99 82 99 84 82 99 99 99 99 99 99 99 76 85 90 99 99 99 90 93 99 75 99 99 99 82 99 76 99 
99 99 79 99 99 99 90 99 99 76 99 99 99 99 91 99 99 99 99 87 99 99 99 99 99 99 99 99 99 91 97 99 99 94 99 76 99 99 99 99 42 59 58 0 42 63 64 46 63 35 99 90 99 99 99 99 90 99 99 99 99 90 96 82 99 99 99 99 82 91 99 91 99 99 99 99 99 99 99 78 87 99 99 99 99 99 99 99 99 79 88 
82 99 99 99 76 99 99 99 99 75 99 99 99 88 99 99 99 99 99 99 78 99 85 99 94 78 85 99 99 99 99 84 99 88 99 99 78 99 99 79 40 48 53 34 0 49 42 44 38 52 76 99 84 99 93 99 99 99 99 99 99 99 82 99 99 94 99 99 99 99 99 99 99 91 99 99 99 99 82 99 81 99 82 94 99 99 99 99 99 87 96 
99 85 99 99 99 94 75 99 85 78 99 99 88 99 76 99 99 99 99 82 88 84 99 99 99 99 99 99 99 99 99 99 93 84 99 99 99 99 99 96 40 46 58 48 62 0 40 50 43 56 99 99 81 84 99 99 99 99 99 99 91 84 99 99 99 87 99 99 99 99 99 85 99 99 85 99 99 99 99 99 99 93 82 99 76 99 99 99 76 81 91 
99 99 99 99 96 99 76 87 99 99 99 99 94 99 75 99 82 94 99 79 99 99 99 99 99 99 99 99 78 99 78 99 99 99 99 84 87 99 81 93 50 34 35 38 58 64 0 64 50 56 99 99 99 99 81 99 99 99 99 90 99 99 99 99 99 85 99 91 94 96 99 99 99 99 99 99 99 91 99 99 97 84 99 99 91 97 99 99 96 99 99 
99 99 99 78 85 99 99 99 88 99 79 99 99 99 99 99 99 99 93 99 78 94 99 99 99 99 99 99 84 99 93 99 79 99 99 85 87 91 99 81 40 36 66 61 65 53 54 0 63 60 87 99 99 99 99 90 87 99 90 99 97 79 87 99 99 87 96 99 99 99 76 78 93 99 99 99 99 99 99 99 99 94 87 99 99 99 99 99 99 99 99 
85 94 99 81 99 78 75 99 90 99 75 99 99 76 99 99 91 88 99 81 76 99 99 99 99 93 99 75 99 82 99 99 99 99 96 99 99 93 79 99 55 46 63 38 41 36 39 35 0 38 99 99 99 99 76 99 99 99 79 91 99 79 99 99 99 99 99 94 85 79 99 99 99 99 75 99 99 84 99 76 88 76 99 99 99 91 99 81 99 99 76 
99 99 82 99 99 97 94 99 99 99 99 99 99 99 99 76 99 99 99 85 99 99 99 99 99 85 99 99 99 94 99 99 96 81 99 99 99 99 99 90 42 61 42 40 45 62 49 39 45 0 99 99 99 99 75 99 99 99 99 99 85 99 99 85 99 99 99 99 99 87 99 91 99 99 99 99 79 99 99 91 99 96 76 85 99 99 99 99 99 94 91 
85 99 99 87 99 85 99 84 76 99 94 99 99 94 99 79 99 99 99 99 81 88 84 99 99 99 82 99 99 99 76 88 99 99 99 76 99 99 99 85 99 82 88 99 99 99 99 99 85 96 0 50 51 62 58 65 66 34 42 37 99 99 99 99 96 82 76 99 99 99 99 99 99 99 99 99 76 99 99 99 99 99 99 99 99 99 79 99 99 99 99 
99 99 99 96 99 84 99 99 99 99 99 78 90 99 82 99 99 81 99 93 78 99 99 99 99 99 99 97 99 99 99 94 99 96 87 99 99 99 96 97 84 99 99 79 93 78 99 76 99 99 64 0 34 54 59 60 56 62 47 64 79 84 85 99 99 87 99 87 99 99 99 99 87 99 99 99 99 99 99 94 99 99 91 99 99 99 99 75 99 99 84 
81 99 99 99 99 94 99 99 99 81 99 81 76 99 99 87 96 96 99 99 99 94 99 99 99 75 99 99 99 99 99 99 99 79 99 99 99 99 99 84 88 85 99 99 99 99 99 99 99 99 38 34 0 41 49 43 52 45 58 54 99 99 96 99 75 99 99 99 99 99 75 99 99 97 82 99 96 99 99 85 87 99 99 99 99 99 99 99 99 81 99 
99 99 94 91 82 99 99 99 91 76 99 99 88 99 99 87 99 99 93 99 99 76 99 99 99 99 94 91 99 84 99 99 99 99 99 88 99 99 99 88 99 99 99 94 99 99 90 99 99 99 51 52 56 0 62 36 40 40 54 56 99 99 99 99 82 99 85 99 99 99 99 99 82 99 81 99 94 99 99 99 99 99 90 99 87 99 90 99 99 87 84 
99 99 88 99 99 99 99 99 99 99 99 99 76 99 99 99 99 99 75 99 99 99 91 99 99 99 99 99 81 76 99 99 99 99 99 99 99 93 75 99 96 99 99 78 96 97 99 99 88 99 48 43 39 42 0 56 50 53 59 65 99 99 99 99 82 99 99 99 99 99 88 93 99 99 99 99 87 99 99 76 94 82 99 99 93 99 85 99 78 81 99 
99 99 99 99 99 99 99 99 99 99 99 99 99 75 91 75 99 78 76 82 99 99 99 99 99 99 99 99 99 99 99 99 99 99 90 99 90 99 99 99 99 99 85 99 99 99 99 99 99 99 54 38 44 62 64 0 39 37 45 65 99 79 76 99 99 99 91 99 97 99 84 82 99 99 99 85 99 99 99 76 99 99 79 99 91 99 99 99 99 99 99 
99 99 99 99 99 88 99 99 97 78 82 82 90 99 99 96 99 93 99 99 99 99 99 99 99 99 97 99 76 99 90 99 99 99 94 81 99 90 99 90 99 87 99 99 79 87 82 99 99 99 39 64 50 62 62 34 0 38 46 35 90 99 87 99 79 99 99 99 99 99 88 99 99 90 96 99 91 82 99 99 99 99 84 99 99 99 99 79 99 88 99 
82 81 99 99 85 99 99 91 99 85 85 82 85 99 99 99 91 99 76 85 76 99 99 75 93 99 99 99 99 99 99 75 85 99 99 99 76 99 99 82 99 99 99 82 99 99 99 96 99 99 62 61 46 35 59 46 42 0 36 55 85 99 99 81 81 99 97 99 99 99 99 99 99 99 99 99 75 99 99 78 99 87 76 99 91 99 85 99 99 99 99 
99 99 99 99 91 99 78 99 94 85 76 99 99 99 99 99 99 82 99 99 91 97 99 99 99 90 99 99 85 99 94 99 99 99 99 99 99 76 99 99 96 99 91 99 99 99 99 99 99 99 52 66 48 62 38 54 48 47 0 60 99 99 99 99 99 99 84 99 99 99 99 99 99 90 85 96 99 99 94 99 82 99 99 99 99 96 91 96 99 79 99 
99 99 99 99 99 84 99 99 88 99 99 99 99 76 99 99 93 99 99 99 99 99 99 99 99 81 99 99 99 99 99 96 99 99 99 99 99 78 99 99 96 88 93 99 82 99 99 99 99 99 58 33 40 63 35 39 50 64 34 0 99 99 97 99 99 99 99 99 99 96 99 99 99 99 90 99 99 99 99 91 99 99 79 99 84 82 88 99 99 99 75 
99 75 85 99 99 99 99 99 99 99 94 82 87 99 99 99 99 81 79 99 99 99 99 84 94 91 99 99 99 99 99 99 99 99 76 99 87 99 99 99 99 75 99 99 75 76 99 93 99 87 99 85 99 75 99 96 99 99 99 99 0 46 44 34 34 46 34 44 46 44 91 88 99 99 99 85 99 99 99 99 96 99 99 99 99 99 99 99 99 85 87 
99 99 99 99 94 99 99 99 99 82 99 81 99 88 94 99 99 87 84 99 99 99 99 99 99 90 99 99 88 99 76 99 99 99 84 99 99 99 84 99 99 91 78 99 97 99 87 99 87 99 99 99 85 99 84 99 94 90 90 88 50 0 34 58 62 54 36 53 42 54 99 99 85 99 99 99 99 99 99 79 99 91 99 99 99 99 99 99 99 87 76 
99 99 99 81 99 82 99 84 99 99 99 99 99 79 99 99 99 99 94 99 79 81 85 99 99 99 99 85 99 99 99 99 99 99 85 78 99 96 99 99 99 99 99 99 87 99 99 90 93 99 99 99 99 99 90 99 99 99 76 90 41 62 0 46 62 62 55 57 34 43 94 99 99 99 99 99 99 76 76 96 99 99 99 94 78 99 99 99 99 99 99 
96 99 84 99 94 78 99 76 99 94 99 99 99 96 93 99 99 99 81 99 79 99 99 93 87 99 93 76 85 99 76 93 99 99 96 99 99 99 99 79 99 96 99 99 75 99 82 75 99 99 99 99 99 99 99 99 99 99 99 99 56 46 36 0 52 58 35 34 54 59 96 99 99 79 90 99 87 99 99 99 99 99 82 99 99 99 99 91 76 85 99 
99 99 87 91 99 99 99 81 99 99 99 99 99 96 93 96 93 99 99 81 99 99 78 99 88 99 99 99 99 99 99 85 99 96 82 99 75 85 99 99 99 87 99 99 99 99 99 99 99 99 99 93 87 93 99 91 99 99 99 99 55 50 57 36 0 52 37 59 42 56 94 99 99 99 99 76 99 79 99 99 99 99 99 76 99 82 99 87 99 99 99 
99 99 99 79 99 99 99 75 99 94 99 99 99 79 99 85 90 99 99 91 96 81 99 99 99 99 79 91 99 99 99 76 87 99 99 99 99 78 99 96 99 78 99 99 99 99 99 99 99 99 99 99 99 99 81 99 99 81 99 99 48 51 46 64 54 0 35 64 37 65 75 99 79 99 99 91 99 91 76 99 99 81 76 99 79 99 99 99 88 99 99 
99 99 99 99 99 99 99 84 99 99 75 99 99 99 99 87 99 97 93 99 91 99 81 99 91 99 99 99 78 97 99 99 99 99 99 99 91 99 85 99 93 99 99 99 75 78 99 99 99 99 87 99 99 84 99 84 99 99 94 99 43 60 34 45 55 42 0 58 57 59 99 90 99 88 99 84 99 87 99 90 99 87 90 99 99 99 99 99 99 99 99 
99 99 87 99 88 78 99 99 99 99 99 99 75 99 99 99 99 99 99 76 90 75 78 99 99 99 99 99 88 91 85 99 99 99 99 99 99 79 90 99 99 99 85 75 99 99 99 99 82 85 88 99 99 76 99 99 99 87 99 81 36 35 56 43 51 36 42 0 63 41 99 94 99 87 82 94 94 97 78 99 99 85 99 99 99 99 93 99 79 93 99 
96 85 99 99 78 99 99 99 99 94 99 99 99 99 99 97 76 78 99 99 99 99 99 99 99 85 76 99 99 99 82 99 79 99 99 87 99 99 99 99 99 79 99 99 79 99 99 99 99 91 99 79 99 99 85 90 75 99 99 99 50 58 59 44 62 55 43 46 0 47 93 99 99 99 99 96 99 99 99 99 90 99 99 78 99 99 99 99 99 99 84 
99 99 84 82 93 99 99 99 82 75 99 75 99 93 99 79 85 99 99 76 87 99 99 99 99 99 99 99 84 91 99 78 99 99 99 99 87 99 96 97 99 99 99 99 99 99 99 99 87 79 99 99 85 99 99 99 99 99 99 99 35 56 59 47 39 34 42 54 42 0 99 99 82 85 88 99 99 93 99 99 99 99 99 99 99 99 99 99 99 96 99 
88 99 91 99 99 99 99 99 99 93 99 97 99 99 84 99 90 99 99 99 99 81 75 99 78 99 99 99 99 93 96 90 99 99 99 99 99 79 99 99 99 99 99 91 97 99 99 90 99 99 99 90 99 99 99 99 99 99 79 76 99 99 91 85 99 99 99 99 99 99 0 38 38 61 48 44 60 60 38 62 99 87 99 99 99 78 99 99 90 99 90 
91 99 91 99 76 99 87 99 99 96 85 99 99 88 99 99 99 99 99 99 99 99 99 99 99 99 99 99 88 99 99 99 99 75 99 87 99 99 99 99 99 78 82 97 99 99 99 85 99 99 85 99 99 94 99 99 99 99 99 99 99 99 99 97 82 99 91 99 99 81 52 0 57 46 41 50 54 34 40 59 99 99 79 85 99 99 99 78 78 85 99 
79 87 99 99 99 79 99 99 99 99 99 99 96 75 99 99 99 79 99 99 90 99 99 99 99 99 99 99 99 99 94 85 99 99 78 97 99 99 99 99 99 99 93 99 99 96 82 79 99 99 84 99 91 99 99 99 90 91 99 99 99 99 99 99 82 99 99 93 99 99 46 36 0 41 48 61 44 45 41 42 87 75 99 99 94 88 99 88 99 99 99 
99 99 99 99 76 99 99 99 99 99 99 99 99 94 99 91 99 99 79 99 99 99 78 99 93 99 99 99 79 99 99 99 99 76 99 99 99 78 99 96 82 97 99 99 99 99 99 99 99 99 76 99 76 99 99 97 99 99 99 96 99 99 99 97 99 84 99 97 99 99 57 51 52 0 57 56 60 36 64 52 99 99 99 99 82 99 75 99 99 99 85 
99 99 99 99 81 99 99 99 99 99 99 97 85 85 99 97 81 99 99 99 99 99 99 99 99 99 81 99 99 99 99 97 99 99 91 76 99 99 99 99 99 99 99 99 91 99 99 96 99 84 99 84 99 99 99 99 99 99 99 99 99 99 99 99 99 99 96 99 99 99 41 53 36 34 0 44 54 62 61 46 99 99 97 99 99 99 99 99 99 99 99 
99 99 75 99 99 79 99 82 99 99 99 87 99 99 91 99 99 96 99 99 99 99 99 78 99 99 76 99 75 99 99 99 99 99 99 99 99 82 99 78 99 78 99 99 99 99 78 99 99 99 88 99 94 99 99 93 99 99 82 99 99 99 96 99 85 99 90 99 99 99 48 41 64 38 60 0 64 52 41 43 99 90 90 99 99 99 99 99 99 96 99 
99 99 99 99 99 87 76 94 99 79 99 96 99 99 76 99 99 99 99 99 99 99 94 91 81 99 91 99 99 78 99 81 99 97 99 99 99 99 85 99 82 99 99 99 85 99 79 88 97 75 91 93 91 99 99 99 94 99 99 99 99 99 96 99 96 78 99 99 99 99 65 50 36 60 36 48 0 62 38 44 99 78 99 99 99 81 99 99 99 99 75 
99 99 81 94 99 99 99 99 99 99 79 99 91 91 99 99 99 99 76 99 99 99 99 99 90 99 99 99 99 99 99 75 75 99 99 94 99 99 88 99 99 99 94 99 99 85 99 99 99 99 94 96 99 99 99 88 99 91 88 99 81 99 99 76 99 99 96 90 76 99 52 41 55 63 45 54 64 0 50 42 78 78 99 99 91 76 99 99 81 99 99 
99 99 99 99 99 99 99 87 99 97 99 99 99 87 99 97 99 97 99 99 90 97 99 99 91 99 99 87 75 88 90 99 99 99 99 99 99 99 99 79 99 99 82 99 99 81 99 99 88 75 99 99 99 99 99 99 99 99 99 99 99 99 99 84 99 90 79 99 99 99 56 65 34 54 50 52 42 39 0 52 99 99 99 99 99 99 93 99 99 99 99 
79 88 99 99 99 82 99 99 99 99 99 99 78 99 99 99 99 78 99 99 99 99 99 85 99 90 99 84 99 94 99 99 99 99 97 78 99 99 99 87 81 99 99 99 91 99 78 99 75 88 96 99 93 78 99 99 99 99 82 99 99 99 99 99 87 99 91 99 99 91 57 48 62 62 37 64 54 35 66 0 99 90 90 99 78 99 99 99 97 99 99 
99 99 99 87 99 88 99 76 99 99 99 99 78 99 99 99 99 99 88 75 85 99 99 99 99 99 99 99 99 99 99 75 96 87 99 99 99 99 99 99 87 99 82 99 88 99 97 99 99 76 85 99 79 82 85 99 99 99 96 99 79 84 99 97 99 76 99 99 78 93 99 99 99 99 99 99 93 99 99 99 0 41 62 37 39 56 38 62 62 40 99 
75 85 99 99 76 82 93 99 82 78 99 99 99 99 99 99 93 99 93 99 99 79 91 99 99 99 99 82 99 99 99 99 96 88 99 90 97 99 75 99 99 99 96 99 99 99 99 90 99 99 99 81 99 99 99 99 78 99 99 99 99 99 81 99 99 99 99 99 99 99 99 93 99 99 76 99 93 99 99 99 40 0 33 50 46 42 63 63 36 58 99 
99 88 99 99 99 99 99 99 76 99 85 87 99 97 99 99 78 99 76 99 84 99 85 78 99 94 99 99 99 99 99 75 99 76 99 99 99 94 85 99 99 99 99 99 99 99 99 99 99 81 99 81 99 79 96 82 99 99 99 99 99 99 99 88 99 82 99 99 87 99 79 79 99 87 84 99 99 79 99 99 57 62 0 41 45 36 44 55 42 46 99 
79 81 99 99 99 99 99 99 99 99 99 99 99 99 99 99 93 99 94 99 99 99 99 99 96 99 99 99 99 99 81 99 99 99 91 79 99 97 99 84 99 99 93 78 99 99 99 99 99 81 97 99 84 99 99 75 99 91 76 99 99 99 99 99 94 97 99 99 90 99 85 96 99 99 87 99 99 99 96 93 50 53 62 0 51 53 33 33 59 35 99 
78 99 99 84 99 99 99 99 76 99 96 99 76 99 99 99 99 99 84 99 78 93 99 79 99 78 99 99 88 99 99 76 99 99 99 99 81 99 99 94 99 99 99 99 91 99 99 99 99 93 99 99 94 99 78 99 99 85 99 99 99 99 78 99 99 99 99 99 99 93 99 90 99 99 94 99 99 88 99 75 46 44 56 48 0 62 53 45 65 47 99 
99 99 99 99 78 99 79 85 99 99 81 90 99 88 99 99 99 99 99 99 99 99 96 99 82 91 99 99 79 99 78 91 90 99 93 90 99 90 99 99 99 87 99 78 99 99 84 81 87 90 99 99 90 99 99 99 87 99 99 99 99 99 99 99 96 99 99 99 99 99 99 93 99 99 99 75 99 90 99 99 34 33 33 46 46 0 38 52 42 40 85 
93 99 90 99 99 99 99 99 93 93 99 76 99 99 75 99 81 87 99 99 99 93 99 99 99 99 99 99 99 81 99 94 99 76 97 99 99 99 99 94 99 99 99 96 97 99 99 99 99 85 99 99 99 99 99 99 99 99 99 99 99 88 88 99 99 99 99 99 87 99 99 99 94 99 87 75 82 99 99 99 48 61 51 62 64 33 0 49 44 57 99 
99 99 99 99 99 99 78 79 88 99 99 99 76 99 99 99 99 99 99 99 82 99 99 99 99 99 84 99 99 99 99 76 75 99 85 99 82 99 81 99 99 85 93 99 99 99 99 99 76 99 99 88 99 99 99 97 99 91 99 99 99 99 75 99 99 99 99 91 84 99 99 99 99 96 99 99 94 90 99 99 53 41 33 56 66 58 48 0 50 60 76 
94 99 99 84 79 99 99 99 99 94 99 99 99 79 99 99 76 99 99 99 93 99 99 99 88 99 82 99 99 79 82 99 99 99 99 99 99 79 99 99 99 88 99 93 99 99 99 99 99 75 99 99 99 82 99 99 99 99 97 75 99 99 87 87 99 99 99 78 99 99 79 99 99 99 99 99 99 99 99 99 52 58 43 53 58 52 64 57 0 44 99 
99 76 93 97 78 91 97 90 99 78 99 99 99 99 99 99 82 90 99 90 79 99 99 91 81 99 99 99 99 99 99 85 99 99 99 99 90 99 93 99 99 99 99 99 82 93 99 99 79 84 99 99 99 99 99 99 99 93 99 99 99 99 99 79 99 91 99 84 76 90 99 99 82 99 82 99 99 99 99 99 33 66 34 62 64 36 48 44 64 0 99 
76 99 99 99 99 99 99 99 97 99 99 99 99 99 99 99 88 99 99 99 99 99 99 99 82 99 99 99 99 96 91 99 99 99 99 99 99 97 99 99 99 93 99 96 91 99 75 79 99 99 90 99 99 99 99 99 84 99 99 99 99 99 99 99 99 99 99 99 99 97 87 99 99 99 76 81 99 91 99 99 97 99 99 99 97 85 99 99 99 91 0 
