n: 90
m: 8
Pi:U[1-99] 80 59 50 23 43 84 11 39 35 32 72 93 83 63 39 55 69 85 48 87 59 68 68 35 59 37 62 33 91 20 57 18 52 37 46 75 74 93 58 79 41 46 22 46 74 88 19 67 4 19 92 90 8 49 94 26 22 4 7 56 88 56 60 56 13 40 88 85 35 25 62 45 24 11 45 20 82 48 62 22 68 60 47 31 96 75 29 10 36 49 
Si:U[1-49]
0 43 32 32 46 3 49 49 27 13 35 44 16 39 41 47 38 14 15 21 42 35 33 7 18 39 45 11 9 34 24 26 17 33 16 45 18 38 9 19 13 33 35 36 31 38 16 15 30 6 6 43 11 28 49 32 3 48 42 13 17 39 36 21 38 35 6 17 22 22 19 45 41 42 47 14 24 19 48 46 16 23 34 17 28 9 18 29 8 19 9 
2 0 25 15 46 8 18 12 39 37 6 4 44 46 39 14 11 38 4 42 10 16 24 37 24 5 22 40 23 33 2 34 17 14 30 30 15 31 13 20 39 12 27 38 15 16 17 15 18 15 1 13 39 3 44 42 48 13 46 47 44 11 8 49 3 8 31 20 6 27 32 9 26 6 27 35 4 8 25 18 30 49 39 10 33 47 43 19 49 33 7 
13 35 0 2 16 18 18 17 16 46 25 16 47 2 4 28 26 37 44 41 19 49 7 42 33 41 15 38 25 47 38 45 9 7 12 5 13 21 26 45 2 13 16 7 25 23 41 22 24 33 25 25 4 34 12 7 9 16 13 23 12 13 2 41 18 31 3 14 49 20 3 3 19 47 28 17 35 25 25 27 20 15 42 18 38 19 12 42 14 29 16 
47 4 18 0 1 12 36 18 9 40 24 42 45 3 19 47 30 41 31 18 14 31 24 49 19 15 13 45 48 5 49 17 12 38 40 6 10 6 21 18 10 43 14 45 10 24 49 21 38 16 16 44 1 30 42 12 15 34 6 3 34 14 48 8 48 47 34 44 33 39 29 36 24 44 22 3 5 8 38 29 40 38 26 26 35 4 31 30 43 22 19 
13 39 29 8 0 40 32 9 44 48 12 35 6 40 12 29 26 23 40 43 49 46 35 32 45 26 36 25 4 32 21 22 1 48 12 13 45 1 6 38 40 19 46 12 22 7 2 29 38 3 37 20 10 48 41 3 39 33 43 26 41 37 38 25 29 8 47 15 35 49 49 24 15 49 10 17 27 43 49 48 8 21 13 37 22 24 13 10 3 17 34 
15 35 26 34 7 0 27 16 34 36 6 42 32 36 9 44 24 39 45 20 12 18 4 47 18 21 7 15 14 34 45 19 18 4 47 33 24 43 2 1 29 18 49 40 12 32 41 1 45 14 2 46 30 12 46 32 30 26 19 1 45 43 37 40 15 42 40 32 19 38 10 38 20 14 10 40 23 21 23 43 10 31 47 34 28 26 19 11 38 8 13 
43 36 20 11 43 18 0 18 5 6 22 48 12 43 23 4 37 4 30 13 49 46 5 6 1 27 19 18 31 38 31 23 38 4 19 20 49 6 18 4 42 11 29 27 26 43 20 18 2 32 2 19 34 32 45 31 13 38 2 24 29 2 23 45 34 12 41 34 44 49 9 40 49 14 13 49 47 49 21 19 26 18 24 6 21 36 16 11 31 33 17 
49 6 21 6 44 44 27 0 11 17 10 9 11 31 34 3 19 40 49 45 33 5 8 49 48 11 1 20 20 48 45 5 32 41 43 26 16 36 41 3 41 37 48 7 27 3 24 41 18 15 13 14 7 1 2 9 47 30 7 12 26 35 1 38 12 26 2 31 19 34 44 27 30 4 15 47 27 12 34 41 30 24 28 21 37 2 28 45 20 29 5 
2 37 47 22 36 39 42 19 0 9 25 4 21 9 2 36 41 43 36 46 27 35 32 42 47 6 40 32 40 47 31 16 40 6 8 42 22 18 10 26 36 36 26 21 24 12 47 5 4 11 42 4 49 17 8 39 24 44 17 44 18 20 31 8 5 48 6 40 13 49 26 12 37 36 19 5 39 7 6 24 45 1 33 38 30 47 49 30 31 14 19 
32 47 37 44 41 6 28 25 32 0 25 5 32 29 45 39 27 19 43 21 45 31 24 40 4 39 42 36 37 11 23 1 42 34 25 23 48 21 32 48 6 40 37 35 28 15 9 22 16 47 32 1 13 20 17 28 9 23 21 1 43 26 9 17 19 35 18 5 37 35 30 10 28 39 26 7 6 32 45 45 36 43 41 36 37 20 4 20 5 39 47 
49 9 20 33 2 41 49 1 30 12 0 46 32 4 9 3 34 35 8 9 18 12 35 35 44 12 26 18 40 3 16 3 22 43 32 38 30 36 9 32 40 29 47 20 48 11 34 21 6 24 28 34 22 45 42 37 30 13 1 28 49 40 8 48 11 35 11 18 25 42 12 3 21 10 39 42 43 2 30 43 35 32 1 21 25 19 6 16 24 10 18 
16 42 3 19 29 27 2 49 9 30 46 0 48 49 17 11 34 33 32 9 24 30 25 11 23 23 23 4 29 33 19 42 40 36 46 15 28 48 29 20 32 37 27 39 9 36 48 8 5 8 24 11 46 33 48 22 10 8 39 36 44 21 44 31 20 49 47 27 13 15 21 26 15 31 3 25 43 25 5 39 19 45 10 26 16 32 22 23 39 23 36 
13 22 47 16 26 41 48 28 6 1 31 25 0 27 7 41 39 3 12 23 41 36 17 8 18 20 34 24 16 2 8 20 9 11 25 2 6 34 13 35 33 37 42 43 24 41 4 31 24 38 14 46 5 12 49 46 18 27 13 11 11 34 44 13 26 38 14 10 44 32 10 41 25 18 46 25 32 4 12 46 35 2 35 6 21 13 13 27 16 6 35 
41 47 45 35 38 45 38 32 2 15 4 44 16 0 27 29 5 14 21 17 43 30 12 42 11 2 45 13 19 41 30 13 26 18 17 24 35 49 34 27 20 33 39 45 36 26 41 39 3 28 39 41 5 27 41 43 28 45 27 35 15 21 42 35 48 46 10 49 41 34 17 7 6 14 1 11 29 41 2 4 22 19 25 25 14 17 19 49 47 41 4 
19 27 40 40 19 26 46 40 30 19 9 21 11 5 0 37 15 11 34 42 49 15 15 14 45 7 3 7 17 47 1 49 37 33 37 18 19 7 7 48 11 37 31 21 28 11 28 45 14 9 32 6 43 10 27 22 10 41 20 45 45 16 46 27 25 8 3 35 7 40 48 49 7 28 46 31 37 41 35 36 16 44 33 3 19 48 36 20 20 7 36 
43 2 34 9 44 14 42 44 16 5 23 48 48 45 8 0 21 40 31 18 48 16 13 17 47 8 22 12 5 39 31 39 17 25 30 2 44 46 9 11 14 11 27 22 16 10 37 29 2 2 22 2 20 44 15 10 38 36 18 5 48 47 10 30 8 19 47 36 25 23 38 1 39 44 5 24 23 28 34 29 13 35 11 6 22 20 33 49 19 13 27 
35 16 7 31 10 7 47 17 30 25 45 29 49 27 21 48 0 8 29 46 5 43 34 22 22 37 13 31 17 36 22 26 19 6 27 24 1 31 4 42 49 34 17 15 49 29 20 46 19 2 18 3 31 19 45 30 15 10 44 40 15 15 34 29 31 6 31 39 22 10 48 14 10 49 23 35 21 12 30 25 28 22 32 7 3 42 9 12 6 12 13 
14 14 26 42 3 39 1 38 38 27 36 31 8 25 24 45 18 0 31 28 24 21 1 3 26 15 12 40 24 23 18 33 38 31 7 17 37 23 8 20 12 34 8 7 40 44 24 48 28 18 24 38 3 8 23 6 41 45 21 18 48 38 45 17 8 33 19 34 42 19 18 47 11 36 38 21 29 27 12 16 36 26 44 6 40 47 33 41 49 20 29 
40 40 20 29 11 32 20 25 18 10 42 34 41 47 32 17 32 16 0 13 29 8 46 15 33 11 33 2 16 36 31 27 5 5 5 48 42 45 7 48 3 23 36 46 5 26 43 4 17 6 42 2 18 32 30 32 12 33 30 7 37 32 30 15 19 47 15 25 30 11 48 49 13 43 10 17 6 19 4 43 49 36 28 13 15 19 27 43 2 45 40 
38 18 8 15 31 13 47 39 30 32 34 35 5 24 31 35 3 16 28 0 23 3 17 35 44 22 9 15 7 19 37 14 23 47 22 11 35 28 34 12 47 45 4 46 13 48 36 43 40 26 11 33 31 19 31 22 16 31 49 41 1 44 25 49 6 20 6 5 7 11 35 9 35 47 7 44 36 26 27 41 48 23 27 7 15 47 34 31 28 20 36 
44 19 12 16 18 5 26 8 6 3 29 42 9 22 7 1 48 34 32 14 0 41 46 2 16 17 34 24 14 10 36 42 46 47 4 21 33 2 1 26 35 32 30 40 4 29 19 28 19 3 31 37 45 2 19 49 17 8 25 14 48 10 44 6 41 6 48 19 40 44 48 24 12 39 41 13 11 39 22 21 26 10 35 13 15 17 44 31 43 19 25 
6 15 24 1 44 49 25 8 26 44 10 43 30 37 2 10 18 16 21 30 10 0 24 47 14 14 28 16 47 25 42 43 35 32 35 24 43 13 41 36 40 20 22 41 17 48 48 3 26 41 25 11 12 26 44 18 17 41 14 7 19 26 49 7 33 7 8 21 6 46 10 21 49 12 34 23 2 2 5 15 40 22 31 24 10 39 11 38 22 9 18 
44 30 26 36 17 24 32 26 9 37 23 36 9 10 47 9 24 33 16 4 10 32 0 38 17 44 30 30 11 18 24 10 25 12 9 27 43 29 10 4 12 15 45 3 38 12 33 46 2 30 46 22 5 46 26 49 28 31 10 12 1 48 34 37 1 8 1 20 34 14 27 25 19 11 25 18 26 40 6 8 20 45 35 35 39 15 36 7 1 7 35 
17 22 34 22 47 26 10 26 14 44 41 37 32 19 29 28 30 43 37 33 44 46 46 0 17 37 11 7 15 45 3 45 42 15 11 11 26 33 24 3 39 26 27 44 33 10 15 2 44 49 2 26 2 42 46 29 26 29 24 24 40 12 30 43 31 23 14 15 30 41 24 6 32 44 26 10 14 39 41 21 41 13 40 24 3 23 23 21 48 48 37 
7 11 46 36 40 45 22 19 10 49 36 34 19 28 35 14 18 33 18 27 37 26 14 37 0 33 20 44 5 4 30 5 45 15 38 11 8 39 2 48 36 12 28 45 14 29 38 47 24 3 12 11 17 35 46 12 23 42 22 23 44 18 39 42 8 2 16 42 34 43 44 38 10 21 42 10 1 43 44 14 19 20 7 29 12 11 17 34 32 11 36 
46 38 7 36 34 2 15 13 33 7 16 22 39 28 14 26 18 2 30 35 14 35 19 10 46 0 31 10 21 15 17 15 32 47 44 10 30 44 21 29 15 22 37 46 6 46 24 33 24 14 4 36 41 42 33 5 29 2 22 36 25 30 22 10 40 17 11 45 12 31 2 3 27 44 45 33 47 38 48 30 17 20 17 34 20 3 36 16 18 25 9 
40 42 26 37 6 6 32 33 20 11 6 18 6 3 15 18 35 39 12 25 12 43 3 15 48 30 0 47 18 10 9 12 49 17 35 3 11 15 16 14 7 10 45 49 43 31 12 35 19 49 26 5 47 27 5 41 46 2 12 21 43 48 30 2 37 21 29 38 25 10 24 5 42 44 13 19 31 14 10 36 31 41 2 30 44 16 26 2 23 18 39 
16 8 16 28 28 7 46 3 48 37 1 33 2 41 23 47 28 28 13 49 9 35 14 26 28 42 3 0 4 23 20 43 11 44 36 26 47 41 26 37 24 29 30 13 28 3 20 41 42 2 33 24 21 8 6 41 11 34 10 20 41 12 9 14 9 17 20 7 15 10 5 38 34 23 46 33 44 46 15 4 39 15 35 12 44 45 11 41 44 46 18 
16 45 40 18 27 2 17 11 8 47 35 30 6 18 36 25 40 23 15 40 48 5 4 12 34 26 46 33 0 19 19 48 14 30 14 46 18 41 27 9 39 14 19 30 13 7 43 4 21 41 47 45 6 46 24 36 12 7 42 49 30 42 27 28 25 12 46 27 46 16 27 29 46 30 15 10 7 7 19 7 11 47 14 43 24 14 3 46 29 30 23 
10 46 34 44 17 38 29 13 12 9 48 8 5 27 3 8 30 33 15 30 33 24 41 3 11 38 32 7 48 0 44 46 10 31 1 17 1 16 15 28 46 19 6 14 16 16 39 9 6 34 19 9 11 30 26 31 36 9 25 14 31 23 47 20 46 44 14 33 16 33 23 21 16 7 29 23 27 17 14 30 8 20 21 12 18 36 31 38 45 42 21 
6 28 42 40 2 13 13 24 35 18 46 11 12 26 44 43 27 18 47 6 37 8 37 46 49 12 35 48 45 26 0 11 48 45 40 25 41 21 20 5 46 29 31 13 43 43 11 18 5 10 15 21 37 38 40 8 39 31 42 44 1 49 8 25 10 18 20 26 39 28 6 26 22 37 43 14 12 23 7 26 26 37 27 22 28 14 19 2 8 32 24 
45 10 48 20 41 22 13 4 28 5 2 40 40 9 9 17 20 33 30 17 19 36 5 45 6 7 9 34 7 48 20 0 22 17 13 25 11 45 45 2 14 14 9 1 45 14 37 31 31 11 9 12 35 40 20 47 7 34 23 5 19 19 18 34 42 14 7 24 34 4 7 19 35 43 18 1 4 32 41 18 27 48 21 38 13 43 2 23 18 5 28 
15 30 41 33 45 44 27 8 48 33 49 49 22 37 28 10 33 31 15 18 38 23 45 22 2 35 17 11 25 10 37 25 0 17 5 14 23 37 3 4 1 10 47 31 11 4 3 13 42 17 31 40 30 9 9 49 9 32 43 28 43 34 10 39 44 21 16 45 4 40 41 27 21 3 37 30 19 10 8 8 4 7 31 20 42 27 6 35 23 32 42 
10 42 47 41 6 11 42 34 13 41 32 20 19 43 7 41 19 1 9 28 10 22 3 13 13 9 3 5 40 11 31 13 21 0 47 32 14 31 26 33 14 40 22 1 9 29 35 14 36 24 4 41 14 42 33 10 11 28 6 12 43 10 48 32 14 14 26 31 9 6 47 15 19 13 27 21 14 14 6 6 18 24 1 38 5 40 19 12 12 6 5 
33 40 5 35 37 43 39 1 41 45 1 33 1 24 27 32 3 32 21 35 23 20 30 34 22 24 37 6 40 10 34 21 40 5 0 25 43 35 28 32 8 36 26 3 25 32 47 35 4 32 20 21 48 30 3 30 37 38 2 14 3 45 10 44 16 26 42 16 41 10 38 14 26 16 45 32 32 46 32 8 49 24 22 49 34 37 15 27 17 49 25 
44 7 45 47 17 19 11 42 20 42 2 40 33 4 49 15 3 36 14 33 20 1 43 6 15 40 12 33 9 36 34 49 38 22 34 0 15 46 15 47 36 1 41 10 35 37 28 26 4 43 42 25 30 13 26 47 41 1 32 47 9 40 4 15 22 41 45 49 24 49 47 6 21 27 9 7 24 31 28 27 12 4 21 14 11 24 43 17 25 46 36 
13 11 27 1 20 35 35 13 41 39 25 45 48 20 9 24 21 2 4 23 24 9 22 46 14 34 34 6 6 49 23 28 13 31 15 2 0 39 48 32 25 44 41 13 33 27 30 24 44 42 42 45 49 3 25 47 15 22 8 14 12 12 28 32 20 18 36 33 32 1 11 8 49 26 22 28 17 29 3 43 28 41 19 18 34 41 34 36 34 48 22 
17 13 6 28 18 39 5 32 30 22 42 1 30 22 27 2 8 40 14 11 9 38 45 35 46 49 7 30 27 2 32 10 37 8 20 7 1 0 18 9 15 2 21 21 32 35 27 33 2 46 32 25 39 9 8 12 9 35 3 46 10 47 48 3 29 8 29 46 16 19 34 16 38 24 13 41 8 34 2 15 1 9 44 30 1 34 48 12 49 48 22 
42 24 33 36 4 35 16 15 36 42 49 6 14 30 4 19 32 3 34 16 48 9 42 23 37 4 19 22 33 46 29 9 25 44 32 5 25 11 0 17 41 12 33 35 25 18 7 43 42 27 38 1 42 9 34 22 22 49 1 5 39 32 31 34 11 3 40 20 10 8 30 30 6 19 4 22 27 47 16 14 16 4 31 41 46 33 39 30 9 34 35 
35 25 4 1 36 45 1 43 1 8 34 21 18 40 1 10 18 24 13 25 27 10 47 39 47 25 43 47 39 21 43 26 2 41 23 1 28 26 23 0 46 29 41 14 12 45 21 33 33 42 9 6 22 35 18 48 4 28 48 2 30 6 26 26 35 10 47 8 21 40 32 18 14 31 14 18 3 5 18 5 26 42 36 2 38 25 4 33 13 17 3 
2 28 45 4 12 1 33 37 44 7 15 8 40 48 33 42 2 26 11 29 37 6 40 46 36 24 24 25 11 37 5 19 34 6 30 24 22 13 20 37 0 37 3 27 36 37 4 18 43 3 39 28 12 6 5 19 42 19 6 6 46 46 14 19 10 44 39 30 27 29 19 26 17 35 35 11 10 17 43 14 32 18 37 44 42 7 33 16 15 27 33 
26 21 41 10 13 10 21 44 41 8 6 48 42 42 38 9 46 10 12 14 16 16 8 18 1 3 31 43 12 32 16 34 12 45 1 4 3 17 43 46 16 0 4 48 44 27 19 15 2 20 49 15 41 21 38 35 17 40 10 22 23 35 29 15 21 18 13 36 26 8 44 6 44 23 36 26 15 14 43 10 37 36 47 9 42 11 9 34 2 48 8 
14 7 36 26 39 3 26 7 35 13 34 16 6 41 17 40 1 46 38 8 31 4 35 16 15 48 48 38 16 43 34 28 28 44 40 11 14 23 31 47 2 25 0 45 20 40 31 1 48 37 26 19 39 14 45 29 5 12 31 46 9 2 15 41 32 25 34 37 34 48 4 47 44 46 24 41 37 3 45 36 48 19 10 20 29 36 26 44 34 45 18 
14 19 11 12 33 40 33 18 19 42 23 34 36 49 39 39 4 47 38 28 45 49 40 37 3 43 32 25 3 10 30 27 27 1 41 16 4 46 25 32 44 23 45 0 6 6 18 39 23 44 11 2 6 21 35 26 46 1 12 23 8 12 16 37 31 39 31 25 40 43 39 31 18 3 22 11 29 18 13 33 31 45 3 6 36 43 40 7 30 23 47 
6 37 39 27 31 22 33 32 43 28 35 33 34 15 18 42 34 30 27 25 46 8 30 22 22 5 25 7 46 49 41 31 49 6 17 3 25 28 25 13 11 30 6 4 0 45 39 9 38 34 26 21 42 36 31 25 27 23 20 31 10 21 29 17 34 16 15 24 17 20 35 31 45 30 1 22 49 12 49 14 26 2 42 3 15 43 12 33 12 24 39 
44 25 9 24 34 17 4 25 30 1 5 47 11 17 46 39 28 16 16 36 43 47 23 31 22 33 15 32 22 46 2 19 9 45 29 20 21 24 17 6 28 35 29 8 43 0 24 13 45 2 46 21 49 42 3 17 32 37 36 25 49 23 21 4 48 17 36 16 42 5 7 1 15 38 47 37 9 3 12 42 24 6 39 41 23 21 1 42 8 21 8 
13 11 20 34 45 16 47 4 10 32 26 9 42 42 28 37 43 38 23 33 37 4 34 17 8 13 24 25 13 40 8 33 31 15 47 3 33 40 38 23 39 17 29 8 39 20 0 9 28 36 42 1 18 38 20 14 49 36 43 14 1 36 40 10 22 37 5 47 9 35 10 14 29 29 6 46 20 6 18 42 2 38 17 8 36 12 18 46 38 24 35 
2 27 28 49 3 42 20 33 33 5 9 28 45 46 46 22 48 2 16 11 11 24 37 2 11 10 7 6 47 21 40 6 20 12 36 5 15 14 25 25 3 28 4 7 1 21 23 0 30 23 17 5 2 1 22 8 34 32 44 29 25 29 40 8 49 12 26 18 14 28 48 16 45 37 46 5 16 17 24 27 24 16 41 12 32 46 28 10 33 40 36 
30 24 11 35 25 19 40 9 4 7 45 44 37 44 6 11 21 29 36 43 23 44 24 6 28 2 47 31 39 12 21 21 45 48 46 21 48 8 13 41 36 31 8 5 18 2 1 7 0 35 9 43 7 25 32 4 35 4 16 28 31 6 26 14 31 43 20 25 9 3 32 26 34 25 38 21 7 28 10 17 19 16 33 22 17 5 26 19 8 23 33 
1 39 5 25 33 21 38 25 27 47 6 2 46 39 30 32 21 4 6 19 37 11 36 23 29 45 9 39 41 6 17 20 37 27 48 16 5 10 24 36 28 29 2 7 32 46 8 34 7 0 39 17 11 9 28 14 8 45 13 45 28 24 17 47 39 29 40 1 3 40 30 42 46 49 9 22 24 1 10 5 26 46 47 13 15 9 13 27 37 10 47 
43 8 11 7 24 6 1 17 45 18 23 3 45 6 48 34 27 41 16 43 33 35 10 38 14 46 29 3 27 21 27 16 35 41 23 42 40 32 21 48 40 36 42 46 13 4 29 32 3 5 0 12 33 1 34 11 33 35 23 22 18 25 43 47 15 47 7 12 11 3 26 23 22 22 48 29 45 43 5 45 36 47 11 16 8 29 42 5 21 5 41 
37 49 2 45 18 42 1 41 48 37 17 39 28 33 1 20 27 5 37 29 37 27 36 20 22 19 12 31 5 23 45 46 37 12 21 7 32 43 34 38 4 20 24 3 10 14 25 35 1 15 21 0 19 17 35 31 33 48 29 48 30 22 44 41 2 13 2 27 27 38 46 22 37 44 3 34 36 33 26 19 35 47 46 12 4 13 5 46 5 22 2 
41 30 7 19 22 36 12 33 44 4 24 4 3 24 12 28 24 15 36 32 28 33 24 45 5 49 29 17 3 9 7 24 29 26 40 48 3 49 33 41 49 46 35 5 12 8 14 24 16 25 14 37 0 7 34 4 9 14 18 41 33 8 2 37 11 25 31 9 21 32 5 42 11 4 22 44 24 13 42 33 20 37 42 1 12 22 38 25 34 47 13 
40 5 33 30 38 23 28 11 47 31 46 35 24 5 41 25 38 13 15 26 2 7 46 5 32 4 42 6 21 2 14 39 33 38 19 22 8 33 40 44 13 6 46 9 13 5 42 17 4 20 20 41 29 0 28 46 12 27 25 28 16 37 22 38 17 29 15 9 18 21 44 12 4 27 21 41 39 6 12 15 28 26 4 25 24 36 31 3 13 16 47 
3 43 43 25 22 39 4 40 8 28 33 26 48 12 42 28 33 12 10 21 24 41 23 37 16 48 20 30 19 6 18 36 39 1 16 1 26 22 27 21 45 47 17 34 30 41 12 1 28 45 32 36 36 11 0 1 24 20 49 41 34 21 7 11 3 47 39 11 42 22 46 12 23 30 33 38 18 3 13 32 13 29 40 31 48 34 39 47 28 18 12 
7 16 5 41 25 1 28 27 49 28 3 43 33 12 38 21 5 22 7 44 38 22 8 18 37 11 26 24 7 18 22 39 3 10 12 10 41 49 14 39 30 22 37 9 9 5 48 25 22 29 48 27 32 34 19 0 34 29 4 14 47 21 30 9 15 49 49 33 16 1 16 32 13 6 16 21 14 6 2 33 43 22 15 6 48 46 22 40 4 39 46 
30 49 31 13 11 42 42 12 16 42 43 5 22 23 30 14 6 18 42 22 7 49 25 26 36 44 43 8 4 7 31 21 13 8 36 40 3 5 15 2 34 40 46 44 4 12 15 42 48 34 26 48 33 37 9 1 0 6 35 5 44 3 31 22 44 41 2 21 32 36 26 49 45 26 26 39 29 12 36 3 48 18 23 23 29 42 17 11 14 36 21 
5 41 42 6 32 32 8 3 1 42 35 34 20 39 36 10 38 37 48 44 22 2 33 30 40 14 43 43 47 10 6 2 2 36 7 24 39 8 35 21 6 18 18 46 20 32 5 34 44 14 25 8 48 5 10 14 16 0 8 45 42 19 49 11 19 8 12 18 16 14 4 33 27 14 10 28 22 41 49 9 38 48 9 19 15 31 6 14 14 3 4 
21 39 9 42 47 41 27 14 7 14 13 42 30 30 10 32 49 21 36 23 22 18 5 31 25 1 24 24 4 29 11 37 49 2 5 17 26 3 15 40 36 46 31 37 35 6 5 47 11 46 37 49 12 28 1 8 4 29 0 39 32 43 9 8 47 30 36 20 6 17 29 34 43 45 14 12 45 22 13 45 26 44 9 34 24 27 13 42 36 11 32 
19 20 23 1 21 49 23 31 23 11 12 17 5 37 47 5 12 6 1 7 13 27 9 22 1 2 46 41 22 35 26 36 30 25 37 30 34 43 47 32 4 38 19 26 39 41 25 49 24 49 4 30 24 23 14 18 1 4 36 0 9 3 41 49 20 28 10 4 14 21 25 44 24 41 2 42 7 18 2 47 45 36 10 27 21 24 20 44 23 6 20 
39 15 24 34 2 1 28 14 17 20 19 3 30 22 14 9 20 37 28 27 10 30 7 37 44 48 45 4 9 8 43 11 8 24 35 23 3 6 2 34 43 45 7 21 5 48 4 39 32 19 16 18 47 4 13 3 38 23 35 20 0 39 7 49 48 25 15 16 33 35 12 47 2 27 4 4 6 9 18 7 4 26 1 39 1 34 41 41 11 25 7 
12 22 4 39 20 40 45 47 34 33 3 11 17 17 18 23 21 44 3 20 14 27 23 7 26 46 12 5 25 45 38 38 29 25 16 47 16 40 40 1 11 12 41 15 6 23 47 47 44 18 29 16 5 19 21 42 28 19 41 24 48 0 24 6 28 1 23 28 1 27 38 6 36 18 31 46 46 49 4 22 29 34 27 29 18 6 28 4 36 31 41 
22 12 11 18 35 43 4 16 25 30 43 35 23 38 37 9 37 22 36 23 19 48 3 24 49 47 2 46 46 31 22 8 46 37 8 3 43 3 11 20 42 22 33 7 21 35 1 45 49 11 42 40 21 10 31 33 39 2 39 27 5 42 0 1 19 13 36 13 7 16 39 15 1 9 38 49 30 32 35 34 32 17 7 22 15 48 34 12 47 29 19 
35 21 35 22 36 3 15 25 45 43 34 3 24 14 22 15 34 17 24 4 46 4 5 41 1 33 40 20 24 5 1 12 25 39 14 6 42 22 14 46 36 2 35 44 9 1 48 16 42 28 6 47 16 46 7 39 43 38 16 5 5 42 12 0 41 16 29 36 41 17 49 33 14 24 36 15 42 8 3 15 4 13 30 13 37 13 23 22 27 6 40 
49 40 26 15 40 6 44 31 39 49 21 37 21 36 34 33 29 19 13 35 3 11 15 35 17 17 9 45 23 12 31 28 45 25 40 45 37 49 48 8 43 39 16 42 11 20 32 48 26 2 17 43 30 32 8 15 3 17 14 14 20 48 30 6 0 39 23 33 27 14 16 26 20 35 43 42 39 45 43 20 43 3 23 1 29 5 20 4 16 30 27 
9 48 23 12 40 12 36 35 25 4 32 23 29 38 46 24 33 31 40 26 47 29 19 9 3 22 1 27 28 11 23 32 11 12 29 38 33 19 43 41 38 49 44 7 42 3 39 47 37 43 24 28 10 46 40 3 45 48 16 44 20 28 23 1 13 0 19 39 4 29 4 39 17 14 27 35 30 45 4 42 10 30 37 49 45 37 1 26 43 15 3 
14 10 16 14 44 18 17 31 34 33 3 47 27 9 10 44 29 7 14 44 13 10 34 15 5 49 18 19 43 31 27 41 35 12 36 19 34 5 39 8 39 23 23 33 33 22 29 11 34 26 7 19 1 33 39 37 49 27 34 8 11 41 12 13 48 39 0 36 40 5 15 6 26 5 28 1 6 41 16 13 23 28 27 21 38 11 9 40 2 16 1 
23 41 27 43 49 40 34 13 14 36 13 30 15 15 45 42 42 6 16 19 16 12 21 35 18 7 35 30 45 41 24 11 46 42 20 10 20 44 27 14 45 48 22 8 15 21 26 41 24 26 16 4 9 14 44 40 34 19 40 32 11 20 43 25 1 43 31 0 39 35 1 41 27 14 14 14 36 33 2 27 6 31 25 19 13 48 14 48 35 42 38 
14 36 4 18 27 30 10 27 18 5 29 7 4 18 8 27 29 38 37 40 38 48 48 1 38 30 47 27 12 1 10 24 40 35 19 22 8 7 3 45 19 5 11 21 28 9 49 49 6 47 48 1 43 45 14 13 2 42 5 45 7 49 12 33 25 20 42 48 0 1 29 38 27 3 18 30 27 46 37 13 16 39 44 27 39 39 40 4 12 1 30 
10 30 30 3 28 44 20 1 35 9 45 12 35 13 2 25 21 14 32 27 6 29 33 29 41 5 48 41 25 35 38 46 11 40 15 27 33 20 49 40 41 11 11 45 33 3 35 2 36 32 2 4 21 17 49 44 10 39 38 10 6 5 39 8 24 25 19 27 21 0 5 46 20 38 10 35 21 39 15 4 8 44 34 5 30 35 14 44 3 38 24 
19 23 32 30 1 14 44 34 13 45 29 5 20 4 8 32 17 17 4 10 37 31 35 14 9 42 23 37 37 35 26 18 48 7 3 30 41 43 38 17 21 14 45 31 45 14 30 31 42 1 9 27 11 47 22 28 49 21 26 12 13 3 3 35 12 5 42 9 16 38 0 13 27 19 35 37 3 22 47 44 20 35 11 42 19 26 30 13 15 5 26 
16 12 4 5 46 10 2 31 3 22 23 30 15 18 38 12 38 40 22 8 32 16 25 13 43 12 40 41 41 44 49 47 39 32 18 45 6 3 1 6 8 39 17 4 43 45 31 12 3 15 14 1 29 34 37 44 45 29 42 6 9 22 26 43 20 8 14 4 7 15 26 0 33 26 31 33 3 14 48 22 12 36 18 7 44 22 19 16 36 15 38 
20 43 33 44 2 34 5 10 21 34 37 26 26 26 24 35 20 16 14 5 8 7 31 48 31 20 10 24 35 44 20 20 26 1 35 6 43 11 4 20 26 38 20 4 39 41 10 8 40 48 6 46 1 41 40 26 25 38 28 35 34 49 27 47 12 4 35 4 49 13 45 7 0 42 48 26 27 2 41 29 37 33 23 22 48 28 43 32 22 36 1 
20 18 26 18 3 20 9 9 16 32 34 42 21 19 16 3 41 34 7 41 46 26 20 30 15 5 38 37 17 37 12 28 12 10 4 9 42 26 17 11 22 23 42 34 34 47 4 33 18 43 20 22 2 8 35 13 37 37 49 5 25 34 18 30 26 41 20 42 7 43 17 16 28 0 43 24 28 24 32 31 2 15 14 12 19 33 5 27 44 40 27 
26 48 26 21 43 15 42 16 31 2 10 41 18 35 42 9 32 37 42 16 33 18 46 32 29 45 13 49 41 47 49 9 29 28 28 5 27 35 13 18 42 24 21 12 45 28 10 21 11 4 47 37 7 14 8 41 39 45 35 40 35 25 14 28 42 38 6 39 26 30 5 32 37 2 0 12 19 24 38 10 37 27 19 9 42 2 47 2 28 46 9 
8 36 20 23 6 44 34 49 40 48 19 13 26 18 5 39 40 9 7 32 9 43 6 31 28 20 43 24 4 47 46 36 8 49 10 7 28 37 27 11 43 17 3 8 18 20 35 38 19 4 36 15 10 37 15 15 16 31 44 28 47 48 16 14 43 23 13 11 7 13 12 41 47 38 22 0 5 19 23 12 9 10 26 32 7 13 23 4 11 38 16 
47 48 3 45 17 15 46 6 8 42 47 28 1 47 37 22 39 48 18 4 8 39 24 42 28 14 25 35 39 20 41 37 14 43 27 34 47 45 32 3 27 13 2 49 10 12 37 4 26 2 5 48 30 8 7 29 2 2 17 36 47 41 35 30 2 49 6 14 35 5 35 2 12 45 21 12 0 11 7 25 49 9 40 48 49 5 48 38 10 44 41 
2 14 12 46 24 31 25 22 38 15 12 17 13 46 10 29 6 2 17 36 6 28 10 7 31 14 32 18 3 3 26 15 19 48 45 17 3 32 47 3 38 17 11 17 47 38 13 38 18 43 12 28 31 18 42 18 33 24 36 20 34 16 30 7 48 11 33 35 37 32 37 27 48 15 32 47 11 0 9 42 6 13 46 47 21 10 28 18 31 39 1 
29 34 21 7 13 47 6 10 33 26 16 15 1 48 41 17 14 1 8 5 7 37 7 13 33 12 42 11 48 3 31 20 34 41 8 37 42 48 2 41 48 22 39 18 11 32 35 30 7 13 27 38 30 28 24 13 9 32 40 2 14 11 19 33 43 24 4 25 11 39 47 13 24 22 43 43 36 3 0 10 5 14 38 21 37 15 39 42 32 4 18 
22 23 48 41 27 9 5 18 48 29 11 43 9 43 4 2 7 24 41 22 5 13 42 3 44 25 24 37 5 9 32 30 23 30 35 16 21 10 2 5 14 44 17 24 39 4 9 8 13 39 17 46 3 6 12 25 9 29 40 40 10 14 23 10 26 6 41 14 30 33 4 2 43 25 8 36 5 15 30 0 8 14 25 23 11 18 46 7 25 34 22 
11 10 39 42 1 27 24 1 33 35 4 49 4 20 30 38 37 1 21 1 9 49 46 31 9 28 9 33 40 37 9 23 38 1 11 38 1 34 30 42 19 10 4 24 12 6 45 14 29 49 29 43 34 49 9 23 2 1 19 37 1 19 19 21 19 29 37 44 31 22 6 28 26 42 25 18 17 18 1 23 0 6 49 29 29 41 45 24 21 17 40 
47 9 25 28 31 45 17 29 17 24 8 31 35 30 41 12 13 34 7 39 45 5 36 13 8 34 24 6 24 19 35 20 4 1 24 23 10 9 10 13 27 29 5 37 37 30 30 37 16 7 40 48 24 30 34 45 23 28 17 21 7 25 44 41 44 32 47 48 46 39 3 25 29 45 42 49 12 43 44 46 38 0 36 11 28 49 26 30 11 22 5 
15 37 3 11 12 21 10 3 12 42 17 43 34 3 46 24 18 25 48 6 18 1 32 11 24 17 24 11 26 11 42 27 12 1 12 25 9 42 43 37 13 8 26 23 36 9 12 19 44 34 35 41 28 6 21 10 12 39 42 36 17 19 16 16 12 24 38 31 37 8 21 25 41 39 4 41 39 13 28 5 4 18 0 33 24 5 33 7 24 22 23 
29 30 26 7 45 49 34 3 42 37 24 30 17 48 27 29 24 14 17 36 46 31 10 43 42 17 25 19 8 33 35 6 42 32 5 48 9 43 32 9 4 26 25 24 38 42 35 4 15 37 11 33 3 20 12 3 14 38 28 42 34 1 31 16 1 27 36 4 15 37 3 29 10 45 11 40 26 26 9 5 45 37 11 0 28 48 25 1 26 48 15 
4 17 49 40 44 4 32 15 36 1 36 40 44 36 19 49 20 11 18 22 44 44 41 13 31 40 9 8 6 14 10 8 44 49 49 20 31 3 47 23 45 42 32 19 34 36 6 42 1 30 26 8 19 45 3 21 46 31 22 14 38 36 17 34 43 47 2 42 22 18 27 28 27 22 29 2 24 38 23 13 2 38 7 30 0 35 47 47 21 7 28 
18 24 8 27 1 13 20 20 7 48 32 43 33 22 29 4 41 14 48 17 4 28 8 27 12 1 18 14 44 39 17 34 48 34 30 25 40 30 3 23 7 46 28 37 32 25 6 21 27 38 45 10 22 10 19 5 42 1 26 3 29 26 2 16 22 7 34 29 1 30 16 25 43 28 9 1 4 38 41 40 15 3 19 35 19 0 38 18 36 36 27 
18 6 30 42 43 27 11 5 22 33 31 18 42 18 34 29 20 20 22 5 16 19 6 40 19 6 49 38 12 42 20 12 46 44 6 24 18 29 39 16 42 41 35 22 19 15 2 29 2 11 47 34 35 31 45 36 34 44 42 26 26 12 25 22 11 11 46 34 33 16 16 36 40 17 4 25 25 17 38 10 5 8 46 35 27 12 0 17 39 45 40 
23 21 32 35 42 34 27 14 23 6 12 48 26 11 34 4 17 35 16 47 16 16 1 47 26 43 19 29 45 47 13 12 30 49 43 46 46 6 10 39 46 5 15 33 46 29 11 39 10 23 48 30 5 29 11 3 21 16 36 18 36 40 26 45 39 3 1 37 41 47 49 18 3 37 28 36 22 4 9 41 24 22 7 3 27 31 32 0 6 41 13 
42 32 32 7 24 36 45 42 26 23 33 28 19 34 36 34 21 48 44 1 1 27 5 20 24 22 37 18 30 10 15 16 44 32 36 29 1 27 21 11 34 30 5 18 15 45 17 32 33 31 43 37 27 24 31 32 39 22 39 20 15 40 46 8 14 23 7 1 40 23 5 43 17 49 46 30 5 45 3 22 21 32 3 21 36 32 6 9 0 40 9 
1 35 6 8 18 42 49 10 46 21 44 18 11 23 43 11 10 14 1 42 4 13 26 4 47 12 21 42 42 30 49 48 6 37 18 36 13 20 45 12 6 41 17 25 32 14 16 25 8 1 22 3 43 31 49 26 30 28 43 30 9 31 22 42 5 4 14 36 14 22 7 29 40 47 40 24 19 37 16 36 33 36 19 7 2 17 35 30 44 0 40 
35 41 42 11 39 3 42 7 22 48 34 8 18 27 15 36 6 47 9 37 42 36 18 14 26 30 15 28 5 22 45 29 41 47 12 43 30 32 21 19 40 27 14 48 7 12 38 18 48 3 41 49 25 7 19 33 28 23 24 15 28 35 34 2 47 25 17 5 39 45 8 16 4 17 18 17 30 33 7 10 15 27 22 15 45 13 31 20 3 39 0 
