n: 90
m: 6
Pi:U[1-99] 64 4 63 71 29 48 96 60 40 69 3 28 52 6 2 82 38 21 9 11 78 69 71 82 43 76 76 50 30 89 18 56 61 77 30 37 3 11 75 78 54 77 13 79 8 30 62 70 91 66 82 10 98 2 37 10 78 24 38 86 65 43 94 94 18 31 22 54 70 49 70 75 18 17 45 1 58 55 13 2 77 16 22 45 51 11 24 66 30 7 
Si:U[1-49]
0 22 35 47 42 9 22 35 5 36 43 13 21 42 48 10 45 3 10 39 35 18 37 47 48 25 3 25 18 5 33 22 37 33 18 15 24 32 30 21 6 3 2 12 8 20 37 9 13 3 16 16 15 48 16 26 22 18 22 47 4 44 37 11 3 8 45 49 22 3 28 35 28 48 31 2 18 37 28 37 33 30 14 2 45 21 4 23 18 42 4 
45 0 32 44 40 48 2 24 32 45 27 6 47 20 37 17 22 23 28 38 29 20 4 37 24 30 34 45 25 42 41 26 5 34 3 47 21 37 20 9 13 36 1 25 9 43 17 28 41 26 18 18 18 10 24 1 16 4 23 37 24 49 21 19 41 19 4 9 41 3 32 22 7 8 42 21 35 12 39 5 3 7 47 30 12 47 14 14 46 25 26 
4 34 0 16 44 31 24 34 47 44 3 30 17 11 14 4 38 16 4 7 12 16 36 14 31 42 13 35 19 12 47 34 11 19 34 48 4 3 1 13 28 30 13 7 19 25 6 31 27 35 36 36 24 3 38 39 35 29 11 32 16 42 26 38 41 35 1 45 12 40 25 20 4 45 33 10 33 7 32 35 26 25 31 28 1 20 29 39 12 38 35 
35 24 37 0 14 32 19 27 2 11 22 2 2 40 42 2 10 26 9 49 33 4 20 14 22 38 37 17 22 18 42 28 46 25 8 44 12 14 24 11 34 49 26 29 24 41 12 47 20 31 36 28 16 31 6 39 23 1 19 37 14 6 41 13 44 25 8 22 1 49 30 44 23 5 26 42 28 34 16 29 46 21 13 27 14 19 10 21 24 46 33 
30 29 44 46 0 11 2 48 11 2 27 37 47 47 37 13 14 39 36 21 47 23 19 11 10 14 3 23 7 30 42 26 17 8 12 19 16 36 39 6 25 34 32 32 9 19 46 24 39 44 27 1 1 40 2 45 1 44 38 10 47 42 34 28 36 32 32 20 37 42 33 42 2 37 4 2 10 6 32 33 38 43 7 30 47 21 3 42 45 2 13 
22 30 49 36 22 0 13 38 15 19 11 48 15 33 7 17 4 29 10 32 44 42 46 28 16 31 23 21 45 35 23 27 35 28 25 32 17 14 12 36 49 7 17 30 7 6 39 19 9 43 24 40 37 5 42 35 19 30 11 4 46 4 44 3 47 12 30 1 40 32 18 38 11 6 2 20 31 36 40 20 44 38 1 2 26 13 30 3 24 8 23 
39 49 21 37 14 29 0 4 6 20 2 30 49 20 3 35 23 21 10 46 20 33 28 34 7 24 18 42 27 45 4 23 4 19 20 19 31 49 7 49 6 18 22 3 25 49 18 34 4 32 31 37 1 7 29 39 29 17 27 27 23 40 26 42 11 6 15 13 46 20 6 45 43 22 42 39 13 29 25 24 22 34 43 11 37 14 7 14 25 22 21 
12 1 18 26 37 40 10 0 39 48 24 46 18 38 31 12 34 10 16 26 1 5 34 40 1 17 29 43 39 25 16 37 39 31 1 8 26 46 9 28 41 24 43 40 33 37 36 9 9 5 23 4 34 37 36 25 16 2 41 43 31 8 41 14 49 4 18 23 9 3 16 30 46 47 9 30 10 45 10 23 23 26 12 37 46 2 25 14 27 44 17 
11 15 30 24 39 36 45 40 0 45 3 1 3 21 46 31 7 23 44 31 17 36 18 36 24 33 16 14 24 14 40 20 23 17 29 38 10 41 47 37 29 24 14 17 45 19 40 36 14 4 35 21 11 38 20 49 43 22 1 44 48 47 15 29 26 33 4 49 40 28 36 38 33 10 46 40 17 23 30 22 15 37 24 2 35 7 27 32 39 1 34 
35 8 31 47 29 37 49 20 47 0 33 31 29 22 3 37 33 49 12 36 30 48 19 17 13 33 26 16 8 18 22 43 10 36 11 49 38 16 15 32 48 26 24 16 6 27 24 3 10 20 31 23 11 21 1 17 23 3 6 42 48 44 31 24 43 17 46 14 39 46 20 26 8 22 12 48 13 37 22 31 43 11 47 32 41 47 44 13 39 39 49 
29 5 35 18 1 49 36 3 10 25 0 46 22 17 41 16 19 6 47 11 38 21 22 34 43 22 39 24 3 11 7 31 7 21 5 2 21 19 16 42 44 31 21 29 5 45 38 16 29 28 35 1 18 5 9 10 24 9 9 1 27 9 30 47 35 48 29 34 12 4 25 33 40 15 45 20 21 9 45 23 15 22 1 14 7 6 20 25 6 42 44 
41 8 8 7 10 7 15 12 22 30 26 0 12 33 16 25 14 19 28 45 40 31 3 48 3 25 25 4 42 9 18 3 25 8 42 18 15 26 15 27 2 44 39 41 19 9 21 30 18 22 38 32 7 45 11 38 42 21 23 45 31 42 6 12 7 33 22 12 43 38 17 35 18 11 49 36 17 19 16 35 10 5 7 22 40 18 21 21 14 1 43 
1 25 36 4 32 31 28 2 36 40 15 16 0 18 26 27 14 23 47 44 21 10 24 45 37 2 17 1 5 10 9 13 19 22 37 39 34 10 36 43 44 4 4 16 49 6 37 26 29 1 46 40 41 17 49 27 43 32 21 43 29 20 23 12 19 13 12 18 9 31 35 25 1 45 33 31 4 8 31 38 6 6 40 31 10 49 10 12 20 31 5 
43 47 35 40 26 3 36 27 6 9 23 25 49 0 5 49 15 43 27 43 8 40 42 26 25 15 42 5 14 35 26 21 6 31 6 24 42 9 5 38 3 14 26 3 47 6 20 6 12 22 19 18 42 13 36 12 21 27 25 48 46 19 16 5 15 36 17 46 5 48 10 34 10 11 12 35 18 48 1 49 43 35 17 10 33 41 1 38 29 46 31 
41 44 19 22 48 28 23 4 14 18 40 3 24 33 0 1 24 9 30 13 14 40 34 49 26 40 41 31 26 21 2 28 49 14 33 3 14 23 43 17 36 27 5 46 1 19 47 40 2 3 41 20 37 34 42 18 22 10 30 13 41 22 40 16 7 35 1 30 9 14 23 3 17 34 18 48 5 36 48 1 11 18 4 49 10 6 27 7 1 13 43 
41 17 31 47 36 10 4 29 5 19 6 12 17 17 48 0 42 4 41 14 36 14 34 32 11 45 1 20 1 47 10 49 3 17 3 43 46 26 23 23 35 35 17 32 19 31 35 9 22 34 44 19 27 29 18 47 40 3 10 19 7 48 8 7 47 32 23 38 13 19 23 6 16 39 17 16 26 27 26 8 40 9 48 43 15 8 48 38 4 16 21 
32 5 8 35 37 31 27 7 22 24 17 27 25 32 12 5 0 42 22 25 7 30 10 16 39 4 41 16 38 49 11 7 41 26 7 4 27 49 29 15 2 7 31 17 28 17 43 18 44 36 48 13 43 40 19 11 36 40 46 28 23 4 41 39 11 43 13 47 31 36 11 11 8 8 8 45 3 27 20 15 33 5 31 11 36 44 24 22 28 37 6 
4 4 45 13 5 22 17 20 40 2 5 18 14 31 42 8 47 0 19 3 28 4 18 18 46 41 40 18 7 35 48 11 47 40 28 29 40 12 28 6 31 25 19 7 15 24 4 27 16 35 27 29 31 4 21 2 47 30 39 41 7 38 7 44 49 26 8 22 7 34 24 31 48 2 41 21 22 17 20 33 13 23 16 31 1 35 25 37 11 16 38 
6 49 20 18 26 16 33 20 6 45 47 15 33 1 41 39 16 2 0 42 32 19 19 21 15 37 46 30 32 48 17 35 49 1 22 48 48 21 40 6 42 46 6 12 11 20 38 14 12 18 7 4 22 30 19 46 45 3 45 41 45 21 40 16 12 24 46 34 12 42 20 2 13 23 12 26 38 2 8 41 37 34 18 21 9 18 20 9 41 29 24 
35 10 2 21 9 12 29 49 3 19 8 32 21 30 16 14 35 2 12 0 45 12 29 35 26 41 14 37 16 1 13 18 44 18 9 2 41 32 1 28 32 18 47 40 6 34 16 35 27 14 5 29 42 25 20 17 20 44 31 34 9 30 23 31 46 2 2 10 30 39 13 49 36 47 8 28 8 43 41 3 23 20 22 43 9 23 10 30 46 21 8 
42 25 21 49 26 8 20 25 8 43 37 33 33 6 14 23 1 28 5 45 0 23 4 48 47 4 42 30 23 38 47 32 47 3 27 45 11 47 38 40 2 4 9 32 12 9 44 19 2 42 3 18 26 14 20 15 19 22 27 35 47 10 42 26 28 33 43 42 6 17 32 25 12 40 30 30 44 27 37 13 20 3 39 20 26 7 23 19 2 17 25 
20 5 20 49 33 1 38 37 26 48 33 24 32 27 13 18 2 33 28 2 38 0 24 17 42 5 25 15 47 24 37 46 9 20 16 39 2 2 11 35 31 32 28 14 47 35 1 11 27 10 39 14 26 8 38 1 24 34 49 39 16 10 11 44 35 12 41 24 6 4 42 38 5 47 45 12 8 19 13 26 45 5 35 41 48 2 47 28 34 48 31 
27 27 13 48 10 43 24 26 40 21 29 23 19 29 15 2 14 3 45 31 22 8 0 22 49 46 29 9 37 15 38 26 2 13 12 37 44 16 9 6 39 49 47 46 4 33 39 17 31 46 10 8 38 24 17 41 4 24 42 35 24 23 17 26 9 1 27 13 17 20 29 45 1 36 9 19 46 49 40 11 31 16 28 16 44 22 1 15 20 43 8 
35 39 35 13 31 23 35 37 26 16 18 24 10 36 19 36 15 11 2 25 30 5 47 0 27 30 48 29 45 45 2 26 42 37 37 43 5 4 23 6 9 17 11 26 34 24 22 30 22 5 41 49 35 24 16 5 34 17 46 25 39 15 49 41 39 27 16 42 2 26 8 5 44 7 30 8 43 41 1 7 17 3 14 5 20 5 40 25 21 44 29 
25 26 2 7 25 22 26 33 46 49 24 16 48 45 28 25 43 16 23 21 41 43 32 11 0 35 1 21 27 43 48 49 32 31 13 2 6 12 1 28 24 32 45 12 6 44 16 37 45 14 44 24 41 20 14 17 2 17 47 34 37 33 28 30 28 43 14 23 22 21 16 8 24 19 19 44 46 23 2 45 29 24 25 39 12 34 42 49 12 40 15 
26 1 8 29 1 10 32 37 45 20 6 45 7 47 46 14 23 32 28 21 2 28 23 33 29 0 48 8 29 33 15 15 24 6 19 40 41 31 22 48 21 19 8 33 26 46 6 11 30 32 1 17 27 14 19 30 13 32 31 8 32 24 45 31 17 43 20 33 24 27 34 35 21 28 35 20 20 39 42 2 11 8 27 5 39 4 1 28 4 8 47 
8 13 10 49 37 6 25 39 30 8 28 25 48 29 33 44 20 4 42 14 15 9 21 15 31 4 0 5 4 26 30 37 29 42 22 27 16 24 22 3 1 39 16 11 15 43 12 40 42 45 37 46 43 22 36 22 39 49 25 11 19 36 41 31 42 7 37 47 14 21 26 48 7 10 21 23 26 29 10 2 31 21 37 43 40 36 28 1 29 42 38 
41 38 33 46 17 31 30 36 2 7 2 10 24 34 44 12 37 35 5 30 15 46 23 3 45 48 11 0 47 48 3 13 27 11 41 18 47 12 3 46 34 3 13 35 14 1 22 38 27 18 33 17 9 49 8 32 21 21 44 7 29 41 49 40 21 45 48 28 44 28 35 1 24 38 35 26 49 2 5 10 8 38 33 32 47 6 16 37 26 27 23 
28 21 12 16 14 28 29 34 34 3 29 10 43 21 34 15 39 29 26 2 34 49 1 5 32 17 5 16 0 38 14 5 17 38 36 46 9 24 40 30 5 20 7 45 16 9 40 26 16 38 46 14 31 49 4 23 25 31 12 42 25 37 43 29 43 31 16 9 10 23 13 47 24 40 38 34 4 6 41 8 47 24 24 42 37 39 47 25 14 10 16 
21 30 15 3 2 36 27 18 20 21 2 38 42 35 8 30 49 28 42 29 13 32 6 17 42 28 20 2 33 0 38 28 28 49 4 9 1 17 32 7 39 4 33 5 42 3 15 37 43 31 37 34 33 40 3 49 23 14 37 9 16 9 48 1 28 46 44 29 48 44 16 49 17 5 15 6 24 21 7 26 30 40 32 20 26 37 31 45 28 45 20 
17 15 7 2 8 1 24 7 12 17 23 6 38 22 6 10 15 34 46 27 30 31 37 12 47 3 4 11 6 35 0 7 13 19 25 35 32 2 6 24 26 37 11 5 26 18 22 9 45 26 20 28 26 41 48 16 15 8 23 44 32 23 17 21 17 32 9 16 11 25 8 36 41 22 34 49 7 6 12 30 14 12 48 40 31 22 33 37 8 1 7 
4 3 22 48 3 6 47 37 1 19 35 48 33 6 31 35 7 10 42 26 28 20 14 9 35 49 20 2 47 8 41 0 8 18 37 18 31 20 27 15 13 44 49 8 11 35 11 42 22 43 35 32 19 39 1 38 3 40 22 45 37 2 6 16 47 3 39 47 22 32 27 20 18 46 5 40 1 3 44 8 9 31 3 46 24 28 31 30 32 25 11 
19 21 48 36 41 3 9 44 14 41 31 6 26 38 30 47 10 26 30 17 42 10 18 35 38 35 19 27 17 28 48 22 0 3 19 17 1 42 35 42 35 25 22 33 21 7 30 42 43 18 45 13 38 1 30 7 46 20 31 29 33 21 38 16 25 47 17 20 38 5 17 8 32 43 45 10 4 30 34 6 10 15 41 43 47 16 22 48 18 20 21 
10 19 46 44 22 6 44 42 37 12 8 35 6 42 23 2 19 12 2 46 42 23 32 38 1 12 14 12 9 15 7 19 44 0 19 19 30 12 35 21 14 31 2 24 9 28 43 28 37 41 30 30 8 45 39 28 14 41 47 22 6 11 14 18 19 1 21 26 23 41 6 30 13 21 16 47 17 12 8 46 38 8 16 21 20 37 11 27 40 9 11 
33 32 23 48 12 33 28 27 15 5 27 41 37 34 20 14 3 32 6 15 26 10 27 21 33 42 15 27 46 18 41 45 19 3 0 31 1 3 11 6 37 22 27 7 7 28 21 9 49 36 11 31 9 34 1 20 37 25 8 17 10 11 24 36 21 46 15 49 45 18 28 45 32 17 39 38 6 25 28 34 16 37 38 43 33 12 7 41 24 16 15 
15 4 5 46 35 12 14 33 3 47 44 5 39 16 20 9 15 37 45 16 21 2 47 47 48 34 22 14 46 21 28 12 20 18 1 0 12 4 12 48 47 5 47 30 27 20 11 10 10 21 44 26 10 39 22 29 9 12 9 27 25 43 38 49 30 27 10 4 2 27 24 8 15 38 26 47 43 31 4 4 42 45 47 44 3 6 34 4 29 17 33 
14 40 34 44 19 14 39 22 34 12 49 30 26 10 32 32 35 32 17 33 22 13 33 41 11 2 33 10 31 29 48 47 25 4 7 36 0 17 9 38 34 1 6 37 30 23 17 22 9 13 33 13 27 38 3 46 36 44 32 23 18 39 2 25 18 18 21 3 38 9 21 39 1 35 40 37 30 38 31 4 19 17 42 2 39 3 4 13 29 42 20 
17 39 37 25 10 16 43 45 47 13 40 5 21 35 11 1 28 10 32 24 28 27 23 33 19 23 41 25 15 11 37 47 39 23 16 9 47 0 42 46 6 18 45 19 4 40 9 21 30 8 22 12 37 13 44 27 48 23 18 26 25 5 14 22 37 11 13 22 9 15 27 5 10 35 46 12 30 11 22 23 25 39 8 4 28 17 6 48 26 14 1 
39 6 11 9 19 40 33 4 31 27 38 40 32 15 27 18 37 42 21 4 19 31 16 23 19 33 9 14 20 7 13 43 48 11 25 19 22 39 0 26 24 47 49 39 26 16 28 49 45 12 42 23 49 33 41 4 30 37 27 15 29 37 46 44 33 36 26 17 1 45 21 42 14 49 49 23 29 14 14 1 13 18 19 34 3 3 37 2 11 19 49 
28 21 44 36 12 46 48 10 13 44 21 8 17 33 30 22 17 10 30 28 29 48 34 48 39 38 19 8 14 9 30 11 29 2 18 29 22 43 38 0 25 18 37 1 15 26 4 3 17 47 43 38 45 27 13 29 16 32 13 31 29 18 17 37 9 34 19 32 26 32 2 7 19 11 37 27 1 49 4 1 10 1 9 13 22 19 42 8 40 24 31 
10 42 46 20 7 31 33 7 32 44 30 47 38 48 41 35 24 6 24 7 33 31 15 36 39 33 20 18 24 39 14 27 46 30 9 17 2 18 2 26 0 4 18 20 24 32 48 16 22 36 29 29 44 43 48 41 20 28 25 39 35 30 16 31 39 22 17 38 31 9 16 40 24 37 44 46 34 14 47 35 1 29 2 35 26 19 35 49 10 34 22 
36 37 28 20 24 45 14 26 46 38 4 10 3 8 47 49 23 1 36 15 45 45 19 29 7 7 37 19 29 6 15 27 11 4 28 34 40 27 24 40 40 0 25 30 42 21 6 19 20 39 17 36 10 45 7 22 47 45 42 44 37 47 40 48 5 27 6 17 10 46 48 12 37 11 31 36 32 33 3 24 28 34 6 19 29 11 26 37 8 11 36 
14 41 11 17 24 5 39 37 19 49 35 5 13 28 7 36 6 16 6 37 16 31 21 20 24 28 9 3 47 5 20 26 27 8 14 48 17 31 19 29 41 23 0 28 16 44 48 5 10 28 40 7 5 19 41 4 32 31 26 32 19 6 44 38 46 28 1 4 43 33 8 33 34 7 47 24 49 18 33 41 12 28 11 22 29 37 2 36 12 11 49 
18 47 2 15 19 1 20 6 9 20 17 4 22 39 39 46 2 46 11 26 23 40 5 21 34 45 9 19 43 20 49 5 7 11 12 24 44 8 44 28 18 37 18 0 10 32 18 32 33 28 23 9 35 38 5 17 47 29 10 31 41 11 30 27 11 18 35 32 25 48 1 9 13 4 33 41 25 24 43 9 5 14 17 46 46 21 15 4 47 5 23 
24 22 43 9 10 34 31 9 2 18 36 17 17 9 5 24 15 19 45 18 35 34 23 36 6 22 5 33 31 24 36 37 8 15 36 15 41 45 5 2 31 12 21 40 0 11 20 4 5 27 23 19 22 12 35 43 33 21 17 37 5 19 16 3 35 35 27 15 17 7 47 14 13 27 39 22 44 14 30 6 34 31 22 24 17 4 16 25 39 22 30 
4 7 41 34 37 3 10 30 26 30 49 13 49 1 16 38 44 24 41 45 39 7 20 28 8 43 9 27 41 26 37 40 40 26 2 41 22 35 24 2 17 42 40 23 36 0 40 20 29 1 43 32 45 29 31 27 4 25 6 28 15 48 49 31 32 30 31 1 40 46 20 21 34 28 10 26 23 35 20 18 3 45 4 10 10 17 29 34 47 40 5 
48 22 31 43 4 9 41 5 10 5 32 30 49 40 18 21 2 41 20 19 1 46 8 49 29 44 2 49 34 1 34 49 47 18 38 42 6 18 49 33 36 22 10 11 36 37 0 46 34 3 17 34 41 3 13 8 32 46 2 6 16 33 16 1 8 9 15 37 44 15 43 11 17 32 43 3 31 33 38 19 3 45 44 16 25 13 48 37 24 43 49 
22 14 45 22 35 14 28 32 48 48 14 29 14 44 43 14 16 17 12 24 31 28 10 17 1 34 15 24 36 44 44 14 3 30 3 34 29 10 28 13 45 18 49 46 46 13 5 0 4 12 30 10 43 34 25 35 12 13 34 33 19 14 35 12 33 31 44 41 33 34 49 2 45 29 32 40 39 18 25 14 34 38 46 32 13 23 32 38 30 44 36 
48 4 49 49 4 2 41 43 16 10 4 9 39 5 27 18 13 36 14 13 8 11 12 10 1 8 33 2 27 11 45 47 37 33 10 37 11 15 12 7 47 37 17 22 46 11 1 9 0 48 14 22 17 31 19 18 34 33 5 25 46 29 30 25 1 9 32 40 29 21 24 42 36 31 27 7 30 47 2 43 10 1 19 38 1 35 36 17 6 18 31 
15 34 16 23 34 23 26 17 33 46 17 25 18 46 1 35 6 1 5 41 23 14 39 26 10 7 35 43 7 37 4 6 35 38 4 16 31 35 45 4 34 49 31 27 25 15 43 23 1 0 47 11 11 32 6 37 17 27 20 5 22 9 41 16 1 33 10 31 44 24 39 33 37 48 40 29 49 22 31 41 5 5 25 8 26 38 33 11 44 23 29 
27 14 28 35 5 20 17 11 26 17 49 13 36 48 21 29 26 42 17 15 11 14 3 25 10 27 44 29 10 23 17 12 38 42 8 27 47 5 19 40 15 8 28 17 44 41 38 31 11 9 0 7 13 27 32 46 48 9 13 47 11 3 2 7 9 26 16 23 36 48 6 39 6 7 28 25 41 38 7 47 3 32 35 15 40 49 1 48 15 18 35 
3 25 11 49 29 24 28 9 8 38 28 9 24 39 35 21 38 45 27 42 5 40 1 18 23 17 35 22 18 43 29 31 45 44 43 28 45 38 31 15 38 33 29 14 41 26 36 15 46 2 21 0 5 26 35 14 4 20 6 49 14 4 11 22 4 16 29 1 37 32 1 45 42 20 47 48 18 28 35 36 13 46 25 4 48 28 15 39 28 14 15 
12 47 33 2 20 7 43 40 12 8 21 38 38 49 26 26 14 38 8 35 11 24 17 43 2 39 34 26 9 34 12 2 22 12 43 24 17 48 4 49 32 9 9 9 49 33 6 30 7 38 44 11 0 25 28 28 39 30 23 45 18 42 9 29 30 9 39 27 2 28 19 15 37 22 32 3 45 2 1 47 16 25 2 22 25 48 19 18 38 14 37 
19 5 24 22 19 18 2 12 32 27 1 42 25 8 41 5 15 38 39 18 30 2 31 24 7 20 30 13 31 47 33 38 43 8 31 21 37 27 18 30 32 1 6 41 30 44 15 13 18 9 36 43 39 0 44 13 13 8 5 30 39 49 46 8 40 33 6 4 22 7 31 45 31 14 41 37 27 40 9 13 43 28 22 33 20 35 47 48 41 46 47 
13 23 28 19 5 4 20 16 1 13 33 38 29 39 34 22 10 16 10 6 31 2 33 29 11 2 48 34 15 12 40 4 32 40 44 49 36 22 17 8 27 5 2 27 48 5 36 35 41 28 22 9 47 10 0 2 40 3 40 49 15 37 46 27 35 19 25 18 2 48 36 23 15 11 44 34 17 34 47 49 21 17 49 34 33 39 32 26 4 28 28 
46 45 18 20 45 21 6 17 26 28 14 48 22 47 35 22 42 29 2 6 9 38 38 44 35 28 34 26 13 1 5 11 13 18 8 11 44 46 29 22 44 36 20 26 1 49 48 24 26 39 44 46 3 17 19 0 5 35 37 49 28 35 25 14 27 22 12 11 38 33 19 49 26 23 30 40 6 40 32 4 31 45 48 49 47 17 25 14 39 16 33 
13 9 10 35 13 28 42 40 19 38 18 14 26 25 36 14 9 8 9 38 3 17 10 24 39 3 25 33 15 32 29 3 37 20 9 48 33 38 40 20 43 6 34 38 40 48 6 7 33 11 11 46 32 47 33 28 0 33 34 16 43 43 5 5 14 32 41 8 17 32 21 39 22 47 44 39 33 35 22 47 38 4 40 10 33 30 10 43 20 35 17 
38 38 23 15 35 9 37 44 41 32 15 44 32 29 34 48 9 12 11 47 22 5 6 29 7 43 25 23 16 22 14 29 12 4 47 29 13 42 31 9 16 36 49 11 5 32 44 36 36 24 13 29 37 35 41 19 4 0 3 11 35 48 42 7 15 27 7 29 19 1 7 32 38 46 46 16 10 17 31 40 12 46 24 20 7 6 29 5 46 12 8 
29 11 1 48 34 12 22 45 2 27 21 11 3 44 7 7 29 16 9 5 5 23 19 7 20 18 35 46 2 21 11 29 47 35 44 23 40 2 49 22 10 15 32 44 15 39 43 1 24 39 12 48 22 27 29 32 36 11 0 43 8 20 46 36 1 25 16 18 32 2 6 19 3 3 27 47 44 12 37 31 8 38 9 1 18 29 10 8 40 18 40 
48 39 22 2 5 24 33 34 1 4 35 34 26 38 38 30 36 1 16 21 49 49 15 4 31 35 42 23 28 18 49 36 18 23 32 31 24 5 21 27 30 43 39 10 30 5 14 38 25 41 11 49 7 16 3 23 40 39 10 0 5 5 33 1 1 23 26 48 48 28 12 45 21 47 26 38 3 7 11 45 49 26 3 10 46 16 14 37 38 23 16 
9 2 39 40 14 47 41 12 26 43 13 24 28 16 21 4 6 7 13 1 33 46 25 36 39 13 3 30 15 41 8 11 40 23 40 42 6 42 11 7 21 8 4 22 22 35 18 14 46 17 47 20 8 42 43 4 9 46 17 19 0 21 39 47 1 38 14 33 23 10 42 46 2 34 46 33 7 43 17 8 43 36 9 11 22 20 29 5 10 40 1 
10 42 15 4 35 25 2 30 22 9 26 48 46 18 26 14 17 3 31 49 14 42 22 37 21 3 41 9 5 27 30 25 14 17 5 6 23 38 24 19 10 16 48 22 39 41 26 14 48 4 24 4 7 6 40 40 30 42 12 25 23 0 22 3 28 49 46 2 26 32 39 10 40 47 40 37 12 16 4 13 12 10 39 36 31 46 42 43 36 29 38 
36 43 29 7 8 7 24 44 17 7 16 23 28 15 19 45 42 15 10 5 7 49 39 24 38 23 11 45 22 20 17 1 8 30 41 39 13 48 47 49 40 21 4 37 19 49 15 33 26 43 39 42 33 31 44 40 9 40 4 49 31 4 0 33 41 45 22 49 41 4 9 22 30 25 12 25 26 35 10 12 40 44 40 42 34 6 46 49 1 21 26 
8 46 29 45 16 38 48 31 21 45 40 21 8 28 2 4 33 44 19 13 3 48 6 17 19 33 38 11 21 24 25 33 29 4 31 4 37 20 24 49 3 39 30 37 44 6 31 32 8 6 27 2 22 42 5 9 6 27 42 1 28 36 10 0 24 26 22 43 31 27 10 48 10 28 46 25 34 46 35 11 12 36 39 15 43 3 35 25 22 28 1 
12 1 22 11 24 37 7 25 43 4 4 36 22 25 44 45 33 41 8 19 22 42 40 31 44 14 35 23 48 35 37 25 40 2 6 13 11 23 4 45 44 30 15 23 31 9 15 43 49 19 43 31 1 35 41 43 36 42 36 37 21 11 6 6 0 36 16 18 40 15 5 20 37 38 44 49 25 43 14 26 31 32 26 29 15 15 47 17 48 24 48 
47 8 22 19 7 12 1 27 37 25 23 47 32 30 19 37 36 6 34 6 36 9 41 44 13 34 33 28 41 12 27 18 13 33 26 34 47 2 40 10 31 31 14 27 45 38 9 29 13 7 43 18 12 5 14 30 28 45 19 1 48 11 46 19 26 0 23 37 24 12 24 47 32 1 12 2 46 1 11 11 37 13 5 1 34 38 6 6 24 28 16 
31 4 29 17 1 14 2 38 3 44 31 25 42 45 41 31 42 1 17 20 5 15 30 36 38 32 4 42 24 36 28 14 1 11 42 37 23 9 22 3 33 28 30 48 42 43 26 34 11 39 41 16 6 5 12 12 7 40 48 46 34 27 29 21 24 43 0 27 48 36 24 28 22 8 18 19 11 3 48 27 5 37 30 38 29 37 30 12 21 40 5 
23 26 10 34 10 46 18 46 49 49 27 25 39 2 22 45 12 37 29 48 12 21 40 43 8 21 46 26 41 31 22 47 22 5 7 39 35 16 40 46 46 10 40 1 49 45 6 14 3 16 20 38 48 40 37 25 25 49 8 3 28 32 17 25 5 33 28 0 32 39 1 47 16 49 27 48 1 36 29 7 47 43 6 40 23 36 21 6 43 26 20 
43 37 5 40 30 12 29 9 40 8 37 26 15 48 46 1 7 41 14 41 16 25 29 17 41 9 43 44 22 34 33 20 35 23 25 7 27 30 42 30 13 37 25 27 43 20 43 14 41 44 49 6 20 20 36 42 39 8 42 34 31 44 2 15 16 1 29 39 0 14 49 43 2 24 16 8 30 11 32 11 34 40 7 29 39 49 44 14 11 11 29 
1 14 1 14 21 6 25 20 32 12 36 34 15 30 25 3 7 27 6 37 13 18 26 46 27 31 28 18 43 5 21 21 29 11 4 43 17 8 34 5 13 2 41 19 46 4 43 26 6 23 20 35 15 18 36 4 2 6 45 36 37 31 38 37 13 26 45 14 16 0 45 33 25 40 32 45 47 9 13 34 19 12 6 8 24 21 29 34 21 36 21 
43 43 18 12 29 19 39 8 26 43 10 42 2 32 18 2 36 44 9 1 21 21 2 22 6 17 27 24 34 12 36 20 18 41 5 32 37 41 47 8 17 22 19 4 14 32 10 42 16 32 14 44 1 22 15 32 46 48 7 22 8 2 34 37 29 21 13 38 18 48 0 21 34 1 26 34 9 18 33 11 8 29 5 33 32 18 1 14 20 15 16 
27 15 16 31 8 8 7 6 23 43 18 1 46 6 5 36 27 31 4 25 14 18 9 24 5 3 30 16 35 36 14 9 13 16 39 16 48 8 20 20 35 34 34 26 14 1 23 38 37 18 10 25 37 22 5 15 7 6 25 20 48 28 6 32 10 48 4 20 48 46 42 0 35 1 6 2 38 7 43 27 1 30 6 27 10 48 33 12 49 2 42 
39 25 31 22 27 25 23 33 41 13 13 39 3 24 38 21 14 43 13 29 15 40 29 12 27 40 49 10 39 14 15 6 9 25 46 42 11 2 33 4 33 12 9 3 42 25 8 7 26 10 39 20 34 5 45 27 20 47 4 44 34 29 4 2 10 38 17 33 14 8 23 33 0 12 9 18 46 29 21 12 28 11 23 27 46 33 32 27 37 19 26 
16 32 44 10 34 43 42 29 1 1 43 28 40 31 11 48 33 1 25 41 34 38 34 6 1 31 21 29 4 30 9 15 11 41 16 12 36 7 5 25 5 26 11 34 23 46 20 34 19 45 16 4 15 16 30 38 41 23 19 11 10 39 28 40 41 13 49 1 10 38 1 47 9 0 7 45 41 42 43 8 26 44 35 6 46 43 26 46 8 35 33 
26 35 25 49 2 22 21 5 45 48 7 6 35 29 16 32 34 41 21 47 1 4 6 32 24 34 11 47 24 24 21 42 46 4 46 2 34 40 30 47 34 46 34 12 38 45 45 1 15 17 16 27 7 20 5 32 21 34 6 45 5 49 8 38 24 7 48 36 39 27 10 36 5 20 0 35 49 16 17 6 22 30 42 32 25 38 29 1 25 12 33 
45 38 39 13 49 30 12 23 39 48 5 19 49 13 21 7 25 1 9 49 2 16 11 6 28 25 38 37 37 28 7 43 15 37 16 21 15 24 30 14 32 17 9 8 42 10 30 45 13 12 23 39 46 35 37 18 17 47 49 3 20 21 33 34 1 6 31 2 15 19 31 9 27 1 4 0 28 19 25 11 28 29 1 4 49 10 27 44 30 18 4 
2 43 23 10 3 25 41 5 35 33 35 46 4 27 32 28 44 45 14 45 23 12 25 39 22 25 37 40 13 39 34 31 35 37 13 41 1 23 45 16 36 15 29 1 28 31 3 10 30 21 41 5 11 43 44 22 10 32 23 33 22 39 20 43 47 29 13 41 12 3 13 3 17 39 6 6 0 41 11 32 18 17 40 1 24 24 10 40 1 20 22 
21 48 10 48 43 46 22 30 33 31 32 30 28 7 21 23 4 30 39 39 20 1 43 14 19 8 18 34 47 39 12 49 4 34 41 10 13 15 43 31 4 46 13 1 29 15 22 37 44 14 6 22 49 32 46 49 10 36 1 22 11 49 40 31 23 34 22 15 32 28 22 11 1 17 6 1 14 0 9 2 6 9 27 13 41 21 28 38 13 46 24 
18 24 4 48 33 44 44 39 6 16 25 10 21 25 8 39 21 20 37 29 29 21 5 44 26 16 7 8 22 5 1 48 4 27 1 42 35 2 10 31 27 32 47 43 36 7 8 19 27 32 32 17 26 47 22 29 27 5 10 19 37 48 5 39 29 21 4 24 28 28 45 28 5 18 47 40 26 47 0 2 11 43 39 10 19 36 44 11 29 25 49 
12 4 36 11 27 42 14 27 24 1 4 25 34 39 33 42 2 15 15 38 32 24 14 30 11 37 48 38 46 40 11 2 45 37 24 22 21 30 47 37 3 29 12 34 1 42 1 42 15 26 27 49 41 31 43 11 42 44 27 27 45 16 25 27 49 44 25 31 11 49 1 41 41 17 13 27 40 37 24 0 31 3 4 29 20 23 19 38 33 21 16 
26 34 41 47 36 20 1 30 11 36 21 19 29 3 20 38 13 33 23 13 27 16 1 40 9 47 12 30 49 44 41 30 40 3 37 33 47 16 26 8 24 39 24 16 33 17 47 36 42 45 11 9 6 41 25 38 24 46 10 18 23 47 43 25 26 15 42 37 5 15 37 4 28 33 24 32 45 34 19 28 0 41 17 40 4 23 49 16 42 23 45 
14 49 19 47 44 15 16 44 38 37 22 15 48 12 37 25 42 46 26 20 43 12 12 23 14 29 18 8 20 27 47 17 29 14 18 31 18 5 39 7 45 37 36 25 1 23 49 21 27 45 17 37 33 43 47 35 17 40 41 42 42 12 20 48 10 12 16 38 26 40 31 23 15 2 6 31 9 43 18 36 16 0 49 11 23 3 46 34 17 23 14 
28 47 49 43 7 32 49 2 19 38 23 19 34 29 4 46 31 39 10 5 41 38 1 47 17 44 32 43 21 15 5 35 14 22 10 21 33 31 44 11 12 8 36 17 18 21 34 34 41 5 2 19 6 49 47 5 30 46 31 38 39 45 17 6 22 41 30 36 47 16 1 35 8 39 37 24 20 10 8 48 36 34 0 4 37 49 13 6 2 11 45 
23 7 46 7 3 45 31 30 4 14 34 28 15 30 16 15 20 9 3 45 31 32 27 18 13 25 17 33 26 47 32 30 36 7 27 5 6 4 12 11 7 30 22 30 48 49 3 29 42 37 23 35 3 5 42 35 49 28 41 11 1 47 21 26 19 1 48 36 49 1 19 12 8 15 15 11 7 7 28 41 1 27 15 0 46 10 11 38 40 25 48 
26 29 3 29 49 21 33 39 49 32 48 39 25 29 38 26 32 2 1 36 31 5 10 42 19 33 4 32 1 4 12 43 30 38 42 41 24 25 22 38 31 15 34 11 1 13 4 2 44 45 37 22 29 28 19 20 12 14 1 25 47 2 38 25 2 33 5 39 15 2 46 15 7 23 19 4 49 47 36 36 35 32 39 29 0 22 46 4 14 4 6 
29 43 47 39 19 41 33 30 49 22 41 23 38 15 28 24 22 16 43 22 49 24 28 29 18 3 44 21 17 30 8 32 35 39 35 45 29 20 32 35 16 43 26 13 26 45 48 34 20 22 22 27 36 20 17 17 27 27 42 12 7 38 38 18 26 40 7 28 23 33 9 43 30 1 39 28 37 48 49 46 43 29 13 32 9 0 27 7 14 22 18 
26 14 5 12 3 13 9 43 30 22 16 29 26 37 3 21 7 24 13 39 18 42 48 19 21 12 33 33 27 19 5 24 21 34 31 49 45 21 28 15 8 32 7 42 9 48 11 27 34 14 21 11 14 47 22 1 18 42 35 10 15 27 24 14 25 10 13 15 40 22 28 45 32 19 25 46 10 49 6 40 40 10 13 35 41 25 0 27 27 23 48 
17 13 15 11 12 24 25 19 38 39 15 16 48 37 33 3 14 20 48 41 49 24 41 49 47 14 18 40 41 7 1 47 10 38 26 21 11 17 28 13 33 35 30 2 21 17 40 28 26 4 2 35 36 31 2 27 7 40 13 5 30 43 42 30 21 31 8 24 48 36 45 31 22 32 37 46 30 32 42 44 33 27 49 44 8 46 24 0 9 4 47 
14 27 47 21 40 1 5 24 7 7 34 25 27 8 30 2 23 33 24 15 27 28 37 34 34 21 48 16 1 39 30 6 44 31 18 45 33 30 38 7 40 25 38 25 15 46 28 1 8 22 48 15 8 8 35 42 12 43 30 42 33 10 48 40 13 2 26 36 15 46 7 26 24 41 17 19 22 17 19 15 12 17 49 45 1 3 28 36 0 32 1 
22 34 22 11 31 5 46 47 5 3 46 6 6 46 25 38 35 3 36 49 23 38 30 30 30 2 16 15 38 23 46 28 36 45 22 19 36 29 2 43 28 38 44 15 21 9 15 31 5 12 40 1 29 2 37 1 43 29 30 34 9 5 41 29 21 3 30 17 9 30 21 44 38 22 7 6 31 25 46 33 27 12 49 37 33 18 7 3 30 0 38 
47 32 36 24 19 14 22 4 45 46 32 2 41 17 31 32 41 1 18 2 35 37 27 9 20 2 37 15 1 22 4 11 46 46 29 48 20 36 23 9 7 11 5 38 12 46 19 9 38 38 31 17 13 16 6 5 25 21 35 41 15 4 13 46 9 31 33 13 4 23 38 49 24 37 28 4 5 25 9 15 22 16 5 24 41 22 11 22 18 2 0 
