n: 90
m: 2
Pi:U[1-99] 27 51 17 22 13 21 34 76 5 5 9 82 66 49 77 31 62 2 54 96 62 16 14 12 85 23 10 31 13 84 8 68 38 18 45 72 70 99 17 35 89 67 66 32 23 77 90 95 28 85 69 46 86 54 70 2 18 8 28 47 40 33 45 93 16 86 6 68 65 83 42 83 36 22 99 69 31 62 48 60 71 46 28 55 43 5 49 91 98 71 
Si:U[1-99]
0 60 28 36 36 23 22 4 14 29 99 3 99 70 94 64 45 72 3 99 78 55 40 25 64 43 99 99 99 3 99 61 99 30 57 3 9 99 22 96 66 52 43 96 55 63 60 99 96 99 28 45 36 15 54 99 46 99 99 73 85 99 99 21 99 93 18 4 54 31 99 66 99 63 45 9 99 99 13 55 99 99 99 99 99 22 55 99 67 99 39 
4 0 62 4 20 46 31 17 31 9 42 82 6 99 43 94 57 93 63 40 30 66 99 24 91 1 67 99 81 91 99 48 99 36 87 3 99 72 21 99 99 21 55 87 7 99 88 87 99 67 55 43 94 36 99 99 36 96 9 99 78 78 79 55 55 40 97 88 55 99 18 21 30 99 99 70 96 99 87 19 78 88 28 22 99 63 99 99 54 42 19 
40 64 0 9 16 64 36 52 39 30 85 36 9 99 97 99 97 69 22 99 25 99 51 96 99 99 79 99 99 61 99 34 82 99 60 15 33 16 55 70 99 27 70 10 91 52 58 99 64 52 99 99 78 78 10 99 99 61 99 99 12 27 73 99 22 97 27 16 73 52 99 99 58 31 99 90 25 31 91 48 54 54 99 99 67 99 58 10 12 9 51 
28 22 22 0 30 27 23 56 65 48 48 72 78 33 99 99 7 48 49 18 99 36 70 99 99 12 12 99 99 99 52 94 99 6 99 49 99 49 55 52 78 60 88 64 99 93 99 99 88 55 99 67 99 76 37 16 78 96 84 99 1 49 82 99 24 21 15 99 84 99 99 48 73 99 99 91 94 21 25 36 54 99 99 4 91 99 18 99 58 99 96 
54 26 6 8 0 3 10 28 27 44 25 78 99 43 93 79 99 58 15 73 58 84 99 99 99 37 60 36 70 99 66 73 99 99 9 99 81 33 4 99 99 93 64 99 48 21 99 49 78 22 46 99 7 99 88 99 57 99 52 52 34 61 61 99 99 99 99 48 28 70 28 57 94 99 25 85 31 58 27 99 49 75 25 99 45 87 99 99 6 46 1 
30 25 48 62 18 0 24 18 37 44 99 99 3 10 99 99 99 16 99 94 3 99 18 99 99 49 79 84 99 99 99 64 18 99 63 16 99 4 69 15 99 33 90 37 9 99 16 60 75 42 7 99 99 99 13 99 73 39 13 99 84 99 99 90 72 99 60 33 99 54 84 3 57 85 70 84 99 99 25 84 40 99 10 99 16 99 6 99 49 99 1 
38 22 38 12 48 42 0 58 33 12 24 1 93 12 84 99 81 99 79 40 72 37 99 99 10 99 48 1 19 99 99 16 99 99 57 99 6 28 90 99 70 30 58 99 99 99 55 94 79 79 99 99 99 90 99 99 99 99 64 31 99 25 99 40 99 67 99 96 99 81 55 66 30 99 99 79 31 24 25 64 18 42 87 10 99 99 22 19 36 93 66 
65 39 29 33 58 14 60 0 30 10 13 99 99 84 43 99 99 27 3 1 1 99 99 40 99 67 3 21 99 88 99 99 66 99 51 99 99 42 99 99 99 99 12 91 99 16 99 99 99 99 1 81 99 99 99 79 99 99 99 48 1 33 43 99 24 99 31 76 99 60 99 18 72 31 99 36 3 63 99 99 96 16 99 3 99 49 85 48 6 99 16 
37 58 6 57 35 54 8 24 0 10 24 7 99 1 37 99 99 99 52 99 99 99 34 99 6 25 24 82 99 93 25 3 97 99 99 21 99 34 93 9 99 99 60 99 99 88 75 90 55 69 94 97 82 39 79 97 51 99 70 99 48 1 91 84 99 36 87 15 27 67 99 99 25 22 54 99 76 7 37 94 73 91 30 78 54 52 18 99 10 99 93 
18 0 16 63 37 58 36 45 2 0 54 99 93 34 99 76 16 9 99 99 27 85 87 99 51 42 97 99 13 85 12 99 30 18 97 27 48 19 99 39 31 99 33 99 55 40 40 76 57 40 99 79 64 58 99 99 99 99 99 99 99 72 51 39 19 52 85 99 99 78 55 76 58 34 37 48 99 6 99 99 99 79 25 99 99 99 99 82 9 30 49 
99 97 61 99 31 60 31 99 81 96 0 31 34 42 5 59 56 50 32 16 19 25 6 99 69 31 69 99 99 55 58 88 99 99 16 99 58 99 43 7 90 12 39 81 76 85 99 46 42 22 34 97 99 33 15 93 99 97 99 99 10 99 19 21 45 27 99 99 99 97 99 48 87 99 42 99 49 48 99 84 73 99 58 58 78 84 90 99 1 99 99 
46 66 99 94 91 99 6 48 88 13 17 0 34 14 24 64 8 64 36 49 93 12 99 6 4 21 99 91 16 99 18 99 99 99 99 99 39 99 66 99 99 31 63 91 99 78 58 55 99 7 93 99 28 27 99 39 81 54 7 99 99 40 57 76 51 99 39 31 99 82 69 63 99 99 12 88 64 43 99 16 10 72 99 42 99 99 81 64 9 52 99 
99 87 21 7 99 91 99 58 15 61 52 11 0 49 16 45 30 23 23 8 30 12 37 51 99 99 67 42 36 67 99 99 58 99 90 99 1 99 12 99 15 99 99 99 30 39 99 63 42 99 93 99 99 79 36 99 99 90 15 49 99 31 4 27 39 4 81 99 60 73 55 76 94 15 21 99 36 99 25 4 99 99 81 43 99 21 99 30 72 54 99 
99 25 66 51 10 40 30 99 84 1 66 42 65 0 48 36 22 26 44 12 99 90 70 99 45 49 25 84 94 99 7 45 99 18 99 84 76 75 70 94 61 94 69 91 85 67 99 4 99 49 99 99 85 87 45 99 99 16 4 99 22 28 78 61 52 99 57 61 69 73 99 64 1 97 99 99 28 18 78 18 18 76 7 99 99 40 7 58 72 99 99 
4 88 58 21 39 19 99 99 48 99 63 28 2 42 0 21 20 4 15 49 99 64 91 19 12 99 99 60 75 19 99 21 33 99 99 99 99 39 36 73 99 73 69 66 12 99 99 70 99 16 88 60 99 99 64 99 4 46 46 99 99 78 99 58 99 99 91 57 13 91 48 72 76 99 94 52 27 93 51 49 99 99 28 60 15 82 18 99 25 10 58 
99 78 16 99 99 12 99 88 99 88 15 22 36 12 8 0 56 17 36 60 99 99 46 99 96 57 78 78 99 31 99 48 16 42 99 99 99 55 1 66 49 70 85 49 28 72 7 99 85 99 22 99 28 85 99 99 99 78 99 99 54 99 19 99 3 15 99 64 99 21 31 90 99 99 4 99 87 99 63 78 99 37 99 79 3 51 99 99 28 91 24 
1 99 99 79 51 99 25 70 7 94 24 62 64 63 62 19 0 36 28 4 16 99 34 99 10 84 10 37 99 36 4 99 87 96 48 42 99 54 99 70 9 66 99 99 58 96 93 3 4 99 99 99 99 99 78 1 99 99 3 16 76 30 43 99 15 54 57 61 43 75 78 99 72 46 99 99 94 99 27 21 28 99 94 99 82 52 9 48 99 30 99 
99 61 9 99 34 42 16 99 99 21 14 64 40 10 1 25 21 0 66 23 3 99 99 91 60 61 61 91 28 42 10 1 96 99 99 15 36 30 99 54 31 96 25 73 76 72 72 72 99 94 84 64 15 21 99 99 93 6 45 93 72 99 9 49 99 99 37 84 52 45 60 99 73 42 15 81 64 21 12 1 99 19 1 99 85 16 61 55 34 99 99 
61 37 24 49 36 58 16 27 43 51 58 30 54 48 0 60 22 20 0 2 99 15 99 16 99 61 99 99 57 64 90 99 99 72 99 6 18 73 94 97 81 9 64 40 99 99 99 99 25 52 7 37 99 82 99 63 99 99 46 99 90 31 42 72 75 45 99 99 99 99 72 99 85 21 30 99 49 99 99 99 99 99 60 43 4 96 99 99 39 6 99 
99 58 13 70 69 99 58 84 31 15 8 62 18 34 22 62 66 21 44 0 82 30 99 99 99 99 69 99 97 25 84 6 6 40 87 69 88 7 54 64 99 90 25 93 99 31 75 64 30 21 15 99 49 99 4 18 40 45 58 90 99 33 61 96 4 99 37 99 37 93 99 99 99 99 87 99 99 42 34 51 90 99 18 99 99 58 94 21 36 79 79 
99 70 99 99 84 7 22 99 99 10 99 3 58 99 99 99 99 99 76 81 0 24 25 38 64 56 60 17 38 47 90 99 99 99 34 76 12 76 30 91 28 58 21 9 9 18 72 99 43 99 99 93 27 99 64 57 48 45 15 64 99 22 69 45 60 99 19 99 91 40 51 99 27 99 72 40 10 91 99 3 91 63 87 99 99 79 99 99 19 99 99 
99 31 99 90 16 7 99 40 90 13 88 55 99 85 88 61 43 99 72 45 64 0 30 45 36 20 2 54 26 54 18 46 76 99 99 99 58 3 24 7 45 99 99 12 99 99 87 63 99 99 99 27 99 7 97 37 81 61 81 16 99 99 49 24 99 94 99 99 99 3 1 81 99 85 40 69 31 99 99 28 40 46 99 78 99 99 99 58 88 51 99 
33 12 79 18 99 73 99 39 22 49 75 31 96 25 30 99 99 9 46 27 41 47 0 31 63 2 12 60 6 34 91 96 10 42 49 15 34 93 13 99 39 99 96 99 28 79 99 84 99 91 94 99 99 99 97 99 99 99 88 72 70 99 99 93 78 19 81 58 55 19 99 36 27 19 49 60 3 76 91 99 87 42 43 49 54 97 99 96 67 61 39 
82 3 99 99 99 85 48 73 69 25 66 99 28 99 22 7 3 99 99 15 14 54 46 0 34 53 39 5 44 46 72 97 60 25 90 63 99 54 36 99 99 99 58 99 97 99 27 84 24 99 31 99 60 61 82 90 99 99 99 43 55 15 7 34 99 99 87 40 3 99 99 97 61 97 99 97 75 75 15 75 99 99 94 82 99 43 33 46 33 3 42 
42 12 39 42 60 61 76 99 67 42 84 90 99 66 72 99 15 99 21 99 22 64 38 30 0 54 36 60 2 64 40 55 25 96 99 99 82 81 99 99 99 57 99 18 42 99 82 99 55 99 99 99 99 51 31 42 88 87 36 99 39 82 99 37 49 52 9 16 64 99 94 66 99 99 36 60 78 10 33 12 75 22 4 43 99 99 12 99 69 88 76 
21 36 10 57 58 9 27 75 99 60 99 99 99 70 99 48 51 99 36 99 14 4 42 24 21 0 19 34 52 24 64 93 30 96 99 37 78 99 58 48 63 22 43 96 73 43 99 88 99 99 39 18 99 54 99 99 30 87 99 99 99 99 99 99 99 99 99 88 99 72 24 99 18 40 99 99 99 99 15 9 99 25 48 30 58 25 15 99 99 57 99 
99 99 90 31 48 99 99 99 90 63 6 96 21 99 99 99 12 69 99 73 42 66 19 53 30 33 0 66 64 41 69 85 99 99 27 99 99 99 99 99 52 34 99 6 48 24 1 88 99 99 60 87 27 31 99 34 33 24 43 21 76 60 99 55 46 36 99 99 85 7 10 99 70 99 99 69 10 28 99 45 78 79 34 7 3 94 99 18 18 99 42 
99 99 79 99 99 93 13 28 99 99 49 63 28 85 45 40 39 99 93 45 59 13 25 55 61 34 25 0 52 51 99 99 91 99 25 9 81 48 45 28 99 99 99 99 99 36 31 82 69 99 70 84 58 99 49 99 69 76 21 7 99 69 79 99 88 88 64 99 99 52 99 97 99 22 55 69 22 99 99 45 99 99 97 39 25 99 21 97 99 99 30 
34 97 99 54 99 3 88 88 48 99 99 78 28 55 99 99 85 99 12 40 42 10 28 1 21 14 48 7 0 50 21 64 99 94 91 87 99 99 67 69 99 99 73 51 25 31 99 24 39 99 54 81 99 99 99 43 7 76 48 73 99 96 54 99 40 99 99 4 58 81 99 99 87 99 4 66 63 28 99 21 99 30 99 99 99 99 3 99 12 90 57 
43 99 99 99 99 46 34 99 99 82 4 21 99 91 99 46 60 97 94 99 46 0 40 50 12 43 9 58 17 0 99 58 99 10 99 99 1 70 75 7 46 99 55 81 51 99 4 45 36 96 48 19 99 24 96 18 43 99 99 58 39 54 85 49 96 99 99 21 99 22 34 99 99 99 40 55 49 96 99 52 39 61 73 22 99 36 99 22 75 40 10 
99 99 15 40 99 46 99 55 97 99 99 46 7 99 99 99 13 84 18 99 99 45 93 79 55 45 18 10 93 63 0 40 51 18 28 47 38 16 40 57 16 19 40 49 99 64 1 99 99 85 81 21 99 99 18 99 52 16 21 28 24 3 99 99 99 42 66 72 16 70 91 99 12 52 99 57 27 64 99 99 99 43 49 94 99 99 60 34 99 99 82 
99 99 76 99 99 82 87 55 99 99 64 19 9 99 90 99 99 91 19 13 99 6 78 73 21 63 10 99 16 99 10 0 12 23 16 27 16 51 6 5 34 7 99 79 55 30 60 99 46 39 55 39 18 1 99 81 46 10 25 90 99 99 30 12 99 97 99 99 99 45 84 43 58 96 30 99 55 79 99 94 42 99 99 12 21 27 97 64 88 48 99 
97 22 76 99 36 99 72 42 64 99 7 99 99 99 72 99 81 82 99 30 43 99 91 99 91 99 99 99 99 99 10 8 0 23 64 64 20 8 66 30 99 7 99 99 31 99 99 52 99 99 48 99 91 82 18 24 54 99 4 99 97 31 78 3 99 10 99 28 99 99 90 78 49 36 55 91 94 84 19 30 99 37 78 58 34 64 99 88 55 99 99 
99 99 81 16 55 78 13 99 99 73 99 75 55 28 99 93 6 99 99 27 61 99 99 94 19 15 99 25 99 75 18 60 7 0 21 49 2 30 52 16 99 82 64 99 76 1 28 37 55 6 57 99 22 97 99 99 99 93 57 36 99 40 1 33 52 39 99 7 69 99 76 3 99 99 99 24 78 43 31 6 99 43 33 16 72 34 99 99 91 19 99 
99 39 99 88 99 18 24 45 84 64 96 87 69 99 55 49 48 78 99 99 76 94 51 57 79 99 33 49 66 99 25 16 27 41 0 25 30 53 64 16 25 54 6 85 6 99 13 94 96 60 33 99 49 99 99 99 99 99 12 22 91 99 64 99 66 78 57 21 51 85 75 25 60 99 55 99 78 99 73 99 99 99 99 13 9 15 36 99 30 70 61 
64 78 99 87 99 99 91 79 72 87 99 99 99 37 99 78 63 51 97 18 48 90 97 6 51 49 82 1 99 99 6 30 65 11 24 0 34 2 8 40 99 99 40 84 99 81 30 15 9 60 99 72 19 90 3 31 66 99 76 99 96 87 40 99 99 99 99 96 99 99 6 34 99 43 24 99 93 99 12 99 78 25 96 96 4 12 46 39 37 96 84 
99 39 99 90 99 99 18 82 99 99 4 69 70 10 75 18 31 25 48 4 4 15 52 99 99 99 64 79 28 99 13 40 63 18 10 34 0 13 53 16 7 99 99 99 99 27 99 99 52 99 99 72 76 64 76 99 55 9 58 76 99 99 4 9 28 48 99 99 66 55 37 45 48 36 45 96 88 91 99 1 99 55 93 45 99 34 46 99 99 12 55 
40 42 99 9 24 99 90 99 52 99 99 79 99 34 43 99 99 87 61 90 58 64 24 63 45 85 51 91 99 58 64 65 50 59 12 65 39 0 13 54 46 12 99 99 76 72 1 99 24 63 10 99 46 12 72 15 99 99 79 4 52 52 99 73 99 99 99 81 99 10 22 75 54 99 4 4 91 99 48 82 10 99 99 28 99 67 99 88 96 99 1 
97 99 12 15 48 61 99 34 85 52 76 55 99 99 7 61 78 46 79 99 52 78 66 99 40 99 84 64 84 94 3 7 38 60 54 56 55 50 0 18 99 73 99 99 88 99 99 99 99 54 63 99 99 67 99 99 99 55 84 99 37 97 70 70 99 69 55 31 99 75 99 99 66 96 30 99 99 51 21 99 99 10 99 1 99 99 30 45 90 96 99 
37 99 99 69 99 21 51 99 99 15 64 30 99 60 31 76 33 9 7 99 31 66 49 99 34 79 31 93 99 45 0 49 57 43 54 58 9 39 3 0 99 82 12 9 21 97 99 57 40 94 48 90 75 60 18 16 24 99 42 12 4 99 99 99 31 7 85 51 99 82 73 99 25 27 40 99 90 99 99 99 99 99 22 99 24 24 39 31 25 84 99 
60 99 99 81 97 99 52 37 99 19 94 27 96 99 52 43 99 13 37 37 99 99 33 70 63 84 99 93 99 84 70 99 99 1 27 4 75 99 45 48 0 7 14 16 42 11 62 64 44 43 6 99 60 34 19 21 85 99 93 79 55 19 99 42 99 60 99 40 99 66 99 99 99 99 6 49 99 99 61 99 43 79 46 81 22 22 72 60 99 99 99 
99 81 31 63 99 24 78 45 99 82 61 99 76 51 99 60 36 81 99 99 99 78 93 54 99 99 70 99 12 16 34 75 24 79 72 99 12 99 69 91 54 0 6 40 43 65 32 63 10 64 99 72 99 91 87 99 94 99 9 99 28 99 99 58 66 24 99 19 99 72 99 82 18 1 58 93 69 99 60 34 99 99 54 99 63 27 99 28 24 3 6 
99 58 99 99 51 99 99 58 16 18 42 99 3 99 22 45 43 27 13 99 84 87 90 99 28 16 99 49 99 99 3 21 73 9 99 64 99 3 99 69 29 8 0 18 52 13 40 20 66 4 99 99 7 18 51 24 19 48 10 85 34 48 99 79 52 99 16 37 90 99 42 40 84 99 42 99 37 99 99 99 99 99 99 73 99 97 75 4 45 99 99 
99 99 12 19 12 99 4 33 7 40 39 76 99 10 99 82 27 97 31 51 96 99 58 93 99 48 24 1 40 1 99 40 75 15 97 34 54 19 54 33 22 32 62 0 44 43 28 50 54 30 69 70 82 1 1 58 99 88 99 99 69 75 82 51 84 24 72 99 78 99 21 57 88 1 99 55 42 57 22 99 99 69 63 42 99 49 87 88 43 99 57 
24 99 1 99 58 99 52 99 97 34 82 40 42 99 76 54 84 99 99 22 99 21 99 37 46 99 99 70 99 99 19 78 21 51 54 78 19 60 27 48 46 46 37 21 0 59 28 51 32 58 15 37 99 3 67 85 70 34 99 99 21 99 90 99 31 88 85 96 99 70 99 42 31 66 39 76 73 99 99 99 45 52 45 99 99 64 99 99 19 99 37 
99 99 72 57 52 55 67 42 99 99 81 72 90 31 99 99 99 99 99 61 16 54 55 99 61 27 99 99 99 16 99 31 99 96 61 61 15 99 99 99 1 62 18 61 21 0 62 14 29 62 99 66 36 6 97 34 52 94 67 99 49 99 96 46 12 99 88 99 42 43 99 99 21 39 22 94 99 42 19 57 61 99 27 82 25 99 12 66 99 22 48 
99 33 42 63 45 6 90 31 25 73 64 24 84 99 67 64 99 99 22 99 55 99 99 99 76 96 4 99 96 6 84 10 91 99 22 60 31 99 81 63 32 52 57 60 61 34 0 52 38 22 57 58 99 4 99 99 99 55 91 99 99 39 40 67 99 99 99 55 72 79 3 52 93 46 70 60 99 78 99 72 99 31 99 82 99 78 99 99 30 99 21 
55 99 99 21 66 87 54 40 99 99 58 99 19 15 99 9 49 40 16 54 99 64 15 30 61 99 54 99 88 99 40 39 99 99 99 99 79 96 34 45 46 57 13 30 36 11 62 0 8 56 75 3 46 99 18 30 24 99 99 99 99 91 63 99 82 58 99 6 99 7 76 52 99 39 12 99 99 99 39 99 37 99 99 46 33 43 99 9 99 99 99 
54 99 61 99 99 99 1 55 99 99 99 87 37 34 99 10 25 91 42 99 7 66 37 55 99 24 58 15 99 33 45 99 31 99 75 99 99 99 4 99 39 23 4 8 62 5 2 35 0 16 49 99 99 27 99 49 46 7 81 48 96 10 49 39 99 99 39 73 69 99 75 48 19 66 99 99 67 43 97 4 99 99 99 49 99 99 99 78 99 55 99 
21 99 39 49 99 93 57 99 42 99 99 99 43 28 99 9 99 73 99 22 99 94 76 99 73 51 99 99 90 99 99 66 81 99 99 99 99 1 99 39 42 6 4 57 18 54 11 4 33 0 99 3 99 99 12 63 99 36 48 99 79 99 24 99 99 18 40 99 99 99 4 73 15 25 99 99 31 99 73 27 99 99 97 99 25 16 99 99 6 99 99 
99 99 46 99 64 42 99 27 49 78 99 40 39 55 67 27 16 99 58 39 22 99 99 96 99 16 99 87 42 84 99 99 21 99 58 4 99 28 99 36 88 36 52 99 99 99 24 27 99 13 0 6 46 48 55 60 22 61 18 51 42 99 99 99 99 99 99 99 22 99 99 3 12 94 9 85 99 15 15 76 99 99 12 46 57 1 60 99 99 82 40 
99 3 99 4 39 43 34 1 25 73 31 36 79 99 40 61 43 54 39 51 42 72 99 21 99 13 55 58 99 31 21 31 94 48 57 99 99 40 30 16 27 99 85 99 4 49 46 84 99 79 40 0 7 38 3 33 53 46 53 55 7 99 61 3 78 99 63 55 99 99 27 28 45 84 99 90 40 34 97 82 99 12 31 72 78 13 70 33 81 70 82 
84 13 99 99 99 99 91 9 60 99 43 99 90 37 64 24 99 99 42 9 73 66 25 48 99 67 78 55 19 33 99 27 99 73 58 99 16 16 4 61 36 4 99 37 85 99 54 99 99 58 45 66 0 42 58 12 46 58 22 36 99 37 81 19 27 99 4 99 99 99 73 67 67 60 9 85 16 16 52 4 34 19 99 99 99 99 99 96 37 70 9 
48 21 13 88 99 67 57 81 12 99 21 46 99 97 99 58 42 99 99 12 22 45 99 72 99 99 99 16 99 85 33 7 13 99 99 51 51 9 31 69 81 9 99 97 45 55 99 99 99 84 10 8 36 0 34 42 24 24 40 49 99 99 9 99 99 18 28 39 90 99 12 18 99 3 72 78 99 99 33 54 73 22 99 33 97 99 99 99 42 7 99 
10 99 42 42 63 3 99 63 99 99 67 99 46 46 64 99 42 33 37 55 72 91 99 99 31 42 99 46 64 4 99 72 51 99 3 69 18 18 49 78 10 75 12 78 66 91 57 99 99 57 36 16 34 60 0 8 4 61 23 28 70 27 24 99 99 81 99 42 99 99 99 99 81 10 4 99 99 69 99 99 93 99 99 57 99 99 43 99 6 18 99 
99 67 57 99 25 3 91 13 67 63 99 30 34 69 73 97 99 79 36 69 91 51 99 99 6 99 1 48 99 69 85 69 58 15 99 99 99 90 99 99 99 72 90 73 37 57 66 84 45 99 64 28 52 29 62 0 40 63 15 55 9 12 24 99 6 25 99 99 3 72 64 12 34 88 10 9 7 99 85 96 99 12 34 33 72 9 69 99 10 99 99 
99 22 48 99 31 40 99 99 39 99 67 70 99 54 49 94 31 73 99 7 90 21 97 82 84 40 93 25 96 99 22 42 52 99 99 99 97 99 76 55 45 72 66 99 7 40 94 22 9 52 62 26 41 36 46 47 0 8 34 60 99 99 99 99 24 1 70 99 34 99 99 99 25 60 36 99 99 99 6 27 55 99 99 99 31 99 58 13 45 99 61 
10 99 1 67 4 87 54 94 99 99 99 75 99 33 39 27 46 85 73 99 25 13 4 99 67 99 21 93 12 99 99 99 99 51 42 39 88 42 99 51 90 79 75 94 49 99 85 33 10 15 46 10 30 44 54 65 29 0 2 28 55 49 97 67 46 99 82 99 84 99 61 99 54 85 99 99 49 54 78 19 99 22 37 99 75 16 99 79 99 99 99 
99 91 52 99 93 21 31 48 3 48 87 4 82 4 99 40 33 43 57 99 94 97 45 99 60 36 3 99 16 37 99 24 27 99 52 1 79 99 73 58 99 75 30 99 73 24 82 67 99 99 13 66 10 57 16 49 52 57 0 26 67 33 84 99 64 99 73 99 72 99 43 40 46 99 16 16 99 99 30 18 16 6 82 76 99 25 94 25 58 30 69 
79 99 15 6 57 99 99 73 39 99 10 81 31 6 39 99 81 99 99 9 45 79 48 96 93 99 99 54 67 99 99 88 87 52 99 99 72 22 51 36 99 75 37 99 99 72 16 90 4 76 26 8 65 20 50 12 24 29 12 0 9 90 99 25 99 99 67 99 94 1 39 19 3 57 99 66 99 43 19 67 60 33 31 15 99 99 7 99 99 99 99 
31 96 99 99 24 99 82 12 58 93 99 13 90 15 99 30 42 36 43 15 99 37 12 31 49 99 64 99 99 45 85 99 63 60 24 33 99 99 22 58 46 99 99 10 9 72 19 22 99 3 21 60 99 3 76 22 4 21 7 21 0 11 30 12 9 34 31 56 19 16 91 99 60 52 99 72 48 28 33 99 54 22 99 99 99 19 30 57 55 93 99 
63 69 15 84 48 99 63 7 55 66 99 42 7 96 3 99 6 99 99 99 99 3 12 99 9 30 99 99 31 30 61 3 58 30 99 99 6 99 99 99 60 60 97 99 99 24 99 9 82 21 39 99 99 16 37 99 7 28 31 99 62 0 10 8 20 45 42 52 30 38 99 84 99 99 99 66 40 30 15 57 67 7 99 90 36 3 99 84 18 99 79 
60 99 19 78 99 78 99 99 96 99 76 76 99 99 99 99 99 40 99 57 67 76 99 48 99 99 33 87 69 54 6 99 90 99 84 69 75 99 69 58 37 99 75 40 96 99 21 99 99 18 24 99 9 99 99 78 78 45 70 99 18 64 0 18 26 29 54 20 9 52 99 52 88 99 70 88 66 99 46 99 99 24 78 99 12 99 93 79 99 99 12 
63 99 49 85 9 79 99 48 99 37 87 99 99 99 57 97 99 94 97 43 99 99 99 33 88 99 90 99 40 3 54 85 99 55 84 45 66 99 99 69 99 78 1 99 54 85 99 99 99 46 88 19 51 99 7 7 13 40 88 72 40 31 15 0 34 42 42 7 29 25 28 55 99 87 99 99 79 58 67 36 99 15 27 67 99 72 42 19 66 97 64 
13 99 42 61 99 42 73 52 12 99 72 88 99 99 75 61 99 99 99 12 45 67 97 99 7 63 69 99 7 18 99 81 99 58 19 64 7 13 58 82 99 22 3 99 99 51 33 52 88 31 94 99 99 39 88 25 55 81 51 99 40 19 30 3 0 30 38 57 56 24 66 99 66 43 99 88 42 99 72 30 99 21 76 54 25 22 6 99 4 10 87 
51 99 70 99 28 9 99 99 58 31 51 99 99 48 99 99 84 99 30 55 48 63 99 64 87 99 99 91 96 40 99 99 46 49 99 10 66 78 84 27 99 99 99 33 99 99 4 99 99 99 63 85 19 13 66 1 99 99 99 99 45 46 28 48 6 0 21 8 13 5 96 52 7 9 34 99 85 19 99 93 99 99 27 58 99 16 54 58 99 51 88 
96 99 99 99 42 76 99 52 7 21 99 94 30 99 43 99 24 1 99 96 37 99 99 99 28 3 94 21 25 69 85 87 81 99 97 99 54 99 79 90 99 99 49 28 16 82 99 30 64 99 18 42 63 15 99 69 21 43 99 79 51 27 16 12 13 41 0 4 49 46 99 6 99 36 99 16 99 1 99 31 99 99 16 99 61 9 72 97 36 15 37 
12 99 99 28 54 6 45 99 19 99 46 15 82 99 99 99 91 99 60 99 75 25 13 12 4 99 1 99 63 34 99 57 99 12 91 99 99 69 99 66 91 84 40 42 36 54 33 43 39 24 82 99 7 84 99 75 22 99 93 99 43 38 39 56 10 58 43 0 59 48 99 99 54 67 34 99 24 99 99 58 64 24 84 45 87 85 45 99 85 54 21 
7 42 39 22 99 63 99 15 99 99 99 55 10 1 19 82 39 31 28 61 66 99 66 18 99 99 42 43 87 60 34 99 64 9 46 54 99 4 97 90 97 99 84 99 7 34 99 99 51 61 99 99 99 99 99 81 10 99 99 40 30 38 8 9 43 58 64 58 0 44 67 49 76 42 40 99 57 28 99 63 99 61 99 99 67 43 99 67 87 99 99 
7 99 75 99 19 99 99 10 99 48 99 15 99 37 73 82 78 87 52 33 90 39 97 99 72 54 24 13 12 99 70 36 60 70 73 16 87 99 84 30 99 99 16 27 3 40 4 54 48 88 96 4 99 78 99 7 57 78 90 42 7 43 61 35 28 35 45 13 24 0 55 6 99 87 99 99 91 16 84 78 10 55 99 99 10 36 73 82 99 13 99 
91 46 48 99 93 99 99 93 99 93 99 99 72 30 99 15 48 99 40 48 99 54 99 99 24 19 99 3 81 99 43 99 97 99 31 22 52 97 34 73 66 52 67 54 99 43 24 99 75 9 3 97 81 99 93 99 51 96 19 99 96 99 82 40 99 99 64 99 99 58 0 46 66 35 62 16 23 46 51 44 88 36 22 54 99 4 99 99 99 27 99 
28 82 81 30 19 31 99 39 19 99 27 99 99 99 99 99 4 67 99 27 99 99 10 9 99 31 99 75 12 51 90 24 76 99 28 99 79 91 93 99 4 55 75 1 99 55 99 7 93 63 82 99 94 99 36 19 99 4 99 30 99 25 99 61 99 99 99 99 15 24 60 0 50 54 26 64 8 17 17 63 1 99 45 58 37 85 72 19 48 51 63 
99 30 24 37 99 57 85 58 99 99 99 85 63 31 12 4 54 99 60 99 78 7 93 99 90 64 24 99 99 66 66 48 99 21 99 30 99 99 88 99 96 99 6 54 57 43 63 99 99 99 81 3 72 79 94 78 99 99 99 43 3 34 67 99 72 60 99 99 99 72 45 24 0 17 15 42 18 31 40 35 90 73 12 37 90 99 76 58 12 78 99 
34 67 99 99 99 99 99 99 88 82 99 19 99 51 99 88 99 12 99 76 19 30 84 54 4 99 99 10 99 99 78 99 49 99 99 64 33 57 40 91 76 99 4 25 99 57 34 16 91 99 99 94 99 79 94 52 78 73 99 31 24 19 99 99 99 99 31 40 18 3 4 51 39 0 52 4 18 48 18 65 90 12 91 10 99 99 16 99 13 9 54 
67 99 9 64 52 16 13 73 66 99 99 99 60 7 99 99 34 99 99 99 6 3 57 99 39 99 43 81 99 69 31 22 99 6 12 99 67 25 84 46 31 45 7 24 76 99 99 18 61 99 6 99 99 67 99 99 99 69 61 99 99 61 75 99 54 40 99 81 90 99 46 46 4 51 0 36 3 16 49 11 22 99 99 3 99 99 99 99 99 99 48 
12 54 10 54 1 99 15 57 12 55 99 54 57 39 99 99 99 22 43 69 61 60 16 94 57 73 31 57 96 99 99 16 99 96 99 99 30 1 21 75 84 30 99 60 15 37 49 60 25 43 49 88 78 54 34 99 57 99 4 81 94 69 97 54 99 33 99 84 99 46 26 21 61 42 62 0 31 31 5 52 12 45 90 99 99 79 93 3 99 99 99 
42 55 9 90 76 19 99 16 99 84 69 6 99 67 82 36 28 97 99 54 99 99 61 66 99 9 46 72 60 99 72 72 87 57 78 99 45 22 94 49 25 3 33 22 84 99 34 6 99 99 73 51 52 90 45 22 76 99 99 19 57 36 19 99 99 52 99 16 27 57 47 2 56 65 12 44 0 44 29 7 15 58 18 99 33 48 21 31 99 99 31 
36 57 99 36 19 16 19 42 99 99 99 46 58 85 99 99 99 9 85 10 10 99 48 1 46 69 42 36 99 37 93 27 1 99 99 99 10 99 82 99 46 75 99 99 28 97 99 99 99 99 99 99 45 99 63 58 1 1 21 99 51 82 46 64 99 54 99 51 45 13 2 58 46 6 33 24 43 0 10 1 99 99 99 99 13 28 70 46 72 25 67 
63 99 99 1 55 16 99 34 55 36 99 93 25 13 99 25 99 99 99 43 37 96 12 52 37 25 99 42 87 66 66 70 99 99 6 99 64 37 21 99 99 27 97 99 18 4 21 40 75 99 99 27 96 99 99 7 31 4 99 99 3 7 88 99 27 73 94 39 48 13 4 56 24 15 43 30 62 42 0 18 48 7 99 99 18 51 99 88 99 99 66 
99 73 73 99 99 10 99 55 33 99 88 46 28 99 99 94 96 99 99 99 22 99 99 99 88 85 99 99 46 78 99 72 99 94 99 58 78 99 99 84 99 99 99 99 99 48 85 81 99 99 99 55 1 55 31 99 99 52 99 52 48 84 36 49 31 16 60 99 75 99 39 28 12 20 58 39 40 18 15 0 31 99 99 99 91 34 94 46 25 3 84 
75 1 99 81 99 99 72 76 39 99 54 99 7 48 85 61 91 99 87 99 99 27 99 36 99 33 60 57 13 90 99 72 99 72 51 13 60 99 61 16 31 40 99 4 25 99 46 34 91 99 76 84 36 27 30 78 1 55 75 99 91 99 99 99 99 99 90 64 42 75 99 22 1 99 99 39 99 99 36 78 0 20 22 41 49 34 10 6 2 42 1 
15 99 4 99 12 99 93 36 99 99 52 99 15 4 99 72 99 96 33 90 99 99 99 99 52 91 99 49 63 51 73 45 81 99 99 99 99 99 31 84 84 69 19 45 99 99 49 99 99 85 99 97 99 40 57 48 18 99 99 13 70 7 97 51 73 99 49 87 60 36 49 48 93 16 75 10 99 99 18 85 60 0 54 1 60 20 19 22 48 2 99 
82 19 99 43 57 99 9 49 99 55 72 87 58 76 60 57 99 97 57 1 55 99 24 91 81 36 42 60 22 82 99 81 60 99 27 1 81 99 99 99 79 99 99 25 21 48 75 21 19 43 99 3 34 63 69 60 58 6 99 30 46 99 99 9 99 99 99 78 22 46 36 10 40 49 10 99 7 66 99 24 9 10 0 61 14 13 41 37 34 44 39 
99 78 34 99 13 99 49 99 6 73 40 93 64 99 99 4 31 81 99 31 48 58 99 99 82 1 9 99 78 99 19 99 99 99 99 99 79 37 99 21 24 55 27 99 70 43 99 99 51 99 72 25 27 79 99 19 99 27 99 88 99 99 45 99 90 45 54 72 13 39 70 85 28 94 27 16 21 24 66 28 48 35 19 0 38 14 16 20 27 40 99 
19 21 67 99 99 99 37 73 99 99 99 33 99 6 7 99 99 78 93 34 99 99 73 99 66 58 99 99 66 99 87 10 88 34 54 99 48 99 99 66 97 27 99 37 99 99 24 63 25 75 99 34 99 99 12 30 1 33 99 58 49 99 96 25 97 6 99 72 67 49 30 1 72 31 99 30 57 99 99 79 38 46 50 35 0 51 2 16 24 43 12 
93 70 10 99 99 99 88 9 99 31 99 6 99 22 54 39 61 49 70 60 15 19 33 93 72 34 10 9 43 61 28 3 10 31 99 99 99 73 49 79 99 54 94 99 87 28 99 99 73 49 30 99 28 52 45 76 81 7 66 99 72 99 19 88 67 73 99 10 99 99 88 99 76 75 19 99 39 99 36 75 54 18 10 59 27 0 8 29 22 63 67 
99 1 85 85 99 99 46 81 99 99 97 85 99 99 99 99 99 16 73 99 99 1 61 99 99 99 33 99 99 99 87 28 90 99 99 24 1 75 99 6 19 57 99 99 61 99 48 99 34 75 99 99 6 67 18 31 64 76 99 99 60 99 13 82 99 48 88 4 27 99 6 72 79 22 99 28 49 39 64 99 42 44 56 56 65 29 0 33 4 63 75 
52 99 60 58 99 99 55 99 99 99 93 55 99 99 79 37 93 82 12 82 87 10 45 99 91 75 31 25 16 7 99 93 63 57 99 99 99 99 70 90 97 90 84 94 87 58 99 36 70 99 99 99 99 40 3 64 99 67 99 9 99 16 55 54 72 37 42 99 66 52 19 10 64 75 99 27 33 34 96 90 46 28 53 53 2 14 54 0 37 49 43 
99 46 87 99 99 43 99 16 24 54 93 42 99 99 43 24 46 43 40 57 84 10 1 27 73 73 91 79 73 48 73 21 3 52 99 99 87 96 72 43 28 99 99 31 22 70 13 34 99 1 99 67 99 75 76 54 99 99 76 99 19 99 99 99 7 99 7 52 63 99 99 39 99 55 99 18 48 36 45 27 61 64 19 64 20 24 17 66 0 26 99 
34 75 94 46 70 54 25 69 52 99 76 96 66 12 28 1 96 36 99 37 36 34 99 99 1 69 99 73 99 27 6 82 12 43 55 54 99 99 99 99 99 57 57 99 99 15 99 28 88 99 99 99 99 99 64 31 96 45 40 99 82 82 28 25 88 16 36 13 79 99 21 27 81 99 55 49 84 99 66 99 36 3 23 6 10 65 30 57 35 0 7 
99 48 99 99 46 37 49 58 99 99 99 99 97 79 75 9 70 42 57 99 3 51 99 99 34 99 76 99 55 60 21 40 54 63 15 61 99 84 99 99 99 84 90 99 91 36 87 33 76 40 99 18 63 9 57 75 91 99 78 99 36 78 99 33 75 45 99 99 3 45 99 18 16 60 99 99 99 99 88 99 99 99 99 99 45 99 61 99 76 37 0 
