n: 90
m: 2
Pi:U[1-99] 56 11 43 15 41 60 47 67 76 74 33 41 48 89 54 78 21 41 2 78 17 53 33 48 57 63 94 30 41 93 5 64 46 61 13 81 38 41 97 47 40 55 73 19 4 64 35 5 50 5 34 26 58 1 51 28 85 90 67 45 31 22 64 49 34 23 80 87 37 39 23 22 29 46 30 19 73 10 40 58 94 26 35 41 58 76 51 51 4 96 
Si:U[50-99]
0 89 70 98 51 84 66 80 64 99 79 57 90 62 82 74 68 82 93 96 66 63 90 81 63 67 54 85 83 73 97 76 59 55 83 77 93 88 80 65 94 71 89 67 96 87 53 54 92 92 68 99 65 51 73 76 82 70 65 83 62 87 95 71 60 50 56 90 76 73 58 75 97 59 52 90 82 72 83 50 58 92 63 97 95 87 68 55 52 82 67 
77 0 89 50 63 58 89 86 73 58 87 61 88 68 71 96 88 91 51 76 64 61 90 50 86 51 91 88 71 88 63 75 79 61 62 54 50 62 72 74 52 58 85 51 60 67 91 62 87 73 64 51 64 51 71 53 84 93 73 53 57 79 96 72 92 88 71 87 55 64 66 95 97 86 98 81 95 60 88 89 81 62 97 68 98 79 62 77 95 53 80 
69 79 0 84 50 91 50 52 85 96 72 65 81 54 81 73 54 69 86 82 75 50 92 62 78 65 83 72 66 88 77 61 93 62 97 72 56 77 73 71 52 63 64 86 56 95 62 96 81 72 66 73 77 83 78 53 85 68 58 77 74 61 53 77 70 79 96 79 88 77 52 83 70 66 93 75 88 94 90 76 50 69 56 65 86 78 60 85 85 70 94 
85 96 96 0 67 91 72 89 90 89 63 83 52 70 70 66 98 52 94 52 60 85 68 55 84 74 61 82 63 97 77 90 56 92 93 55 66 52 58 63 87 85 98 88 75 56 66 55 72 54 93 61 65 81 71 86 76 93 79 61 64 91 90 83 63 75 54 50 97 80 88 64 77 64 50 77 85 88 83 65 59 86 55 86 93 85 70 57 94 60 62 
93 77 93 86 0 95 88 97 75 87 71 83 60 70 71 83 90 51 64 87 54 81 54 52 62 51 73 71 66 73 79 97 89 52 97 82 63 57 95 73 70 95 89 63 62 79 93 60 59 87 51 89 87 97 82 89 78 74 67 55 81 52 62 63 50 93 52 54 82 85 58 91 87 75 82 52 86 54 71 70 54 91 68 95 66 95 60 58 90 61 79 
93 84 91 61 66 0 61 71 69 86 74 57 56 70 53 65 72 51 51 51 88 67 61 51 56 97 89 61 65 98 65 66 93 87 68 54 57 50 78 93 66 66 81 89 50 88 89 54 87 59 65 83 80 52 66 59 89 54 72 91 91 76 59 51 80 54 54 50 68 50 99 68 97 93 98 87 55 83 74 66 68 82 94 94 61 73 99 53 92 58 84 
87 50 89 82 77 65 0 77 88 70 94 60 52 92 75 87 53 79 89 78 65 88 56 72 61 67 88 83 55 99 63 50 58 78 96 70 85 64 81 56 57 76 55 88 70 57 72 92 89 73 75 77 50 67 63 83 88 63 81 59 52 72 68 77 91 90 63 61 95 65 90 60 87 51 70 74 96 75 99 69 66 53 54 60 58 90 68 63 70 53 90 
50 54 89 63 80 87 77 0 71 60 83 73 51 87 72 61 68 70 58 59 64 74 82 65 78 90 72 85 90 92 79 96 58 98 75 62 88 77 68 84 54 77 61 85 79 74 63 77 50 93 78 51 97 56 94 55 84 64 72 70 74 94 85 88 62 93 58 95 74 92 63 96 52 59 73 72 84 94 89 74 73 67 57 59 94 52 58 58 92 81 89 
66 74 65 89 85 63 60 80 0 60 78 58 91 73 67 68 68 68 79 51 67 77 54 91 86 94 67 50 63 79 64 85 75 80 99 50 82 70 94 73 72 52 97 87 83 70 67 89 68 86 78 83 99 71 93 73 52 76 77 72 73 84 87 77 84 99 75 69 98 94 76 72 56 78 87 71 52 96 68 91 80 90 95 75 63 92 72 79 72 75 66 
79 54 97 76 74 59 80 70 64 0 86 64 86 58 82 71 56 81 82 86 57 61 56 70 54 53 71 97 86 71 77 69 62 77 73 69 63 83 67 72 95 96 68 81 66 59 75 58 90 68 99 50 86 77 62 85 53 98 98 83 63 60 99 60 51 59 88 89 77 53 92 52 86 83 95 88 99 81 99 94 50 61 51 90 89 90 72 73 55 94 51 
55 97 80 90 89 87 74 77 77 86 0 91 63 95 65 61 80 58 98 71 62 61 93 96 75 58 98 80 76 94 63 61 68 91 87 50 99 96 76 79 57 75 68 65 52 53 77 83 65 69 60 96 76 63 90 58 68 90 82 61 66 80 71 89 76 98 61 67 56 62 96 73 68 68 54 66 57 74 63 76 68 78 51 52 97 50 80 61 84 70 67 
88 75 69 85 78 51 50 94 95 55 92 0 88 81 84 54 70 77 94 70 71 96 89 72 81 88 80 54 86 52 54 50 98 96 70 98 80 50 99 71 54 51 70 57 90 94 57 77 67 61 68 88 87 95 51 87 81 62 60 65 92 67 66 93 87 74 77 52 71 82 52 76 84 87 85 86 70 66 72 68 70 74 57 82 91 95 79 50 54 56 65 
94 82 68 69 97 94 84 75 90 78 76 94 0 79 58 86 61 78 61 67 70 74 65 63 79 50 71 54 83 95 71 62 82 72 78 77 77 58 79 53 84 67 68 72 95 77 69 59 53 77 73 75 58 55 93 99 97 99 58 83 89 93 92 65 65 63 86 73 93 91 57 55 90 55 74 97 92 86 75 54 51 78 88 52 91 72 86 82 75 92 68 
57 90 94 60 74 70 97 93 97 55 58 70 87 0 93 62 90 63 92 95 90 57 89 77 71 73 79 75 64 78 68 52 61 68 89 83 83 58 69 68 53 84 72 58 79 86 72 91 60 57 88 67 96 79 66 63 51 58 85 61 59 93 64 69 56 54 53 78 75 56 79 60 90 54 74 70 73 67 54 75 52 74 67 63 75 89 74 83 58 75 98 
62 54 62 68 80 83 70 81 88 55 68 83 51 55 0 94 63 89 97 73 85 81 96 91 62 69 74 85 59 65 98 79 84 63 79 78 58 67 75 53 79 69 76 61 86 69 80 98 90 76 82 59 88 79 54 75 92 98 51 50 81 99 67 65 51 95 60 99 93 62 75 71 61 58 83 79 68 83 73 74 96 91 81 90 58 98 98 98 58 76 84 
60 81 70 82 81 64 62 85 64 63 92 52 60 65 79 0 99 65 62 93 58 55 62 58 89 80 94 93 60 55 67 92 92 87 81 78 93 69 63 57 99 99 57 93 78 56 72 96 52 51 59 62 61 64 88 99 55 92 80 92 69 96 52 54 76 59 69 55 83 50 50 84 90 52 54 72 86 58 74 95 76 50 70 50 59 60 96 80 82 59 84 
75 61 88 80 86 84 62 53 81 56 70 57 67 61 85 75 0 85 50 52 80 69 57 75 81 79 88 79 67 70 78 80 81 79 60 91 72 62 89 95 95 52 71 89 97 81 70 73 76 57 86 88 69 55 50 64 89 87 69 52 66 94 80 97 55 80 83 65 61 66 60 71 57 87 89 71 92 87 73 88 54 76 52 75 95 60 54 76 82 62 55 
58 51 91 60 80 53 72 55 70 90 62 90 73 56 71 97 97 0 77 96 69 85 96 61 65 96 83 69 53 76 77 68 66 67 96 89 99 85 97 91 51 51 68 54 55 93 57 74 92 64 66 61 86 89 85 93 71 90 90 81 74 77 81 83 77 51 66 78 59 73 99 73 93 68 60 58 90 91 69 74 96 70 56 96 99 93 57 76 89 63 86 
89 75 88 78 83 98 57 75 94 78 75 54 83 77 60 87 71 71 0 97 85 57 71 62 70 51 61 82 62 94 72 99 92 87 92 56 77 59 56 58 80 72 56 53 73 88 97 88 52 80 62 63 77 60 71 53 55 59 75 83 85 87 67 65 57 76 87 72 66 87 59 66 54 74 59 51 51 89 75 63 58 91 90 67 88 72 78 92 65 64 56 
90 67 96 84 79 52 87 93 99 89 51 72 75 83 80 96 83 86 90 0 58 64 81 58 67 70 66 95 53 93 68 71 82 70 55 52 61 78 89 88 91 80 55 52 94 71 75 56 71 74 67 65 90 74 66 88 61 75 75 99 88 96 63 59 63 52 84 87 79 96 88 91 61 84 65 93 64 66 66 73 53 82 52 61 87 65 89 88 61 71 51 
71 87 62 91 53 62 96 73 67 96 98 79 64 65 86 81 58 60 60 95 0 86 81 50 92 51 52 67 99 82 69 72 78 98 91 96 54 54 74 80 58 69 88 58 92 91 58 84 53 91 51 61 51 90 74 82 71 87 63 75 72 97 95 64 91 82 76 66 97 66 95 91 55 96 59 88 80 98 85 94 79 64 53 53 78 57 79 83 67 70 95 
82 74 83 57 78 83 78 77 83 69 69 64 66 54 79 59 67 81 55 76 50 0 66 83 75 83 69 70 78 69 86 95 62 95 82 69 64 95 51 69 63 89 89 97 90 81 83 86 69 68 67 61 73 75 96 86 79 61 79 93 85 72 79 72 87 53 99 56 67 65 94 75 85 90 81 73 68 88 93 76 66 83 53 53 87 70 77 67 59 57 69 
59 98 92 71 65 60 84 63 88 93 69 70 75 65 73 96 75 62 82 79 85 74 0 67 52 64 55 91 91 59 88 67 67 63 55 50 78 88 63 61 60 78 51 70 64 77 95 92 69 57 57 53 75 93 75 51 64 69 80 75 82 55 67 84 51 88 84 93 59 52 64 60 58 69 73 61 73 79 90 84 72 96 97 66 80 80 91 79 62 63 70 
54 80 51 77 95 68 65 75 70 71 87 60 84 53 91 54 85 85 67 82 63 69 76 0 98 78 91 50 98 90 68 66 57 75 95 68 91 93 56 92 67 95 98 84 97 65 91 87 80 86 50 63 67 61 79 79 78 60 60 92 90 90 68 74 64 73 87 57 90 81 81 97 63 59 97 92 50 54 70 71 78 65 93 75 55 70 57 72 61 77 83 
72 60 92 96 68 62 86 78 98 89 73 69 63 56 50 87 59 73 66 63 53 53 86 68 0 58 87 64 54 65 57 66 66 69 90 58 55 58 85 57 97 80 59 51 82 68 70 90 99 82 66 51 55 86 97 75 74 93 61 53 80 96 86 58 67 99 93 82 86 87 56 85 76 53 86 92 96 84 98 92 80 60 95 91 99 65 65 89 64 61 64 
55 77 95 86 84 67 91 70 95 87 69 86 75 83 58 59 58 98 52 92 78 92 64 57 54 0 76 65 58 51 89 71 53 69 70 52 50 68 61 78 70 78 54 71 97 68 85 50 95 80 69 61 74 74 86 91 97 52 60 79 80 73 67 52 61 59 68 64 57 70 74 56 99 76 81 94 63 86 82 86 56 64 89 97 69 75 91 63 72 64 71 
84 70 72 59 95 86 82 94 55 64 94 93 94 88 72 94 96 62 51 63 76 71 59 55 71 79 0 50 89 99 87 99 50 92 89 82 74 97 91 54 98 89 90 71 86 71 73 59 61 63 65 87 77 67 74 91 53 75 76 73 68 84 63 80 76 71 50 64 84 89 70 63 98 81 80 61 68 69 71 69 90 61 98 61 95 86 68 81 73 92 71 
74 73 92 56 69 75 71 96 73 81 63 90 55 55 64 98 77 65 58 90 69 81 60 79 86 80 79 0 96 52 69 80 98 62 89 53 86 50 89 69 91 62 74 73 90 75 53 67 99 84 78 82 61 85 63 83 55 74 93 77 68 82 96 85 61 83 68 88 92 89 96 90 96 68 76 50 72 95 77 96 64 84 58 96 51 57 63 52 70 84 89 
85 86 80 55 86 87 65 67 60 73 59 75 98 88 84 95 83 70 74 79 91 61 94 57 90 65 52 61 0 85 53 64 86 87 98 51 94 72 53 60 76 62 51 56 58 50 50 98 61 55 61 77 65 63 74 80 83 53 95 58 79 61 51 63 96 90 53 88 55 82 75 79 62 90 64 57 65 63 51 90 62 88 83 71 62 82 79 89 97 77 76 
86 83 68 87 61 90 55 70 96 53 79 89 74 93 92 73 93 98 56 97 93 66 65 99 74 78 81 98 73 0 98 57 80 69 88 53 64 68 85 58 87 65 86 89 81 58 77 68 81 95 65 88 79 65 76 83 71 51 68 86 96 62 97 94 87 64 77 53 76 71 76 83 54 65 99 85 87 66 95 60 80 59 81 58 54 64 76 55 59 53 78 
86 86 60 76 77 66 77 84 74 63 72 95 64 59 63 83 66 89 86 97 95 78 59 87 64 94 81 78 94 99 0 56 60 92 64 79 56 85 72 61 66 93 66 67 66 91 89 85 58 59 65 81 75 86 59 87 66 88 96 55 82 86 92 86 95 89 73 51 89 99 83 57 87 84 80 53 64 95 69 57 98 90 93 99 53 69 96 52 75 64 68 
78 50 91 63 73 94 66 72 84 52 94 81 78 60 52 55 59 61 62 75 60 92 66 55 94 56 67 61 63 92 78 0 90 61 90 98 61 92 63 91 54 66 67 62 84 65 85 68 63 89 96 81 71 73 82 95 91 73 80 99 61 63 60 53 52 87 60 78 55 81 98 83 68 92 80 93 96 51 69 76 50 65 79 87 89 58 92 78 64 50 78 
71 72 82 59 97 96 87 93 97 53 66 81 89 66 59 74 91 74 74 83 83 64 61 92 52 67 50 75 67 76 70 51 0 70 50 78 64 72 91 99 86 53 72 88 74 86 66 98 72 91 50 58 98 92 61 65 55 89 86 92 55 77 66 93 71 80 53 61 61 81 61 51 89 66 78 64 77 85 82 70 99 58 54 66 72 52 96 81 74 57 50 
89 71 63 74 90 54 90 85 63 93 66 81 91 53 78 72 62 55 83 71 67 86 76 89 83 81 91 75 70 73 98 84 77 0 62 68 69 81 73 82 56 62 67 82 67 64 81 72 74 92 91 76 64 66 85 86 87 50 52 70 84 65 83 61 54 85 88 82 54 87 61 87 96 74 55 64 67 96 60 57 73 96 71 53 84 86 60 60 68 72 89 
60 57 88 85 97 80 85 75 90 82 69 80 61 93 92 65 56 51 62 93 56 85 91 89 61 84 50 93 64 76 99 76 88 69 0 65 99 51 80 84 72 92 83 60 68 93 95 99 97 65 83 94 66 72 54 91 57 59 98 71 96 82 67 52 95 56 53 90 69 56 85 75 91 68 74 61 70 88 59 89 54 94 92 82 80 53 59 87 68 88 97 
73 63 83 95 70 75 62 91 68 79 61 80 54 53 77 83 62 88 75 98 52 58 71 52 89 58 73 58 55 87 99 79 79 51 86 0 97 54 98 98 61 54 96 74 82 77 62 61 59 82 99 89 92 86 54 81 59 54 59 79 86 80 85 65 77 54 85 93 63 74 56 85 76 78 53 91 67 63 95 56 94 89 82 76 89 64 65 97 61 74 71 
64 59 95 88 57 71 59 85 62 73 87 82 77 59 83 66 54 68 69 69 83 61 75 83 59 66 56 96 51 74 94 67 62 55 72 70 0 71 84 71 58 59 59 50 99 56 94 75 86 77 70 92 76 69 59 95 63 53 57 61 90 71 57 96 51 74 86 76 71 72 61 84 78 77 97 96 98 71 80 76 94 71 58 88 83 64 78 82 86 61 54 
98 76 51 80 68 69 97 85 82 52 73 68 76 71 59 79 95 97 56 81 73 93 96 59 92 89 78 54 69 81 63 55 63 83 79 63 91 0 95 57 93 56 98 68 72 96 65 79 97 80 54 89 97 85 64 74 58 68 97 78 53 80 58 59 63 59 77 61 74 65 96 71 98 96 53 59 71 98 95 98 73 80 99 64 53 67 90 55 84 95 76 
81 68 60 66 79 97 63 74 84 91 85 96 80 81 75 69 51 70 79 61 92 70 82 89 65 98 57 57 89 95 58 55 57 87 51 86 76 74 0 95 76 97 61 66 80 60 98 87 70 99 88 55 65 97 73 51 88 55 55 63 80 54 98 99 78 92 99 75 63 67 79 57 87 73 88 64 69 94 89 73 97 74 55 67 98 87 63 61 89 73 83 
68 52 96 74 87 98 70 51 98 87 51 92 86 90 67 90 91 56 65 66 80 62 80 69 70 74 71 80 63 80 66 52 77 73 80 63 79 55 67 0 61 98 87 50 63 73 98 67 94 54 92 71 66 61 63 84 68 73 80 84 69 59 82 75 72 85 53 51 70 56 70 71 75 54 61 50 99 78 98 59 90 56 52 88 96 71 83 99 51 54 82 
94 64 97 74 97 92 52 89 78 87 51 95 52 61 88 86 97 98 84 59 76 92 98 55 60 88 91 55 95 53 61 97 79 81 94 97 51 82 66 85 0 64 60 88 72 85 82 81 65 87 87 67 61 73 93 68 63 50 69 61 85 93 72 77 82 91 54 94 89 63 71 88 53 88 73 98 51 84 77 99 77 79 73 96 51 58 98 87 76 85 56 
85 72 72 88 86 52 66 75 98 97 71 62 91 57 53 63 81 62 75 95 94 88 98 81 99 73 99 54 58 51 64 58 55 50 60 58 61 54 77 85 78 0 51 88 90 93 63 80 81 58 65 69 98 68 58 65 98 98 67 88 91 85 88 50 68 99 66 91 55 59 53 72 64 61 69 72 50 85 87 88 81 72 71 87 66 51 96 64 66 58 72 
73 75 63 85 53 99 68 51 59 94 96 86 76 58 90 84 93 60 54 84 72 88 80 90 72 52 68 55 97 66 51 98 73 62 78 61 97 54 78 76 60 52 0 69 97 80 81 76 97 92 90 86 92 64 95 91 96 87 56 98 69 97 58 97 80 53 51 85 61 93 97 77 71 60 77 72 93 73 53 92 59 87 92 80 81 68 92 84 86 60 75 
61 67 66 53 91 87 77 90 86 97 62 60 71 70 66 61 80 55 59 83 93 70 61 95 61 59 85 73 83 91 55 77 84 70 88 68 74 99 87 70 50 55 73 0 87 71 72 93 79 84 71 80 57 75 69 56 62 87 64 88 99 52 54 65 77 93 59 59 68 80 94 60 94 53 70 60 66 58 67 62 55 68 56 82 56 90 51 71 86 66 53 
61 95 55 86 52 92 86 85 71 67 91 78 82 81 60 77 71 80 94 83 75 82 77 75 91 93 89 72 88 67 52 98 88 61 60 59 88 61 62 70 60 84 67 63 0 61 55 52 85 66 84 57 92 89 61 77 91 79 82 69 82 63 59 75 72 58 53 82 94 99 78 90 86 83 58 91 79 59 50 59 99 95 51 67 68 58 58 92 52 94 68 
61 71 79 95 63 79 77 69 57 79 74 59 77 65 81 83 78 89 76 86 82 55 92 67 53 71 70 68 58 98 96 72 70 77 98 51 54 53 61 76 76 70 72 58 52 0 52 76 76 51 55 82 61 85 81 52 60 86 72 95 83 80 66 98 64 50 53 83 89 80 87 84 58 98 88 55 63 57 93 55 99 87 76 56 61 90 87 50 57 81 94 
68 94 84 63 57 55 79 96 75 82 57 83 51 83 82 98 87 77 50 86 75 94 92 53 54 66 95 96 93 64 87 62 55 89 62 71 93 89 58 58 65 53 50 91 73 74 0 70 55 58 76 99 99 72 51 95 84 76 85 90 52 62 79 97 89 64 72 68 88 84 62 81 78 78 69 95 93 69 70 86 54 79 79 60 69 66 90 96 98 55 78 
67 50 63 83 61 59 77 65 58 51 99 84 75 95 93 71 59 73 88 68 94 93 76 74 70 80 91 89 94 51 80 89 95 96 64 54 55 90 56 71 52 57 78 86 67 65 60 0 55 54 88 66 56 52 91 77 82 88 70 83 93 68 78 57 52 50 64 77 64 86 95 73 75 69 84 60 79 61 80 71 57 56 89 67 50 97 85 85 89 64 73 
84 82 78 60 55 58 51 54 88 54 83 50 58 87 96 91 86 83 77 69 98 66 92 58 83 64 95 91 57 96 70 84 91 76 73 80 72 60 52 64 71 61 92 77 74 74 53 88 0 52 91 71 51 86 98 83 88 52 72 94 52 65 74 78 73 65 81 88 65 82 99 87 94 82 50 77 91 92 53 69 72 89 64 89 99 73 88 87 81 90 78 
72 91 74 55 96 56 68 79 55 63 55 62 89 71 99 77 68 55 50 80 68 98 96 53 63 55 87 69 55 78 88 62 85 66 73 54 70 87 92 86 89 99 73 52 87 55 99 99 58 0 62 95 99 85 95 88 59 72 53 71 61 60 76 55 63 98 81 52 87 61 93 82 99 58 65 76 64 81 62 56 52 98 75 64 52 68 84 84 74 50 70 
82 67 81 88 73 64 80 81 60 91 55 96 87 62 51 91 50 92 75 94 56 76 82 77 53 57 72 84 65 60 59 68 50 82 53 81 98 65 82 66 84 58 50 82 56 92 77 60 77 81 0 52 96 83 68 64 77 57 81 64 88 65 65 83 70 94 69 54 74 55 97 69 59 87 97 91 86 76 58 55 50 91 80 96 51 78 98 97 70 60 69 
55 74 58 97 96 82 96 58 87 98 82 72 61 95 75 54 54 72 63 91 57 53 60 66 58 80 62 73 61 97 59 50 70 60 90 95 78 83 80 57 79 62 67 62 54 85 85 85 55 70 77 0 95 79 94 64 69 81 82 58 94 79 76 78 93 95 94 68 64 96 67 83 75 56 62 64 69 76 63 58 58 53 54 84 71 84 68 98 78 52 77 
66 89 96 61 89 63 51 81 87 70 55 74 90 70 93 51 60 74 72 64 81 86 63 81 60 64 74 94 78 68 92 71 95 89 76 67 87 81 75 64 57 96 50 51 72 92 72 54 99 69 92 77 0 76 72 94 99 93 68 59 53 69 90 89 65 51 64 83 68 97 50 88 52 50 95 86 63 71 60 95 99 71 94 78 69 84 95 70 71 95 89 
79 67 52 65 70 65 85 99 68 72 97 99 73 83 81 82 75 68 61 72 83 76 80 86 65 62 76 76 71 52 60 77 62 80 78 62 51 69 71 83 77 92 92 84 74 61 51 63 63 85 89 95 73 0 85 58 55 93 62 83 95 61 99 53 62 51 54 94 93 52 65 66 68 68 92 84 96 67 82 90 75 72 82 79 74 75 87 94 99 96 81 
76 98 56 97 72 87 50 94 52 59 78 99 74 58 65 57 87 91 57 77 67 98 76 72 74 80 73 57 56 89 66 83 58 91 88 87 78 52 88 54 92 81 67 63 97 86 72 62 51 72 82 58 68 94 0 72 90 58 84 55 86 62 97 82 76 97 67 79 50 77 83 72 87 87 92 72 76 93 83 55 54 93 96 82 78 62 85 63 55 93 89 
53 75 58 63 87 91 79 69 85 59 89 70 81 93 67 78 88 80 70 95 80 56 74 85 80 98 92 53 56 73 66 78 96 69 99 55 90 96 55 77 51 52 97 52 52 69 51 96 58 97 62 53 92 85 59 0 65 52 92 51 75 60 51 92 91 60 62 94 80 68 69 88 74 95 86 69 82 55 80 66 56 92 86 75 84 95 96 57 88 92 76 
64 67 63 65 57 54 60 70 99 85 94 95 80 98 94 87 71 84 96 71 68 72 88 66 55 59 74 78 96 83 70 56 94 62 80 97 52 64 98 69 54 96 54 91 89 80 95 82 64 59 62 52 86 71 60 53 0 79 92 50 86 68 81 81 99 98 98 66 87 90 74 96 97 80 78 81 77 93 91 80 76 51 52 94 80 89 77 67 51 78 95 
61 77 83 51 83 82 71 58 91 54 68 72 84 62 99 65 62 86 82 52 55 98 65 68 68 64 58 78 50 53 83 80 86 68 88 91 80 81 58 81 81 60 87 73 61 57 85 74 93 68 80 76 69 52 51 93 73 0 52 61 98 65 95 96 69 75 91 98 53 87 74 64 71 61 73 82 77 61 84 63 94 53 52 70 59 86 75 79 50 85 63 
90 77 80 91 71 97 58 55 89 79 53 78 69 81 66 58 87 61 51 57 75 95 97 88 55 59 98 76 61 89 64 92 62 83 95 94 65 84 93 82 80 69 73 75 87 81 87 69 93 73 98 53 84 78 81 95 98 64 0 58 99 52 50 66 77 89 78 91 82 74 93 59 63 67 96 98 74 72 81 54 78 55 51 51 67 77 73 66 87 83 55 
69 82 71 90 58 96 61 71 61 92 95 66 82 61 93 96 96 91 94 91 57 91 98 98 67 52 93 94 75 84 92 74 90 59 56 98 66 97 90 91 83 89 91 55 85 54 68 74 57 79 53 94 52 76 60 62 80 98 99 0 75 90 82 68 88 85 80 71 95 63 67 60 62 78 95 70 72 57 81 74 88 50 94 78 91 76 78 91 54 97 73 
86 82 70 58 84 55 62 51 79 97 93 82 98 82 58 89 87 67 93 57 84 92 66 81 80 84 53 64 63 72 98 62 94 91 80 65 63 98 54 84 84 84 53 50 85 63 80 58 97 96 79 88 54 91 95 62 79 66 51 98 0 63 71 88 79 73 95 94 96 62 92 55 52 76 69 53 62 67 84 67 92 98 86 74 89 83 64 90 82 75 99 
59 59 64 69 68 57 69 60 60 56 53 59 96 96 50 54 59 55 93 75 52 90 54 90 88 95 64 53 92 91 73 84 90 83 92 95 83 98 88 86 76 81 70 68 99 54 83 89 51 64 60 74 61 76 58 74 79 78 50 90 51 0 66 68 83 89 83 55 92 90 87 80 95 68 55 54 52 68 82 94 88 87 69 65 92 72 92 50 75 94 65 
93 60 51 52 51 69 75 92 91 66 63 81 69 62 98 63 60 70 90 77 85 61 70 63 80 83 72 89 85 52 69 92 70 72 98 93 81 72 99 58 55 92 77 69 98 52 96 81 62 88 85 61 92 64 66 58 74 61 67 64 67 77 0 74 55 96 87 98 53 63 82 93 66 91 65 87 78 75 64 91 81 69 87 81 62 83 89 87 67 93 59 
89 78 51 87 87 78 97 69 57 66 59 94 92 97 73 79 79 90 57 64 78 94 76 83 55 95 90 50 61 99 53 95 93 58 69 80 80 65 88 99 66 78 55 76 72 67 53 72 58 83 70 64 51 83 52 97 52 83 79 61 85 73 75 0 72 65 55 83 87 99 57 50 89 65 98 92 85 89 60 64 72 68 60 85 67 90 86 77 54 80 76 
79 66 65 99 70 54 72 67 57 97 64 59 87 71 78 50 80 65 99 85 71 93 82 60 95 56 90 72 60 69 86 61 77 55 64 83 55 94 95 93 95 91 63 99 66 69 95 83 75 89 96 70 90 97 96 72 85 56 96 90 52 69 89 61 0 72 69 62 82 56 52 74 99 96 78 76 83 70 72 52 91 85 76 66 95 65 58 58 68 72 88 
93 68 81 62 79 87 69 57 90 68 65 54 55 85 54 78 80 93 68 71 91 69 79 93 65 99 51 99 86 60 72 86 81 67 83 98 52 85 69 72 97 95 81 52 65 97 53 77 52 66 73 63 82 83 60 73 60 50 95 60 77 67 66 72 97 0 60 72 68 64 63 86 60 50 71 83 50 74 86 50 72 54 72 90 91 98 81 90 71 77 63 
92 59 97 58 91 96 69 96 81 91 52 52 53 66 54 50 93 81 94 89 66 66 50 87 71 87 68 69 68 81 60 69 80 51 86 86 54 85 92 58 68 60 91 50 50 74 83 85 80 85 97 93 52 78 52 55 76 61 81 70 78 78 50 93 65 68 0 75 69 57 92 73 52 78 71 90 78 80 80 54 85 75 90 93 96 67 85 51 75 87 54 
63 95 70 81 63 62 94 57 64 68 97 77 77 56 93 53 99 73 84 63 72 81 74 60 54 50 80 53 58 55 75 97 97 88 83 92 91 91 96 57 53 58 83 82 51 50 98 79 50 97 86 91 97 83 83 76 55 84 92 51 66 88 83 69 96 92 88 0 93 50 92 97 60 67 69 55 83 99 56 63 95 96 75 69 97 94 90 96 53 62 50 
57 85 71 59 58 64 94 86 55 72 69 91 96 81 62 93 94 74 97 80 52 77 98 54 99 81 66 71 83 66 92 85 78 72 75 57 60 94 71 68 70 60 96 57 74 65 58 94 86 79 93 71 88 72 51 86 89 86 84 92 81 58 65 63 71 87 54 65 0 88 79 57 87 54 98 60 68 52 50 59 62 67 58 88 70 68 55 56 60 84 55 
72 76 87 58 99 54 66 71 70 93 53 51 90 58 81 88 93 61 85 77 88 62 86 70 94 89 78 64 87 70 97 85 56 79 72 93 51 56 88 66 99 94 55 97 97 91 95 89 74 86 99 89 77 95 88 89 54 55 75 99 56 60 77 56 53 54 61 59 54 0 60 75 89 89 84 83 81 54 80 50 73 70 92 84 62 64 68 56 74 63 52 
79 50 73 50 68 54 92 52 88 88 83 73 65 92 79 57 64 76 68 52 67 52 89 73 92 89 52 66 69 54 85 63 88 64 50 93 98 93 50 62 59 91 86 84 96 83 53 71 77 53 98 51 89 55 96 80 95 75 77 91 57 73 56 84 82 83 66 97 71 84 0 98 97 85 74 73 97 80 89 75 61 54 93 97 50 65 79 73 85 51 79 
54 86 89 81 57 89 83 76 78 63 72 75 80 57 59 68 51 87 63 93 85 83 53 74 73 66 83 69 52 91 59 66 89 76 59 66 69 97 54 81 63 76 94 52 58 97 77 98 97 70 57 97 73 88 65 52 90 80 53 75 51 97 80 86 73 84 92 93 78 87 62 0 58 87 61 78 63 92 53 78 72 89 75 50 73 62 58 61 90 97 50 
81 81 56 76 98 55 91 75 76 59 81 97 64 98 72 94 62 75 89 74 77 56 99 82 66 90 89 71 65 90 55 86 87 62 65 61 68 78 60 69 67 70 95 63 66 51 94 71 95 81 53 95 98 97 96 90 66 85 87 50 54 88 66 65 75 89 61 56 64 78 83 78 0 90 62 52 69 52 58 71 95 64 77 75 85 73 70 81 78 85 70 
54 67 96 76 90 71 69 65 53 53 90 54 88 61 77 91 88 51 92 73 50 59 62 54 57 71 78 83 82 84 77 63 50 94 68 56 53 54 75 87 70 78 97 65 65 72 88 50 54 72 58 60 57 95 93 54 95 65 80 74 70 50 57 85 56 86 73 56 84 95 67 51 73 0 92 91 77 59 54 92 96 88 93 80 56 83 96 90 70 51 51 
88 65 50 50 76 66 64 73 69 62 86 92 53 63 61 51 92 98 86 99 66 72 79 95 89 59 65 92 87 90 74 92 97 58 79 72 90 53 89 66 95 68 63 89 63 75 56 83 82 99 67 85 72 84 69 51 84 99 68 99 82 90 93 88 77 77 68 54 67 63 98 53 91 90 0 72 66 83 58 84 78 74 67 51 70 91 85 81 87 69 52 
65 66 91 85 81 81 80 98 61 81 66 86 60 72 53 97 69 74 72 56 75 81 60 62 62 91 92 77 52 99 66 93 92 97 99 62 73 87 79 60 53 99 60 93 63 73 81 78 59 60 56 89 63 74 71 63 59 96 52 99 74 55 53 71 61 71 75 69 82 82 56 88 66 79 84 0 63 92 88 90 66 53 67 78 74 57 51 74 53 51 85 
80 81 58 71 56 81 89 72 99 78 76 71 70 81 90 54 67 75 58 88 87 97 91 81 81 73 56 50 88 67 58 87 90 75 94 51 98 75 78 94 94 58 92 69 59 97 51 70 93 58 96 78 87 59 66 73 72 90 93 95 99 81 50 90 86 63 64 90 65 74 95 59 56 91 82 52 0 53 72 88 70 62 96 73 93 52 91 98 74 59 72 
97 82 65 86 74 97 80 78 86 80 86 97 99 58 87 95 78 92 58 95 98 52 62 90 88 71 79 75 53 54 64 75 64 76 65 67 78 95 82 75 96 83 97 52 66 54 74 79 53 72 80 89 55 95 98 53 56 73 81 84 65 56 94 51 64 50 66 83 93 85 99 96 74 56 83 79 76 0 68 93 71 86 63 70 72 79 52 64 90 88 98 
88 67 63 83 84 59 50 82 89 56 86 71 65 86 63 87 55 86 94 66 52 87 80 61 54 90 53 67 52 60 95 65 93 80 68 62 76 60 75 91 90 59 61 92 55 97 96 83 97 72 52 54 72 59 71 72 57 63 54 62 94 72 83 50 92 88 71 57 59 94 96 52 81 85 94 94 82 85 0 87 63 68 72 60 64 71 64 78 96 55 74 
90 76 92 95 59 54 78 68 86 73 94 75 53 70 56 90 70 90 62 61 98 50 81 51 69 66 78 62 80 70 96 55 57 82 50 87 55 76 66 88 88 62 73 67 99 52 66 78 53 86 52 50 67 54 85 73 71 56 72 85 66 90 52 73 51 81 51 73 58 71 78 54 68 96 64 84 83 98 69 0 66 63 77 84 78 83 58 95 96 84 85 
91 51 65 77 61 68 92 65 59 86 53 54 85 65 75 82 93 79 79 66 61 61 80 51 80 67 71 89 70 67 51 89 95 63 70 56 65 62 88 98 67 77 86 70 71 85 93 93 61 54 77 73 99 60 69 71 65 61 60 93 65 68 72 62 94 84 70 66 63 84 87 77 92 66 87 59 84 95 68 96 0 88 71 74 84 80 62 98 76 53 52 
96 95 58 52 81 64 50 97 53 70 77 68 50 54 59 74 72 72 53 96 81 82 87 68 83 94 97 90 68 90 64 83 94 60 80 96 69 84 63 60 84 61 83 69 72 68 64 91 64 56 63 56 83 63 51 53 58 58 58 85 63 73 55 97 57 84 64 59 69 63 77 54 92 81 75 55 61 99 93 59 66 0 79 81 74 99 83 92 94 88 88 
74 55 53 86 77 87 93 67 78 89 63 80 92 79 90 98 97 78 87 66 60 87 85 78 59 95 81 83 66 75 79 77 59 60 58 58 56 96 77 83 71 63 93 98 74 79 83 81 80 76 53 50 77 87 53 86 96 74 75 92 61 51 84 68 78 87 70 51 92 91 65 86 86 54 63 59 78 71 96 75 84 64 0 74 68 60 82 94 91 94 93 
58 98 87 89 66 59 64 68 82 84 78 54 88 91 53 77 54 73 69 69 62 92 93 99 57 56 54 73 77 60 71 74 66 84 88 89 75 57 72 86 92 60 72 59 60 77 58 73 99 80 72 68 74 72 84 73 95 57 79 90 69 78 51 75 86 60 68 64 93 50 77 61 76 80 66 99 62 50 70 68 53 99 89 0 64 57 76 65 59 69 61 
90 95 88 89 71 87 89 90 93 85 95 93 84 96 57 74 97 61 99 99 93 60 77 65 62 62 57 98 85 75 60 84 87 82 84 62 82 60 70 56 72 98 69 57 85 82 81 98 89 99 87 54 81 74 85 92 71 71 63 61 77 89 99 94 60 77 77 93 80 65 74 54 61 53 93 63 70 96 82 83 79 81 97 53 0 58 96 58 62 56 83 
92 74 52 59 53 92 56 89 74 59 87 53 59 86 60 92 83 62 60 65 50 57 68 86 98 58 63 91 77 61 66 95 56 57 55 82 54 82 64 57 91 60 83 68 71 93 95 67 77 84 52 84 60 82 92 69 98 69 87 55 75 85 70 84 93 57 51 54 93 64 72 68 87 86 85 96 53 74 52 89 81 53 74 77 85 0 51 78 96 50 94 
73 83 54 63 86 98 55 65 85 59 88 88 81 55 65 70 52 88 85 59 93 74 59 58 96 58 56 58 66 91 99 78 95 80 57 81 74 60 57 76 74 63 57 81 98 63 82 53 67 76 71 87 86 83 53 72 52 50 60 50 59 54 97 94 90 84 76 95 60 70 55 76 87 97 84 99 67 68 59 88 82 92 86 72 70 55 0 80 76 82 66 
70 92 81 97 83 54 77 72 73 60 93 50 93 68 67 97 65 81 91 97 61 97 56 64 75 61 52 50 72 86 65 59 55 98 67 62 80 75 90 59 56 95 94 53 59 90 64 86 72 70 69 55 61 97 66 80 71 59 95 73 89 85 51 50 60 67 90 82 60 80 77 51 81 56 69 64 64 88 79 61 93 57 72 93 89 71 60 0 83 76 66 
54 69 52 81 67 75 94 51 59 51 79 94 55 51 86 86 66 63 60 59 58 79 62 91 99 56 79 51 59 86 74 73 62 88 67 62 52 81 54 80 51 98 58 53 60 72 54 96 66 81 76 95 63 88 55 56 78 51 90 53 55 83 85 81 91 69 50 82 95 54 78 63 83 72 53 92 80 52 94 57 83 58 79 72 52 57 87 74 0 66 90 
95 63 83 95 52 58 72 89 93 67 92 88 62 81 91 67 51 56 78 69 52 71 88 51 82 98 50 72 71 87 57 57 51 61 82 84 65 90 52 72 98 62 82 87 50 99 52 53 85 69 82 73 84 89 85 87 72 92 72 85 86 86 54 86 86 74 94 75 96 72 85 91 59 90 54 74 54 66 67 80 86 55 83 99 88 75 78 85 86 0 51 
85 64 67 50 60 61 94 86 53 81 97 91 83 61 85 55 55 78 85 83 91 66 92 91 57 79 82 69 88 81 66 89 91 93 98 59 74 65 88 59 98 62 60 75 87 68 78 52 71 75 54 65 55 73 92 95 89 79 93 82 83 93 85 52 99 50 50 98 69 82 84 93 73 56 72 50 60 87 60 91 73 61 64 94 96 83 51 61 53 73 0 
