n: 90
m: 10
Pi:U[1-99] 94 29 9 47 9 38 84 20 26 20 42 60 90 52 83 75 58 11 15 2 21 26 67 77 27 90 33 9 84 83 48 93 98 61 54 65 51 58 57 42 43 59 21 35 7 34 53 4 2 18 65 87 53 77 22 41 27 56 8 38 54 38 81 31 40 40 33 93 30 26 70 14 84 23 47 86 22 12 66 84 9 7 84 51 51 48 53 73 77 92 
Si:U[50-99]
0 44 50 45 38 64 34 43 52 56 99 99 94 85 99 99 99 99 96 99 99 99 99 99 99 88 97 99 76 99 99 99 99 99 79 99 99 76 99 99 99 99 93 94 84 94 99 78 94 99 99 82 99 99 99 99 99 99 99 99 99 99 99 99 99 91 82 81 97 99 79 99 99 99 99 99 99 99 99 99 99 99 99 99 99 87 99 87 99 99 99 
52 0 43 46 33 45 40 60 57 54 99 99 99 75 99 99 99 99 99 99 81 97 96 99 99 99 99 99 99 99 99 87 99 99 99 94 76 99 99 99 96 99 99 99 99 99 90 99 99 99 85 99 99 79 99 99 99 99 94 87 97 99 99 99 79 99 99 99 99 93 81 99 84 75 99 99 99 84 99 87 99 99 99 88 99 99 99 99 75 99 99 
37 64 0 36 60 36 56 64 43 60 99 99 99 99 84 99 99 99 99 99 99 99 99 99 99 82 99 99 99 99 81 99 94 99 96 99 96 99 99 99 99 99 99 99 99 94 99 99 99 82 94 99 99 99 99 78 99 96 79 85 99 99 99 99 88 99 79 99 99 99 96 82 99 78 99 99 99 99 96 93 90 96 82 97 75 99 85 99 94 88 99 
53 40 53 0 51 56 46 56 40 34 99 99 99 99 78 99 88 99 99 99 82 99 99 99 99 99 99 75 90 90 99 99 99 99 94 81 97 87 99 99 82 99 76 75 99 76 99 96 99 99 99 99 93 99 90 97 78 99 99 93 99 99 78 99 82 99 96 99 99 94 81 99 81 99 99 97 99 99 99 99 79 99 94 94 96 99 99 99 99 99 97 
56 52 57 50 0 46 38 52 36 50 99 96 99 99 99 99 99 99 94 99 99 99 85 99 99 99 99 99 99 82 99 85 99 99 99 99 96 99 99 85 87 99 99 90 99 99 99 99 99 99 99 91 99 99 85 99 99 81 81 99 99 99 99 99 99 99 99 99 85 99 99 99 99 99 93 99 99 97 99 99 99 99 99 99 99 99 84 99 99 99 99 
49 47 65 41 64 0 65 45 42 50 99 75 84 79 99 99 99 99 84 99 96 99 88 87 87 90 99 99 75 99 99 99 99 99 97 90 99 99 88 99 87 99 99 99 99 99 99 99 99 99 99 91 99 99 79 99 99 99 81 99 99 99 75 99 99 96 99 99 99 97 99 99 99 99 99 99 99 99 99 85 99 99 99 99 99 76 76 99 82 99 90 
33 64 33 59 37 58 0 63 65 49 90 99 97 99 79 99 94 87 99 99 91 99 87 94 99 99 88 99 99 99 99 75 99 99 99 99 75 99 87 99 99 97 94 99 84 99 99 99 99 90 99 99 99 99 99 99 99 99 99 99 99 99 90 81 99 99 79 99 99 97 99 99 76 99 99 81 99 84 99 99 99 99 99 99 99 99 99 88 97 99 99 
50 54 51 36 64 40 46 0 40 65 99 82 96 99 99 94 99 99 99 99 99 99 90 91 99 99 75 99 99 99 99 99 99 99 99 99 84 99 78 99 99 99 99 99 99 75 99 99 99 99 99 93 99 99 99 99 99 99 99 99 99 99 79 82 99 99 93 99 84 97 99 99 96 99 99 99 99 99 99 97 99 99 99 76 99 99 99 99 99 99 90 
42 39 51 35 49 51 50 47 0 46 87 99 81 91 87 99 99 99 96 99 99 88 99 99 99 99 99 99 99 99 76 99 94 87 99 96 99 99 94 99 87 99 82 99 99 99 99 99 99 99 99 99 99 99 93 99 99 87 99 99 79 97 99 87 90 99 99 88 99 84 84 99 99 96 99 99 88 99 99 99 99 99 99 99 99 99 99 99 99 87 99 
48 55 46 64 62 64 43 51 40 0 99 99 99 79 99 99 99 99 99 99 81 99 99 99 99 81 87 88 99 99 88 78 99 99 81 99 99 99 99 82 99 99 99 82 87 99 99 99 99 99 99 99 99 91 99 99 99 99 97 99 99 99 99 99 96 99 99 99 99 99 88 99 99 99 90 99 99 99 99 99 81 99 88 99 99 99 99 99 99 99 79 
99 99 99 94 99 99 99 99 99 99 0 60 36 38 65 62 34 62 49 62 99 84 99 99 99 99 79 99 91 99 99 99 79 99 99 96 96 99 99 99 99 99 99 99 99 99 99 99 99 93 75 99 78 78 91 99 99 99 91 99 99 99 99 99 99 97 99 99 99 99 99 78 99 94 99 99 78 97 81 81 99 99 79 90 99 99 99 75 90 84 99 
99 76 97 99 99 85 88 99 97 96 51 0 40 50 37 40 62 48 65 37 99 99 99 99 99 99 99 99 78 99 99 91 99 99 99 99 88 87 96 94 99 88 94 99 99 81 94 99 99 99 99 90 97 97 93 79 99 99 79 99 99 84 75 84 99 99 91 99 99 99 99 76 91 99 99 99 99 88 79 85 84 99 99 99 99 79 99 99 85 93 99 
87 76 99 99 88 99 99 99 99 99 50 64 0 50 34 56 44 49 58 60 99 84 99 99 76 99 85 99 99 84 99 99 99 99 99 87 96 99 91 85 99 99 99 99 99 99 97 99 99 99 81 99 99 93 76 82 97 99 99 75 79 99 99 99 99 79 99 84 99 96 99 99 85 99 99 99 96 99 99 99 99 99 99 94 82 99 84 99 99 99 99 
99 82 99 87 99 90 99 99 99 99 60 39 48 0 48 46 54 34 47 49 90 96 99 99 79 99 99 99 81 91 99 85 99 99 76 99 99 99 99 99 99 88 99 99 99 93 99 78 85 99 87 99 88 90 99 96 99 99 75 99 99 99 99 75 99 88 99 99 99 99 99 99 76 99 99 99 99 99 99 99 99 99 99 91 93 93 99 99 99 99 99 
99 99 99 99 99 90 85 91 82 76 55 52 56 38 0 36 49 35 60 53 93 99 91 99 99 99 99 99 99 81 78 82 99 93 99 93 90 99 99 99 99 99 99 99 99 99 90 99 79 76 99 99 99 99 84 99 99 91 99 99 99 99 99 99 99 99 99 99 99 91 99 99 99 99 94 99 93 99 99 99 99 76 99 99 99 99 99 90 99 99 99 
99 99 85 99 99 99 99 99 75 99 48 37 61 56 61 0 52 48 45 35 99 99 99 79 82 99 99 99 99 94 99 99 99 99 99 99 99 99 94 94 99 96 99 99 99 87 99 94 99 99 88 99 99 99 99 99 90 99 99 99 99 99 97 99 78 78 99 97 99 99 99 97 90 99 94 99 99 88 81 99 99 99 76 99 99 99 79 99 81 82 99 
91 99 81 99 99 99 85 99 97 99 60 51 65 49 38 44 0 52 42 57 96 99 99 78 99 99 75 99 99 85 99 99 99 88 99 99 99 99 99 99 99 99 84 99 99 99 81 88 88 99 90 99 99 99 99 87 76 99 99 90 99 76 99 90 99 99 99 99 99 99 99 99 96 99 99 99 99 78 96 99 99 99 84 99 99 99 99 99 79 99 88 
99 88 99 99 99 84 99 99 99 99 37 34 44 35 66 62 50 0 38 52 99 99 99 85 94 99 99 99 99 99 99 99 99 85 99 99 85 99 99 99 99 99 99 87 91 93 99 76 99 85 99 99 99 75 99 99 99 99 99 91 99 99 99 87 79 99 99 78 99 93 99 85 99 99 87 99 99 91 99 99 99 99 99 75 99 85 99 99 90 99 99 
99 99 99 90 99 75 93 99 99 99 50 61 52 39 52 54 42 38 0 46 99 99 99 99 99 99 99 99 99 99 85 78 99 99 99 85 99 87 99 91 94 99 99 99 78 75 79 99 85 94 99 99 78 76 99 91 99 85 99 82 99 99 99 88 99 99 99 99 79 91 84 99 99 99 91 99 99 99 99 78 99 85 99 93 99 99 99 99 99 99 75 
99 99 99 93 93 99 99 99 99 99 50 52 56 64 65 56 54 64 62 0 99 90 99 99 99 99 82 87 99 93 78 99 93 82 99 99 99 99 84 99 99 99 84 99 81 81 99 99 99 94 99 76 99 99 99 85 99 99 78 99 99 88 79 75 99 99 99 99 90 99 99 90 99 93 99 99 99 96 99 99 87 87 88 99 96 99 99 99 99 85 91 
99 82 99 99 99 93 99 75 94 84 75 84 78 99 99 99 99 99 99 97 0 56 48 42 52 46 56 36 62 57 99 99 94 99 99 99 99 99 93 96 90 99 99 99 94 99 91 99 99 99 99 99 99 90 99 99 97 99 99 99 78 93 94 99 99 93 97 99 99 99 99 84 93 99 99 75 97 75 85 88 76 87 78 85 99 99 99 97 99 99 99 
99 99 99 99 75 99 99 99 79 99 99 99 99 99 99 99 99 84 99 99 58 0 59 47 65 54 43 52 44 44 99 99 99 91 99 94 99 93 99 99 99 99 87 99 99 99 99 99 99 99 87 82 96 79 99 94 99 99 99 99 84 99 99 99 99 82 99 75 99 99 88 99 93 99 99 99 99 88 99 99 99 88 99 99 81 99 99 99 99 99 99 
99 99 97 99 99 99 78 99 99 99 99 99 99 79 75 76 99 79 99 82 34 39 0 58 45 41 42 54 40 44 99 99 90 91 99 99 99 99 99 99 99 91 99 99 99 84 99 99 82 99 99 99 99 99 99 99 99 96 99 99 99 99 96 82 99 99 99 96 99 99 82 99 79 82 99 99 99 99 99 99 99 99 91 99 99 87 99 99 75 82 96 
81 99 99 82 99 99 76 99 99 99 99 99 85 99 99 79 99 99 99 99 38 60 63 0 55 35 44 46 61 50 93 91 99 99 99 99 99 90 99 76 81 99 99 82 99 99 99 87 99 99 78 99 99 78 99 99 99 99 99 99 99 99 99 99 99 99 93 99 79 99 99 99 99 99 99 99 99 82 99 99 81 99 99 93 99 91 99 78 78 99 99 
81 99 99 75 93 99 79 99 90 99 99 79 99 82 97 99 99 99 79 99 49 49 52 48 0 35 62 33 43 36 99 99 87 99 87 99 99 99 99 99 85 99 91 99 97 99 79 79 99 99 87 99 99 84 97 99 99 99 87 81 88 99 99 99 99 93 97 99 99 82 99 99 99 99 79 99 88 99 99 99 81 99 78 85 99 76 99 99 99 99 99 
99 99 99 99 99 99 99 88 99 99 99 99 99 99 79 93 99 99 99 99 43 52 46 66 60 0 60 64 39 58 99 99 88 99 99 99 99 99 96 78 99 81 99 99 99 99 99 85 99 85 99 97 99 99 99 99 99 81 99 96 99 99 99 99 91 99 99 99 99 99 94 99 99 99 84 99 76 82 99 99 99 99 99 99 99 87 99 76 99 99 99 
99 94 94 79 91 99 99 75 99 99 99 99 88 99 99 96 81 99 91 96 55 52 42 55 62 40 0 46 33 45 81 99 90 99 99 99 99 93 85 79 99 99 99 99 99 99 99 99 99 99 99 99 99 99 81 99 99 99 99 90 99 99 99 99 97 99 82 91 99 85 87 99 90 87 99 99 99 99 99 99 99 99 99 99 99 91 99 99 99 84 99 
76 99 99 99 99 91 94 99 99 99 85 85 99 85 75 99 99 99 99 94 57 35 63 36 47 50 34 0 48 40 75 99 99 87 99 99 99 99 99 99 99 76 99 90 99 90 99 99 78 91 85 99 99 99 84 85 99 99 99 76 99 99 99 94 99 94 87 99 99 88 99 96 99 93 75 99 99 99 99 81 99 99 99 78 99 99 99 99 99 99 99 
99 99 99 99 99 79 99 99 94 99 99 78 99 99 99 88 99 99 99 99 54 64 52 47 61 61 35 36 0 38 99 99 99 99 99 90 90 99 99 97 99 99 97 99 99 82 99 99 79 99 99 99 99 99 99 99 99 99 99 99 99 99 79 99 99 93 99 99 99 99 99 99 96 99 99 99 75 99 79 99 84 99 78 99 90 99 99 97 81 81 99 
99 99 99 99 99 85 99 99 96 99 99 99 81 99 90 99 99 99 99 99 38 55 42 62 41 36 58 41 36 0 99 99 99 99 99 99 99 99 79 99 97 99 99 99 99 76 79 99 84 99 99 99 99 99 99 87 76 99 99 79 99 99 91 99 99 94 99 99 99 99 85 99 99 99 99 99 99 99 99 75 99 99 99 79 99 99 99 93 99 99 99 
99 99 99 99 99 99 99 99 99 99 99 99 99 81 87 99 99 93 81 99 99 93 99 99 75 81 99 88 99 99 0 54 58 55 36 35 54 53 56 40 81 93 99 93 99 99 84 99 96 99 99 99 96 78 99 99 99 97 99 99 99 96 99 79 85 76 99 99 93 81 82 82 85 99 99 99 87 99 99 88 79 88 99 99 99 99 99 99 99 99 84 
88 99 99 99 90 79 99 99 99 99 99 99 99 96 99 99 99 76 99 99 85 82 99 99 99 99 99 99 93 82 46 0 47 62 60 38 36 40 38 53 79 79 99 90 99 99 91 99 99 99 99 90 99 99 99 99 99 99 99 99 99 99 99 99 99 75 78 99 99 99 99 99 99 99 99 85 96 99 99 99 93 99 97 99 99 99 99 79 99 99 99 
99 99 99 99 99 99 81 99 84 99 99 81 87 99 94 99 99 99 99 91 99 99 94 99 99 76 99 82 99 99 64 34 0 43 38 35 52 38 46 35 99 99 99 97 99 78 99 99 99 99 99 99 75 99 93 99 99 99 79 79 88 99 82 99 97 99 99 90 99 99 99 99 85 99 99 75 99 99 99 99 99 87 99 99 99 99 96 99 99 87 81 
99 99 99 99 99 99 99 99 85 99 99 91 99 96 99 93 99 99 78 99 99 99 75 99 99 99 99 99 99 99 53 59 51 0 42 62 34 54 62 44 99 87 99 99 85 99 99 99 99 99 85 85 99 99 97 99 81 99 99 99 88 99 99 99 99 90 76 87 75 99 99 84 99 84 75 99 78 99 99 99 94 99 87 99 99 81 99 99 99 99 99 
99 99 96 99 99 99 99 88 93 99 99 99 79 99 99 99 99 99 99 99 93 99 99 99 99 81 93 99 90 99 33 46 49 62 0 37 50 60 48 34 99 99 99 88 99 99 82 84 75 99 99 99 99 99 99 78 99 99 97 78 97 99 99 99 85 94 93 99 79 75 99 87 99 99 99 99 82 75 99 99 99 99 99 99 99 99 88 99 99 99 82 
99 99 81 88 96 91 99 99 99 88 81 99 99 99 75 99 91 79 96 99 94 99 99 82 99 99 94 87 99 88 58 37 58 56 39 0 60 54 56 53 85 99 84 99 88 99 99 99 99 99 99 99 99 85 87 99 99 99 99 84 84 99 81 99 97 84 99 99 99 99 99 99 99 90 99 99 99 99 96 99 99 99 81 99 99 96 99 99 99 99 99 
99 99 96 99 96 99 99 99 81 99 99 99 94 99 75 97 99 76 75 99 99 90 76 90 84 99 99 87 81 76 38 50 54 60 56 45 0 61 65 35 94 99 99 96 99 99 88 85 99 99 99 99 99 75 87 99 99 76 99 99 99 99 79 90 88 99 99 99 99 99 99 99 78 87 99 99 88 79 99 76 99 99 91 99 82 75 99 99 99 99 99 
99 99 96 99 96 99 99 87 99 99 99 97 84 99 99 99 99 99 99 99 99 99 78 88 99 99 84 96 99 91 54 34 52 34 46 34 54 0 63 57 99 99 99 84 93 84 99 99 99 78 99 99 87 93 97 99 99 99 99 99 99 75 99 91 99 99 99 81 99 91 76 99 96 99 97 99 99 99 99 99 75 90 97 99 99 99 93 99 94 99 94 
99 99 82 78 99 90 99 99 79 99 99 99 99 99 99 99 81 76 99 87 99 99 99 99 99 97 99 91 78 99 48 40 43 63 45 64 39 46 0 48 99 82 91 99 99 96 99 99 99 99 99 97 84 99 99 84 99 81 99 99 99 99 88 81 99 75 99 99 93 99 99 99 99 99 99 75 99 99 99 91 99 99 99 99 97 99 99 99 94 99 75 
99 99 99 94 85 93 78 88 99 99 99 99 99 99 79 99 94 88 76 75 99 81 99 99 97 99 99 99 84 99 44 35 55 65 64 56 41 40 44 0 78 79 99 97 99 99 87 99 75 96 99 99 75 99 99 99 99 81 87 99 99 82 76 99 84 99 97 99 99 99 99 99 76 78 87 96 99 99 99 99 99 99 99 99 99 87 99 99 82 91 99 
99 81 81 91 99 99 85 99 99 99 84 99 99 99 93 78 99 99 90 76 99 99 99 99 99 75 99 99 99 99 99 91 88 99 76 99 99 81 99 87 0 44 35 52 34 48 49 51 52 54 97 96 99 99 99 99 99 94 99 99 90 87 99 90 99 99 99 99 99 99 99 99 75 99 99 99 99 94 99 99 99 99 81 99 99 81 76 99 99 87 99 
87 99 99 99 99 75 99 99 99 99 99 99 82 99 99 84 99 99 94 99 99 99 81 87 99 99 99 99 99 99 99 99 99 99 99 99 99 90 99 99 58 0 56 52 60 62 66 40 56 58 99 79 82 99 99 99 88 76 88 91 99 99 76 97 99 99 84 99 99 99 82 94 99 99 99 99 99 87 99 99 99 99 99 99 99 99 99 99 99 90 85 
97 79 93 99 99 99 99 75 99 91 76 99 75 99 99 99 88 99 99 99 85 81 99 93 99 99 90 99 99 99 87 75 99 99 99 99 99 99 99 99 40 63 0 44 55 50 36 59 39 44 90 99 93 99 82 96 99 99 91 99 97 99 91 99 99 81 99 99 99 97 97 99 99 99 99 99 88 78 85 97 93 76 99 99 99 99 99 87 99 99 96 
81 99 99 85 99 96 99 78 99 99 99 99 91 99 99 82 99 75 99 99 99 97 87 99 99 99 87 97 99 99 99 99 75 88 99 99 99 76 99 81 64 42 37 0 48 34 53 54 42 58 99 99 99 90 99 79 99 99 99 99 99 99 94 90 87 99 99 99 93 99 99 99 88 99 84 76 99 99 96 99 97 99 99 99 99 99 99 99 99 99 84 
78 99 99 94 99 99 79 99 76 99 99 99 99 99 99 99 76 84 99 99 99 79 99 99 99 91 76 99 99 99 99 99 93 99 79 99 99 99 82 82 51 33 48 46 0 49 33 38 34 44 99 99 99 99 99 99 76 99 99 88 99 99 99 99 99 99 99 99 99 82 99 99 99 99 99 99 99 99 99 97 99 99 93 99 87 99 99 84 99 99 85 
85 99 82 99 99 99 99 99 99 99 99 99 99 99 79 99 99 99 90 99 75 99 99 88 99 99 99 99 99 99 97 99 99 91 84 99 99 88 99 99 34 58 63 38 60 0 62 56 50 50 99 99 99 93 99 90 99 99 99 99 79 78 99 99 99 82 85 99 96 79 99 76 99 99 91 94 99 99 79 99 99 75 91 96 99 91 99 99 99 99 99 
81 96 96 99 99 75 99 90 99 99 99 99 84 99 99 99 75 75 99 82 99 99 91 99 99 99 99 99 99 99 99 99 99 99 99 75 78 99 82 99 40 64 60 38 44 54 0 53 36 63 99 99 99 96 99 94 99 99 78 99 99 99 99 99 99 99 99 90 99 93 99 99 99 78 90 79 93 99 99 99 99 99 99 94 99 99 99 99 99 99 99 
99 99 99 99 99 99 99 90 99 99 99 99 99 99 99 99 99 99 82 88 99 99 99 88 99 81 76 82 99 99 99 94 99 99 97 99 99 99 99 99 64 60 60 60 64 56 40 0 60 58 99 91 75 99 99 99 99 79 99 94 94 84 99 99 99 99 99 81 99 79 90 93 99 99 78 76 91 99 99 84 97 75 99 94 99 85 99 82 84 99 94 
99 99 96 91 99 99 99 99 99 99 90 87 76 99 99 99 99 87 99 99 99 99 99 99 81 96 99 99 99 99 99 99 99 99 88 88 96 90 99 99 59 40 65 52 36 39 56 52 0 42 99 96 84 94 99 99 99 99 99 99 99 99 99 99 99 76 75 93 99 99 99 79 87 99 99 78 99 99 85 99 99 85 82 99 87 99 99 99 75 99 99 
99 99 99 99 93 99 99 99 99 99 99 99 97 96 99 78 85 99 99 99 99 99 99 87 99 99 99 82 99 99 99 99 99 99 78 78 78 88 85 87 36 49 43 42 36 54 50 58 56 0 99 99 99 99 99 99 81 85 99 99 97 99 99 99 99 99 99 99 99 99 99 99 99 99 96 99 99 99 99 91 99 99 91 99 99 99 79 99 99 93 94 
99 99 99 78 99 79 99 99 99 79 99 99 99 99 99 99 96 99 87 99 87 99 78 99 79 99 90 87 99 78 99 99 99 84 90 99 99 99 99 99 99 99 99 99 99 94 90 99 99 76 0 48 66 48 41 44 62 38 45 39 99 99 88 91 91 94 99 99 82 99 75 99 99 88 87 99 84 99 99 99 99 81 99 81 90 99 99 99 99 87 90 
81 88 99 99 99 91 99 78 99 99 99 99 99 99 90 93 99 88 99 96 99 99 88 99 99 96 99 99 99 81 99 99 76 94 99 99 85 99 99 99 99 87 96 91 84 99 87 76 96 88 46 0 64 58 64 51 36 56 56 38 99 99 99 99 97 91 99 99 99 99 99 99 99 82 99 99 76 99 85 99 99 99 88 99 99 94 93 88 99 99 99 
99 84 82 99 99 99 91 90 79 99 99 78 99 99 99 99 99 99 99 99 99 99 99 99 99 99 85 85 99 99 99 76 99 99 99 99 99 88 87 99 99 99 99 99 99 99 94 99 99 93 45 62 0 38 54 56 47 52 33 46 99 99 99 99 99 87 99 99 99 99 99 99 94 99 97 76 99 99 87 79 82 99 99 99 96 99 99 85 99 99 99 
84 99 99 78 99 99 81 99 82 99 78 99 99 99 99 99 99 99 99 78 99 85 90 99 90 85 97 99 99 84 99 99 99 99 99 87 99 99 99 93 99 99 99 79 99 99 99 76 90 87 35 46 59 0 65 40 61 41 44 43 99 99 99 94 99 99 99 85 99 99 99 97 99 75 99 75 99 85 99 99 99 79 99 82 90 99 99 94 99 99 99 
99 99 99 99 99 75 99 99 99 75 84 88 81 87 99 99 78 99 99 99 85 99 99 99 99 99 99 99 99 99 78 99 99 99 99 99 90 76 87 75 99 93 99 79 79 94 99 96 99 99 56 60 40 48 0 51 63 36 50 55 79 99 99 82 99 99 99 99 99 99 99 75 99 84 99 99 99 96 99 82 99 94 99 84 99 99 97 99 99 99 81 
87 99 99 99 82 99 99 94 99 88 99 88 99 99 99 99 82 99 99 99 97 97 99 99 94 99 99 76 99 91 99 82 99 99 99 99 99 99 99 94 99 99 99 99 99 99 91 99 75 99 34 65 47 42 52 0 57 45 66 41 99 82 99 99 99 99 99 79 88 99 99 99 99 99 99 78 75 99 90 99 99 99 99 99 78 99 99 85 99 99 99 
96 99 99 99 99 99 79 93 84 79 99 87 99 99 99 99 84 75 90 82 99 99 82 99 99 99 99 99 97 82 99 99 99 97 99 99 99 99 99 99 93 94 99 96 94 99 84 94 94 76 48 44 64 34 52 56 0 42 50 54 78 99 99 99 99 99 96 81 99 85 84 99 85 99 79 99 85 99 99 99 99 99 76 84 99 76 99 99 99 76 99 
99 99 85 99 96 99 99 97 99 99 88 99 99 81 96 97 99 99 99 99 75 91 76 99 99 94 99 99 91 76 99 99 94 99 99 99 94 99 99 99 96 76 99 75 99 76 99 99 99 99 46 41 60 36 60 44 63 0 54 50 99 99 99 99 88 99 93 99 82 97 93 99 90 99 99 97 99 84 99 87 99 99 99 99 99 99 87 75 99 97 99 
99 99 99 99 99 99 99 99 99 99 99 99 99 99 84 99 99 99 99 99 84 99 99 99 97 99 99 99 87 99 99 91 99 99 79 85 78 82 99 99 99 99 90 99 78 99 81 99 82 85 35 61 38 44 66 58 44 54 0 54 99 99 99 99 99 91 94 82 99 99 99 78 99 82 99 76 87 82 99 99 99 99 99 99 99 99 99 99 99 99 99 
79 99 99 97 99 87 99 99 99 99 99 99 99 99 99 99 99 99 99 99 99 99 76 99 99 96 99 91 88 99 99 91 84 99 99 99 99 81 99 99 99 97 99 99 99 99 99 76 91 99 36 48 48 46 49 44 64 34 38 0 99 75 99 85 96 99 99 99 99 87 99 99 99 99 99 99 99 99 99 99 96 99 99 94 81 99 94 99 99 99 99 
76 91 99 99 99 78 99 99 78 99 79 99 99 99 90 99 94 99 99 99 99 99 91 99 99 99 99 99 93 99 99 99 99 87 99 78 99 99 99 99 99 99 79 99 99 84 99 99 76 99 99 91 99 90 99 99 99 99 99 90 0 40 56 66 39 65 54 38 34 38 96 99 99 99 99 84 99 99 99 88 99 99 84 99 76 99 99 85 99 99 99 
76 99 81 84 99 81 99 99 99 99 79 82 99 99 99 99 78 99 99 81 94 99 99 99 97 99 99 99 99 99 99 87 78 87 99 99 82 99 88 79 99 99 99 99 99 94 99 85 99 99 99 99 93 99 90 99 99 99 99 97 56 0 47 64 57 43 60 38 48 50 99 85 99 99 99 87 99 99 79 99 99 99 99 99 81 99 99 99 99 96 99 
75 99 99 99 99 99 91 96 99 99 99 78 99 91 99 99 99 87 99 81 99 93 99 99 99 99 82 99 90 99 99 99 99 99 99 99 99 99 99 99 99 99 99 91 90 81 99 87 99 87 99 99 99 99 99 81 99 79 99 99 58 46 0 46 37 62 42 55 35 47 99 99 99 99 99 99 87 99 99 99 87 99 99 99 99 79 99 99 90 99 99 
99 99 99 99 81 99 99 81 96 99 99 91 99 99 99 99 99 91 99 99 99 90 99 99 99 99 78 99 99 85 82 99 99 93 76 99 99 99 99 99 99 99 99 75 79 79 87 99 94 99 94 99 99 76 99 97 99 79 99 99 64 38 56 0 62 52 50 54 64 64 99 99 99 99 99 99 99 99 99 99 88 99 99 90 99 91 97 99 99 99 75 
99 99 85 99 84 99 99 99 87 90 87 96 99 81 97 99 99 76 87 99 87 99 79 99 99 87 99 99 84 99 94 99 99 87 78 93 99 75 99 99 96 99 78 99 99 99 99 97 76 78 99 90 81 85 88 99 99 99 84 94 40 60 38 65 0 64 66 41 58 53 79 99 99 99 99 81 99 99 84 88 99 99 88 99 99 99 99 99 99 99 99 
99 99 99 91 99 96 99 99 76 90 99 99 99 99 99 79 99 84 99 99 99 99 96 79 96 99 99 99 99 99 76 99 99 76 94 93 87 78 99 99 84 99 99 99 79 99 99 99 87 90 91 99 99 99 99 99 94 99 99 76 49 36 40 61 46 0 48 58 62 55 99 99 84 90 99 99 99 99 99 99 99 82 90 99 97 99 93 75 99 99 91 
81 99 99 99 99 84 99 99 99 99 99 99 99 99 99 99 99 97 99 99 99 99 99 93 99 99 99 96 99 79 99 88 99 99 99 99 99 99 99 85 87 97 99 99 78 87 85 99 99 84 84 99 99 94 99 99 99 78 91 99 38 61 60 62 35 52 0 49 56 48 99 81 79 99 99 87 99 85 99 99 88 99 99 99 97 99 99 81 99 99 99 
99 99 99 79 99 99 99 88 99 87 94 99 99 99 99 96 99 99 99 99 79 75 99 99 99 99 99 99 99 99 99 99 99 99 96 99 87 88 99 99 99 78 97 99 99 99 99 99 87 99 81 99 85 99 99 99 99 79 99 99 62 38 52 54 42 56 58 0 64 64 99 82 99 99 99 99 99 99 99 99 82 99 99 84 99 99 99 99 94 99 81 
99 88 99 99 99 99 85 87 99 99 99 84 99 99 79 99 99 99 94 99 99 99 94 99 91 99 99 99 85 99 99 99 99 87 99 99 99 91 99 99 81 75 99 99 99 82 99 99 99 93 99 99 99 99 82 99 85 85 90 99 44 58 56 40 53 34 56 40 0 56 99 99 99 99 84 99 99 99 99 99 87 99 99 79 84 99 99 99 99 91 99 
75 99 99 99 99 99 99 99 99 84 99 99 79 99 85 99 79 79 99 99 78 99 91 78 85 93 99 99 97 79 99 99 99 99 99 91 84 99 94 76 99 81 81 99 99 81 99 99 99 87 76 99 99 93 99 99 99 90 81 99 52 42 50 49 66 50 56 61 38 0 90 99 99 99 99 99 90 99 99 99 85 99 99 99 99 99 99 99 99 99 87 
97 99 99 99 99 82 75 90 84 99 99 75 87 97 78 99 99 99 99 99 99 99 99 99 99 99 99 99 99 99 99 99 88 99 99 96 99 90 96 99 99 99 78 99 99 99 99 99 99 99 88 99 97 99 99 99 81 99 99 84 99 90 94 88 99 99 75 99 88 99 0 33 44 60 53 42 40 58 60 41 99 99 99 75 78 99 99 99 99 99 99 
96 99 88 94 99 99 99 99 99 99 99 79 99 99 85 90 84 99 99 99 99 96 99 99 91 99 99 82 99 99 99 99 99 99 99 99 99 85 99 97 99 91 99 99 99 99 87 99 99 99 99 99 99 99 99 88 99 97 99 84 81 99 99 99 99 78 91 99 99 96 54 0 63 64 34 43 33 54 61 34 87 99 99 99 81 99 99 99 99 99 82 
99 99 99 81 99 99 99 99 99 99 99 99 93 85 99 99 97 99 91 99 99 99 85 79 88 88 99 99 99 99 99 99 99 99 82 78 93 76 99 99 81 99 94 99 75 99 99 99 99 99 75 85 85 99 82 90 79 97 99 99 99 90 99 99 99 99 99 99 99 99 54 58 0 44 46 50 58 45 40 38 78 99 99 91 99 99 99 99 99 99 99 
99 99 99 99 93 97 99 79 90 99 99 96 99 99 99 84 99 84 99 75 93 99 99 91 85 99 99 93 99 87 99 99 99 75 99 85 99 99 88 91 99 99 99 76 99 97 99 90 99 90 82 99 99 91 99 79 87 75 99 99 76 99 99 99 99 84 82 91 94 75 65 36 38 0 52 60 44 59 35 34 99 91 99 99 99 78 99 99 78 99 99 
75 99 99 99 75 99 96 99 97 99 99 88 99 99 99 99 99 99 99 75 99 82 97 99 91 99 99 99 99 78 99 99 99 99 99 78 99 99 99 99 99 99 99 99 99 99 99 99 99 99 99 78 94 82 96 99 99 99 99 99 99 93 99 99 99 99 90 99 99 99 49 48 60 60 0 34 35 65 38 41 99 99 99 99 79 76 88 97 99 99 99 
79 88 99 99 99 84 99 99 99 99 99 99 99 97 99 99 99 99 99 97 99 84 85 99 99 99 76 99 99 99 84 99 99 99 82 99 99 99 79 87 81 99 99 96 99 99 91 79 99 99 99 99 93 84 99 76 99 91 99 91 99 99 99 99 99 99 99 99 99 99 44 58 42 46 52 0 58 44 52 66 99 90 99 78 99 99 99 96 99 75 99 
78 94 91 96 99 99 96 75 99 99 76 99 99 99 99 99 99 99 85 99 99 94 99 99 97 79 96 99 99 99 99 94 75 99 99 99 78 99 99 99 99 85 99 99 93 99 87 78 93 99 99 99 99 99 82 99 81 99 99 99 99 99 99 88 99 99 91 90 88 99 53 33 54 48 43 46 0 66 60 54 99 99 99 99 99 99 85 99 81 99 99 
99 79 99 99 96 97 99 99 76 99 99 99 99 82 91 99 99 99 84 99 99 99 99 99 99 99 99 99 75 82 85 87 99 99 75 99 87 99 99 76 99 99 99 75 99 99 99 88 99 78 99 99 91 79 99 99 90 99 99 85 93 99 93 75 99 87 99 99 99 99 56 35 34 59 62 50 34 0 64 66 94 81 99 99 99 99 99 78 99 93 93 
99 99 99 99 99 99 99 85 99 99 88 78 97 78 85 97 79 99 79 99 99 96 99 93 99 99 85 99 99 99 99 99 99 94 99 91 99 99 99 93 99 99 99 99 94 99 84 99 90 99 99 87 99 97 99 82 99 99 90 99 99 87 99 75 99 99 99 99 99 99 49 42 36 56 48 56 40 45 0 39 99 99 99 84 97 99 76 99 99 99 99 
99 99 99 99 99 99 99 93 99 99 99 99 99 99 99 99 99 99 99 75 99 99 99 99 99 99 99 99 99 99 99 87 99 99 99 99 75 82 94 99 81 99 99 99 99 81 99 90 99 99 99 99 99 99 99 96 96 99 99 78 84 99 99 99 99 75 87 99 99 84 34 64 46 58 58 60 36 65 41 0 99 81 99 90 99 99 84 99 99 99 99 
99 99 99 99 99 76 99 88 88 99 99 82 99 99 99 99 99 99 78 99 88 97 99 99 99 99 99 99 88 99 90 79 85 99 99 99 99 91 82 99 99 99 99 99 99 99 99 90 93 91 99 99 90 99 99 99 78 94 99 99 87 99 99 85 99 99 99 99 82 99 97 99 99 99 99 99 99 97 99 99 0 48 45 58 64 37 47 53 51 37 99 
99 99 88 99 78 99 99 88 99 99 97 99 99 82 82 76 79 88 99 99 85 78 99 99 99 99 99 99 85 99 99 79 99 81 79 91 99 99 99 99 81 99 82 99 99 99 99 99 91 99 99 99 78 99 99 99 99 99 99 93 78 90 99 99 91 75 99 94 90 99 94 93 99 99 87 99 99 99 99 99 42 0 33 41 62 56 64 57 61 48 99 
99 94 99 99 99 94 99 99 82 99 99 99 76 99 99 99 99 99 91 99 99 82 99 99 99 99 75 99 99 76 99 99 99 99 99 99 99 99 99 99 90 99 99 96 99 90 94 94 99 90 99 75 99 87 94 99 99 99 99 88 99 85 99 91 99 99 99 99 99 99 99 99 79 99 88 99 91 82 99 84 41 52 0 50 60 66 51 39 56 42 99 
99 99 99 99 99 99 99 99 99 99 99 99 99 87 88 99 82 99 87 75 99 87 99 99 97 82 82 99 99 97 93 96 99 99 85 99 99 99 99 99 82 99 99 87 99 87 90 76 99 99 99 99 81 99 84 99 99 99 99 99 99 99 94 76 99 99 84 78 99 87 99 99 99 81 99 99 99 99 76 87 50 42 40 0 35 56 57 40 62 64 99 
75 81 99 99 97 99 99 99 99 99 96 99 81 99 99 99 81 99 99 93 90 85 99 81 99 85 99 99 99 99 85 99 99 99 81 99 94 99 99 99 99 99 99 84 99 99 99 79 99 99 96 99 99 99 99 93 85 99 99 99 99 99 99 99 91 79 78 99 97 99 97 79 99 99 99 88 99 99 99 99 52 62 33 35 0 54 36 37 34 63 93 
97 87 99 99 99 82 99 99 91 99 99 99 99 99 79 96 99 99 81 87 99 84 81 99 99 99 99 99 99 99 99 78 81 75 99 99 99 99 99 99 79 99 99 99 97 99 99 99 96 99 76 97 99 87 99 99 84 79 99 99 93 99 99 99 99 99 94 76 79 99 99 99 99 99 99 75 96 79 99 99 62 50 46 57 35 0 49 34 36 49 81 
94 99 99 99 99 76 90 99 94 78 99 79 91 99 99 99 99 99 99 99 99 99 99 99 99 99 99 99 99 93 99 99 85 79 99 97 99 87 99 75 99 99 79 75 99 79 99 75 91 99 99 85 94 99 99 99 99 99 99 99 99 99 99 76 99 99 99 99 81 99 99 90 99 99 99 99 99 75 97 99 59 38 36 56 38 59 0 57 43 36 94 
99 99 99 99 99 99 99 99 99 99 99 96 99 81 94 75 99 81 99 99 99 99 99 99 99 91 99 87 99 88 91 84 99 99 99 99 96 79 99 79 99 99 99 99 84 99 90 88 96 99 99 99 88 99 76 99 93 99 99 99 99 88 99 99 99 79 96 99 99 75 99 99 99 99 99 99 91 99 99 91 58 52 39 35 48 60 44 0 64 50 99 
99 99 99 99 99 99 93 99 93 85 99 99 99 99 99 99 99 99 96 99 91 75 99 99 99 99 99 96 99 90 99 93 99 78 84 99 99 99 99 99 99 93 96 99 85 99 99 99 76 99 99 99 99 85 99 91 88 99 99 96 99 99 99 93 99 99 99 99 99 99 99 99 99 85 99 99 99 85 99 99 49 58 44 37 37 54 51 61 0 58 93 
99 99 99 82 99 88 97 99 88 90 75 87 91 96 99 93 99 99 94 84 99 97 87 99 99 76 99 99 99 99 99 99 99 88 99 99 99 76 94 88 85 99 99 99 99 97 99 90 90 81 99 99 99 99 99 78 91 90 99 99 99 97 99 99 81 99 99 99 99 99 99 88 85 99 99 99 99 99 99 99 47 58 52 62 34 65 57 48 48 0 75 
99 99 84 81 99 99 99 76 99 99 99 99 88 99 99 88 94 99 81 99 99 99 96 99 99 99 99 99 99 99 99 99 75 84 99 99 99 99 99 99 75 99 99 99 99 99 99 99 99 99 99 99 75 99 99 91 94 99 99 99 99 99 99 99 75 76 99 99 90 99 99 99 99 76 85 94 99 99 99 99 88 99 99 99 99 96 99 99 88 99 0 
