n: 90
m: 8
Pi:U[1-99] 66 89 17 71 76 42 24 19 85 26 99 33 42 95 66 50 33 98 61 67 50 15 81 22 17 10 46 28 37 79 33 9 44 29 60 31 65 90 31 54 16 28 46 66 18 90 94 21 98 88 67 78 4 90 5 25 35 39 7 99 5 79 64 79 54 40 53 60 31 85 81 85 85 46 86 10 63 53 69 41 43 48 74 64 49 13 23 4 10 57 
Si:U[1-99]
0 83 31 91 57 54 12 2 65 62 90 98 40 64 3 57 34 58 69 41 77 61 40 6 49 52 26 40 9 42 60 74 45 25 79 6 33 77 55 88 66 95 17 6 32 60 6 17 85 32 49 75 52 52 51 10 23 2 29 77 19 83 73 25 94 21 39 25 62 86 69 61 50 52 51 5 53 63 55 87 6 80 38 15 40 20 94 84 86 71 92 
70 0 70 88 35 39 9 78 46 53 60 14 1 74 26 96 76 20 85 33 54 79 88 20 7 23 60 88 21 64 16 52 4 16 55 41 55 46 93 60 4 27 8 59 55 89 92 92 19 31 57 36 80 32 19 72 35 21 3 41 22 33 72 46 62 53 88 59 1 88 58 58 44 80 16 21 18 56 62 31 1 18 42 5 78 26 94 28 46 79 7 
92 85 0 6 24 31 93 57 87 27 10 41 23 12 95 54 92 44 43 27 50 96 8 76 8 27 4 90 56 99 1 10 42 19 34 47 49 97 23 15 35 80 40 48 94 16 53 68 42 76 89 47 17 84 42 87 91 85 22 87 76 45 70 70 27 46 48 96 94 59 36 34 6 79 68 58 10 19 59 63 83 64 94 90 86 5 9 95 69 96 46 
25 76 89 0 20 34 35 15 46 57 36 37 86 54 63 23 10 87 96 59 35 19 33 58 70 42 26 98 51 87 72 81 26 24 20 6 75 38 26 26 4 1 39 92 92 24 19 87 68 21 5 82 71 21 63 46 95 76 25 36 24 99 64 15 60 9 97 8 1 48 83 7 20 47 70 57 98 79 63 35 45 55 67 9 61 78 17 43 28 56 15 
3 15 37 31 0 32 69 43 29 87 48 40 85 86 63 29 62 85 61 30 4 81 53 66 31 14 34 38 30 78 56 7 27 49 53 67 42 81 15 15 17 17 95 53 57 66 74 35 20 35 98 96 12 66 99 69 6 99 21 36 90 47 86 74 81 39 86 1 59 50 6 87 29 57 2 53 35 31 85 7 79 82 15 87 5 52 95 44 36 9 62 
33 94 42 8 53 0 69 69 13 20 40 77 26 68 40 96 15 50 4 12 69 86 44 59 7 79 47 15 11 33 92 25 32 63 18 45 24 23 47 3 15 35 45 12 64 12 50 81 43 32 64 7 88 71 87 19 75 5 44 27 20 65 4 89 19 19 76 3 63 65 36 35 85 14 22 31 58 89 60 85 27 91 93 70 78 85 20 14 23 30 80 
76 75 34 69 36 54 0 54 4 21 95 1 75 10 87 42 5 29 40 78 26 23 28 50 69 71 7 19 30 89 24 87 9 19 77 8 12 49 64 49 64 30 38 89 20 41 2 80 77 91 18 81 91 97 87 80 94 16 85 98 46 92 9 81 38 32 2 55 85 22 18 63 75 74 81 23 7 68 93 26 71 56 3 76 95 7 24 74 66 75 94 
64 71 30 28 14 3 60 0 94 14 64 32 71 9 80 70 82 36 51 94 57 92 77 5 18 93 82 22 2 12 64 15 46 74 78 54 83 25 81 97 99 25 77 89 3 52 76 91 90 86 81 61 38 93 39 78 60 23 22 42 54 3 67 11 48 24 13 38 1 39 29 6 54 27 44 97 39 65 26 98 87 57 24 57 28 49 97 60 86 92 4 
29 15 69 57 19 49 23 4 0 93 30 15 42 19 66 35 10 70 75 1 83 96 13 54 19 66 66 18 42 83 90 47 44 16 34 94 22 91 25 66 57 37 93 29 68 11 73 4 99 46 59 38 81 70 43 1 8 56 21 62 75 18 80 55 79 42 96 22 45 16 86 1 66 34 4 10 9 24 41 18 37 91 36 80 88 21 35 41 12 93 73 
28 17 21 54 36 1 54 85 57 0 37 2 75 13 19 31 67 13 91 55 34 17 25 4 60 20 4 3 26 6 57 75 73 98 73 13 37 15 81 16 31 44 51 74 80 55 24 77 23 2 2 26 87 72 44 88 3 4 63 35 38 56 21 76 70 5 32 45 49 32 60 20 40 91 61 3 51 47 50 46 76 50 52 57 42 5 11 48 58 38 23 
28 73 22 54 54 45 78 65 1 47 0 2 19 8 25 3 54 23 60 5 48 96 88 89 45 19 65 60 75 37 89 13 60 20 67 87 20 52 95 95 19 88 85 9 3 56 17 30 69 40 26 9 58 64 36 19 45 92 12 5 52 2 72 48 6 32 88 21 23 56 76 80 58 48 50 51 31 12 64 97 28 80 55 33 80 76 71 9 16 25 59 
86 84 1 28 49 43 19 94 5 69 67 0 18 83 72 57 72 4 89 70 35 62 9 95 40 41 42 74 41 16 29 83 16 56 65 97 37 67 19 46 22 44 34 7 99 42 99 96 58 18 10 46 70 16 5 46 99 77 53 54 3 80 54 68 32 1 54 6 78 41 50 5 34 18 53 4 31 82 80 27 16 32 11 86 24 66 32 65 57 31 63 
15 76 1 35 82 96 39 58 45 89 83 28 0 21 93 76 60 50 39 5 46 7 89 59 49 58 71 72 6 81 77 96 56 90 12 85 31 59 94 62 81 47 55 77 95 24 42 49 35 81 32 20 1 32 86 32 34 68 41 73 19 10 79 5 20 28 28 93 40 69 79 59 17 13 4 42 57 19 52 25 60 61 8 66 9 35 46 84 3 49 24 
47 71 7 97 65 10 3 60 86 80 96 34 47 0 44 72 65 37 21 94 44 24 67 32 18 51 27 48 4 22 84 26 34 36 22 17 89 79 42 61 16 67 44 41 12 37 13 91 16 75 47 12 13 5 13 4 77 96 21 85 72 59 15 50 26 27 8 30 43 82 60 50 33 87 85 99 85 9 55 44 51 69 6 48 44 39 1 19 50 78 15 
78 79 11 48 73 35 26 56 29 89 46 93 25 98 0 90 35 95 25 15 35 48 29 75 13 42 39 54 18 71 74 46 77 63 15 10 71 9 31 26 99 74 51 45 6 98 59 53 4 74 82 89 85 55 32 73 17 55 99 73 22 56 43 19 83 21 67 37 31 7 92 63 57 30 88 28 62 17 86 62 73 45 76 35 13 95 1 97 98 4 34 
9 13 82 71 53 71 45 70 94 90 22 30 94 2 82 0 75 35 9 92 36 84 77 60 75 10 44 48 44 7 50 60 69 70 11 13 50 74 5 73 39 61 40 51 60 58 18 5 53 67 88 33 67 75 52 12 38 4 1 21 33 57 50 43 40 13 75 6 97 41 33 93 50 59 12 14 16 92 88 9 43 26 49 29 63 89 6 14 80 53 28 
51 89 76 34 63 67 87 88 28 59 16 36 59 88 29 86 0 24 66 10 62 98 40 88 39 42 78 79 63 76 37 9 12 47 6 3 95 35 80 36 82 31 59 27 88 33 2 82 9 25 39 90 40 9 22 83 93 50 96 24 2 82 47 60 68 81 25 30 63 4 65 57 29 21 62 16 91 48 19 50 44 51 37 59 82 10 61 23 94 44 82 
46 38 58 80 62 4 28 17 86 34 32 61 62 16 38 49 61 0 82 90 76 26 99 48 77 31 30 45 99 2 82 82 2 15 49 15 92 20 93 22 64 90 8 88 87 80 54 24 26 77 77 87 54 67 49 67 30 92 59 42 71 91 97 82 33 43 3 78 83 95 14 60 18 4 77 55 4 93 55 70 12 96 84 61 48 54 86 80 54 7 13 
15 59 3 88 81 61 87 67 58 36 13 12 28 40 88 8 51 38 0 83 64 10 62 76 10 32 78 4 55 9 43 20 28 21 9 60 33 44 7 51 92 7 4 84 10 91 90 10 67 63 56 70 61 38 41 86 98 37 57 37 98 34 1 93 68 96 20 92 42 6 79 13 37 76 60 84 95 50 15 64 83 23 3 98 77 88 24 98 40 17 79 
46 66 65 40 5 39 76 79 2 34 20 68 75 7 14 33 76 26 68 0 13 40 62 81 4 76 22 53 41 47 54 85 57 96 12 1 47 25 42 86 54 68 82 54 84 37 72 62 83 4 65 74 37 15 43 94 90 57 97 7 23 8 25 55 77 3 95 52 72 33 52 36 65 54 79 61 4 17 40 75 89 91 85 60 17 69 87 78 32 78 97 
92 91 14 9 48 35 26 7 17 53 43 82 54 27 98 34 78 77 9 95 0 14 61 54 94 71 84 34 55 73 68 41 92 48 25 8 85 1 37 60 51 79 58 75 26 57 24 51 86 38 72 97 45 19 77 19 24 49 91 8 69 83 71 89 80 47 88 14 1 25 34 58 12 21 98 17 6 93 34 65 89 10 28 64 66 15 78 12 53 1 30 
38 51 46 19 28 22 43 63 25 50 38 15 97 33 48 7 55 22 56 60 12 0 31 44 85 36 13 55 90 17 3 4 3 3 33 51 55 86 77 54 86 3 6 96 40 92 46 35 20 43 33 62 78 11 38 4 98 73 48 70 31 29 52 61 91 4 67 16 24 73 63 49 50 4 27 18 31 3 41 68 51 38 11 16 36 84 30 15 84 6 58 
57 94 33 63 73 95 69 56 91 24 6 19 72 28 67 46 34 58 5 42 4 51 0 1 80 70 46 57 92 81 8 55 48 74 16 43 25 23 40 62 36 11 64 31 54 20 29 40 97 46 88 89 81 82 49 3 93 77 74 6 66 15 39 42 33 63 30 33 18 92 84 75 37 56 50 91 67 89 71 31 57 40 39 73 43 2 79 50 99 77 41 
95 68 35 29 22 10 86 74 76 12 35 24 9 44 47 80 96 83 33 72 8 56 12 0 18 48 1 96 34 87 75 50 68 61 66 55 92 61 89 24 46 67 69 15 7 42 16 97 31 90 17 98 59 89 70 73 85 98 94 91 73 28 36 45 62 60 42 43 57 66 75 40 72 51 86 18 67 73 62 99 78 96 1 70 72 22 60 72 56 19 26 
59 58 14 6 99 30 7 24 15 83 51 90 99 8 61 99 10 57 91 47 89 9 57 96 0 20 47 52 47 40 74 95 66 52 4 78 75 26 4 82 35 58 55 61 21 79 43 13 84 89 65 78 24 68 37 37 41 74 27 94 92 42 86 76 52 34 87 24 72 98 72 43 23 9 87 5 20 14 42 17 49 88 26 38 94 10 81 27 84 31 97 
55 85 34 50 55 47 5 60 32 19 26 36 12 96 82 4 50 83 79 14 20 26 36 22 77 0 80 82 19 4 17 55 9 61 27 31 44 48 82 49 60 50 92 87 22 79 91 54 92 11 58 98 86 33 59 39 43 56 87 89 18 3 36 18 2 22 88 82 62 28 86 82 36 83 36 26 97 40 10 51 17 90 40 77 46 3 78 66 86 4 34 
19 17 50 74 81 34 51 48 23 68 2 48 59 84 92 49 76 10 57 21 39 87 27 26 77 82 0 41 3 58 88 63 76 98 92 79 31 8 99 21 88 12 69 39 80 28 38 18 25 85 77 46 50 51 9 24 42 60 97 15 13 21 25 84 56 68 32 78 5 81 92 92 33 79 46 54 28 56 16 91 79 12 69 28 50 91 90 77 27 81 9 
87 99 18 26 40 18 88 54 93 83 21 13 48 42 67 90 9 83 80 17 73 92 34 20 83 10 65 0 13 24 90 29 42 47 21 38 88 68 16 21 98 15 50 96 93 95 17 38 74 26 72 62 73 45 52 1 23 77 53 67 15 15 56 28 85 18 86 8 62 73 89 17 5 22 94 64 14 57 63 47 41 89 50 94 65 42 79 92 15 92 3 
18 1 38 76 18 75 64 93 81 35 29 47 96 22 65 68 84 5 86 80 32 77 51 11 5 61 7 69 0 62 2 33 1 50 73 30 58 7 87 65 86 72 78 67 95 14 39 38 77 69 89 4 22 71 49 22 43 23 99 38 43 23 75 28 78 16 89 28 28 70 17 73 88 40 29 26 67 61 75 72 74 63 10 45 31 58 8 44 97 10 20 
6 49 79 50 63 38 70 8 98 79 40 45 22 69 5 33 74 22 10 79 51 12 91 90 81 40 98 87 6 0 32 24 7 40 8 83 69 53 31 64 6 6 60 82 63 95 60 16 72 60 45 97 17 23 4 91 70 49 15 78 21 57 80 27 52 96 62 23 55 17 65 72 49 35 6 79 21 82 4 75 80 41 19 94 36 17 5 40 26 34 85 
19 94 78 58 38 62 5 20 79 6 73 46 90 16 8 6 77 54 39 28 45 91 60 41 87 70 35 90 78 42 0 20 54 15 40 34 89 20 70 40 53 9 23 44 27 55 92 1 41 22 28 1 45 81 96 95 47 95 65 10 47 57 64 23 47 78 33 27 54 9 30 96 62 44 72 31 35 64 43 48 80 20 18 25 61 68 6 92 77 35 96 
47 4 29 26 88 21 31 98 41 64 70 58 17 65 79 38 74 74 15 21 17 55 9 51 7 37 47 57 26 67 93 0 70 58 54 38 19 1 86 7 48 15 44 66 25 69 37 83 34 17 12 28 28 26 97 79 96 38 46 74 41 60 84 43 42 44 23 80 28 72 54 55 5 28 29 45 99 50 97 88 79 75 38 68 64 26 41 56 44 17 91 
88 60 78 84 90 93 79 42 35 87 81 85 82 61 50 38 32 70 11 3 16 5 38 29 48 42 40 55 5 24 45 84 0 50 89 68 84 18 93 24 74 61 30 43 58 49 7 59 2 22 98 5 12 57 81 76 72 90 22 35 69 10 18 37 11 78 48 19 86 25 66 35 51 25 9 96 61 2 77 31 51 96 89 9 4 10 87 8 10 87 31 
94 49 16 59 42 35 98 71 55 71 97 70 54 29 6 64 6 8 40 40 81 3 11 34 75 51 49 36 23 10 43 57 25 0 93 21 3 23 97 36 8 3 42 61 65 47 68 86 82 79 71 98 51 64 93 74 26 94 94 10 50 13 33 63 11 36 53 93 32 25 73 23 93 15 54 57 43 72 96 79 52 3 9 70 54 75 86 78 18 35 31 
91 20 2 1 80 58 40 11 25 66 70 5 56 27 63 14 58 43 63 52 27 43 97 26 42 47 35 88 63 33 18 51 47 59 0 22 53 14 29 22 5 37 16 34 84 91 67 62 16 89 74 1 77 34 55 67 59 96 42 40 6 52 69 27 36 80 15 96 66 74 83 27 41 5 42 74 61 5 86 87 68 42 11 47 8 96 4 27 12 61 55 
45 46 9 44 51 4 9 55 65 69 5 76 75 3 11 43 21 44 6 34 20 30 97 55 14 9 49 85 72 84 74 26 85 96 72 0 31 62 56 99 19 36 79 70 63 40 20 89 62 57 21 58 6 97 24 63 22 35 9 4 86 9 50 99 26 23 72 22 24 30 11 97 29 22 71 33 73 82 5 47 85 50 41 19 31 5 32 8 6 43 43 
97 50 77 87 56 62 53 4 68 11 14 95 1 9 98 17 86 43 20 29 29 22 2 60 53 47 42 78 37 86 19 4 84 80 30 15 0 3 22 50 60 32 54 57 71 35 57 62 48 23 43 48 88 1 88 74 96 65 49 57 65 25 10 78 42 39 31 92 21 88 42 68 85 82 3 71 12 42 44 96 20 10 94 42 99 68 57 80 70 76 27 
64 35 63 9 62 25 34 63 95 82 20 35 82 29 2 29 83 8 62 46 92 15 49 3 99 21 57 32 79 2 94 7 35 59 70 71 94 0 6 55 80 21 40 19 52 90 55 16 91 29 35 73 11 73 49 14 90 2 50 51 30 12 46 3 27 24 23 78 98 86 25 45 68 47 17 37 93 41 85 43 87 17 60 59 16 57 4 25 55 96 66 
99 59 50 18 85 10 15 1 65 59 41 53 99 16 14 3 65 95 81 43 55 35 30 36 29 90 17 90 3 43 95 70 45 14 25 35 4 63 0 57 94 39 3 21 8 85 79 79 7 90 61 48 14 37 41 88 39 72 38 45 18 5 23 99 12 43 94 13 91 55 20 20 20 80 87 28 98 82 78 3 60 72 2 74 49 75 83 62 64 26 38 
44 53 79 95 79 55 39 77 35 89 5 92 16 68 43 56 94 79 40 38 97 34 69 71 72 29 2 7 78 91 83 11 57 85 12 96 54 7 27 0 24 82 33 7 18 10 71 3 17 49 95 81 90 4 37 73 69 2 96 89 35 59 21 33 69 57 44 13 23 31 46 26 92 27 69 46 46 29 92 72 78 36 52 37 31 42 31 79 51 37 45 
82 77 69 68 17 83 66 35 61 42 43 17 51 90 22 85 2 1 60 56 59 76 82 17 66 65 59 42 6 44 74 75 7 36 62 22 84 7 78 64 0 37 9 52 85 70 20 15 63 48 31 70 60 8 46 66 31 15 55 26 43 44 58 33 30 32 94 19 42 55 8 18 14 3 49 9 75 29 2 70 33 56 65 21 62 92 23 71 57 88 80 
18 42 79 89 55 31 94 25 34 1 25 30 8 42 66 4 42 78 72 67 11 9 50 46 53 33 21 47 86 91 84 51 78 32 27 16 23 24 73 77 90 0 41 4 5 37 38 6 64 47 39 45 25 14 29 41 4 38 37 6 75 8 91 80 51 30 32 85 68 31 1 39 30 21 89 85 28 1 97 5 22 31 60 9 24 13 22 5 41 35 73 
48 18 78 29 18 80 42 48 48 9 98 35 20 48 96 78 60 16 32 95 52 96 98 42 36 73 97 74 77 83 27 69 96 35 69 73 31 25 3 30 95 17 0 54 86 68 33 21 74 55 94 62 82 23 67 6 76 69 49 70 76 51 35 28 89 38 30 2 69 57 76 36 66 18 76 14 1 10 11 46 95 8 52 76 38 70 40 6 91 87 75 
80 30 90 57 7 75 46 59 43 52 92 30 10 20 80 13 66 43 66 10 58 40 64 71 49 13 65 8 5 49 90 98 69 33 71 68 60 17 82 16 82 5 84 0 46 84 83 2 60 48 83 99 55 7 75 50 7 42 73 82 77 15 36 54 78 28 75 49 64 75 79 14 5 85 53 87 47 6 86 2 5 76 21 60 78 22 27 28 54 38 41 
51 72 58 74 47 48 65 30 80 60 80 59 40 60 61 64 36 34 19 51 64 49 54 40 56 84 59 2 81 2 48 49 67 6 34 98 21 73 26 44 32 46 80 29 0 7 79 19 82 91 84 13 95 7 83 61 80 61 86 66 37 15 52 62 11 88 25 14 56 3 43 32 17 45 38 93 22 72 70 21 50 61 11 11 3 15 51 56 57 59 97 
80 3 89 34 33 17 75 94 11 96 84 30 61 9 43 97 7 36 22 65 64 65 93 96 49 72 18 34 74 19 84 87 73 16 73 66 23 62 32 84 69 48 7 52 4 0 36 42 81 54 68 81 21 92 82 73 23 3 49 73 2 22 43 99 42 5 60 52 67 58 1 39 70 10 57 46 95 36 40 6 8 89 18 71 10 68 17 2 43 79 4 
24 30 25 92 9 84 84 7 4 83 99 39 54 61 94 89 95 11 74 83 24 40 68 26 16 70 15 62 87 75 91 38 98 83 88 86 68 62 28 33 37 87 30 98 80 2 0 61 41 68 19 59 13 46 43 10 79 64 74 94 14 38 71 27 15 90 58 78 16 43 30 64 91 35 43 15 32 32 61 47 51 70 96 92 37 7 7 67 24 95 28 
91 17 19 29 6 14 34 34 92 54 9 58 58 44 48 58 59 24 37 8 33 70 8 13 65 53 61 19 35 30 48 57 17 70 27 31 91 36 97 7 87 6 46 49 76 42 64 0 19 43 47 86 38 42 17 84 54 95 86 93 40 50 77 91 65 29 7 56 72 35 34 98 17 77 36 61 28 97 22 22 14 33 17 65 75 11 38 16 34 67 49 
96 3 54 47 81 52 35 97 91 7 36 8 77 59 38 90 70 27 29 62 78 47 24 95 99 12 25 41 86 6 38 24 22 19 42 83 54 85 28 66 58 46 80 94 78 15 95 7 0 61 2 29 75 11 49 8 34 52 49 49 41 96 21 4 2 1 29 62 23 1 16 33 14 25 14 18 61 60 84 53 35 14 76 45 67 53 33 54 67 64 59 
35 52 42 30 7 42 99 28 23 77 51 82 87 98 33 26 52 28 1 65 23 56 93 2 57 30 74 21 80 78 25 6 17 26 66 76 95 17 1 65 51 34 28 4 93 34 92 98 75 0 31 7 22 37 3 92 21 23 70 98 51 69 17 94 22 97 85 72 53 8 41 70 2 93 12 67 45 16 28 76 43 56 88 66 23 82 16 2 99 71 85 
33 76 49 25 74 2 98 96 4 5 80 61 28 67 62 90 2 67 26 78 10 28 27 46 61 79 34 87 65 47 12 56 24 55 74 75 83 4 51 25 41 55 18 10 78 52 87 28 66 88 0 43 93 50 93 82 90 59 98 41 29 7 90 41 88 34 81 20 77 18 69 96 11 41 82 49 71 37 37 60 89 48 6 49 70 59 73 29 62 70 65 
42 40 61 58 34 56 10 6 72 34 23 99 7 46 76 60 54 90 82 65 4 59 15 19 56 92 74 38 25 10 23 11 42 69 49 75 24 8 61 77 1 96 40 91 38 21 47 32 15 52 52 0 72 79 54 93 70 9 89 57 23 62 33 57 57 84 22 91 77 78 35 21 52 99 14 41 95 91 70 45 98 46 36 93 85 71 63 80 10 75 12 
16 98 53 78 10 64 6 94 2 24 12 26 62 21 67 5 71 71 2 71 27 64 53 52 55 84 14 22 44 47 28 44 85 42 6 28 41 99 6 64 53 23 30 1 34 43 55 43 67 89 86 56 0 41 43 61 98 94 54 58 16 73 52 3 22 4 32 58 10 15 79 57 71 50 81 65 56 67 36 85 23 97 78 27 49 13 47 70 63 38 53 
90 62 39 23 24 44 3 39 94 59 82 74 93 15 71 52 4 41 75 37 29 48 71 38 14 6 66 36 23 42 12 61 43 36 54 54 14 18 31 66 43 56 40 77 46 95 81 77 84 49 12 12 95 0 51 93 45 47 75 85 15 22 40 82 68 98 20 46 6 61 7 76 27 7 69 24 2 73 77 91 83 91 20 4 39 37 53 63 29 18 14 
31 54 27 72 26 34 70 84 78 6 41 71 84 92 24 60 95 34 37 55 75 24 82 31 97 21 86 16 28 26 7 75 9 50 61 85 92 84 38 47 58 30 49 36 49 31 86 70 34 38 26 95 76 79 0 33 9 27 12 60 61 1 5 86 71 97 60 55 1 37 1 77 19 46 52 56 76 92 5 87 72 94 30 37 81 1 19 99 24 42 6 
85 90 26 45 83 54 68 39 24 5 65 35 97 23 16 11 31 67 59 60 17 1 7 44 98 58 91 66 98 2 95 47 2 77 59 13 96 34 12 27 98 21 51 57 35 40 61 76 52 29 64 7 61 94 59 0 82 62 38 20 36 25 33 63 74 16 76 20 39 28 73 73 67 30 75 44 23 64 89 66 5 13 75 53 82 17 21 64 11 44 62 
56 92 80 99 63 58 43 52 28 44 19 80 22 34 59 19 69 11 19 45 34 96 83 71 49 8 19 22 59 84 70 28 31 38 78 22 84 50 27 18 95 10 7 39 60 90 1 64 66 55 19 51 1 9 62 97 0 36 11 34 37 43 86 30 68 27 62 10 89 47 52 43 81 60 65 28 61 67 99 33 52 98 53 15 87 79 81 25 55 52 27 
99 41 6 64 76 34 34 83 22 37 30 2 24 33 46 69 94 59 3 72 54 71 57 18 9 84 32 38 64 39 71 25 17 96 71 28 75 84 79 33 59 26 2 17 84 50 40 51 64 65 30 17 77 5 9 69 32 0 99 62 34 9 83 67 84 23 60 54 54 95 49 59 89 96 91 48 36 30 59 62 8 43 8 92 66 91 89 22 49 81 2 
95 50 3 7 21 25 52 38 85 53 48 58 80 77 22 31 69 3 62 27 59 77 98 99 8 87 14 10 97 80 95 69 75 45 85 87 14 27 80 88 42 29 38 66 28 25 59 51 68 55 54 89 71 54 28 16 39 3 0 48 39 3 74 28 20 6 10 71 69 78 38 52 46 1 44 58 61 3 67 27 84 90 33 32 47 72 68 62 83 37 50 
62 6 27 27 82 97 23 55 90 70 28 86 56 98 72 33 98 16 25 47 61 67 98 81 39 96 38 39 4 5 89 37 33 17 48 79 16 11 81 47 16 82 70 9 36 36 29 45 1 76 24 29 8 77 26 17 20 51 92 0 2 78 63 26 76 94 59 40 35 48 86 30 46 6 15 18 6 56 53 71 74 55 94 87 19 8 5 44 80 75 79 
68 9 49 35 77 70 10 13 99 15 1 16 46 74 55 57 22 77 83 7 8 59 86 88 59 84 18 57 38 74 16 80 23 28 10 63 21 2 30 63 86 11 38 83 23 76 7 71 69 90 83 4 28 16 37 70 1 65 17 52 0 40 42 18 76 64 83 9 39 63 23 29 73 78 43 80 72 71 31 48 95 20 51 69 56 13 75 57 54 14 95 
10 55 63 45 91 40 56 37 14 73 7 32 7 71 79 83 31 68 6 24 31 78 20 67 5 71 66 68 22 19 13 6 97 30 97 40 38 12 53 42 71 8 65 54 16 69 90 4 46 90 53 17 24 11 52 35 24 72 30 55 55 0 68 88 27 76 20 10 16 67 83 50 12 96 67 19 24 44 70 80 69 37 49 58 68 91 17 31 65 21 1 
1 86 83 29 90 38 95 44 73 85 77 98 92 71 91 93 30 76 67 96 49 77 48 9 54 70 36 64 19 93 53 59 97 38 57 60 12 69 53 43 12 11 66 93 99 38 19 57 52 27 59 22 79 66 28 16 62 18 99 41 19 2 0 84 81 35 51 78 98 13 19 39 38 83 31 46 77 29 70 33 67 78 22 39 30 24 32 82 89 86 95 
56 9 89 10 17 47 59 45 55 98 30 56 49 52 90 51 48 53 21 48 76 9 34 13 39 1 23 81 54 60 63 54 61 76 99 50 9 6 57 97 42 78 27 14 94 48 44 94 61 87 43 97 61 53 62 36 6 73 56 11 42 20 47 0 66 30 32 7 30 9 31 13 97 21 12 32 50 82 2 20 81 71 1 88 5 79 22 57 47 46 54 
94 29 12 22 98 52 99 6 3 39 38 46 4 25 66 52 45 28 85 11 83 72 22 12 17 91 20 31 45 71 40 18 9 97 69 2 37 57 5 84 53 38 88 50 76 12 15 44 98 50 99 56 34 92 99 58 80 48 48 22 2 44 80 76 0 47 5 36 48 60 56 35 59 22 72 2 82 19 58 27 7 41 35 96 99 38 43 79 16 41 84 
28 12 65 53 59 7 36 3 9 37 82 74 97 7 98 55 52 7 60 17 86 87 55 99 92 81 52 4 79 48 83 84 32 53 78 54 55 35 30 27 11 72 95 89 15 85 31 39 72 63 55 82 91 52 16 93 32 28 6 45 38 29 25 24 20 0 34 86 31 41 91 60 72 14 91 79 86 41 93 38 12 60 25 73 33 9 65 85 75 41 5 
40 72 49 31 76 79 45 18 25 73 77 85 38 93 32 25 82 23 23 77 99 93 39 93 97 30 86 40 22 74 1 21 45 47 68 53 91 79 92 80 13 17 15 78 57 9 39 23 50 10 68 95 9 28 58 58 7 76 23 43 39 1 28 24 23 71 0 96 85 12 88 23 34 24 30 47 62 14 98 39 65 83 28 61 17 65 35 23 83 36 40 
6 1 53 89 37 76 25 98 52 43 19 68 98 16 38 50 23 85 39 85 48 89 23 53 17 57 25 70 4 22 69 81 99 12 48 90 46 65 3 29 82 25 22 43 46 59 69 7 93 87 71 16 4 23 43 48 22 34 98 95 25 26 32 39 87 24 99 0 95 44 37 60 11 47 55 84 17 81 61 31 71 7 84 37 63 58 53 52 91 3 94 
10 51 7 75 33 15 85 9 7 36 77 97 24 53 4 14 23 96 47 72 94 16 3 18 19 77 63 57 63 60 69 61 51 51 39 32 24 90 19 75 47 55 92 1 30 77 98 59 48 60 10 98 17 89 3 84 48 89 25 3 68 41 19 6 61 54 74 55 0 92 17 35 8 66 14 65 65 84 50 1 15 54 83 63 93 31 86 71 29 68 47 
73 13 72 86 61 81 96 30 71 45 71 47 5 74 79 6 7 27 93 36 69 77 69 70 56 59 60 23 97 80 15 59 17 81 62 41 81 25 16 29 12 37 63 5 29 47 69 9 68 90 46 73 10 44 32 12 90 64 87 84 97 38 43 41 94 68 43 99 56 0 70 89 94 94 69 29 22 27 39 65 47 21 76 27 98 21 88 11 28 7 71 
30 64 70 36 59 45 17 40 70 43 58 72 2 61 83 98 53 12 73 77 2 36 61 32 98 29 50 41 70 31 53 56 17 76 83 70 71 53 67 30 72 82 46 72 49 15 84 15 99 91 94 36 41 54 84 28 96 38 59 26 67 42 1 67 25 5 54 64 16 57 0 30 9 85 77 69 90 33 66 81 7 28 68 38 69 75 67 28 69 40 89 
96 45 39 42 82 53 29 22 32 89 76 46 55 6 59 67 80 15 55 55 30 6 59 35 93 74 92 24 65 20 99 29 30 68 66 34 79 90 31 16 81 73 86 88 24 72 4 61 50 5 90 3 72 51 3 41 32 5 94 86 10 14 71 59 71 50 11 69 17 62 15 0 91 51 18 21 30 90 35 7 24 39 39 41 99 73 89 42 11 90 42 
62 23 35 2 72 87 21 27 83 37 58 32 85 31 86 59 19 62 82 70 41 64 98 73 26 34 9 74 40 25 34 64 87 60 72 31 31 83 53 9 38 4 44 88 35 58 92 50 96 15 79 52 54 96 93 17 33 55 54 74 58 11 89 39 52 8 92 92 9 72 56 60 0 89 19 20 51 24 22 54 52 30 48 9 3 27 26 6 20 32 88 
14 3 58 41 52 99 93 1 19 29 10 79 39 85 12 11 19 3 12 3 47 15 6 50 36 25 61 53 95 57 3 8 89 72 21 96 42 6 3 83 69 91 93 21 17 31 83 54 98 85 89 87 7 45 95 80 24 57 56 29 1 64 75 96 70 64 41 19 27 69 51 73 53 0 71 37 71 58 80 55 63 2 67 18 97 95 49 20 42 98 95 
96 92 38 72 94 92 18 59 82 10 23 32 74 36 37 63 59 1 69 24 50 87 46 29 53 32 95 60 92 33 27 12 8 84 36 38 56 37 70 92 88 12 12 7 22 19 49 22 11 99 38 70 61 34 68 9 22 95 55 36 46 52 94 83 53 18 80 28 10 3 70 80 52 5 0 51 22 37 99 93 72 65 86 26 44 37 50 84 84 57 91 
12 31 70 78 27 57 26 99 70 57 73 55 91 83 79 48 4 50 14 78 15 1 10 17 95 63 58 89 90 88 13 51 23 10 93 66 82 59 3 17 19 35 10 41 64 38 54 49 22 49 3 83 40 45 32 51 32 95 57 24 57 95 26 37 59 77 72 63 31 92 32 47 76 9 52 0 53 6 54 73 95 49 25 30 52 69 70 42 16 61 49 
45 76 96 98 31 94 36 91 52 19 26 92 74 62 21 59 77 44 74 39 1 20 75 98 78 23 10 89 45 69 9 73 39 65 21 66 52 59 50 50 31 12 79 39 49 67 98 79 36 75 47 33 28 73 1 39 52 7 63 57 62 74 55 57 67 59 77 64 85 40 38 58 41 26 73 87 0 19 22 95 3 89 80 92 49 34 36 27 68 93 72 
1 54 35 88 1 70 34 51 83 20 92 90 79 98 61 82 62 77 93 49 49 62 4 7 89 75 23 41 60 5 38 54 72 51 84 1 86 31 28 11 36 66 4 86 90 63 51 68 19 96 64 80 45 92 2 5 32 2 96 93 68 87 98 40 93 87 77 76 62 82 93 41 70 21 66 30 86 0 83 95 99 55 88 46 95 81 1 11 32 76 90 
84 29 11 47 25 24 98 52 41 20 21 50 57 18 86 37 80 51 77 72 16 28 1 60 50 18 92 25 50 92 14 99 65 35 44 63 44 2 67 74 88 23 71 99 99 40 7 37 25 8 29 62 20 17 72 52 71 12 79 42 98 77 59 29 37 26 75 11 2 57 49 74 98 28 70 57 47 9 0 26 77 41 93 67 4 95 89 97 2 17 65 
69 76 25 24 65 76 22 40 65 50 60 49 6 89 74 13 96 58 32 18 75 46 73 32 55 86 95 13 78 65 34 18 58 91 50 19 22 83 89 10 51 34 84 95 7 99 51 35 18 29 32 27 1 43 68 77 80 3 57 34 65 19 63 83 33 58 53 15 85 42 10 27 98 41 88 80 10 52 12 0 64 67 70 8 92 2 47 24 42 22 29 
13 55 14 28 9 28 29 83 16 71 59 11 13 15 83 89 22 39 67 77 89 4 99 62 11 20 8 93 70 34 92 8 28 16 1 74 35 11 19 95 23 83 89 41 80 60 94 70 31 26 69 32 83 95 79 19 8 70 54 58 72 43 6 49 50 68 57 22 55 96 87 32 59 42 13 30 40 19 27 76 0 46 4 96 11 8 79 93 21 81 7 
54 36 61 33 23 60 43 93 87 60 75 12 27 57 62 14 96 99 68 71 95 9 38 46 33 15 7 5 63 75 84 17 73 40 18 65 29 12 74 74 8 95 82 6 82 42 92 95 63 75 80 52 55 47 39 22 76 98 81 9 8 9 52 12 44 72 20 89 76 70 69 53 44 63 13 82 99 16 86 14 29 0 83 37 63 17 9 95 60 93 79 
21 38 54 39 40 68 86 17 60 5 18 14 42 90 16 64 17 19 66 75 47 82 44 30 39 92 81 89 82 77 72 10 1 67 31 63 31 68 88 71 28 27 18 14 8 5 82 56 3 25 14 62 34 23 3 89 62 28 50 48 96 11 1 51 16 74 41 94 66 92 25 94 63 95 26 31 12 89 97 59 52 88 0 92 94 58 59 21 35 41 41 
81 90 9 4 31 7 73 24 75 68 9 26 74 47 23 44 27 66 53 7 57 58 3 94 82 50 47 16 69 57 89 57 12 48 90 43 78 62 44 47 86 37 27 86 78 58 70 83 95 62 9 33 60 41 98 58 80 93 80 30 99 92 37 67 71 68 50 58 5 64 63 86 9 94 47 52 67 72 5 16 30 69 1 0 74 22 47 97 87 6 70 
71 2 65 11 24 42 37 36 62 20 15 19 37 20 3 68 13 73 27 43 3 70 26 36 74 29 55 81 15 9 2 13 39 91 70 23 39 41 84 40 19 84 8 78 62 89 26 35 46 86 77 1 55 78 66 12 51 74 34 44 67 15 11 5 97 9 41 50 81 6 89 84 91 10 89 77 21 46 50 58 27 58 8 93 0 9 83 58 64 18 77 
34 87 36 20 69 15 42 45 11 29 67 69 67 42 91 30 83 29 43 38 60 86 9 33 82 56 77 7 89 49 44 77 66 10 6 22 56 79 31 97 34 8 54 39 45 64 31 48 47 85 94 15 87 82 27 46 57 40 58 66 75 71 11 96 30 99 28 87 19 72 67 17 93 4 61 23 66 99 24 97 42 85 71 38 29 0 28 20 4 42 49 
66 30 97 11 18 23 43 29 75 23 8 74 23 2 36 81 42 56 46 46 88 43 49 85 21 65 1 57 63 69 54 69 39 3 38 6 11 88 57 22 22 47 96 29 93 98 11 73 62 15 95 32 38 38 38 14 32 82 8 64 56 12 96 68 55 25 23 8 69 1 46 82 8 63 75 43 17 64 23 53 67 68 80 50 4 44 0 13 86 78 96 
17 94 74 27 36 89 47 20 97 55 31 18 48 98 65 79 99 88 71 96 19 38 79 39 39 49 63 47 88 2 92 94 45 23 96 63 1 25 57 2 18 8 23 19 96 3 60 38 24 7 61 50 70 90 66 72 23 30 36 35 41 30 56 12 84 14 80 95 68 5 51 50 33 28 55 79 62 66 83 54 88 51 74 86 42 77 71 0 82 41 26 
8 14 30 61 78 45 33 85 69 83 19 65 15 69 80 91 44 85 52 84 59 77 61 81 29 70 63 31 83 54 60 11 9 7 26 32 28 86 55 93 49 1 70 98 72 72 14 75 95 34 10 19 27 59 14 1 62 10 45 69 89 69 95 83 53 1 62 79 5 91 55 25 82 87 33 95 9 83 44 86 55 82 48 46 87 32 14 41 0 63 18 
33 66 21 37 87 52 3 68 48 75 63 84 58 56 36 8 53 37 77 9 17 94 16 30 84 5 69 52 34 93 50 20 84 57 27 32 64 68 43 41 30 62 39 55 11 86 74 7 97 51 42 83 60 85 80 30 38 80 4 77 11 7 79 62 43 44 52 78 43 81 75 74 53 47 17 68 96 72 50 56 15 94 36 66 75 10 77 62 48 0 39 
78 1 72 90 4 29 47 26 93 15 80 39 48 4 39 87 37 17 2 28 60 98 72 84 58 38 88 99 22 5 99 83 81 86 19 51 80 33 7 2 94 89 44 4 27 20 10 27 15 89 98 82 46 40 99 93 28 84 89 68 19 27 94 76 5 94 39 38 73 31 77 38 24 46 4 53 44 20 39 45 50 69 56 28 25 6 97 71 39 74 0 
