n: 90
m: 6
Pi:U[1-99] 77 59 93 57 61 45 89 97 31 69 53 33 1 84 88 93 52 49 82 66 38 79 79 53 25 89 16 64 63 45 67 65 55 71 35 56 85 98 34 91 23 78 62 48 85 25 88 55 53 64 19 90 85 80 51 16 29 26 10 59 79 28 97 63 3 90 38 4 64 34 63 46 28 90 42 13 75 67 5 50 4 10 52 10 45 21 58 20 26 78 
Si:U[50-99]
0 34 38 60 42 46 48 40 58 40 99 99 99 99 99 85 84 84 78 99 99 99 99 79 99 81 99 85 99 99 96 81 97 99 99 99 99 99 99 99 99 99 99 99 99 99 99 99 99 99 99 87 87 99 75 99 99 99 99 99 91 99 81 99 90 79 99 99 99 99 96 88 99 75 99 99 99 99 78 99 99 99 99 99 99 99 99 99 99 94 99 
40 0 36 59 63 58 52 44 62 48 99 99 97 99 93 99 99 99 99 99 99 94 99 99 79 99 75 99 90 99 75 79 99 87 96 99 99 99 96 99 97 99 84 99 99 99 88 88 82 96 90 99 85 99 99 99 99 97 99 99 99 99 99 99 99 99 96 99 99 99 82 99 85 99 85 81 99 99 99 99 99 88 97 87 84 99 97 99 99 99 99 
60 51 0 38 61 53 52 42 46 57 99 97 99 93 82 99 99 99 99 94 99 91 99 99 91 93 85 99 99 99 99 99 91 99 99 94 99 99 82 99 99 81 88 99 99 90 96 99 90 99 99 99 99 97 99 90 99 99 99 76 99 97 99 76 94 99 99 99 99 99 99 99 99 81 99 99 99 99 82 76 99 99 88 99 99 99 82 99 75 87 99 
40 44 62 0 62 41 34 44 63 50 99 99 99 99 78 85 99 94 99 99 99 99 99 99 99 99 99 99 99 99 99 99 93 79 99 76 99 99 88 99 94 99 99 99 99 99 99 91 99 90 99 99 99 99 75 96 87 99 78 99 91 81 99 99 99 99 99 99 99 99 90 99 99 94 99 78 99 99 99 88 99 99 99 99 75 99 99 99 99 99 99 
46 34 41 65 0 41 52 48 40 42 87 99 99 99 99 99 99 99 99 99 99 99 99 99 99 99 84 99 99 99 91 99 99 99 79 99 99 99 85 81 81 99 81 85 88 99 94 99 99 81 99 99 99 99 99 99 99 99 75 94 90 99 99 99 91 91 99 75 99 99 85 99 99 99 99 99 99 75 99 99 93 99 99 81 93 90 99 99 99 99 99 
46 64 36 56 34 0 44 62 34 47 99 99 99 99 99 75 99 99 99 99 99 99 97 99 94 99 81 88 85 75 99 99 88 99 93 99 93 99 99 99 84 82 99 99 99 85 99 99 99 94 81 99 99 99 99 99 99 99 94 88 99 99 99 99 94 99 99 99 99 99 96 99 84 99 76 99 99 99 99 93 94 99 76 99 99 99 99 99 93 76 99 
38 50 65 54 34 37 0 53 48 38 99 81 99 99 99 91 99 99 99 81 99 99 99 79 99 97 99 99 99 94 99 78 87 99 99 99 99 81 82 84 99 85 99 99 99 99 99 99 99 99 99 87 99 75 99 81 75 99 99 99 93 81 99 99 91 99 99 99 97 99 94 85 99 99 99 90 75 99 99 81 96 99 81 93 99 76 99 99 84 99 99 
62 58 42 46 55 58 45 0 34 34 99 87 99 85 96 99 93 79 99 99 99 99 99 99 76 99 99 99 94 97 99 99 99 99 96 99 99 99 96 99 99 94 99 79 99 99 99 94 99 82 99 99 99 99 99 91 99 94 84 99 99 99 99 99 76 85 85 99 99 85 99 88 79 97 94 93 91 88 99 87 99 99 99 94 99 99 99 99 99 99 82 
55 64 44 48 58 50 66 58 0 58 99 84 99 99 99 99 99 99 94 99 99 99 99 99 84 96 99 99 99 81 99 99 76 99 99 99 99 94 99 84 99 99 99 99 99 99 99 79 99 76 97 99 99 99 88 99 99 82 99 76 99 78 75 99 99 99 99 93 99 99 99 99 99 99 99 99 99 84 99 82 99 88 97 99 99 99 76 99 99 99 99 
54 56 47 62 64 44 34 63 52 0 99 97 99 99 99 93 82 99 97 99 99 96 99 99 99 99 99 99 99 99 99 88 99 99 99 91 99 99 97 84 99 99 99 75 84 88 99 85 99 82 84 99 87 99 99 99 99 82 99 99 99 79 99 79 99 99 99 85 99 84 99 99 99 99 99 99 97 96 99 99 84 99 99 76 99 99 99 99 99 99 99 
99 99 99 99 75 78 82 96 79 93 0 63 40 39 43 46 36 46 49 54 75 93 76 87 99 97 99 81 99 99 99 99 93 81 78 99 99 99 99 99 97 78 99 99 99 99 93 99 99 90 99 99 84 99 99 93 99 99 99 99 99 85 99 99 85 99 99 99 99 84 99 99 99 99 99 99 99 78 99 99 99 99 99 87 99 78 99 88 99 99 85 
88 76 93 99 84 82 99 99 99 84 50 0 57 37 35 63 59 38 60 54 99 99 99 99 96 94 79 99 99 99 96 99 93 99 99 99 99 87 99 99 91 84 99 99 99 99 99 99 97 88 99 99 99 99 97 85 99 99 99 99 90 99 99 79 99 99 99 99 99 99 99 99 99 99 90 99 99 79 99 99 99 91 99 75 99 91 96 94 99 82 99 
99 99 99 99 99 99 78 99 81 99 63 65 0 45 34 37 60 61 37 50 99 76 82 75 79 99 99 99 88 96 99 84 99 99 93 90 99 99 99 99 99 99 99 99 93 99 91 99 99 94 99 82 99 99 97 82 99 99 99 99 93 87 99 99 76 99 99 99 99 99 82 99 99 99 99 99 99 76 97 99 99 88 94 96 99 99 99 79 99 82 99 
78 75 88 99 99 79 99 85 99 99 64 64 34 0 60 58 46 40 55 44 99 99 99 99 81 99 91 99 99 85 99 91 99 99 99 99 99 99 99 99 99 99 99 94 99 99 99 94 99 96 99 99 99 99 99 87 99 91 99 81 99 99 99 99 99 99 99 99 99 99 99 99 99 99 97 84 91 97 99 76 79 99 99 84 99 99 99 99 99 99 99 
99 87 75 99 99 75 85 99 99 99 56 37 38 52 0 62 60 44 46 64 99 99 88 99 99 99 99 99 93 94 81 99 96 99 99 99 76 99 99 76 76 99 99 99 99 99 79 99 79 93 97 99 99 99 99 82 99 99 85 99 85 99 97 99 99 99 99 99 99 81 75 99 99 99 99 99 99 99 99 81 99 99 99 84 75 99 99 99 78 87 99 
99 99 99 76 99 99 99 99 82 99 56 64 64 54 66 0 48 38 43 40 75 99 90 99 93 99 99 99 81 99 99 75 88 81 84 99 85 76 99 84 82 94 99 99 76 99 99 99 97 99 97 99 99 99 96 99 99 99 99 99 99 99 99 99 99 99 88 99 75 99 99 99 99 99 99 78 94 99 99 99 91 99 88 99 96 93 99 99 99 85 99 
99 94 99 99 99 76 99 99 99 99 42 44 58 61 56 33 0 62 39 34 99 97 99 99 99 99 99 99 99 99 99 91 99 85 99 79 99 99 99 99 99 99 99 99 84 99 99 99 99 85 99 99 78 88 99 76 99 99 94 99 99 99 99 99 91 99 99 85 96 94 84 99 93 99 99 90 97 96 99 93 90 99 99 87 99 99 99 99 85 79 87 
99 99 96 85 99 99 79 99 84 84 34 55 65 47 60 61 36 0 57 40 76 96 87 99 99 79 99 90 99 87 88 84 99 99 93 99 99 99 99 99 87 99 99 99 75 99 99 99 99 99 99 99 99 76 99 99 99 99 99 97 87 99 99 99 99 99 96 79 99 99 99 99 99 94 99 99 99 87 99 99 99 81 81 78 99 99 99 99 99 99 99 
99 99 99 99 99 99 81 99 99 75 46 56 38 50 65 62 53 38 0 48 99 87 82 99 82 99 99 99 88 99 99 99 99 90 99 93 76 99 99 84 82 99 99 88 99 93 99 99 99 94 99 78 99 99 99 99 99 99 99 78 93 94 87 99 99 81 99 99 99 93 99 99 99 78 99 99 99 99 88 99 99 91 99 97 99 99 99 88 99 99 90 
99 99 99 87 99 99 99 99 81 96 34 50 42 54 50 51 46 44 64 0 99 79 99 99 99 84 99 99 82 87 99 82 88 99 97 99 99 85 99 99 99 99 81 99 88 99 99 99 78 97 99 91 99 99 78 99 82 82 99 97 99 99 85 99 99 99 99 88 99 85 75 99 84 99 99 99 99 99 99 99 78 90 79 94 99 99 91 99 85 99 99 
84 96 99 99 93 99 94 99 99 99 99 99 99 96 99 87 81 93 75 99 0 37 56 58 65 48 45 36 41 41 82 99 99 99 99 85 99 99 99 75 99 96 96 99 90 99 99 87 99 99 99 96 99 84 94 99 99 99 99 99 99 99 99 99 75 99 99 99 97 99 75 96 99 99 79 99 99 99 99 87 99 99 99 91 99 99 85 97 99 75 99 
99 75 99 99 99 99 93 99 99 99 99 88 99 99 87 99 99 99 99 78 54 0 38 34 60 38 53 37 33 50 87 81 99 96 99 99 99 96 99 99 99 99 99 78 99 99 99 78 79 99 79 99 99 99 99 99 99 99 99 85 99 99 96 99 75 99 97 99 99 99 81 99 99 99 85 99 99 99 96 99 99 81 99 99 99 99 99 88 78 99 99 
99 99 99 99 93 94 99 81 82 99 99 99 99 99 99 99 94 99 99 99 35 40 0 53 46 50 47 51 43 53 94 94 91 99 99 99 91 99 99 99 99 75 99 76 99 99 76 99 99 99 97 75 99 99 99 99 79 99 99 99 79 82 99 79 84 99 84 99 99 78 99 94 99 94 94 99 90 99 85 99 99 99 99 99 99 76 99 97 99 99 99 
99 99 99 99 79 99 99 99 99 99 76 99 99 99 99 99 99 99 85 99 41 50 40 0 61 57 36 33 58 36 99 88 82 90 99 99 99 93 87 99 81 99 99 99 99 99 99 99 99 75 99 88 99 84 99 99 99 99 99 99 91 99 99 84 99 76 99 99 99 99 99 87 99 75 99 84 99 99 99 76 99 99 99 99 99 99 87 99 99 99 88 
93 99 75 99 99 99 99 99 99 99 99 99 99 82 99 75 99 87 99 99 62 59 46 60 0 43 52 35 49 53 99 99 99 99 99 99 99 99 99 99 99 85 99 99 99 99 81 99 99 99 99 93 99 99 99 94 99 99 90 99 81 99 99 99 99 97 99 99 99 99 93 76 84 99 85 99 99 99 99 99 91 99 99 99 99 85 78 96 99 99 99 
99 91 99 99 96 99 99 99 99 99 99 93 99 99 79 99 99 99 90 78 58 58 42 58 45 0 64 60 35 62 85 99 99 99 99 84 99 99 99 99 75 99 94 99 99 99 99 76 99 99 99 99 97 90 78 99 81 81 99 99 99 99 91 93 82 99 99 76 99 93 99 99 99 76 99 99 99 99 88 99 99 81 78 99 99 99 99 99 99 99 99 
82 90 99 99 99 99 96 99 99 99 99 99 87 79 93 87 82 99 96 99 63 64 62 50 58 36 0 52 40 41 99 90 99 96 94 99 93 85 99 81 87 79 99 85 94 99 78 93 81 99 99 78 99 94 99 99 87 91 99 99 99 99 97 99 99 99 75 84 99 99 99 90 93 96 99 78 99 84 99 99 99 99 99 99 99 99 99 99 99 99 99 
99 79 99 99 88 99 76 99 99 79 91 99 99 99 99 99 99 99 99 99 54 54 35 56 58 58 62 0 52 54 88 91 90 97 99 99 99 99 99 99 99 99 99 81 99 99 99 79 88 99 79 94 99 99 96 99 82 99 99 99 99 99 76 99 93 79 99 78 78 99 84 88 99 99 99 99 99 99 88 99 99 99 94 99 99 99 81 99 90 99 99 
99 99 93 99 81 99 99 99 99 79 99 99 99 99 99 99 99 99 99 85 47 62 38 63 61 64 57 34 0 64 99 99 88 99 82 99 99 99 99 99 84 99 94 99 99 99 97 99 99 99 99 99 99 88 81 84 93 99 91 96 75 82 99 99 81 99 99 96 87 99 99 99 94 99 99 90 99 99 93 99 99 81 99 91 99 99 85 84 91 99 99 
99 99 99 99 99 99 99 99 99 99 97 96 99 85 84 99 99 99 90 99 54 41 60 52 38 45 38 54 38 0 99 99 99 99 96 94 88 99 99 99 90 99 99 99 99 99 99 99 99 99 81 99 82 99 81 99 99 99 99 76 99 99 99 90 79 99 99 99 99 96 99 99 81 84 99 99 87 99 99 99 99 99 90 75 99 99 99 99 93 99 99 
93 99 99 99 76 99 99 99 97 99 99 87 78 99 75 96 99 76 99 99 94 99 99 99 99 99 99 99 87 99 0 64 53 44 48 58 42 56 33 46 87 99 99 99 79 99 99 82 79 99 79 99 90 99 99 99 99 76 99 99 88 88 99 99 79 99 99 99 94 87 99 99 99 97 99 99 99 99 94 76 99 99 85 76 97 99 99 99 99 99 99 
93 85 99 81 90 99 99 88 99 82 99 99 99 93 99 99 97 99 81 99 84 99 99 99 99 99 84 87 85 99 50 0 62 34 64 33 64 46 48 34 84 99 99 99 99 87 99 99 99 99 99 99 99 75 99 96 99 90 99 99 75 88 99 99 99 99 99 99 99 99 99 78 99 99 99 99 78 99 99 99 99 99 79 99 99 99 99 87 99 94 99 
75 99 87 96 99 87 94 81 99 99 93 78 99 81 99 99 76 96 99 99 99 99 99 99 99 99 76 93 99 96 47 41 0 52 34 42 50 33 39 48 99 87 99 91 99 99 82 99 99 99 99 99 78 99 99 99 99 88 99 96 99 99 99 99 75 99 99 99 79 99 99 85 99 99 99 75 99 84 99 99 87 76 99 99 99 96 99 90 81 99 99 
99 99 99 99 99 93 99 94 99 94 76 99 99 99 99 99 99 78 99 99 82 78 96 99 99 79 82 99 99 99 51 48 44 0 35 55 48 61 59 44 99 88 99 99 97 76 99 99 99 99 81 99 75 85 87 99 99 75 99 99 99 99 99 99 90 99 99 94 99 99 99 99 99 99 79 91 91 79 90 76 91 99 81 99 99 82 78 99 99 99 99 
99 99 99 99 84 99 85 99 99 75 90 94 99 75 75 99 99 85 84 99 79 99 99 99 90 99 99 99 99 99 39 57 36 62 0 34 53 46 58 46 99 90 99 78 99 99 84 99 99 99 99 99 96 99 99 81 78 96 99 90 76 93 99 90 99 99 99 99 99 99 99 99 99 99 82 91 84 99 99 99 99 99 99 99 88 99 99 99 99 84 99 
84 99 99 84 99 99 99 79 99 99 88 85 96 82 99 99 99 99 84 88 99 91 85 99 99 93 96 88 93 99 61 34 34 42 36 0 62 64 65 59 87 99 99 99 99 99 99 82 99 99 99 99 76 99 99 81 99 99 90 99 99 96 99 99 99 99 99 99 99 99 78 88 99 91 99 99 90 99 99 79 99 99 90 96 99 79 99 99 99 99 99 
99 79 99 99 85 75 99 99 99 99 87 99 99 99 99 99 99 99 76 87 93 99 99 99 99 99 76 99 99 99 40 60 53 51 40 38 0 65 36 50 91 99 99 99 90 99 87 99 76 99 99 78 99 99 99 94 99 99 99 99 99 99 99 88 99 96 99 99 99 84 99 99 99 99 99 99 99 99 99 99 99 99 99 99 99 99 81 99 99 96 88 
99 88 99 99 99 99 99 99 81 99 99 99 94 99 87 99 99 93 99 91 99 90 96 99 91 76 99 99 99 99 61 48 42 48 60 39 46 0 54 59 99 99 85 99 99 99 78 84 75 99 99 94 99 99 99 82 99 88 99 99 76 81 99 99 99 99 99 99 99 99 79 99 99 90 99 90 82 99 99 99 99 99 97 99 99 99 75 99 91 99 99 
99 99 75 99 99 91 99 99 99 99 99 99 99 99 99 99 99 99 99 99 76 76 99 93 99 99 78 99 99 88 58 63 36 60 50 52 50 56 0 36 99 82 87 99 76 99 78 85 81 90 78 99 99 75 99 99 99 99 85 76 99 99 99 99 99 90 99 99 99 99 99 84 99 99 93 99 81 88 82 99 99 99 99 85 99 99 99 99 76 99 79 
91 99 99 99 94 99 99 96 99 88 99 99 99 99 99 99 93 99 99 99 99 99 99 99 87 99 99 99 99 93 54 37 54 37 50 63 36 65 60 0 99 97 99 91 93 96 94 99 99 99 99 99 99 84 99 88 99 94 99 94 99 99 99 99 99 99 99 99 84 99 82 99 99 99 99 79 96 99 79 99 99 99 76 99 99 75 99 85 76 99 99 
99 99 99 99 99 99 81 85 99 99 99 93 84 99 99 99 82 99 85 99 79 99 99 81 91 99 99 99 99 99 99 99 99 99 99 99 99 75 90 87 0 66 51 57 51 62 52 49 47 50 99 99 99 99 99 99 99 99 99 99 99 99 99 99 99 82 99 93 81 85 99 99 99 99 99 99 99 94 84 99 87 99 99 99 99 99 94 99 99 99 99 
99 99 99 82 99 99 99 76 99 99 90 99 94 90 78 96 99 78 99 99 99 99 99 82 99 99 99 76 82 99 94 96 87 96 99 99 99 99 99 75 36 0 61 48 38 64 53 54 52 37 76 99 99 99 91 99 99 99 99 99 90 79 88 99 99 99 99 99 99 99 81 81 99 99 99 99 99 81 97 99 99 99 99 99 99 90 99 99 99 99 99 
99 99 96 99 99 99 99 97 79 87 75 88 99 99 99 79 96 99 99 99 99 99 78 90 99 82 99 99 93 99 97 85 99 99 94 99 99 99 99 99 34 64 0 64 64 43 48 54 49 34 97 99 93 99 99 76 99 81 99 85 99 99 81 78 99 99 94 96 99 99 99 99 96 99 99 88 75 87 99 96 99 78 76 99 99 99 99 76 99 75 99 
96 81 99 76 99 82 96 82 99 99 79 99 91 99 99 93 90 99 99 99 99 76 99 99 99 78 99 82 99 87 78 99 99 94 99 99 99 99 99 99 66 33 58 0 44 64 51 48 56 34 99 99 99 99 99 88 84 99 99 99 99 99 99 99 99 82 93 96 75 99 91 99 99 76 99 99 99 99 99 99 99 99 87 96 99 99 94 99 99 99 99 
99 79 99 99 99 99 87 82 85 99 99 99 99 99 99 99 99 99 99 99 99 99 99 99 99 76 96 99 99 97 91 99 84 96 99 99 99 94 99 99 48 47 54 34 0 62 56 36 54 36 96 99 99 99 99 99 99 99 99 81 84 99 99 99 99 94 99 99 87 99 99 90 97 85 99 99 99 99 99 97 91 99 79 99 99 99 93 99 99 99 90 
94 99 81 99 99 99 99 99 99 81 99 99 99 91 99 99 99 81 99 90 99 99 99 87 99 99 88 99 78 99 99 99 99 99 99 99 99 99 99 99 62 55 66 40 37 0 36 50 44 57 93 99 84 99 99 99 99 99 76 75 99 99 93 99 99 99 99 99 99 78 75 99 90 99 82 99 99 99 99 99 90 99 99 96 99 99 96 99 99 99 81 
99 85 99 99 75 99 99 99 99 99 99 99 75 99 99 99 94 99 99 99 99 99 99 99 99 94 88 99 99 99 99 99 99 99 84 88 75 99 99 99 58 48 43 42 33 53 0 34 44 56 99 99 99 99 99 81 99 99 99 99 99 99 99 99 75 99 79 99 99 99 99 99 88 99 99 99 99 99 91 84 99 99 99 94 99 99 99 99 99 99 99 
99 99 99 99 99 88 99 78 99 99 99 78 99 99 99 76 99 87 90 99 99 99 99 99 99 99 99 84 96 79 79 96 99 99 99 99 99 99 75 85 60 53 57 62 55 58 55 0 58 34 97 99 99 91 99 99 99 99 93 81 99 99 84 99 99 99 90 99 99 99 99 99 91 99 99 99 96 99 99 84 99 99 99 99 99 99 99 85 87 96 99 
99 96 99 87 99 99 99 99 99 99 99 99 99 75 99 99 99 99 99 76 99 99 99 99 76 99 99 99 99 99 84 99 99 99 99 79 99 99 99 99 63 66 65 46 52 62 54 38 0 50 99 75 99 99 99 99 99 97 99 99 99 99 99 99 99 99 96 99 99 99 99 76 87 75 99 99 79 99 99 99 99 99 99 99 99 99 99 97 99 99 99 
99 75 96 76 99 94 76 99 99 99 99 99 99 99 99 99 78 82 99 99 99 76 90 82 85 99 99 99 79 99 99 96 99 99 99 99 99 99 99 99 35 49 57 64 61 41 33 58 64 0 99 93 91 99 99 99 90 99 75 79 99 99 99 99 94 84 82 99 99 99 99 99 99 99 99 99 99 99 99 99 99 99 76 99 99 93 99 99 99 99 93 
99 88 90 99 99 99 99 99 99 91 99 93 99 99 97 99 99 96 85 99 84 99 79 99 84 85 99 99 99 99 90 99 99 99 99 99 90 99 99 90 99 99 97 99 99 99 99 99 99 99 0 52 40 40 58 60 60 52 43 34 99 99 99 96 90 99 99 99 99 99 76 99 99 99 90 99 99 99 87 99 81 99 99 99 99 88 75 91 84 99 84 
99 93 99 99 96 82 99 90 99 97 84 99 99 99 99 85 99 99 84 99 82 79 99 99 99 99 99 85 94 99 99 99 88 76 99 99 99 99 99 82 76 99 76 99 99 99 75 99 99 99 60 0 48 57 40 40 41 57 57 55 99 94 84 78 99 99 99 99 90 79 99 97 99 99 99 99 97 99 99 91 90 99 99 99 99 99 91 99 82 99 88 
99 99 99 99 93 88 99 99 99 81 99 99 88 90 99 99 99 99 75 84 99 99 99 99 99 82 99 99 94 96 99 99 99 79 99 99 99 99 96 84 99 99 87 81 99 99 99 99 81 94 64 37 0 49 54 43 64 62 41 36 96 99 99 99 82 99 99 99 99 91 99 87 99 96 99 99 81 99 85 99 76 99 81 99 99 99 96 99 99 99 87 
99 90 99 99 75 99 99 82 99 99 99 99 99 99 99 99 90 99 96 84 99 99 99 99 99 99 81 87 99 85 99 81 99 82 99 99 99 85 99 99 76 93 96 99 99 99 99 99 87 99 48 60 58 0 39 60 52 35 59 65 99 82 81 99 88 99 99 76 99 91 99 79 99 99 81 99 99 99 99 99 81 99 99 81 82 76 99 81 82 99 99 
99 99 99 99 99 91 99 93 99 99 93 88 99 99 85 99 99 99 99 99 99 82 87 99 99 94 99 99 93 99 79 99 99 99 99 99 99 97 99 84 99 82 88 99 90 94 99 99 99 96 34 38 59 46 0 58 44 46 39 36 96 99 76 99 99 81 99 99 99 87 84 99 79 99 78 99 94 99 97 76 96 99 99 99 99 99 99 81 99 99 99 
99 99 99 99 88 99 84 99 99 99 99 99 99 87 99 99 99 85 81 99 99 99 99 99 99 99 99 99 99 99 99 81 78 88 76 99 88 85 99 99 99 78 99 99 99 99 82 99 99 94 61 43 62 50 55 0 49 39 40 53 78 99 99 99 99 99 84 99 99 99 99 99 99 99 99 88 99 81 96 99 85 99 79 99 79 99 99 99 99 99 99 
99 99 99 90 99 94 99 99 99 99 99 99 88 99 87 79 99 99 99 99 82 99 99 82 99 99 99 88 99 99 99 84 87 99 99 85 99 97 99 99 99 82 99 99 99 84 99 99 99 99 60 43 41 65 43 52 0 33 50 34 78 99 99 84 99 93 75 82 90 76 99 87 87 97 99 99 99 99 93 99 78 79 99 82 99 99 99 99 84 99 99 
99 99 93 99 99 82 99 99 87 99 97 91 91 99 99 99 99 99 75 99 85 99 81 90 99 99 84 99 87 99 91 99 76 99 85 99 99 90 81 99 99 99 94 99 99 99 75 99 88 99 60 42 53 48 60 42 58 0 50 34 99 90 99 99 99 99 99 99 99 99 99 85 99 99 99 94 99 99 97 99 99 99 88 99 99 99 84 99 99 99 99 
85 99 99 76 99 82 76 99 99 99 99 79 94 99 99 99 99 99 99 99 99 79 99 99 99 99 85 99 99 99 99 79 99 93 79 88 93 99 99 87 99 99 82 88 99 99 99 99 75 99 56 57 38 42 46 59 34 55 0 42 99 78 99 99 99 99 91 99 99 99 99 93 88 99 78 99 99 99 99 81 84 99 99 81 99 99 99 87 99 99 99 
99 99 81 99 99 99 99 99 99 99 99 99 93 99 99 99 99 99 99 99 84 99 99 99 99 99 99 99 99 75 99 99 90 99 99 79 99 99 99 75 99 96 94 99 99 99 99 99 82 99 44 51 51 48 62 64 46 55 42 0 99 99 99 85 99 79 99 97 93 99 81 99 99 94 99 91 99 99 99 99 85 99 93 84 99 99 99 99 99 99 75 
88 99 99 99 99 99 99 90 96 99 91 99 99 99 87 99 99 91 79 96 99 82 94 99 85 99 99 81 99 99 99 87 96 99 99 99 99 99 99 99 85 96 88 99 99 91 99 99 99 99 99 99 99 99 99 99 99 76 99 88 0 56 34 56 65 56 47 57 66 50 99 99 99 76 99 99 99 99 99 99 99 75 99 99 99 99 99 99 97 99 88 
99 99 99 96 99 84 88 99 90 99 99 91 81 85 99 99 99 99 99 99 94 76 99 99 99 85 84 75 91 99 87 99 99 99 78 99 99 99 99 99 82 99 99 96 91 99 75 99 99 99 85 81 99 96 99 99 99 99 99 99 61 0 50 52 42 59 50 49 58 48 99 93 99 99 99 99 99 99 99 99 99 99 99 99 99 87 90 99 91 99 99 
99 97 99 99 99 99 84 76 99 99 99 99 99 99 99 99 78 99 99 99 90 99 99 85 82 85 99 82 97 99 99 75 99 99 99 99 99 99 99 99 99 96 79 99 90 99 99 97 99 99 79 93 99 99 75 99 81 99 99 99 47 34 0 66 35 56 52 44 50 62 99 87 99 99 99 99 99 99 99 99 99 75 99 81 82 91 99 99 87 99 99 
99 84 99 88 99 99 99 99 99 99 99 99 99 99 84 91 99 99 99 99 99 99 99 96 87 99 85 99 99 88 99 99 99 99 99 99 99 90 99 99 99 99 99 99 96 99 99 87 99 99 90 99 99 99 99 99 99 99 94 99 60 64 57 0 61 33 62 44 56 62 99 99 99 85 87 99 99 79 99 97 84 99 81 75 81 99 82 91 90 97 99 
99 99 97 99 99 99 99 99 99 82 99 99 90 99 99 99 99 99 76 99 88 96 99 99 99 76 99 78 76 99 99 99 99 99 99 99 88 99 99 99 76 99 78 99 99 99 99 99 93 99 99 99 88 99 99 99 88 79 99 78 52 48 51 54 0 62 59 61 48 38 99 99 99 99 88 99 99 99 81 99 84 99 99 99 99 93 99 93 99 99 75 
99 99 99 99 88 99 75 99 99 85 99 79 99 84 99 99 97 99 99 99 99 88 99 99 99 99 99 91 99 99 99 99 99 88 99 99 82 99 94 99 82 99 99 96 84 79 99 99 99 99 99 99 99 87 88 96 78 99 99 99 49 56 33 54 60 0 46 59 60 34 99 99 81 99 91 78 99 99 84 94 99 99 99 99 99 99 99 76 79 96 99 
91 99 99 88 90 99 82 99 99 96 97 93 99 99 81 99 99 99 99 99 99 91 99 75 97 99 90 99 93 99 76 99 99 99 99 99 90 99 99 99 99 99 99 99 99 99 76 99 99 99 99 99 99 85 99 99 99 79 99 96 36 66 48 51 52 48 0 48 59 50 79 99 81 75 99 99 99 99 99 99 87 93 99 75 99 99 99 99 99 99 99 
99 99 99 99 87 99 99 99 99 99 99 99 99 99 99 99 99 99 99 99 99 99 96 82 82 99 87 99 99 91 99 99 99 99 99 99 97 99 99 84 79 99 99 99 99 99 99 97 99 99 91 99 99 99 99 99 99 99 96 97 56 62 56 53 62 36 46 0 34 44 99 99 99 99 99 88 99 99 99 99 93 99 85 99 99 99 99 99 79 76 99 
81 75 99 85 79 94 99 99 88 93 99 99 82 99 99 99 96 90 99 99 97 97 99 93 82 75 99 99 99 79 99 99 99 85 99 99 99 99 99 99 76 99 85 75 99 99 88 75 99 99 90 99 99 99 99 94 97 99 91 84 66 48 50 49 40 48 66 47 0 48 84 99 99 79 99 99 99 99 99 87 96 97 99 99 90 81 99 82 99 96 99 
99 94 96 99 99 99 91 99 91 99 99 99 99 79 90 88 99 99 75 90 99 87 90 99 99 99 93 99 93 84 99 82 99 99 99 99 81 99 99 99 99 99 99 99 99 99 99 85 97 88 91 99 99 99 87 99 99 99 84 99 60 58 63 36 63 34 58 66 36 0 84 78 97 99 99 99 82 99 99 87 84 99 99 90 99 99 91 88 93 84 99 
99 97 96 99 84 90 99 88 82 99 87 99 99 88 84 99 99 90 99 99 99 99 90 78 99 99 99 99 99 99 99 99 99 99 99 99 99 90 99 99 99 93 99 99 93 99 99 99 99 99 99 99 99 99 99 84 82 99 99 99 99 99 99 99 99 81 84 99 99 84 0 64 54 54 38 40 38 48 50 42 99 99 87 99 94 88 99 99 78 99 99 
99 99 99 99 97 99 99 99 99 99 78 99 99 97 99 88 75 99 99 99 99 91 99 90 99 99 82 99 99 76 90 93 99 99 99 78 93 81 99 99 96 99 97 99 99 93 99 76 99 90 99 99 99 99 99 99 97 82 75 96 79 82 81 91 84 99 82 76 99 78 36 0 64 46 49 40 48 38 53 38 99 99 85 99 99 99 99 88 99 99 99 
99 99 99 99 90 99 99 99 99 99 99 76 97 99 78 96 87 99 99 84 99 99 85 85 99 99 99 78 99 99 91 99 97 99 82 99 91 99 99 85 99 99 99 94 99 99 99 90 99 99 84 79 97 87 99 85 99 87 99 99 87 87 99 99 85 76 99 99 76 75 55 65 0 46 54 38 66 37 44 66 93 99 99 99 99 99 99 99 99 99 99 
99 84 99 90 87 94 78 99 99 99 99 99 99 99 99 99 99 99 97 99 91 82 79 87 99 82 99 99 99 99 78 99 97 87 99 87 94 93 85 79 99 99 99 99 88 99 99 99 99 99 87 99 94 99 82 99 99 99 99 91 90 99 97 81 99 99 91 99 99 99 44 64 42 0 52 52 42 48 41 62 99 99 82 99 99 76 99 82 87 99 99 
91 99 76 99 99 99 99 87 99 99 99 99 99 99 99 99 99 99 99 82 99 88 81 99 87 99 93 99 99 99 88 99 99 99 99 91 99 99 99 99 99 99 99 90 93 99 99 99 99 85 96 94 85 94 99 99 99 99 91 99 99 99 91 84 90 93 99 99 99 99 48 33 33 37 0 60 50 58 48 35 99 99 99 99 99 84 99 76 88 99 99 
99 75 99 99 99 99 99 99 99 99 96 97 99 99 99 99 99 99 90 85 99 99 78 99 99 99 99 87 99 99 99 93 99 99 78 99 87 99 99 99 99 99 91 84 99 99 94 99 81 99 99 96 81 99 99 99 93 99 97 99 99 79 99 99 99 99 99 93 88 78 59 34 50 54 34 0 64 60 41 63 99 99 99 99 99 82 93 99 99 99 99 
99 99 79 99 99 90 99 99 91 99 88 99 85 99 99 99 99 99 99 99 88 99 99 99 99 99 99 99 99 99 99 84 99 99 91 99 78 99 99 88 99 99 99 84 99 99 99 99 99 99 99 99 79 99 99 99 99 99 99 99 99 99 99 99 99 99 85 99 97 87 49 57 52 49 48 39 0 37 63 36 99 99 97 99 99 97 99 99 97 99 99 
99 99 99 99 99 79 99 99 99 97 79 99 75 79 82 97 99 99 99 99 99 97 99 99 99 99 76 99 99 99 99 99 99 99 99 91 99 99 99 84 94 88 99 99 99 76 99 99 99 90 99 99 99 88 99 99 78 99 99 87 99 99 99 94 99 99 99 84 99 99 64 51 37 57 39 34 50 0 36 52 99 96 99 99 99 99 99 99 99 85 82 
99 81 99 99 99 99 99 75 99 99 99 76 99 99 82 96 99 99 99 99 99 99 99 75 99 97 99 88 97 99 99 99 99 99 99 99 99 99 99 99 75 99 99 99 81 99 99 99 99 99 99 91 99 99 99 78 99 99 99 99 79 99 81 99 99 99 99 99 99 99 37 54 42 45 64 34 56 36 0 50 99 99 99 96 99 99 99 99 75 99 99 
99 99 93 99 85 99 99 96 99 99 99 99 99 99 99 99 99 79 99 99 99 99 99 99 99 99 82 99 79 99 81 99 99 82 84 88 99 99 99 79 90 90 99 99 99 99 99 99 99 99 97 99 99 99 99 82 88 81 99 99 85 99 87 99 99 99 99 78 99 99 41 59 40 62 56 56 43 54 45 0 99 91 99 99 79 99 85 75 76 91 99 
99 99 87 88 99 94 97 99 99 99 99 81 99 99 85 99 99 90 99 99 99 99 99 99 99 96 99 99 99 99 99 99 84 82 99 85 99 99 99 99 99 99 99 99 99 99 78 99 87 99 99 99 99 99 99 99 97 99 99 99 99 90 93 99 99 99 88 99 75 99 88 79 96 99 93 96 82 78 79 97 0 64 44 41 61 50 56 41 62 42 99 
78 99 78 99 84 99 99 87 97 99 99 99 79 99 97 81 99 90 99 99 99 76 99 78 99 99 94 99 99 79 85 99 99 90 99 99 99 99 82 99 99 99 99 99 93 99 99 99 99 78 82 88 94 99 99 99 96 90 99 99 91 99 90 99 91 99 90 84 99 99 99 96 79 91 99 99 99 99 99 99 50 0 50 39 37 33 62 34 33 51 82 
99 99 78 76 85 78 99 99 85 85 93 99 99 99 99 99 91 99 75 99 99 99 99 94 87 81 99 99 99 78 93 99 99 99 94 91 81 91 99 99 79 99 99 99 99 99 99 96 78 99 99 99 99 99 88 99 79 99 99 99 99 97 99 84 99 79 99 99 99 99 99 99 99 91 99 87 99 99 99 97 40 60 0 39 49 40 41 36 38 53 99 
81 99 99 99 99 99 99 99 99 99 87 99 75 99 99 99 93 76 99 99 99 99 75 97 99 99 82 99 81 99 99 76 99 99 78 99 78 99 99 81 76 78 99 99 99 99 99 99 99 99 82 87 76 99 99 78 82 78 99 76 99 99 97 85 99 97 99 87 96 84 99 85 99 99 99 96 85 99 99 99 59 34 52 0 35 42 46 56 49 40 99 
99 78 76 99 99 87 99 99 97 99 84 99 84 88 99 99 84 78 99 99 99 99 93 79 99 99 99 76 99 99 78 99 90 99 99 99 85 99 99 99 99 99 99 99 81 99 99 99 99 99 82 75 99 81 99 99 99 99 99 99 99 99 99 75 99 99 91 99 99 99 99 99 99 99 88 99 87 99 81 99 54 60 52 49 0 61 63 66 60 39 88 
84 91 85 99 90 99 79 99 99 99 84 99 99 81 97 99 99 99 99 99 99 99 99 91 99 81 99 99 99 99 99 99 87 99 87 88 93 99 99 99 85 78 96 99 99 99 99 99 99 99 99 99 99 99 99 99 99 94 99 88 99 99 99 76 90 99 99 81 99 91 99 79 99 82 99 99 85 99 99 87 47 60 54 57 53 0 47 37 64 62 82 
99 99 99 76 99 99 99 99 99 99 99 99 87 99 99 99 99 91 99 99 99 99 99 99 99 99 82 84 99 99 99 99 84 99 99 99 96 99 99 99 90 87 99 99 76 99 99 93 99 99 99 99 99 82 99 88 99 99 99 99 99 99 99 81 93 99 99 85 99 99 99 99 99 99 79 81 99 78 99 99 62 50 65 52 55 52 0 50 34 62 99 
79 99 99 76 99 99 99 99 96 99 99 99 99 96 99 99 79 99 99 99 97 78 91 93 99 99 99 91 99 99 79 99 99 99 99 99 99 99 96 97 96 99 99 99 99 99 99 99 99 90 78 99 99 88 99 85 99 99 99 99 99 99 99 87 79 99 99 99 93 90 81 99 99 99 99 79 75 93 99 75 48 60 58 34 36 43 44 0 54 62 99 
97 99 99 99 99 99 99 90 97 99 88 99 99 99 85 93 99 99 99 99 79 99 88 99 99 99 76 99 99 99 99 99 97 99 99 99 81 99 99 93 82 99 93 99 97 99 99 99 99 99 99 99 99 99 99 99 99 99 99 82 84 99 99 99 99 99 99 99 99 91 85 99 99 96 99 99 99 99 93 99 44 57 40 48 51 37 36 48 0 34 99 
93 99 75 99 99 87 99 99 99 99 99 99 99 87 99 99 90 99 99 81 99 99 99 99 99 99 99 99 99 99 99 99 99 99 99 82 78 99 93 88 99 84 79 79 88 94 75 99 99 79 99 81 99 99 99 96 76 99 99 99 84 78 99 99 81 99 81 99 99 99 99 99 90 99 99 82 99 99 96 99 36 54 60 35 51 61 64 38 62 0 96 
99 88 91 96 99 99 99 99 82 91 99 99 99 85 90 99 99 99 99 99 97 88 79 94 99 99 99 99 85 99 93 75 99 99 99 97 99 93 78 85 96 99 99 99 99 99 85 99 99 85 99 99 99 90 78 79 99 97 99 99 99 75 99 99 99 96 75 99 99 81 96 99 99 99 99 99 99 76 99 93 99 99 91 84 99 99 94 99 99 99 0 
