n: 90
m: 2
Pi:U[1-99] 75 44 48 22 29 79 31 80 83 89 66 40 26 91 8 30 90 31 25 88 95 83 36 22 69 41 29 30 41 8 93 90 38 11 43 42 85 8 31 66 68 87 12 88 18 45 10 28 25 81 74 73 21 50 44 20 62 7 41 19 11 90 13 36 12 40 7 96 51 57 33 27 14 98 27 32 99 45 87 85 37 19 68 43 64 77 1 20 77 43 
Si:U[50-99]
0 46 46 40 48 52 64 38 66 58 99 99 99 99 99 99 85 99 85 99 94 99 99 99 99 99 99 90 99 99 99 99 87 99 84 75 99 94 99 99 99 99 87 99 99 91 87 99 99 99 94 99 99 99 99 99 82 99 99 99 99 79 87 99 82 99 99 99 99 99 93 99 99 81 94 99 99 84 78 99 99 99 93 99 99 99 79 99 99 99 99 
40 0 36 36 53 57 56 40 48 59 99 99 99 84 99 99 99 99 99 99 99 87 85 99 93 84 99 87 99 76 99 99 88 96 88 78 99 99 96 96 84 87 99 94 99 99 88 99 82 99 96 79 99 99 99 82 99 99 99 99 81 99 99 84 99 99 99 99 99 99 81 99 99 84 99 99 84 99 99 79 84 99 99 99 84 99 99 88 99 75 78 
50 61 0 33 51 52 52 37 35 60 75 99 76 76 99 97 99 76 99 99 99 99 99 99 99 99 99 99 99 99 79 99 94 99 81 99 81 99 99 99 99 75 99 99 99 99 82 99 99 99 99 99 99 82 99 99 99 99 78 99 78 99 99 99 87 94 99 99 79 75 85 99 99 99 99 99 99 99 99 85 99 99 82 90 84 99 99 99 99 99 94 
35 52 33 0 59 47 58 46 44 59 99 79 90 99 99 99 99 99 99 99 81 99 75 99 79 99 99 99 99 99 99 99 99 99 99 78 99 99 75 99 75 99 87 99 99 96 81 99 99 99 99 99 99 99 99 99 99 99 99 99 99 99 99 99 99 99 99 97 99 99 99 99 99 99 99 99 99 99 78 99 76 99 81 82 99 99 99 97 78 99 99 
58 53 55 54 0 34 57 51 64 64 87 99 96 90 99 78 99 99 84 99 94 99 79 99 99 76 99 99 99 99 99 99 99 99 99 85 99 91 99 99 99 81 76 91 99 97 87 99 91 99 99 99 79 94 99 76 82 81 99 99 99 99 90 99 99 99 87 99 99 99 82 93 99 99 93 99 99 99 99 75 76 99 99 99 75 99 99 99 99 99 99 
36 48 47 46 49 0 60 40 50 54 78 99 99 99 99 96 99 99 99 99 99 79 99 99 81 99 93 99 93 88 99 99 99 97 99 97 78 75 99 82 81 99 99 99 99 99 76 99 99 90 75 97 78 99 99 99 99 99 99 78 82 75 90 99 78 99 99 99 79 99 99 99 99 99 99 99 99 87 93 99 99 99 99 99 99 99 99 99 97 96 79 
34 57 36 39 58 40 0 64 57 58 99 99 99 99 99 99 99 76 99 99 85 96 99 99 99 78 88 99 99 99 99 99 99 99 99 99 87 99 99 99 99 93 88 99 85 99 99 99 93 78 99 99 99 90 85 81 96 99 99 94 76 81 99 99 93 99 94 82 99 82 99 90 75 75 75 97 99 99 91 99 96 99 99 99 94 81 99 99 99 82 93 
34 42 46 46 45 37 42 0 34 59 85 99 99 78 78 99 99 99 99 85 99 99 99 82 99 99 99 87 99 99 99 99 88 90 99 99 99 99 99 99 99 99 99 99 99 99 99 99 99 99 99 90 99 99 99 99 99 99 99 78 81 75 97 99 99 99 90 99 99 99 99 91 76 99 99 99 99 99 88 99 94 99 99 90 99 99 99 96 99 87 99 
51 52 33 62 55 66 48 63 0 60 99 79 99 78 94 99 99 99 99 99 84 99 99 88 84 75 99 90 88 99 99 99 99 99 79 99 99 88 99 99 79 84 87 99 99 99 99 99 79 99 99 81 99 94 75 99 82 94 99 99 99 99 99 99 99 99 76 99 99 99 99 99 99 99 79 93 99 99 96 99 97 99 87 99 99 82 99 99 99 99 99 
58 42 57 50 36 52 43 49 34 0 99 99 93 99 91 99 96 76 99 99 91 84 99 99 99 78 78 99 99 99 99 99 99 99 99 99 93 84 78 99 99 84 76 99 99 99 99 99 99 99 99 88 99 99 85 82 96 87 82 94 91 75 78 99 99 76 99 99 99 99 97 99 99 99 99 99 99 99 81 99 75 99 99 99 99 99 99 99 99 99 97 
99 81 99 90 99 99 99 93 84 99 0 57 34 46 34 40 52 54 57 50 99 99 99 99 88 99 99 99 99 99 99 99 99 75 93 99 79 99 99 99 99 76 94 90 99 99 99 99 78 99 99 99 99 81 99 81 99 88 99 99 99 94 99 93 84 99 91 87 99 94 99 82 93 99 99 96 99 99 99 99 75 99 93 99 99 84 93 79 99 99 93 
99 99 99 99 99 99 88 93 99 99 38 0 42 42 64 59 36 49 40 39 99 99 99 97 88 99 99 99 88 96 96 84 99 93 99 99 99 99 76 99 79 99 99 99 99 99 99 82 99 99 99 99 99 99 90 99 99 99 99 99 85 88 99 99 90 87 99 99 99 99 99 76 99 96 85 91 99 87 99 99 99 99 99 88 99 88 76 79 79 99 79 
75 99 99 99 99 99 99 97 82 90 40 34 0 62 44 44 35 52 36 53 75 93 99 78 90 94 99 99 96 99 99 99 99 94 99 99 94 99 99 94 99 99 99 99 99 99 78 99 99 99 99 91 94 99 96 81 79 99 99 99 99 99 99 99 94 99 97 99 75 91 99 99 99 99 99 99 91 99 87 99 99 96 99 99 99 99 99 99 99 99 99 
81 99 94 99 99 99 99 99 99 99 42 47 60 0 42 38 54 57 47 41 85 81 99 99 97 96 99 94 99 99 97 93 99 97 94 99 82 99 90 99 99 99 93 99 99 99 99 99 99 99 99 99 99 99 99 99 81 99 99 99 99 93 79 91 99 99 99 99 99 87 99 99 94 99 99 99 99 99 99 91 93 79 84 99 91 99 99 99 99 99 99 
99 99 99 99 99 99 99 99 96 99 44 64 51 63 0 42 56 58 61 52 99 94 99 76 79 75 99 91 99 99 99 99 93 76 99 99 99 94 99 99 99 99 99 99 90 81 99 99 94 91 99 85 99 97 97 99 99 76 79 99 99 90 99 99 99 90 99 76 93 99 99 99 75 99 99 99 99 87 99 99 99 99 94 99 99 79 99 99 99 99 99 
99 99 99 99 99 96 97 99 79 99 50 50 49 46 42 0 56 42 66 37 99 94 99 99 99 99 99 84 78 75 90 88 76 99 75 99 99 99 99 88 87 75 76 85 99 75 99 99 96 99 99 99 99 99 93 99 94 99 99 99 88 84 93 99 99 99 99 99 99 99 99 99 79 99 99 99 99 99 85 99 99 99 99 99 84 99 99 94 93 78 88 
99 99 99 99 99 99 99 99 93 99 37 56 58 37 64 42 0 48 62 36 99 99 99 88 99 99 99 99 94 93 99 99 99 99 76 99 99 99 90 78 99 99 99 99 99 99 76 99 99 99 90 96 99 99 81 99 99 99 99 78 91 99 99 79 99 78 99 99 99 99 99 84 99 87 99 99 99 99 87 78 99 87 91 99 82 99 84 76 99 99 99 
99 99 99 99 99 99 99 91 99 81 38 56 44 38 38 40 46 0 54 41 99 99 94 99 99 99 76 99 82 85 99 99 87 99 99 99 99 88 99 99 99 82 99 99 99 99 90 99 99 90 91 99 99 99 84 94 99 81 99 99 75 99 99 99 99 99 99 99 76 99 99 99 87 99 93 99 99 99 99 99 96 90 99 99 96 99 91 99 99 75 75 
90 99 99 99 99 91 82 99 85 99 64 62 34 52 61 62 55 36 0 56 99 93 99 87 99 99 99 99 84 99 99 99 99 99 99 99 99 99 99 91 99 99 99 99 97 99 99 99 99 99 99 88 84 99 78 76 99 99 94 99 99 99 99 99 99 99 84 99 99 99 96 99 79 99 88 96 99 99 94 99 75 99 99 99 99 99 94 99 75 99 99 
99 99 96 85 78 93 99 82 99 99 36 41 51 56 54 45 41 65 34 0 99 91 99 99 78 99 93 82 94 99 99 84 99 79 99 78 99 88 90 99 99 97 99 94 99 99 93 99 99 94 78 99 99 99 99 99 99 99 79 99 99 99 91 99 99 99 99 99 87 99 94 99 85 99 99 99 75 99 99 99 99 96 99 99 76 99 99 99 90 99 99 
99 99 99 96 99 99 81 78 99 99 99 99 99 93 99 99 99 99 93 99 0 51 65 35 52 52 37 61 45 54 99 99 99 99 99 75 99 99 99 99 99 99 99 99 87 99 99 99 87 99 99 99 99 99 99 99 97 97 99 87 87 99 99 75 87 99 99 93 75 99 99 99 99 93 87 99 99 99 93 99 99 82 99 88 75 87 84 99 99 99 85 
99 90 85 97 79 99 99 76 78 88 99 99 78 99 99 99 97 99 78 99 54 0 46 63 52 48 39 64 39 42 99 99 91 99 99 99 99 99 99 99 99 99 97 84 99 96 99 99 99 90 99 99 99 75 99 99 99 99 99 99 81 99 97 91 99 99 81 99 99 82 99 81 99 93 81 90 99 99 99 99 99 94 99 99 94 99 75 99 87 99 99 
99 96 96 99 99 99 91 99 99 99 99 99 94 99 99 99 99 99 87 99 56 40 0 42 61 36 40 58 36 54 90 99 99 84 99 99 99 76 78 99 96 81 99 96 99 99 99 79 99 99 99 99 99 99 99 99 78 99 79 99 94 93 99 94 99 99 99 99 94 96 75 96 99 99 76 99 99 99 99 99 99 91 99 99 99 85 99 96 99 82 99 
87 91 94 97 99 76 99 99 99 99 99 99 99 99 99 99 99 99 91 99 50 36 54 0 40 57 37 63 49 48 99 99 99 99 99 85 99 91 93 79 85 99 99 99 85 90 99 99 99 99 99 99 90 99 88 99 99 99 81 99 99 90 90 99 97 99 99 99 99 75 99 82 79 91 97 99 78 99 99 99 99 99 99 99 87 99 99 99 99 99 99 
99 82 99 99 75 99 81 99 76 99 99 78 75 99 93 99 99 90 99 75 56 43 62 53 0 53 42 42 65 63 84 75 99 99 99 99 99 94 99 99 99 99 99 78 93 94 75 99 99 99 75 99 99 76 99 99 99 99 99 99 99 79 99 99 99 99 99 99 99 99 84 93 84 91 99 99 78 90 91 75 99 99 99 99 79 99 99 99 99 99 99 
99 81 99 99 99 99 99 99 99 99 90 99 99 75 99 99 99 99 99 75 51 63 64 44 43 0 40 56 44 33 93 99 99 99 90 84 85 99 99 99 99 99 99 99 87 99 93 79 99 79 99 97 99 99 99 99 99 94 99 99 82 99 87 99 99 99 99 99 99 94 99 88 99 94 99 99 99 99 99 94 99 99 79 99 99 99 99 99 99 99 85 
99 99 99 94 99 99 99 99 99 90 99 99 85 99 93 85 99 99 78 99 42 61 45 56 36 46 0 62 54 66 99 99 85 99 99 90 99 99 99 99 99 94 94 75 82 99 88 99 99 81 99 99 78 81 99 99 99 99 81 99 93 85 99 99 91 85 99 99 99 99 93 99 99 99 75 99 99 99 99 99 90 90 78 99 99 99 99 99 99 99 99 
99 85 88 99 75 94 99 76 99 78 99 99 99 99 99 99 99 99 88 84 41 35 53 44 38 33 40 0 38 50 99 79 91 96 96 99 99 99 99 99 99 99 99 75 99 99 99 99 97 99 91 94 96 99 99 99 99 99 99 93 99 99 96 99 99 99 99 99 99 97 76 99 99 99 90 99 99 88 96 88 99 99 99 76 99 99 78 99 99 99 99 
99 76 99 99 99 94 99 99 76 99 99 87 99 99 97 99 99 99 99 99 35 34 65 49 40 51 43 56 0 45 82 99 93 81 85 99 99 93 99 75 99 82 79 99 99 99 99 99 99 99 99 99 99 76 76 99 99 99 99 99 99 99 87 99 90 76 97 99 99 85 81 99 99 99 99 99 94 99 99 99 99 99 99 99 99 90 82 94 99 94 99 
79 93 99 99 99 93 81 99 81 99 99 99 99 91 99 99 99 93 99 99 54 52 62 54 48 42 52 36 38 0 99 87 99 82 99 99 82 99 99 87 85 90 99 99 76 78 90 99 99 99 99 99 99 99 99 78 93 99 99 99 93 99 91 99 99 99 87 99 99 99 99 99 79 99 99 82 99 99 99 99 97 99 85 99 88 90 99 99 99 99 93 
81 99 85 99 99 99 99 90 84 88 99 81 84 94 99 97 99 99 99 99 88 99 99 99 88 82 99 99 99 99 0 45 34 53 56 35 48 49 53 56 75 99 84 81 99 99 99 99 84 99 81 85 99 93 99 99 99 99 99 99 99 99 99 99 99 99 99 97 88 76 99 93 99 99 99 99 78 81 99 87 99 99 93 82 99 81 84 99 99 99 99 
99 97 81 90 99 79 85 99 81 99 99 99 99 99 99 99 93 99 99 99 99 81 99 88 99 99 88 99 87 97 44 0 52 54 36 53 53 46 42 56 99 99 99 91 99 99 99 99 99 99 99 99 99 99 99 99 99 93 99 91 99 93 99 99 99 99 99 88 99 99 99 99 81 94 82 99 78 99 82 99 96 99 96 79 94 82 99 99 99 99 99 
75 99 93 81 99 87 99 97 99 99 90 99 99 99 91 99 99 88 81 99 75 99 81 99 99 99 99 99 99 99 64 62 0 65 66 52 48 57 36 65 99 91 99 99 81 75 99 76 84 99 75 99 99 99 87 88 99 90 99 99 99 90 96 99 99 99 99 99 99 99 99 99 99 96 99 99 99 99 96 99 99 94 99 99 99 99 85 99 99 99 90 
99 99 78 99 88 99 99 76 99 99 84 99 99 76 99 99 99 85 99 99 99 99 99 99 99 99 85 79 76 93 54 51 57 0 66 65 38 46 33 42 99 94 99 75 99 99 79 99 99 82 99 99 99 99 87 99 99 99 99 99 99 99 99 99 93 81 99 99 99 99 99 99 99 99 99 99 99 99 76 90 93 82 78 99 99 99 94 99 94 99 99 
97 99 99 99 87 87 99 78 91 99 99 99 99 99 99 99 99 99 99 91 82 99 81 91 91 99 97 99 99 99 36 40 66 44 0 34 40 48 55 33 99 96 99 76 99 99 94 99 79 99 99 99 99 99 99 99 99 99 99 99 99 99 87 99 99 99 76 99 99 90 99 99 99 99 90 99 99 99 99 99 99 99 99 91 99 99 99 81 99 90 99 
99 93 78 99 99 99 85 85 99 99 99 99 99 99 85 99 99 94 99 78 99 82 88 82 99 99 99 99 99 99 52 34 53 61 52 0 48 50 62 61 78 99 99 99 99 87 99 99 85 99 99 81 99 90 99 99 99 99 99 99 85 99 99 99 99 99 91 99 99 78 75 99 99 99 99 99 99 99 99 99 99 88 75 99 99 99 99 76 99 99 99 
99 97 99 81 99 99 99 99 99 78 99 99 99 99 91 99 78 99 99 99 91 99 99 99 99 99 99 99 82 82 37 45 57 47 40 62 0 52 59 49 85 99 87 99 99 99 99 99 78 99 99 99 99 99 88 99 76 78 99 97 96 85 99 84 94 81 99 99 99 82 99 93 91 99 84 99 99 99 99 97 76 99 99 99 99 99 99 99 99 75 82 
99 99 99 99 99 99 94 97 93 84 85 88 88 99 99 99 99 99 87 91 75 99 99 99 88 75 99 99 85 84 64 36 60 36 37 42 34 0 36 64 99 99 84 90 82 96 94 99 99 99 90 94 99 99 78 79 99 85 99 99 99 97 99 99 99 99 87 94 99 99 99 87 99 99 99 99 99 99 99 99 99 99 82 99 99 97 99 91 99 99 79 
82 99 99 87 99 99 99 99 99 99 99 99 81 93 99 99 99 99 99 99 99 99 99 99 99 99 99 99 99 75 34 50 33 50 48 37 62 61 0 66 79 99 99 99 99 84 99 87 99 93 99 93 99 84 90 97 99 99 99 99 99 99 99 96 99 99 99 99 99 99 99 99 90 99 99 82 78 99 84 99 99 99 99 90 75 99 99 99 99 99 76 
88 76 88 99 82 99 99 99 99 99 82 99 99 99 75 99 99 99 99 99 96 99 99 82 79 99 99 99 99 96 62 43 53 45 40 50 46 64 56 0 99 99 99 94 99 99 84 82 99 99 99 99 90 99 99 87 87 99 99 99 99 99 85 99 79 99 99 99 76 99 99 99 99 99 99 99 81 94 81 99 99 99 82 84 88 99 99 99 99 99 99 
99 79 99 88 99 99 99 81 99 99 99 78 99 99 99 85 84 99 82 94 99 85 82 93 99 99 99 99 99 99 99 99 81 76 99 99 99 99 99 81 0 65 42 64 48 36 62 49 50 61 99 99 99 99 99 99 99 76 91 99 76 97 99 97 91 99 85 99 99 97 99 99 90 96 87 99 99 99 99 99 78 99 99 99 76 99 99 99 99 99 99 
81 99 99 99 97 99 76 99 99 99 85 75 96 99 99 99 99 99 99 99 99 84 76 99 99 99 99 99 99 99 99 87 99 99 99 99 84 99 99 99 36 0 62 55 63 60 47 46 50 33 91 99 99 99 99 78 99 99 99 99 99 81 81 99 99 99 94 99 76 81 85 97 99 99 91 99 99 93 99 99 99 99 91 99 99 99 99 99 76 79 99 
90 93 99 94 99 99 99 91 99 99 82 99 99 99 79 99 99 99 99 99 97 85 99 99 75 99 99 99 78 94 99 94 99 99 99 99 99 99 99 99 58 60 0 64 53 52 58 60 58 58 79 99 99 99 99 93 99 99 99 99 99 99 99 99 99 99 99 99 84 96 99 99 97 99 90 99 99 99 99 90 99 99 93 99 75 99 99 99 76 99 99 
99 91 93 99 99 99 99 99 99 99 99 99 87 84 78 99 99 85 99 75 99 99 99 99 99 99 99 75 99 99 99 99 99 97 99 81 90 99 78 99 54 48 44 0 48 38 52 47 46 53 79 99 99 99 99 99 99 99 99 84 99 99 99 79 99 99 99 97 99 99 84 94 99 99 99 99 81 99 93 99 99 99 99 99 99 99 99 99 99 99 99 
99 99 99 99 99 84 99 93 99 99 99 99 99 99 99 99 99 99 81 99 99 96 99 99 99 99 99 99 99 99 99 99 99 87 76 99 99 94 99 99 39 46 37 46 0 49 61 63 44 60 88 99 99 99 99 99 96 99 99 99 99 99 99 99 84 88 85 97 76 85 91 97 99 82 99 99 99 99 99 99 99 99 99 93 99 99 88 99 96 76 99 
99 99 81 99 99 99 99 93 99 99 99 99 99 94 76 99 76 87 99 99 99 94 99 99 93 99 99 99 81 99 99 99 81 90 99 99 99 99 99 99 58 42 64 61 45 0 56 52 52 34 99 99 94 99 99 97 85 82 99 99 99 99 88 81 99 99 99 87 99 99 99 99 99 99 78 99 99 88 81 93 79 99 97 84 78 99 99 99 99 81 99 
99 90 99 99 82 99 99 99 99 99 99 99 99 99 99 99 87 99 99 99 99 75 84 78 90 99 99 99 99 94 85 99 85 99 99 99 99 99 99 99 34 46 60 58 35 52 0 64 57 54 94 99 99 84 99 99 99 99 99 82 79 99 79 99 94 99 82 75 99 99 99 99 82 99 99 76 99 99 99 99 99 99 99 93 79 99 99 99 81 97 99 
99 90 99 99 85 99 99 99 99 99 79 99 99 99 84 79 99 94 99 76 99 99 78 81 84 99 99 99 76 99 76 99 99 94 99 91 99 82 79 85 50 59 36 59 46 58 44 0 34 52 99 99 99 91 99 75 99 99 99 99 85 99 94 99 99 99 99 99 99 93 99 78 90 99 99 99 99 99 75 99 99 99 99 87 99 99 91 99 81 87 99 
99 99 99 81 94 99 99 76 99 93 99 76 85 99 87 99 99 99 78 81 99 78 99 81 99 99 99 94 99 99 85 99 99 99 99 99 99 81 99 99 34 55 34 65 42 52 64 66 0 64 84 99 99 85 99 99 99 84 99 99 99 99 99 97 99 99 78 94 99 99 99 99 99 99 94 99 99 99 99 84 90 85 79 99 78 99 99 99 99 99 99 
99 99 99 99 81 99 99 99 99 99 96 99 85 99 85 99 99 99 99 99 99 99 99 99 97 99 87 91 97 82 99 99 99 99 87 99 99 99 97 99 64 65 40 65 63 53 56 50 54 0 99 99 99 88 99 96 99 99 99 84 78 76 99 99 99 85 93 99 99 91 99 99 99 99 79 99 99 99 99 99 99 99 79 99 96 90 99 99 99 99 99 
99 78 81 99 99 85 99 79 99 87 99 99 99 99 99 99 99 91 99 99 84 99 87 99 79 99 99 79 99 99 99 75 99 81 87 99 99 91 99 94 99 99 99 99 99 99 94 99 99 99 0 52 40 43 43 49 63 46 34 52 99 99 99 99 99 99 93 81 99 99 99 99 84 99 78 99 94 99 84 78 90 99 99 99 99 99 87 94 81 99 99 
99 99 99 99 81 99 81 99 96 99 99 99 99 76 99 99 99 93 91 99 99 99 93 99 88 99 99 78 99 99 99 99 99 99 79 99 99 88 87 93 81 84 85 99 99 99 93 99 84 99 50 0 58 37 33 64 52 36 52 50 99 99 79 91 99 99 99 81 99 96 99 78 99 75 79 99 75 76 99 99 99 78 87 75 99 99 99 99 94 82 90 
99 99 79 76 97 99 99 99 99 99 99 99 99 79 87 99 99 99 99 99 99 82 99 99 99 99 99 85 99 93 99 99 82 99 99 99 99 99 97 87 99 99 99 99 99 99 91 82 93 99 40 50 0 62 53 66 60 51 48 66 87 99 99 99 99 99 99 91 99 99 99 99 99 99 79 99 99 99 84 99 84 99 99 99 82 99 99 94 99 75 96 
99 99 99 99 99 99 99 99 97 99 99 99 99 96 76 96 99 82 99 99 99 99 99 99 99 99 99 99 99 99 99 93 99 99 97 99 99 99 99 99 99 99 82 76 99 99 96 99 99 97 53 56 33 0 54 40 34 58 33 36 99 99 94 99 94 88 99 85 99 90 99 99 99 91 99 99 79 99 99 99 99 79 99 99 99 99 99 88 99 99 99 
99 99 99 99 99 91 99 99 99 99 96 85 85 99 99 99 99 99 84 99 99 88 76 99 99 99 99 85 99 99 93 91 99 99 82 96 84 99 99 99 85 90 87 85 76 97 99 82 99 99 36 44 64 50 0 40 46 59 61 60 99 93 99 99 96 99 99 99 99 78 93 99 99 99 96 84 81 99 91 82 99 99 99 99 99 99 99 85 99 99 99 
99 99 79 82 99 99 81 99 99 99 99 99 99 99 99 99 99 99 99 99 99 93 99 99 99 99 99 91 99 99 99 88 99 93 99 99 99 99 99 99 99 99 99 78 99 99 99 78 99 99 65 64 54 60 45 0 63 37 56 58 99 76 97 99 90 93 99 99 99 88 93 99 99 81 82 99 81 99 99 93 91 85 85 99 88 99 82 99 99 82 99 
99 99 99 99 99 78 91 99 99 99 99 99 99 78 99 99 99 99 99 81 99 99 84 99 99 99 96 99 78 99 94 99 99 87 93 99 85 76 78 75 81 99 99 88 99 99 99 99 99 99 48 42 45 52 45 34 0 60 49 34 99 99 99 99 97 99 97 99 99 99 78 99 99 99 85 99 99 99 99 76 99 99 82 99 82 99 82 99 99 76 99 
99 82 99 85 85 99 99 99 99 88 99 99 99 99 99 99 79 99 99 78 84 99 99 75 99 99 99 99 82 99 99 87 99 82 99 99 99 99 99 99 82 99 87 99 99 87 84 99 99 99 38 64 63 45 50 42 52 0 62 63 99 99 87 99 75 99 99 99 99 99 94 99 85 99 75 99 99 99 99 96 99 99 91 99 99 99 99 99 81 88 99 
99 99 90 75 99 99 99 76 99 99 99 99 99 99 99 99 99 99 99 99 99 99 99 99 99 99 99 99 99 99 85 99 88 99 99 99 99 99 99 91 84 84 99 91 99 99 93 99 93 79 37 58 37 36 52 44 40 48 0 34 99 99 99 99 99 99 99 75 99 99 99 99 99 99 97 99 99 99 99 78 99 99 99 99 78 91 99 85 99 99 99 
94 99 99 99 99 81 99 99 99 99 99 99 99 99 76 99 99 97 99 93 99 99 99 99 99 78 99 99 99 84 99 99 99 99 75 99 99 99 99 99 99 93 99 99 99 99 99 99 90 99 62 49 58 56 44 36 42 60 48 0 94 88 99 99 94 99 99 99 99 99 75 99 97 75 93 99 99 99 93 99 76 99 90 99 99 75 99 99 99 99 94 
93 99 90 99 99 82 99 99 99 84 90 99 91 99 99 97 87 88 99 96 99 91 99 99 99 99 99 87 94 90 99 84 99 87 99 78 84 99 99 99 99 99 99 81 76 99 99 99 99 84 93 88 99 99 99 99 75 99 93 99 0 40 40 36 52 53 62 50 50 34 99 99 99 99 97 99 99 94 99 99 99 99 99 99 97 99 76 87 99 82 91 
99 99 99 99 87 99 99 99 99 99 99 99 99 99 99 99 99 99 99 99 99 99 87 99 99 99 99 99 99 99 99 84 99 79 99 97 99 99 99 99 99 99 78 75 99 81 99 81 99 81 99 99 99 99 94 99 99 99 99 99 41 0 44 44 60 42 54 34 60 52 99 99 87 99 99 99 99 79 99 99 99 94 84 79 81 99 99 84 99 99 99 
93 78 99 97 82 99 99 99 99 99 99 85 99 99 99 99 91 87 99 85 99 99 94 88 79 91 99 99 93 84 99 99 99 99 99 99 90 99 99 99 99 99 99 99 99 99 99 99 99 79 99 99 91 78 78 99 99 99 99 97 56 60 0 42 44 60 63 62 58 55 99 94 99 99 99 76 99 99 99 99 76 99 99 99 99 99 99 99 94 99 90 
93 96 99 75 82 88 99 99 76 99 99 99 99 99 99 99 99 81 85 99 99 99 99 99 99 99 79 99 84 99 99 87 91 78 99 99 79 99 99 99 99 99 99 99 99 99 99 85 78 97 82 99 99 99 99 91 97 76 99 99 34 37 42 0 43 45 58 42 48 41 99 99 76 99 99 90 88 99 99 99 90 99 75 75 99 90 99 99 99 99 99 
99 82 99 99 87 90 78 84 99 88 99 78 93 93 99 99 88 99 99 99 96 93 99 99 99 99 99 99 91 99 99 99 85 82 75 99 99 99 99 99 99 99 99 93 96 99 99 99 96 99 99 99 94 99 99 93 99 99 87 99 42 46 48 46 0 41 51 44 44 38 99 99 91 84 99 99 99 96 99 99 99 99 94 99 99 99 99 75 99 99 99 
75 90 93 99 99 96 99 99 99 99 99 99 99 85 93 99 99 99 99 99 99 99 78 81 76 99 99 90 99 99 99 99 99 90 85 91 99 99 99 99 99 99 99 99 96 99 93 94 99 99 99 97 99 99 76 99 99 99 99 99 52 44 56 44 51 0 40 62 33 46 99 99 99 99 99 99 99 99 94 90 99 96 99 99 99 99 79 96 99 99 90 
99 87 97 75 99 88 99 82 96 99 99 82 99 99 99 99 99 99 99 99 81 99 99 90 99 99 78 99 78 99 99 76 99 99 99 99 99 99 99 99 99 99 96 99 99 91 99 90 99 76 99 99 99 99 99 87 99 99 99 82 65 66 64 61 41 58 0 58 64 47 93 99 96 99 99 99 99 99 99 99 99 99 99 85 99 99 99 99 99 99 99 
99 99 79 88 99 99 78 99 99 99 85 94 91 99 99 99 99 99 90 96 99 84 90 99 87 78 99 84 85 99 78 99 96 99 99 93 99 99 99 99 99 78 99 99 99 99 99 99 90 97 99 99 99 99 79 99 99 99 99 99 56 45 56 34 50 65 48 0 55 44 99 91 97 99 99 99 99 99 99 75 99 99 81 85 96 99 99 99 99 99 99 
99 99 99 85 99 99 99 99 99 99 87 99 93 99 99 99 99 99 99 99 94 99 99 99 99 97 99 93 99 75 81 99 88 99 99 94 75 99 99 99 99 99 99 99 99 99 99 99 90 81 99 87 99 76 99 99 99 99 99 94 40 37 40 59 56 42 56 52 0 46 99 84 99 99 79 99 94 99 76 99 99 99 99 99 96 99 99 90 99 99 99 
99 90 82 93 99 81 99 84 79 99 94 99 87 81 76 99 76 99 99 99 79 82 81 76 99 99 99 79 90 99 99 99 99 99 99 88 99 99 99 85 75 94 99 99 99 99 99 79 99 88 85 99 99 76 99 85 99 79 99 99 48 52 52 34 35 59 60 37 60 0 99 99 99 99 85 99 99 99 99 99 99 97 76 99 99 99 87 99 87 94 99 
99 99 88 99 99 99 99 99 90 76 99 99 99 99 99 96 78 99 78 82 99 99 99 99 99 94 99 99 99 94 99 96 87 99 79 99 82 99 79 88 99 91 99 99 99 99 93 99 93 99 99 78 90 99 99 75 99 99 99 99 96 99 97 99 99 99 99 99 99 75 0 33 42 52 51 36 50 56 54 58 93 99 75 75 99 76 99 99 99 99 99 
99 99 99 96 99 99 84 76 99 99 76 99 99 99 99 99 99 99 99 99 99 90 99 99 99 99 99 99 99 99 99 99 84 96 99 76 76 88 96 99 99 99 99 84 99 81 99 99 99 99 94 99 99 81 99 99 99 99 99 90 99 99 99 85 90 99 90 76 99 99 46 0 44 51 35 39 60 60 62 43 99 84 99 99 82 99 99 94 99 99 99 
97 81 99 84 99 93 99 99 76 99 84 87 99 99 99 99 84 99 99 99 99 99 99 85 99 99 99 99 84 99 99 99 99 99 90 99 99 93 99 99 99 99 99 99 87 99 90 88 79 85 99 99 99 99 99 99 99 99 99 99 99 75 99 85 87 99 99 75 82 99 38 48 0 58 49 50 47 60 54 53 99 75 99 99 99 99 99 99 99 88 99 
99 99 99 99 99 75 99 78 78 99 87 84 99 78 84 99 99 99 82 99 99 99 99 81 96 90 99 99 99 99 99 78 99 99 76 82 99 99 87 99 99 99 99 99 99 99 99 99 99 90 99 99 99 85 99 99 85 99 99 99 97 99 99 99 97 99 99 94 99 99 62 36 51 0 60 33 66 47 52 65 99 82 99 94 82 79 99 99 99 99 87 
76 99 82 99 99 99 96 75 99 97 99 87 99 99 87 99 99 99 99 99 99 99 99 99 91 99 99 99 82 99 88 99 99 99 99 99 99 78 94 76 99 99 99 91 91 99 99 99 99 99 99 99 82 99 99 99 99 99 99 99 99 91 99 99 99 94 99 99 99 99 48 49 36 56 0 47 48 37 33 55 99 99 99 99 99 99 99 99 99 99 99 
99 99 99 76 91 94 99 99 99 99 99 99 87 94 99 99 99 99 99 99 99 94 99 99 99 99 99 97 99 99 79 99 99 99 99 96 99 99 99 99 84 99 99 99 99 91 99 99 99 99 91 99 99 99 94 99 99 99 99 99 76 99 99 94 99 99 99 99 99 99 66 63 44 46 51 0 63 41 48 56 99 85 99 99 99 78 99 96 99 99 99 
99 99 99 99 99 99 84 99 82 87 99 99 99 99 99 99 99 99 99 99 99 99 78 90 93 99 82 84 99 99 99 99 99 99 99 99 99 99 99 99 93 99 99 78 99 99 99 99 88 99 99 93 91 99 76 99 99 99 99 99 99 99 96 99 99 90 99 99 99 96 44 33 46 52 44 36 0 52 64 52 99 85 99 99 99 99 88 99 99 99 88 
81 99 99 99 99 97 75 99 99 82 99 99 79 84 85 99 94 87 96 76 99 99 99 99 99 99 99 87 99 99 76 99 99 91 99 99 99 97 99 99 99 99 99 99 99 99 99 99 99 87 99 99 93 93 99 99 99 99 99 79 75 99 79 99 99 90 99 99 99 99 35 54 59 62 54 61 41 0 36 35 99 84 99 99 93 99 99 99 99 78 99 
99 81 99 75 99 99 99 99 99 99 91 99 99 99 99 99 99 99 99 99 99 87 99 99 99 99 84 81 99 99 99 99 99 99 99 99 99 99 99 75 99 94 99 81 91 90 85 96 87 85 99 99 99 99 99 81 99 91 99 81 96 99 99 99 79 99 99 85 99 99 60 64 58 47 35 42 62 61 0 60 85 99 93 99 99 99 99 84 99 93 85 
99 76 88 99 99 99 99 97 99 75 99 99 99 99 99 99 99 99 84 99 99 99 99 99 99 99 99 90 99 99 99 81 99 99 99 99 99 90 99 99 99 99 99 84 84 99 97 99 97 99 78 99 99 91 99 99 99 99 99 99 99 99 85 99 99 99 99 96 99 87 52 62 46 34 59 38 60 64 58 0 99 79 99 99 99 99 99 85 99 76 87 
99 99 79 81 99 99 99 75 87 99 85 99 84 99 99 99 90 99 88 84 99 99 85 99 99 75 99 99 99 99 96 99 78 81 99 90 78 99 97 99 93 99 99 84 99 99 96 99 99 99 99 99 99 99 99 99 88 75 99 99 99 99 99 96 99 99 97 85 99 99 99 99 96 99 81 99 76 88 76 99 0 46 39 45 60 52 34 46 60 40 91 
91 99 99 99 99 85 99 99 93 85 99 87 90 99 99 99 99 78 99 76 87 99 99 99 99 99 76 99 99 81 96 99 99 88 99 99 82 87 99 99 99 87 76 99 79 99 99 99 99 81 99 96 84 99 99 97 99 99 99 99 99 79 99 99 99 99 99 79 99 99 99 82 99 76 99 99 99 78 99 76 64 0 50 36 45 49 42 52 64 56 88 
99 75 99 99 99 99 99 99 99 82 84 96 99 99 99 99 97 93 99 99 78 99 93 97 90 99 99 99 99 99 99 99 99 99 90 99 81 94 75 99 84 87 99 94 99 99 99 99 99 88 99 99 99 79 99 90 99 99 76 99 99 99 96 99 99 97 99 99 99 99 99 99 99 99 99 99 99 99 91 99 34 44 0 45 62 58 35 51 54 61 79 
99 99 99 88 99 82 99 99 75 79 99 99 99 99 75 99 87 99 93 99 99 75 99 99 75 88 99 99 90 99 99 99 99 99 99 99 99 99 99 99 99 99 91 81 96 79 99 99 99 96 99 99 99 97 99 99 93 99 99 99 94 99 85 79 99 99 85 99 99 99 99 99 97 99 99 81 76 99 99 99 64 56 54 0 36 48 54 62 58 51 99 
99 87 79 99 93 96 76 91 99 99 79 99 99 81 99 99 93 99 99 99 97 99 99 78 78 91 78 99 99 99 99 81 99 94 99 99 99 87 75 99 99 99 76 99 99 94 94 99 99 76 99 99 99 99 99 99 99 99 99 99 99 99 99 84 85 99 79 99 99 99 93 99 97 99 76 99 93 91 99 94 60 64 56 58 0 55 52 42 43 50 99 
99 93 99 99 93 99 99 99 94 99 99 78 99 99 99 99 99 99 99 99 99 99 99 99 99 91 99 99 97 99 91 99 99 99 99 82 87 99 87 99 99 81 99 88 99 75 90 99 99 99 93 99 99 99 99 99 99 99 78 99 99 78 99 87 99 99 99 99 99 79 99 99 99 97 99 85 99 99 96 81 34 60 38 51 42 0 48 59 58 63 99 
82 99 97 99 99 94 79 91 99 99 78 99 99 91 93 99 87 99 90 99 99 99 78 76 99 99 99 99 99 78 88 99 91 99 99 76 99 76 94 87 99 99 99 99 99 99 96 99 99 99 99 99 99 99 78 99 99 99 82 82 99 99 99 99 87 99 99 99 99 99 99 99 79 90 96 99 97 99 94 99 62 42 41 56 44 37 0 56 36 64 99 
87 79 99 99 81 87 99 99 99 99 87 99 93 99 81 75 82 99 81 99 99 96 99 99 99 99 90 99 99 99 99 81 99 84 99 99 99 99 78 99 99 99 93 99 99 78 99 99 99 99 99 96 99 99 99 90 78 99 88 99 93 99 99 99 99 99 99 99 99 97 82 79 79 99 97 88 75 82 99 99 59 38 56 38 50 38 54 0 42 65 99 
99 90 82 76 99 99 99 81 99 99 97 85 76 99 99 87 85 99 99 94 99 99 99 99 99 99 99 99 99 99 99 99 99 99 90 99 99 99 99 99 99 99 99 99 99 79 99 99 99 90 99 99 85 99 99 91 99 99 99 96 99 90 99 75 99 99 99 99 84 99 85 99 99 99 99 97 85 78 82 99 57 36 60 36 44 37 50 58 0 59 97 
99 99 87 99 99 99 99 99 87 99 99 99 99 99 93 99 78 85 78 90 99 99 99 78 82 99 99 99 99 99 99 99 99 99 81 99 99 99 75 78 99 97 76 99 91 99 99 99 99 99 99 88 99 91 96 99 99 99 87 99 90 99 99 78 99 93 99 99 99 84 81 99 99 76 81 99 99 90 99 94 60 48 36 42 58 61 45 65 33 0 99 
99 99 99 99 99 88 99 78 99 75 99 90 88 99 99 81 99 99 99 85 75 99 99 99 99 99 99 99 76 99 88 99 99 99 81 99 79 84 99 75 87 99 99 94 99 99 99 79 99 99 97 99 99 82 96 99 99 99 99 99 99 99 99 99 99 76 99 99 99 99 99 99 99 99 76 99 99 99 99 99 85 88 99 99 87 99 99 99 75 99 0 
