n: 90
m: 2
Pi:U[1-99] 95 81 74 10 85 8 24 99 81 87 33 66 58 6 65 5 19 19 17 13 73 85 84 38 81 25 87 8 1 52 91 47 11 89 87 45 68 61 45 6 93 37 74 11 41 97 22 81 33 59 93 53 8 20 39 66 50 67 25 39 49 41 59 2 42 91 54 26 22 25 94 12 2 4 52 93 86 81 21 49 39 32 44 10 1 68 7 29 48 14 
Si:U[50-99]
0 86 85 58 67 65 53 73 70 74 86 86 94 94 60 63 68 53 57 83 87 82 79 67 77 53 75 95 84 51 87 74 91 87 80 91 91 53 85 58 72 96 61 84 79 98 76 96 62 86 62 90 98 66 87 72 70 77 94 99 74 75 72 64 57 67 62 51 85 67 74 84 74 64 84 65 51 77 86 76 92 60 64 53 79 71 91 60 74 60 92 
62 0 92 95 56 96 64 82 51 93 79 95 63 92 80 80 65 92 59 53 67 61 81 76 60 95 56 79 85 76 57 78 80 94 63 88 87 74 77 99 80 94 55 77 81 84 72 73 71 94 74 74 69 75 71 57 54 78 79 93 74 51 93 74 73 82 91 52 66 84 59 50 84 96 75 73 89 84 52 64 52 81 85 95 66 71 70 55 87 69 96 
99 53 0 51 76 77 78 86 87 70 80 93 98 62 96 61 69 83 77 65 95 91 54 82 51 59 61 90 55 98 55 78 56 69 78 68 71 91 94 98 93 54 70 59 85 80 67 65 96 52 73 73 93 88 93 63 69 56 56 54 56 80 59 51 84 67 99 62 87 58 65 79 75 80 85 71 80 70 99 97 62 56 98 72 91 53 92 70 88 84 74 
93 79 73 0 86 90 52 92 74 59 87 95 94 56 68 66 96 59 93 82 76 92 92 83 96 51 74 99 60 73 81 72 98 89 85 90 87 51 87 60 64 69 74 56 80 73 67 68 71 81 90 59 85 64 57 90 88 62 66 68 75 71 73 83 53 89 86 63 84 73 78 91 72 94 73 80 89 59 52 74 88 84 54 65 89 73 81 68 84 88 61 
64 51 70 92 0 57 73 62 93 57 90 98 87 97 50 69 57 54 93 58 65 68 62 91 75 77 82 87 56 87 89 54 52 69 51 95 63 63 75 62 60 56 90 60 81 54 71 63 58 73 68 50 76 85 72 73 86 89 68 68 98 99 81 50 85 63 84 69 90 64 68 80 50 54 70 78 74 59 94 51 60 62 82 61 78 54 86 62 83 73 95 
92 54 91 68 84 0 53 92 73 82 99 93 84 79 81 76 85 88 71 68 60 61 98 86 83 57 74 94 84 86 56 87 94 91 83 85 98 79 68 51 57 86 57 66 55 84 79 65 58 89 76 96 95 60 84 73 60 65 76 80 65 72 67 82 91 81 76 62 56 51 67 83 82 67 67 80 87 60 55 73 99 99 99 52 52 52 56 66 86 70 85 
65 93 52 75 85 84 0 80 61 63 57 65 61 52 99 73 92 53 72 55 77 70 78 71 54 75 89 89 65 53 69 87 59 94 94 91 61 61 67 79 58 93 75 67 53 63 87 51 84 87 72 86 64 84 77 91 97 69 64 68 75 74 80 51 52 63 79 57 89 76 75 62 60 58 95 75 96 57 68 97 83 93 74 69 67 85 62 66 55 54 64 
86 88 78 98 51 54 91 0 77 58 68 57 59 65 77 87 65 75 61 99 50 58 76 80 81 78 58 60 69 62 96 77 67 57 53 97 78 96 69 71 92 85 68 91 99 90 96 91 72 69 54 77 66 84 63 86 60 66 77 99 69 60 67 60 90 78 86 67 92 52 50 79 99 83 84 87 87 97 54 72 57 71 92 86 62 93 95 61 78 61 53 
90 63 92 74 85 53 79 57 0 88 84 58 80 86 67 91 71 80 60 97 86 99 82 72 99 96 64 94 67 88 61 72 68 51 96 93 76 68 93 90 67 93 68 80 99 57 87 56 53 98 89 58 52 55 73 84 89 75 89 60 54 77 89 66 70 52 76 58 60 85 50 57 89 97 79 77 77 80 61 65 85 56 74 88 99 68 61 89 94 63 81 
92 74 52 77 82 85 94 68 63 0 79 73 65 74 90 93 67 67 58 94 81 78 94 70 94 60 55 69 97 77 52 61 65 97 58 53 59 74 95 92 60 69 69 99 78 86 72 63 89 56 81 85 84 70 60 64 62 71 96 67 98 70 80 91 60 93 62 73 57 83 94 62 92 85 85 87 94 78 95 84 92 57 89 84 80 91 82 50 53 63 85 
71 89 90 98 69 54 89 76 85 67 0 72 79 82 69 65 95 52 83 90 58 69 62 57 63 88 73 86 55 81 64 61 74 76 63 65 78 50 61 79 64 50 64 60 81 81 94 70 84 55 78 95 78 81 95 57 56 89 94 59 58 55 67 59 75 99 64 74 92 82 76 89 64 81 56 90 98 66 61 85 83 97 80 94 92 50 86 62 71 95 76 
92 58 72 67 57 68 59 96 91 69 66 0 61 59 90 78 53 80 58 64 73 59 93 67 66 88 52 82 93 92 88 82 54 77 96 91 50 68 52 73 77 77 51 98 69 63 78 61 86 68 97 58 51 63 70 80 93 70 57 68 62 53 59 54 98 67 56 83 63 86 52 54 65 61 84 91 67 98 85 85 85 68 64 59 65 60 56 65 93 83 71 
81 50 97 55 81 63 99 53 74 83 53 77 0 86 52 65 84 56 80 54 62 63 66 79 97 82 68 54 88 97 55 68 71 71 67 80 50 53 63 88 61 94 66 67 90 51 51 74 53 76 97 85 59 78 61 60 68 66 82 94 78 61 86 60 72 78 66 83 51 79 62 88 75 83 90 73 53 81 81 57 59 83 74 66 51 96 81 86 68 73 72 
62 52 96 80 59 98 66 92 84 87 70 54 87 0 89 84 90 84 72 78 86 82 59 53 75 60 62 61 61 86 77 61 54 99 82 80 54 86 91 96 98 52 75 70 96 56 79 64 94 73 58 68 71 65 85 51 82 95 56 94 50 91 50 64 66 79 55 58 93 61 65 67 92 66 81 64 71 65 81 60 65 70 53 96 74 58 91 70 81 92 96 
70 96 53 95 84 63 51 84 82 98 73 68 88 58 0 79 77 74 55 78 84 62 76 98 58 51 69 77 82 98 96 79 89 51 64 58 59 98 87 59 79 60 68 88 50 73 66 90 51 63 70 91 76 89 82 54 54 82 68 55 63 92 56 99 73 75 87 76 71 53 88 54 83 78 66 62 65 76 51 92 62 67 68 56 81 79 60 50 89 62 63 
85 63 69 52 52 56 50 58 50 69 53 73 58 96 57 0 57 61 61 78 98 63 70 58 54 53 64 78 56 54 61 54 93 73 64 71 50 98 72 73 99 80 64 92 65 71 68 68 51 76 62 96 78 59 92 87 89 85 50 78 64 51 77 93 65 62 74 73 63 97 51 73 61 86 83 99 99 97 63 57 75 50 98 78 54 95 78 51 63 67 76 
98 53 54 67 98 85 82 64 70 80 78 69 98 71 98 69 0 62 64 89 58 99 64 77 74 87 71 68 94 50 52 57 55 93 97 56 78 81 53 56 73 53 94 88 91 78 59 58 86 93 68 66 58 58 52 81 68 56 59 63 65 50 53 57 73 78 83 80 74 81 84 51 63 72 92 77 95 52 70 61 72 89 73 60 65 78 84 64 76 89 53 
87 68 85 83 91 81 79 66 75 77 64 90 59 60 92 75 92 0 72 67 87 73 94 83 58 58 74 59 68 62 67 90 74 98 89 51 79 73 81 85 86 68 83 77 61 94 98 70 72 56 75 58 58 85 66 81 81 76 60 56 71 82 90 77 50 73 76 64 58 96 82 74 80 83 64 79 86 95 97 69 78 53 63 99 66 74 81 77 75 60 70 
96 68 86 50 86 88 59 52 79 63 66 53 78 80 65 68 57 68 0 67 99 60 98 53 74 88 79 94 56 99 73 79 84 74 50 69 86 68 56 56 82 56 63 64 90 60 70 81 74 81 68 99 93 59 72 80 62 94 78 59 88 70 73 80 67 79 59 78 85 86 87 70 55 81 57 67 96 55 94 63 57 76 90 97 75 81 66 66 54 96 53 
83 85 53 71 97 61 75 96 59 75 52 70 92 53 90 95 63 65 76 0 66 81 99 73 66 79 96 81 83 52 78 81 91 60 75 94 55 99 76 63 59 56 70 94 96 88 89 58 74 74 68 63 67 60 52 81 91 79 86 50 71 50 95 77 80 54 62 80 90 82 85 73 64 71 63 89 52 55 92 95 58 68 54 93 72 78 94 51 88 79 54 
71 82 66 85 74 62 56 70 77 94 66 58 62 85 93 63 75 50 65 53 0 61 88 78 64 93 93 97 58 61 62 97 96 83 58 85 82 87 50 79 83 95 55 57 57 96 57 82 61 83 58 58 97 97 53 88 79 81 90 91 53 92 63 94 78 60 53 60 76 89 57 77 53 98 54 84 80 59 81 82 82 91 75 53 86 98 81 69 52 69 52 
98 82 69 88 77 65 60 54 55 84 99 83 88 63 77 94 68 70 58 98 96 0 89 86 77 96 57 81 83 54 99 70 97 61 97 58 55 98 51 91 86 87 62 80 84 80 97 94 98 75 75 84 84 60 58 83 81 72 55 80 63 50 59 56 83 83 72 99 69 90 73 80 84 78 97 58 69 97 59 56 68 87 59 87 71 70 61 51 96 79 82 
79 98 98 58 50 76 66 98 53 72 76 85 53 85 93 90 52 88 51 53 53 50 0 52 94 71 91 91 98 89 96 92 93 70 74 92 84 65 54 82 74 97 53 84 67 84 73 97 72 74 61 67 98 76 65 56 69 61 56 90 53 62 74 90 68 59 59 81 91 71 83 96 59 95 99 83 79 83 60 68 60 80 73 94 93 73 81 68 77 63 53 
83 72 62 78 81 95 61 76 57 87 50 80 57 56 56 71 97 81 98 55 92 77 87 0 55 75 83 52 88 89 71 85 87 86 66 57 87 74 58 84 94 58 82 50 64 87 64 74 93 58 80 82 92 57 67 75 94 56 92 98 82 83 94 51 83 67 51 53 58 70 67 51 83 96 77 88 95 59 92 68 81 50 51 62 94 99 81 73 80 56 80 
54 71 98 54 99 92 98 64 84 92 92 83 74 71 81 79 83 57 58 71 63 71 88 53 0 96 65 70 98 52 64 59 75 98 64 76 84 73 88 99 53 67 78 53 71 56 62 80 67 82 77 68 66 94 95 86 50 85 96 87 96 63 62 74 63 67 59 81 90 81 96 99 53 96 69 77 72 51 98 81 54 90 90 79 54 96 79 66 97 65 67 
90 79 91 80 96 66 60 53 52 53 86 74 64 91 66 72 91 56 83 71 97 69 52 65 88 0 91 91 69 95 70 62 85 90 98 66 63 61 86 82 63 95 87 90 62 99 94 85 92 61 81 85 92 89 96 60 59 97 95 95 73 94 86 95 71 78 63 72 56 52 82 87 97 71 59 52 50 94 90 78 92 69 50 61 73 91 92 75 88 69 59 
88 70 83 69 75 88 81 93 81 72 53 97 77 97 55 87 99 82 58 55 66 77 69 73 56 64 0 63 89 89 59 53 75 73 51 65 63 84 51 64 83 78 72 99 62 77 79 77 93 58 70 75 60 81 64 69 60 95 85 84 58 78 59 69 91 62 80 82 67 96 77 68 56 59 57 81 98 80 95 67 98 96 92 59 82 89 65 77 98 62 62 
74 73 82 67 68 99 67 67 93 89 67 81 63 59 62 89 92 55 83 83 63 51 50 54 61 93 96 0 85 96 99 79 66 55 92 83 83 82 55 95 69 74 83 66 96 87 94 76 78 86 81 68 82 63 69 66 73 61 62 53 62 74 58 67 83 90 71 64 91 84 65 81 65 56 90 57 98 66 52 56 66 68 72 99 81 57 95 73 72 96 65 
96 69 86 51 79 68 73 63 92 83 92 85 70 78 86 78 62 60 86 81 68 80 59 84 98 97 52 53 0 92 84 62 82 96 61 57 92 51 57 60 60 76 52 95 97 54 94 54 77 61 96 80 72 97 92 77 99 90 92 52 58 56 82 58 70 74 69 63 63 52 69 65 86 71 85 58 74 57 89 69 81 58 75 64 69 74 80 53 87 83 76 
98 77 88 72 55 74 91 61 58 52 91 66 90 72 68 95 86 62 67 70 93 84 89 65 89 96 72 92 75 0 86 83 55 53 89 55 80 95 89 60 98 85 94 77 87 67 77 86 88 97 64 67 59 73 87 85 83 66 85 68 78 68 82 63 66 87 98 53 70 57 56 67 59 97 75 61 52 82 51 58 96 99 95 92 90 57 53 65 79 83 85 
87 82 70 68 88 70 94 56 61 75 83 86 71 91 71 71 79 71 94 73 52 56 99 97 53 53 68 79 69 57 0 53 71 87 86 64 71 66 52 99 83 74 95 84 60 67 98 57 81 64 64 83 94 71 93 53 81 96 75 65 55 71 57 58 84 84 98 67 64 59 67 57 77 98 64 68 74 57 64 78 73 75 75 72 79 74 74 63 61 50 56 
86 89 51 77 87 63 56 92 84 80 67 88 68 63 99 51 55 61 98 86 66 70 72 82 83 79 72 91 64 64 93 0 86 76 60 97 90 65 66 77 99 93 78 59 62 75 58 78 75 67 51 91 97 81 80 89 92 70 86 62 95 58 91 73 50 93 91 95 60 77 55 98 84 55 50 97 67 75 89 61 92 86 96 70 60 90 84 73 85 83 54 
59 88 60 67 55 56 94 61 50 53 97 76 65 96 50 58 74 83 62 53 84 83 69 88 75 69 92 88 64 88 56 73 0 61 67 74 72 97 86 88 67 85 82 99 60 73 64 80 66 94 66 50 81 56 72 81 76 65 82 98 71 74 91 89 62 89 53 91 74 68 58 52 82 78 60 91 90 53 86 84 97 75 53 91 98 66 95 58 73 55 62 
63 75 94 66 54 98 68 52 96 58 52 92 62 65 69 59 59 57 61 99 55 82 84 82 98 90 93 52 68 97 79 98 77 0 80 67 66 90 92 69 95 64 62 91 93 86 99 99 53 94 96 70 95 79 80 52 76 78 71 56 65 90 77 71 96 62 65 51 60 78 85 93 72 59 91 91 82 94 60 96 87 61 91 51 92 69 87 65 96 61 56 
65 61 62 53 57 96 99 93 54 94 62 89 64 90 91 72 66 71 94 88 73 61 65 64 58 81 87 86 89 77 99 55 76 96 0 89 78 77 62 82 50 79 55 95 69 86 56 53 90 59 53 56 58 82 51 88 77 55 67 86 93 80 87 93 50 56 64 98 59 88 53 63 55 67 83 83 92 77 70 80 76 51 89 53 98 89 68 86 64 59 96 
69 83 70 73 99 96 76 99 59 55 72 73 79 97 96 81 65 79 60 64 93 54 80 90 56 90 75 73 63 53 54 75 75 98 99 0 60 61 94 88 64 87 71 79 51 55 73 52 91 57 65 51 87 67 56 63 67 87 63 99 74 82 70 95 58 72 91 59 67 91 82 94 90 67 97 78 59 69 60 52 73 68 68 75 91 51 66 50 82 63 62 
85 84 80 89 51 85 88 62 82 87 87 75 71 72 68 82 52 77 69 65 73 72 65 69 82 83 89 88 55 79 64 87 77 54 55 99 0 86 94 76 55 99 95 98 53 80 89 74 63 94 85 66 90 63 54 77 95 97 79 82 68 92 94 55 65 65 99 61 73 93 57 80 90 65 96 94 58 85 92 52 83 95 82 91 88 90 64 87 53 51 80 
67 65 65 94 59 60 96 63 58 69 63 82 51 59 79 73 59 58 51 65 72 61 66 67 99 57 96 66 91 69 98 66 93 65 60 56 58 0 69 51 61 57 71 70 94 90 67 96 54 94 97 53 69 88 63 58 90 50 64 98 88 74 91 90 57 99 76 79 56 56 55 55 78 72 65 94 80 75 95 51 88 81 51 74 53 63 91 64 76 56 86 
62 69 90 55 90 96 94 82 68 51 79 78 90 53 80 92 80 83 67 59 90 82 67 76 69 83 77 77 84 69 86 94 56 85 79 52 57 62 0 77 72 64 53 72 64 79 50 83 75 98 53 50 76 65 89 87 65 60 95 75 79 70 64 60 89 88 57 54 92 83 80 70 82 89 52 74 59 70 67 73 88 99 54 78 54 79 92 56 84 84 56 
84 85 96 88 77 63 83 63 87 87 93 65 59 87 57 53 66 98 95 56 86 56 84 69 72 71 60 79 95 72 94 71 82 99 88 69 59 79 74 0 52 55 51 73 85 92 73 93 97 92 95 80 61 83 88 72 89 87 60 80 55 86 79 78 96 76 80 99 66 57 93 84 81 59 65 85 54 99 77 93 72 83 77 76 85 79 81 68 55 95 69 
69 86 62 97 71 89 78 59 72 65 53 53 52 83 78 66 98 56 87 81 72 70 69 83 62 60 69 64 89 55 58 50 93 59 92 60 82 62 93 81 0 89 94 62 61 51 56 55 78 58 51 68 60 66 82 61 50 86 56 71 69 95 58 65 89 60 87 76 75 87 69 79 82 67 87 79 97 62 98 70 92 96 90 70 67 87 62 74 98 57 92 
56 57 81 98 70 54 94 54 54 73 72 93 65 80 97 69 72 98 77 65 72 70 89 55 78 97 52 69 81 87 65 81 59 88 85 50 83 90 54 69 95 0 71 64 79 63 80 79 87 61 87 86 90 86 93 63 88 84 67 53 53 98 59 58 63 64 79 54 97 68 97 78 51 71 83 88 53 89 86 97 52 62 69 99 59 96 92 73 97 60 99 
75 94 59 89 77 66 66 57 85 86 96 65 81 55 80 53 88 62 67 82 56 90 69 87 93 59 79 60 60 86 85 64 83 77 83 75 55 77 57 58 54 72 0 84 58 79 92 72 66 79 64 68 76 80 71 92 59 84 86 95 90 93 90 51 93 87 68 56 63 91 69 73 79 59 60 77 53 97 62 88 66 85 72 93 65 81 97 88 91 62 93 
87 76 93 95 54 70 96 75 57 91 85 57 72 93 97 99 80 75 71 90 83 54 74 90 79 73 67 66 73 87 58 87 74 62 51 72 60 96 84 60 76 97 95 0 59 91 85 52 79 83 67 73 66 91 56 71 66 69 78 58 81 59 88 73 50 54 60 80 73 63 81 99 93 86 90 95 95 73 61 68 72 51 94 63 55 91 80 61 88 59 62 
51 64 54 50 62 79 66 73 92 91 81 78 93 68 69 85 80 97 64 71 91 54 51 91 89 55 55 84 80 71 88 91 64 93 58 83 65 88 54 78 58 86 52 72 0 96 59 87 52 58 65 58 80 88 51 84 57 50 81 72 56 50 87 50 84 77 57 90 70 95 55 65 54 50 70 60 66 74 57 52 65 50 54 71 70 88 78 73 84 61 76 
72 51 63 97 76 90 78 52 72 86 82 57 98 83 93 91 55 63 76 51 79 97 80 75 84 52 74 78 80 74 65 95 87 59 50 99 85 68 86 72 61 53 94 82 53 0 68 75 54 98 52 76 72 76 94 58 84 82 51 97 50 50 65 62 94 70 96 60 62 93 88 96 72 60 57 55 99 62 98 83 53 77 52 69 66 62 50 56 55 55 82 
97 66 73 94 89 60 60 76 76 78 79 88 75 76 88 94 82 82 50 76 83 51 70 56 79 55 89 95 72 52 87 75 69 91 91 53 71 81 65 96 67 55 91 56 52 86 0 97 58 98 67 72 75 94 66 57 56 80 79 73 77 98 94 74 62 79 89 73 77 76 76 88 82 50 84 57 85 68 70 63 56 93 75 70 83 99 90 65 61 92 91 
57 80 61 66 67 87 59 52 56 58 57 77 93 62 91 80 51 51 74 93 91 64 98 92 82 75 79 78 82 85 51 60 88 51 81 90 60 62 83 73 66 82 89 60 98 70 75 0 64 71 78 98 89 85 51 99 85 65 91 71 99 66 65 95 85 92 85 84 53 56 67 68 81 58 78 87 79 69 64 54 89 91 71 73 70 83 76 98 76 71 63 
92 58 56 83 95 73 67 51 78 68 63 88 91 56 70 56 90 76 54 86 75 58 52 58 88 66 54 97 89 85 58 60 72 79 95 81 68 66 78 64 99 75 88 86 77 54 93 99 0 73 94 79 75 83 64 68 80 61 94 90 77 87 51 73 57 91 68 77 54 75 72 91 80 50 97 56 76 98 91 75 77 98 72 78 96 59 58 95 80 95 80 
93 65 74 96 83 54 91 90 95 82 64 98 51 86 62 82 77 96 61 96 82 88 91 59 63 56 69 54 71 77 54 77 58 66 72 71 83 75 62 67 83 76 70 92 50 77 82 50 54 0 56 72 77 67 92 80 72 63 90 70 58 55 86 65 78 80 65 72 63 70 90 84 88 68 51 75 85 65 87 54 54 97 57 85 66 66 94 93 89 93 51 
64 52 61 70 73 57 85 91 99 62 86 74 78 61 83 52 54 66 98 95 66 98 57 60 80 58 59 92 54 86 71 73 79 98 76 89 71 95 53 94 50 92 79 59 57 63 59 90 91 94 0 81 84 59 74 54 90 90 89 85 77 55 80 98 69 98 93 57 91 64 57 77 74 50 77 92 69 78 87 89 88 59 83 87 57 84 64 50 60 51 52 
51 94 86 88 66 86 70 85 62 94 80 76 91 89 83 63 63 57 88 95 59 97 51 73 56 87 86 68 79 69 90 64 87 93 74 90 74 61 74 67 82 60 78 69 53 90 71 54 60 58 90 0 81 54 84 52 71 87 51 78 62 97 81 98 94 61 96 86 94 69 54 72 64 57 92 58 96 93 61 51 58 60 52 96 92 79 53 53 86 54 71 
62 56 77 61 74 69 73 78 68 85 58 64 59 93 60 91 67 97 59 61 55 62 74 68 88 54 85 75 92 64 50 51 73 75 60 56 74 58 93 91 93 51 85 73 78 92 61 74 83 99 82 53 0 56 52 82 68 77 91 92 73 94 88 75 57 61 82 78 91 67 59 70 51 78 69 54 75 74 58 54 75 87 95 89 55 95 71 69 73 76 89 
54 67 54 79 95 64 59 55 58 87 97 68 98 86 72 77 55 54 72 64 76 53 86 71 96 74 63 89 86 89 82 62 51 96 89 89 98 81 98 71 88 91 69 95 93 61 85 53 79 82 82 97 64 0 94 53 90 59 63 69 85 85 83 74 87 51 80 77 86 77 90 77 96 76 99 85 82 96 86 76 53 90 61 98 96 93 86 50 87 67 62 
72 66 58 64 96 61 87 79 97 58 50 79 53 66 99 76 57 96 54 56 91 52 62 92 50 91 76 70 84 67 54 83 77 56 58 80 77 78 62 72 72 77 57 83 86 53 84 93 80 60 66 59 70 66 0 92 79 72 95 69 53 71 52 50 74 71 79 61 64 76 82 70 77 89 72 60 84 73 53 73 67 59 59 67 66 97 82 92 78 50 74 
61 51 93 91 92 82 75 99 59 96 68 96 69 75 90 85 63 90 67 53 70 68 89 97 56 94 83 94 52 61 79 83 59 66 83 99 71 83 87 96 99 69 88 79 75 98 52 59 81 79 76 94 89 86 97 0 86 72 71 72 62 60 88 70 89 77 70 52 93 68 89 80 58 86 78 51 64 61 78 56 68 98 57 68 58 56 98 71 81 99 96 
96 69 83 55 74 70 62 92 79 71 64 60 51 79 99 96 85 51 87 60 55 66 92 70 68 75 56 83 78 50 88 72 92 96 84 99 69 99 62 71 85 62 75 50 90 59 89 51 54 87 80 61 99 54 79 68 0 77 66 67 62 88 90 90 79 97 51 69 95 82 98 88 70 91 67 95 54 51 89 82 84 58 87 59 53 87 76 70 90 80 70 
53 89 69 99 83 86 97 93 92 85 85 75 52 58 55 76 77 68 57 66 57 85 72 66 55 66 51 93 61 82 57 98 87 74 60 68 82 64 78 80 58 96 78 57 83 97 75 90 50 76 60 90 82 80 55 65 93 0 92 78 60 62 91 98 70 99 54 63 77 98 69 50 77 75 70 93 83 56 92 75 56 74 65 74 61 50 78 59 72 98 91 
63 97 73 91 85 87 85 82 55 86 87 90 51 74 52 74 56 83 69 75 97 93 51 95 84 79 78 67 83 58 94 85 95 57 71 88 93 97 86 94 52 58 62 75 84 87 83 56 83 98 71 70 52 69 65 56 87 70 0 79 97 73 57 81 72 52 56 93 70 75 79 86 81 51 55 90 71 75 71 84 66 83 60 91 79 89 88 56 70 54 53 
89 81 81 72 60 89 57 89 72 60 85 79 96 83 59 94 81 62 88 84 53 68 92 59 74 69 92 78 59 75 80 64 70 60 67 61 79 82 60 80 96 90 76 85 98 71 78 59 56 92 79 69 99 98 75 78 66 55 67 0 51 78 93 73 63 78 65 61 52 65 51 78 83 54 54 92 66 59 82 69 71 51 91 99 72 65 81 65 62 98 55 
50 60 74 91 84 77 58 90 58 55 53 64 61 76 80 99 54 75 59 61 82 64 62 95 97 97 87 61 52 50 56 68 95 73 68 99 89 50 92 98 94 70 94 60 64 52 50 90 57 90 87 71 67 75 92 72 78 84 70 66 0 78 88 53 55 75 57 77 76 69 65 75 97 70 69 72 58 92 66 72 86 69 96 75 87 84 78 92 78 69 70 
67 72 81 98 69 67 78 81 81 57 56 79 70 98 86 95 50 57 83 64 58 89 54 79 53 84 61 96 86 62 74 59 54 71 54 75 87 64 55 55 74 70 99 91 84 91 79 64 83 80 69 51 65 84 61 79 60 99 64 72 88 0 81 96 53 56 70 64 57 98 66 54 85 79 78 86 69 55 91 61 86 84 55 62 52 65 64 99 60 98 78 
89 67 72 62 70 64 93 50 84 97 61 61 85 58 80 89 99 97 88 56 75 56 81 83 90 60 56 83 94 72 96 97 73 98 56 73 81 85 85 50 59 60 99 93 95 75 83 78 75 52 90 82 66 79 99 92 97 71 82 85 97 96 0 82 64 55 87 88 50 60 59 94 51 94 70 54 65 51 84 89 83 67 84 70 85 97 56 73 63 76 97 
79 97 59 90 83 78 61 94 86 62 97 84 85 62 67 86 72 53 76 91 56 56 80 80 57 85 53 94 57 65 52 89 65 75 60 80 83 94 87 92 98 80 88 50 75 81 57 96 95 80 85 94 73 82 69 60 57 77 75 76 73 58 54 0 76 86 90 88 86 53 61 56 58 70 87 69 97 93 74 51 91 81 65 81 97 59 54 79 50 59 76 
82 76 61 56 72 90 66 70 65 60 51 77 77 84 61 57 62 72 89 53 68 68 86 51 69 61 88 63 53 88 82 60 89 64 95 55 53 61 99 75 57 85 81 57 93 76 53 88 79 70 93 57 53 91 75 51 82 99 79 75 67 76 90 68 0 73 70 90 54 73 64 77 97 53 68 66 81 60 75 59 73 54 73 88 50 85 64 59 80 52 89 
58 67 68 83 79 74 98 97 65 55 77 72 61 54 54 97 96 74 57 77 84 78 89 67 97 72 60 53 99 70 79 56 58 73 88 85 54 97 66 61 66 81 71 75 63 95 93 90 63 79 70 83 82 67 84 56 85 91 72 58 83 87 74 76 65 0 72 72 69 55 71 96 67 61 53 81 75 61 81 67 75 78 56 98 58 70 74 72 64 76 88 
55 98 79 67 81 65 88 93 93 80 86 62 77 88 75 56 94 57 85 50 89 96 55 82 89 64 78 93 57 89 72 92 64 84 69 56 68 78 83 92 90 51 64 51 63 50 52 88 78 89 94 80 90 96 67 91 51 94 53 92 81 60 90 58 79 67 0 69 62 90 54 50 53 83 71 85 76 54 59 84 62 66 74 51 91 80 62 76 64 51 91 
63 93 71 84 91 82 80 83 80 63 56 53 51 57 79 66 58 52 60 98 53 85 79 81 74 61 58 78 86 71 98 67 52 93 70 73 82 98 93 57 63 81 58 96 91 94 80 90 76 55 59 89 63 63 68 77 97 57 51 80 82 88 80 54 50 88 79 0 60 68 54 59 65 66 54 88 76 91 66 83 79 91 59 90 90 50 70 82 59 87 77 
51 74 80 58 68 58 74 64 91 85 73 88 88 84 88 92 87 76 99 83 50 62 94 85 50 65 94 76 74 53 57 91 62 53 78 54 59 66 81 50 75 52 50 61 63 95 72 92 88 71 62 76 63 98 54 85 64 78 89 59 70 82 76 55 97 71 58 93 0 72 94 95 72 57 75 55 98 77 97 84 72 76 76 73 81 60 85 61 73 97 68 
96 60 76 95 93 95 72 86 50 96 62 62 70 62 64 95 55 86 74 93 84 54 84 87 88 95 83 52 94 97 72 99 92 60 96 74 99 93 53 51 78 84 61 50 67 74 53 68 75 77 94 80 64 91 86 63 70 60 73 70 88 75 93 94 88 59 50 79 64 0 72 85 59 88 92 51 81 56 88 58 86 84 64 86 90 63 76 94 95 86 83 
62 71 90 92 66 81 72 50 55 73 66 50 77 96 59 90 75 57 56 99 68 69 83 91 61 82 89 84 66 60 70 72 82 86 57 58 67 60 95 54 50 72 68 83 98 62 70 83 72 78 77 75 71 73 61 84 80 58 61 91 73 56 86 55 89 58 72 57 58 66 0 56 54 55 81 63 89 67 98 51 57 62 85 82 81 53 56 67 52 78 61 
54 84 69 84 51 52 68 77 53 64 52 61 75 66 58 66 95 95 90 60 98 52 57 85 50 87 74 84 72 72 72 62 88 88 76 94 97 71 84 51 86 61 75 78 58 82 65 63 63 77 53 87 83 89 50 83 80 56 61 87 68 68 85 88 66 94 64 78 78 81 99 0 55 58 59 96 99 52 67 54 74 95 51 99 95 55 51 60 87 65 79 
51 53 96 85 53 52 96 90 61 73 63 72 83 62 72 73 90 87 97 96 58 74 75 62 92 50 63 96 69 81 90 52 95 82 95 86 67 62 52 69 90 66 62 51 52 84 50 64 86 61 73 97 67 54 85 56 54 67 67 81 62 77 50 95 77 97 99 67 69 80 91 93 0 53 74 56 89 96 84 92 84 76 85 89 83 86 56 85 57 99 83 
90 97 70 82 94 57 58 50 69 60 84 59 95 95 74 89 59 52 74 66 73 57 66 89 92 55 79 66 54 61 68 57 99 80 55 53 57 60 52 93 60 81 64 72 58 53 90 59 74 51 82 78 88 64 55 56 86 76 53 78 72 82 66 89 84 70 50 88 75 67 58 57 68 0 71 58 59 80 88 95 96 84 89 65 83 79 60 86 67 84 51 
82 58 92 65 87 74 97 69 74 72 71 88 93 83 98 79 77 95 73 76 57 93 70 65 73 56 84 62 67 94 57 81 98 73 70 59 97 75 55 99 55 60 91 82 84 83 66 98 76 81 53 83 51 70 59 50 96 97 91 57 71 50 61 97 53 81 81 81 92 68 81 60 67 63 0 75 71 96 52 96 56 80 90 96 72 94 81 76 73 90 92 
70 78 84 81 69 54 87 56 50 95 56 94 74 68 88 62 71 79 78 93 96 64 74 88 59 55 76 95 59 71 93 97 84 87 67 76 97 77 94 86 82 65 62 74 83 76 73 81 56 59 87 53 62 78 68 70 81 77 68 62 70 76 75 61 67 58 53 68 68 61 76 84 98 80 52 0 75 57 58 50 83 59 89 82 86 69 94 84 90 67 89 
61 58 80 60 60 80 62 86 80 57 77 65 68 64 52 85 98 54 77 99 92 96 55 69 95 68 61 69 58 78 74 56 79 97 65 72 94 54 78 89 86 83 91 75 54 87 72 93 61 54 61 70 97 98 57 65 51 74 74 71 86 95 56 50 92 85 72 56 77 87 53 91 71 61 56 54 0 70 78 98 99 56 86 94 92 59 91 87 89 61 72 
94 91 77 72 86 87 95 63 86 89 51 93 58 56 65 50 74 84 82 93 54 62 93 65 75 50 67 69 59 77 70 58 99 77 57 99 80 99 77 68 98 97 89 84 64 60 72 88 95 93 68 82 86 75 76 68 80 90 81 71 99 67 82 79 57 79 65 64 81 79 71 62 89 55 78 93 92 0 84 83 96 78 84 56 51 63 96 77 89 68 93 
68 72 63 85 61 70 95 95 98 80 88 70 88 94 55 94 73 71 94 83 79 53 94 94 93 94 64 73 76 66 81 84 91 64 82 85 53 72 78 82 69 98 71 90 74 60 54 70 82 72 64 71 95 63 72 84 89 96 66 92 86 77 61 99 92 87 94 56 88 59 86 59 66 62 61 52 57 68 0 54 87 66 86 67 73 94 57 84 94 52 52 
93 93 50 57 76 81 71 50 53 64 72 90 52 97 75 92 81 53 88 63 71 97 85 81 67 89 75 74 84 63 99 65 91 54 73 85 64 58 73 54 89 50 91 63 60 58 77 91 55 64 53 93 60 80 79 58 93 60 95 62 69 66 87 72 55 78 94 89 62 55 71 79 79 59 59 82 86 85 59 0 80 66 96 62 79 89 76 79 78 50 88 
96 53 74 95 55 93 74 59 77 51 66 96 70 64 84 88 96 81 75 86 83 61 50 82 59 52 74 96 83 50 79 59 86 67 74 97 73 68 93 73 62 56 96 90 65 96 80 66 80 82 74 55 57 98 62 50 98 77 57 86 52 58 73 74 59 70 53 69 62 72 68 72 60 54 85 85 72 81 63 90 0 92 84 98 96 80 99 74 67 63 75 
59 77 75 68 79 82 95 51 98 92 60 82 70 99 63 57 66 53 99 62 94 67 74 55 69 61 74 87 98 89 84 69 76 74 74 52 97 95 64 75 66 89 67 90 89 62 75 84 92 61 70 90 69 56 53 73 68 65 91 80 55 62 96 54 57 73 52 69 97 85 97 86 71 97 97 81 97 58 94 60 52 0 60 77 65 66 80 95 83 61 84 
85 54 66 63 81 55 79 57 75 82 83 81 94 68 76 68 83 78 54 93 83 55 50 57 62 71 69 69 62 79 71 86 98 63 50 85 84 82 72 82 76 76 99 90 58 91 57 62 96 67 88 77 74 70 70 59 58 97 70 90 80 96 83 68 90 92 81 65 99 64 94 95 72 66 74 76 65 63 74 71 68 91 0 73 52 51 58 94 73 69 94 
73 88 98 94 70 77 83 63 84 98 55 72 63 62 91 63 64 91 87 82 90 94 85 68 92 93 98 55 58 52 50 66 65 94 63 59 75 54 80 81 68 83 57 62 51 75 83 90 77 81 57 79 69 93 74 65 71 84 66 50 62 74 95 54 75 77 65 52 53 50 86 56 61 87 97 75 69 71 92 54 53 76 55 0 97 91 78 61 59 97 95 
83 93 98 73 55 98 66 95 61 64 67 74 59 64 62 53 85 70 70 65 96 66 92 94 56 65 55 77 55 63 84 97 84 94 62 64 73 56 67 62 68 92 98 81 66 52 57 58 68 52 67 86 57 63 94 77 92 51 73 90 64 60 70 57 61 68 56 87 96 98 98 73 82 63 64 51 88 90 95 92 77 81 94 59 0 50 97 66 74 55 84 
52 64 91 87 63 97 77 98 69 98 68 55 83 54 80 90 86 80 96 66 92 60 95 59 59 81 66 97 94 50 55 78 83 99 59 82 62 66 79 60 93 97 89 85 65 86 52 53 83 99 65 96 75 99 63 75 99 59 77 59 70 51 74 77 52 90 92 70 73 87 79 87 85 54 51 91 91 98 82 66 76 91 85 77 79 0 93 51 55 80 50 
62 96 98 70 89 82 82 64 70 95 76 65 84 97 95 87 78 68 69 94 63 73 73 99 92 63 67 52 83 82 68 71 99 71 66 78 60 74 85 86 65 63 54 67 63 60 52 88 60 71 84 86 69 56 93 77 50 77 71 55 51 78 65 58 51 59 56 67 54 70 85 58 89 53 52 78 89 85 54 56 81 54 52 92 54 79 0 83 79 53 55 
79 83 71 90 70 69 77 63 86 72 89 73 81 62 87 93 77 50 75 62 94 60 76 59 96 85 93 99 59 60 90 90 59 66 68 93 84 58 76 75 53 79 74 50 80 53 54 77 60 52 73 95 78 91 73 59 73 86 65 61 69 65 92 76 68 85 73 87 79 79 75 85 84 73 71 79 87 81 62 66 58 59 83 90 99 54 86 0 98 89 95 
98 55 74 90 55 99 82 94 58 85 73 88 76 65 70 53 69 97 58 74 52 61 93 88 51 52 63 66 68 55 53 66 69 60 91 57 50 67 75 93 91 89 82 94 54 65 54 97 88 82 61 97 87 93 59 56 60 74 58 60 90 68 68 82 56 62 73 60 82 63 70 56 59 51 97 52 87 75 53 61 69 66 86 87 66 58 55 92 0 53 80 
99 84 58 51 82 56 71 56 53 77 97 79 68 61 85 84 92 76 61 69 83 50 63 79 65 74 99 79 79 55 67 91 72 63 62 87 64 63 69 99 88 50 90 53 56 53 59 94 69 99 88 78 85 50 91 55 82 54 79 73 93 55 88 98 98 70 53 93 57 71 72 65 79 51 83 55 56 71 71 59 81 74 82 54 83 96 81 78 78 0 91 
59 86 64 80 50 67 86 68 82 56 55 81 99 56 71 79 65 75 60 56 64 68 79 98 75 69 84 67 52 74 98 56 77 90 89 88 81 77 76 99 71 77 58 68 74 74 92 95 69 96 86 64 58 75 53 63 79 69 65 67 95 92 59 96 81 69 86 64 65 67 70 54 54 81 84 65 97 95 92 96 73 77 76 66 69 81 87 78 93 58 0 
