n: 90
m: 2
Pi:U[1-99] 32 6 75 50 3 30 5 47 74 51 2 22 8 14 91 91 48 26 13 15 76 68 96 74 72 39 72 39 89 70 32 48 95 97 71 31 71 65 71 38 87 6 19 88 22 81 75 88 84 61 63 20 7 58 90 99 38 93 66 69 53 33 7 46 56 84 11 34 67 3 64 11 40 52 68 90 40 87 75 13 47 92 57 87 9 1 14 6 67 99 
Si:U[1-49]
0 10 11 1 31 4 10 10 22 16 13 49 15 49 33 49 36 7 40 49 6 10 49 49 31 1 27 21 24 21 45 6 30 33 36 49 37 49 49 49 49 49 49 49 36 49 40 33 49 40 49 49 49 1 49 33 30 49 49 40 49 39 12 48 49 22 12 49 49 1 18 49 33 49 24 27 31 40 49 31 45 39 49 4 31 24 37 49 49 4 49 
20 0 12 26 25 2 15 11 26 32 49 49 3 46 9 49 34 25 48 49 16 49 39 19 13 49 37 3 1 49 49 49 33 46 49 49 49 37 30 19 49 49 49 49 9 49 7 49 49 49 12 27 45 42 25 9 3 49 6 49 34 9 49 21 49 31 16 25 37 49 33 34 49 16 45 27 19 49 42 25 49 43 6 49 40 49 49 37 31 7 49 
23 30 0 25 32 11 20 20 24 21 25 49 49 49 16 4 40 15 39 43 21 9 1 49 33 13 42 49 49 48 49 49 49 40 28 37 1 49 49 49 49 40 21 49 16 49 49 31 30 49 27 49 16 18 36 49 49 49 22 31 43 43 22 49 1 39 49 49 19 49 49 3 6 46 49 39 49 28 7 40 3 28 33 49 16 18 4 49 49 49 31 
12 5 13 0 26 29 24 24 26 16 22 3 13 7 49 49 31 34 49 39 49 4 49 46 49 13 48 48 3 49 49 36 18 49 49 49 46 39 22 48 45 49 45 6 15 24 49 27 4 49 46 30 36 49 15 10 49 49 25 9 9 49 24 49 37 6 49 49 48 49 18 16 30 49 46 21 46 34 4 30 13 37 3 49 9 49 1 25 3 1 49 
26 12 26 10 0 22 16 27 10 18 49 24 40 33 12 4 37 49 19 30 10 25 24 43 21 43 22 49 49 49 49 13 37 45 28 49 33 40 36 16 49 36 34 49 49 21 49 49 49 7 27 49 18 40 28 49 37 18 49 25 21 15 49 49 6 49 49 49 49 7 49 49 49 12 37 15 10 33 31 21 49 49 49 7 49 49 48 21 40 42 1 
10 16 22 10 19 0 23 14 3 8 30 49 46 49 49 33 49 40 49 49 25 45 15 12 48 19 31 45 49 49 42 49 49 49 6 45 22 36 34 9 19 49 3 9 30 49 49 40 10 42 4 43 49 46 49 1 34 12 27 40 49 6 49 10 7 24 22 24 24 49 12 49 49 18 31 4 37 34 42 49 49 49 49 36 49 36 6 9 49 40 49 
24 23 30 3 29 25 0 23 16 32 39 24 9 49 15 4 9 21 37 36 49 13 48 49 1 37 45 49 49 49 49 49 49 49 31 45 49 49 39 49 48 49 22 49 49 19 31 49 1 45 7 13 19 13 31 49 18 31 19 6 12 28 33 1 15 49 48 49 49 40 34 46 25 34 36 49 49 4 9 1 49 49 40 21 24 21 49 49 49 49 16 
12 1 31 10 6 22 21 0 32 24 25 49 39 40 49 30 30 49 4 24 16 49 49 25 40 33 21 49 42 49 33 49 16 49 49 49 48 49 49 49 6 49 19 49 4 13 34 31 6 10 36 49 19 49 6 9 49 49 37 42 6 45 27 49 13 33 49 12 36 36 46 10 10 49 24 31 46 46 49 6 49 4 31 48 48 45 30 6 40 37 48 
20 15 12 6 25 31 6 31 0 15 13 25 49 18 43 49 27 40 49 30 49 37 27 49 45 13 36 49 49 49 49 40 37 49 45 49 7 12 49 40 49 49 1 4 49 28 10 4 49 46 49 30 49 49 19 49 30 30 25 49 28 18 49 4 42 31 13 36 10 43 6 30 13 7 42 28 49 27 6 49 43 19 49 3 48 4 27 49 27 27 33 
28 16 2 8 2 26 11 32 26 0 15 49 49 39 18 1 3 25 39 49 49 42 45 46 9 49 36 49 39 49 37 36 34 49 49 49 1 49 39 30 7 49 21 39 49 24 30 49 25 45 49 16 49 25 46 49 43 3 48 49 49 1 24 49 49 4 48 42 28 49 49 36 49 49 49 1 37 7 49 39 33 21 27 9 30 10 19 33 49 28 49 
33 42 9 49 24 49 39 16 49 49 0 4 2 14 10 16 4 21 1 19 49 40 24 49 39 48 49 37 49 1 25 9 25 34 33 49 31 49 49 33 16 49 49 31 49 16 49 12 49 49 43 45 28 49 48 49 6 10 13 30 33 49 7 6 3 49 30 12 49 45 7 30 37 28 10 3 10 49 49 10 25 31 49 30 6 25 24 39 49 49 49 
49 49 15 49 31 49 12 49 49 33 26 0 12 15 30 32 22 16 18 9 49 49 45 36 16 49 6 1 22 24 19 49 18 12 21 4 34 49 13 27 27 42 49 49 15 12 49 48 49 31 49 48 49 30 49 24 49 28 28 7 49 36 49 9 49 49 49 9 18 9 16 4 49 12 46 34 49 49 4 49 49 43 25 46 13 49 30 49 45 48 43 
24 1 27 24 40 34 34 24 49 18 17 31 0 28 23 26 4 8 12 7 49 49 49 49 49 37 49 15 27 13 27 49 49 33 27 37 49 21 49 49 49 49 48 45 49 34 46 4 49 12 40 15 33 7 49 49 28 9 48 6 28 33 24 49 13 49 39 49 21 45 3 49 19 18 31 1 31 49 49 49 43 1 37 15 15 49 21 49 49 49 49 
30 19 49 49 22 16 13 49 49 33 12 24 5 0 32 22 24 2 25 17 4 49 49 10 22 28 42 45 46 28 49 49 49 3 49 16 49 49 19 21 3 49 49 49 19 16 43 22 49 4 48 10 18 49 49 49 6 49 21 16 37 16 49 6 45 28 48 49 22 49 28 18 49 49 49 49 3 30 10 7 21 4 37 49 10 39 49 33 3 4 36 
12 37 49 49 25 34 6 49 1 49 25 2 27 11 0 3 15 26 5 8 18 10 49 45 48 27 28 4 49 45 12 49 49 6 15 49 49 42 49 49 49 13 3 18 39 13 49 49 42 49 37 24 3 24 1 30 49 7 49 4 49 21 33 49 39 49 40 49 49 6 24 49 9 13 49 49 49 49 13 3 49 49 42 21 28 49 40 28 28 49 3 
6 49 25 46 40 28 49 19 7 37 25 1 16 8 10 0 30 32 30 32 37 31 33 34 49 13 19 49 18 49 46 12 49 49 46 7 25 33 10 49 42 49 16 18 30 33 9 49 13 43 31 49 1 19 43 37 39 49 49 16 49 49 45 49 48 37 49 3 25 9 36 49 33 30 49 49 49 49 49 10 15 1 3 43 45 49 13 31 49 49 49 
34 25 7 49 49 27 6 25 13 49 6 14 16 2 32 8 0 29 16 2 39 49 49 22 34 28 39 18 18 49 49 16 18 18 49 22 49 49 9 31 49 31 49 49 37 49 16 49 37 9 16 28 49 49 1 49 49 49 24 4 18 49 24 24 49 30 49 33 9 49 49 15 24 7 49 49 49 22 25 33 49 49 49 43 49 49 49 1 24 46 49 
49 49 39 22 33 49 49 49 36 15 26 4 11 9 25 6 26 0 18 26 48 18 49 4 42 24 34 39 49 15 49 49 46 30 22 49 22 45 6 7 49 37 49 49 49 49 49 22 40 49 49 30 9 49 49 42 49 39 3 45 49 27 49 9 49 1 49 49 21 1 45 49 45 49 24 49 49 15 49 30 49 43 31 49 40 31 7 25 16 21 33 
34 49 28 49 6 49 7 19 15 45 26 2 30 12 32 21 10 20 0 22 49 49 10 30 46 49 22 49 28 9 33 21 28 10 49 33 21 43 3 49 7 40 43 40 49 25 24 49 4 12 49 49 49 49 49 49 36 49 49 49 45 16 43 49 45 36 34 49 16 49 31 3 42 16 49 45 24 49 43 49 37 49 34 1 7 46 48 45 37 30 18 
45 49 49 9 49 49 34 48 45 9 30 26 18 28 13 20 18 30 2 0 19 39 9 1 49 49 49 49 49 24 19 19 49 7 10 22 12 48 49 1 1 49 24 16 25 9 49 49 49 30 34 45 49 12 49 49 33 49 30 40 49 6 49 49 4 49 19 40 37 46 10 49 49 49 49 49 33 19 3 25 39 43 49 49 33 42 34 49 1 10 49 
18 49 1 27 49 49 4 49 40 16 49 49 49 15 48 49 4 49 49 49 0 31 22 24 21 18 28 20 14 1 19 42 39 42 48 49 49 24 3 49 49 49 43 49 42 49 37 49 39 42 42 49 49 49 3 33 49 49 42 3 24 24 21 49 25 49 12 49 49 49 10 49 30 49 49 13 49 45 21 49 25 9 49 49 46 49 12 37 4 49 7 
49 49 49 22 36 49 24 37 46 7 1 13 24 3 49 49 21 1 24 39 22 0 22 11 10 26 10 2 30 26 49 49 49 40 10 49 1 34 40 9 42 43 40 24 10 10 12 49 42 49 46 49 49 34 9 4 49 16 49 46 40 49 4 15 30 42 40 49 49 49 49 49 36 19 46 16 49 18 49 31 25 12 43 49 37 49 21 27 49 49 33 
37 49 49 37 49 49 43 24 15 16 10 49 49 49 43 1 13 15 12 43 28 18 0 18 6 0 8 29 14 10 49 49 13 30 49 10 24 1 22 9 49 18 31 22 49 39 49 34 49 16 21 49 10 49 25 49 21 43 34 45 42 49 49 25 12 16 49 49 49 31 40 25 49 45 6 21 21 42 49 30 31 1 49 49 49 4 33 28 3 49 39 
49 49 49 48 49 25 22 49 45 30 25 49 3 42 12 49 16 25 49 49 16 22 25 0 19 11 12 21 20 25 1 18 49 34 49 21 49 49 33 24 49 18 7 42 34 49 6 49 13 45 3 49 49 10 25 49 22 25 22 1 12 45 12 49 49 49 24 18 18 40 1 49 49 49 49 34 34 49 21 39 13 34 49 43 43 12 24 49 49 24 42 
12 49 49 6 18 40 31 21 36 1 49 49 48 49 49 49 49 25 6 31 16 17 25 9 0 5 26 24 8 23 49 9 34 49 49 49 46 49 33 49 49 18 49 22 9 28 49 9 49 49 37 45 49 1 40 49 49 21 28 49 49 49 34 49 13 27 39 49 49 33 40 24 21 49 40 49 18 45 49 49 49 34 1 1 49 12 9 39 49 49 6 
43 10 16 13 42 37 34 21 49 13 9 49 18 6 42 49 37 49 24 34 1 12 24 12 29 0 1 20 0 26 31 12 49 49 40 16 49 15 49 45 7 49 30 40 18 12 42 13 6 27 42 49 49 28 42 49 49 46 37 7 42 10 13 7 49 49 46 27 16 34 16 49 36 49 13 16 25 6 49 28 49 37 36 49 48 49 49 49 49 49 40 
7 49 46 33 28 22 6 49 49 48 22 7 25 18 27 36 27 10 3 49 2 19 26 30 30 26 0 11 24 10 27 28 33 30 45 42 21 34 37 49 49 49 49 49 49 27 19 49 22 49 42 16 4 1 49 42 49 49 37 49 49 34 12 49 25 3 1 37 49 6 48 49 49 16 49 24 39 37 18 46 49 21 49 49 42 49 6 21 49 37 49 
49 49 31 25 48 45 31 49 49 3 28 13 49 49 49 49 25 43 49 49 28 21 26 20 2 19 2 0 28 32 3 42 49 49 49 39 6 49 30 27 16 33 49 13 33 48 34 42 24 4 42 15 22 49 3 10 49 48 49 28 37 40 39 18 49 3 49 24 40 49 27 36 15 6 49 3 12 49 49 49 49 19 49 45 49 40 42 49 49 49 48 
31 18 31 13 37 49 49 49 49 27 49 10 36 49 42 13 39 24 49 49 20 31 16 11 27 14 31 2 0 26 49 18 31 45 25 43 49 36 39 13 49 21 9 43 7 22 48 1 1 13 49 25 7 43 10 49 12 15 10 31 49 12 21 49 48 1 49 19 49 28 43 49 49 48 49 49 24 24 49 49 4 12 12 36 49 25 13 24 49 49 24 
46 31 30 49 13 21 10 37 43 49 49 49 49 33 12 49 49 49 49 49 18 27 20 21 31 8 18 25 20 0 40 33 27 36 49 6 30 49 19 15 6 49 49 49 37 42 49 49 48 49 49 49 49 18 39 49 9 4 49 28 13 9 19 15 49 49 28 22 49 19 33 6 49 19 36 42 37 33 49 15 46 43 37 49 18 49 49 49 49 49 28 
7 21 49 49 30 12 12 4 49 49 49 3 48 18 49 19 30 27 25 48 27 49 28 49 48 21 28 19 28 37 0 28 15 8 12 20 10 17 16 20 49 49 49 49 46 49 36 19 49 49 18 13 36 43 1 40 49 43 49 15 39 7 16 49 49 49 49 49 49 49 18 6 25 12 49 30 43 4 49 30 49 49 15 39 24 12 25 49 25 49 27 
49 49 49 49 49 9 49 49 39 49 49 33 34 49 28 43 49 49 49 49 22 21 30 49 49 45 43 4 34 39 21 0 20 4 20 10 3 23 32 12 49 7 7 15 9 16 49 37 49 15 30 21 49 30 24 49 49 24 49 30 27 49 37 1 49 7 9 39 10 12 28 37 39 18 1 30 27 15 22 12 37 16 49 43 33 49 19 45 49 49 49 
24 24 19 40 42 49 12 33 1 10 49 49 3 49 25 49 49 10 49 40 16 49 4 49 49 49 33 49 27 10 21 17 0 9 8 16 9 25 17 29 49 28 19 49 49 28 49 46 49 9 13 10 15 42 1 36 46 34 7 49 49 24 49 7 49 4 49 22 49 49 49 42 15 22 49 48 28 45 19 49 19 45 25 49 46 42 45 15 49 39 3 
49 49 34 49 49 49 36 49 12 3 49 4 39 19 49 49 28 48 28 30 37 49 4 49 3 37 49 49 45 49 4 24 13 0 12 3 31 6 17 20 28 9 49 49 46 40 49 10 31 49 43 46 22 9 33 30 49 43 7 49 49 45 1 43 30 12 3 49 7 27 49 10 36 37 9 15 43 49 49 49 30 28 34 6 25 24 49 49 49 49 49 
34 49 28 22 45 4 49 6 24 37 7 49 16 49 49 18 22 39 49 42 18 49 49 49 27 49 40 31 49 49 6 13 14 17 0 4 22 27 32 2 49 36 49 49 37 3 25 9 49 49 49 22 49 39 43 49 18 15 49 49 49 13 39 49 49 49 49 49 19 25 36 1 18 46 6 40 49 49 31 49 1 31 1 34 49 31 48 30 3 43 34 
28 49 22 45 46 42 27 28 49 45 45 49 49 27 7 49 18 33 49 33 21 9 40 49 24 6 49 15 49 49 10 26 22 0 24 0 28 29 29 13 6 49 15 22 27 13 33 31 49 43 31 7 49 33 22 49 49 49 21 49 49 30 49 18 49 49 49 34 49 43 33 49 49 40 21 25 24 40 10 37 25 21 40 36 49 24 49 45 45 21 49 
31 13 49 27 49 49 49 7 36 49 3 24 49 42 7 49 49 18 24 49 28 34 49 22 25 49 42 7 37 49 16 3 22 12 15 32 0 9 12 15 49 3 39 27 49 49 12 4 49 18 40 10 18 36 49 49 49 1 46 49 34 43 43 24 49 33 49 33 49 4 9 48 30 49 22 19 49 43 45 30 34 49 9 27 49 45 34 49 49 25 12 
13 49 13 49 19 33 24 27 49 49 33 49 34 15 45 16 42 49 6 22 49 36 42 21 49 49 49 49 48 49 18 22 0 14 18 26 4 0 22 1 3 49 49 25 49 49 1 34 13 49 36 49 49 22 49 19 48 40 1 1 49 13 49 49 33 45 49 49 49 13 22 28 34 24 22 33 18 49 19 15 33 3 46 49 19 31 49 49 49 49 49 
49 19 18 31 27 16 49 9 49 43 45 37 22 49 24 49 34 31 49 42 31 12 34 21 19 12 39 18 49 39 29 30 28 16 18 18 25 9 0 8 45 49 21 49 18 49 49 49 49 49 19 21 39 49 12 13 4 13 49 36 33 28 40 30 49 30 49 49 37 7 6 49 45 49 49 18 43 4 31 49 45 28 9 3 16 6 49 49 49 19 49 
21 49 22 49 49 10 49 15 48 49 49 9 4 22 16 40 40 49 7 49 49 15 40 19 31 49 15 49 9 49 1 27 20 10 20 15 22 28 4 0 1 19 49 6 49 15 49 46 27 49 15 1 49 28 12 49 49 36 9 1 22 48 28 22 1 43 46 49 42 36 30 3 28 49 10 9 49 25 49 37 36 1 46 3 49 25 49 49 48 28 6 
49 4 49 36 24 49 43 15 30 49 19 49 16 49 13 49 49 49 37 49 40 9 49 36 49 31 21 4 28 36 49 4 3 49 40 25 39 19 34 49 0 1 9 12 0 18 24 2 18 25 16 48 31 6 10 6 24 16 31 31 39 37 15 27 24 49 13 49 6 6 12 49 49 4 6 49 43 39 49 34 49 49 4 40 30 10 15 34 49 24 27 
49 49 31 49 6 39 10 49 4 24 12 49 13 49 31 49 49 49 49 49 49 10 16 34 25 46 40 49 45 34 48 49 49 18 49 49 49 49 4 24 25 0 30 21 8 11 32 12 32 1 36 19 31 49 28 49 46 49 49 49 42 49 49 43 46 49 19 49 9 30 27 49 19 49 21 10 49 49 39 42 24 49 49 27 48 15 49 49 34 49 40 
49 42 49 33 49 10 49 49 43 34 49 22 49 45 49 49 49 39 49 49 49 24 49 4 30 33 49 22 43 18 37 49 28 18 49 13 49 34 49 49 10 27 0 10 26 32 19 6 10 23 37 49 22 1 24 40 34 22 49 45 1 21 40 49 39 22 49 49 49 22 43 24 25 49 7 42 22 15 49 24 30 6 36 6 27 25 49 31 45 27 49 
39 42 49 12 19 48 49 49 12 9 40 48 49 16 49 49 1 49 19 33 27 18 49 21 49 3 49 4 49 49 33 48 49 3 18 49 27 49 49 6 30 14 8 0 14 32 11 0 19 18 49 49 28 33 18 15 36 49 12 36 6 6 49 49 30 12 33 49 49 49 40 13 46 22 25 49 39 21 49 30 49 24 4 4 49 25 49 19 43 46 9 
46 13 49 49 49 49 30 49 33 49 16 49 49 49 21 19 49 4 31 12 37 46 42 30 34 49 49 3 40 36 49 49 49 49 49 42 49 25 4 49 28 26 22 18 0 11 28 0 1 10 3 27 49 49 6 39 37 43 3 48 4 49 22 49 43 22 40 49 49 1 49 36 37 49 27 27 46 10 49 27 1 27 49 42 49 49 12 49 49 49 43 
3 31 49 7 49 1 49 27 45 3 40 10 49 40 49 7 15 9 27 21 40 21 46 46 7 49 37 37 21 49 40 49 22 22 49 40 49 49 9 49 32 7 11 19 2 0 5 19 28 30 15 49 34 13 49 49 49 48 48 24 42 3 22 13 36 49 27 49 39 30 25 4 40 22 49 13 46 48 25 49 10 49 4 49 49 3 46 24 10 19 49 
49 22 49 49 43 46 49 9 28 49 49 49 49 49 19 10 27 49 40 46 31 12 30 33 48 7 46 28 12 4 43 49 49 46 15 34 36 49 25 27 8 28 20 18 3 9 0 28 29 14 36 16 49 30 49 37 49 16 49 34 49 37 49 49 49 4 21 24 34 36 46 1 49 12 49 34 27 49 13 21 1 49 45 9 7 49 18 28 12 37 49 
34 49 43 25 4 22 49 19 1 49 49 33 12 49 49 1 49 34 49 49 49 49 27 48 27 22 3 13 49 49 28 28 7 49 28 49 30 6 9 6 7 21 25 7 29 9 6 0 25 15 49 18 49 34 27 22 6 9 49 37 49 16 49 7 34 22 31 12 49 19 49 49 37 15 43 49 21 49 49 22 21 49 49 49 4 1 34 3 24 7 49 
33 49 49 18 6 39 13 9 22 36 21 40 39 49 49 25 21 37 13 6 49 18 49 40 49 15 6 49 45 34 37 49 40 49 40 10 25 49 25 28 30 6 10 11 24 20 5 19 0 12 49 49 49 18 46 49 13 37 49 33 49 43 39 30 18 28 49 4 4 49 28 46 30 49 39 31 42 49 36 16 25 6 49 18 30 21 31 22 49 25 25 
16 22 3 46 19 37 49 48 25 36 49 30 49 31 49 49 9 49 49 49 49 49 49 49 4 43 10 49 49 27 49 49 15 22 49 3 27 49 12 27 31 17 1 10 32 16 18 6 7 0 19 49 3 16 49 45 39 18 39 10 45 49 49 12 49 48 28 49 22 22 49 9 30 25 1 24 36 49 49 22 46 25 46 15 49 49 27 49 27 34 39 
39 49 49 49 49 25 3 49 13 9 49 4 30 49 49 34 49 48 28 4 31 24 49 31 24 9 49 33 12 49 15 49 49 49 42 34 49 15 4 45 49 49 49 49 36 1 28 49 34 3 0 32 16 22 10 28 9 3 30 20 49 37 42 30 12 28 24 13 9 40 34 49 48 49 10 21 27 49 49 27 25 28 19 49 6 4 49 21 49 49 34 
10 19 33 36 19 7 12 46 9 6 49 49 49 49 49 48 27 25 16 40 31 31 49 49 12 49 43 49 49 49 45 49 49 49 36 22 36 1 49 4 49 49 49 28 1 3 9 45 4 49 0 0 26 18 21 16 22 16 18 0 24 34 19 49 46 25 22 3 12 39 34 49 49 49 37 49 31 31 31 25 22 12 49 33 34 49 49 22 6 31 49 
49 16 49 22 36 10 27 15 49 12 18 22 49 28 21 48 30 31 36 3 12 40 42 27 9 22 43 37 9 49 18 31 49 49 49 30 42 16 45 40 24 49 43 31 36 9 31 34 49 30 17 9 0 26 12 16 1 24 24 12 1 49 40 49 49 43 21 49 49 7 49 15 42 49 39 16 12 49 31 37 27 33 48 15 49 1 49 13 49 10 16 
7 3 31 49 22 49 49 4 33 1 1 46 18 46 9 49 22 13 1 49 21 10 12 46 49 22 30 49 39 49 13 49 30 49 7 6 49 36 12 49 49 49 4 3 49 31 18 9 49 18 14 20 12 0 22 29 10 32 6 26 49 27 25 15 49 40 49 3 31 49 4 24 4 25 49 39 49 21 10 19 49 48 31 49 40 37 49 22 6 49 22 
40 10 49 42 36 1 1 48 12 49 18 22 24 31 9 33 43 49 15 49 25 4 4 36 22 42 24 21 13 37 49 31 27 34 49 16 10 10 30 49 49 49 42 18 31 19 49 40 34 49 18 28 12 31 0 3 8 17 22 20 6 37 15 31 22 25 18 40 49 36 49 3 49 19 12 49 10 4 49 49 48 49 25 27 30 42 49 9 39 4 49 
1 24 34 13 33 27 49 6 49 49 28 39 42 49 49 4 45 25 49 15 33 9 1 49 7 27 18 34 49 28 3 6 49 6 30 49 13 9 30 27 10 25 13 49 22 49 36 39 13 4 14 26 14 16 31 0 27 28 18 32 19 9 21 46 21 49 9 37 25 18 31 40 49 27 39 33 22 6 40 40 31 25 7 49 37 49 6 39 43 9 49 
48 21 24 46 28 24 49 49 49 34 6 34 27 34 49 49 49 30 49 43 49 49 40 13 24 28 19 49 13 39 49 49 22 49 36 49 45 9 4 49 49 33 49 49 40 9 43 49 16 34 14 26 3 17 24 20 0 26 4 24 34 49 31 7 49 3 49 36 49 10 43 13 12 49 37 30 46 49 45 49 45 49 45 49 39 13 49 49 49 49 22 
49 18 40 48 49 49 49 25 19 49 30 10 25 49 49 49 49 1 30 49 40 27 49 40 45 27 13 49 49 9 33 43 25 33 49 3 46 1 49 37 49 12 43 40 40 18 28 49 12 49 10 16 10 28 14 27 26 0 27 21 49 39 49 10 34 49 49 15 49 40 49 10 10 40 46 12 42 49 49 34 12 15 25 49 30 18 48 13 16 24 49 
49 46 1 49 31 49 46 48 40 37 49 22 9 49 30 49 49 49 31 49 24 36 25 49 49 49 49 4 49 43 49 36 16 49 49 49 25 28 13 1 12 13 49 10 10 49 12 49 49 4 27 18 12 8 28 32 18 3 0 5 46 30 16 49 7 49 37 49 49 24 46 49 49 49 49 13 49 49 27 49 49 43 27 49 7 43 39 49 49 6 7 
37 43 9 49 49 45 49 42 49 49 10 39 49 22 12 49 16 27 15 3 49 49 18 24 49 37 10 9 22 45 49 7 49 27 49 9 49 49 49 49 49 19 46 4 49 3 15 6 43 49 13 32 18 24 3 10 7 3 3 0 49 1 49 13 15 10 49 45 12 49 48 28 49 13 49 49 42 13 19 45 49 49 10 46 46 45 16 49 42 28 25 
33 49 49 15 49 45 13 49 49 49 40 46 49 34 42 49 36 49 49 36 49 15 49 10 33 49 33 7 18 12 49 15 49 21 49 22 49 6 49 49 49 49 1 42 12 24 6 4 12 18 49 49 1 46 39 49 13 37 16 36 0 7 9 28 3 23 32 24 4 6 9 12 49 1 30 49 40 49 46 30 15 18 49 49 31 31 49 49 33 48 19 
49 31 49 49 49 12 49 43 49 48 43 48 42 40 49 28 6 24 49 37 49 36 49 49 3 4 40 33 12 46 49 10 48 31 6 15 49 4 43 49 49 12 3 34 45 42 43 12 37 13 49 22 12 45 33 49 34 7 49 46 30 0 19 29 21 32 6 1 4 3 13 19 15 49 42 49 7 34 49 3 43 49 24 27 48 4 42 19 45 49 7 
4 16 49 33 49 33 49 49 33 16 49 4 49 45 42 15 49 45 49 16 37 49 49 49 13 27 21 45 49 49 49 16 30 49 13 49 1 33 49 49 49 49 48 49 18 49 4 49 6 13 16 49 24 49 49 6 49 24 49 12 1 15 0 28 4 32 14 28 30 6 28 43 7 49 49 49 6 4 49 49 49 49 27 49 49 24 49 30 16 3 3 
24 13 49 30 31 49 49 49 49 22 40 12 49 49 22 49 45 49 43 9 25 33 1 49 25 49 49 3 36 49 6 49 36 37 49 49 49 16 49 12 46 49 16 28 15 25 13 45 21 40 49 28 7 46 40 10 24 6 12 1 10 4 31 0 30 26 6 1 22 24 28 22 24 7 3 31 49 48 34 30 28 43 48 34 25 49 34 39 49 43 45 
27 30 43 49 49 43 39 18 1 13 22 31 34 49 28 49 45 24 49 46 12 21 49 40 4 39 25 46 21 39 42 49 15 18 31 49 40 7 25 10 37 25 45 49 22 6 18 36 49 49 49 21 7 25 45 49 1 18 13 49 19 14 12 15 0 18 15 8 12 8 4 49 19 16 37 49 49 6 49 13 40 45 49 49 18 49 49 28 30 49 3 
31 10 33 39 48 7 49 28 4 33 42 48 49 10 42 49 40 21 49 49 49 12 25 19 49 49 39 40 13 21 12 49 12 33 28 22 19 7 27 49 36 46 12 13 7 10 43 22 16 16 31 49 49 6 49 15 9 49 49 49 7 12 11 6 32 0 3 32 6 8 9 49 31 45 19 40 15 48 49 43 49 24 43 13 13 49 37 37 4 15 49 
49 49 49 39 49 33 6 49 49 15 34 13 49 49 33 4 49 49 45 27 49 49 45 49 46 21 40 39 49 16 49 33 24 13 28 30 39 37 12 19 49 15 49 48 49 22 12 49 30 40 49 49 25 49 15 49 49 24 6 25 30 1 25 19 28 28 0 14 20 6 46 49 18 6 49 3 33 36 15 25 49 30 4 49 45 19 49 28 34 1 10 
10 10 24 49 6 10 40 49 49 33 45 16 43 9 3 49 49 49 36 49 49 49 28 49 46 19 49 49 21 21 49 6 21 49 49 49 37 49 19 49 4 16 37 18 49 25 22 31 43 6 46 49 37 24 45 30 27 45 49 21 32 0 27 0 13 11 6 0 26 12 49 22 24 24 49 13 48 49 9 19 9 24 46 49 46 13 45 28 34 49 49 
4 1 4 31 16 45 7 36 49 24 49 22 34 16 49 22 15 39 25 49 34 3 18 42 33 43 3 16 30 12 22 1 49 25 1 45 6 49 34 1 25 48 25 42 49 9 46 4 49 49 49 49 19 49 49 12 34 49 22 46 10 24 17 12 26 7 20 12 0 4 49 19 12 49 33 31 49 49 34 10 49 19 31 49 49 36 15 40 28 34 49 
6 49 24 31 49 49 49 45 49 49 49 1 39 49 49 22 16 27 18 1 9 25 46 49 49 18 33 48 49 49 49 6 9 28 49 49 33 42 10 45 49 9 49 49 49 49 25 27 49 12 12 13 43 6 6 9 39 42 49 10 14 3 23 14 25 1 16 6 6 0 28 15 49 34 36 21 19 40 37 49 49 49 49 13 19 49 49 10 10 49 28 
13 45 42 22 49 12 40 49 49 9 13 16 48 28 7 13 49 10 22 21 49 9 49 46 27 27 1 6 4 3 28 13 49 42 49 37 10 22 36 18 49 42 28 10 49 49 31 43 28 21 19 39 3 45 45 1 49 45 49 49 34 1 49 49 49 49 49 49 6 4 0 31 22 32 2 10 2 18 10 20 27 43 21 49 49 49 49 49 24 1 49 
49 13 34 15 49 18 6 49 49 43 24 49 10 30 43 22 3 33 15 33 49 1 6 1 49 46 49 34 7 25 13 10 49 49 27 43 49 42 49 19 28 49 31 4 34 28 6 31 49 36 4 18 15 49 27 49 6 49 4 3 7 30 7 15 49 49 49 45 49 49 24 0 10 32 12 32 32 10 28 25 30 49 49 49 49 4 49 31 45 48 27 
31 12 49 49 6 49 45 40 46 43 22 49 49 18 49 19 9 49 49 49 36 12 49 34 34 40 49 49 49 45 49 49 3 49 19 48 4 49 22 3 40 12 49 30 6 31 49 49 49 45 48 31 15 49 49 49 40 48 25 13 49 45 49 6 3 37 10 49 42 7 26 31 0 10 8 5 14 18 28 15 30 45 3 12 49 49 49 40 39 49 49 
49 42 49 10 49 45 42 6 4 46 9 49 3 42 12 25 34 49 49 49 46 12 39 28 46 49 49 6 3 48 49 49 48 39 25 33 49 49 31 21 4 16 33 7 15 37 7 49 1 7 49 49 13 39 42 34 15 27 21 6 36 27 49 49 49 49 49 12 28 49 24 2 5 0 15 14 12 28 4 16 49 21 49 31 9 49 49 24 39 49 22 
49 36 49 49 49 49 49 39 49 9 34 46 40 49 7 49 9 49 49 3 49 31 27 10 31 49 21 25 49 40 49 46 19 40 24 24 48 40 49 48 34 27 3 43 19 22 34 37 37 49 49 46 18 18 49 30 49 7 40 49 6 31 40 49 48 49 4 49 39 28 22 5 20 10 0 6 28 12 24 12 28 27 49 49 49 6 13 16 49 42 46 
4 49 42 49 49 48 21 37 25 49 49 49 25 31 49 42 46 49 49 19 15 18 10 6 34 27 49 25 49 6 15 40 19 6 49 49 49 49 49 18 16 13 36 49 22 6 27 4 39 42 31 33 49 15 37 37 49 43 43 43 3 49 7 31 49 9 7 18 27 15 28 8 9 20 30 0 11 16 0 30 27 30 33 45 3 36 49 13 43 28 13 
49 12 6 3 39 24 45 13 3 24 12 49 49 42 33 49 46 4 49 49 49 49 18 49 49 24 49 25 39 49 49 12 37 3 36 45 49 30 43 6 49 49 49 49 12 16 12 9 13 49 15 46 45 30 39 15 42 49 49 49 39 49 49 49 42 45 13 49 7 49 14 20 0 8 10 31 0 28 8 6 16 43 49 33 49 49 10 46 49 49 49 
49 24 36 33 13 49 49 48 43 10 7 49 22 27 21 49 16 48 33 49 15 21 49 36 49 7 28 46 40 49 49 12 49 48 28 33 49 15 33 49 49 33 49 13 49 30 46 49 43 49 18 49 34 49 13 39 49 49 3 49 49 49 49 27 49 49 27 4 6 10 6 0 20 19 20 21 28 0 11 14 49 4 49 18 49 49 15 31 49 9 12 
37 25 21 13 49 49 49 49 27 31 13 49 49 49 45 4 49 27 30 15 46 49 49 49 9 15 25 28 24 49 24 15 16 28 10 37 49 6 49 49 9 28 36 10 30 49 49 12 49 49 49 40 10 39 49 37 10 22 1 49 49 33 49 22 28 49 34 9 49 40 21 1 32 6 6 4 4 22 0 12 49 31 9 24 49 13 7 4 49 27 49 
49 18 6 49 39 49 21 49 49 30 49 49 21 45 16 34 49 10 22 3 39 42 16 49 28 49 49 12 3 40 45 30 43 30 30 25 49 30 49 49 1 49 49 45 16 13 15 49 34 1 49 13 49 49 49 49 36 49 13 36 15 40 13 9 1 49 24 45 49 49 26 16 8 2 18 28 18 30 26 0 49 49 49 13 21 19 49 45 43 49 10 
28 49 39 49 39 49 10 40 49 49 40 42 49 49 3 49 6 37 49 49 49 49 49 1 24 49 25 49 30 49 13 49 43 49 42 1 45 49 28 49 24 45 49 24 37 27 49 45 37 49 49 45 49 9 49 40 49 49 40 6 34 49 49 49 15 4 6 49 49 36 21 19 7 22 49 30 10 46 49 4 0 14 30 3 8 11 24 0 12 24 49 
16 49 49 49 49 40 6 16 42 49 30 18 16 49 24 49 24 49 12 49 6 49 16 49 49 49 30 19 49 21 49 1 49 49 49 49 49 15 43 49 27 12 30 15 16 49 1 12 36 31 49 49 12 21 27 49 46 25 49 1 49 49 49 37 49 49 49 49 49 37 12 13 33 49 49 49 43 46 34 3 30 0 21 7 26 19 0 26 20 28 49 
49 4 49 48 46 48 22 3 49 10 49 27 1 15 16 39 49 49 1 9 49 10 9 49 49 22 49 49 39 3 49 37 19 15 16 16 9 49 15 25 19 31 48 34 49 37 49 49 3 49 21 36 49 31 12 49 6 49 33 30 49 40 13 49 49 21 6 37 49 49 49 37 49 49 7 15 7 27 42 1 18 15 0 20 18 4 32 3 5 7 40 
1 19 22 49 34 22 49 39 33 49 33 9 21 27 31 4 49 24 25 49 37 37 49 39 10 49 42 19 49 49 49 24 15 15 21 7 33 12 49 49 30 21 49 15 34 18 27 15 34 36 40 9 27 49 49 24 15 33 34 49 49 27 49 30 25 49 36 27 49 10 19 42 4 33 49 49 13 49 27 12 13 26 12 0 26 32 21 11 1 15 49 
7 49 40 16 4 49 49 42 27 28 1 40 42 49 21 43 24 6 12 49 49 12 10 36 37 21 45 49 49 3 12 7 9 18 9 37 15 34 25 34 49 28 25 42 49 49 48 45 31 22 49 6 33 34 18 33 49 45 49 49 18 1 46 49 49 6 12 46 31 34 7 49 24 37 49 48 49 31 22 21 15 29 10 8 0 20 16 28 6 9 40 
1 49 49 4 40 21 1 39 49 7 30 12 13 45 37 28 25 43 6 22 39 49 49 33 28 12 15 12 43 4 39 31 15 3 40 49 22 46 1 46 49 49 4 34 12 27 6 49 27 12 49 49 49 3 49 40 40 15 49 39 6 49 49 4 45 46 49 49 3 9 30 15 49 16 16 49 7 21 49 49 31 22 16 23 30 0 1 10 28 18 49 
18 12 6 16 27 30 43 46 33 22 37 30 16 18 49 34 21 43 16 16 42 49 1 19 13 22 49 46 27 4 13 19 16 24 49 49 33 7 49 49 34 12 24 49 21 10 49 27 49 49 33 49 6 4 49 31 39 49 28 36 49 49 49 28 49 22 49 48 25 3 49 49 34 49 49 4 12 16 18 49 14 22 8 7 26 24 0 14 1 24 30 
9 12 25 16 34 22 25 45 49 49 49 49 34 49 4 49 13 49 46 49 49 28 49 7 19 9 34 49 22 24 9 49 4 9 6 12 49 49 49 43 16 30 49 39 19 49 16 49 25 43 34 9 21 10 21 40 49 49 49 9 49 49 27 6 28 45 31 36 7 49 24 42 49 34 42 49 30 49 48 49 28 10 16 12 23 9 11 0 16 4 18 
21 25 4 18 49 10 19 18 19 49 6 46 45 10 22 10 19 7 25 15 49 49 6 1 39 49 40 40 24 49 49 10 15 49 39 22 46 48 3 13 15 48 9 49 4 7 49 9 49 19 24 49 31 24 49 49 49 49 49 9 49 49 33 49 12 3 49 49 49 49 31 43 46 7 33 49 49 36 6 10 32 28 13 8 4 4 12 9 0 2 49 
49 36 49 7 43 33 34 49 49 49 33 7 40 18 16 49 30 33 4 12 15 21 49 49 34 37 37 49 33 30 6 1 25 49 30 7 15 49 49 43 13 28 7 28 22 34 7 18 49 49 49 46 6 43 25 49 49 24 49 39 40 49 46 34 49 49 12 49 4 4 3 49 31 21 49 9 49 49 49 40 32 3 6 32 26 26 18 23 24 0 24 
49 49 43 4 43 10 49 49 19 49 49 6 3 18 49 7 36 42 13 49 24 12 42 40 49 27 49 49 40 31 15 49 27 1 28 49 4 45 28 10 49 49 49 37 42 49 28 39 9 39 49 1 49 49 49 49 49 30 22 19 49 49 49 37 49 13 43 45 15 49 28 49 27 39 33 28 49 42 9 19 25 49 37 3 49 4 19 21 30 49 0 
