n: 90
m: 8
Pi:U[1-99] 19 9 10 30 76 38 87 64 8 62 6 14 30 95 47 90 83 39 21 15 79 17 76 4 67 30 82 99 18 41 85 9 88 95 78 31 11 43 64 71 12 12 80 87 87 48 55 95 18 9 74 6 91 59 39 38 88 6 51 44 33 74 11 92 67 1 66 26 39 50 92 53 18 47 97 78 8 76 23 3 14 87 28 57 71 10 91 28 45 38 
Si:U[1-99]
0 40 58 7 40 10 28 51 64 16 46 87 99 49 16 45 91 99 72 28 99 99 88 54 87 99 46 33 99 10 7 43 40 60 99 28 48 48 93 48 99 7 99 19 99 67 9 99 99 99 10 72 33 99 33 99 99 60 75 99 76 99 99 99 51 99 85 99 99 79 99 82 75 69 21 69 81 99 43 73 99 18 60 1 99 43 90 79 27 30 3 
5 0 60 60 48 28 2 63 34 0 99 94 99 13 64 10 99 43 85 87 39 43 99 31 99 99 7 91 91 63 99 64 99 51 99 93 34 43 99 36 99 99 99 6 99 93 72 3 31 99 99 99 99 6 88 90 57 28 99 93 99 4 64 99 94 49 90 99 54 57 99 76 4 10 79 1 90 75 99 31 21 99 99 42 15 88 99 82 57 99 43 
22 22 0 5 19 46 8 10 9 61 91 61 99 69 99 12 61 43 55 87 57 19 99 99 43 39 1 99 30 72 99 84 99 85 99 21 99 99 99 88 75 21 99 99 93 15 81 12 84 9 99 63 99 81 99 99 99 84 43 99 19 99 99 99 15 37 99 99 94 99 63 79 84 94 99 99 61 99 3 87 9 27 66 15 85 66 99 79 58 99 13 
53 39 7 0 12 22 65 46 22 28 99 7 99 99 34 87 87 99 99 88 51 99 99 76 27 46 67 72 4 21 99 96 99 99 57 87 99 99 99 99 85 99 9 67 67 79 96 99 99 99 99 79 66 28 93 99 99 99 78 99 21 99 79 40 63 43 99 39 24 25 99 1 55 30 24 99 27 99 6 49 99 99 99 99 99 88 99 99 99 28 12 
48 37 23 63 0 56 61 16 18 30 99 69 99 45 54 58 99 99 94 12 99 97 13 18 55 99 12 16 55 12 63 57 30 60 99 75 57 45 16 82 72 99 99 99 99 72 3 22 67 55 24 54 99 93 19 48 99 82 58 99 6 99 99 39 99 22 99 28 19 99 21 99 34 72 99 99 30 34 99 63 34 33 60 57 90 90 99 49 79 27 45 
59 4 47 12 50 0 64 4 2 30 99 88 55 72 33 81 60 39 37 99 99 96 99 97 96 69 6 18 33 99 99 61 40 94 99 66 78 99 16 25 99 16 99 54 24 88 78 25 99 99 99 49 63 99 91 99 99 42 99 99 85 63 99 73 78 64 99 70 99 99 99 99 99 13 15 99 91 30 99 90 48 99 57 94 58 99 67 16 43 31 63 
56 12 4 1 54 44 0 25 16 6 99 99 99 99 1 99 99 99 66 99 72 3 99 99 7 99 63 6 75 31 99 55 19 99 99 99 60 82 51 42 99 99 99 61 37 19 99 6 9 3 70 10 73 10 93 70 64 81 19 13 21 61 99 99 99 99 66 27 76 30 99 99 55 99 99 31 99 99 36 7 99 99 54 7 81 99 96 99 99 99 99 
24 63 36 30 2 43 44 0 34 5 99 33 99 48 99 93 76 64 99 31 99 64 99 99 99 87 87 99 57 85 31 54 99 9 1 46 99 21 99 99 99 28 99 21 1 61 99 42 82 58 52 76 34 99 63 91 99 99 99 31 99 93 99 55 99 7 90 45 58 27 67 39 42 96 99 93 78 27 87 45 73 36 99 55 99 63 16 3 99 99 51 
4 18 38 6 21 60 18 66 0 25 99 31 3 99 99 4 60 4 72 16 9 99 99 42 19 99 48 99 57 99 52 99 99 43 33 99 33 99 94 90 10 58 99 34 45 13 18 73 79 99 67 19 34 99 10 21 99 99 99 42 57 70 99 10 24 78 99 21 49 99 94 21 99 12 52 16 99 99 88 99 73 7 99 99 99 99 99 37 99 7 99 
10 59 66 28 29 16 3 32 12 0 99 40 39 99 43 3 99 99 99 99 70 3 75 99 99 52 99 75 37 30 99 64 18 73 99 10 12 31 99 9 99 1 60 87 99 51 99 54 99 99 15 7 99 21 99 99 12 99 10 99 99 99 99 96 99 99 9 99 99 51 99 78 73 99 99 9 64 30 60 99 19 99 39 30 97 99 84 22 10 91 78 
76 18 99 70 99 34 99 28 78 99 0 46 26 20 25 50 18 46 62 26 99 22 99 99 99 99 22 22 99 67 99 3 99 99 27 99 90 99 99 99 24 10 49 88 82 82 16 99 39 99 99 54 85 99 96 28 36 66 46 81 63 28 84 99 99 99 99 63 4 9 99 99 99 99 66 6 9 63 28 58 99 99 6 85 49 19 60 73 93 19 66 
99 99 99 19 12 97 99 99 99 99 24 0 28 42 24 23 10 26 44 24 72 39 97 51 99 99 10 87 99 58 34 99 39 99 99 1 33 99 43 30 72 90 37 46 40 9 99 99 99 97 15 99 51 99 9 24 99 99 25 99 37 82 73 43 34 82 99 52 72 99 99 28 99 99 81 99 72 99 99 60 99 21 1 58 37 1 21 99 99 31 30 
99 57 31 66 57 84 4 99 99 66 23 30 0 47 44 28 39 25 41 27 24 9 99 57 52 69 7 46 49 97 34 63 39 43 99 99 96 63 99 87 22 81 55 63 99 97 90 72 99 78 84 99 66 30 39 31 66 99 99 63 6 3 99 15 25 37 63 24 99 99 52 94 99 33 99 99 99 52 19 39 99 99 3 99 28 73 99 72 30 99 99 
21 81 99 99 99 61 81 93 28 97 18 23 50 0 1 45 65 25 34 64 99 99 99 99 99 99 87 99 12 99 99 99 54 99 36 96 28 69 99 60 99 75 7 61 99 30 99 99 37 99 99 15 9 99 13 85 12 63 99 45 37 99 99 39 99 99 99 99 72 52 13 12 75 21 72 99 40 99 82 99 43 48 69 99 27 99 99 51 21 76 4 
57 9 57 58 99 96 61 39 10 67 5 22 43 50 0 34 17 37 56 28 16 40 99 13 99 99 79 99 27 99 99 76 99 42 69 84 82 12 99 22 63 99 99 33 36 99 85 99 73 99 99 67 99 99 91 99 46 48 99 99 96 82 33 34 99 94 13 57 99 73 99 99 4 76 99 13 19 31 99 69 99 99 99 99 22 99 96 34 88 67 66 
76 87 99 99 99 43 66 28 87 76 34 26 57 14 31 0 1 60 12 58 69 99 4 57 24 88 27 60 31 54 12 99 19 81 70 58 46 31 57 99 55 99 99 99 96 34 25 64 4 96 99 99 99 21 79 70 99 46 99 99 99 43 15 99 99 60 99 58 99 54 96 99 67 99 99 99 4 99 6 54 7 1 87 6 34 55 85 33 60 99 49 
79 16 99 99 13 3 31 99 25 39 48 40 41 59 35 30 0 62 42 47 99 27 99 99 94 88 99 36 99 99 99 99 48 19 90 67 63 96 55 99 99 13 99 91 70 63 48 99 67 51 73 61 99 91 4 40 99 99 61 39 31 69 88 96 31 36 36 4 99 31 84 75 99 12 99 70 61 58 19 43 99 99 99 99 22 99 99 9 34 90 9 
60 97 99 67 90 99 12 99 61 61 37 29 36 44 30 46 65 0 49 11 99 90 99 49 69 99 99 40 21 69 99 99 28 58 64 1 99 15 99 99 99 99 27 58 99 99 72 99 99 37 73 64 99 99 61 73 99 97 99 90 60 37 88 81 85 99 99 51 97 96 10 99 81 61 99 27 28 10 31 4 87 73 99 18 99 94 48 99 63 40 99 
99 99 42 45 99 99 81 81 73 94 8 28 40 16 12 37 17 34 0 38 75 15 99 99 33 52 55 99 36 18 15 60 99 99 91 24 99 87 43 79 99 13 99 99 97 15 70 99 19 99 70 90 99 49 99 81 73 66 99 85 73 99 99 97 93 99 22 21 99 67 99 85 99 99 16 39 99 99 7 99 99 99 31 85 99 93 99 90 99 76 99 
99 72 99 22 49 99 99 85 48 3 6 29 20 24 20 49 41 37 25 0 52 99 99 15 99 99 99 48 3 99 24 99 99 99 99 49 90 99 49 99 87 93 16 99 99 99 99 99 10 67 99 99 22 31 16 99 99 97 97 97 99 21 99 99 28 42 21 13 69 79 94 64 99 99 40 97 16 40 43 19 99 99 36 52 99 91 51 99 21 75 99 
99 22 99 42 99 10 22 4 88 9 25 99 99 99 99 99 24 21 16 99 0 3 9 24 63 4 60 8 8 59 99 88 22 79 99 99 99 43 31 99 99 39 99 97 96 99 99 3 6 99 99 99 99 82 99 36 61 3 99 31 99 7 99 82 99 88 46 99 99 85 33 66 78 99 99 63 55 99 31 64 99 43 99 99 90 99 36 48 30 99 84 
4 63 1 72 99 79 87 13 61 18 73 18 99 99 99 82 18 21 99 63 24 0 13 30 54 58 8 12 60 25 6 87 9 57 82 99 34 99 99 87 81 1 30 12 99 61 91 33 27 99 34 36 81 88 18 99 99 99 84 21 22 84 27 70 12 52 99 28 99 97 99 10 88 99 33 78 1 4 90 96 39 99 99 82 49 18 7 54 3 64 76 
99 99 45 49 99 88 88 34 48 4 78 10 72 96 99 85 79 99 99 37 60 4 0 36 42 66 32 34 28 11 13 51 99 19 33 22 99 48 28 70 99 75 42 61 6 22 37 15 99 99 70 99 78 60 61 99 46 34 99 75 63 25 99 69 55 49 91 99 61 99 13 55 4 28 12 37 99 10 99 55 39 70 99 75 4 99 99 78 60 9 99 
25 99 99 99 43 99 9 19 72 99 99 99 99 99 18 99 19 99 99 73 36 48 64 0 14 43 50 34 9 18 99 78 99 15 3 91 99 31 99 42 99 90 85 31 4 46 99 36 15 19 99 7 99 79 19 40 24 99 24 33 99 87 28 58 82 99 99 99 84 45 49 9 90 99 99 99 99 84 99 99 22 99 34 99 70 99 55 43 42 63 52 
18 25 97 99 99 51 43 99 18 3 99 99 99 99 72 31 1 66 37 3 47 38 4 14 0 10 11 26 54 37 22 28 99 82 79 99 99 19 16 39 99 99 46 99 42 99 99 58 99 99 99 16 72 99 72 99 45 85 28 99 85 67 15 99 40 99 15 88 27 51 85 15 99 99 99 94 99 99 16 99 63 55 54 7 27 10 99 46 99 99 82 
10 19 96 87 58 54 99 54 1 99 28 85 99 99 99 99 52 99 45 37 18 29 26 38 28 0 7 36 8 56 93 39 45 93 39 99 30 99 13 76 30 99 6 85 99 99 30 99 99 25 36 99 99 99 55 64 27 99 99 70 88 7 99 60 99 4 99 99 66 99 46 99 66 58 99 19 99 99 99 99 91 45 61 94 28 55 25 3 81 75 99 
28 99 99 40 57 85 99 99 99 99 99 19 49 51 66 7 40 30 13 48 65 16 60 18 58 62 0 59 46 51 55 9 31 87 91 99 60 78 34 22 45 99 99 99 99 30 99 63 99 99 30 99 13 99 37 63 99 99 81 28 67 55 70 88 15 9 18 37 21 48 13 64 31 27 63 55 67 55 79 97 72 28 99 99 99 99 24 42 72 6 75 
7 99 99 10 55 30 99 52 91 22 51 34 99 99 99 12 46 58 19 12 14 12 36 64 4 11 2 0 2 51 64 28 99 99 73 39 99 91 75 40 40 99 84 10 13 94 99 88 85 67 40 54 99 28 52 94 99 99 82 99 99 99 10 87 96 54 99 99 45 72 99 99 25 93 99 58 93 99 48 99 99 33 99 28 66 27 21 61 70 99 27 
55 12 76 99 54 99 7 99 85 84 90 66 1 58 99 99 3 96 70 99 53 48 44 35 42 28 22 50 0 6 99 99 97 58 94 61 42 33 99 99 90 7 76 99 99 70 99 75 99 99 99 10 37 69 25 90 99 99 22 72 99 19 31 25 99 91 97 99 21 90 99 97 99 87 99 19 18 99 51 36 61 75 99 25 46 99 93 99 94 63 67 
99 93 76 99 40 34 73 28 22 30 82 69 99 99 81 67 25 99 88 52 62 28 38 48 38 10 2 34 36 0 99 6 82 57 97 15 99 99 99 43 37 90 81 1 99 19 67 4 99 1 99 72 99 1 66 46 99 51 91 4 88 99 99 99 99 99 99 28 84 57 34 99 87 31 70 43 99 99 64 99 99 10 99 24 1 18 99 13 27 99 99 
58 99 99 58 52 64 6 60 99 52 48 79 99 31 25 85 87 61 39 64 87 99 99 82 70 88 99 99 55 99 0 6 10 53 22 51 8 19 59 27 60 13 19 99 99 99 34 36 99 99 60 99 36 99 99 99 40 24 99 99 16 25 84 99 60 57 15 99 12 43 99 13 19 45 15 66 70 99 97 43 72 99 33 91 79 99 99 99 99 13 82 
99 99 19 40 33 39 3 99 78 99 3 15 99 63 42 40 34 37 84 13 43 99 61 99 99 99 67 90 99 6 30 0 10 6 50 48 19 24 22 52 75 19 60 12 3 39 79 1 99 99 99 90 39 30 99 45 54 79 73 67 99 99 33 3 99 60 88 99 99 64 19 15 90 99 70 28 99 37 70 22 57 99 99 48 73 99 54 64 99 48 42 
15 63 54 99 27 99 37 99 99 27 58 99 99 85 48 31 27 81 49 87 82 48 33 37 40 99 99 99 99 84 45 66 0 57 20 38 28 0 46 32 57 99 21 16 7 6 73 99 82 22 79 99 15 99 39 94 87 45 9 99 93 28 87 93 7 34 33 99 91 15 66 99 85 99 99 99 99 99 34 99 99 99 67 40 99 69 99 99 99 63 99 
87 99 99 36 4 99 28 42 33 33 99 72 99 93 99 52 9 99 84 88 4 73 57 99 24 70 60 67 99 90 4 6 40 0 48 65 50 18 54 21 99 99 99 66 49 37 99 58 99 99 28 67 82 87 40 99 30 79 43 16 99 78 64 1 72 99 18 60 61 55 99 28 99 76 99 87 28 63 99 49 99 99 99 21 4 94 99 33 27 99 60 
99 99 99 99 4 4 19 99 90 76 99 99 99 24 99 99 24 99 7 99 99 99 55 91 94 99 97 24 79 37 4 8 56 42 0 38 40 22 64 61 99 33 81 99 81 87 54 81 99 90 99 99 91 99 99 43 88 64 76 99 4 28 99 93 27 39 36 28 67 25 46 99 40 40 58 99 64 99 46 99 9 99 99 99 60 52 99 87 99 73 91 
99 63 75 25 99 40 16 99 85 78 19 99 99 99 63 84 43 7 99 9 99 37 7 90 58 66 49 45 99 97 15 17 30 11 12 0 51 10 56 24 87 66 46 57 37 69 60 9 99 27 99 85 22 99 99 58 51 66 46 70 90 99 48 99 75 99 7 70 48 99 54 76 61 94 58 94 30 99 91 96 36 1 99 42 99 99 19 3 90 18 19 
36 82 78 6 99 99 99 99 52 34 63 34 7 67 48 1 18 99 99 40 96 99 64 51 99 81 99 84 69 99 40 16 6 8 51 55 0 32 23 58 37 99 30 99 49 40 99 21 69 49 54 99 96 7 18 76 6 39 99 79 46 99 99 97 24 99 99 43 99 61 25 21 82 99 19 37 73 99 93 99 16 99 24 84 99 40 51 1 99 55 4 
99 99 31 99 25 19 99 58 36 49 54 49 46 45 36 84 55 61 99 3 99 99 99 93 13 99 99 42 97 33 53 48 30 25 60 59 42 0 60 59 91 24 97 63 99 54 99 49 99 93 99 99 31 99 6 99 81 94 25 64 24 99 99 84 63 48 42 99 63 4 99 66 63 34 99 45 99 99 58 66 99 99 99 46 43 49 69 99 61 1 99 
99 91 90 25 12 60 7 58 72 22 99 64 63 21 99 99 99 99 18 30 45 7 55 93 99 99 81 4 13 46 1 45 48 65 43 56 66 19 0 17 78 58 99 7 99 87 57 90 99 46 99 27 25 61 99 13 73 99 97 19 99 6 49 82 81 99 99 52 99 99 6 99 99 99 99 99 99 63 99 45 99 99 88 96 91 99 40 99 9 36 99 
99 46 99 37 33 54 99 84 12 12 99 93 54 99 99 64 96 39 90 99 99 6 67 99 94 37 82 93 99 99 30 38 58 52 34 56 42 12 8 0 99 99 99 22 63 37 76 6 99 22 99 99 43 70 85 99 87 70 99 66 60 87 97 97 99 25 54 33 33 55 67 67 37 33 99 99 70 9 99 45 6 21 78 99 99 60 69 46 73 99 27 
99 55 99 99 21 61 99 99 66 7 91 58 76 99 99 99 51 28 22 99 36 76 58 99 99 69 19 69 46 70 10 57 36 99 99 22 70 99 99 99 0 11 30 10 35 60 56 38 26 26 99 99 7 99 34 43 99 40 25 43 88 12 25 57 99 88 28 28 64 85 7 82 10 99 48 99 27 19 99 87 22 34 99 99 99 99 99 39 28 61 99 
99 61 87 99 25 31 13 31 99 67 82 34 99 99 90 30 6 58 99 96 6 72 3 39 60 81 99 10 12 99 99 99 99 99 6 22 78 99 25 4 59 0 22 26 47 6 50 23 42 64 85 87 99 99 78 76 90 97 99 99 99 90 76 79 99 30 99 99 18 31 82 25 99 99 96 79 99 49 99 99 67 66 31 70 85 99 40 99 87 60 99 
67 91 1 99 99 93 69 99 99 87 28 25 33 99 99 99 19 99 27 12 99 49 57 73 78 64 99 99 99 45 40 39 99 63 63 99 90 99 61 99 3 10 0 60 4 52 34 35 59 40 96 99 42 82 64 19 90 93 34 91 18 33 3 54 22 39 99 36 36 91 99 99 16 27 76 55 9 76 37 75 75 99 99 99 9 18 99 99 9 21 1 
99 87 75 51 37 99 99 43 6 99 99 43 99 24 99 37 99 48 52 31 76 46 58 99 15 99 99 78 99 19 67 91 33 99 28 63 93 99 91 99 48 47 36 0 23 54 1 60 26 2 43 27 99 85 99 99 87 75 96 64 10 99 99 99 48 99 52 16 99 99 6 99 99 88 10 49 19 99 22 78 99 85 99 99 16 57 99 99 99 99 69 
72 99 99 97 99 25 63 99 99 6 10 99 99 24 99 18 36 87 28 12 36 36 52 34 99 99 97 99 99 75 99 72 99 43 85 60 18 75 46 99 6 44 20 22 0 29 28 15 15 66 22 4 76 87 93 82 73 90 99 63 55 39 21 84 6 27 97 19 42 99 88 81 93 27 99 99 7 13 79 99 99 55 99 99 34 91 87 97 99 99 16 
66 13 99 27 37 99 96 70 99 42 99 99 99 31 99 30 54 99 99 99 4 99 81 99 99 99 12 99 99 99 69 6 60 99 99 96 57 99 40 79 37 16 21 17 43 0 44 41 6 6 81 4 99 93 96 4 99 66 36 99 99 9 55 99 76 46 7 99 64 99 99 99 99 99 76 52 30 87 99 79 19 87 64 45 99 99 69 9 52 61 72 
15 79 99 99 13 61 99 99 99 99 82 99 54 87 99 84 66 12 27 21 49 99 99 82 99 99 33 3 67 73 99 30 99 69 99 1 99 99 99 99 55 40 26 34 14 29 0 11 48 34 10 99 99 99 99 99 3 97 99 45 60 94 48 99 63 99 81 9 6 75 43 60 99 39 99 99 66 13 82 96 61 25 99 4 67 99 10 99 3 99 76 
99 99 64 4 52 46 52 99 99 99 58 76 99 61 99 40 99 15 64 99 55 64 34 72 15 99 99 12 33 99 9 55 90 99 99 24 99 99 10 99 61 13 51 24 22 19 60 0 35 60 88 85 79 21 72 76 28 12 99 99 70 99 18 87 99 99 39 10 54 99 24 30 99 75 37 40 63 99 19 57 99 10 76 99 99 61 10 69 76 93 63 
99 99 70 88 49 64 72 51 99 99 99 30 99 99 94 99 34 99 22 99 91 51 99 58 99 13 10 99 70 99 64 18 99 75 99 84 99 61 99 99 50 32 40 54 65 52 36 38 0 5 99 52 72 21 79 99 99 99 55 96 43 81 99 99 99 27 45 60 73 99 24 99 99 33 31 55 99 99 99 37 39 99 99 99 7 66 99 99 99 99 63 
99 70 99 10 99 99 88 87 25 99 1 36 43 60 99 39 99 52 45 99 19 37 75 99 85 61 12 87 84 97 18 66 99 90 99 37 99 99 36 76 16 10 8 22 48 15 14 36 14 0 99 64 64 36 63 88 30 57 34 40 99 81 76 99 99 99 99 99 25 99 79 13 88 75 72 61 99 99 99 99 70 99 87 61 40 91 49 99 34 84 99 
63 99 21 61 99 72 84 99 18 42 99 10 51 99 10 88 99 7 99 75 99 99 99 99 48 19 69 33 75 15 76 91 34 82 67 75 43 16 99 40 84 93 99 57 25 99 1 10 13 16 0 1 11 36 6 50 16 34 46 64 63 91 81 99 99 27 40 99 99 48 43 76 45 99 6 64 39 99 88 99 99 33 69 99 99 18 31 58 76 39 34 
99 99 72 78 99 73 99 70 99 99 97 19 4 99 55 94 99 99 1 42 99 78 4 99 87 99 22 51 99 45 81 25 25 99 99 34 99 24 1 99 99 48 84 46 40 99 99 94 27 99 38 0 25 14 64 57 14 62 8 28 99 46 99 87 99 97 6 75 99 34 81 19 55 28 99 99 31 60 91 70 99 16 67 81 54 40 3 87 99 99 90 
30 99 24 72 39 70 99 6 22 96 25 99 99 99 99 64 24 22 99 1 99 93 99 99 60 99 99 87 99 13 75 72 96 19 97 45 69 91 99 82 94 97 33 78 24 99 99 99 31 85 16 64 0 18 9 33 52 40 57 66 48 9 67 36 27 12 99 3 6 99 90 33 48 91 76 99 76 99 91 9 42 99 99 43 52 9 19 99 99 96 70 
9 34 99 54 42 51 88 28 13 99 99 78 57 45 24 25 31 97 99 63 21 13 18 99 97 70 99 28 84 99 34 19 69 43 99 90 49 99 99 99 99 4 42 10 63 99 99 75 79 34 22 46 14 0 44 23 35 26 40 23 99 70 6 79 94 46 15 99 37 93 99 99 99 99 99 99 73 99 40 97 99 99 96 51 93 1 25 19 99 75 99 
99 60 22 99 79 39 99 99 99 49 99 63 84 60 99 99 40 99 40 37 99 30 79 99 99 90 30 99 72 63 90 99 99 99 99 46 99 99 30 88 27 85 37 99 99 99 99 99 7 54 4 33 4 31 0 12 56 59 52 52 69 19 96 37 99 79 39 60 25 66 54 99 36 42 54 99 57 63 18 99 45 46 34 99 99 99 99 16 48 15 99 
85 99 85 81 12 88 25 33 60 70 99 99 67 60 37 63 99 18 27 73 99 27 30 99 51 99 63 99 31 99 30 99 27 81 99 79 18 15 99 1 99 6 21 51 60 99 99 25 79 99 62 37 48 6 54 0 54 46 52 28 73 61 73 4 96 99 99 24 99 18 90 99 45 6 30 99 39 66 1 99 97 99 27 99 99 81 36 99 45 28 97 
58 57 99 82 99 99 99 99 99 99 19 40 36 99 24 25 46 61 21 60 99 37 99 57 81 75 99 7 7 99 66 84 19 99 19 27 3 87 99 13 99 9 88 99 96 99 42 54 99 70 54 19 31 58 38 50 0 15 28 32 49 70 75 88 99 37 99 99 99 30 99 88 99 99 66 93 25 25 33 52 99 99 99 99 78 76 60 12 99 99 12 
99 1 81 99 99 99 39 99 75 87 99 99 51 33 24 99 54 90 28 99 99 43 6 18 99 1 76 85 6 61 99 42 93 43 79 9 37 45 3 1 33 12 99 99 99 18 46 99 85 99 17 34 57 60 32 10 22 0 57 2 58 96 30 6 96 66 52 45 55 1 67 33 99 88 58 72 36 99 99 99 99 30 99 90 22 99 88 99 99 99 99 
55 69 7 99 3 45 36 45 70 78 99 24 99 99 90 87 70 94 94 48 88 30 99 1 48 85 64 69 61 99 12 46 99 45 91 33 99 72 58 97 99 99 78 46 46 19 72 99 54 12 56 60 18 29 3 17 30 48 0 48 12 72 99 75 99 30 34 99 84 15 10 39 18 42 99 99 46 99 99 15 22 99 99 99 34 79 99 52 49 19 94 
55 58 60 99 40 91 82 7 9 31 99 52 99 64 25 24 42 60 1 99 42 99 19 99 99 99 87 99 97 99 97 87 99 99 40 99 25 75 78 43 57 88 99 94 12 99 81 90 97 72 31 57 62 1 58 39 53 16 23 0 55 54 99 99 43 51 76 52 99 64 99 52 87 46 1 7 99 36 54 99 1 61 66 60 99 43 40 90 99 99 22 
15 69 82 54 99 99 99 48 99 99 85 36 99 88 99 90 93 79 79 99 45 34 99 99 84 99 19 96 99 73 60 99 96 4 99 16 61 70 18 99 99 40 99 99 27 66 36 99 19 91 84 21 78 64 36 57 16 16 43 99 0 38 49 40 6 52 65 32 25 7 75 99 42 25 99 27 99 99 99 99 99 99 99 96 36 4 31 79 93 30 19 
33 99 99 99 6 99 24 79 84 10 84 13 99 78 99 52 48 99 99 7 43 73 99 91 25 3 94 27 21 87 99 4 28 13 25 43 10 99 16 37 99 99 84 42 24 43 16 7 13 10 99 22 61 99 7 12 33 99 99 99 12 0 63 36 30 58 52 4 23 1 99 75 99 58 84 15 24 79 99 99 64 42 99 66 19 57 70 99 15 19 99 
48 48 78 99 28 88 99 37 43 40 66 9 99 51 99 70 85 99 96 43 88 19 51 60 99 54 4 76 19 99 99 34 64 99 99 99 81 31 99 87 99 70 94 3 18 84 79 97 79 67 91 46 99 99 19 99 54 75 99 82 32 52 0 14 30 30 42 12 17 8 99 87 34 99 76 46 85 99 51 1 16 99 10 99 49 1 19 91 99 99 60 
42 99 70 55 36 99 99 99 46 31 3 57 99 79 40 9 85 69 82 63 69 46 99 99 99 99 99 81 60 99 99 58 39 87 57 52 10 99 81 99 19 99 75 37 99 13 27 13 51 67 94 99 99 91 79 97 48 31 64 99 8 22 41 0 3 65 40 2 50 17 99 60 6 16 99 99 42 99 99 93 6 96 27 19 81 99 36 54 99 82 99 
78 99 78 99 49 99 27 27 99 57 88 7 99 31 99 99 85 99 18 64 46 99 99 99 99 99 66 72 43 99 6 1 79 54 79 88 99 28 99 99 6 6 13 39 63 9 4 57 81 37 72 99 12 18 60 21 52 99 99 61 53 27 54 13 0 42 50 27 50 27 99 99 60 85 96 99 4 99 46 99 55 99 58 27 85 54 99 99 19 58 99 
42 75 45 67 99 99 99 4 99 13 99 99 94 99 31 88 99 63 99 16 43 21 73 99 16 66 10 99 99 13 36 22 24 66 18 99 78 25 82 75 13 15 99 15 84 99 12 72 72 99 39 99 88 78 43 99 82 99 66 99 56 39 18 58 27 0 21 2 56 10 24 69 33 99 99 99 99 42 79 88 30 99 19 48 99 66 16 61 99 76 99 
55 79 52 6 51 28 49 15 61 34 9 13 40 13 99 99 15 18 43 12 99 60 66 99 25 40 36 99 69 99 81 7 99 30 24 82 99 99 31 72 70 28 99 4 66 1 99 31 52 99 1 13 60 10 87 70 51 99 99 88 31 17 2 50 22 24 0 48 22 18 99 36 97 1 91 72 99 99 99 9 75 40 99 96 99 99 82 99 6 34 16 
54 75 49 99 99 99 19 42 99 22 99 75 48 90 99 10 22 99 16 46 78 54 48 61 54 99 90 97 43 61 51 43 99 28 30 99 99 99 96 99 99 79 91 99 93 99 1 99 16 33 24 24 49 75 99 99 61 22 99 22 32 56 33 56 54 16 27 0 10 34 36 87 76 61 99 46 13 99 64 78 99 37 6 82 48 75 58 99 99 97 99 
99 99 22 6 67 99 3 99 97 10 33 52 30 99 36 15 99 84 96 99 87 49 91 25 63 72 99 60 7 60 15 99 96 99 48 51 36 99 52 99 99 99 45 99 39 99 84 96 22 99 75 43 73 90 99 99 25 99 31 99 20 53 1 42 21 24 20 10 0 65 10 99 82 99 99 82 24 24 48 99 99 99 67 99 66 22 75 4 58 66 73 
99 75 99 88 99 66 52 99 99 12 99 81 78 76 94 4 82 60 99 24 16 22 99 99 99 10 99 99 6 99 67 90 46 99 27 91 90 13 88 28 57 6 4 67 6 46 45 99 99 88 72 28 66 3 99 97 76 84 96 99 35 54 2 46 59 12 29 17 54 0 13 21 99 54 72 33 97 25 97 4 99 22 99 31 99 73 66 94 19 99 99 
99 99 39 99 61 40 63 99 99 4 67 99 52 99 30 6 67 99 42 39 43 99 64 99 6 34 16 99 42 99 99 85 30 99 99 99 99 34 99 37 9 91 99 99 61 25 16 79 99 54 99 64 43 96 99 76 99 99 45 34 42 70 99 48 69 99 90 99 99 10 0 58 4 44 53 14 22 59 8 51 99 18 99 48 93 99 99 84 49 81 99 
96 79 99 70 99 99 99 70 99 3 84 76 19 81 7 81 48 24 99 33 84 99 52 63 54 31 34 97 93 99 51 52 96 66 99 69 19 42 48 99 43 13 72 45 99 99 75 99 16 96 88 97 43 99 36 99 99 99 13 99 96 25 99 99 99 99 57 28 99 99 31 0 19 60 15 15 21 59 12 39 78 99 39 40 99 21 48 99 99 64 31 
66 99 24 99 99 70 49 16 61 81 99 99 30 99 75 37 99 36 46 99 99 82 99 25 25 43 10 82 99 69 99 63 88 57 25 46 72 99 24 15 55 69 93 10 31 97 6 99 99 99 22 61 49 45 6 39 99 82 99 99 9 84 99 31 97 24 99 87 84 76 2 14 0 22 36 16 38 45 53 50 58 99 43 99 9 19 52 90 28 25 82 
76 52 34 61 99 61 52 42 94 99 73 99 99 40 99 99 3 72 60 30 99 85 76 69 99 67 99 6 60 16 99 87 99 63 99 21 24 60 18 61 85 16 99 99 10 61 99 57 18 87 18 99 99 70 4 99 46 82 84 99 49 37 15 22 46 88 60 52 63 76 44 5 62 0 16 62 29 32 14 23 6 19 40 99 22 99 99 99 99 10 87 
99 43 99 12 15 57 99 69 24 82 58 99 3 87 1 46 99 99 99 84 99 99 22 84 99 90 69 45 99 99 1 99 99 36 34 51 69 9 99 99 54 79 99 99 63 99 99 88 99 45 99 99 46 99 75 12 57 46 57 27 7 99 34 97 94 87 13 34 67 18 33 44 22 63 0 62 65 56 59 60 99 55 81 43 99 70 99 63 99 99 99 
15 99 63 39 28 72 99 99 94 99 75 99 85 57 99 4 99 25 42 90 69 67 21 99 7 99 81 73 84 99 99 51 79 99 99 13 13 99 51 99 99 67 96 90 42 55 78 13 73 18 46 46 64 34 9 69 99 99 99 16 99 34 67 93 52 67 24 70 22 45 23 50 36 16 51 0 52 62 55 13 99 93 99 3 15 99 46 63 96 99 70 
87 79 90 99 49 66 99 54 16 58 45 99 40 99 99 70 99 22 81 63 72 99 21 69 99 88 90 54 85 9 3 76 72 99 99 3 57 84 63 1 85 21 84 99 76 99 87 69 46 99 9 61 28 52 91 6 45 51 85 9 99 99 12 33 24 99 73 30 69 55 40 4 22 4 24 8 0 11 46 21 31 99 75 85 99 99 43 28 94 57 91 
13 99 82 99 6 99 16 18 84 82 99 66 46 1 84 16 99 96 76 31 88 85 99 15 22 99 76 67 93 63 64 99 99 99 55 61 42 63 18 99 12 99 99 79 93 45 16 7 30 99 99 99 34 99 96 64 99 99 99 69 99 99 31 9 37 40 13 25 87 99 44 5 48 20 46 65 15 0 40 30 99 61 31 1 63 21 99 7 46 13 10 
19 54 99 34 90 99 49 99 33 54 99 99 97 52 12 27 97 91 85 97 45 99 76 13 63 90 6 6 34 99 25 99 99 48 93 46 99 37 13 99 15 21 58 34 84 90 61 63 1 99 99 4 99 99 39 90 99 99 99 99 70 99 99 99 4 87 18 7 33 24 38 10 59 34 7 36 50 53 0 40 70 99 21 22 99 33 21 13 21 99 99 
51 72 96 99 99 25 19 99 99 13 45 99 99 99 99 49 72 4 18 99 99 66 13 52 99 34 99 46 99 99 55 87 28 99 84 60 99 24 37 4 85 34 99 99 82 66 58 99 1 64 99 66 99 99 76 99 12 99 81 73 99 99 24 73 45 99 45 60 70 88 16 58 37 41 8 20 62 10 44 0 84 79 81 82 15 18 24 78 22 31 51 
99 13 99 1 99 67 48 76 22 49 84 99 43 99 34 99 99 87 99 99 99 88 81 82 33 13 21 9 99 99 99 75 90 99 76 19 6 99 99 36 76 58 97 81 78 10 94 99 96 34 10 10 52 64 79 99 21 99 15 31 99 99 78 99 51 21 99 99 52 99 99 52 34 84 99 99 54 10 99 60 0 66 4 2 31 46 55 41 28 42 99 
85 99 99 99 30 99 61 94 94 21 30 99 31 15 7 6 6 37 99 99 49 49 99 24 58 66 63 49 99 49 34 10 99 48 99 33 34 99 42 81 10 13 43 25 99 99 51 27 99 82 52 70 99 37 84 28 99 99 99 99 25 99 6 7 99 18 99 31 21 46 99 73 99 99 75 99 75 79 13 99 2 0 24 44 12 17 33 11 40 44 9 
63 99 99 99 46 10 4 3 31 99 99 99 1 99 81 99 99 99 99 69 99 99 99 52 49 7 75 73 66 99 99 36 69 57 87 84 33 43 99 51 99 12 63 90 99 84 39 6 99 99 70 57 67 15 43 67 99 61 99 99 31 51 27 54 36 91 45 58 9 36 64 81 67 36 99 28 66 79 69 70 29 7 0 4 6 8 10 58 17 10 99 
10 99 99 99 99 88 99 97 93 21 49 61 99 99 99 60 99 66 40 99 99 75 70 99 9 99 99 79 52 36 85 99 31 99 99 99 49 84 66 93 99 24 36 7 24 39 85 16 99 78 40 99 99 78 51 52 46 24 99 90 79 87 60 76 72 49 87 58 78 99 72 99 4 6 70 1 82 43 99 87 42 43 0 0 53 4 66 43 8 57 46 
99 99 16 99 42 99 45 99 99 78 99 28 30 99 48 27 63 64 84 99 94 66 36 99 22 9 75 64 99 99 31 96 46 7 99 18 24 99 97 81 99 99 25 97 81 49 57 94 99 87 60 75 99 40 96 99 99 10 61 99 49 90 16 1 99 7 27 99 40 13 78 99 90 82 75 4 9 43 99 18 62 4 38 0 0 7 42 21 50 64 39 
16 99 99 82 37 99 9 27 99 99 64 99 21 76 36 49 97 85 99 99 99 75 37 52 61 90 81 99 48 99 1 99 67 48 94 99 99 99 66 99 82 40 72 69 46 81 81 63 99 99 7 27 7 99 52 93 99 60 73 16 6 55 78 99 46 3 9 24 88 36 58 99 87 99 31 99 99 42 49 99 42 38 64 47 48 0 26 61 10 52 99 
99 28 21 6 72 78 70 28 42 99 70 52 99 99 9 27 99 30 78 99 60 18 99 99 96 7 91 79 81 27 37 36 99 6 18 72 22 99 12 99 99 87 25 45 99 51 99 70 78 43 85 84 79 28 30 1 82 99 45 15 21 31 99 34 22 99 99 99 24 72 24 3 99 27 90 99 99 60 82 9 63 8 19 32 18 54 0 8 65 50 99 
90 91 93 78 15 25 99 99 99 87 96 63 46 99 3 79 30 31 84 99 9 72 88 24 99 99 70 60 25 13 46 93 18 64 99 13 21 99 51 66 99 99 73 99 99 99 82 34 13 31 99 22 25 81 90 94 93 85 39 99 99 82 99 99 81 97 99 84 99 99 99 88 99 10 64 99 99 99 12 91 52 13 16 34 16 64 54 0 35 0 99 
93 63 6 19 99 33 87 99 99 69 72 28 99 42 90 99 99 99 99 48 99 99 3 72 24 25 99 58 13 70 99 99 34 40 99 34 39 78 99 6 99 99 99 90 15 99 39 99 99 85 99 73 99 79 99 99 72 96 99 99 67 42 99 81 36 84 84 43 6 99 57 99 97 61 28 66 10 21 99 91 34 43 61 23 27 56 48 7 0 48 78 
55 99 99 99 94 19 45 99 58 10 1 70 90 99 27 69 51 99 40 99 81 4 99 99 64 51 67 99 73 45 46 36 1 94 99 99 30 9 99 15 84 99 12 39 81 4 10 99 21 99 79 90 52 99 52 51 19 97 58 31 99 36 87 88 43 91 94 99 61 46 64 52 57 45 7 99 37 99 96 25 12 45 5 38 3 8 56 64 59 0 88 
76 43 36 82 99 91 51 63 99 24 99 79 78 15 48 18 84 99 76 99 99 24 99 99 72 12 28 99 87 31 55 54 18 99 49 99 99 99 34 99 61 55 99 91 99 99 18 78 6 78 25 61 4 13 99 42 57 21 57 99 73 87 24 99 99 99 48 48 54 96 99 40 54 99 21 94 99 64 99 10 99 99 99 99 99 10 99 99 40 1 0 
