n: 90
m: 6
Pi:U[1-99] 34 46 15 2 95 50 99 47 27 44 82 28 44 64 90 11 3 13 8 12 8 67 45 29 27 18 97 32 68 13 75 20 47 62 14 65 86 63 50 33 7 13 64 63 58 60 68 10 18 40 49 56 88 94 14 9 81 15 8 59 71 61 56 26 51 31 42 2 11 47 8 37 34 31 56 52 70 46 91 23 23 47 44 94 19 61 27 4 11 79 
Si:U[1-49]
0 6 7 27 10 9 25 16 22 29 13 49 49 25 7 49 49 12 25 46 19 10 27 16 22 49 9 28 40 22 15 34 40 3 49 30 40 39 45 49 49 37 46 49 40 49 42 34 22 45 19 49 49 49 31 40 10 18 49 49 42 49 31 24 49 24 49 49 37 49 10 6 49 49 49 49 49 1 49 18 10 37 49 33 4 49 49 27 9 49 3 
30 0 28 20 14 16 6 9 0 16 46 34 40 4 49 49 25 49 49 40 49 49 28 28 49 49 49 25 36 7 12 49 49 49 16 49 49 49 16 49 28 49 12 49 6 49 12 49 21 39 12 45 49 13 28 34 39 43 27 33 40 6 42 49 25 28 49 21 49 21 48 49 31 33 3 9 42 49 49 10 18 49 46 9 12 22 18 49 49 33 25 
10 21 0 8 9 8 13 4 28 6 46 49 10 49 7 4 49 49 37 49 7 16 49 49 3 49 3 49 27 49 42 49 48 1 49 21 49 49 49 46 49 49 49 21 45 49 9 49 33 49 49 39 49 49 7 34 49 49 40 34 49 49 6 22 34 49 43 30 45 49 49 13 49 12 39 42 25 10 49 33 33 49 19 49 12 36 49 18 36 49 6 
7 18 12 0 22 10 29 28 7 16 49 10 49 27 37 49 13 19 6 25 30 22 43 7 45 43 49 37 7 49 49 49 45 25 37 49 49 49 30 40 49 7 18 49 49 12 27 49 24 13 49 39 49 16 22 4 49 49 49 49 49 42 49 12 49 49 18 49 40 22 49 36 49 22 49 49 40 12 49 24 37 25 49 16 6 49 12 49 33 39 36 
31 26 16 18 0 23 9 27 10 6 31 34 49 49 19 12 49 49 16 18 49 31 49 7 16 25 49 28 45 49 27 49 30 49 28 39 3 36 49 36 49 33 9 49 36 49 25 25 49 36 49 49 27 49 34 49 30 6 42 45 36 39 49 49 13 49 10 49 45 49 49 49 21 49 42 48 28 49 18 49 31 28 22 6 22 49 18 13 49 46 49 
2 31 12 8 32 0 26 20 8 28 19 46 49 49 9 12 49 49 19 27 42 13 49 3 49 34 49 28 28 15 49 45 15 31 7 45 36 12 40 9 46 48 21 49 49 49 46 49 49 49 18 36 49 16 49 9 4 3 39 18 49 18 16 33 33 45 30 49 28 40 10 30 49 6 36 49 49 46 13 49 49 10 16 27 46 22 28 49 49 37 1 
18 12 5 31 23 12 0 4 2 6 49 7 49 7 30 46 3 49 48 49 31 49 16 22 4 9 3 49 9 16 31 19 7 49 37 31 3 28 49 16 4 9 21 33 36 40 21 49 33 48 49 40 45 45 18 40 49 49 48 24 49 27 49 18 49 49 22 13 49 49 30 48 33 1 9 9 39 25 9 10 9 45 30 49 39 49 46 46 49 28 10 
6 1 12 11 27 26 23 0 24 28 49 33 3 49 40 49 49 49 49 13 21 9 16 10 49 6 49 49 15 49 49 13 4 49 49 49 49 36 27 19 49 22 24 12 36 49 49 49 49 49 9 7 10 34 34 15 49 31 40 4 37 19 18 33 6 49 15 37 48 49 15 49 43 25 25 1 30 49 19 49 18 21 13 40 39 49 49 25 24 49 48 
6 29 10 26 8 20 16 16 0 2 3 16 49 49 19 49 49 22 39 28 49 15 48 43 49 40 24 49 21 34 49 7 49 16 49 39 49 39 15 34 24 13 36 9 45 49 42 45 49 49 30 43 16 1 39 49 18 49 22 49 1 16 28 48 37 42 28 49 3 31 33 15 19 3 49 39 49 25 39 9 49 42 27 33 34 49 49 21 34 13 45 
7 30 12 8 10 4 26 14 2 0 16 49 12 28 49 30 21 49 33 49 13 7 39 49 49 49 48 49 49 49 49 40 28 49 49 10 43 33 15 49 43 45 9 49 49 49 30 30 49 7 42 34 22 31 36 34 12 1 4 49 30 9 12 42 12 1 49 21 31 10 49 40 27 10 49 49 49 49 25 46 43 49 49 49 13 34 49 19 49 7 22 
43 39 49 49 49 13 45 15 49 49 0 8 21 10 32 28 24 2 6 16 49 33 39 49 28 49 13 49 24 28 25 31 49 3 49 36 49 49 43 49 24 13 19 30 27 31 49 4 19 10 24 25 49 16 48 30 24 49 22 24 49 49 13 49 49 21 28 46 49 49 43 25 9 37 9 36 49 34 19 48 9 36 49 28 49 49 40 42 36 45 40 
49 25 36 42 49 49 49 31 19 1 21 0 4 22 17 8 22 32 24 13 24 16 4 16 1 49 24 19 12 6 49 18 49 10 27 9 30 22 12 49 49 49 28 46 7 49 49 48 49 43 25 49 49 49 49 40 22 33 49 25 49 33 49 49 28 49 39 16 19 49 49 46 30 49 49 49 21 49 19 49 49 49 39 49 49 24 48 49 16 18 49 
49 49 46 24 49 19 28 49 16 45 28 8 0 2 8 16 30 19 24 12 19 30 7 15 4 49 49 18 49 30 49 49 9 22 43 49 28 24 49 49 21 49 24 18 49 49 22 25 15 48 49 21 30 33 49 36 39 49 45 6 49 22 18 49 49 49 49 48 27 22 1 49 43 49 49 49 49 6 49 49 40 49 40 1 49 49 49 49 49 49 49 
46 49 49 49 6 37 49 49 49 6 2 11 25 0 2 12 23 6 30 18 39 10 7 46 49 31 18 49 49 49 46 27 40 12 37 46 49 49 39 24 21 19 39 6 43 6 6 16 49 31 27 10 18 30 49 49 49 49 1 18 10 3 49 22 12 49 48 1 46 9 16 40 49 43 4 49 27 49 3 39 1 19 49 43 25 49 45 13 49 6 49 
49 1 13 49 21 45 40 49 49 33 4 5 16 32 0 13 12 10 32 6 49 30 15 49 49 49 49 49 49 45 10 1 34 12 49 6 24 43 48 3 3 30 39 9 7 37 49 49 16 49 39 49 18 10 1 49 27 49 13 9 49 21 49 43 49 49 36 49 49 15 49 42 21 27 1 49 37 49 49 1 49 40 36 6 28 40 6 33 21 46 1 
1 49 1 1 48 49 3 49 42 6 32 11 8 13 18 0 29 23 8 29 46 49 49 4 37 49 7 25 49 7 39 37 33 43 10 40 42 48 7 22 49 49 4 39 6 19 49 1 22 46 49 49 40 49 46 49 13 24 28 37 15 6 21 42 42 49 49 49 48 49 31 12 49 49 40 21 49 24 10 48 49 12 49 28 6 34 49 49 7 33 49 
49 18 33 49 10 7 37 19 49 3 2 12 13 18 7 27 0 32 29 22 27 49 22 43 4 28 36 6 27 46 1 28 34 3 49 6 49 33 49 49 33 49 27 31 48 1 42 43 49 49 10 18 42 16 19 3 13 49 15 12 3 42 49 49 10 40 27 22 22 28 18 27 49 49 49 16 21 37 45 7 45 49 49 19 21 49 40 49 37 49 13 
28 49 37 48 16 28 49 36 39 7 31 17 11 32 6 24 31 0 20 26 10 49 49 42 34 49 40 33 42 36 49 49 46 10 45 49 49 42 18 46 13 21 49 49 34 49 45 6 49 40 49 33 49 30 49 12 49 10 28 16 6 28 49 49 33 49 33 12 10 6 42 34 49 49 12 49 30 24 16 6 49 21 18 34 31 36 24 49 18 3 30 
21 18 28 12 3 19 49 4 21 49 12 10 19 22 14 12 4 6 0 14 25 42 42 3 31 39 49 6 24 49 13 4 9 12 49 46 45 49 4 49 49 49 18 1 49 40 27 49 49 10 27 49 27 10 13 49 13 34 49 33 40 49 34 49 49 42 46 25 49 1 9 22 10 49 49 19 49 13 49 49 43 15 46 33 19 48 36 49 6 42 18 
6 1 37 49 4 31 16 6 49 49 2 11 32 2 7 28 30 9 5 0 19 31 21 49 49 49 49 49 49 21 6 21 31 42 42 16 22 25 7 3 49 30 49 49 22 39 19 49 7 40 25 31 1 25 36 28 27 49 31 25 46 40 27 49 4 49 48 43 49 49 49 36 10 49 49 24 46 49 37 48 15 1 6 10 33 49 49 49 33 49 33 
15 1 49 9 13 49 28 49 12 3 42 1 49 49 21 7 9 15 31 4 0 5 11 18 12 10 30 5 29 24 19 45 19 15 27 49 39 49 40 6 45 36 49 49 49 30 3 9 10 30 49 3 12 48 7 31 13 49 39 42 33 49 16 12 25 25 6 43 7 49 46 40 15 42 13 49 24 49 49 33 3 1 49 49 30 45 18 21 7 49 39 
49 16 49 39 46 49 49 30 12 25 1 34 27 42 7 28 49 49 10 37 7 0 12 16 2 27 10 20 19 13 13 36 49 42 3 49 49 49 7 49 1 40 39 42 9 45 25 6 27 15 15 12 36 25 18 24 7 36 49 49 13 37 49 49 7 49 49 25 13 49 40 49 39 49 49 6 1 48 18 49 49 25 19 46 48 15 3 49 22 34 7 
42 42 18 10 49 12 16 49 49 31 13 21 49 42 19 6 16 24 1 24 19 22 0 30 31 32 8 28 31 10 48 49 21 19 3 49 37 39 13 7 28 31 31 49 37 4 22 49 49 37 46 39 6 13 49 49 19 45 49 22 24 16 49 16 49 21 49 37 10 24 37 49 49 39 49 13 21 49 49 49 49 16 49 49 40 4 49 42 12 49 49 
4 49 37 18 30 1 43 12 49 21 40 6 49 40 9 22 12 49 49 39 9 32 3 0 1 14 28 10 2 18 6 45 49 49 34 21 22 28 3 19 6 1 39 49 37 6 10 42 28 1 9 12 48 49 49 49 49 49 49 49 49 7 1 15 49 31 3 49 49 49 12 49 45 49 49 16 4 49 39 3 9 49 49 49 49 22 22 49 46 49 10 
28 49 3 48 48 7 1 39 42 49 49 10 16 49 3 9 33 49 40 15 16 28 15 26 0 29 10 11 12 11 48 49 39 49 10 22 24 28 30 1 18 25 42 19 9 15 22 31 49 13 45 21 49 37 49 36 28 49 22 16 49 12 49 49 18 31 49 36 49 49 34 33 49 49 49 4 49 45 31 27 48 45 49 49 21 49 40 21 49 43 49 
34 24 49 22 36 49 9 49 36 22 48 13 49 49 42 18 39 33 46 42 19 32 14 30 11 0 23 24 8 12 48 49 49 28 22 49 49 49 37 49 49 49 37 49 48 49 49 25 27 9 9 33 39 40 39 49 49 49 33 39 49 42 15 49 24 49 45 43 22 49 49 24 39 4 10 37 49 49 49 49 48 25 36 9 10 49 49 49 43 49 49 
49 13 49 49 10 49 46 1 49 48 31 49 1 7 42 49 7 48 13 22 22 32 24 27 1 21 0 24 25 25 4 33 25 31 1 36 16 24 19 43 24 9 24 7 30 16 46 3 49 6 7 25 7 27 45 49 36 4 49 43 25 49 49 6 36 46 10 49 1 49 22 4 39 4 36 49 42 18 43 37 49 49 19 45 49 49 18 27 49 36 19 
49 49 49 21 24 49 49 27 49 49 49 10 42 21 49 6 34 9 36 49 30 14 25 7 20 28 18 0 13 1 43 33 49 49 48 36 19 49 39 6 27 4 49 49 13 19 49 16 1 34 49 15 16 49 49 40 49 1 34 34 49 49 6 1 45 9 36 49 49 43 49 19 28 34 42 49 49 6 39 39 10 33 40 24 15 12 45 22 42 49 1 
31 30 49 49 49 7 48 46 49 36 40 49 49 37 33 49 46 49 27 48 6 24 17 4 32 22 8 21 0 32 18 40 49 19 39 49 18 19 49 49 49 1 49 1 49 49 49 49 25 49 22 49 49 33 15 16 49 33 49 43 19 49 1 49 27 18 49 49 30 7 40 36 15 18 30 19 6 24 30 12 28 1 49 49 49 30 49 12 49 13 22 
28 19 19 42 3 42 12 1 49 25 28 28 9 39 49 45 49 24 4 16 3 4 5 31 16 22 30 4 22 0 13 39 39 49 36 49 1 39 49 24 6 37 1 49 28 49 49 49 45 49 25 43 49 37 31 49 49 15 6 18 7 49 24 49 49 49 31 49 13 43 42 1 1 49 33 33 49 9 49 28 24 49 49 1 36 21 34 33 49 15 49 
28 43 49 4 49 49 31 34 43 49 18 49 37 36 49 49 18 4 27 46 33 18 1 30 9 36 30 40 9 30 0 0 7 14 28 28 24 7 4 4 49 39 49 36 28 49 6 27 22 45 49 18 49 49 43 49 31 49 49 49 45 49 49 49 6 49 18 48 49 25 13 16 49 21 22 49 3 39 49 21 48 12 49 49 49 24 49 42 49 16 10 
49 10 48 49 25 18 49 28 49 49 49 36 1 13 49 12 27 49 42 1 13 25 49 39 48 25 16 27 40 49 14 0 7 8 20 24 30 30 14 28 49 39 36 49 49 27 15 33 30 15 34 48 4 27 48 48 37 49 21 36 3 22 49 49 31 34 18 27 40 49 30 28 49 37 49 43 25 27 21 33 21 18 24 12 49 49 30 25 3 6 18 
12 49 49 49 13 12 13 49 27 10 22 21 49 31 48 7 49 9 34 28 7 12 42 42 49 49 49 18 25 7 24 1 0 2 15 26 12 1 17 10 49 12 22 49 19 7 28 28 22 18 39 49 30 30 6 9 39 3 3 28 49 49 49 48 49 24 48 10 13 49 49 49 42 45 49 39 30 49 49 18 46 21 49 4 49 49 49 24 49 6 22 
49 49 49 49 27 49 9 27 37 39 22 7 28 49 49 46 9 21 27 45 4 49 3 6 45 25 15 25 27 48 12 30 6 0 18 3 32 13 28 18 49 36 28 43 21 49 18 43 1 4 28 42 12 25 1 6 40 49 28 21 49 49 25 49 36 45 49 49 16 46 40 49 46 49 12 21 4 21 1 7 40 13 48 30 49 33 49 33 24 49 48 
49 49 49 24 36 6 49 49 49 18 49 49 49 1 49 19 10 27 34 49 19 3 49 49 13 16 22 34 34 49 1 10 21 29 0 12 24 20 9 31 49 19 22 46 49 46 28 37 49 36 22 49 4 49 33 48 46 46 49 49 43 37 10 49 3 49 27 3 49 39 4 1 46 43 6 19 13 49 49 21 33 42 49 21 33 13 49 34 46 13 30 
49 39 40 49 36 36 18 3 49 49 7 49 25 18 49 6 49 9 49 22 49 21 22 49 15 49 45 24 49 49 15 13 31 10 9 0 20 9 13 14 25 10 25 31 1 7 49 40 49 30 49 33 6 49 24 49 49 6 36 49 30 27 45 49 49 49 1 49 27 15 49 15 25 36 49 16 15 49 49 15 24 16 49 49 4 49 25 31 9 24 39 
12 49 4 49 30 39 25 18 34 10 49 6 31 39 49 28 37 16 6 18 33 21 49 46 46 31 49 22 49 31 12 14 11 30 8 13 0 12 16 17 27 40 49 39 19 43 49 27 49 37 7 49 46 39 49 39 22 49 30 34 15 40 49 49 19 40 9 28 49 9 19 49 49 49 12 49 13 49 18 24 40 12 49 21 34 34 6 48 49 46 16 
49 4 49 49 22 40 49 49 46 30 33 45 49 49 21 21 49 13 24 12 6 16 33 16 4 19 36 31 21 49 22 3 12 20 9 16 23 0 17 20 21 49 49 49 49 49 13 49 49 49 12 48 21 34 6 12 25 49 16 16 49 21 49 12 40 30 49 49 49 22 10 28 19 49 49 24 49 24 13 49 49 49 30 1 28 46 30 49 49 21 49 
16 19 42 24 49 46 49 27 49 49 49 49 37 49 49 43 46 49 15 48 49 49 45 43 48 49 49 24 49 40 30 28 3 15 28 20 12 32 0 24 39 7 49 49 13 39 49 15 43 48 49 19 49 42 49 49 43 49 49 49 10 39 10 1 6 49 15 7 49 3 49 13 21 49 48 3 49 30 16 49 18 49 21 49 49 27 18 49 7 43 49 
49 18 4 15 19 49 12 49 24 49 49 30 49 48 49 7 49 12 34 49 18 49 6 37 12 36 31 49 16 25 5 18 2 7 24 17 26 6 16 0 24 49 49 1 49 42 31 12 49 37 49 16 49 30 49 40 48 30 16 12 3 40 36 49 27 15 9 18 21 49 49 34 42 49 18 10 27 34 49 49 25 48 49 12 28 49 49 49 49 18 36 
4 42 42 49 39 1 12 30 34 49 49 24 24 25 49 18 18 31 37 24 9 42 49 39 6 18 49 49 37 13 16 43 49 49 48 4 10 49 49 49 0 16 29 8 22 5 10 14 2 23 49 48 46 18 49 43 49 24 18 7 43 1 31 36 49 36 43 18 46 34 49 37 49 43 49 27 31 49 42 4 49 49 4 4 49 31 49 49 18 9 18 
45 45 49 28 45 30 25 30 49 21 13 7 6 49 34 40 49 22 49 1 10 49 7 6 49 19 49 49 49 39 12 9 49 37 34 49 27 42 49 49 22 0 29 7 26 22 4 31 32 0 45 33 13 49 4 49 49 4 48 49 7 1 24 49 3 49 3 33 49 15 12 30 48 49 34 49 28 49 49 49 49 49 49 49 33 18 13 27 43 49 36 
18 42 12 48 49 45 49 37 49 40 7 13 27 34 36 49 25 7 19 4 39 49 49 45 6 10 31 33 34 6 31 15 39 49 12 40 10 9 4 49 2 23 0 22 15 28 28 19 12 0 49 10 43 30 49 49 27 49 49 45 49 4 49 40 49 21 39 49 13 49 49 49 49 36 25 49 49 19 49 49 36 49 12 42 12 13 33 22 34 49 34 
16 49 43 3 27 1 49 43 22 49 49 7 46 49 30 49 40 46 4 45 49 40 1 33 49 12 49 49 39 49 49 30 13 25 42 49 49 49 15 49 6 4 22 0 18 4 14 22 2 28 49 28 21 43 48 31 49 49 36 49 21 39 36 49 49 27 6 49 49 49 39 49 25 4 30 27 49 36 48 49 36 10 49 9 49 16 34 25 46 22 21 
49 10 49 37 19 49 49 3 49 49 49 49 18 49 15 48 49 24 39 45 7 9 49 49 49 49 21 22 1 49 18 49 31 49 31 49 49 27 18 9 28 28 30 8 0 28 4 3 25 10 7 49 19 43 49 49 49 40 49 49 42 25 18 49 22 28 39 49 49 34 42 45 10 45 16 13 13 49 6 45 43 3 37 22 25 42 37 45 49 24 25 
9 43 25 34 49 49 49 40 22 25 49 12 6 49 37 24 31 30 49 28 49 27 31 49 7 49 13 22 1 49 49 6 49 4 19 21 49 49 18 28 8 14 10 20 16 0 14 4 19 23 42 22 49 30 7 49 21 49 42 4 48 49 6 43 40 49 42 49 49 13 33 15 21 15 49 40 42 24 15 49 34 25 49 42 43 49 15 28 49 22 16 
28 31 49 36 45 39 49 49 49 49 49 37 49 27 49 49 10 49 34 49 49 49 25 37 42 12 36 49 13 49 28 49 49 7 13 7 28 12 49 49 26 16 24 6 2 21 0 31 32 8 49 3 15 43 42 3 49 13 4 49 48 13 4 49 49 49 43 49 10 27 49 21 7 6 37 10 49 21 39 49 16 16 49 39 21 49 13 30 31 16 42 
15 42 49 1 19 49 16 19 49 49 49 49 33 1 1 45 45 37 18 43 27 21 49 37 9 12 24 49 49 49 49 22 10 19 30 49 49 45 49 21 1 27 30 13 32 26 4 0 27 15 49 49 49 49 30 49 49 43 49 42 49 33 49 12 12 15 49 46 13 15 25 49 30 3 21 10 25 49 49 21 31 6 36 49 49 49 10 9 49 40 37 
43 48 31 49 40 43 49 49 49 13 49 7 49 25 1 7 49 21 43 19 19 19 18 19 22 49 1 43 31 49 7 42 24 49 49 21 46 36 1 1 16 20 8 24 1 24 32 31 0 30 37 7 49 49 49 49 19 7 19 45 49 33 36 28 25 49 49 49 15 49 48 49 49 49 30 49 49 37 48 39 49 16 22 49 3 49 49 42 49 49 3 
46 49 46 21 49 21 49 49 15 25 24 49 19 49 49 15 31 42 49 49 18 27 4 18 39 49 31 49 10 39 49 49 43 12 10 24 30 33 30 18 30 26 15 32 15 6 26 9 0 0 49 49 43 31 46 49 49 12 31 49 22 6 49 49 49 49 49 49 49 49 46 6 27 49 31 10 21 12 49 4 49 10 1 22 49 10 3 9 31 46 18 
12 28 49 49 45 31 25 27 9 45 43 30 49 46 49 49 49 10 30 21 1 45 36 49 49 39 46 36 45 48 48 22 49 33 49 49 12 42 49 48 39 49 12 49 30 27 25 19 49 19 0 18 28 18 2 5 28 12 28 4 13 22 49 36 12 49 4 46 18 49 10 49 43 49 48 6 49 21 42 49 10 46 4 28 49 19 49 49 49 31 4 
46 22 49 49 7 49 19 43 33 49 7 49 9 24 42 30 49 45 45 49 12 49 25 6 49 49 49 40 49 39 49 9 31 31 49 49 16 27 49 9 27 49 27 49 12 45 19 45 49 24 6 0 12 31 16 11 13 16 18 20 34 22 12 49 49 49 45 19 33 37 49 49 49 9 49 27 43 42 37 36 49 3 49 7 49 12 42 6 19 6 21 
22 19 49 48 4 13 9 49 36 48 49 27 28 49 36 12 48 9 49 49 49 30 34 10 39 49 22 13 49 25 27 49 33 49 49 6 37 24 25 18 49 27 13 49 46 49 43 27 33 40 8 30 0 2 10 11 16 29 2 1 42 21 6 49 49 19 49 49 49 49 31 19 49 4 49 39 49 6 9 24 16 39 49 49 16 28 45 30 49 16 45 
7 15 28 27 25 49 31 49 16 6 48 49 49 25 25 49 19 42 3 12 13 9 49 46 37 49 49 49 49 49 30 12 16 49 48 27 49 21 49 4 49 34 49 49 6 34 49 22 6 49 27 16 7 0 24 12 28 25 15 24 49 49 22 49 49 10 49 49 45 49 25 12 7 49 46 4 45 49 45 49 49 34 49 30 22 39 12 18 3 18 49 
48 49 25 49 21 37 13 49 27 49 28 49 19 19 16 1 34 49 1 49 49 4 49 34 18 49 22 42 6 48 10 25 49 49 49 9 25 4 49 37 43 49 36 19 13 49 18 49 49 28 30 28 26 5 0 0 26 20 28 8 49 33 37 48 27 49 19 49 36 39 21 12 13 6 10 30 25 25 13 49 27 40 10 18 42 25 21 49 49 9 1 
49 49 7 3 12 6 27 40 1 1 16 25 49 12 21 10 49 49 46 37 49 40 24 49 46 49 4 49 48 19 42 45 49 49 12 4 4 49 24 3 9 43 43 49 6 49 49 7 49 49 22 17 20 26 5 0 13 20 4 2 12 49 36 13 22 7 49 49 31 4 31 39 49 1 49 49 27 16 49 12 7 6 45 31 24 9 49 49 49 49 4 
18 40 49 49 24 49 49 45 49 49 3 49 49 19 49 16 49 49 49 49 28 16 6 49 42 12 49 49 48 49 10 18 9 9 16 49 19 49 22 40 18 18 49 49 49 10 12 42 12 49 27 10 11 8 18 20 0 2 2 18 40 49 39 49 6 12 19 15 19 33 4 49 24 21 49 49 37 27 49 13 13 18 15 49 10 6 36 49 24 49 27 
49 24 49 49 12 21 49 49 27 31 15 49 27 25 25 12 49 15 10 49 49 3 36 37 49 49 37 18 7 21 49 30 49 22 49 15 49 10 49 16 37 42 49 3 4 7 15 22 49 30 25 32 26 13 22 4 1 0 6 8 49 3 18 49 49 39 49 49 49 33 49 9 33 18 28 46 49 49 36 37 3 39 33 4 19 39 22 49 12 49 6 
3 24 10 9 4 31 49 10 30 22 45 49 46 10 28 31 49 3 49 4 22 19 12 49 49 45 30 40 18 49 6 39 9 49 1 4 21 40 6 18 46 19 31 49 3 3 19 16 49 49 13 23 10 17 30 14 6 27 0 32 43 42 49 49 15 48 31 18 49 16 28 49 49 49 49 49 39 49 49 15 49 49 49 24 49 49 48 49 49 28 13 
24 49 45 22 22 16 12 49 15 21 37 49 34 18 49 3 27 49 28 33 19 49 49 13 49 27 49 24 49 16 4 49 22 46 1 28 49 49 42 7 28 49 49 22 1 34 49 39 10 27 8 1 23 14 4 14 12 12 22 0 45 15 36 16 31 7 34 49 49 6 39 49 9 22 40 49 49 31 46 33 40 49 49 49 31 49 22 36 3 49 49 
9 6 33 49 49 27 6 49 43 43 28 48 49 4 13 42 40 34 45 1 49 49 48 37 18 49 37 40 3 24 9 49 39 25 49 49 49 49 1 49 49 39 1 9 49 13 37 9 46 46 49 49 3 28 49 1 49 28 49 15 0 3 14 12 15 26 14 10 14 6 49 49 22 48 9 1 25 33 49 49 49 49 42 31 42 46 49 49 49 43 16 
39 49 25 49 49 22 21 49 45 12 27 49 49 33 7 33 31 46 49 33 49 49 10 49 22 24 18 21 27 46 49 9 13 49 13 31 49 3 49 22 19 13 49 9 15 13 49 12 49 49 49 25 49 6 49 3 34 9 19 15 25 0 26 32 27 32 30 1 17 28 31 4 31 49 43 25 49 33 39 19 13 39 48 42 40 30 10 4 49 46 28 
49 21 39 49 15 24 4 16 25 10 49 24 25 49 49 31 27 49 49 7 24 49 15 21 6 4 49 9 22 33 24 49 33 49 24 49 40 25 48 49 42 4 49 49 15 49 4 40 49 10 25 7 30 22 49 49 13 46 49 49 26 14 0 6 27 11 28 27 22 10 46 37 33 42 13 49 49 49 12 18 33 36 21 45 49 13 21 4 27 37 46 
49 39 49 46 18 49 49 9 1 22 37 39 49 27 9 9 49 13 49 25 9 37 37 12 46 39 43 40 49 49 4 49 49 49 49 1 49 4 19 49 49 16 19 30 49 27 25 6 49 4 39 15 49 28 45 49 25 49 42 40 32 4 19 0 28 8 0 14 23 26 37 27 28 49 49 4 30 36 28 49 42 49 33 3 22 43 6 49 7 49 49 
49 49 45 25 49 49 49 15 49 49 49 36 37 49 49 49 31 39 49 49 49 6 13 49 48 3 46 39 39 3 21 48 49 16 42 49 6 33 49 3 18 45 49 49 48 49 16 21 37 33 1 16 18 3 48 30 25 1 24 16 26 16 30 16 0 9 31 11 26 19 28 49 36 24 49 45 1 49 49 49 49 37 18 15 37 49 49 42 13 49 1 
46 12 21 12 4 49 49 21 42 49 27 19 49 49 4 49 24 34 49 46 33 30 49 48 49 15 30 42 49 15 49 45 49 37 22 31 7 7 49 49 19 39 49 49 33 7 15 13 49 45 34 43 25 18 4 49 15 28 49 49 14 18 19 22 30 0 17 24 0 17 49 49 1 12 43 25 49 49 49 49 49 49 49 49 36 49 49 27 49 16 39 
49 49 33 49 39 37 49 43 49 28 24 49 12 43 49 49 49 16 49 49 3 49 49 36 39 16 9 18 15 28 12 34 33 10 48 48 16 28 36 15 37 37 49 24 16 34 36 7 43 46 9 15 6 13 49 49 48 27 31 15 23 5 23 28 12 4 0 29 31 12 37 28 49 49 49 28 49 19 12 49 39 16 49 43 3 1 27 49 49 49 18 
49 49 45 49 36 49 7 25 18 43 36 1 43 6 42 10 31 49 33 1 10 49 49 19 46 15 49 40 7 3 42 49 49 45 7 12 22 49 15 4 49 42 25 4 4 6 49 49 7 30 49 31 24 49 49 49 49 34 27 31 17 30 22 11 24 28 10 0 23 5 13 4 30 49 49 31 21 49 10 4 49 49 30 4 12 18 39 6 39 31 37 
49 37 25 49 49 49 43 49 21 15 4 18 18 27 6 49 33 25 30 49 43 49 49 46 16 37 7 13 49 27 46 6 33 33 49 49 49 43 19 49 40 49 49 49 15 49 9 49 49 36 46 49 48 48 49 24 13 18 18 21 18 18 28 4 13 2 18 10 0 25 49 45 13 49 33 49 36 16 37 34 30 34 31 34 3 49 40 45 49 49 49 
30 15 1 49 43 49 27 40 49 25 12 49 30 33 48 49 3 42 34 49 16 9 9 42 49 4 37 49 30 49 31 49 40 49 13 16 28 49 49 13 43 12 49 13 49 27 22 22 16 42 49 49 49 18 7 13 7 30 1 6 32 4 31 30 25 16 22 12 14 0 18 13 34 28 42 25 42 49 21 49 21 49 43 43 46 43 19 49 49 7 49 
49 22 49 40 49 12 30 49 48 43 49 21 6 43 18 31 49 42 28 49 13 34 33 49 22 49 42 10 21 42 43 21 49 49 49 18 31 25 9 24 45 7 19 13 31 49 9 1 49 49 49 27 49 15 21 27 46 43 39 10 49 24 21 9 45 45 49 40 49 30 0 14 10 2 12 20 8 6 32 21 40 6 40 4 37 25 15 49 39 19 49 
10 49 33 49 48 4 49 49 49 25 15 28 49 34 24 46 13 31 42 18 25 49 13 43 43 34 49 4 39 49 30 48 6 43 3 28 4 27 49 49 40 46 25 49 49 31 49 1 49 27 49 39 7 49 6 3 36 49 6 4 27 49 10 12 15 49 10 49 49 12 26 0 6 16 30 6 2 5 10 32 22 49 16 49 3 27 21 49 40 49 43 
49 15 49 6 6 39 24 19 13 27 13 16 49 31 49 24 49 49 27 45 15 49 19 9 49 4 16 25 42 49 36 49 10 49 36 15 7 49 49 19 46 12 13 13 39 49 49 49 18 31 49 15 37 4 4 36 33 18 15 40 45 49 37 46 4 18 48 13 6 28 20 12 0 18 5 4 10 21 7 20 22 49 49 49 46 49 45 49 49 34 49 
24 39 10 30 49 43 37 25 42 31 49 3 30 25 21 49 49 49 49 36 49 25 1 49 49 37 34 34 49 22 49 48 49 48 49 15 42 33 48 9 49 49 27 25 37 6 36 4 31 24 37 22 13 49 28 27 40 36 49 49 49 28 30 49 13 49 4 46 27 6 28 31 4 0 32 21 26 5 6 26 40 16 33 27 49 40 42 49 48 27 28 
3 22 49 49 49 49 49 49 22 25 12 1 48 48 24 7 19 33 49 49 49 45 31 18 49 49 28 27 49 40 45 49 43 49 33 10 49 49 3 18 45 49 43 7 12 49 49 33 39 39 15 49 7 49 33 48 49 49 21 21 31 49 10 49 25 21 4 49 46 4 23 0 20 30 0 29 18 6 12 31 49 4 13 49 30 7 36 21 19 21 39 
49 27 49 43 43 31 45 49 15 49 6 49 49 36 31 42 16 24 49 12 43 6 45 3 6 16 4 49 49 46 49 13 49 49 49 49 49 15 1 49 16 49 22 22 3 49 49 49 16 6 16 49 49 43 22 16 49 27 7 49 49 49 28 43 39 49 27 9 49 18 17 15 32 18 16 0 12 2 7 10 19 49 30 12 49 21 49 49 3 49 49 
49 49 49 1 43 1 49 33 46 49 1 34 7 15 16 28 49 31 49 49 1 16 40 30 27 45 49 49 49 48 49 49 4 49 49 49 19 49 49 9 1 27 6 19 1 49 16 49 49 49 49 10 45 24 24 36 49 19 48 34 24 40 28 49 49 6 10 49 30 13 10 19 3 22 24 28 0 13 16 6 31 49 49 10 7 10 45 49 48 49 12 
39 10 15 10 16 49 33 7 12 4 18 49 19 49 7 49 49 39 49 49 46 49 49 30 49 49 18 49 30 45 22 49 18 46 33 39 16 49 28 39 25 36 27 10 6 10 49 34 36 49 30 10 15 43 49 7 42 49 49 49 49 19 31 15 49 3 45 28 3 49 32 6 4 2 8 2 3 0 8 26 24 49 49 36 40 42 39 25 49 7 49 
43 42 27 31 49 43 34 45 49 49 4 24 13 3 49 6 49 7 49 25 49 43 49 49 37 49 49 13 49 9 49 49 45 49 49 19 36 49 43 36 49 13 24 22 16 33 49 10 49 49 40 49 37 10 9 49 49 49 49 49 4 43 37 49 19 49 49 46 49 49 7 20 2 26 0 9 8 30 0 3 12 49 49 28 49 49 28 7 10 22 31 
45 48 4 49 6 31 36 49 43 43 7 49 27 49 49 7 49 49 49 45 9 49 27 49 33 13 34 49 49 45 49 49 49 10 49 49 49 49 49 16 21 13 49 49 30 27 1 16 9 27 49 40 33 13 49 10 49 30 49 49 49 49 6 48 16 49 46 16 49 49 4 24 10 20 20 18 23 16 4 0 16 49 49 49 37 7 49 49 39 22 15 
6 15 34 46 49 1 21 43 9 49 27 49 49 49 15 49 21 9 49 31 4 49 37 49 49 12 49 12 13 36 34 36 49 31 10 49 33 45 15 49 18 22 40 49 49 7 49 49 43 7 33 30 28 15 49 10 49 49 24 49 25 49 3 49 34 3 30 21 9 22 49 30 3 49 37 49 49 34 40 27 0 6 29 18 6 2 27 18 9 8 45 
24 4 43 10 45 12 18 31 16 36 45 27 9 49 46 49 45 33 37 49 7 6 36 49 16 45 30 49 49 16 34 49 1 45 28 12 19 34 7 10 49 33 34 49 9 31 30 49 10 39 30 7 18 39 24 48 1 49 49 49 6 49 43 49 49 18 36 27 49 49 49 49 15 49 40 12 19 49 49 49 4 0 32 10 19 7 25 4 13 22 12 
49 6 49 10 48 19 49 7 13 7 3 49 27 37 1 33 25 22 18 28 49 49 49 7 25 12 24 49 9 49 48 49 1 25 49 49 34 30 45 18 27 33 49 12 43 49 48 45 22 43 15 21 39 49 4 49 13 31 16 49 40 49 16 40 24 49 49 30 49 7 49 19 13 3 28 46 7 48 4 22 32 12 0 4 32 8 25 15 0 22 3 
49 43 16 49 9 49 3 3 49 15 49 49 1 7 21 49 12 39 42 1 49 40 12 49 49 49 6 49 33 48 49 49 43 27 28 6 27 37 13 49 40 49 10 45 1 49 49 1 18 36 49 31 43 7 33 36 49 49 49 4 3 16 19 49 49 16 39 12 49 30 7 49 15 10 49 49 39 39 45 49 2 21 8 0 11 24 2 1 20 1 34 
28 25 49 33 49 46 6 12 49 24 49 49 4 4 49 6 49 43 49 49 49 21 49 9 49 49 42 3 49 45 33 1 33 4 49 21 33 49 39 10 49 49 30 24 12 4 33 49 37 21 49 43 43 12 30 19 30 49 25 43 33 33 49 22 37 19 49 28 49 43 7 30 45 49 45 49 49 49 45 31 18 8 6 8 0 31 2 21 6 32 6 
49 12 49 49 49 34 49 31 30 49 10 31 34 33 3 10 12 42 25 15 49 49 37 10 49 13 49 49 34 18 49 9 7 18 25 18 43 30 12 49 19 7 30 12 21 31 49 13 1 42 49 49 42 49 49 49 49 28 18 45 18 49 39 49 33 6 49 45 49 49 43 49 34 13 25 49 21 4 6 49 25 15 24 28 9 0 19 12 3 25 28 
49 45 12 27 49 49 4 37 15 15 49 49 18 30 42 46 4 49 27 15 22 27 49 49 15 39 13 49 49 31 1 48 49 49 36 36 13 3 10 49 49 22 36 7 49 49 37 49 30 4 25 46 33 27 13 49 45 7 36 49 39 10 1 19 24 19 43 25 31 42 37 4 49 37 49 42 49 25 10 49 28 18 30 23 14 12 0 20 3 31 49 
18 49 33 40 49 12 36 36 4 21 19 13 33 49 12 9 1 28 34 16 34 46 21 49 49 37 10 16 3 24 49 28 49 49 49 12 7 49 24 7 36 34 40 49 48 24 49 13 48 36 49 7 49 46 46 45 49 49 22 33 16 28 49 24 28 49 49 40 21 49 31 19 24 15 3 3 42 49 39 24 6 22 28 17 10 16 3 0 10 23 34 
12 10 30 19 3 22 49 49 36 45 43 49 49 15 49 34 1 33 16 49 22 49 49 36 49 27 49 49 42 15 49 37 22 10 7 25 49 33 49 24 28 37 49 49 49 49 49 49 15 27 43 18 49 34 24 19 39 49 49 42 27 28 49 25 49 48 15 49 49 34 15 34 19 49 33 36 4 42 49 49 31 27 26 24 10 23 21 8 0 15 22 
33 28 18 1 49 36 31 43 31 28 16 49 34 10 22 49 49 21 15 9 49 40 39 49 33 40 24 6 19 22 24 22 6 30 25 49 12 49 12 49 25 25 49 49 34 49 25 34 1 49 30 49 30 9 49 49 3 49 48 49 46 18 16 49 49 12 49 49 34 16 7 49 49 27 12 34 31 24 18 24 18 12 24 10 22 29 5 31 8 0 49 
49 12 49 24 49 42 31 49 49 22 15 48 49 19 6 7 49 19 27 31 34 4 49 31 49 43 21 49 40 24 6 24 22 33 49 49 3 49 49 49 15 19 1 12 22 34 49 49 42 49 25 19 45 49 49 4 49 19 49 49 3 45 49 19 49 49 24 49 49 46 12 39 6 40 22 49 3 37 49 12 46 49 49 10 49 25 42 49 49 49 0 
